1 0.728125 0.7421875 0.184375 0.140625 
1 0.64609375 0.7484375 0.2640625 0.1875 
1 0.628125 0.79453125 0.26875 0.1890625 
1 0.59453125 0.83359375 0.2484375 0.1828125 
1 0.57265625 0.871875 0.2671875 0.19375 
1 0.52578125 0.92890625 0.2765625 0.1421875 
1 0.50078125 0.94921875 0.2703125 0.1015625 
1 0.44453125 0.99296875 0.2609375 0.0140625 
0 0.0125 0.7734375 0.021875 0.053125 
1 0.04765625 0.65625 0.0921875 0.071875 
1 0.0734375 0.5984375 0.14375 0.071875 
1 0.1953125 0.3203125 0.284375 0.078125 
1 0.2390625 0.265625 0.271875 0.06875 
1 0.29296875 0.12890625 0.2890625 0.0859375 
1 0.4421875 0.0171875 0.19375 0.03125 
1 0.81796875 0.51640625 0.2609375 0.1796875 
1 0.8421875 0.478125 0.271875 0.184375 
1 0.86640625 0.4359375 0.2546875 0.184375 
1 0.88671875 0.3953125 0.2265625 0.18125 
1 0.93671875 0.3875 0.1265625 0.134375 
1 0.93984375 0.33515625 0.1203125 0.1421875 
1 0.9328125 0.29375 0.134375 0.19375 
1 0.93671875 0.23515625 0.1265625 0.1921875 
1 0.97265625 0.2 0.0546875 0.134375 
1 0.9921875 0.14140625 0.015625 0.1796875 
1 0.08359375 0.54140625 0.1640625 0.0734375 
1 0.12265625 0.478125 0.2421875 0.078125 
1 0.82421875 0.58203125 0.1859375 0.1421875 
1 0.80546875 0.62578125 0.1828125 0.1421875 
0 0.69609375 0.60625 0.0609375 0.053125 
0 0.35078125 0.19765625 0.0671875 0.0390625 
1 0.703125 0.66953125 0.265625 0.1796875 
