1 0.07578125 0.4359375 0.1484375 0.184375 
1 0.090625 0.3953125 0.178125 0.18125 
1 0.11953125 0.3875 0.1796875 0.134375 
1 0.128125 0.33515625 0.184375 0.1421875 
1 0.14921875 0.29375 0.2546875 0.19375 
1 0.15859375 0.23515625 0.2578125 0.1921875 
1 0.1921875 0.2 0.18125 0.134375 
1 0.25390625 0.18125 0.1765625 0.134375 
1 0.26953125 0.14140625 0.2578125 0.1796875 
1 0.32578125 0.08203125 0.2703125 0.1609375 
1 0.32265625 0.04921875 0.2546875 0.0953125 
1 0.36953125 0.03359375 0.2640625 0.0640625 
1 0.409375 0.009375 0.259375 0.015625 
1 0.0375 0.58203125 0.071875 0.1421875 
1 0.02734375 0.62578125 0.0515625 0.1421875 
1 0.984375 0.98046875 0.03125 0.0390625 
1 0.6 0.74296875 0.2625 0.1828125 
1 0.58125 0.84609375 0.175 0.1390625 
1 0.57578125 0.8953125 0.1984375 0.14375 
1 0.50859375 0.90703125 0.2671875 0.1859375 
1 0.49140625 0.97265625 0.2015625 0.0546875 
1 0.62734375 0.8203125 0.1890625 0.140625 
1 0.715625 0.6984375 0.190625 0.140625 
1 0.790625 0.634375 0.1875 0.14375 
1 0.97265625 0.065625 0.0546875 0.128125 
1 0.9921875 0.13359375 0.015625 0.1390625 
1 0.978125 0.178125 0.04375 0.146875 
1 0.95859375 0.20703125 0.0828125 0.1359375 
1 0.94921875 0.2578125 0.1015625 0.140625 
1 0.934375 0.29453125 0.13125 0.1390625 
1 0.88671875 0.3109375 0.2265625 0.184375 
1 0.9140625 0.37890625 0.171875 0.1390625 
1 0.89140625 0.4203125 0.1953125 0.14375 
0 0.7375 0.37109375 0.084375 0.0703125 
1 0.82109375 0.4890625 0.2734375 0.19375 
1 0.75703125 0.5015625 0.2890625 0.203125 
1 0.796875 0.58203125 0.1875 0.1390625 
