1 0.734375 0.4765625 0.18125 0.134375 
1 0.8296875 0.3390625 0.190625 0.13125 
1 0.93828125 0.11015625 0.1234375 0.1296875 
1 0.97421875 0.046875 0.0515625 0.090625 
1 0.97578125 0.025 0.0484375 0.046875 
1 0.35234375 0.00625 0.1828125 0.009375 
1 0.34375 0.03125 0.2 0.059375 
1 0.321875 0.05234375 0.18125 0.1015625 
1 0.25703125 0.06328125 0.1890625 0.1234375 
1 0.24453125 0.10234375 0.1859375 0.1359375 
1 0.19765625 0.1875 0.2015625 0.14375 
1 0.1734375 0.225 0.203125 0.15 
1 0.2203125 0.31484375 0.115625 0.0921875 
1 0.1125 0.2484375 0.11875 0.096875 
