0 0.93828125 0.97578125 0.0296875 0.0140625 
0 0.94140625 0.83125 0.0328125 0.015625 
0 0.94296875 0.8625 0.0296875 0.015625 
0 0.94296875 0.87890625 0.0296875 0.0140625 
0 0.94140625 0.925 0.0328125 0.015625 
0 0.9421875 0.940625 0.03125 0.015625 
0 0.9421875 0.95703125 0.03125 0.0140625 
0 0.015625 0.08515625 0.028125 0.0140625 
0 0.4546875 0.78203125 0.034375 0.0140625 
0 0.453125 0.69453125 0.034375 0.0171875 
0 0.453125 0.675 0.025 0.0125 
0 0.45390625 0.8 0.0328125 0.015625 
0 0.49609375 0.815625 0.0296875 0.021875 
0 0.46640625 0.37890625 0.0328125 0.0171875 
0 0.46953125 0.25390625 0.0359375 0.0171875 
