1 0.21171875 0.0765625 0.0203125 0.0375 
0 0.35703125 0.1890625 0.0140625 0.028125 
0 0.34921875 0.15234375 0.0140625 0.0296875 
0 0.37109375 0.15546875 0.0140625 0.0296875 
0 0.14765625 0.184375 0.0171875 0.040625 
0 0.084375 0.14296875 0.015625 0.0328125 
1 0.06875 0.178125 0.015625 0.04375 
0 0.034375 0.1765625 0.015625 0.028125 
0 0.28828125 0.190625 0.0140625 0.034375 
0 0.19296875 0.18515625 0.0171875 0.0328125 
0 0.05546875 0.034375 0.0140625 0.03125 
0 0.26875 0.26796875 0.0125 0.0296875 
0 0.3328125 0.2765625 0.015625 0.03125 
0 0.28671875 0.2984375 0.0171875 0.034375 
0 0.221875 0.26171875 0.015625 0.0328125 
0 0.20546875 0.26328125 0.0140625 0.0296875 
0 0.12578125 0.26640625 0.0140625 0.0296875 
0 0.10859375 0.26171875 0.0140625 0.0296875 
0 0.09609375 0.26015625 0.0140625 0.0296875 
0 0.0796875 0.2609375 0.0125 0.034375 
0 0.09453125 0.2921875 0.0140625 0.03125 
0 0.03828125 0.0328125 0.0140625 0.028125 
0 0.07109375 0.03515625 0.0140625 0.0328125 
0 0.0625 0.290625 0.0125 0.028125 
0 0.4515625 0.0484375 0.0125 0.028125 
0 0.1015625 0.0375 0.015625 0.0375 
1 0.51796875 0.0546875 0.0171875 0.028125 
0 0.48203125 0.08203125 0.0140625 0.0296875 
0 0.27578125 0.07734375 0.0140625 0.0296875 
0 0.2609375 0.04453125 0.0125 0.0390625 
0 0.21484375 0.040625 0.0171875 0.03125 
0 0.1984375 0.0421875 0.015625 0.03125 
0 0.16640625 0.04296875 0.0140625 0.0296875 
0 0.15078125 0.04296875 0.0171875 0.0296875 
0 0.134375 0.03515625 0.015625 0.0359375 
0 0.11875 0.0375 0.0125 0.03125 
0 0.078125 0.29453125 0.0125 0.0296875 
0 0.125 0.29609375 0.0125 0.0265625 
0 0.23671875 0.26484375 0.0171875 0.0328125 
0 0.03203125 0.2921875 0.0171875 0.03125 
0 0.0296875 0.25859375 0.0125 0.0265625 
0 0.3171875 0.271875 0.015625 0.034375 
1 0.3484375 0.27265625 0.015625 0.0453125 
0 0.1734375 0.29765625 0.015625 0.0390625 
0 0.10234375 0.1796875 0.0140625 0.028125 
0 0.30078125 0.26640625 0.0140625 0.0328125 
0 0.26953125 0.30234375 0.0140625 0.0328125 
0 0.2375 0.29609375 0.0125 0.0296875 
0 0.221875 0.29765625 0.0125 0.0296875 
0 0.20546875 0.29921875 0.0140625 0.0296875 
0 0.190625 0.2640625 0.015625 0.03125 
0 0.17421875 0.2609375 0.0140625 0.028125 
0 0.1578125 0.26328125 0.015625 0.0359375 
0 0.14375 0.2625 0.0125 0.028125 
0 0.1578125 0.2953125 0.015625 0.03125 
0 0.10078125 0.146875 0.0109375 0.03125 
0 0.11015625 0.29609375 0.0140625 0.0296875 
0 0.046875 0.29296875 0.0125 0.0296875 
0 0.046875 0.2625 0.0125 0.03125 
0 0.0515625 0.178125 0.0125 0.028125 
0 0.13125 0.18671875 0.0125 0.0328125 
0 0.10390625 0.07265625 0.0140625 0.0296875 
0 0.24609375 0.078125 0.0140625 0.03125 
0 0.23125 0.078125 0.015625 0.03125 
0 0.07109375 0.06953125 0.0140625 0.0265625 
0 0.18046875 0.18828125 0.0140625 0.0328125 
0 0.0546875 0.06796875 0.015625 0.0296875 
0 0.15 0.0734375 0.0125 0.028125 
0 0.11875 0.07265625 0.0125 0.0296875 
0 0.08671875 0.06953125 0.0109375 0.0328125 
0 0.08828125 0.0390625 0.0140625 0.028125 
0 0.371875 0.04765625 0.015625 0.0421875 
0 0.2296875 0.04140625 0.015625 0.0390625 
0 0.13359375 0.071875 0.0140625 0.028125 
0 0.3046875 0.18671875 0.0125 0.0296875 
0 0.22578125 0.18984375 0.0171875 0.0296875 
