0 0.20234375 0.87578125 0.0296875 0.0171875 
0 0.2328125 0.92578125 0.03125 0.0171875 
0 0.23046875 0.9421875 0.0328125 0.015625 
0 0.23359375 0.9734375 0.0328125 0.015625 
0 0.31171875 0.94453125 0.0296875 0.0140625 
0 0.51640625 0.90546875 0.0265625 0.0234375 
0 0.48515625 0.8265625 0.0265625 0.021875 
0 0.5578125 0.95234375 0.028125 0.0296875 
0 0.6875 0.92109375 0.0375 0.0171875 
0 0.68203125 0.9890625 0.0359375 0.01875 
0 0.6859375 0.97265625 0.025 0.0140625 
0 0.57734375 0.9765625 0.0296875 0.028125 
0 0.5 0.87734375 0.034375 0.0265625 
0 0.2359375 0.8765625 0.03125 0.015625 
0 0.315625 0.87734375 0.028125 0.0171875 
0 0.2359375 0.89375 0.03125 0.0125 
0 0.23125 0.909375 0.028125 0.0125 
0 0.1984375 0.90703125 0.028125 0.0140625 
0 0.3109375 0.89453125 0.028125 0.0140625 
0 0.31171875 0.91015625 0.0359375 0.0203125 
0 0.3125 0.9265625 0.028125 0.015625 
0 0.50859375 0.88828125 0.0328125 0.0265625 
0 0.58828125 0.81171875 0.0296875 0.0140625 
0 0.2 0.925 0.03125 0.015625 
0 0.478125 0.79609375 0.03125 0.0203125 
0 0.37578125 0.55078125 0.0140625 0.0359375 
0 0.35 0.58671875 0.015625 0.0390625 
0 0.3765625 0.45703125 0.015625 0.0328125 
0 0.56015625 0.66015625 0.0296875 0.0171875 
0 0.715625 0.66171875 0.034375 0.0171875 
0 0.47890625 0.76171875 0.0328125 0.0171875 
0 0.47578125 0.778125 0.0296875 0.015625 
1 0.36953125 0.70390625 0.0171875 0.0796875 
0 0.19921875 0.9390625 0.0296875 0.015625 
0 0.23203125 0.95625 0.0296875 0.015625 
0 0.196875 0.9734375 0.0375 0.015625 
0 0.3140625 0.96015625 0.03125 0.0171875 
0 0.31015625 0.97421875 0.0390625 0.0171875 
0 0.3125 0.99140625 0.034375 0.0171875 
0 0.34296875 0.9953125 0.0359375 0.009375 
0 0.05 0.9859375 0.0125 0.028125 
0 0.0984375 0.93046875 0.03125 0.0171875 
0 0.10234375 0.95 0.0296875 0.015625 
