0 0.11484375 0.075 0.0328125 0.0125 
0 0.11328125 0.090625 0.0296875 0.0125 
0 0.11171875 0.17109375 0.0296875 0.0140625 
0 0.1109375 0.29609375 0.025 0.0140625 
0 0.10859375 0.3421875 0.0234375 0.0125 
0 0.11171875 0.35703125 0.0296875 0.0140625 
0 0.11171875 0.39140625 0.0296875 0.0171875 
0 0.115625 0.4078125 0.034375 0.015625 
0 0.1125 0.4421875 0.03125 0.015625 
0 0.1953125 0.0921875 0.03125 0.0125 
0 0.28046875 0.9046875 0.0265625 0.028125 
0 0.19140625 0.10625 0.0296875 0.0125 
0 0.19375 0.1234375 0.028125 0.015625 
0 0.19296875 0.1546875 0.0328125 0.0125 
0 0.19296875 0.25078125 0.0296875 0.0140625 
0 0.1890625 0.28203125 0.034375 0.0171875 
0 0.18984375 0.29765625 0.0296875 0.0171875 
0 0.1921875 0.3265625 0.03125 0.015625 
0 0.19296875 0.34296875 0.0296875 0.0171875 
0 0.19140625 0.3609375 0.0265625 0.015625 
0 0.19296875 0.3765625 0.0265625 0.015625 
0 0.32734375 0.9296875 0.0265625 0.034375 
0 0.203125 0.83984375 0.021875 0.0265625 
0 0.18984375 0.4453125 0.0328125 0.015625 
0 0.13125 0.5546875 0.028125 0.015625 
0 0.26015625 0.6765625 0.0296875 0.021875 
0 0.26484375 0.6921875 0.0328125 0.028125 
0 0.30625 0.740625 0.034375 0.034375 
0 0.20546875 0.73359375 0.0328125 0.0265625 
0 0.19453125 0.7203125 0.0328125 0.03125 
0 0.18515625 0.70546875 0.0296875 0.0265625 
0 0.1765625 0.69296875 0.028125 0.0234375 
0 0.17265625 0.6796875 0.0296875 0.021875 
0 0.1484375 0.61640625 0.028125 0.0203125 
0 0.140625 0.60234375 0.03125 0.0203125 
0 0.1609375 0.72109375 0.025 0.0234375 
0 0.2171875 0.8484375 0.025 0.028125 
0 0.15 0.71328125 0.03125 0.0328125 
0 0.1375 0.7 0.028125 0.028125 
0 0.1265625 0.6890625 0.028125 0.028125 
0 0.10078125 0.66875 0.0265625 0.025 
0 0.05078125 0.73828125 0.0296875 0.0296875 
0 0.065625 0.74609375 0.028125 0.0296875 
0 0.07890625 0.75859375 0.0265625 0.0296875 
0 0.1578125 0.81484375 0.028125 0.0359375 
0 0.171875 0.8234375 0.021875 0.028125 
0 0.19140625 0.38984375 0.0328125 0.0171875 
0 0.190625 0.459375 0.03125 0.0125 
0 0.24296875 0.646875 0.0234375 0.021875 
0 0.90234375 0.959375 0.0140625 0.03125 
0 0.31015625 0.928125 0.0234375 0.03125 
0 0.6796875 0.87890625 0.015625 0.0296875 
0 0.69765625 0.8765625 0.0171875 0.03125 
0 0.71328125 0.875 0.0140625 0.028125 
0 0.8078125 0.8796875 0.0125 0.03125 
0 0.934375 0.878125 0.015625 0.0375 
0 0.98125 0.88125 0.015625 0.0375 
0 0.9953125 0.9578125 0.009375 0.03125 
0 0.94765625 0.9625 0.0140625 0.034375 
0 0.87109375 0.95625 0.0140625 0.028125 
0 0.27109375 0.89375 0.0328125 0.034375 
0 0.8390625 0.953125 0.0125 0.028125 
0 0.8234375 0.95546875 0.0125 0.0265625 
0 0.80859375 0.9578125 0.0140625 0.028125 
0 0.79296875 0.9578125 0.0140625 0.03125 
0 0.9953125 0.88203125 0.009375 0.0296875 
0 0.965625 0.88125 0.015625 0.03125 
0 0.95078125 0.88046875 0.0140625 0.0265625 
0 0.91796875 0.8765625 0.0109375 0.028125 
0 0.903125 0.88046875 0.015625 0.0328125 
0 0.290625 0.91953125 0.021875 0.0265625 
0 0.25859375 0.88359375 0.0296875 0.0359375 
0 0.1203125 0.51015625 0.0375 0.0171875 
0 0.16484375 0.665625 0.0296875 0.025 
0 0.12734375 0.5375 0.0359375 0.021875 
0 0.19453125 0.478125 0.0265625 0.01875 
0 0.18828125 0.49453125 0.0359375 0.0171875 
0 0.1921875 0.18671875 0.028125 0.0140625 
0 0.19296875 0.20234375 0.0265625 0.0109375 
0 0.1328125 0.57109375 0.040625 0.0234375 
0 0.13984375 0.5875 0.0328125 0.01875 
0 0.15 0.63359375 0.028125 0.0203125 
0 0.1140625 0.47578125 0.0375 0.0203125 
0 0.15859375 0.6484375 0.0390625 0.03125 
0 0.2765625 0.7046875 0.028125 0.028125 
0 0.24609375 0.871875 0.0265625 0.028125 
0 0.2890625 0.715625 0.028125 0.03125 
0 0.2984375 0.72578125 0.025 0.0265625 
0 0.028125 0.7078125 0.028125 0.028125 
0 0.0390625 0.7234375 0.040625 0.034375 
0 0.0859375 0.77734375 0.028125 0.0296875 
0 0.10234375 0.78125 0.0296875 0.034375 
0 0.11328125 0.79140625 0.0296875 0.0296875 
0 0.1296875 0.8 0.028125 0.03125 
0 0.18828125 0.83359375 0.0234375 0.0328125 
0 0.23515625 0.859375 0.0296875 0.028125 
0 0.25234375 0.66171875 0.0296875 0.0265625 
0 0.2359375 0.63359375 0.028125 0.0234375 
0 0.87109375 0.88046875 0.0140625 0.0328125 
1 0.58671875 0.7734375 0.1046875 0.046875 
0 0.22890625 0.61953125 0.0296875 0.0203125 
0 0.1921875 0.0609375 0.034375 0.015625 
0 0.11484375 0.2171875 0.0265625 0.0125 
0 0.11171875 0.18671875 0.0234375 0.0140625 
0 0.11328125 0.26328125 0.0328125 0.0171875 
0 0.11171875 0.28046875 0.0328125 0.0140625 
0 0.11484375 0.3109375 0.0359375 0.015625 
0 0.10859375 0.328125 0.0265625 0.015625 
0 0.1125 0.375 0.03125 0.015625 
0 0.109375 0.421875 0.025 0.0125 
0 0.190625 0.23203125 0.034375 0.0140625 
0 0.19453125 0.21796875 0.0265625 0.0109375 
0 0.1921875 0.265625 0.028125 0.015625 
0 0.11171875 0.24765625 0.0296875 0.0140625 
0 0.190625 0.3140625 0.028125 0.015625 
0 0.1859375 0.40859375 0.028125 0.0171875 
0 0.19140625 0.4234375 0.0328125 0.015625 
0 0.19609375 0.50859375 0.0296875 0.0203125 
0 0.19765625 0.52578125 0.0296875 0.0203125 
0 0.20234375 0.53984375 0.0328125 0.0171875 
0 0.2109375 0.575 0.021875 0.015625 
0 0.20625 0.56015625 0.03125 0.0203125 
0 0.1171875 0.4921875 0.028125 0.015625 
0 0.22265625 0.60390625 0.0296875 0.0234375 
0 0.1109375 0.23125 0.028125 0.0125 
0 0.1125 0.2015625 0.03125 0.015625 
0 0.02421875 0.08671875 0.0140625 0.0390625 
0 0.009375 0.08828125 0.0125 0.0296875 
0 0.190625 0.17109375 0.03125 0.0140625 
0 0.02421875 0.12265625 0.0140625 0.0265625 
0 0.0421875 0.08984375 0.0125 0.0296875 
0 0.115625 0.12265625 0.034375 0.0171875 
0 0.1203125 0.13828125 0.03125 0.0109375 
0 0.1125 0.1515625 0.03125 0.0125 
0 0.1953125 0.07578125 0.025 0.0109375 
0 0.19140625 0.13828125 0.0296875 0.0140625 
0 0.8890625 0.87890625 0.0125 0.0296875 
0 0.8546875 0.878125 0.0125 0.028125 
0 0.840625 0.8765625 0.015625 0.0375 
0 0.8234375 0.87890625 0.0125 0.0296875 
0 0.79453125 0.878125 0.0140625 0.03125 
0 0.778125 0.878125 0.0125 0.03125 
0 0.76171875 0.8765625 0.0140625 0.03125 
0 0.74765625 0.87734375 0.0140625 0.0296875 
0 0.7296875 0.8765625 0.0125 0.03125 
0 0.98203125 0.96328125 0.0140625 0.0296875 
0 0.8875 0.95703125 0.015625 0.0328125 
0 0.91875 0.95703125 0.0125 0.0328125 
0 0.85390625 0.953125 0.0140625 0.03125 
0 0.7765625 0.95859375 0.0125 0.0296875 
0 0.7609375 0.95859375 0.0125 0.0296875 
0 0.7453125 0.95859375 0.0125 0.0328125 
0 0.7296875 0.959375 0.0125 0.03125 
0 0.71484375 0.9578125 0.0171875 0.03125 
0 0.6953125 0.95625 0.0125 0.03125 
0 0.66171875 0.9515625 0.0171875 0.034375 
0 0.5921875 0.928125 0.0375 0.015625 
