0 0.709375 0.74453125 0.059375 0.0640625 
0 0.184375 0.85234375 0.0625 0.0703125 
0 0.25078125 0.91953125 0.0609375 0.0609375 
0 0.57421875 0.98515625 0.0609375 0.0296875 
0 0.34609375 0.990625 0.0484375 0.01875 
0 0.525 0.95703125 0.059375 0.0609375 
0 0.63125 0.94609375 0.06875 0.0703125 
0 0.3 0.959375 0.06875 0.06875 
0 0.3671875 0.9953125 0.065625 0.009375 
0 0.5453125 0.97421875 0.0625 0.0515625 
0 0.5046875 0.93125 0.059375 0.059375 
0 0.68984375 0.81015625 0.0640625 0.0640625 
0 0.825 0.828125 0.053125 0.05625 
0 0.75859375 0.78671875 0.0671875 0.0703125 
0 0.3578125 0.70703125 0.0625 0.0703125 
0 0.265625 0.71015625 0.05625 0.0640625 
0 0.9625 0.34609375 0.06875 0.0546875 
0 0.97890625 0.3734375 0.0421875 0.053125 
0 0.9875 0.97265625 0.025 0.0546875 
0 0.99140625 0.3984375 0.0171875 0.065625 
0 0.984375 0.659375 0.03125 0.0625 
0 0.9046875 0.6765625 0.075 0.078125 
0 0.84921875 0.51953125 0.0765625 0.0734375 
0 0.76796875 0.453125 0.0671875 0.06875 
0 0.74453125 0.42578125 0.0703125 0.0734375 
0 0.70234375 0.371875 0.0703125 0.08125 
0 0.66640625 0.3578125 0.0515625 0.05625 
0 0.6390625 0.33203125 0.059375 0.0671875 
0 0.20390625 0.340625 0.0640625 0.06875 
0 0.1765625 0.325 0.065625 0.065625 
0 0.3625 0.41171875 0.0625 0.0671875 
0 0.3203125 0.36171875 0.065625 0.0703125 
0 0.29296875 0.3421875 0.0578125 0.065625 
0 0.15078125 0.30234375 0.0609375 0.0640625 
0 0.2 0.25234375 0.0625 0.0640625 
0 0.17265625 0.23359375 0.0578125 0.0578125 
0 0.1484375 0.2046875 0.05625 0.0625 
0 0.13203125 0.4875 0.0453125 0.071875 
0 0.134375 0.1796875 0.03125 0.05 
