0 0.94765625 0.15 0.0546875 0.028125 
0 0.946875 0.18515625 0.053125 0.0265625 
0 0.94375 0.22109375 0.05625 0.0265625 
0 0.95 0.28984375 0.040625 0.0265625 
0 0.94296875 0.32890625 0.0546875 0.0328125 
0 0.9484375 0.3671875 0.040625 0.021875 
0 0.94140625 0.40390625 0.0515625 0.0296875 
0 0.94140625 0.47578125 0.0453125 0.0265625 
0 0.9421875 0.50625 0.04375 0.028125 
0 0.9390625 0.5375 0.046875 0.03125 
0 0.9375 0.571875 0.05 0.03125 
0 0.9390625 0.60703125 0.04375 0.0328125 
0 0.9390625 0.6375 0.04375 0.025 
0 0.93984375 0.6734375 0.0421875 0.028125 
0 0.9359375 0.7078125 0.046875 0.034375 
0 0.94296875 0.821875 0.0265625 0.025 
0 0.934375 0.85625 0.0375 0.025 
