0 0.3625 0.00859375 0.015625 0.0140625 
0 0.34609375 0.0078125 0.0140625 0.0125 
0 0.446875 0.01015625 0.0125 0.0171875 
1 0.3265625 0.0078125 0.0125 0.0125 
1 0.0296875 0.00625 0.0125 0.009375 
1 0.0125 0.00859375 0.0125 0.0140625 
0 0.6578125 0.009375 0.0125 0.015625 
0 0.67421875 0.00859375 0.0109375 0.0140625 
1 0.30390625 0.00625 0.0140625 0.009375 
1 0.85546875 0.04609375 0.0265625 0.0171875 
0 0.309375 0.46640625 0.015625 0.0328125 
0 0.74765625 0.4796875 0.0140625 0.03125 
0 0.671875 0.4828125 0.0125 0.03125 
0 0.65390625 0.478125 0.0140625 0.028125 
0 0.21484375 0.465625 0.0140625 0.034375 
0 0.19921875 0.46328125 0.0140625 0.0359375 
