0 0.94296875 0.03515625 0.0296875 0.0140625 
0 0.94140625 0.08125 0.0328125 0.015625 
0 0.9421875 0.096875 0.03125 0.015625 
0 0.9421875 0.11328125 0.03125 0.0140625 
1 0.78046875 0.36328125 0.0140625 0.0328125 
0 0.76328125 0.36015625 0.0109375 0.0265625 
0 0.6671875 0.3609375 0.0125 0.03125 
0 0.63671875 0.36328125 0.0140625 0.0328125 
0 0.71640625 0.3625 0.0109375 0.03125 
0 0.7 0.36328125 0.015625 0.0328125 
0 0.68515625 0.36328125 0.0140625 0.0328125 
0 0.60546875 0.3625 0.0140625 0.034375 
0 0.4890625 0.36015625 0.03125 0.0171875 
0 0.44296875 0.25078125 0.0296875 0.0140625 
