0 0.0953125 0.6515625 0.034375 0.03125 
0 0.34921875 0.56328125 0.0328125 0.0328125 
0 0.33984375 0.5765625 0.0359375 0.03125 
0 0.05703125 0.64296875 0.0328125 0.0265625 
0 0.0234375 0.55234375 0.028125 0.0203125 
0 0.05546875 0.49921875 0.0328125 0.0265625 
0 0.06328125 0.4875 0.0296875 0.025 
0 0.071875 0.475 0.03125 0.025 
0 0.0765625 0.46015625 0.03125 0.0234375 
0 0.08359375 0.44765625 0.0328125 0.0265625 
0 0.05078125 0.43671875 0.0359375 0.0265625 
0 0.08046875 0.38359375 0.0359375 0.0265625 
0 0.02890625 0.32578125 0.0265625 0.0234375 
0 0.01484375 0.353125 0.0296875 0.025 
0 0.01015625 0.36796875 0.0171875 0.0265625 
0 0.00703125 0.3796875 0.0109375 0.025 
0 0.0625 0.62578125 0.03125 0.0265625 
0 0.25234375 0.725 0.0359375 0.028125 
0 0.19765625 0.6140625 0.0296875 0.028125 
0 0.11640625 0.540625 0.0328125 0.025 
0 0.10703125 0.40859375 0.0328125 0.0234375 
0 0.01328125 0.50859375 0.0234375 0.0328125 
0 0.01171875 0.578125 0.0203125 0.025 
0 0.01875 0.56328125 0.0375 0.0359375 
0 0.03125 0.53828125 0.03125 0.0296875 
0 0.04296875 0.521875 0.0265625 0.025 
0 0.05 0.51015625 0.028125 0.0234375 
0 0.09609375 0.4375 0.0328125 0.028125 
0 0.10234375 0.42109375 0.0328125 0.0265625 
0 0.12421875 0.38203125 0.0328125 0.0296875 
0 0.19296875 0.62890625 0.0296875 0.0234375 
0 0.11796875 0.39453125 0.0390625 0.0328125 
0 0.0578125 0.42265625 0.0375 0.0328125 
0 0.00625 0.32109375 0.009375 0.0296875 
0 0.16875 0.66484375 0.0375 0.0328125 
0 0.203125 0.6796875 0.03125 0.03125 
0 0.178125 0.71953125 0.03125 0.0265625 
0 0.16328125 0.74296875 0.0296875 0.0265625 
0 0.15 0.76953125 0.03125 0.0296875 
0 0.11796875 0.75703125 0.0296875 0.0265625 
0 0.103125 0.78046875 0.028125 0.0265625 
0 0.09765625 0.79453125 0.0328125 0.0296875 
0 0.0734375 0.8171875 0.040625 0.034375 
0 0.18671875 0.8390625 0.0296875 0.025 
0 0.2 0.815625 0.03125 0.028125 
0 0.14453125 0.86953125 0.0265625 0.0359375 
0 0.1046875 0.85 0.028125 0.0375 
0 0.18046875 0.42265625 0.0265625 0.0265625 
0 0.1765625 0.4375 0.03125 0.028125 
0 0.14296875 0.48671875 0.0296875 0.0265625 
0 0.1359375 0.4984375 0.034375 0.028125 
0 0.12734375 0.51171875 0.0265625 0.0234375 
0 0.10546875 0.54921875 0.0359375 0.0328125 
0 0.0984375 0.56484375 0.03125 0.0265625 
0 0.084375 0.5890625 0.028125 0.028125 
0 0.08046875 0.60078125 0.0296875 0.0234375 
0 0.071875 0.6125 0.028125 0.025 
0 0.01484375 0.715625 0.0265625 0.03125 
0 0.0109375 0.72890625 0.01875 0.0328125 
0 0.00546875 0.75 0.0078125 0.03125 
0 0.0921875 0.57578125 0.028125 0.0234375 
0 0.1671875 0.525 0.034375 0.028125 
0 0.14375 0.7828125 0.028125 0.021875 
0 0.36484375 0.33671875 0.0328125 0.0265625 
0 0.3609375 0.725 0.03125 0.034375 
1 0.271875 0.825 0.03125 0.040625 
1 0.640625 0.2765625 0.03125 0.040625 
1 0.8921875 0.0984375 0.03125 0.04375 
0 0.9421875 0.00859375 0.021875 0.0140625 
0 0.15078125 0.4765625 0.0359375 0.03125 
0 0.259375 0.58125 0.034375 0.028125 
0 0.296875 0.65234375 0.034375 0.0296875 
0 0.275 0.69453125 0.034375 0.0296875 
0 0.034375 0.7546875 0.03125 0.028125 
0 0.08828125 0.66875 0.0328125 0.025 
0 0.14921875 0.56484375 0.0390625 0.0296875 
0 0.16875 0.4515625 0.03125 0.028125 
0 0.15859375 0.46171875 0.0359375 0.0296875 
0 0.21171875 0.16171875 0.0328125 0.0265625 
0 0.26953125 0.271875 0.0296875 0.028125 
0 0.240625 0.321875 0.03125 0.03125 
0 0.225 0.3515625 0.03125 0.028125 
0 0.23671875 0.1875 0.0296875 0.03125 
0 0.2296875 0.2015625 0.03125 0.028125 
0 0.2046875 0.2390625 0.034375 0.025 
0 0.1859375 0.278125 0.03125 0.028125 
0 0.1765625 0.29296875 0.028125 0.0296875 
0 0.15390625 0.328125 0.0328125 0.03125 
0 0.1484375 0.34296875 0.03125 0.0296875 
0 0.14140625 0.35703125 0.0359375 0.0328125 
0 0.19140625 0.18828125 0.0328125 0.0265625 
0 0.2015625 0.17421875 0.03125 0.0234375 
0 0.2 0.03984375 0.03125 0.0296875 
0 0.29609375 0.078125 0.0265625 0.025 
0 0.18515625 0.0640625 0.0328125 0.028125 
0 0.1765625 0.078125 0.03125 0.025 
0 0.009375 0.30078125 0.015625 0.0328125 
0 0.1171875 0.18046875 0.03125 0.0265625 
0 0.1078125 0.19921875 0.0375 0.0328125 
0 0.12109375 0.3171875 0.0296875 0.028125 
0 0.115625 0.328125 0.03125 0.028125 
0 0.04296875 0.30859375 0.0328125 0.0265625 
0 0.03046875 0.259375 0.0328125 0.028125 
0 0.05 0.22109375 0.034375 0.0265625 
0 0.065625 0.19453125 0.03125 0.0296875 
0 0.0953125 0.146875 0.03125 0.025 
0 0.22578125 0.13046875 0.0328125 0.0296875 
0 0.27890625 0.259375 0.0296875 0.025 
0 0.2859375 0.24453125 0.0375 0.0328125 
0 0.321875 0.17890625 0.03125 0.0265625 
0 0.33125 0.16640625 0.028125 0.0265625 
0 0.4609375 0.375 0.03125 0.025 
0 0.45234375 0.38984375 0.0296875 0.0234375 
0 0.4328125 0.4140625 0.0375 0.03125 
0 0.428125 0.42734375 0.034375 0.0265625 
0 0.3390625 0.440625 0.03125 0.025 
0 0.28515625 0.4625 0.0328125 0.028125 
0 0.22734375 0.42421875 0.0265625 0.0265625 
0 0.23515625 0.41171875 0.0296875 0.0265625 
0 0.32578125 0.2640625 0.0296875 0.025 
0 0.40625 0.32734375 0.028125 0.0234375 
0 0.4140625 0.2484375 0.028125 0.021875 
0 0.50703125 0.153125 0.0296875 0.028125 
0 0.55703125 0.0125 0.0296875 0.021875 
0 0.54609375 0.090625 0.0359375 0.03125 
0 0.65859375 0.03359375 0.0328125 0.0265625 
0 0.4015625 0.04765625 0.040625 0.0328125 
0 0.39375 0.06484375 0.034375 0.0328125 
0 0.3609375 0.11484375 0.028125 0.0234375 
0 0.35859375 0.1296875 0.0265625 0.021875 
0 0.3484375 0.13984375 0.028125 0.0265625 
0 0.3390625 0.1515625 0.034375 0.03125 
0 0.23515625 0.11796875 0.0296875 0.0265625 
0 0.29453125 0.09375 0.0359375 0.028125 
0 0.49921875 0.3046875 0.0328125 0.025 
0 0.08671875 0.01484375 0.0359375 0.0265625 
0 0.05859375 0.06484375 0.0328125 0.0265625 
0 0.06953125 0.05234375 0.0359375 0.0296875 
0 0.02265625 0.0609375 0.0296875 0.028125 
0 0.01796875 0.075 0.0265625 0.025 
0 0.0109375 0.0828125 0.01875 0.03125 
0 0.02265625 0.12734375 0.0296875 0.0265625 
0 0.215625 0.01484375 0.034375 0.0296875 
0 0.221875 0.0078125 0.03125 0.0125 
0 0.26484375 0.06484375 0.0359375 0.0328125 
0 0.28984375 0.03203125 0.0296875 0.0265625 
0 0.303125 0.0109375 0.028125 0.01875 
0 0.3421875 0.00859375 0.03125 0.0140625 
0 0.18125 0.00546875 0.03125 0.0078125 
0 0.4671875 0.36171875 0.03125 0.0234375 
0 0.515625 0.28203125 0.034375 0.0296875 
0 0.41328125 0.02265625 0.0328125 0.0296875 
0 0.40625 0.0359375 0.03125 0.025 
0 0.38515625 0.078125 0.0265625 0.021875 
0 0.37578125 0.090625 0.0328125 0.03125 
0 0.3671875 0.103125 0.03125 0.028125 
0 0.25 0.38359375 0.03125 0.0265625 
0 0.2609375 0.28671875 0.028125 0.0234375 
0 0.25390625 0.296875 0.0328125 0.028125 
0 0.246875 0.31171875 0.03125 0.0265625 
0 0.23203125 0.3359375 0.0328125 0.028125 
0 0.21328125 0.37421875 0.0328125 0.0265625 
0 0.20703125 0.3859375 0.0359375 0.028125 
0 0.19765625 0.3984375 0.0328125 0.028125 
0 0.28359375 0.04453125 0.0296875 0.0296875 
0 0.159375 0.10234375 0.028125 0.0265625 
0 0.4421875 0.0609375 0.040625 0.034375 
0 0.31796875 0.48203125 0.0359375 0.0265625 
0 0.41328125 0.3 0.0265625 0.03125 
0 0.425 0.30859375 0.025 0.0296875 
0 0.35703125 0.41796875 0.0359375 0.0328125 
0 0.34453125 0.43125 0.0328125 0.03125 
0 0.5390625 0.10625 0.034375 0.028125 
0 0.13125 0.15625 0.03125 0.028125 
0 0.32578125 0.02734375 0.0359375 0.0265625 
0 0.52265625 0.26796875 0.0296875 0.0234375 
0 0.053125 0.01484375 0.034375 0.0296875 
0 0.0390625 0.03984375 0.03125 0.0265625 
0 0.03203125 0.05234375 0.0265625 0.0234375 
0 0.00859375 0.09921875 0.0140625 0.0265625 
0 0.32265625 0.04375 0.0328125 0.028125 
0 0.453125 0.2453125 0.03125 0.028125 
0 0.45 0.1859375 0.028125 0.025 
0 0.4578125 0.175 0.03125 0.028125 
0 0.48515625 0.19453125 0.0359375 0.0328125 
0 0.6421875 0.065625 0.034375 0.028125 
0 0.60625 0.128125 0.03125 0.025 
0 0.33046875 0.38671875 0.0296875 0.0265625 
0 0.31171875 0.05546875 0.0328125 0.0265625 
0 0.303125 0.06875 0.028125 0.025 
0 0.22109375 0.21796875 0.0359375 0.0296875 
0 0.21015625 0.22734375 0.0296875 0.0234375 
0 0.19375 0.2625 0.03125 0.028125 
0 0.17109375 0.30625 0.0296875 0.028125 
0 0.16171875 0.31640625 0.0265625 0.0265625 
0 0.1796875 0.215625 0.03125 0.03125 
0 0.17109375 0.23125 0.0328125 0.03125 
0 0.134375 0.2890625 0.03125 0.03125 
0 0.08515625 0.2390625 0.0296875 0.03125 
0 0.05859375 0.28046875 0.0296875 0.0296875 
0 0.10390625 0.1375 0.0296875 0.028125 
0 0.11015625 0.12265625 0.0328125 0.0296875 
0 0.1359375 0.0734375 0.03125 0.028125 
