0 0.0125 0.25078125 0.021875 0.0578125 
0 0.1859375 0.1703125 0.021875 0.034375 
0 0.24609375 0.41875 0.0515625 0.05 
0 0.09609375 0.19453125 0.0671875 0.0546875 
1 0.92890625 0.14375 0.0609375 0.071875 
0 0.91953125 0.77109375 0.0421875 0.0640625 
1 0.8828125 0.93203125 0.053125 0.0515625 
1 0.05703125 0.2984375 0.0484375 0.053125 
1 0.1921875 0.37890625 0.05 0.0546875 
0 0.025 0.42265625 0.046875 0.0609375 
1 0.0140625 0.565625 0.025 0.053125 
0 0.2734375 0.43203125 0.05 0.0515625 
0 0.30859375 0.45390625 0.0546875 0.0453125 
1 0.3328125 0.71875 0.065625 0.053125 
1 0.83828125 0.9953125 0.0578125 0.009375 
