0 0.51328125 0.20546875 0.0140625 0.0328125 
0 0.58359375 0.1109375 0.0140625 0.0375 
0 0.49921875 0.46953125 0.0359375 0.0203125 
0 0.034375 0.14296875 0.028125 0.0296875 
0 0.04765625 0.08515625 0.0265625 0.0296875 
0 0.16015625 0.08203125 0.0234375 0.0296875 
0 0.1203125 0.07109375 0.01875 0.0328125 
0 0.01328125 0.271875 0.0234375 0.015625 
0 0.140625 0.3875 0.03125 0.0125 
0 0.0390625 0.496875 0.021875 0.0375 
0 0.0109375 0.52421875 0.01875 0.0140625 
0 0.00625 0.63203125 0.009375 0.0140625 
0 0.38671875 0.66875 0.0421875 0.01875 
0 0.61796875 0.53984375 0.0265625 0.0140625 
0 0.61953125 0.50390625 0.0328125 0.0140625 
0 0.17421875 0.240625 0.0328125 0.01875 
0 0.70625 0.77578125 0.025 0.0328125 
0 0.68203125 0.7109375 0.0390625 0.025 
0 0.4796875 0.71015625 0.025 0.0390625 
0 0.503125 0.7171875 0.021875 0.034375 
0 0.7734375 0.75 0.04375 0.034375 
0 0.140625 0.37265625 0.034375 0.0234375 
0 0.171875 0.27890625 0.03125 0.0203125 
0 0.50390625 0.4109375 0.0328125 0.01875 
0 0.4984375 0.43203125 0.034375 0.0203125 
0 0.98671875 0.36953125 0.0265625 0.0140625 
0 0.9875 0.35234375 0.025 0.0171875 
0 0.49296875 0.4921875 0.0328125 0.021875 
0 0.621875 0.52265625 0.03125 0.0203125 
0 0.20390625 0.41796875 0.0296875 0.0203125 
0 0.16953125 0.0984375 0.0296875 0.0375 
0 0.5296875 0.11953125 0.034375 0.0390625 
0 0.03046875 0.09296875 0.0328125 0.0359375 
0 0.01640625 0.2546875 0.0296875 0.01875 
0 0.01015625 0.56171875 0.0171875 0.0203125 
