0 0.7921875 0.62578125 0.021875 0.0296875 
0 0.409375 0.55703125 0.01875 0.0328125 
0 0.33671875 0.61484375 0.0328125 0.0171875 
0 0.92734375 0.86328125 0.0203125 0.0296875 
0 0.63203125 0.76328125 0.0203125 0.0296875 
0 0.646875 0.76484375 0.015625 0.0328125 
0 0.665625 0.7625 0.01875 0.040625 
0 0.9828125 0.209375 0.034375 0.01875 
0 0.85234375 0.73359375 0.0390625 0.0203125 
0 0.63203125 0.22734375 0.0203125 0.0328125 
0 0.13125 0.36875 0.028125 0.01875 
0 0.9703125 0.73828125 0.0375 0.0203125 
0 0.89140625 0.73515625 0.0359375 0.0203125 
0 0.56875 0.1875 0.0375 0.021875 
0 0.90234375 0.25546875 0.0203125 0.0359375 
