0 0.2390625 0.13984375 0.03125 0.0296875 
0 0.22265625 0.19921875 0.0328125 0.0265625 
0 0.30390625 0.24921875 0.0265625 0.0265625 
0 0.3046875 0.0828125 0.03125 0.028125 
0 0.34609375 0.22109375 0.0265625 0.0296875 
0 0.05234375 0.28515625 0.0359375 0.0265625 
0 0.76640625 0.40546875 0.0140625 0.0359375 
0 0.41171875 0.69375 0.0296875 0.01875 
0 0.41484375 0.71953125 0.0328125 0.0140625 
0 0.17734375 0.4296875 0.0296875 0.028125 
0 0.03515625 0.2546875 0.0390625 0.03125 
0 0.9015625 0.5484375 0.021875 0.040625 
0 0.31796875 0.0671875 0.0359375 0.040625 
0 0.2765625 0.10546875 0.028125 0.0296875 
0 0.37265625 0.20078125 0.0265625 0.0328125 
0 0.34296875 0.48125 0.0359375 0.025 
