0 0.04140625 0.57421875 0.0140625 0.0390625 
0 0.009375 0.13203125 0.015625 0.0140625 
0 0.9703125 0.77890625 0.015625 0.0328125 
0 0.975 0.6515625 0.01875 0.028125 
1 0.8265625 0.7359375 0.053125 0.03125 
0 0.7734375 0.76328125 0.021875 0.0296875 
0 0.21015625 0.72578125 0.0203125 0.0359375 
0 0.2796875 0.721875 0.01875 0.03125 
0 0.64453125 0.75390625 0.0171875 0.0328125 
0 0.3125 0.59921875 0.01875 0.0234375 
0 0.321875 0.25 0.025 0.040625 
0 0.30703125 0.25234375 0.0203125 0.0359375 
0 0.21796875 0.2453125 0.0171875 0.0375 
0 0.20625 0.1125 0.021875 0.04375 
0 0.04296875 0.2296875 0.0203125 0.034375 
0 0.06015625 0.23125 0.0203125 0.03125 
