0 0.55234375 0.384375 0.0421875 0.0375 
0 0.58046875 0.36171875 0.0359375 0.0359375 
0 0.59921875 0.34375 0.0421875 0.0375 
0 0.6984375 0.26484375 0.040625 0.0359375 
0 0.725 0.240625 0.0375 0.034375 
0 0.85234375 0.13125 0.0421875 0.0375 
0 0.6609375 0.15703125 0.034375 0.0390625 
0 0.65390625 0.171875 0.0453125 0.04375 
0 0.596875 0.2515625 0.0375 0.0375 
0 0.74375 0.3625 0.0375 0.040625 
0 0.09296875 0.9046875 0.0421875 0.040625 
0 0.09453125 0.97109375 0.0328125 0.0234375 
0 0.06953125 0.690625 0.0359375 0.034375 
0 0.20625 0.67578125 0.04375 0.0453125 
0 0.1109375 0.57109375 0.0375 0.0359375 
0 0.1328125 0.909375 0.03125 0.03125 
