0 0.8984375 0.73046875 0.0375 0.0265625 
0 0.55078125 0.75390625 0.0359375 0.0203125 
0 0.53046875 0.6734375 0.0296875 0.040625 
0 0.44921875 0.7921875 0.0203125 0.03125 
0 0.45859375 0.603125 0.0234375 0.0375 
0 0.3875 0.60703125 0.034375 0.0265625 
0 0.38125 0.628125 0.040625 0.021875 
0 0.41875 0.63125 0.03125 0.021875 
0 0.38203125 0.646875 0.0359375 0.01875 
0 0.415625 0.64921875 0.034375 0.0171875 
0 0.41953125 0.69140625 0.0328125 0.0171875 
0 0.89140625 0.475 0.0390625 0.01875 
0 0.41875 0.7078125 0.0375 0.015625 
0 0.409375 0.825 0.028125 0.015625 
0 0.41171875 0.84453125 0.0390625 0.0203125 
0 0.603125 0.54140625 0.028125 0.0359375 
0 0.44375 0.87265625 0.021875 0.0421875 
0 0.94453125 0.8078125 0.0234375 0.0375 
0 0.41171875 0.940625 0.0359375 0.021875 
0 0.4109375 0.96484375 0.034375 0.0265625 
0 0.9359375 0.70078125 0.028125 0.0359375 
0 0.96796875 0.54375 0.0234375 0.0375 
0 0.9046875 0.58515625 0.034375 0.0234375 
0 0.55078125 0.2921875 0.0203125 0.034375 
0 0.43984375 0.28671875 0.0359375 0.0234375 
0 0.43828125 0.3046875 0.0328125 0.01875 
1 0.4328125 0.321875 0.04375 0.021875 
0 0.43515625 0.353125 0.0421875 0.025 
0 0.43671875 0.3765625 0.0453125 0.021875 
0 0.0828125 0.58359375 0.021875 0.0296875 
0 0.92578125 0.61875 0.0390625 0.01875 
0 0.95078125 0.671875 0.0328125 0.0375 
0 0.58671875 0.1140625 0.0296875 0.015625 
0 0.4453125 0.1875 0.0375 0.01875 
0 0.5515625 0.24140625 0.021875 0.0421875 
0 0.975 0.09296875 0.021875 0.0359375 
0 0.93984375 0.1296875 0.0296875 0.021875 
0 0.94296875 0.31484375 0.0390625 0.0203125 
0 0.53515625 0.55390625 0.0203125 0.0359375 
0 0.58828125 0.09609375 0.0296875 0.0140625 
0 0.4546875 0.03125 0.034375 0.01875 
0 0.546875 0.9890625 0.0375 0.021875 
0 0.95390625 0.24375 0.0328125 0.01875 
