1 0.82265625 0.71015625 0.1078125 0.0984375 
1 0.88984375 0.71015625 0.1046875 0.0984375 
1 0.95546875 0.70234375 0.0890625 0.0984375 
1 0.97578125 0.7234375 0.0484375 0.103125 
1 0.85234375 0.95703125 0.1078125 0.0859375 
1 0.91015625 0.959375 0.1046875 0.08125 
1 0.9578125 0.9578125 0.084375 0.084375 
1 0.93359375 0.60078125 0.1015625 0.1046875 
1 0.8875 0.2125 0.1 0.109375 
1 0.940625 0.20078125 0.103125 0.1109375 
1 0.97109375 0.203125 0.0578125 0.103125 
1 0.84375 0.3203125 0.1125 0.109375 
1 0.909375 0.32734375 0.1125 0.1046875 
1 0.95390625 0.33515625 0.0921875 0.1046875 
1 0.99140625 0.32421875 0.0171875 0.1046875 
1 0.99453125 0.9609375 0.0109375 0.078125 
