0 0.28203125 0.53359375 0.0265625 0.0359375 
0 0.21171875 0.4734375 0.0359375 0.03125 
0 0.63046875 0.6953125 0.0203125 0.034375 
0 0.68046875 0.8171875 0.0328125 0.0375 
0 0.603125 0.81171875 0.021875 0.0328125 
0 0.62109375 0.83671875 0.0203125 0.0359375 
0 0.5765625 0.84765625 0.025 0.0421875 
0 0.4953125 0.85546875 0.034375 0.0234375 
0 0.4703125 0.87734375 0.0375 0.0203125 
0 0.42109375 0.48125 0.0421875 0.034375 
0 0.26015625 0.34296875 0.0359375 0.0203125 
0 0.27734375 0.23515625 0.0296875 0.0171875 
0 0.40703125 0.38125 0.0328125 0.01875 
0 0.4015625 0.3046875 0.03125 0.01875 
