0 0.52109375 0.3203125 0.0234375 0.03125 
0 0.5359375 0.3125 0.025 0.03125 
0 0.5515625 0.303125 0.028125 0.0375 
0 0.58203125 0.30546875 0.0203125 0.0296875 
0 0.60390625 0.30703125 0.0203125 0.0296875 
0 0.63515625 0.340625 0.0328125 0.025 
0 0.7109375 0.321875 0.01875 0.034375 
0 0.7828125 0.43515625 0.0375 0.0234375 
0 0.49921875 0.59375 0.0203125 0.040625 
0 0.86484375 0.43515625 0.0515625 0.0234375 
0 0.92578125 0.44140625 0.0359375 0.0234375 
0 0.23359375 0.70078125 0.0265625 0.0390625 
0 0.1234375 0.65859375 0.01875 0.0328125 
0 0.4625 0.5515625 0.03125 0.01875 
0 0.4890625 0.428125 0.025 0.034375 
0 0.14140625 0.02890625 0.0359375 0.0328125 
0 0.37578125 0.0234375 0.0265625 0.015625 
0 0.42734375 0.021875 0.0359375 0.021875 
0 0.33984375 0.04765625 0.0328125 0.0171875 
0 0.34140625 0.02734375 0.0296875 0.0171875 
0 0.25859375 0.2484375 0.0203125 0.034375 
0 0.23203125 0.3421875 0.0234375 0.0375 
0 0.20625 0.39296875 0.01875 0.0390625 
0 0.4625 0.375 0.034375 0.01875 
0 0.21640625 0.64375 0.0234375 0.0375 
0 0.1859375 0.8109375 0.021875 0.040625 
0 0.58671875 0.9578125 0.0296875 0.015625 
0 0.975 0.93671875 0.021875 0.0359375 
0 0.93984375 0.9734375 0.0296875 0.021875 
0 0.58828125 0.93984375 0.0296875 0.0140625 
0 0.4546875 0.875 0.034375 0.01875 
0 0.54375 0.2703125 0.03125 0.0375 
0 0.5296875 0.2328125 0.028125 0.0375 
0 0.99140625 0.4796875 0.0171875 0.03125 
