1 0.27421875 0.0625 0.1046875 0.1125 
1 0.33828125 0.06875 0.1078125 0.1125 
1 0.39609375 0.07109375 0.1078125 0.1140625 
1 0.4640625 0.0765625 0.096875 0.096875 
1 0.10703125 0.1703125 0.1296875 0.11875 
1 0.05625 0.1703125 0.109375 0.125 
1 0.025 0.1578125 0.046875 0.1 
1 0.0703125 0.4640625 0.121875 0.128125 
1 0.1328125 0.46953125 0.11875 0.1328125 
1 0.190625 0.46796875 0.125 0.1390625 
1 0.253125 0.47109375 0.121875 0.1390625 
1 0.3140625 0.475 0.125 0.134375 
1 0.4296875 0.47265625 0.121875 0.1328125 
1 0.04609375 0.58125 0.0890625 0.125 
1 0.09140625 0.58984375 0.1328125 0.1171875 
1 0.15 0.60234375 0.13125 0.1171875 
1 0.4421875 0.61015625 0.13125 0.1171875 
1 0.92734375 0.075 0.1234375 0.13125 
1 0.9703125 0.084375 0.059375 0.128125 
1 0.94921875 0.203125 0.1015625 0.121875 
1 0.9796875 0.21171875 0.040625 0.1171875 
1 0.065625 0.95390625 0.128125 0.0921875 
1 0.18203125 0.96484375 0.1078125 0.0703125 
