0 0.80625 0.07578125 0.025 0.0328125 
0 0.8421875 0.1515625 0.0375 0.025 
0 0.83828125 0.17265625 0.0328125 0.0171875 
0 0.796875 0.27109375 0.021875 0.0359375 
0 0.8234375 0.37734375 0.03125 0.0234375 
1 0.4109375 0.35078125 0.021875 0.0296875 
1 0.43359375 0.3546875 0.0140625 0.028125 
0 0.78046875 0.590625 0.0234375 0.0375 
0 0.71875 0.86171875 0.028125 0.0359375 
0 0.7484375 0.8484375 0.028125 0.028125 
0 0.79765625 0.8296875 0.0296875 0.03125 
0 0.8078125 0.81953125 0.034375 0.0328125 
0 0.85859375 0.64140625 0.0328125 0.0328125 
0 0.8421875 0.3140625 0.03125 0.01875 
0 0.015625 0.68828125 0.01875 0.0296875 
0 0.03984375 0.78515625 0.0359375 0.0203125 
0 0.11328125 0.73046875 0.0359375 0.0171875 
0 0.4140625 0.8 0.040625 0.01875 
0 0.6671875 0.83828125 0.034375 0.0265625 
0 0.4515625 0.71015625 0.01875 0.0390625 
0 0.66953125 0.646875 0.0390625 0.021875 
0 0.09296875 0.82890625 0.0203125 0.0390625 
0 0.38359375 0.83203125 0.0171875 0.0328125 
0 0.3640625 0.8359375 0.01875 0.034375 
1 0.46875 0.31171875 0.046875 0.0234375 
0 0.53828125 0.21796875 0.0265625 0.0359375 
0 0.296875 0.1734375 0.0375 0.034375 
0 0.1796875 0.2109375 0.021875 0.034375 
1 0.67421875 0.4625 0.0453125 0.03125 
