0 0.196875 0.5734375 0.05 0.053125 
0 0.1453125 0.53046875 0.05 0.0484375 
0 0.2453125 0.56875 0.046875 0.04375 
0 0.44140625 0.51640625 0.0484375 0.0453125 
0 0.378125 0.46328125 0.05 0.0484375 
0 0.33046875 0.4203125 0.0484375 0.046875 
0 0.284375 0.3859375 0.04375 0.040625 
0 0.25078125 0.35234375 0.0421875 0.0421875 
0 0.2109375 0.31796875 0.05 0.0453125 
0 0.121875 0.2859375 0.04375 0.040625 
0 0.1140625 0.24140625 0.059375 0.0546875 
0 0.571875 0.88359375 0.053125 0.0609375 
0 0.16328125 0.28125 0.0484375 0.046875 
