0 0.40078125 0.140625 0.0421875 0.01875 
0 0.4046875 0.121875 0.040625 0.01875 
0 0.8578125 0.20859375 0.034375 0.0203125 
0 0.4234375 0.390625 0.021875 0.034375 
0 0.42109375 0.45390625 0.0171875 0.0328125 
0 0.73515625 0.7484375 0.0328125 0.015625 
0 0.65859375 0.74765625 0.0328125 0.0171875 
0 0.6453125 0.64765625 0.015625 0.0328125 
0 0.65859375 0.6484375 0.0203125 0.03125 
0 0.60703125 0.77265625 0.0171875 0.0328125 
0 0.63125 0.7734375 0.025 0.0375 
0 0.98515625 0.759375 0.0296875 0.021875 
0 0.95546875 0.7015625 0.0390625 0.025 
0 0.37109375 0.7 0.0296875 0.025 
0 0.409375 0.7765625 0.0375 0.03125 
0 0.8890625 0.66640625 0.01875 0.0359375 
0 0.79453125 0.6921875 0.0265625 0.01875 
0 0.04921875 0.57734375 0.0234375 0.0359375 
0 0.5515625 0.0171875 0.028125 0.015625 
0 0.04140625 0.33046875 0.0234375 0.0390625 
0 0.37578125 0.3265625 0.0484375 0.025 
0 0.32578125 0.328125 0.0390625 0.01875 
0 0.35703125 0.346875 0.0359375 0.015625 
0 0.365625 0.3625 0.034375 0.01875 
0 0.4171875 0.4921875 0.01875 0.03125 
0 0.38046875 0.53515625 0.0296875 0.0234375 
0 0.6015625 0.290625 0.021875 0.0375 
0 0.76015625 0.69296875 0.0328125 0.0203125 
0 0.89296875 0.29453125 0.0203125 0.0296875 
0 0.909375 0.2953125 0.01875 0.03125 
0 0.41875 0.72890625 0.034375 0.0390625 
0 0.63203125 0.68515625 0.0296875 0.0171875 
0 0.71171875 0.6890625 0.0328125 0.01875 
