1 0.9578125 0.1234375 0.084375 0.103125 
1 0.99453125 0.1328125 0.0109375 0.109375 
1 0.81875 0.2328125 0.1125 0.10625 
1 0.94296875 0.97734375 0.1140625 0.0453125 
1 0.890625 0.97578125 0.128125 0.0484375 
1 0.8375 0.97578125 0.109375 0.0484375 
1 0.771875 0.975 0.11875 0.05 
1 0.95625 0.5203125 0.0875 0.10625 
1 0.86875 0.24921875 0.109375 0.1078125 
1 0.9375 0.24375 0.1125 0.10625 
1 0.97421875 0.24453125 0.0515625 0.1046875 
1 0.903125 0.51796875 0.103125 0.1078125 
1 0.9859375 0.52265625 0.028125 0.1078125 
1 0.8046875 0.60859375 0.1125 0.1015625 
1 0.8578125 0.621875 0.109375 0.1 
1 0.9625 0.62734375 0.075 0.0984375 
