0 0.42265625 0.74765625 0.0546875 0.0515625 
0 0.43984375 0.63125 0.0671875 0.05625 
0 0.134375 0.73046875 0.08125 0.0484375 
0 0.60078125 0.16796875 0.0515625 0.0265625 
0 0.5953125 0.20078125 0.04375 0.0203125 
0 0.89765625 0.10078125 0.0390625 0.0265625 
0 0.884375 0.12890625 0.0625 0.0234375 
0 0.66171875 0.5828125 0.0265625 0.053125 
0 0.821875 0.29375 0.059375 0.03125 
0 0.90625 0.06640625 0.053125 0.0328125 
0 0.634375 0.07421875 0.053125 0.0296875 
0 0.503125 0.96796875 0.03125 0.0515625 
0 0.65 0.98046875 0.05 0.0390625 
0 0.8328125 0.2546875 0.046875 0.028125 
0 0.84453125 0.22734375 0.0421875 0.0265625 
0 0.8546875 0.1921875 0.046875 0.01875 
0 0.871875 0.16171875 0.046875 0.0203125 
