0 0.2015625 0.55859375 0.04375 0.0453125 
0 0.38984375 0.37890625 0.0484375 0.0296875 
0 0.265625 0.48828125 0.046875 0.0359375 
0 0.7984375 0.1578125 0.065625 0.05 
0 0.90625 0.0171875 0.021875 0.03125 
0 0.44921875 0.3359375 0.0515625 0.03125 
0 0.42265625 0.36640625 0.0484375 0.0390625 
0 0.24375 0.51171875 0.040625 0.0390625 
0 0.98828125 0.571875 0.0234375 0.05 
0 0.18984375 0.83125 0.0390625 0.046875 
0 0.21328125 0.88203125 0.0359375 0.0421875 
0 0.865625 0.33125 0.040625 0.053125 
0 0.92109375 0.43046875 0.0328125 0.0484375 
0 0.93828125 0.471875 0.0359375 0.053125 
0 0.97421875 0.5390625 0.0390625 0.05625 
0 0.37421875 0.40234375 0.0515625 0.0328125 
0 0.34609375 0.425 0.0546875 0.040625 
0 0.32265625 0.446875 0.0515625 0.040625 
