1 0.19921875 0.1984375 0.0171875 0.021875 
1 0.06640625 0.90234375 0.0265625 0.0140625 
1 0.00546875 0.94609375 0.0078125 0.0109375 
1 0.00859375 0.94140625 0.0140625 0.0109375 
1 0.0140625 0.9375 0.025 0.0125 
1 0.0375 0.9234375 0.025 0.0125 
1 0.04375 0.91796875 0.025 0.0140625 
1 0.05390625 0.9125 0.0265625 0.009375 
1 0.06328125 0.9078125 0.0234375 0.0125 
1 0.078125 0.89765625 0.021875 0.0109375 
1 0.05625 0.9625 0.025 0.0125 
1 0.02890625 0.71484375 0.0265625 0.0203125 
1 0.00625 0.6640625 0.009375 0.01875 
1 0.05 0.96796875 0.025 0.0109375 
1 0.071875 0.95234375 0.025 0.0109375 
1 0.15546875 0.9296875 0.0265625 0.0125 
1 0.2 0.92421875 0.01875 0.0203125 
1 0.18671875 0.88984375 0.0171875 0.0234375 
1 0.17109375 0.859375 0.0203125 0.025 
1 0.11796875 0.87421875 0.0296875 0.0140625 
1 0.14375 0.9078125 0.025 0.009375 
1 0.10625 0.9328125 0.025 0.0125 
1 0.096875 0.9375 0.025 0.0125 
1 0.08671875 0.94296875 0.0265625 0.0109375 
1 0.065625 0.95703125 0.025 0.0078125 
1 0.03046875 0.978125 0.0234375 0.009375 
1 0.0109375 0.9921875 0.01875 0.0125 
1 0.01875 0.98828125 0.025 0.0109375 
1 0.025 0.9828125 0.025 0.0125 
1 0.0515625 0.67421875 0.01875 0.0234375 
1 0.4453125 0.7296875 0.021875 0.01875 
1 0.09921875 0.96328125 0.0234375 0.0109375 
1 0.08828125 0.57890625 0.0234375 0.0171875 
1 0.32421875 0.60234375 0.0234375 0.0171875 
1 0.28203125 0.528125 0.0265625 0.021875 
1 0.2765625 0.52109375 0.025 0.0203125 
1 0.14765625 0.678125 0.0234375 0.01875 
1 0.1421875 0.67421875 0.025 0.0171875 
1 0.1390625 0.66640625 0.021875 0.0171875 
1 0.134375 0.65390625 0.01875 0.0140625 
1 0.09453125 0.5984375 0.0265625 0.01875 
1 0.08515625 0.64296875 0.0171875 0.0265625 
1 0.075 0.57109375 0.021875 0.0171875 
1 0.340625 0.6796875 0.021875 0.015625 
1 0.3359375 0.67421875 0.025 0.0171875 
1 0.34453125 0.684375 0.0234375 0.015625 
1 0.4421875 0.72421875 0.021875 0.0171875 
1 0.4 0.6578125 0.025 0.015625 
1 0.4390625 0.71953125 0.021875 0.0171875 
1 0.4390625 0.6734375 0.01875 0.025 
1 0.4328125 0.709375 0.021875 0.01875 
1 0.428125 0.7046875 0.021875 0.015625 
1 0.4265625 0.69765625 0.021875 0.0140625 
1 0.41875 0.68984375 0.021875 0.0171875 
1 0.41796875 0.68359375 0.0234375 0.0171875 
1 0.41328125 0.678125 0.0234375 0.015625 
1 0.4078125 0.66640625 0.021875 0.0171875 
1 0.3984375 0.6515625 0.021875 0.015625 
1 0.34609375 0.690625 0.0203125 0.015625 
1 0.39140625 0.64140625 0.0234375 0.0171875 
1 0.38828125 0.6359375 0.0203125 0.015625 
1 0.39453125 0.7671875 0.0234375 0.01875 
1 0.38125 0.746875 0.021875 0.015625 
1 0.378125 0.74140625 0.021875 0.0171875 
1 0.37421875 0.7359375 0.0203125 0.015625 
1 0.36640625 0.72109375 0.0234375 0.0171875 
1 0.35546875 0.70546875 0.0234375 0.0171875 
1 0.35234375 0.7 0.0203125 0.015625 
1 0.1109375 0.9609375 0.021875 0.009375 
1 0.09140625 0.96953125 0.0265625 0.0109375 
1 0.18203125 0.2109375 0.0140625 0.01875 
1 0.06796875 0.27578125 0.0171875 0.0234375 
1 0.28984375 0.1984375 0.0234375 0.01875 
1 0.2625 0.21640625 0.025 0.0203125 
1 0.22578125 0.23671875 0.0265625 0.0203125 
1 0.3796875 0.253125 0.025 0.01875 
1 0.3265625 0.25546875 0.025 0.0171875 
1 0.33515625 0.28125 0.0265625 0.021875 
1 0.409375 0.38046875 0.01875 0.0234375 
1 0.39609375 0.38828125 0.0171875 0.0234375 
1 0.3890625 0.39140625 0.01875 0.0203125 
1 0.0484375 0.29921875 0.01875 0.0265625 
1 0.209375 0.35859375 0.021875 0.0171875 
1 0.16015625 0.3875 0.0296875 0.021875 
1 0.125 0.375 0.025 0.01875 
1 0.0953125 0.425 0.028125 0.01875 
1 0.065625 0.44375 0.028125 0.021875 
1 0.07578125 0.97890625 0.0265625 0.0109375 
1 0.18671875 0.96171875 0.0265625 0.0078125 
1 0.18984375 0.98984375 0.0234375 0.0109375 
1 0.17109375 0.97109375 0.0234375 0.0109375 
1 0.1546875 0.98125 0.025 0.009375 
1 0.24765625 0.98984375 0.0171875 0.0203125 
1 0.05 0.99375 0.028125 0.0125 
1 0.21484375 0.934375 0.0171875 0.025 
1 0.45390625 0.85078125 0.0234375 0.0265625 
1 0.33828125 0.97734375 0.0234375 0.0234375 
