0 0.209375 0.28828125 0.025 0.0109375 
0 0.28359375 0.49765625 0.0265625 0.0109375 
0 0.2796875 0.4515625 0.028125 0.015625 
0 0.28125 0.48203125 0.028125 0.0109375 
0 0.2765625 0.41953125 0.025 0.0140625 
0 0.21328125 0.37578125 0.0234375 0.0109375 
0 0.28125 0.34375 0.025 0.009375 
0 0.37421875 0.30859375 0.0140625 0.0296875 
0 0.27265625 0.38828125 0.0296875 0.0140625 
0 0.278125 0.359375 0.025 0.009375 
0 0.21328125 0.34921875 0.0296875 0.0109375 
0 0.18046875 0.35 0.0265625 0.009375 
0 0.28828125 0.31484375 0.0140625 0.0265625 
0 0.30703125 0.315625 0.0109375 0.028125 
0 0.0671875 0.29296875 0.025 0.0109375 
0 0.278125 0.5671875 0.028125 0.0125 
0 0.3234375 0.3140625 0.0125 0.025 
0 0.390625 0.30546875 0.0125 0.0265625 
0 0.840625 0.03046875 0.009375 0.0234375 
0 0.15078125 0.18828125 0.0109375 0.0234375 
0 0.11640625 0.19453125 0.0109375 0.0203125 
0 0.7390625 0.11328125 0.0125 0.0234375 
0 0.9 0.11171875 0.0125 0.0296875 
0 0.74375 0.0328125 0.0125 0.034375 
0 0.51796875 0.271875 0.0234375 0.009375 
0 0.52109375 0.28671875 0.0265625 0.0109375 
