0 0.40625 0.80390625 0.028125 0.0640625 
0 0.31484375 0.815625 0.0421875 0.065625 
0 0.371875 0.75234375 0.034375 0.0609375 
0 0.61015625 0.54609375 0.0359375 0.0578125 
0 0.57890625 0.55546875 0.0359375 0.0609375 
0 0.553125 0.56015625 0.03125 0.0546875 
0 0.52578125 0.565625 0.0359375 0.05625 
0 0.6 0.484375 0.0375 0.059375 
0 0.42734375 0.73125 0.0359375 0.053125 
0 0.5734375 0.49921875 0.03125 0.0484375 
0 0.5421875 0.49140625 0.03125 0.0546875 
0 0.51171875 0.50703125 0.0328125 0.0609375 
0 0.484375 0.515625 0.034375 0.065625 
0 0.45078125 0.51796875 0.0390625 0.0640625 
0 0.3140625 0.615625 0.034375 0.0625 
0 0.3328125 0.54296875 0.028125 0.0609375 
0 0.459375 0.7234375 0.034375 0.05625 
0 0.46796875 0.79140625 0.0359375 0.0671875 
0 0.72890625 0.203125 0.0234375 0.046875 
0 0.43125 0.940625 0.03125 0.065625 
0 0.6328125 0.47734375 0.03125 0.0609375 
0 0.6421875 0.54296875 0.0375 0.0640625 
0 0.6390625 0.69609375 0.034375 0.0609375 
0 0.6234375 0.765625 0.0375 0.065625 
0 0.60859375 0.69921875 0.0359375 0.0578125 
0 0.48984375 0.7234375 0.0390625 0.0625 
0 0.590625 0.76796875 0.034375 0.0609375 
0 0.578125 0.70859375 0.03125 0.0515625 
0 0.559375 0.76875 0.034375 0.053125 
0 0.54765625 0.7109375 0.0328125 0.05625 
0 0.52890625 0.775 0.0328125 0.05625 
0 0.4984375 0.78125 0.0375 0.05625 
0 0.51953125 0.71328125 0.0359375 0.0578125 
0 0.34921875 0.61015625 0.0390625 0.0671875 
