0 0.546875 0.784375 0.034375 0.03125 
0 0.57578125 0.86484375 0.0359375 0.0265625 
0 0.5859375 0.884375 0.03125 0.021875 
0 0.7203125 0.9515625 0.034375 0.025 
0 0.75546875 0.9359375 0.0328125 0.028125 
0 0.78671875 0.9171875 0.0359375 0.03125 
0 0.9046875 0.82109375 0.03125 0.0328125 
0 0.81484375 0.74296875 0.0234375 0.0328125 
0 0.79609375 0.69765625 0.0234375 0.0296875 
0 0.6875 0.60078125 0.0375 0.0234375 
0 0.7546875 0.590625 0.03125 0.025 
0 0.64609375 0.46953125 0.0359375 0.0296875 
0 0.63671875 0.45078125 0.0265625 0.0203125 
0 0.6984375 0.42578125 0.034375 0.0265625 
0 0.7140625 0.4625 0.03125 0.025 
0 0.86015625 0.45546875 0.0234375 0.0359375 
0 0.834375 0.375 0.025 0.0375 
0 0.571875 0.66953125 0.021875 0.0328125 
0 0.925 0.58515625 0.025 0.0359375 
0 0.9890625 0.746875 0.021875 0.028125 
0 0.96484375 0.77109375 0.0328125 0.0296875 
0 0.93203125 0.79765625 0.0328125 0.0296875 
0 0.9875 0.1890625 0.025 0.021875 
0 0.99453125 0.2234375 0.0109375 0.021875 
