0 0.58125 0.8296875 0.021875 0.025 
0 0.5953125 0.81875 0.021875 0.025 
0 0.66953125 0.7796875 0.0234375 0.028125 
0 0.72890625 0.721875 0.0296875 0.028125 
0 0.23984375 0.99140625 0.0296875 0.0171875 
0 0.37421875 0.89140625 0.0265625 0.0296875 
0 0.38359375 0.20078125 0.0265625 0.0265625 
0 0.11875 0.2734375 0.03125 0.034375 
0 0.2765625 0.378125 0.03125 0.03125 
1 0.6046875 0.70625 0.04375 0.04375 
0 0.93046875 0.96796875 0.0328125 0.0328125 
0 0.5296875 0.07265625 0.03125 0.0296875 
0 0.653125 0.040625 0.034375 0.034375 
0 0.6140625 0.078125 0.028125 0.028125 
0 0.571875 0.1140625 0.028125 0.03125 
0 0.5390625 0.14140625 0.025 0.0234375 
0 0.5671875 0.040625 0.025 0.025 
0 0.75234375 0.31875 0.0328125 0.040625 
0 0.42578125 0.24296875 0.0296875 0.0296875 
0 0.49921875 0.17578125 0.0265625 0.0265625 
0 0.5921875 0.3296875 0.0375 0.028125 
