0 0.3625 0.1625 0.034375 0.015625 
0 0.34453125 0.17734375 0.0328125 0.0140625 
0 0.02890625 0.1578125 0.0265625 0.0125 
0 0.0390625 0.209375 0.03125 0.015625 
0 0.09296875 0.15234375 0.0328125 0.0171875 
1 0.08828125 0.2046875 0.0359375 0.015625 
1 0.15625 0.14765625 0.0375 0.0171875 
0 0.19609375 0.1453125 0.0328125 0.015625 
0 0.23046875 0.14375 0.0296875 0.015625 
0 0.22578125 0.1953125 0.0328125 0.01875 
0 0.13671875 0.20078125 0.0296875 0.0140625 
0 0.09921875 0.096875 0.0265625 0.028125 
0 0.13984375 0.096875 0.0265625 0.034375 
0 0.27578125 0.08828125 0.0140625 0.0359375 
0 0.30625 0.084375 0.0125 0.034375 
0 0.2640625 0.2390625 0.0125 0.025 
0 0.30234375 0.2421875 0.0109375 0.01875 
0 0.45234375 0.14609375 0.0265625 0.0140625 
0 0.4703125 0.12421875 0.03125 0.0171875 
0 0.50703125 0.121875 0.0296875 0.01875 
0 0.42578125 0.07421875 0.0171875 0.0296875 
0 0.79609375 0.8734375 0.0328125 0.025 
0 0.78125 0.94296875 0.021875 0.0328125 
0 0.71953125 0.86640625 0.0203125 0.0328125 
0 0.615625 0.115625 0.028125 0.015625 
0 0.67265625 0.80625 0.0296875 0.021875 
0 0.38984375 0.2359375 0.0140625 0.025 
0 0.49765625 0.2234375 0.0140625 0.028125 
0 0.709375 0.4796875 0.025 0.028125 
0 0.68671875 0.840625 0.0296875 0.021875 
0 0.7578125 0.7484375 0.028125 0.040625 
0 0.9171875 0.19296875 0.015625 0.0296875 
0 0.54375 0.0765625 0.01875 0.034375 
0 0.5828125 0.1171875 0.03125 0.01875 
0 0.79453125 0.10625 0.0328125 0.015625 
0 0.83828125 0.10234375 0.0359375 0.0171875 
0 0.87734375 0.09609375 0.0296875 0.0171875 
0 0.946875 0.090625 0.03125 0.015625 
0 0.915625 0.0625 0.015625 0.01875 
0 0.78828125 0.146875 0.0296875 0.0125 
0 0.72578125 0.15078125 0.0328125 0.0171875 
0 0.8234375 0.1453125 0.03125 0.015625 
0 0.8640625 0.14296875 0.028125 0.0171875 
0 0.98203125 0.134375 0.0265625 0.015625 
0 0.94453125 0.56015625 0.0140625 0.0359375 
0 0.64296875 0.259375 0.0140625 0.034375 
1 0.64765625 0.30546875 0.0171875 0.0359375 
0 0.65703125 0.3390625 0.0203125 0.034375 
0 0.6734375 0.39140625 0.021875 0.0328125 
0 0.6828125 0.42890625 0.021875 0.0328125 
0 0.6953125 0.45546875 0.021875 0.0265625 
0 0.7328125 0.5078125 0.03125 0.034375 
0 0.7796875 0.53828125 0.03125 0.0265625 
0 0.8578125 0.54453125 0.025 0.0359375 
0 0.84296875 0.5375 0.0265625 0.03125 
