0 0.65078125 0.97109375 0.0515625 0.0578125 
0 0.61796875 0.9640625 0.0484375 0.071875 
0 0.58515625 0.9546875 0.0515625 0.06875 
0 0.51796875 0.9890625 0.0484375 0.021875 
0 0.553125 0.9375 0.053125 0.06875 
0 0.86640625 0.86796875 0.0484375 0.0640625 
0 0.834375 0.85 0.053125 0.06875 
0 0.70234375 0.79296875 0.0515625 0.0640625 
0 0.1484375 0.13359375 0.053125 0.0453125 
0 0.64140625 0.7625 0.0484375 0.065625 
1 0.096875 0.2671875 0.065625 0.053125 
1 0.02890625 0.39375 0.0546875 0.046875 
0 0.0375 0.17421875 0.034375 0.0671875 
