1 0.86796875 0.1125 0.0546875 0.08125 
1 0.8859375 0.09453125 0.053125 0.0828125 
1 0.9 0.0703125 0.05625 0.08125 
1 0.93984375 0.04140625 0.0546875 0.0828125 
1 0.73203125 0.25390625 0.0671875 0.0890625 
0 0.6875 0.23359375 0.03125 0.0328125 
0 0.5828125 0.12265625 0.021875 0.0296875 
0 0.60859375 0.08828125 0.0296875 0.0296875 
0 0.63515625 0.0796875 0.0265625 0.021875 
0 0.65625 0.06484375 0.034375 0.0296875 
0 0.675 0.05078125 0.03125 0.0265625 
0 0.6890625 0.0359375 0.03125 0.028125 
1 0.7 0.0140625 0.04375 0.025 
1 0.709375 0.00546875 0.040625 0.0078125 
