0 0.56328125 0.07890625 0.0328125 0.0234375 
0 0.559375 0.09609375 0.025 0.0203125 
0 0.565625 0.1171875 0.028125 0.021875 
0 0.56328125 0.16328125 0.0296875 0.0203125 
0 0.89453125 0.18984375 0.0109375 0.0265625 
0 0.78984375 0.27578125 0.0171875 0.0265625 
0 0.80859375 0.27578125 0.0109375 0.0234375 
0 0.82578125 0.27421875 0.0109375 0.0234375 
0 0.8421875 0.27421875 0.0125 0.0234375 
0 0.85859375 0.27109375 0.0140625 0.0234375 
0 0.85859375 0.30625 0.0140625 0.028125 
0 0.840625 0.30546875 0.0125 0.0234375 
0 0.8234375 0.3046875 0.0125 0.025 
0 0.80546875 0.30546875 0.0140625 0.0234375 
0 0.78984375 0.3046875 0.0109375 0.025 
0 0.88203125 0.3765625 0.0109375 0.028125 
0 0.84609375 0.37421875 0.0140625 0.0296875 
0 0.8296875 0.3765625 0.009375 0.028125 
0 0.81171875 0.37734375 0.0078125 0.0265625 
0 0.79765625 0.37421875 0.0109375 0.0296875 
0 0.7828125 0.378125 0.0125 0.028125 
0 0.7640625 0.378125 0.009375 0.021875 
0 0.57734375 0.37578125 0.0109375 0.0234375 
0 0.5609375 0.37890625 0.0125 0.0234375 
0 0.5671875 0.2625 0.03125 0.025 
0 0.56484375 0.21171875 0.0265625 0.0234375 
0 0.565625 0.18125 0.03125 0.021875 
0 0.31640625 0.83515625 0.0328125 0.0203125 
0 0.31875 0.85625 0.028125 0.0125 
0 0.26875 0.92890625 0.009375 0.0296875 
1 0.10625 0.65234375 0.05 0.0171875 
0 0.053125 0.6484375 0.03125 0.0125 
0 0.3359375 0.36953125 0.025 0.0109375 
0 0.1109375 0.19375 0.0125 0.03125 
0 0.08671875 0.18984375 0.0109375 0.0296875 
0 0.87421875 0.1890625 0.0109375 0.021875 
0 0.85703125 0.19296875 0.0109375 0.0265625 
0 0.840625 0.1921875 0.0125 0.028125 
0 0.2625 0.41953125 0.015625 0.0296875 
0 0.8203125 0.19375 0.015625 0.03125 
0 0.64921875 0.29765625 0.0296875 0.0234375 
0 0.64921875 0.28203125 0.0296875 0.0203125 
0 0.64765625 0.26640625 0.0265625 0.0234375 
0 0.65078125 0.2453125 0.0265625 0.021875 
0 0.653125 0.22734375 0.028125 0.0203125 
0 0.64765625 0.215625 0.0296875 0.021875 
0 0.646875 0.19765625 0.028125 0.0234375 
0 0.64609375 0.18125 0.0296875 0.021875 
0 0.64375 0.1640625 0.028125 0.025 
0 0.646875 0.1296875 0.028125 0.021875 
0 0.64765625 0.1125 0.0296875 0.021875 
0 0.646875 0.07734375 0.028125 0.0203125 
0 0.6484375 0.06171875 0.028125 0.0203125 
0 0.64609375 0.04765625 0.0296875 0.0203125 
0 0.6453125 0.034375 0.028125 0.021875 
0 0.68828125 0.0296875 0.0265625 0.01875 
0 0.68671875 0.04609375 0.0265625 0.0203125 
0 0.69375 0.08203125 0.028125 0.0234375 
0 0.68671875 0.21015625 0.0265625 0.0234375 
0 0.69765625 0.2328125 0.0265625 0.021875 
0 0.69296875 0.2453125 0.0296875 0.01875 
0 0.6984375 0.26328125 0.025 0.0203125 
0 0.69375 0.278125 0.025 0.01875 
