0 0.93671875 0.9765625 0.0140625 0.028125 
0 0.92109375 0.97890625 0.0140625 0.0265625 
0 0.88203125 0.98671875 0.0109375 0.0265625 
0 0.86171875 0.9859375 0.0171875 0.028125 
0 0.21640625 0.9890625 0.0140625 0.021875 
0 0.046875 0.9921875 0.0125 0.015625 
0 0.06640625 0.99140625 0.0109375 0.0171875 
0 0.2828125 0.7265625 0.01875 0.025 
0 0.26875 0.7328125 0.015625 0.025 
0 0.01875 0.6671875 0.025 0.009375 
0 0.3234375 0.5671875 0.025 0.0125 
0 0.27578125 0.43046875 0.0109375 0.0265625 
0 0.21328125 0.47265625 0.0140625 0.0265625 
0 0.159375 0.39453125 0.03125 0.0109375 
0 0.0296875 0.20703125 0.028125 0.0109375 
0 0.2703125 0.2265625 0.015625 0.03125 
0 0.31875 0.0125 0.028125 0.0125 
0 0.26875 0.08515625 0.009375 0.0296875 
0 0.4765625 0.98828125 0.0125 0.0234375 
