0 0.5265625 0.95390625 0.0125 0.0296875 
0 0.43125 0.97109375 0.0125 0.0296875 
0 0.41171875 0.97421875 0.0109375 0.0296875 
0 0.44921875 0.86328125 0.0328125 0.0109375 
0 0.396875 0.8640625 0.03125 0.0125 
0 0.353125 0.8625 0.028125 0.0125 
0 0.28984375 0.8265625 0.0140625 0.03125 
0 0.26875 0.8265625 0.0125 0.03125 
0 0.240625 0.828125 0.0125 0.028125 
0 0.09296875 0.8203125 0.0140625 0.028125 
0 0.07734375 0.82265625 0.0140625 0.0265625 
0 0.03828125 0.83125 0.0109375 0.028125 
0 0.01796875 0.83046875 0.0171875 0.0296875 
0 0.8390625 0.946875 0.009375 0.025 
0 0.93515625 0.9453125 0.0109375 0.025 
0 0.39453125 0.9171875 0.0296875 0.0125 
0 0.9953125 0.81328125 0.009375 0.0265625 
0 0.95234375 0.92421875 0.0140625 0.0328125 
0 0.96875 0.94609375 0.015625 0.0265625 
0 0.90625 0.91015625 0.034375 0.0140625 
0 0.79765625 0.91171875 0.0328125 0.0109375 
0 0.65 0.9140625 0.034375 0.009375 
