0 0.48828125 0.5671875 0.0140625 0.028125 
0 0.44921875 0.53984375 0.0078125 0.0265625 
0 0.371875 0.95859375 0.028125 0.0140625 
0 0.3671875 0.99375 0.028125 0.0125 
0 0.3671875 0.975 0.03125 0.015625 
0 0.28515625 0.434375 0.0296875 0.015625 
1 0.16171875 0.37890625 0.0296875 0.0734375 
0 0.17421875 0.5703125 0.0171875 0.03125 
0 0.171875 0.52890625 0.015625 0.0328125 
0 0.17578125 0.61875 0.0171875 0.025 
0 0.1765625 0.6859375 0.0125 0.03125 
0 0.06171875 0.98984375 0.0265625 0.0203125 
0 0.1796875 0.86796875 0.0125 0.0265625 
0 0.1765625 0.7578125 0.0125 0.021875 
0 0.17890625 0.72421875 0.0140625 0.0296875 
0 0.77109375 0.975 0.0140625 0.028125 
0 0.75625 0.9734375 0.0125 0.028125 
0 0.70703125 0.9109375 0.0234375 0.009375 
0 0.44296875 0.9484375 0.0265625 0.025 
0 0.49140625 0.92265625 0.0265625 0.0171875 
0 0.52265625 0.91875 0.0265625 0.0125 
0 0.5640625 0.915625 0.028125 0.0125 
0 0.6 0.9125 0.028125 0.0125 
0 0.63671875 0.91171875 0.0234375 0.0109375 
0 0.67421875 0.9109375 0.0265625 0.0125 
0 0.74296875 0.9125 0.0265625 0.009375 
0 0.78515625 0.9109375 0.0296875 0.0125 
0 0.853125 0.90859375 0.03125 0.0140625 
0 0.884375 0.90703125 0.025 0.0109375 
0 0.9171875 0.90859375 0.025 0.0109375 
0 0.96484375 0.9046875 0.0265625 0.009375 
0 0.99453125 0.90390625 0.0109375 0.0109375 
0 0.98203125 0.97109375 0.0109375 0.0234375 
0 0.93671875 0.97421875 0.0109375 0.0234375 
0 0.95234375 0.97265625 0.0140625 0.0296875 
0 0.92109375 0.97265625 0.0109375 0.0265625 
0 0.61015625 0.98125 0.0109375 0.025 
0 0.73984375 0.9765625 0.0109375 0.028125 
0 0.7140625 0.97890625 0.0125 0.0265625 
0 0.69609375 0.97890625 0.0109375 0.0265625 
0 0.68203125 0.9828125 0.0109375 0.025 
0 0.66875 0.98125 0.009375 0.028125 
0 0.64140625 0.98125 0.0109375 0.025 
0 0.6265625 0.98203125 0.009375 0.0234375 
0 0.59765625 0.98125 0.0109375 0.025 
0 0.903125 0.971875 0.015625 0.025 
0 0.58125 0.98125 0.009375 0.025 
0 0.56953125 0.98203125 0.0140625 0.0265625 
0 0.553125 0.98046875 0.009375 0.0296875 
0 0.53828125 0.98125 0.0140625 0.028125 
0 0.5234375 0.98203125 0.0125 0.0265625 
0 0.84609375 0.9765625 0.0109375 0.028125 
0 0.86484375 0.97421875 0.0140625 0.0265625 
0 0.8875 0.975 0.0125 0.028125 
