0 0.884375 0.14375 0.01875 0.025 
0 0.84375 0.19140625 0.025 0.0234375 
0 0.9609375 0.2203125 0.025 0.015625 
0 0.80390625 0.2265625 0.0234375 0.01875 
0 0.81171875 0.17265625 0.0265625 0.0265625 
0 0.77421875 0.15 0.0296875 0.021875 
0 0.73671875 0.1296875 0.0265625 0.021875 
0 0.703125 0.1109375 0.025 0.021875 
0 0.66875 0.09453125 0.03125 0.0265625 
0 0.63984375 0.08046875 0.0296875 0.0234375 
0 0.60859375 0.06171875 0.0234375 0.0171875 
0 0.58046875 0.0484375 0.0234375 0.01875 
0 0.534375 0.02421875 0.025 0.0203125 
0 0.49140625 0.00546875 0.0296875 0.0078125 
0 0.85234375 0.13125 0.0203125 0.03125 
0 0.81953125 0.1109375 0.0171875 0.025 
0 0.77421875 0.01640625 0.0171875 0.0265625 
0 0.80546875 0.10390625 0.0203125 0.0234375 
0 0.80703125 0.0359375 0.0203125 0.028125 
0 0.821875 0.0453125 0.021875 0.034375 
0 0.83828125 0.05234375 0.0203125 0.0328125 
0 0.8515625 0.06015625 0.025 0.0296875 
0 0.8703125 0.06796875 0.021875 0.0296875 
0 0.8828125 0.07734375 0.01875 0.0296875 
0 0.6046875 0.00859375 0.021875 0.0140625 
0 0.61796875 0.0109375 0.0234375 0.01875 
0 0.63671875 0.01640625 0.0203125 0.0296875 
0 0.6515625 0.025 0.021875 0.034375 
0 0.66796875 0.0328125 0.0234375 0.034375 
0 0.68203125 0.04140625 0.0234375 0.0328125 
0 0.6953125 0.04765625 0.025 0.0265625 
0 0.71015625 0.0546875 0.0171875 0.028125 
0 0.72578125 0.0640625 0.0171875 0.028125 
0 0.74140625 0.071875 0.0203125 0.028125 
0 0.7578125 0.08046875 0.021875 0.0296875 
0 0.775 0.0890625 0.01875 0.03125 
0 0.78828125 0.096875 0.0203125 0.028125 
0 0.40546875 0.00703125 0.0265625 0.0109375 
0 0.4484375 0.0296875 0.025 0.021875 
0 0.55390625 0.08203125 0.0296875 0.0203125 
0 0.04296875 0.01484375 0.0203125 0.0265625 
0 0.071875 0.190625 0.025 0.021875 
0 0.11171875 0.21875 0.0296875 0.025 
0 0.16171875 0.2578125 0.0265625 0.028125 
0 0.19921875 0.29375 0.0265625 0.025 
0 0.23203125 0.3265625 0.0234375 0.028125 
0 0.28125 0.38125 0.028125 0.03125 
0 0.215625 0.37578125 0.021875 0.0265625 
0 0.2828125 0.44453125 0.025 0.0296875 
0 0.3140625 0.4796875 0.025 0.028125 
0 0.37109375 0.4734375 0.0203125 0.028125 
0 0.60390625 0.1078125 0.0296875 0.025 
0 0.690625 0.15546875 0.021875 0.0203125 
0 0.74140625 0.18125 0.0328125 0.028125 
0 0.92109375 0.25390625 0.0265625 0.0234375 
0 0.94765625 0.2828125 0.0234375 0.021875 
0 0.9734375 0.30625 0.025 0.028125 
0 0.99296875 0.33203125 0.0140625 0.0296875 
0 0.6203125 0.16015625 0.01875 0.0265625 
0 0.97890625 0.415625 0.0171875 0.025 
0 0.94609375 0.36953125 0.0203125 0.0234375 
0 0.8984375 0.3140625 0.025 0.028125 
0 0.84921875 0.2671875 0.0265625 0.028125 
0 0.6609375 0.18203125 0.01875 0.0265625 
0 0.790625 0.02890625 0.021875 0.0359375 
0 0.76171875 0.0125 0.0203125 0.021875 
0 0.74609375 0.009375 0.0203125 0.015625 
0 0.72890625 0.00625 0.0171875 0.009375 
0 0.04453125 0.2484375 0.0203125 0.025 
0 0.96640625 0.89453125 0.0265625 0.0234375 
0 0.78203125 0.91015625 0.0265625 0.0296875 
0 0.71640625 0.84140625 0.0265625 0.0296875 
0 0.70078125 0.890625 0.0234375 0.025 
0 0.734375 0.92578125 0.021875 0.0265625 
0 0.03671875 0.6921875 0.0265625 0.028125 
0 0.078125 0.7765625 0.025 0.028125 
0 0.06484375 0.86171875 0.0296875 0.0296875 
0 0.04375 0.8671875 0.021875 0.028125 
0 0.171875 0.90703125 0.025 0.0265625 
0 0.64375 0.76796875 0.028125 0.0328125 
0 0.60390625 0.78984375 0.0265625 0.0265625 
0 0.57109375 0.75390625 0.0265625 0.0265625 
0 0.5109375 0.6859375 0.025 0.028125 
0 0.503125 0.72109375 0.028125 0.0296875 
0 0.50859375 0.621875 0.0265625 0.034375 
0 0.44140625 0.5484375 0.0265625 0.028125 
0 0.42109375 0.528125 0.0265625 0.028125 
0 0.34765625 0.515625 0.0265625 0.028125 
0 0.396875 0.56640625 0.021875 0.0265625 
0 0.44609375 0.61796875 0.0234375 0.0265625 
