0 0.015625 0.15859375 0.021875 0.0234375 
0 0.01796875 0.13984375 0.0296875 0.0265625 
0 0.0140625 0.1203125 0.025 0.021875 
0 0.0140625 0.1015625 0.025 0.025 
0 0.021875 0.0875 0.025 0.028125 
0 0.0171875 0.0640625 0.025 0.025 
0 0.8671875 0.03984375 0.0125 0.0265625 
0 0.12265625 0.365625 0.0109375 0.028125 
0 0.12265625 0.31640625 0.0109375 0.0296875 
0 0.96328125 0.246875 0.0265625 0.0125 
0 0.8359375 0.10625 0.01875 0.025 
0 0.83515625 0.075 0.0171875 0.034375 
0 0.86796875 0.0765625 0.0140625 0.028125 
0 0.01875 0.21640625 0.028125 0.0234375 
0 0.01640625 0.19453125 0.0265625 0.0234375 
0 0.01796875 0.234375 0.0265625 0.025 
0 0.85 0.05 0.021875 0.03125 
0 0.021875 0.25546875 0.025 0.0234375 
0 0.07265625 0.0984375 0.0296875 0.025 
0 0.0203125 0.46484375 0.0125 0.0265625 
0 0.0890625 0.45859375 0.0125 0.0265625 
0 0.27421875 0.47578125 0.0296875 0.0140625 
0 0.02578125 0.3890625 0.0265625 0.025 
0 0.0265625 0.37109375 0.03125 0.0265625 
0 0.02265625 0.34921875 0.0265625 0.0265625 
0 0.021875 0.33046875 0.028125 0.0265625 
0 0.02109375 0.31015625 0.0265625 0.0265625 
0 0.0234375 0.296875 0.025 0.025 
0 0.01953125 0.2734375 0.0234375 0.021875 
0 0.08046875 0.11484375 0.0265625 0.0234375 
0 0.07734375 0.13515625 0.0296875 0.0234375 
0 0.07890625 0.1515625 0.0328125 0.025 
0 0.08203125 0.3640625 0.0265625 0.021875 
0 0.90625 0.896875 0.03125 0.01875 
0 0.1765625 0.57109375 0.01875 0.0328125 
0 0.084375 0.34453125 0.028125 0.0203125 
0 0.08125 0.16953125 0.025 0.0265625 
0 0.084375 0.32578125 0.028125 0.0234375 
0 0.0859375 0.303125 0.025 0.025 
0 0.08515625 0.2859375 0.0265625 0.025 
0 0.084375 0.26484375 0.025 0.0234375 
0 0.07890625 0.25234375 0.0265625 0.0234375 
0 0.0796875 0.23125 0.025 0.025 
0 0.08359375 0.2109375 0.0265625 0.025 
0 0.084375 0.18828125 0.025 0.0234375 
