0 0.5890625 0.56171875 0.015625 0.0296875 
0 0.86875 0.4578125 0.028125 0.028125 
0 0.82734375 0.43203125 0.0140625 0.0296875 
0 0.76171875 0.09375 0.0328125 0.0125 
0 0.76171875 0.07734375 0.0265625 0.0109375 
0 0.76484375 0.06328125 0.0296875 0.0109375 
0 0.76328125 0.04921875 0.0265625 0.0109375 
0 0.76328125 0.0359375 0.0296875 0.0125 
0 0.7578125 0.01875 0.025 0.0125 
0 0.665625 0.00859375 0.034375 0.0109375 
0 0.6734375 0.0234375 0.03125 0.009375 
0 0.678125 0.04453125 0.03125 0.0140625 
0 0.68046875 0.08828125 0.0328125 0.0140625 
0 0.67734375 0.07578125 0.0328125 0.0140625 
0 0.83515625 0.54296875 0.0203125 0.0140625 
0 0.8328125 0.57578125 0.0125 0.0296875 
0 0.42890625 0.94921875 0.0296875 0.0109375 
0 0.3859375 0.9859375 0.01875 0.028125 
0 0.28203125 0.93984375 0.0296875 0.0140625 
0 0.30546875 0.80625 0.0328125 0.015625 
0 0.28671875 0.67578125 0.0328125 0.0109375 
0 0.4203125 0.671875 0.03125 0.0125 
0 0.3828125 0.7015625 0.015625 0.0375 
0 0.834375 0.61640625 0.01875 0.0265625 
0 0.70703125 0.30234375 0.0203125 0.0328125 
0 0.48515625 0.23359375 0.0296875 0.0203125 
0 0.45234375 0.23671875 0.0296875 0.0140625 
0 0.15703125 0.2453125 0.0203125 0.025 
0 0.17109375 0.2375 0.0203125 0.025 
0 0.07578125 0.2734375 0.0171875 0.028125 
0 0.07890625 0.2390625 0.0109375 0.025 
0 0.09609375 0.1484375 0.0296875 0.0125 
0 0.16953125 0.14453125 0.0265625 0.0109375 
0 0.2140625 0.1453125 0.03125 0.0125 
0 0.27890625 0.14140625 0.0234375 0.0109375 
0 0.56015625 0.1359375 0.0359375 0.0125 
