0 0.80390625 0.784375 0.0203125 0.025 
0 0.659375 0.76640625 0.015625 0.0359375 
0 0.64140625 0.7703125 0.0140625 0.028125 
0 0.52265625 0.77109375 0.0140625 0.0234375 
0 0.52421875 0.8046875 0.0109375 0.028125 
0 0.525 0.8421875 0.0125 0.03125 
0 0.153125 0.75546875 0.0125 0.0265625 
0 0.528125 0.70625 0.015625 0.03125 
0 0.8125 0.696875 0.03125 0.01875 
0 0.4125 0.66328125 0.0125 0.0265625 
0 0.42734375 0.5578125 0.0203125 0.040625 
0 0.69453125 0.54609375 0.0328125 0.0140625 
0 0.80546875 0.53046875 0.0296875 0.0203125 
0 0.5171875 0.25546875 0.025 0.0234375 
0 0.80078125 0.32734375 0.0296875 0.0140625 
0 0.80078125 0.3078125 0.0296875 0.0125 
0 0.7828125 0.7234375 0.03125 0.015625 
0 0.8046875 0.67421875 0.03125 0.0234375 
0 0.753125 0.22421875 0.028125 0.0140625 
0 0.69609375 0.56171875 0.0203125 0.0109375 
0 0.453125 0.946875 0.040625 0.015625 
0 0.71484375 0.98828125 0.0328125 0.0140625 
0 0.54375 0.9265625 0.034375 0.0125 
1 0.684375 0.9015625 0.0375 0.01875 
0 0.8609375 0.93359375 0.028125 0.0140625 
0 0.87109375 0.91171875 0.0328125 0.0140625 
0 0.6984375 0.6046875 0.028125 0.009375 
0 0.809375 0.64609375 0.025 0.0203125 
0 0.6984375 0.61875 0.028125 0.0125 
0 0.62265625 0.6 0.0265625 0.0125 
0 0.8890625 0.8234375 0.034375 0.025 
0 0.88125 0.653125 0.03125 0.028125 
0 0.81015625 0.58984375 0.0296875 0.0234375 
0 0.81015625 0.6109375 0.0296875 0.021875 
0 0.80859375 0.628125 0.0296875 0.021875 
0 0.75390625 0.23984375 0.0265625 0.0109375 
0 0.72578125 0.203125 0.0296875 0.0125 
0 0.0859375 0.75703125 0.015625 0.0328125 
1 0.6125 0.2984375 0.015625 0.034375 
0 0.3859375 0.0953125 0.03125 0.01875 
0 0.52734375 0.35 0.0140625 0.028125 
0 0.3265625 0.19921875 0.03125 0.0140625 
0 0.2578125 0.2515625 0.015625 0.025 
0 0.10078125 0.12890625 0.0296875 0.0140625 
0 0.6828125 0.096875 0.03125 0.0125 
0 0.75078125 0.09921875 0.0296875 0.0109375 
0 0.9484375 0.00859375 0.025 0.0140625 
0 0.3796875 0.04140625 0.03125 0.0140625 
0 0.140625 0.0171875 0.0125 0.028125 
0 0.15546875 0.01328125 0.0140625 0.0265625 
