0 0.56640625 0.4375 0.0234375 0.034375 
0 0.54453125 0.46875 0.0234375 0.03125 
0 0.52421875 0.50234375 0.0234375 0.0296875 
0 0.4890625 0.44921875 0.025 0.0296875 
0 0.471875 0.48515625 0.025 0.0296875 
0 0.48359375 0.57734375 0.0234375 0.0296875 
0 0.41953125 0.56796875 0.0234375 0.0296875 
0 0.34453125 0.559375 0.0203125 0.028125 
0 0.3046875 0.54296875 0.025 0.0328125 
0 0.2625 0.51875 0.01875 0.028125 
0 0.61171875 0.359375 0.0234375 0.028125 
0 0.2484375 0.51015625 0.021875 0.0296875 
0 0.21953125 0.49765625 0.0203125 0.0265625 
0 0.16640625 0.46015625 0.0265625 0.0296875 
0 0.1359375 0.44765625 0.025 0.0265625 
0 0.1578125 0.5078125 0.028125 0.025 
0 0.1015625 0.47265625 0.025 0.0234375 
0 0.06328125 0.45078125 0.0296875 0.0265625 
0 0.05625 0.39375 0.025 0.03125 
0 0.0609375 0.48203125 0.03125 0.0265625 
0 0.08828125 0.5609375 0.0359375 0.03125 
0 0.584375 0.29296875 0.021875 0.0296875 
0 0.63046875 0.32734375 0.0234375 0.0328125 
0 0.17578125 0.60859375 0.0296875 0.0265625 
0 0.7546875 0.01484375 0.025 0.0265625 
0 0.19140625 0.18359375 0.0328125 0.0234375 
0 0.18203125 0.20078125 0.0265625 0.0234375 
0 0.215625 0.0546875 0.025 0.034375 
0 0.18515625 0.1046875 0.0265625 0.03125 
0 0.159375 0.14375 0.021875 0.028125 
0 0.134375 0.18515625 0.021875 0.0296875 
0 0.09921875 0.24453125 0.0234375 0.0328125 
0 0.07890625 0.27734375 0.0265625 0.0328125 
0 0.73046875 0.05078125 0.0203125 0.0296875 
0 0.684375 0.23828125 0.021875 0.0296875 
0 0.68125 0.05546875 0.025 0.0203125 
0 0.68046875 0.13046875 0.0234375 0.0328125 
0 0.63359375 0.21484375 0.0203125 0.0296875 
0 0.81171875 0.02421875 0.0265625 0.0328125 
0 0.79140625 0.059375 0.0265625 0.028125 
0 0.76171875 0.10625 0.0234375 0.03125 
0 0.72578125 0.17109375 0.0203125 0.0265625 
0 0.70546875 0.2 0.0203125 0.028125 
0 0.70078125 0.1640625 0.0234375 0.03125 
0 0.13828125 0.58828125 0.0359375 0.0296875 
1 0.26640625 0.65390625 0.1078125 0.0640625 
1 0.7359375 0.92734375 0.059375 0.0796875 
0 0.5703125 0.9109375 0.034375 0.028125 
0 0.5234375 0.92421875 0.021875 0.0328125 
0 0.6703125 0.940625 0.03125 0.025 
0 0.98671875 0.890625 0.0265625 0.01875 
1 0.121875 0.615625 0.065625 0.04375 
0 0.71953125 0.78046875 0.0296875 0.0203125 
1 0.29140625 0.715625 0.0390625 0.03125 
1 0.665625 0.73984375 0.115625 0.0484375 
0 0.5453125 0.678125 0.03125 0.021875 
0 0.57890625 0.6890625 0.0265625 0.01875 
0 0.50390625 0.6953125 0.0265625 0.01875 
0 0.56484375 0.7125 0.0296875 0.01875 
0 0.51640625 0.72265625 0.0296875 0.0234375 
0 0.5625 0.73203125 0.028125 0.0171875 
0 0.62265625 0.7515625 0.0296875 0.01875 
0 0.66953125 0.76640625 0.0328125 0.0203125 
0 0.73125 0.73359375 0.028125 0.0203125 
0 0.74921875 0.76796875 0.0296875 0.0203125 
0 0.8296875 0.759375 0.03125 0.01875 
0 0.8640625 0.771875 0.028125 0.01875 
0 0.8953125 0.778125 0.028125 0.01875 
0 0.77421875 0.79375 0.0328125 0.021875 
0 0.8921875 0.82578125 0.028125 0.0203125 
0 0.35234375 0.8140625 0.0171875 0.025 
0 0.96328125 0.7984375 0.0296875 0.015625 
0 0.990625 0.80703125 0.01875 0.0171875 
0 0.2375 0.10546875 0.028125 0.0265625 
0 0.2671875 0.05859375 0.03125 0.0234375 
0 0.1578125 0.02578125 0.025 0.0328125 
0 0.12109375 0.08984375 0.0265625 0.0328125 
