0 0.03984375 0.22578125 0.0265625 0.0171875 
0 0.07578125 0.2421875 0.0328125 0.025 
0 0.19296875 0.309375 0.0421875 0.03125 
0 0.4234375 0.421875 0.028125 0.025 
0 0.415625 0.375 0.028125 0.021875 
0 0.465625 0.4 0.028125 0.021875 
0 0.5 0.41640625 0.028125 0.0203125 
0 0.24453125 0.2390625 0.0234375 0.034375 
0 0.59921875 0.48203125 0.0234375 0.0359375 
0 0.61640625 0.315625 0.0234375 0.034375 
0 0.59296875 0.36640625 0.0203125 0.0234375 
0 0.57890625 0.39296875 0.0203125 0.0296875 
0 0.2234375 0.97109375 0.021875 0.0296875 
0 0.69296875 0.31171875 0.0203125 0.0296875 
0 0.6765625 0.34140625 0.021875 0.0296875 
0 0.72265625 0.35078125 0.0203125 0.0296875 
0 0.728125 0.33515625 0.025 0.0328125 
0 0.73828125 0.321875 0.0265625 0.03125 
0 0.746875 0.30625 0.021875 0.03125 
0 0.74765625 0.07578125 0.0234375 0.0296875 
0 0.728125 0.1046875 0.021875 0.03125 
0 0.7015625 0.1546875 0.021875 0.03125 
0 0.6703125 0.215625 0.025 0.034375 
0 0.646875 0.26015625 0.025 0.0359375 
0 0.64375 0.3984375 0.021875 0.03125 
0 0.73046875 0.23828125 0.0234375 0.0359375 
0 0.73984375 0.421875 0.0234375 0.03125 
0 0.68671875 0.4453125 0.0203125 0.01875 
0 0.715625 0.4578125 0.03125 0.025 
0 0.784375 0.490625 0.03125 0.025 
0 0.98984375 0.58984375 0.0203125 0.0265625 
0 0.8234375 0.503125 0.021875 0.025 
0 0.83828125 0.50859375 0.0171875 0.0296875 
0 0.84765625 0.51796875 0.0203125 0.0265625 
0 0.871875 0.5296875 0.021875 0.03125 
0 0.91953125 0.55390625 0.0234375 0.0328125 
0 0.93828125 0.5671875 0.0234375 0.034375 
0 0.95078125 0.57265625 0.0203125 0.0296875 
0 0.975 0.5796875 0.01875 0.028125 
