0 0.09140625 0.34921875 0.0296875 0.0140625 
0 0.04765625 0.334375 0.0265625 0.0125 
0 0.4625 0.0546875 0.015625 0.03125 
0 0.51796875 0.28515625 0.0140625 0.0296875 
0 0.51875 0.25 0.0125 0.028125 
0 0.52265625 0.07421875 0.0140625 0.0328125 
0 0.46640625 0.1421875 0.0109375 0.028125 
0 0.31953125 0.2484375 0.0203125 0.03125 
0 0.03828125 0.39140625 0.0109375 0.0265625 
0 0.10859375 0.415625 0.0265625 0.025 
0 0.17890625 0.40703125 0.0109375 0.0265625 
0 0.33359375 0.38515625 0.0140625 0.0296875 
0 0.9125 0.596875 0.028125 0.015625 
0 0.228125 0.80390625 0.034375 0.0171875 
0 0.3546875 0.7046875 0.015625 0.03125 
0 0.3375 0.70546875 0.01875 0.0296875 
0 0.04765625 0.6765625 0.0140625 0.03125 
0 0.94296875 0.709375 0.0140625 0.03125 
0 0.86953125 0.6 0.0328125 0.015625 
0 0.8203125 0.5765625 0.025 0.0125 
0 0.87421875 0.45078125 0.0296875 0.0171875 
0 0.93359375 0.3109375 0.0171875 0.025 
0 0.85859375 0.32890625 0.0265625 0.0109375 
0 0.8421875 0.315625 0.021875 0.0125 
0 0.52578125 0.54140625 0.0171875 0.0296875 
