0 0.81875 0.6890625 0.0125 0.00625 
0 0.81875 0.675 0.015625 0.00625 
0 0.81796875 0.66015625 0.0140625 0.0046875 
0 0.85078125 0.6453125 0.0046875 0.015625 
0 0.86796875 0.63359375 0.0171875 0.0171875 
0 0.88046875 0.634375 0.0140625 0.015625 
0 0.9015625 0.6359375 0.015625 0.015625 
0 0.9125 0.6328125 0.015625 0.01875 
0 0.92109375 0.6328125 0.0140625 0.015625 
0 0.81953125 0.640625 0.0140625 0.00625 
0 0.81953125 0.6265625 0.0171875 0.00625 
0 0.64296875 0.97734375 0.0046875 0.0140625 
0 0.82109375 0.61875 0.0140625 0.00625 
0 0.8203125 0.609375 0.015625 0.00625 
0 0.81875 0.6015625 0.0125 0.00625 
0 0.8171875 0.53984375 0.01875 0.0078125 
0 0.81875 0.52890625 0.015625 0.0078125 
0 0.81875 0.51875 0.015625 0.009375 
0 0.81953125 0.51171875 0.0171875 0.0078125 
0 0.8203125 0.50390625 0.015625 0.0078125 
0 0.8203125 0.49375 0.015625 0.00625 
0 0.82109375 0.4859375 0.0140625 0.00625 
0 0.853125 0.7015625 0.009375 0.015625 
0 0.8171875 0.70625 0.015625 0.00625 
0 0.81640625 0.7140625 0.0140625 0.00625 
0 0.8171875 0.73046875 0.015625 0.0046875 
0 0.6578125 0.975 0.00625 0.015625 
0 0.53671875 0.97421875 0.0140625 0.0078125 
0 0.24765625 0.978125 0.0078125 0.015625 
0 0.22421875 0.92265625 0.0046875 0.0140625 
0 0.240625 0.915625 0.00625 0.015625 
0 0.8171875 0.75546875 0.01875 0.0078125 
0 0.81640625 0.740625 0.0140625 0.00625 
0 0.88046875 0.58828125 0.0078125 0.0171875 
0 0.890625 0.5890625 0.009375 0.015625 
0 0.90078125 0.58984375 0.0078125 0.0171875 
0 0.23359375 0.8015625 0.0078125 0.01875 
0 0.23359375 0.7734375 0.0046875 0.015625 
0 0.0265625 0.559375 0.00625 0.015625 
0 0.21640625 0.7671875 0.0078125 0.015625 
0 0.31171875 0.71015625 0.0140625 0.0078125 
0 0.253125 0.3421875 0.00625 0.0125 
0 0.01015625 0.55859375 0.0078125 0.0171875 
0 0.01484375 0.521875 0.0046875 0.0125 
1 0.24296875 0.45234375 0.0078125 0.0203125 
0 0.2296875 0.2015625 0.009375 0.015625 
0 0.29609375 0.18515625 0.0140625 0.0078125 
0 0.29375 0.1359375 0.015625 0.00625 
0 0.48515625 0.20234375 0.0078125 0.0140625 
0 0.48125 0.13046875 0.00625 0.0140625 
0 0.47734375 0.09765625 0.0078125 0.0140625 
0 0.4734375 0.06328125 0.00625 0.0171875 
0 0.0359375 0.2984375 0.00625 0.0125 
0 0.19375 0.128125 0.0125 0.015625 
0 0.015625 0.16796875 0.0125 0.0140625 
0 0.21640625 0.81953125 0.0046875 0.0140625 
0 0.234375 0.8296875 0.00625 0.01875 
0 0.91953125 0.59453125 0.0078125 0.0140625 
0 0.2171875 0.853125 0.00625 0.015625 
0 0.9421875 0.5953125 0.00625 0.0125 
0 0.94921875 0.5953125 0.0078125 0.015625 
0 0.9625 0.596875 0.00625 0.0125 
0 0.92421875 0.43125 0.0140625 0.00625 
0 0.8953125 0.34140625 0.00625 0.0140625 
0 0.9765625 0.23671875 0.0125 0.0046875 
0 0.9359375 0.23515625 0.015625 0.0078125 
0 0.91953125 0.234375 0.0140625 0.00625 
0 0.46484375 0.37734375 0.0046875 0.0140625 
0 0.62109375 0.34296875 0.0140625 0.0078125 
0 0.834375 0.3546875 0.015625 0.00625 
0 0.640625 0.3375 0.021875 0.009375 
0 0.6921875 0.2890625 0.00625 0.0125 
0 0.69375 0.2546875 0.00625 0.015625 
0 0.02109375 0.85859375 0.0046875 0.0140625 
0 0.0171875 0.8 0.00625 0.015625 
0 0.03046875 0.7578125 0.0140625 0.00625 
0 0.0171875 0.7421875 0.00625 0.015625 
0 0.00625 0.58671875 0.009375 0.0171875 
0 0.68203125 0.97578125 0.0078125 0.0140625 
0 0.71796875 0.9375 0.0078125 0.0125 
0 0.25234375 0.36796875 0.0078125 0.0140625 
0 0.2453125 0.94765625 0.009375 0.0171875 
0 0.0328125 0.98984375 0.00625 0.0140625 
0 0.0171875 0.99453125 0.009375 0.0109375 
0 0.01171875 0.95703125 0.0078125 0.0171875 
0 0.00859375 0.92578125 0.0078125 0.0140625 
0 0.2203125 0.88671875 0.00625 0.0140625 
0 0.77109375 0.9375 0.0078125 0.0125 
0 0.16640625 0.72265625 0.0140625 0.0078125 
0 0.18359375 0.70703125 0.0140625 0.0078125 
0 0.1625 0.70703125 0.015625 0.0078125 
0 0.228125 0.55625 0.009375 0.015625 
0 0.23125 0.52265625 0.00625 0.0140625 
0 0.25 0.29375 0.009375 0.015625 
0 0.9578125 0.984375 0.00625 0.0125 
0 0.9296875 0.96328125 0.015625 0.0078125 
0 0.9640625 0.64296875 0.015625 0.0140625 
0 0.9546875 0.64375 0.0125 0.0125 
0 0.94375 0.6453125 0.0125 0.0125 
0 0.93203125 0.64609375 0.0140625 0.0109375 
0 0.865625 0.64140625 0.0125 0.0109375 
0 0.89140625 0.64609375 0.0140625 0.0140625 
0 0.9515625 0.6296875 0.0125 0.0125 
0 0.9203125 0.8359375 0.015625 0.009375 
0 0.93203125 0.9109375 0.0140625 0.00625 
0 0.93046875 0.98125 0.0140625 0.009375 
0 0.96015625 0.93359375 0.0078125 0.0171875 
0 0.93203125 0.928125 0.0140625 0.00625 
0 0.93125 0.95 0.0125 0.00625 
0 0.75859375 0.9765625 0.0078125 0.015625 
0 0.73515625 0.97890625 0.0078125 0.0171875 
0 0.7203125 0.97734375 0.00625 0.0140625 
0 0.93046875 0.98984375 0.0171875 0.0078125 
