0 0.909375 0.31875 0.015625 0.00625 
0 0.90859375 0.30390625 0.0140625 0.0046875 
0 0.94140625 0.2890625 0.0046875 0.015625 
0 0.95859375 0.27734375 0.0171875 0.0171875 
0 0.97109375 0.278125 0.0140625 0.015625 
0 0.9921875 0.2796875 0.015625 0.015625 
0 0.91015625 0.284375 0.0140625 0.00625 
0 0.91015625 0.2703125 0.0171875 0.00625 
0 0.73359375 0.62109375 0.0046875 0.0140625 
0 0.91171875 0.2625 0.0140625 0.00625 
0 0.9109375 0.253125 0.015625 0.00625 
0 0.909375 0.2453125 0.0125 0.00625 
0 0.9078125 0.18359375 0.01875 0.0078125 
0 0.909375 0.17265625 0.015625 0.0078125 
0 0.909375 0.1625 0.015625 0.009375 
0 0.91015625 0.15546875 0.0171875 0.0078125 
0 0.9109375 0.14765625 0.015625 0.0078125 
0 0.9109375 0.1375 0.015625 0.00625 
0 0.91171875 0.1296875 0.0140625 0.00625 
0 0.94375 0.3453125 0.009375 0.015625 
0 0.9078125 0.35 0.015625 0.00625 
0 0.90703125 0.3578125 0.0140625 0.00625 
0 0.9078125 0.37421875 0.015625 0.0046875 
0 0.7109375 0.7265625 0.00625 0.0125 
0 0.671875 0.71171875 0.00625 0.0140625 
0 0.72421875 0.65703125 0.0078125 0.0140625 
0 0.7484375 0.61875 0.00625 0.015625 
0 0.628125 0.70703125 0.015625 0.0078125 
0 0.62734375 0.61796875 0.0140625 0.0078125 
0 0.25078125 0.9546875 0.0109375 0.0125 
0 0.31640625 0.86953125 0.0078125 0.0140625 
0 0.3234375 0.8421875 0.009375 0.015625 
0 0.3171875 0.803125 0.009375 0.015625 
0 0.3265625 0.79921875 0.00625 0.0140625 
0 0.3203125 0.7765625 0.00625 0.015625 
0 0.325 0.7390625 0.00625 0.015625 
0 0.32578125 0.70703125 0.0078125 0.0140625 
0 0.34453125 0.68046875 0.0078125 0.0171875 
0 0.32578125 0.66953125 0.0078125 0.0171875 
0 0.33828125 0.621875 0.0078125 0.015625 
0 0.31484375 0.56640625 0.0046875 0.0140625 
0 0.33125 0.559375 0.00625 0.015625 
0 0.9078125 0.39921875 0.01875 0.0078125 
0 0.90703125 0.384375 0.0140625 0.00625 
0 0.97109375 0.23203125 0.0078125 0.0171875 
0 0.98125 0.2328125 0.009375 0.015625 
0 0.99140625 0.23359375 0.0078125 0.0171875 
0 0.32421875 0.4453125 0.0078125 0.01875 
0 0.32421875 0.4171875 0.0046875 0.015625 
0 0.1171875 0.203125 0.00625 0.015625 
0 0.30703125 0.4109375 0.0078125 0.015625 
0 0.40234375 0.35390625 0.0140625 0.0078125 
0 0.10078125 0.20234375 0.0078125 0.0171875 
0 0.10546875 0.165625 0.0046875 0.0125 
1 0.33359375 0.09609375 0.0078125 0.0203125 
0 0.30703125 0.46328125 0.0046875 0.0140625 
0 0.325 0.4734375 0.00625 0.01875 
0 0.3078125 0.496875 0.00625 0.015625 
0 0.55546875 0.02109375 0.0046875 0.0140625 
0 0.0953125 0.53671875 0.00625 0.0140625 
0 0.11171875 0.50234375 0.0046875 0.0140625 
0 0.1078125 0.44375 0.00625 0.015625 
0 0.090625 0.4234375 0.00625 0.0125 
0 0.12109375 0.4015625 0.0140625 0.00625 
0 0.1078125 0.3859375 0.00625 0.015625 
0 0.096875 0.23046875 0.009375 0.0171875 
0 0.77265625 0.61953125 0.0078125 0.0140625 
0 0.80859375 0.58125 0.0078125 0.0125 
0 0.34296875 0.01171875 0.0078125 0.0140625 
0 0.3359375 0.59140625 0.009375 0.0171875 
0 0.0921875 0.809375 0.0125 0.01875 
0 0.128125 0.7484375 0.00625 0.015625 
0 0.1140625 0.7265625 0.009375 0.015625 
0 0.13125 0.72109375 0.00625 0.0140625 
0 0.1125 0.671875 0.009375 0.015625 
0 0.1234375 0.63359375 0.00625 0.0140625 
0 0.1078125 0.63984375 0.009375 0.0140625 
0 0.10234375 0.60078125 0.0078125 0.0171875 
0 0.09921875 0.56953125 0.0078125 0.0140625 
0 0.09453125 0.49375 0.0078125 0.015625 
0 0.3109375 0.53046875 0.00625 0.0140625 
0 0.86171875 0.58125 0.0078125 0.0125 
0 0.25703125 0.36640625 0.0140625 0.0078125 
0 0.27421875 0.35078125 0.0140625 0.0078125 
0 0.253125 0.35078125 0.015625 0.0078125 
0 0.31875 0.2 0.009375 0.015625 
0 0.321875 0.16640625 0.00625 0.0140625 
0 0.9796875 0.703125 0.00625 0.015625 
0 0.7859375 0.70859375 0.00625 0.0140625 
0 0.77109375 0.728125 0.0078125 0.015625 
0 0.8015625 0.67421875 0.00625 0.0140625 
0 0.8078125 0.67265625 0.00625 0.0109375 
0 0.95625 0.28515625 0.0125 0.0109375 
0 0.98203125 0.28984375 0.0140625 0.0140625 
0 0.1765625 0.8796875 0.0125 0.015625 
0 0.16640625 0.83203125 0.0140625 0.0109375 
0 0.8078125 0.65546875 0.00625 0.0109375 
0 0.825 0.6578125 0.00625 0.0125 
0 0.8234375 0.67109375 0.00625 0.0109375 
0 0.815625 0.6703125 0.00625 0.0125 
0 0.79921875 0.92578125 0.0046875 0.0140625 
0 0.646875 0.9125 0.009375 0.015625 
0 0.89296875 0.83515625 0.0140625 0.0078125 
0 0.89453125 0.80703125 0.0140625 0.0078125 
0 0.896875 0.7921875 0.015625 0.00625 
0 0.89453125 0.7828125 0.0140625 0.00625 
0 0.85390625 0.76484375 0.0078125 0.0140625 
0 0.83828125 0.7640625 0.0078125 0.0125 
0 0.7859375 0.76171875 0.00625 0.0140625 
0 0.7640625 0.7109375 0.00625 0.015625 
0 0.771875 0.7109375 0.00625 0.015625 
0 0.79375 0.709375 0.00625 0.0125 
0 0.80859375 0.7109375 0.0046875 0.0125 
0 0.8234375 0.71015625 0.00625 0.0140625 
0 0.7921875 0.6578125 0.00625 0.015625 
0 0.75703125 0.67421875 0.0078125 0.0140625 
0 0.8390625 0.6578125 0.009375 0.015625 
0 0.846875 0.67421875 0.00625 0.0140625 
0 0.846875 0.65703125 0.00625 0.0140625 
0 0.84921875 0.6203125 0.0078125 0.015625 
0 0.82578125 0.62265625 0.0078125 0.0171875 
0 0.8109375 0.62109375 0.00625 0.0140625 
0 0.73515625 0.9390625 0.0078125 0.0125 
0 0.8390625 0.93984375 0.00625 0.0140625 
0 0.890625 0.97109375 0.0125 0.0078125 
0 0.9875 0.8296875 0.00625 0.0125 
0 0.759375 0.978125 0.00625 0.0125 
0 0.890625 0.98515625 0.015625 0.0078125 
