0 0.07734375 0.38984375 0.0296875 0.0109375 
0 0.00703125 0.29765625 0.0109375 0.0265625 
0 0.69375 0.484375 0.0125 0.025 
0 0.840625 0.265625 0.021875 0.03125 
0 0.8578125 0.2640625 0.021875 0.028125 
0 0.87578125 0.26171875 0.0203125 0.0296875 
0 0.8921875 0.2640625 0.021875 0.03125 
0 0.909375 0.2640625 0.025 0.028125 
0 0.92265625 0.25703125 0.0234375 0.0296875 
0 0.93984375 0.26171875 0.0203125 0.0265625 
0 0.959375 0.26015625 0.021875 0.0296875 
0 0.9734375 0.259375 0.021875 0.03125 
0 0.9890625 0.26171875 0.021875 0.0296875 
0 0.9796875 0.77109375 0.0125 0.0296875 
0 0.42890625 0.775 0.0140625 0.028125 
0 0.1859375 0.7953125 0.0125 0.03125 
0 0.26171875 0.84140625 0.0296875 0.0109375 
0 0.425 0.8078125 0.021875 0.028125 
0 0.46484375 0.840625 0.0328125 0.015625 
0 0.3859375 0.89765625 0.028125 0.0109375 
0 0.4453125 0.89375 0.03125 0.015625 
0 0.503125 0.83671875 0.03125 0.0171875 
0 0.5671875 0.77734375 0.0125 0.0296875 
0 0.71015625 0.88671875 0.0296875 0.0140625 
0 0.84609375 0.7734375 0.0140625 0.0375 
0 0.8578125 0.7390625 0.0125 0.03125 
0 0.99375 0.41640625 0.0125 0.0109375 
0 0.990625 0.365625 0.01875 0.0125 
0 0.98828125 0.3203125 0.0234375 0.03125 
0 0.7953125 0.3265625 0.025 0.028125 
0 0.83046875 0.3265625 0.0234375 0.03125 
0 0.8484375 0.3234375 0.025 0.025 
0 0.8828125 0.32265625 0.021875 0.0265625 
0 0.89921875 0.32265625 0.0203125 0.0296875 
0 0.91640625 0.321875 0.0171875 0.028125 
0 0.95 0.32265625 0.025 0.0296875 
0 0.96875 0.321875 0.01875 0.028125 
