0 0.25078125 0.2296875 0.0234375 0.021875 
0 0.22578125 0.2140625 0.0265625 0.021875 
0 0.11953125 0.14609375 0.0359375 0.0296875 
0 0.06640625 0.11484375 0.0265625 0.0234375 
0 0.2671875 0.3421875 0.025 0.03125 
0 0.2 0.409375 0.028125 0.034375 
0 0.17265625 0.44765625 0.0296875 0.0359375 
0 0.49140625 0.06875 0.0296875 0.03125 
0 0.47109375 0.1 0.0234375 0.034375 
0 0.42890625 0.1640625 0.0234375 0.03125 
0 0.346875 0.1734375 0.021875 0.025 
0 0.2140625 0.14375 0.028125 0.021875 
0 0.36953125 0.2546875 0.0203125 0.025 
0 0.35390625 0.28046875 0.0234375 0.0296875 
0 0.3234375 0.328125 0.021875 0.03125 
0 0.303125 0.35859375 0.021875 0.0296875 
0 0.28359375 0.39296875 0.0265625 0.0296875 
0 0.26171875 0.4234375 0.0265625 0.03125 
0 0.2375 0.4625 0.028125 0.03125 
0 0.2171875 0.4984375 0.021875 0.028125 
0 0.19609375 0.5296875 0.0265625 0.028125 
0 0.17265625 0.565625 0.0265625 0.03125 
0 0.2734375 0.184375 0.03125 0.025 
0 0.18125 0.121875 0.0375 0.028125 
0 0.13125 0.0890625 0.028125 0.021875 
0 0.0609375 0.04140625 0.028125 0.0234375 
0 0.14921875 0.5984375 0.0296875 0.0375 
0 0.0109375 0.59609375 0.01875 0.0203125 
0 0.3671875 0.14140625 0.025 0.0328125 
0 0.01171875 0.79765625 0.0203125 0.0328125 
0 0.87890625 0.17578125 0.0296875 0.0265625 
0 0.7546875 0.0546875 0.025 0.025 
0 0.74609375 0.0703125 0.0234375 0.025 
0 0.73359375 0.103125 0.0234375 0.025 
0 0.77734375 0.08046875 0.0296875 0.0203125 
0 0.76796875 0.10078125 0.0265625 0.0171875 
0 0.7625 0.121875 0.03125 0.01875 
0 0.73984375 0.20078125 0.0171875 0.0265625 
0 0.7578125 0.21171875 0.015625 0.0234375 
0 0.76796875 0.225 0.0171875 0.03125 
0 0.79765625 0.2453125 0.0171875 0.03125 
0 0.84453125 0.1703125 0.0234375 0.025 
