0 0.07421875 0.41484375 0.0109375 0.0078125 
0 0.0875 0.4203125 0.0125 0.009375 
0 0.103125 0.428125 0.0125 0.009375 
0 0.11875 0.43515625 0.0125 0.0109375 
0 0.3984375 0.56015625 0.015625 0.0109375 
0 0.42265625 0.56328125 0.0140625 0.0109375 
0 0.51640625 0.6421875 0.0109375 0.015625 
0 0.03359375 0.3953125 0.0140625 0.009375 
0 0.6734375 0.984375 0.0125 0.009375 
0 0.64921875 0.959375 0.0046875 0.015625 
0 0.62265625 0.95 0.0078125 0.0125 
0 0.046875 0.4015625 0.0125 0.0125 
0 0.01796875 0.41171875 0.0171875 0.0109375 
0 0.078125 0.40234375 0.0125 0.0078125 
0 0.921875 0.2265625 0.009375 0.0125 
0 0.92890625 0.22734375 0.0046875 0.0109375 
0 0.9359375 0.228125 0.00625 0.0125 
0 0.94375 0.2296875 0.00625 0.0125 
0 0.95078125 0.23046875 0.0046875 0.0109375 
0 0.01640625 0.3703125 0.0140625 0.009375 
0 0.01640625 0.36328125 0.0140625 0.0109375 
0 0.0140625 0.3859375 0.0125 0.009375 
0 0.85703125 0.1625 0.0078125 0.0125 
0 0.853125 0.17578125 0.00625 0.0109375 
0 0.84765625 0.1921875 0.0078125 0.0125 
0 0.8421875 0.20546875 0.0125 0.0140625 
0 0.946875 0.21484375 0.00625 0.0109375 
0 0.92578125 0.5703125 0.0140625 0.009375 
0 0.9296875 0.57890625 0.0125 0.0109375 
0 0.93359375 0.584375 0.0109375 0.0125 
0 0.94296875 0.5890625 0.0109375 0.0125 
0 0.9109375 0.2078125 0.00625 0.0125 
0 0.91875 0.20703125 0.00625 0.0140625 
0 0.92578125 0.21171875 0.0078125 0.0140625 
0 0.9328125 0.2125 0.00625 0.009375 
0 0.9390625 0.2125 0.00625 0.009375 
0 0.9265625 0.1765625 0.009375 0.0125 
0 0.9203125 0.55390625 0.0125 0.0046875 
0 0.93359375 0.18125 0.0109375 0.0125 
0 0.9390625 0.18671875 0.0125 0.0140625 
0 0.946875 0.190625 0.0125 0.0125 
0 0.95390625 0.19609375 0.0109375 0.0140625 
0 0.96015625 0.2 0.0109375 0.0125 
0 0.8890625 0.20234375 0.009375 0.0140625 
0 0.8828125 0.18203125 0.009375 0.0140625 
0 0.87265625 0.2171875 0.0078125 0.015625 
0 0.875 0.2390625 0.00625 0.0125 
0 0.92109375 0.56171875 0.0109375 0.0046875 
0 0.36171875 0.521875 0.0046875 0.0125 
0 0.90703125 0.6421875 0.0140625 0.009375 
0 0.13828125 0.4203125 0.0140625 0.009375 
0 0.03203125 0.37109375 0.0140625 0.0109375 
0 0.046875 0.37734375 0.015625 0.0109375 
0 0.0609375 0.38359375 0.0125 0.0078125 
0 0.07734375 0.39140625 0.0140625 0.0109375 
0 0.096875 0.40078125 0.0125 0.0109375 
0 0.12421875 0.41484375 0.0140625 0.0109375 
0 0.215625 0.4484375 0.015625 0.009375 
0 0.35234375 0.51796875 0.0046875 0.0140625 
0 0.23046875 0.4578125 0.0046875 0.0125 
0 0.2375 0.4609375 0.00625 0.0125 
0 0.24453125 0.46484375 0.0046875 0.0109375 
0 0.25234375 0.46796875 0.0046875 0.0109375 
0 0.2578125 0.46875 0.00625 0.0125 
0 0.27421875 0.475 0.0078125 0.0125 
0 0.28125 0.47890625 0.00625 0.0109375 
0 0.28984375 0.48203125 0.0078125 0.0109375 
0 0.3046875 0.4875 0.009375 0.0125 
0 0.91640625 0.66015625 0.0140625 0.0078125 
0 0.4890625 0.5765625 0.009375 0.0125 
0 0.47734375 0.5734375 0.0078125 0.0125 
0 0.46484375 0.86015625 0.0078125 0.0140625 
0 0.47421875 0.86484375 0.0078125 0.0140625 
0 0.48125 0.86875 0.00625 0.0125 
0 0.490625 0.86875 0.00625 0.0125 
0 0.91484375 0.2234375 0.0078125 0.0125 
0 0.8296875 0.29296875 0.00625 0.0140625 
0 0.865625 0.31328125 0.00625 0.0109375 
0 0.9390625 0.48046875 0.0125 0.0109375 
0 0.87734375 0.4078125 0.0046875 0.015625 
0 0.8640625 0.40234375 0.00625 0.0140625 
0 0.86171875 0.34921875 0.0046875 0.0109375 
0 0.84765625 0.40234375 0.0078125 0.0140625 
0 0.83359375 0.44375 0.0078125 0.0125 
0 0.95078125 0.5296875 0.0109375 0.0125 
0 0.94375 0.51796875 0.009375 0.0109375 
0 0.95390625 0.4953125 0.0109375 0.0125 
0 0.9453125 0.4875 0.009375 0.009375 
0 0.9359375 0.47109375 0.009375 0.0109375 
0 0.97578125 0.5921875 0.0046875 0.009375 
0 0.9328125 0.465625 0.0125 0.009375 
0 0.92578125 0.459375 0.0109375 0.009375 
1 0.9453125 0.4375 0.0125 0.01875 
1 0.84140625 0.51171875 0.0078125 0.0359375 
1 0.734375 0.71171875 0.025 0.0109375 
1 0.23125 0.5578125 0.028125 0.01875 
1 0.3125 0.55390625 0.01875 0.0359375 
1 0.37265625 0.58828125 0.0171875 0.0265625 
1 0.26171875 0.52890625 0.0171875 0.0265625 
0 0.95390625 0.590625 0.0046875 0.0125 
0 0.91953125 0.5390625 0.0140625 0.00625 
1 0.0609375 0.559375 0.009375 0.034375 
0 0.259375 0.93515625 0.00625 0.0140625 
0 0.33125 0.95390625 0.00625 0.0140625 
0 0.31953125 0.9515625 0.0078125 0.015625 
0 0.31015625 0.9484375 0.0078125 0.01875 
0 0.2421875 0.928125 0.00625 0.015625 
0 0.9171875 0.525 0.0125 0.00625 
0 0.23515625 0.92734375 0.0046875 0.0140625 
0 0.92734375 0.68671875 0.0140625 0.0078125 
0 0.88125 0.68671875 0.015625 0.0109375 
0 0.8546875 0.6546875 0.009375 0.015625 
0 0.85078125 0.60234375 0.0078125 0.0109375 
0 0.85 0.54765625 0.00625 0.0140625 
0 0.8515625 0.515625 0.00625 0.0125 
0 0.85078125 0.48359375 0.0078125 0.0140625 
0 0.9125 0.5046875 0.0125 0.00625 
1 0.2359375 0.5140625 0.01875 0.03125 
1 0.26171875 0.59453125 0.0203125 0.0296875 
0 0.75546875 0.70390625 0.0140625 0.0046875 
0 0.875 0.746875 0.00625 0.0125 
0 0.86953125 0.76640625 0.0078125 0.0109375 
0 0.859375 0.746875 0.00625 0.015625 
0 0.759375 0.7140625 0.0125 0.00625 
0 0.85625 0.78671875 0.00625 0.0109375 
0 0.8453125 0.746875 0.00625 0.0125 
0 0.71171875 0.70859375 0.0109375 0.0078125 
0 0.69296875 0.70859375 0.0140625 0.0046875 
0 0.7359375 0.703125 0.0125 0.00625 
0 0.75546875 0.6953125 0.0140625 0.00625 
0 0.85390625 0.909375 0.0078125 0.0125 
0 0.7375 0.69296875 0.015625 0.0078125 
1 0.8765625 0.2734375 0.0125 0.034375 
1 0.91484375 0.17421875 0.0171875 0.0234375 
0 0.971875 0.22265625 0.015625 0.0109375 
0 0.87578125 0.1484375 0.0109375 0.015625 
0 0.8625 0.28515625 0.00625 0.0140625 
0 0.8359375 0.89765625 0.00625 0.0171875 
0 0.8921875 0.82421875 0.00625 0.0140625 
1 0.27109375 0.59921875 0.0203125 0.0296875 
1 0.31640625 0.62421875 0.0140625 0.0234375 
1 0.2984375 0.61484375 0.01875 0.0296875 
0 0.41875 0.61015625 0.009375 0.0140625 
0 0.4109375 0.60859375 0.009375 0.0140625 
0 0.91328125 0.79921875 0.0078125 0.0140625 
0 0.8390625 0.9625 0.00625 0.015625 
0 0.8296875 0.85703125 0.00625 0.0171875 
