0 0.65546875 0.75703125 0.0203125 0.0109375 
0 0.76015625 0.775 0.0265625 0.015625 
0 0.4375 0.66796875 0.021875 0.0109375 
0 0.534375 0.5796875 0.01875 0.021875 
0 0.8046875 0.625 0.025 0.0125 
0 0.99296875 0.9453125 0.0140625 0.025 
0 0.234375 0.54765625 0.015625 0.0265625 
0 0.1734375 0.615625 0.01875 0.009375 
0 0.09609375 0.66484375 0.0140625 0.0203125 
0 0.36484375 0.03515625 0.0296875 0.0171875 
0 0.071875 0.24296875 0.0125 0.0203125 
0 0.18125 0.18046875 0.021875 0.0140625 
0 0.1484375 0.17421875 0.021875 0.0140625 
0 0.31171875 0.24453125 0.0109375 0.0203125 
0 0.3109375 0.26953125 0.0125 0.0203125 
0 0.02734375 0.63671875 0.0171875 0.0203125 
0 0.046875 0.62265625 0.021875 0.0140625 
0 0.03828125 0.64609375 0.0171875 0.0203125 
0 0.06328125 0.64609375 0.0109375 0.0203125 
0 0.071875 0.65625 0.009375 0.01875 
0 0.08359375 0.6625 0.0078125 0.01875 
