1 0.1171875 0.0953125 0.021875 0.025 
0 0.07421875 0.47421875 0.0078125 0.0140625 
0 0.08125 0.47734375 0.009375 0.0140625 
0 0.0890625 0.4796875 0.00625 0.0125 
0 0.09609375 0.48046875 0.0078125 0.0140625 
0 0.10390625 0.48359375 0.0078125 0.0140625 
0 0.11015625 0.48515625 0.0078125 0.0140625 
0 0.11796875 0.4875 0.0078125 0.0125 
0 0.125 0.490625 0.009375 0.015625 
0 0.13203125 0.4921875 0.0078125 0.0125 
0 0.13828125 0.49609375 0.0109375 0.0171875 
0 0.14609375 0.49609375 0.0078125 0.0109375 
0 0.15234375 0.49765625 0.0078125 0.0140625 
0 0.16015625 0.49921875 0.0078125 0.0140625 
0 0.16796875 0.50078125 0.0078125 0.0078125 
0 0.17421875 0.5046875 0.0078125 0.0125 
0 0.1828125 0.50625 0.009375 0.0125 
0 0.18984375 0.509375 0.0109375 0.015625 
0 0.203125 0.515625 0.009375 0.015625 
0 0.2109375 0.51640625 0.009375 0.0140625 
0 0.140625 0.60625 0.009375 0.015625 
0 0.1078125 0.57890625 0.009375 0.0140625 
0 0.1171875 0.57890625 0.009375 0.0140625 
0 0.1375 0.58671875 0.009375 0.0140625 
0 0.14453125 0.5875 0.0078125 0.0125 
0 0.15390625 0.59140625 0.0078125 0.0140625 
0 0.07421875 0.58671875 0.0078125 0.0140625 
0 0.08125 0.59140625 0.009375 0.0140625 
0 0.08828125 0.59296875 0.0078125 0.0140625 
0 0.09609375 0.59453125 0.0109375 0.0171875 
0 0.11015625 0.5984375 0.0078125 0.015625 
0 0.11796875 0.60078125 0.0078125 0.0140625 
0 0.125 0.6046875 0.009375 0.015625 
0 0.071875 0.62578125 0.009375 0.0140625 
0 0.09296875 0.5734375 0.0078125 0.0125 
0 0.09375 0.6296875 0.009375 0.015625 
0 0.10390625 0.65234375 0.0078125 0.0140625 
0 0.2109375 0.5453125 0.0125 0.009375 
0 0.20703125 0.55546875 0.0140625 0.0078125 
0 0.20234375 0.5640625 0.0140625 0.00625 
0 0.2 0.57421875 0.0125 0.0078125 
0 0.19453125 0.58359375 0.0140625 0.0078125 
0 0.190625 0.59296875 0.0125 0.0078125 
0 0.18671875 0.6 0.0140625 0.009375 
0 0.17578125 0.61484375 0.0140625 0.0078125 
0 0.1640625 0.63046875 0.015625 0.0078125 
0 0.1328125 0.66953125 0.0125 0.0078125 
0 0.1015625 0.5765625 0.009375 0.015625 
0 0.08671875 0.571875 0.0078125 0.0125 
0 0.17421875 0.540625 0.0078125 0.015625 
0 0.1453125 0.53203125 0.009375 0.0140625 
0 0.16640625 0.5375 0.0078125 0.015625 
0 0.15859375 0.5375 0.0078125 0.015625 
0 0.0734375 0.51171875 0.00625 0.0109375 
0 0.078125 0.51328125 0.009375 0.0109375 
0 0.08671875 0.515625 0.0078125 0.0125 
0 0.09375 0.5171875 0.009375 0.015625 
0 0.10078125 0.51875 0.0078125 0.0125 
0 0.1078125 0.5234375 0.009375 0.0125 
0 0.1171875 0.525 0.009375 0.015625 
0 0.1234375 0.52578125 0.00625 0.0140625 
0 0.1296875 0.52734375 0.009375 0.0140625 
0 0.1375 0.5296875 0.009375 0.0125 
0 0.15078125 0.53671875 0.0078125 0.0140625 
0 0.07890625 0.56953125 0.0078125 0.0140625 
0 0.08203125 0.53359375 0.0109375 0.0140625 
0 0.08984375 0.5375 0.0078125 0.0125 
0 0.09765625 0.5375 0.0078125 0.0125 
0 0.1046875 0.540625 0.009375 0.015625 
0 0.1109375 0.54375 0.009375 0.015625 
0 0.11796875 0.5453125 0.0078125 0.0125 
0 0.1265625 0.54609375 0.00625 0.0140625 
0 0.13359375 0.546875 0.0078125 0.015625 
0 0.1390625 0.55078125 0.009375 0.0140625 
0 0.153125 0.55390625 0.0125 0.0171875 
0 0.16796875 0.55859375 0.0109375 0.0140625 
0 0.071875 0.56796875 0.00625 0.0140625 
0 0.06796875 0.70078125 0.0078125 0.0140625 
0 0.08046875 0.6828125 0.0109375 0.0125 
1 0.1296875 0.04140625 0.025 0.0296875 
