0 0.9734375 0.96953125 0.015625 0.0109375 
0 0.5265625 0.0078125 0.01875 0.0125 
0 0.46875 0.19765625 0.015625 0.0109375 
0 0.46875 0.20703125 0.01875 0.0109375 
1 0.0796875 0.07265625 0.01875 0.0390625 
1 0.10625 0.06328125 0.015625 0.0390625 
1 0.09140625 0.0671875 0.0171875 0.0375 
1 0.065625 0.07578125 0.01875 0.0390625 
1 0.03046875 0.08203125 0.0171875 0.0359375 
0 0.97421875 0.84609375 0.0046875 0.0109375 
0 0.95625 0.8484375 0.015625 0.0125 
0 0.95390625 0.83359375 0.0078125 0.0140625 
0 0.97421875 0.83515625 0.0140625 0.0140625 
0 0.903125 0.796875 0.00625 0.015625 
0 0.88828125 0.79140625 0.0078125 0.0140625 
0 0.909375 0.81484375 0.0125 0.0109375 
0 0.9265625 0.8296875 0.0125 0.0125 
0 0.8953125 0.80703125 0.0125 0.0109375 
0 0.84140625 0.78359375 0.0140625 0.0140625 
0 0.91875 0.85390625 0.009375 0.0109375 
0 0.9125 0.84921875 0.009375 0.0109375 
0 0.89296875 0.85390625 0.0140625 0.0078125 
0 0.75859375 0.93125 0.0078125 0.01875 
0 0.9140625 0.803125 0.00625 0.0125 
0 0.859375 0.73984375 0.0125 0.0140625 
0 0.875 0.7421875 0.00625 0.015625 
0 0.8828125 0.746875 0.003125 0.0125 
0 0.8875 0.75078125 0.00625 0.0140625 
0 0.8953125 0.7546875 0.00625 0.0125 
0 0.90078125 0.7609375 0.0046875 0.0125 
0 0.90625 0.76640625 0.00625 0.0140625 
0 0.9140625 0.77109375 0.00625 0.0140625 
0 0.921875 0.77578125 0.00625 0.0171875 
0 0.91953125 0.8109375 0.0046875 0.0125 
0 0.903125 0.86015625 0.0125 0.0078125 
0 0.9265625 0.8140625 0.00625 0.0125 
0 0.93359375 0.81953125 0.0046875 0.0109375 
0 0.93984375 0.82421875 0.0046875 0.0109375 
0 0.94765625 0.82890625 0.0046875 0.0109375 
0 0.9375 0.8578125 0.0125 0.009375 
0 0.92265625 0.8609375 0.0109375 0.015625 
0 0.9078125 0.8671875 0.0125 0.00625 
0 0.88203125 0.8484375 0.0109375 0.00625 
0 0.978125 0.98125 0.0125 0.009375 
0 0.98359375 0.9890625 0.0109375 0.00625 
0 0.875 0.8796875 0.0125 0.00625 
