1 0.15625 0.91796875 0.0375 0.0296875 
1 0.14921875 0.94765625 0.0390625 0.0296875 
1 0.11796875 0.990625 0.0359375 0.01875 
0 0.02109375 0.28828125 0.0109375 0.0171875 
0 0.56796875 0.89609375 0.0109375 0.0140625 
0 0.56484375 0.88984375 0.0109375 0.0140625 
0 0.55390625 0.87890625 0.0109375 0.0140625 
0 0.546875 0.87421875 0.009375 0.0140625 
0 0.54296875 0.8703125 0.0109375 0.0125 
0 0.53828125 0.8671875 0.0109375 0.0125 
0 0.5328125 0.8609375 0.009375 0.0125 
0 0.52734375 0.85390625 0.0109375 0.0109375 
0 0.5140625 0.83828125 0.0125 0.0140625 
0 0.50703125 0.83515625 0.0109375 0.0109375 
0 0.646875 0.91875 0.0125 0.015625 
0 0.62265625 0.909375 0.0109375 0.009375 
0 0.61640625 0.90390625 0.0109375 0.0109375 
0 0.5984375 0.8546875 0.009375 0.0125 
0 0.59296875 0.8484375 0.0109375 0.0125 
0 0.5515625 0.8109375 0.0125 0.015625 
0 0.459375 0.8125 0.0125 0.015625 
0 0.47109375 0.8203125 0.0109375 0.0125 
0 0.4671875 0.81484375 0.009375 0.0140625 
0 0.44921875 0.8015625 0.0109375 0.0125 
0 0.4390625 0.79453125 0.0125 0.0109375 
0 0.44609375 0.7828125 0.0109375 0.0125 
0 0.46015625 0.79453125 0.0109375 0.0109375 
0 0.475 0.80546875 0.015625 0.0140625 
0 0.4859375 0.81484375 0.009375 0.0140625 
0 0.4921875 0.821875 0.009375 0.0125 
0 0.496875 0.8265625 0.0125 0.0125 
0 0.571875 0.90234375 0.0125 0.0140625 
0 0.559375 0.8859375 0.0125 0.0125 
0 0.57890625 0.83515625 0.0109375 0.0140625 
0 0.43046875 0.79921875 0.0109375 0.0140625 
0 0.6078125 0.93984375 0.0125 0.0140625 
0 0.60234375 0.93515625 0.0109375 0.0109375 
0 0.58828125 0.84453125 0.0140625 0.0140625 
0 0.51875 0.84609375 0.009375 0.0140625 
0 0.58671875 0.91640625 0.0140625 0.0109375 
0 0.6234375 0.96484375 0.0125 0.0109375 
0 0.50234375 0.83125 0.0109375 0.0125 
0 0.61171875 0.94765625 0.0109375 0.0109375 
0 0.61484375 0.95234375 0.0140625 0.0109375 
0 0.5859375 0.9953125 0.015625 0.009375 
0 0.58203125 0.9875 0.0109375 0.0125 
0 0.5765625 0.98203125 0.009375 0.0109375 
0 0.571875 0.97734375 0.0125 0.0109375 
0 0.5671875 0.9703125 0.0125 0.0125 
0 0.5625 0.9640625 0.0125 0.0125 
0 0.5578125 0.9578125 0.009375 0.0125 
0 0.47890625 0.83046875 0.0109375 0.0140625 
0 0.56875 0.9953125 0.015625 0.009375 
0 0.56328125 0.990625 0.0140625 0.0125 
0 0.559375 0.9859375 0.0125 0.0125 
0 0.5546875 0.98125 0.015625 0.0125 
0 0.55234375 0.9734375 0.0109375 0.0125 
0 0.5453125 0.96640625 0.0125 0.0109375 
0 0.47421875 0.82578125 0.0140625 0.0140625 
0 0.48515625 0.8359375 0.0109375 0.009375 
0 0.61875 0.95703125 0.0125 0.0109375 
0 0.5625 0.91171875 0.0125 0.0109375 
0 0.63203125 0.975 0.0109375 0.009375 
0 0.62890625 0.96953125 0.0109375 0.0109375 
0 0.62578125 0.9890625 0.0109375 0.009375 
0 0.62109375 0.98359375 0.0109375 0.0109375 
0 0.61328125 0.97421875 0.0109375 0.0109375 
0 0.60859375 0.96796875 0.0109375 0.0109375 
0 0.60234375 0.96171875 0.0140625 0.0140625 
0 0.59765625 0.9546875 0.0109375 0.009375 
0 0.59375 0.95078125 0.0125 0.0109375 
0 0.5875 0.9453125 0.015625 0.015625 
0 0.58359375 0.9390625 0.0140625 0.015625 
0 0.57890625 0.934375 0.0140625 0.0125 
0 0.55859375 0.9078125 0.0109375 0.0125 
0 0.490625 0.83984375 0.0125 0.0109375 
0 0.55390625 0.9015625 0.0109375 0.009375 
0 0.54921875 0.8953125 0.0109375 0.0125 
0 0.54296875 0.89296875 0.0109375 0.0140625 
0 0.53671875 0.8875 0.0109375 0.0125 
0 0.5328125 0.8828125 0.009375 0.0125 
0 0.52734375 0.87734375 0.0109375 0.0140625 
0 0.521875 0.8703125 0.0125 0.0125 
0 0.51640625 0.865625 0.0109375 0.0125 
0 0.5125 0.8609375 0.009375 0.0125 
0 0.50703125 0.85625 0.0109375 0.0125 
0 0.50234375 0.8515625 0.0109375 0.0125 
0 0.49609375 0.8453125 0.0109375 0.0125 
0 0.38125 0.81328125 0.009375 0.0140625 
0 0.36796875 0.8796875 0.0109375 0.015625 
0 0.3640625 0.896875 0.009375 0.0125 
0 0.3609375 0.9171875 0.009375 0.015625 
0 0.35859375 0.93515625 0.0078125 0.0140625 
0 0.35390625 0.9546875 0.0078125 0.0125 
0 0.35234375 0.96953125 0.0109375 0.0140625 
0 0.53984375 0.83203125 0.0140625 0.0140625 
0 0.6328125 0.91953125 0.015625 0.0140625 
0 0.6578125 0.95546875 0.0125 0.0109375 
0 0.65234375 0.94765625 0.0140625 0.0140625 
0 0.44140625 0.7515625 0.0109375 0.0125 
0 0.4453125 0.76015625 0.009375 0.0109375 
0 0.4734375 0.77109375 0.009375 0.0140625 
0 0.53359375 0.79765625 0.0109375 0.0140625 
0 0.6203125 0.88984375 0.0125 0.0109375 
0 0.57578125 0.8671875 0.0109375 0.0125 
0 0.5640625 0.85625 0.0125 0.0125 
0 0.53046875 0.82265625 0.0109375 0.0109375 
0 0.6390625 0.98125 0.009375 0.0125 
0 0.63046875 0.8953125 0.0078125 0.009375 
0 0.6046875 0.85859375 0.009375 0.0109375 
0 0.60546875 0.86953125 0.0109375 0.0109375 
0 0.5234375 0.99453125 0.015625 0.0109375 
0 0.51875 0.98671875 0.0125 0.0109375 
0 0.571875 0.82890625 0.0125 0.0140625 
0 0.5671875 0.8234375 0.009375 0.015625 
0 0.56171875 0.8203125 0.0109375 0.015625 
0 0.55625 0.815625 0.0125 0.015625 
0 0.54609375 0.8046875 0.0140625 0.015625 
0 0.53984375 0.80078125 0.0109375 0.0140625 
0 0.52578125 0.79453125 0.0109375 0.0140625 
0 0.38359375 0.9421875 0.0109375 0.0125 
0 0.37578125 0.9375 0.0109375 0.015625 
0 0.4296875 0.98984375 0.0125 0.0109375 
0 0.4421875 0.98515625 0.0125 0.0140625 
0 0.4296875 0.9703125 0.0125 0.0125 
0 0.64609375 0.9390625 0.0109375 0.009375 
0 0.07265625 0.4875 0.0140625 0.0125 
0 0.51875 0.790625 0.0125 0.015625 
0 0.50859375 0.78359375 0.0109375 0.0140625 
0 0.5015625 0.78125 0.0125 0.015625 
0 0.6421875 0.9328125 0.0125 0.0125 
0 0.4234375 0.98359375 0.0125 0.0140625 
0 0.41796875 0.9796875 0.0109375 0.0125 
0 0.40859375 0.946875 0.0140625 0.015625 
0 0.4140625 0.95078125 0.0125 0.0140625 
0 0.40234375 0.9625 0.0109375 0.0125 
0 0.39765625 0.95625 0.0109375 0.0125 
0 0.3921875 0.95078125 0.0125 0.0140625 
0 0.38828125 0.94453125 0.0140625 0.0140625 
0 0.60546875 0.8984375 0.0140625 0.0125 
0 0.59453125 0.9234375 0.0140625 0.0125 
0 0.6 0.9296875 0.015625 0.0125 
0 0.6359375 0.903125 0.0125 0.0125 
0 0.6515625 0.921875 0.0125 0.0125 
0 0.43984375 0.978125 0.0109375 0.0125 
0 0.6578125 0.92734375 0.009375 0.0140625 
0 0.434375 0.971875 0.009375 0.0125 
0 0.44921875 0.9921875 0.0109375 0.0125 
0 0.49453125 0.77890625 0.0109375 0.0140625 
0 0.459375 0.85625 0.0125 0.015625 
0 0.48828125 0.77890625 0.0109375 0.0140625 
0 0.48125 0.775 0.0125 0.015625 
0 0.453125 0.76328125 0.0125 0.0140625 
0 0.4609375 0.765625 0.00625 0.0125 
0 0.46796875 0.76796875 0.0109375 0.0140625 
0 0.4109375 0.80859375 0.009375 0.0140625 
0 0.4046875 0.8046875 0.0125 0.015625 
0 0.428125 0.82421875 0.009375 0.0140625 
0 0.434375 0.8296875 0.0125 0.015625 
0 0.4390625 0.83515625 0.0125 0.0171875 
0 0.44453125 0.84140625 0.0109375 0.0140625 
0 0.45234375 0.85 0.0140625 0.015625 
0 0.465625 0.8625 0.0125 0.015625 
0 0.4546875 0.99453125 0.0125 0.0109375 
0 0.4296875 0.84765625 0.0125 0.0109375 
0 0.42421875 0.8421875 0.0109375 0.0125 
0 0.40625 0.82421875 0.0125 0.0140625 
0 0.409375 0.87734375 0.0125 0.0109375 
0 0.4140625 0.8828125 0.0125 0.015625 
0 0.41875 0.8875 0.0125 0.0125 
0 0.428125 0.89609375 0.009375 0.0109375 
0 0.434375 0.9015625 0.0125 0.0125 
0 0.4390625 0.90546875 0.0125 0.0109375 
0 0.44453125 0.9109375 0.0109375 0.0125 
0 0.453125 0.940625 0.0125 0.0125 
0 0.45859375 0.94765625 0.0109375 0.0140625 
0 0.40234375 0.87265625 0.0109375 0.0109375 
0 0.396875 0.86640625 0.009375 0.0109375 
0 0.47421875 0.88984375 0.0109375 0.0109375 
0 0.46796875 0.88515625 0.0109375 0.0109375 
0 0.4671875 0.86796875 0.0125 0.0140625 
0 0.459375 0.87890625 0.0125 0.0109375 
0 0.4484375 0.86796875 0.009375 0.0109375 
0 0.43828125 0.8578125 0.0109375 0.0125 
0 0.4328125 0.85390625 0.009375 0.0140625 
0 0.41875 0.83515625 0.0125 0.0109375 
0 0.4140625 0.8296875 0.009375 0.0125 
0 0.4234375 0.81953125 0.009375 0.0109375 
0 0.4171875 0.81484375 0.009375 0.0109375 
0 0.48359375 0.9015625 0.0109375 0.0125 
0 0.478125 0.896875 0.0125 0.0125 
0 0.4875 0.90625 0.009375 0.0125 
0 0.51953125 0.9171875 0.0109375 0.0125 
0 0.50546875 0.9953125 0.0109375 0.009375 
0 0.540625 0.93515625 0.0125 0.0109375 
0 0.534375 0.93203125 0.0125 0.0140625 
0 0.52890625 0.9265625 0.0109375 0.0125 
0 0.5234375 0.921875 0.0125 0.0125 
0 0.5140625 0.909375 0.009375 0.0125 
0 0.49375 0.9109375 0.009375 0.0125 
0 0.509375 0.90390625 0.009375 0.0109375 
0 0.50390625 0.9 0.0109375 0.0125 
0 0.49921875 0.8953125 0.0109375 0.009375 
0 0.4921875 0.8890625 0.0125 0.0125 
0 0.4828125 0.88125 0.0125 0.0125 
0 0.47734375 0.875 0.0109375 0.0125 
0 0.5265625 0.94375 0.0125 0.0125 
0 0.5203125 0.9359375 0.009375 0.009375 
0 0.5140625 0.93203125 0.0125 0.0140625 
0 0.50859375 0.92734375 0.0109375 0.0109375 
0 0.50390625 0.921875 0.0078125 0.0125 
0 0.49921875 0.915625 0.0109375 0.0125 
0 0.42265625 0.9140625 0.0109375 0.0125 
0 0.4390625 0.93046875 0.0125 0.0109375 
0 0.3640625 0.99140625 0.009375 0.0109375 
0 0.46875 0.9359375 0.0125 0.0125 
0 0.459375 0.9265625 0.0125 0.009375 
0 0.44921875 0.91796875 0.0109375 0.0109375 
0 0.4734375 0.9421875 0.0125 0.009375 
0 0.48671875 0.95546875 0.0109375 0.0109375 
0 0.4796875 0.96796875 0.015625 0.0109375 
0 0.475 0.96171875 0.0125 0.0109375 
0 0.4703125 0.9578125 0.0125 0.0125 
0 0.4640625 0.9515625 0.0125 0.0125 
0 0.44296875 0.93515625 0.0140625 0.0140625 
0 0.43359375 0.9234375 0.0078125 0.0125 
0 0.4296875 0.91875 0.009375 0.0125 
0 0.40390625 0.940625 0.0109375 0.015625 
0 0.39765625 0.93671875 0.0109375 0.0140625 
0 0.3921875 0.93046875 0.0125 0.0109375 
0 0.3859375 0.92578125 0.009375 0.0109375 
0 0.38125 0.9203125 0.009375 0.0125 
0 0.41953125 0.95703125 0.0078125 0.0109375 
0 0.40859375 0.9703125 0.0109375 0.0125 
0 0.41484375 0.975 0.0109375 0.0125 
0 0.40234375 0.89375 0.0140625 0.0125 
0 0.4078125 0.89921875 0.009375 0.0109375 
0 0.49921875 0.9640625 0.0140625 0.0125 
0 0.38515625 0.9921875 0.0078125 0.009375 
0 0.3796875 0.9875 0.009375 0.0125 
0 0.37421875 0.9828125 0.0109375 0.009375 
0 0.3765625 0.8375 0.009375 0.01875 
0 0.3828125 0.79921875 0.009375 0.0140625 
0 0.40625 0.03359375 0.00625 0.0109375 
0 0.38671875 0.78203125 0.0078125 0.0140625 
0 0.96796875 0.07578125 0.0109375 0.0078125 
0 0.96640625 0.06875 0.0140625 0.00625 
0 0.965625 0.0609375 0.009375 0.00625 
0 0.96328125 0.05390625 0.0140625 0.0046875 
0 0.7484375 0.7671875 0.015625 0.015625 
0 0.740625 0.78203125 0.0125 0.0109375 
0 0.7390625 0.78984375 0.0125 0.0109375 
0 0.7359375 0.79609375 0.0125 0.0109375 
0 0.74453125 0.809375 0.0140625 0.009375 
0 0.73984375 0.81640625 0.0140625 0.0109375 
0 0.73515625 0.82421875 0.0140625 0.0109375 
0 0.7328125 0.83125 0.015625 0.0125 
0 0.72578125 0.8375 0.0109375 0.00625 
0 0.72265625 0.84375 0.0109375 0.009375 
0 0.7203125 0.85234375 0.0125 0.0109375 
0 0.715625 0.85703125 0.0125 0.0109375 
0 0.709375 0.8625 0.0125 0.0125 
0 0.70703125 0.871875 0.0140625 0.0125 
0 0.70078125 0.87890625 0.0109375 0.0109375 
0 0.696875 0.88515625 0.0125 0.0109375 
0 0.6921875 0.89375 0.0125 0.0125 
0 0.6859375 0.89921875 0.0125 0.0140625 
0 0.73046875 0.8015625 0.0109375 0.0125 
0 0.7265625 0.80859375 0.0125 0.0109375 
0 0.7234375 0.81484375 0.0125 0.0109375 
0 0.71796875 0.82265625 0.0109375 0.0109375 
0 0.7140625 0.82734375 0.0125 0.0109375 
0 0.70859375 0.834375 0.0140625 0.0125 
0 0.70546875 0.8421875 0.0109375 0.009375 
0 0.7015625 0.84765625 0.0125 0.0109375 
0 0.69453125 0.853125 0.0140625 0.009375 
0 0.78203125 0.8078125 0.0203125 0.0125 
0 0.740625 0.68515625 0.015625 0.0140625 
0 0.75078125 0.70234375 0.0140625 0.0140625 
0 0.746875 0.71171875 0.0125 0.0109375 
0 0.76953125 0.73359375 0.0171875 0.0140625 
0 0.79765625 0.775 0.0140625 0.0125 
0 0.7921875 0.784375 0.015625 0.009375 
0 0.94140625 0.82265625 0.0140625 0.0203125 
0 0.896875 0.86953125 0.0125 0.0171875 
0 0.7890625 0.89453125 0.015625 0.0171875 
0 0.759375 0.746875 0.015625 0.0125 
0 0.75625 0.7546875 0.015625 0.009375 
0 0.78828125 0.79453125 0.0109375 0.0109375 
0 0.77109375 0.82578125 0.0171875 0.0109375 
0 0.7578125 0.846875 0.0125 0.0125 
0 0.75 0.8609375 0.015625 0.0125 
0 0.73984375 0.8734375 0.0109375 0.0125 
0 0.7375 0.88359375 0.015625 0.0046875 
0 0.728125 0.89140625 0.0125 0.0109375 
0 0.7234375 0.90625 0.0125 0.015625 
0 0.7140625 0.91796875 0.009375 0.0109375 
0 0.7 0.9328125 0.0125 0.009375 
0 0.690625 0.94609375 0.009375 0.0109375 
0 0.68125 0.9609375 0.0125 0.015625 
0 0.66875 0.97421875 0.015625 0.0109375 
0 0.65859375 0.9890625 0.0109375 0.0125 
0 0.69140625 0.86015625 0.0171875 0.0109375 
0 0.6875 0.86953125 0.0125 0.0109375 
0 0.68359375 0.87421875 0.0109375 0.0109375 
0 0.6609375 0.93515625 0.0125 0.0140625 
0 0.6890625 0.775 0.0125 0.0125 
0 0.68359375 0.78203125 0.0140625 0.0109375 
0 0.6828125 0.7875 0.0125 0.009375 
0 0.678125 0.7953125 0.0125 0.009375 
0 0.66875 0.81015625 0.0125 0.0140625 
0 0.65859375 0.82421875 0.0140625 0.0109375 
0 0.66953125 0.74453125 0.0140625 0.0140625 
0 0.66171875 0.7578125 0.0140625 0.009375 
0 0.65703125 0.76640625 0.0140625 0.0109375 
0 0.6515625 0.77734375 0.015625 0.0140625 
0 0.63515625 0.86484375 0.0109375 0.0140625 
0 0.67265625 0.94609375 0.0140625 0.0140625 
0 0.69609375 0.7625 0.0109375 0.009375 
0 0.29765625 0.91015625 0.0078125 0.0140625 
0 0.321875 0.8609375 0.009375 0.0125 
0 0.33203125 0.75390625 0.0078125 0.0140625 
0 0.69296875 0.76796875 0.0109375 0.0109375 
0 0.7015625 0.75625 0.015625 0.0125 
0 0.67734375 0.884375 0.0140625 0.009375 
0 0.67578125 0.8234375 0.0140625 0.0125 
0 0.66953125 0.8953125 0.0140625 0.0125 
0 0.73359375 0.72890625 0.0171875 0.0140625 
0 0.72421875 0.7421875 0.0140625 0.0125 
0 0.71796875 0.74921875 0.0109375 0.0109375 
0 0.7171875 0.75703125 0.0125 0.0140625 
0 0.715625 0.7640625 0.0125 0.0125 
0 0.709375 0.76953125 0.015625 0.0109375 
0 0.70234375 0.784375 0.0140625 0.0125 
0 0.69765625 0.790625 0.0140625 0.009375 
0 0.6953125 0.796875 0.0125 0.009375 
0 0.69140625 0.8046875 0.0140625 0.009375 
0 0.67890625 0.815625 0.0140625 0.0125 
0 0.66640625 0.8375 0.0140625 0.0125 
0 0.70546875 0.75 0.0140625 0.009375 
0 0.6640625 0.84296875 0.0125 0.0109375 
0 0.65859375 0.85390625 0.0140625 0.0109375 
0 0.6546875 0.859375 0.015625 0.015625 
0 0.64921875 0.86796875 0.0140625 0.0109375 
0 0.64296875 0.87421875 0.0140625 0.0109375 
0 0.73203125 0.703125 0.0140625 0.0125 
0 0.728125 0.709375 0.015625 0.0125 
0 0.72421875 0.7140625 0.0140625 0.0125 
0 0.71796875 0.71953125 0.0140625 0.0109375 
0 0.71484375 0.7265625 0.0140625 0.009375 
0 0.71171875 0.73359375 0.0140625 0.0109375 
0 0.7078125 0.74140625 0.0125 0.0109375 
0 0.715625 0.67109375 0.0125 0.0171875 
0 0.740625 0.65859375 0.0125 0.0171875 
0 0.76640625 0.67890625 0.0140625 0.0140625 
0 0.89375 0.03515625 0.0125 0.0078125 
0 0.89296875 0.0421875 0.0140625 0.00625 
0 0.8984375 0.0640625 0.0125 0.00625 
0 0.896875 0.05546875 0.0125 0.0046875 
0 0.8953125 0.04921875 0.0125 0.0046875 
0 0.94609375 0.04921875 0.0140625 0.0046875 
0 0.946875 0.0578125 0.0125 0.00625 
0 0.94921875 0.06640625 0.0109375 0.0078125 
0 0.953125 0.078125 0.0125 0.009375 
0 0.790625 0.01640625 0.00625 0.0140625 
0 0.803125 0.06484375 0.00625 0.0109375 
0 0.81171875 0.08671875 0.0078125 0.0140625 
0 0.95546875 0.09453125 0.0140625 0.0078125 
0 0.8890625 0.01796875 0.0125 0.0046875 
0 0.959375 0.10859375 0.0125 0.0046875 
0 0.9296875 0.1296875 0.015625 0.00625 
0 0.92890625 0.12265625 0.0140625 0.0046875 
0 0.915625 0.140625 0.0125 0.00625 
0 0.93046875 0.1453125 0.0109375 0.00625 
0 0.91328125 0.12578125 0.0109375 0.0078125 
0 0.91484375 0.1328125 0.0109375 0.00625 
0 0.90390625 0.0890625 0.0140625 0.00625 
0 0.89140625 0.0265625 0.0140625 0.00625 
0 0.8875 0.01015625 0.0125 0.0078125 
0 0.8765625 0.1328125 0.0125 0.00625 
0 0.91796875 0.078125 0.0140625 0.00625 
0 0.9625 0.04609375 0.0125 0.0046875 
0 0.96015625 0.03984375 0.0140625 0.0046875 
0 0.95859375 0.03125 0.0109375 0.00625 
0 0.94296875 0.02578125 0.0140625 0.0078125 
0 0.9546875 0.01640625 0.009375 0.0046875 
0 0.95546875 0.009375 0.0109375 0.00625 
0 0.915625 0.07109375 0.015625 0.0046875 
0 0.91328125 0.0625 0.0140625 0.00625 
0 0.9125 0.0546875 0.015625 0.00625 
0 0.91171875 0.04765625 0.0140625 0.0046875 
0 0.909375 0.040625 0.015625 0.00625 
0 0.90703125 0.02421875 0.0140625 0.0078125 
0 0.90703125 0.0171875 0.0140625 0.00625 
0 0.9046875 0.009375 0.015625 0.00625 
0 0.87890625 0.140625 0.0140625 0.009375 
0 0.875 0.12421875 0.0125 0.0078125 
0 0.79375 0.7234375 0.015625 0.0125 
0 0.95078125 0.42578125 0.0140625 0.0109375 
0 0.31171875 0.56796875 0.0109375 0.0171875 
0 0.28828125 0.65234375 0.0078125 0.0140625 
0 0.15703125 0.81796875 0.0171875 0.0171875 
0 0.89609375 0.5625 0.0109375 0.0125 
0 0.91953125 0.53828125 0.0140625 0.0140625 
0 0.9390625 0.5171875 0.015625 0.015625 
0 0.96171875 0.48671875 0.0203125 0.0171875 
0 0.94296875 0.4578125 0.0140625 0.0125 
0 0.94921875 0.45390625 0.0140625 0.0140625 
0 0.9421875 0.4375 0.015625 0.0125 
0 0.95703125 0.42109375 0.0140625 0.0109375 
0 0.94765625 0.43046875 0.0140625 0.0109375 
0 0.91328125 0.421875 0.0140625 0.0125 
0 0.34140625 0.41015625 0.0171875 0.0171875 
0 0.890625 0.44765625 0.009375 0.0109375 
0 0.884375 0.4703125 0.00625 0.015625 
0 0.88671875 0.49453125 0.0078125 0.0140625 
0 0.8875 0.51171875 0.00625 0.0109375 
0 0.88828125 0.52890625 0.0078125 0.0140625 
0 0.915625 0.490625 0.015625 0.015625 
0 0.821875 0.6578125 0.015625 0.015625 
0 0.85 0.69765625 0.0125 0.0109375 
1 0.41796875 0.37734375 0.0359375 0.0265625 
0 0.78125 0.65625 0.01875 0.015625 
0 0.81640625 0.69140625 0.0140625 0.0140625 
0 0.7875 0.7078125 0.015625 0.0125 
0 0.37421875 0.50234375 0.0078125 0.0140625 
0 0.34765625 0.3640625 0.0109375 0.01875 
0 0.8734375 0.11796875 0.015625 0.0078125 
0 0.85390625 0.009375 0.0140625 0.00625 
0 0.87109375 0.1109375 0.0109375 0.009375 
0 0.86953125 0.1015625 0.0140625 0.00625 
0 0.86796875 0.09375 0.0171875 0.00625 
0 0.86640625 0.0875 0.0140625 0.003125 
0 0.865625 0.07890625 0.015625 0.0078125 
0 0.86328125 0.071875 0.0140625 0.00625 
0 0.8625 0.065625 0.0125 0.00625 
0 0.86015625 0.05703125 0.0140625 0.0078125 
0 0.86015625 0.0484375 0.0140625 0.00625 
0 0.85859375 0.03984375 0.0140625 0.0078125 
0 0.85625 0.025 0.015625 0.00625 
0 0.853125 0.01640625 0.0125 0.0046875 
0 0.37734375 0.3859375 0.0171875 0.0125 
0 0.93828125 0.30546875 0.0109375 0.0140625 
0 0.94453125 0.30078125 0.0109375 0.0140625 
0 0.95390625 0.2 0.0109375 0.015625 
0 0.94765625 0.20390625 0.0109375 0.0109375 
0 0.925 0.2140625 0.009375 0.0125 
0 0.8546875 0.23359375 0.009375 0.0140625 
0 0.8640625 0.23203125 0.009375 0.0140625 
0 0.93203125 0.21015625 0.0109375 0.0140625 
0 0.0546875 0.396875 0.00625 0.0125 
0 0.44609375 0.28515625 0.0109375 0.0140625 
