0 0.65546875 0.75625 0.0484375 0.05625 
0 0.4578125 0.93515625 0.046875 0.0546875 
0 0.5859375 0.27734375 0.059375 0.0671875 
0 0.55390625 0.25234375 0.0609375 0.0640625 
0 0.51640625 0.21875 0.0546875 0.059375 
0 0.70078125 0.11796875 0.0609375 0.0484375 
0 0.696875 0.05859375 0.05625 0.0609375 
0 0.18125 0.3546875 0.053125 0.04375 
0 0.2078125 0.2859375 0.05625 0.04375 
0 0.22109375 0.25859375 0.0484375 0.0390625 
0 0.2390625 0.22421875 0.0625 0.0453125 
0 0.24453125 0.1875 0.0578125 0.04375 
0 0.26015625 0.159375 0.0546875 0.04375 
0 0.28671875 0.08515625 0.0640625 0.0421875 
0 0.29453125 0.0515625 0.0578125 0.040625 
0 0.65703125 0.009375 0.0484375 0.015625 
0 0.43125 0.14453125 0.05625 0.0421875 
0 0.42109375 0.1765625 0.0640625 0.04375 
0 0.36875 0.29921875 0.065625 0.0515625 
0 0.37734375 0.26640625 0.0515625 0.0390625 
0 0.43984375 0.115625 0.0578125 0.040625 
0 0.57265625 0.00625 0.0578125 0.009375 
0 0.409375 0.20546875 0.05 0.0390625 
0 0.54765625 0.0171875 0.0515625 0.03125 
0 0.52421875 0.02890625 0.0484375 0.0515625 
0 0.30703125 0.01875 0.0671875 0.034375 
