0 0.8578125 0.64140625 0.053125 0.0546875 
0 0.9890625 0.446875 0.021875 0.053125 
0 0.9828125 0.54921875 0.034375 0.0546875 
0 0.79921875 0.69296875 0.0515625 0.0484375 
1 0.771875 0.3359375 0.06875 0.071875 
0 0.515625 0.57734375 0.05625 0.0578125 
0 0.92109375 0.715625 0.0609375 0.059375 
0 0.90234375 0.68984375 0.0609375 0.0609375 
0 0.49453125 0.60078125 0.0546875 0.0546875 
0 0.59375 0.5125 0.05625 0.05625 
0 0.70625 0.41015625 0.05 0.0515625 
0 0.84453125 0.74453125 0.0484375 0.0515625 
0 0.86640625 0.76953125 0.0546875 0.0578125 
0 0.97734375 0.51015625 0.0453125 0.0546875 
0 0.93046875 0.47578125 0.0640625 0.0640625 
0 0.95390625 0.49140625 0.0578125 0.0640625 
0 0.9109375 0.0703125 0.059375 0.059375 
0 0.890625 0.14375 0.065625 0.05 
0 0.62265625 0.4890625 0.0546875 0.05625 
0 0.8796875 0.6625 0.0625 0.05625 
0 0.98125 0.4234375 0.0375 0.046875 
0 0.9953125 0.58203125 0.009375 0.0453125 
0 0.775 0.5671875 0.046875 0.053125 
0 0.80703125 0.59609375 0.0484375 0.0484375 
0 0.96640625 0.7609375 0.0453125 0.053125 
0 0.9796875 0.78203125 0.040625 0.0546875 
0 0.59765625 0.84375 0.0453125 0.053125 
0 0.77578125 0.9078125 0.0515625 0.053125 
0 0.73671875 0.9765625 0.0546875 0.046875 
