0 0.0625 0.8140625 0.05625 0.028125 
0 0.0671875 0.99296875 0.059375 0.0140625 
0 0.06015625 0.96953125 0.0515625 0.0296875 
0 0.1828125 0.03203125 0.034375 0.0578125 
0 0.07109375 0.21171875 0.0609375 0.0296875 
0 0.07890625 0.27265625 0.0546875 0.0296875 
0 0.071875 0.48046875 0.0625 0.0265625 
0 0.06953125 0.5125 0.0609375 0.021875 
0 0.06796875 0.6578125 0.0609375 0.025 
0 0.06328125 0.78203125 0.0609375 0.0265625 
0 0.05859375 0.90234375 0.0578125 0.0265625 
0 0.0578125 0.93828125 0.05625 0.0265625 
0 0.2171875 0.73046875 0.05625 0.0265625 
0 0.2203125 0.62578125 0.053125 0.0265625 
0 0.0640625 0.7234375 0.05625 0.028125 
0 0.0671875 0.690625 0.05625 0.03125 
0 0.225 0.315625 0.0625 0.03125 
0 0.07890625 0.24375 0.0578125 0.025 
0 0.22890625 0.28046875 0.0609375 0.0265625 
0 0.22734375 0.2515625 0.0609375 0.021875 
0 0.0734375 0.41796875 0.053125 0.0265625 
0 0.06796875 0.5453125 0.0578125 0.028125 
0 0.221875 0.4546875 0.059375 0.025 
0 0.06953125 0.33515625 0.0546875 0.0265625 
0 0.0796875 0.30703125 0.05625 0.0234375 
0 0.0734375 0.38828125 0.05625 0.0234375 
0 0.06875 0.44921875 0.05625 0.0234375 
0 0.06328125 0.75234375 0.0578125 0.0203125 
0 0.06328125 0.84296875 0.0546875 0.0234375 
0 0.06953125 0.1828125 0.0578125 0.021875 
0 0.22265625 0.390625 0.0671875 0.034375 
0 0.21875 0.546875 0.0625 0.028125 
0 0.06953125 0.6265625 0.0578125 0.025 
0 0.225 0.3453125 0.0625 0.021875 
0 0.2125 0.98984375 0.059375 0.0203125 
0 0.22734375 0.48828125 0.0546875 0.0359375 
0 0.2296875 0.15625 0.059375 0.028125 
0 0.2265625 0.1859375 0.065625 0.03125 
0 0.225 0.42265625 0.059375 0.0265625 
0 0.21328125 0.6578125 0.0609375 0.028125 
0 0.21640625 0.69375 0.0578125 0.028125 
0 0.21875 0.76015625 0.0625 0.0265625 
0 0.21875 0.78828125 0.059375 0.0265625 
0 0.215625 0.81484375 0.0625 0.0265625 
0 0.2109375 0.8484375 0.0625 0.025 
0 0.21328125 0.87734375 0.0578125 0.0234375 
0 0.21484375 0.959375 0.0546875 0.025 
0 0.2171875 0.91171875 0.053125 0.0265625 
