0 0.00546875 0.06484375 0.0078125 0.0671875 
0 0.0515625 0.071875 0.04375 0.065625 
0 0.08984375 0.06328125 0.0328125 0.0703125 
0 0.12578125 0.0640625 0.0328125 0.06875 
1 0.2453125 0.26875 0.040625 0.1 
0 0.18984375 0.0671875 0.0296875 0.090625 
1 0.2015625 0.27109375 0.040625 0.0921875 
1 0.00859375 0.346875 0.0140625 0.096875 
1 0.03515625 0.36484375 0.0421875 0.1265625 
1 0.0734375 0.32734375 0.034375 0.0921875 
1 0.11484375 0.28203125 0.0359375 0.0984375 
1 0.16015625 0.28671875 0.0421875 0.0953125 
0 0.15625 0.06640625 0.03125 0.0828125 
0 0.2203125 0.06796875 0.0375 0.0859375 
0 0.49453125 0.65859375 0.0609375 0.0296875 
0 0.703125 0.978125 0.08125 0.04375 
0 0.2578125 0.059375 0.034375 0.078125 
0 0.28671875 0.06796875 0.0359375 0.0828125 
0 0.3203125 0.05625 0.0375 0.078125 
0 0.35234375 0.06640625 0.0328125 0.0796875 
0 0.38046875 0.065625 0.0421875 0.06875 
0 0.41875 0.0640625 0.0375 0.078125 
0 0.45 0.065625 0.0375 0.071875 
0 0.48828125 0.0640625 0.0359375 0.0875 
0 0.51796875 0.06171875 0.0296875 0.0734375 
0 0.584375 0.0609375 0.04375 0.071875 
0 0.62109375 0.0546875 0.0421875 0.065625 
1 0.58515625 0.2734375 0.1109375 0.09375 
0 0.6328125 0.34921875 0.084375 0.0703125 
0 0.66015625 0.7046875 0.0796875 0.046875 
0 0.515625 0.8359375 0.05625 0.0375 
0 0.5203125 0.871875 0.065625 0.0375 
0 0.52109375 0.90546875 0.0703125 0.0359375 
