1 0.08828125 0.06171875 0.1203125 0.0796875 
1 0.403125 0.4046875 0.103125 0.1375 
0 0.05390625 0.98515625 0.0359375 0.0296875 
0 0.88515625 0.234375 0.0515625 0.06875 
0 0.80703125 0.2375 0.0421875 0.06875 
0 0.775 0.25546875 0.05 0.0765625 
0 0.7390625 0.25390625 0.04375 0.0703125 
0 0.70625 0.25546875 0.040625 0.0703125 
1 0.475 0.70625 0.04375 0.125 
1 0.58828125 0.9015625 0.1203125 0.05625 
1 0.4296875 0.890625 0.11875 0.053125 
1 0.47265625 0.3890625 0.0828125 0.1125 
1 0.35859375 0.40234375 0.0859375 0.1109375 
1 0.24609375 0.42578125 0.0984375 0.1140625 
1 0.1875 0.4328125 0.09375 0.109375 
