0 0.2453125 0.85234375 0.0625 0.0328125 
0 0.24296875 0.81953125 0.0765625 0.0390625 
0 0.2390625 0.7875 0.0625 0.0375 
0 0.2375 0.7484375 0.065625 0.040625 
0 0.01640625 0.628125 0.0296875 0.1 
1 0.403125 0.05703125 0.103125 0.1109375 
0 0.05390625 0.6359375 0.0359375 0.053125 
0 0.84453125 0.92421875 0.0421875 0.0734375 
1 0.475 0.3453125 0.04375 0.125 
1 0.58828125 0.540625 0.1203125 0.05625 
1 0.4296875 0.5296875 0.11875 0.053125 
1 0.47265625 0.04296875 0.0828125 0.0828125 
1 0.35859375 0.04921875 0.0859375 0.0953125 
1 0.24609375 0.06484375 0.0984375 0.1140625 
0 0.26875 0.96796875 0.071875 0.0421875 
0 0.421875 0.77265625 0.028125 0.0578125 
0 0.4546875 0.76953125 0.034375 0.0640625 
0 0.4859375 0.7578125 0.0375 0.071875 
0 0.78203125 0.91953125 0.0421875 0.0609375 
0 0.725 0.9375 0.028125 0.059375 
0 0.69453125 0.94375 0.0359375 0.065625 
0 0.659375 0.9453125 0.034375 0.0625 
0 0.60625 0.95390625 0.0375 0.0671875 
0 0.5453125 0.96171875 0.0375 0.0609375 
0 0.86640625 0.85078125 0.0328125 0.0734375 
0 0.83515625 0.85546875 0.0359375 0.0765625 
0 0.80234375 0.86015625 0.0390625 0.0609375 
0 0.746875 0.86484375 0.0375 0.0640625 
0 0.71484375 0.8578125 0.0421875 0.075 
0 0.68125 0.8765625 0.04375 0.075 
0 0.628125 0.8734375 0.034375 0.08125 
0 0.475 0.90625 0.0375 0.071875 
0 0.4453125 0.9125 0.040625 0.06875 
0 0.70703125 0.7234375 0.0359375 0.084375 
0 0.671875 0.7390625 0.04375 0.071875 
0 0.6078125 0.75 0.034375 0.0625 
0 0.578125 0.7546875 0.03125 0.065625 
0 0.546875 0.75703125 0.03125 0.0671875 
0 0.51640625 0.75234375 0.0296875 0.0640625 
1 0.1875 0.071875 0.09375 0.109375 
