1 0.21875 0.540625 0.09375 0.115625 
1 0.47734375 0.40703125 0.0546875 0.1265625 
0 0.7546875 0.834375 0.046875 0.05625 
1 0.5984375 0.3078125 0.090625 0.109375 
1 0.56015625 0.28046875 0.0890625 0.1171875 
1 0.13515625 0.03359375 0.0890625 0.0640625 
1 0.178125 0.0453125 0.0875 0.0875 
1 0.2234375 0.053125 0.08125 0.103125 
1 0.2609375 0.084375 0.09375 0.121875 
1 0.30546875 0.11328125 0.0859375 0.1140625 
1 0.346875 0.13828125 0.0875 0.1140625 
1 0.3875 0.16796875 0.090625 0.1140625 
1 0.43125 0.18984375 0.0875 0.1078125 
1 0.47421875 0.22578125 0.0890625 0.1140625 
1 0.5171875 0.25234375 0.09375 0.1109375 
0 0.06796875 0.6078125 0.0703125 0.059375 
0 0.94296875 0.7078125 0.0640625 0.053125 
0 0.8234375 0.58671875 0.06875 0.0609375 
0 0.8453125 0.5609375 0.06875 0.059375 
0 0.8796875 0.51171875 0.084375 0.0671875 
0 0.9015625 0.4796875 0.075 0.0625 
0 0.95078125 0.3953125 0.0671875 0.059375 
0 0.70546875 0.496875 0.0546875 0.046875 
0 0.72890625 0.46953125 0.0671875 0.0515625 
0 0.734375 0.440625 0.078125 0.05625 
1 0.28984375 0.5875 0.0828125 0.109375 
0 0.01875 0.56875 0.034375 0.0375 
0 0.128125 0.640625 0.05625 0.040625 
0 0.4171875 0.83671875 0.05625 0.0484375 
0 0.490625 0.88359375 0.06875 0.0515625 
0 0.5640625 0.92890625 0.065625 0.0546875 
0 0.7296875 0.81953125 0.046875 0.0546875 
0 0.81171875 0.62265625 0.0921875 0.0640625 
0 0.903125 0.96328125 0.065625 0.0734375 
0 0.0109375 0.72578125 0.01875 0.0671875 
0 0.353125 0.7875 0.078125 0.06875 
0 0.07421875 0.77890625 0.0546875 0.0703125 
0 0.04375 0.76171875 0.059375 0.0671875 
0 0.09609375 0.80625 0.0578125 0.0625 
0 0.1265625 0.828125 0.059375 0.0625 
0 0.18359375 0.85546875 0.0546875 0.0640625 
0 0.2703125 0.74765625 0.0875 0.0734375 
0 0.1984375 0.69453125 0.06875 0.0640625 
0 0.6421875 0.31953125 0.059375 0.0609375 
0 0.36953125 0.59375 0.0671875 0.065625 
0 0.3984375 0.60546875 0.065625 0.0671875 
0 0.42578125 0.62421875 0.0546875 0.0578125 
0 0.4796875 0.65546875 0.0625 0.0734375 
0 0.56484375 0.71171875 0.0546875 0.0671875 
0 0.5953125 0.7265625 0.059375 0.075 
0 0.64765625 0.76640625 0.0578125 0.0671875 
0 0.67109375 0.7890625 0.0484375 0.05625 
0 0.7 0.8046875 0.046875 0.059375 
