0 0.0875 0.403125 0.05625 0.065625 
0 0.1734375 0.4515625 0.059375 0.071875 
0 0.19140625 0.6625 0.0609375 0.06875 
0 0.23828125 0.70234375 0.0578125 0.0640625 
0 0.30625 0.72890625 0.05 0.0640625 
0 0.36171875 0.5796875 0.0515625 0.0625 
0 0.33671875 0.5625 0.0515625 0.059375 
0 0.30859375 0.5453125 0.0515625 0.0625 
0 0.2546875 0.5078125 0.05625 0.065625 
0 0.03046875 0.36953125 0.0578125 0.0671875 
0 0.38515625 0.790625 0.0578125 0.065625 
0 0.4125 0.80625 0.04375 0.053125 
0 0.4453125 0.83203125 0.053125 0.0546875 
0 0.32734375 0.7578125 0.0578125 0.065625 
0 0.27578125 0.7171875 0.0578125 0.071875 
0 0.415625 0.61796875 0.046875 0.0640625 
0 0.38671875 0.59765625 0.0515625 0.0640625 
0 0.22890625 0.4859375 0.0515625 0.0625 
0 0.13984375 0.4390625 0.0515625 0.0625 
0 0.11484375 0.415625 0.0546875 0.065625 
