1 0.365625 0.43359375 0.071875 0.0390625 
0 0.00859375 0.55703125 0.0140625 0.0328125 
0 0.01640625 0.56484375 0.0234375 0.0328125 
0 0.03203125 0.56875 0.0234375 0.03125 
0 0.0453125 0.57578125 0.021875 0.0328125 
0 0.07265625 0.5875 0.0265625 0.03125 
0 0.1015625 0.59765625 0.021875 0.0390625 
0 0.1140625 0.60546875 0.01875 0.0328125 
0 0.12890625 0.609375 0.0171875 0.028125 
0 0.1421875 0.61640625 0.021875 0.0328125 
0 0.1609375 0.621875 0.021875 0.03125 
0 0.171875 0.63125 0.021875 0.03125 
0 0.228125 0.6484375 0.025 0.0375 
0 0.28203125 0.72421875 0.0203125 0.0328125 
0 0.2140625 0.69140625 0.025 0.0328125 
0 0.11015625 0.65 0.0265625 0.03125 
0 0.01484375 0.0375 0.0296875 0.034375 
0 0.0296875 0.0453125 0.025 0.034375 
0 0.0421875 0.05078125 0.021875 0.0359375 
0 0.08046875 0.0640625 0.0203125 0.0375 
0 0.096875 0.07578125 0.021875 0.0359375 
0 0.11171875 0.0828125 0.0234375 0.0375 
0 0.1265625 0.0890625 0.025 0.0375 
0 0.2109375 0.121875 0.028125 0.034375 
0 0.03671875 0.125 0.0234375 0.0375 
0 0.1125 0.15546875 0.025 0.0390625 
0 0.38203125 0.05234375 0.0265625 0.0390625 
0 0.415625 0.07421875 0.028125 0.0359375 
0 0.453125 0.03515625 0.028125 0.0359375 
0 0.39765625 0.16171875 0.0296875 0.0390625 
0 0.4171875 0.16640625 0.025 0.0328125 
0 0.06328125 0.62578125 0.0203125 0.0328125 
0 0.45390625 0.18515625 0.0234375 0.0359375 
0 0.48125 0.196875 0.025 0.0375 
0 0.5078125 0.21015625 0.021875 0.0359375 
0 0.52109375 0.2125 0.0203125 0.034375 
0 0.5359375 0.21640625 0.01875 0.0328125 
0 0.54765625 0.225 0.0203125 0.03125 
0 0.5640625 0.23203125 0.025 0.0328125 
0 0.5796875 0.2375 0.025 0.028125 
0 0.63125 0.22265625 0.034375 0.0265625 
0 0.63671875 0.2109375 0.0296875 0.025 
0 0.646875 0.1984375 0.03125 0.028125 
0 0.64921875 0.184375 0.0296875 0.025 
0 0.65859375 0.171875 0.0328125 0.028125 
0 0.66796875 0.159375 0.0328125 0.028125 
0 0.6734375 0.1484375 0.034375 0.025 
0 0.68125 0.13515625 0.034375 0.0265625 
0 0.6890625 0.12265625 0.034375 0.0265625 
0 0.69609375 0.11015625 0.0328125 0.0234375 
0 0.71171875 0.084375 0.0296875 0.025 
0 0.70625 0.09921875 0.034375 0.0234375 
0 0.71796875 0.071875 0.0296875 0.025 
0 0.73046875 0.04296875 0.0328125 0.0328125 
0 0.72578125 0.05625 0.0328125 0.025 
0 0.7390625 0.02890625 0.0375 0.0296875 
0 0.51484375 0.1125 0.0296875 0.028125 
0 0.4890625 0.10078125 0.03125 0.0234375 
0 0.49765625 0.08984375 0.0328125 0.0234375 
0 0.5078125 0.06640625 0.028125 0.0234375 
0 0.51640625 0.053125 0.0296875 0.021875 
0 0.5234375 0.04375 0.03125 0.025 
0 0.53125 0.03203125 0.03125 0.0234375 
0 0.55625 0.04453125 0.03125 0.0265625 
0 0.53671875 0.08125 0.0328125 0.025 
0 0.5453125 0.06953125 0.028125 0.0234375 
0 0.57109375 0.021875 0.0328125 0.028125 
0 0.5375 0.01953125 0.03125 0.0234375 
0 0.715625 0.77890625 0.028125 0.0328125 
0 0.21328125 0.6453125 0.0234375 0.028125 
0 0.52890625 0.09375 0.0296875 0.021875 
0 0.5078125 0.13046875 0.034375 0.0265625 
0 0.58671875 0.17421875 0.0328125 0.0265625 
0 0.48203125 0.1140625 0.0296875 0.025 
0 0.55703125 0.16015625 0.0234375 0.0203125 
0 0.5953125 0.1546875 0.028125 0.025 
0 0.57734375 0.11796875 0.0296875 0.0296875 
0 0.5640625 0.1421875 0.025 0.021875 
0 0.62265625 0.12734375 0.0390625 0.0234375 
0 0.61171875 0.1359375 0.0328125 0.021875 
0 0.6203125 0.10859375 0.034375 0.0234375 
0 0.6359375 0.090625 0.03125 0.028125 
0 0.646875 0.0703125 0.034375 0.025 
0 0.653125 0.05390625 0.03125 0.0265625 
0 0.665625 0.03359375 0.03125 0.0234375 
0 0.675 0.02265625 0.03125 0.0234375 
0 0.5890625 0.10625 0.03125 0.028125 
0 0.6015625 0.08203125 0.028125 0.0265625 
0 0.609375 0.07109375 0.028125 0.0234375 
0 0.61875 0.059375 0.03125 0.025 
0 0.6265625 0.04609375 0.03125 0.0265625 
0 0.6359375 0.034375 0.03125 0.025 
0 0.6421875 0.0203125 0.03125 0.025 
0 0.47578125 0.1328125 0.0328125 0.025 
0 0.5 0.1421875 0.03125 0.021875 
0 0.26328125 0.865625 0.0328125 0.025 
0 0.25625 0.88203125 0.03125 0.0265625 
1 0.2484375 0.8953125 0.034375 0.03125 
0 0.20234375 0.975 0.0328125 0.025 
0 0.1921875 0.98671875 0.034375 0.0265625 
1 0.0109375 0.97578125 0.01875 0.0390625 
