0 0.7625 0.16640625 0.015625 0.0296875 
0 0.47890625 0.2390625 0.0171875 0.034375 
0 0.5015625 0.24140625 0.015625 0.0328125 
0 0.55390625 0.24921875 0.0140625 0.0296875 
0 0.58828125 0.25234375 0.0140625 0.0328125 
0 0.63203125 0.25546875 0.0171875 0.0359375 
0 0.6625 0.26015625 0.015625 0.0328125 
0 0.7140625 0.2625 0.015625 0.03125 
0 0.89921875 0.39609375 0.0171875 0.0359375 
0 0.728125 0.1671875 0.0125 0.03125 
0 0.67734375 0.16015625 0.0140625 0.0296875 
0 0.6609375 0.16171875 0.0125 0.0234375 
0 0.3171875 0.128125 0.015625 0.0375 
0 0.3890625 0.1328125 0.015625 0.028125 
0 0.4953125 0.14375 0.0125 0.025 
0 0.53828125 0.146875 0.0109375 0.028125 
0 0.5546875 0.14921875 0.009375 0.0265625 
0 0.57109375 0.1484375 0.0140625 0.03125 
0 0.58984375 0.153125 0.0109375 0.025 
0 0.62109375 0.15078125 0.0109375 0.0296875 
0 0.6359375 0.1625 0.0125 0.028125 
