0 0.3234375 0.0171875 0.028125 0.03125 
0 0.30078125 0.040625 0.0296875 0.028125 
0 0.60078125 0.96484375 0.0296875 0.0328125 
0 0.90703125 0.425 0.0296875 0.028125 
0 0.94453125 0.45234375 0.0296875 0.0265625 
0 0.9671875 0.47421875 0.025 0.0296875 
0 0.98671875 0.49296875 0.0265625 0.0296875 
0 0.99375 0.50234375 0.0125 0.0296875 
0 0.93203125 0.5359375 0.0296875 0.034375 
0 0.94296875 0.55 0.0296875 0.028125 
0 0.953125 0.56171875 0.028125 0.0296875 
0 0.96484375 0.57109375 0.0265625 0.0296875 
0 0.97734375 0.58125 0.0296875 0.03125 
0 0.8390625 0.9203125 0.03125 0.03125 
0 0.80546875 0.42734375 0.0296875 0.0296875 
0 0.83125 0.44921875 0.03125 0.0296875 
0 0.81640625 0.33984375 0.0265625 0.0265625 
0 0.83125 0.35 0.028125 0.03125 
0 0.84140625 0.3609375 0.0265625 0.028125 
0 0.85 0.371875 0.028125 0.028125 
0 0.8625 0.3859375 0.028125 0.028125 
0 0.88984375 0.3984375 0.0328125 0.034375 
0 0.78671875 0.97890625 0.0265625 0.0265625 
0 0.546875 0.975 0.028125 0.028125 
0 0.53046875 0.96328125 0.0328125 0.0296875 
0 0.5734375 0.94453125 0.03125 0.0296875 
0 0.64375 0.7328125 0.015625 0.03125 
0 0.628125 0.75078125 0.0125 0.0328125 
0 0.31484375 0.03125 0.0296875 0.028125 
0 0.29140625 0.05 0.0265625 0.028125 
1 0.053125 0.9140625 0.046875 0.046875 
0 0.18046875 0.9796875 0.0296875 0.03125 
1 0.134375 0.98125 0.03125 0.034375 
1 0.11640625 0.97109375 0.0359375 0.0359375 
0 0.01328125 0.878125 0.0234375 0.034375 
0 0.0375 0.89765625 0.034375 0.0421875 
0 0.2796875 0.06484375 0.028125 0.0296875 
0 0.496875 0.63046875 0.034375 0.0171875 
0 0.0078125 0.35703125 0.0125 0.0265625 
0 0.0125 0.34453125 0.021875 0.0296875 
0 0.0140625 0.3265625 0.025 0.025 
0 0.0203125 0.31171875 0.03125 0.0328125 
0 0.02421875 0.29453125 0.0265625 0.0296875 
0 0.01015625 0.28203125 0.0171875 0.0328125 
0 0.03671875 0.2625 0.0328125 0.028125 
0 0.04765625 0.24921875 0.0296875 0.0265625 
0 0.0546875 0.23203125 0.03125 0.0265625 
0 0.0625 0.21796875 0.034375 0.0296875 
1 0.3171875 0.4125 0.028125 0.028125 
0 0.29921875 0.4359375 0.0328125 0.028125 
0 0.2921875 0.446875 0.03125 0.028125 
0 0.2828125 0.459375 0.034375 0.028125 
0 0.2703125 0.47265625 0.034375 0.0328125 
0 0.2578125 0.484375 0.03125 0.03125 
0 0.246875 0.49375 0.028125 0.028125 
0 0.2359375 0.5078125 0.028125 0.03125 
0 0.22421875 0.51796875 0.0296875 0.0265625 
0 0.2109375 0.5296875 0.028125 0.028125 
0 0.203125 0.5859375 0.03125 0.028125 
0 0.1765625 0.575 0.03125 0.028125 
0 0.4640625 0.59921875 0.0375 0.0171875 
0 0.26875 0.07578125 0.028125 0.0296875 
0 0.25703125 0.0890625 0.0296875 0.03125 
0 0.21796875 0.09921875 0.0171875 0.0265625 
0 0.2375 0.00703125 0.028125 0.0109375 
0 0.22578125 0.01328125 0.0328125 0.0234375 
0 0.109375 0.025 0.025 0.028125 
0 0.084375 0.04453125 0.028125 0.0296875 
0 0.2015625 0.0953125 0.015625 0.028125 
0 0.47734375 0.61328125 0.0328125 0.0140625 
0 0.3546875 0.7296875 0.03125 0.034375 
0 0.3765625 0.74921875 0.025 0.0234375 
0 0.3171875 0.7984375 0.028125 0.03125 
0 0.32890625 0.8078125 0.0296875 0.034375 
0 0.34140625 0.81953125 0.0265625 0.0328125 
1 0.353125 0.83125 0.0375 0.0375 
0 0.36484375 0.84296875 0.0265625 0.0328125 
0 0.37890625 0.84921875 0.0265625 0.0296875 
0 0.38828125 0.86015625 0.0296875 0.0296875 
0 0.40078125 0.87421875 0.0296875 0.0296875 
0 0.421875 0.89140625 0.028125 0.0328125 
0 0.43125 0.90078125 0.025 0.0265625 
0 0.44140625 0.90859375 0.0265625 0.0328125 
0 0.4546875 0.91484375 0.028125 0.0328125 
0 0.32421875 0.85703125 0.0328125 0.0359375 
0 0.3515625 0.87734375 0.028125 0.0265625 
0 0.3609375 0.8875 0.028125 0.03125 
0 0.1859375 0.78984375 0.034375 0.0265625 
0 0.17421875 0.7828125 0.0296875 0.028125 
0 0.16484375 0.77109375 0.0328125 0.0296875 
0 0.2265625 0.82421875 0.028125 0.0296875 
0 0.23828125 0.83515625 0.0265625 0.0265625 
0 0.25 0.84609375 0.021875 0.0296875 
0 0.2609375 0.8546875 0.025 0.025 
0 0.384375 0.909375 0.025 0.03125 
0 0.32265625 0.89453125 0.0328125 0.0359375 
0 0.2453125 0.94140625 0.028125 0.0234375 
0 0.27421875 0.91328125 0.0265625 0.0265625 
0 0.290625 0.93515625 0.028125 0.0328125 
0 0.3046875 0.78828125 0.03125 0.0296875 
0 0.29375 0.7765625 0.034375 0.03125 
0 0.28125 0.7671875 0.03125 0.03125 
0 0.5234375 0.86796875 0.015625 0.0296875 
0 0.3921875 0.76171875 0.028125 0.0265625 
0 0.4015625 0.77421875 0.03125 0.0296875 
0 0.41484375 0.7859375 0.0265625 0.028125 
0 0.4265625 0.7953125 0.025 0.028125 
0 0.43828125 0.8078125 0.0265625 0.028125 
0 0.45234375 0.8140625 0.0234375 0.028125 
0 0.46328125 0.8234375 0.0265625 0.03125 
0 0.47421875 0.83359375 0.0265625 0.0265625 
1 0.584375 0.79921875 0.01875 0.0328125 
0 0.5671875 0.81640625 0.015625 0.0328125 
0 0.5515625 0.83203125 0.0125 0.0328125 
0 0.53671875 0.84921875 0.0140625 0.0296875 
0 0.50859375 0.8828125 0.0171875 0.028125 
0 0.27265625 0.75625 0.0328125 0.03125 
0 0.12421875 0.62265625 0.0265625 0.0265625 
0 0.14609375 0.64296875 0.0265625 0.0296875 
0 0.159375 0.65703125 0.028125 0.0265625 
0 0.16796875 0.6671875 0.0296875 0.03125 
0 0.1796875 0.67421875 0.028125 0.0296875 
0 0.19140625 0.68515625 0.0296875 0.0328125 
0 0.2046875 0.69453125 0.0375 0.0328125 
0 0.21640625 0.70546875 0.0328125 0.0296875 
0 0.228125 0.71171875 0.03125 0.0328125 
0 0.23828125 0.72265625 0.0296875 0.0359375 
0 0.24921875 0.7359375 0.0265625 0.034375 
0 0.2625 0.74453125 0.03125 0.0328125 
0 0.83046875 0.16171875 0.0265625 0.0296875 
0 0.53515625 0.66171875 0.0421875 0.0140625 
0 0.8609375 0.946875 0.021875 0.025 
0 0.31171875 0.19296875 0.0359375 0.0296875 
0 0.36484375 0.353125 0.0296875 0.03125 
0 0.84140625 0.3140625 0.0328125 0.03125 
0 0.959375 0.3234375 0.028125 0.03125 
0 0.96953125 0.334375 0.0296875 0.034375 
0 0.98125 0.34296875 0.03125 0.0328125 
1 0.98828125 0.35390625 0.0234375 0.0328125 
0 0.77265625 0.175 0.0140625 0.03125 
0 0.75390625 0.13828125 0.0265625 0.0296875 
0 0.7625 0.12421875 0.025 0.0265625 
0 0.74375 0.1484375 0.03125 0.03125 
0 0.7234375 0.17109375 0.028125 0.0296875 
0 0.7140625 0.1828125 0.03125 0.025 
0 0.69140625 0.20546875 0.0296875 0.0296875 
0 0.68203125 0.215625 0.0328125 0.028125 
0 0.67109375 0.2296875 0.0296875 0.03125 
0 0.66015625 0.2390625 0.0296875 0.028125 
0 0.7703125 0.25546875 0.028125 0.0265625 
0 0.78359375 0.26328125 0.0265625 0.0265625 
0 0.80859375 0.2859375 0.0296875 0.028125 
0 0.81796875 0.296875 0.0296875 0.028125 
0 0.9359375 0.29921875 0.03125 0.0390625 
0 0.9015625 0.271875 0.028125 0.03125 
0 0.88984375 0.26171875 0.0296875 0.0296875 
0 0.85625 0.1859375 0.028125 0.025 
0 0.865625 0.196875 0.025 0.025 
0 0.87578125 0.20625 0.0234375 0.025 
0 0.8234375 0.1984375 0.025 0.025 
0 0.83359375 0.2078125 0.0265625 0.03125 
0 0.84609375 0.21953125 0.0265625 0.0265625 
0 0.85625 0.23046875 0.028125 0.0265625 
0 0.865625 0.24140625 0.03125 0.0296875 
0 0.89921875 0.22578125 0.0296875 0.0265625 
0 0.91171875 0.2375 0.0265625 0.025 
0 0.92421875 0.24375 0.0265625 0.028125 
0 0.93359375 0.25625 0.0265625 0.028125 
0 0.94921875 0.26640625 0.0296875 0.0328125 
0 0.96953125 0.2859375 0.0296875 0.03125 
1 0.984375 0.2953125 0.03125 0.034375 
1 0.99453125 0.31796875 0.0109375 0.0359375 
0 0.828125 0.3078125 0.025 0.025 
0 0.85390625 0.32421875 0.0265625 0.0265625 
0 0.7734375 0.30078125 0.028125 0.0234375 
0 0.9234375 0.3859375 0.03125 0.028125 
1 0.72578125 0.24609375 0.0484375 0.0484375 
0 0.74921875 0.27890625 0.0296875 0.0265625 
0 0.78515625 0.3109375 0.0265625 0.028125 
0 0.7953125 0.3203125 0.03125 0.03125 
0 0.80703125 0.32890625 0.0265625 0.0265625 
0 0.69765625 0.33203125 0.0328125 0.0328125 
0 0.7328125 0.36328125 0.028125 0.0265625 
0 0.753125 0.371875 0.0375 0.03125 
0 0.86328125 0.3359375 0.0296875 0.025 
0 0.8703125 0.346875 0.034375 0.03125 
0 0.89453125 0.36640625 0.0296875 0.0296875 
0 0.91328125 0.3734375 0.0296875 0.025 
0 0.9640625 0.42734375 0.028125 0.0328125 
0 0.975 0.4390625 0.028125 0.028125 
0 0.9859375 0.45078125 0.028125 0.0296875 
0 0.99375 0.45546875 0.0125 0.0296875 
0 0.7890625 0.01640625 0.025 0.0265625 
0 0.778125 0.01171875 0.025 0.0203125 
0 0.81796875 0.0421875 0.0234375 0.028125 
0 0.82890625 0.05078125 0.0296875 0.0328125 
0 0.84921875 0.06953125 0.0328125 0.0328125 
0 0.8640625 0.07890625 0.034375 0.0296875 
0 0.871875 0.0890625 0.03125 0.03125 
0 0.89921875 0.10390625 0.0296875 0.0296875 
0 0.90625 0.11640625 0.025 0.0296875 
0 0.9140625 0.12734375 0.028125 0.0265625 
0 0.92265625 0.1390625 0.0296875 0.028125 
0 0.9359375 0.14765625 0.028125 0.0328125 
0 0.946875 0.15625 0.03125 0.03125 
0 0.98046875 0.18671875 0.0296875 0.0296875 
0 0.9890625 0.19453125 0.021875 0.0265625 
0 0.99375 0.20234375 0.0125 0.0296875 
