1 0.13984375 0.4109375 0.0640625 0.059375 
0 0.3421875 0.42421875 0.0375 0.0296875 
0 0.196875 0.42265625 0.03125 0.0203125 
0 0.15078125 0.478125 0.0359375 0.015625 
0 0.1390625 0.49453125 0.034375 0.0171875 
0 0.1265625 0.50625 0.03125 0.015625 
1 0.23515625 0.4875 0.0359375 0.0375 
1 0.121875 0.4234375 0.059375 0.05625 
1 0.10546875 0.43359375 0.0578125 0.0546875 
1 0.10234375 0.45546875 0.0515625 0.0484375 
1 0.08984375 0.46953125 0.0515625 0.0484375 
1 0.07421875 0.48359375 0.0671875 0.0609375 
1 0.06328125 0.49609375 0.0609375 0.0578125 
0 0.03515625 0.403125 0.0296875 0.03125 
0 0.353125 0.41328125 0.03125 0.0296875 
0 0.36796875 0.39765625 0.0328125 0.0296875 
0 0.10390625 0.534375 0.0359375 0.015625 
0 0.08203125 0.5609375 0.0359375 0.015625 
0 0.065625 0.575 0.03125 0.015625 
0 0.80234375 0.375 0.0234375 0.03125 
0 0.02890625 0.61640625 0.0359375 0.0203125 
0 0.2421875 0.47578125 0.028125 0.0265625 
0 0.2515625 0.46328125 0.03125 0.0296875 
0 0.2765625 0.4421875 0.034375 0.03125 
0 0.39453125 0.36484375 0.0296875 0.0296875 
0 0.38359375 0.37890625 0.0296875 0.0265625 
0 0.5 0.2578125 0.028125 0.028125 
0 0.82421875 0.23984375 0.0296875 0.0390625 
0 0.9171875 0.11015625 0.025 0.0328125 
