0 0.471875 0.01484375 0.015625 0.0265625 
0 0.45234375 0.0140625 0.0140625 0.025 
0 0.4359375 0.0140625 0.015625 0.025 
0 0.5890625 0.29296875 0.034375 0.0140625 
0 0.58515625 0.3421875 0.0296875 0.015625 
0 0.58671875 0.30859375 0.0359375 0.0140625 
0 0.584375 0.3703125 0.03125 0.015625 
1 0.93828125 0.596875 0.0390625 0.040625 
0 0.69453125 0.64921875 0.0328125 0.0140625 
0 0.696875 0.59921875 0.03125 0.0296875 
0 0.70078125 0.58046875 0.0296875 0.0296875 
0 0.70078125 0.55703125 0.0296875 0.0328125 
0 0.70390625 0.53359375 0.0296875 0.0328125 
0 0.70859375 0.51640625 0.0296875 0.0359375 
0 0.7125 0.4953125 0.028125 0.03125 
0 0.71328125 0.47421875 0.0296875 0.0359375 
0 0.78828125 0.95234375 0.0296875 0.0140625 
0 0.79453125 0.9375 0.0296875 0.015625 
0 0.79609375 0.9203125 0.0390625 0.015625 
0 0.79375 0.90078125 0.034375 0.0171875 
0 0.79921875 0.8828125 0.0359375 0.01875 
0 0.80625 0.86640625 0.034375 0.0171875 
0 0.8078125 0.84609375 0.034375 0.0234375 
0 0.80234375 0.803125 0.0328125 0.015625 
0 0.8046875 0.78828125 0.034375 0.0171875 
0 0.80703125 0.76953125 0.0296875 0.0171875 
0 0.8125 0.75 0.03125 0.015625 
0 0.8140625 0.73203125 0.0375 0.0140625 
0 0.821875 0.715625 0.03125 0.0125 
0 0.8234375 0.69765625 0.03125 0.0140625 
0 0.784375 0.59921875 0.034375 0.0234375 
0 0.77734375 0.58125 0.0296875 0.025 
0 0.775 0.56171875 0.034375 0.0296875 
0 0.7703125 0.546875 0.028125 0.028125 
0 0.79140625 0.51328125 0.0359375 0.0296875 
0 0.79921875 0.4875 0.0328125 0.028125 
0 0.80078125 0.46328125 0.0390625 0.0265625 
0 0.8078125 0.43828125 0.034375 0.0328125 
0 0.69609375 0.61953125 0.0359375 0.0265625 
0 0.6921875 0.66640625 0.03125 0.0171875 
0 0.73828125 0.340625 0.0265625 0.03125 
0 0.68671875 0.68125 0.0359375 0.015625 
0 0.76328125 0.34140625 0.0296875 0.0359375 
0 0.78671875 0.34140625 0.0296875 0.0328125 
0 0.83359375 0.34453125 0.0265625 0.0296875 
0 0.58515625 0.390625 0.0390625 0.015625 
0 0.58203125 0.40859375 0.0328125 0.0171875 
0 0.57421875 0.43984375 0.0296875 0.0140625 
0 0.57109375 0.45546875 0.0328125 0.0140625 
0 0.57109375 0.47421875 0.0296875 0.0171875 
0 0.5578125 0.490625 0.0375 0.01875 
0 0.56015625 0.50703125 0.0328125 0.0140625 
0 0.56171875 0.525 0.0359375 0.015625 
0 0.5578125 0.5421875 0.03125 0.015625 
0 0.553125 0.5546875 0.034375 0.01875 
0 0.55078125 0.58671875 0.0390625 0.0296875 
0 0.534375 0.915625 0.034375 0.0125 
0 0.5390625 0.86484375 0.03125 0.0140625 
0 0.58359375 0.85546875 0.0140625 0.0328125 
0 0.67265625 0.88046875 0.0296875 0.0140625 
0 0.67421875 0.86484375 0.0359375 0.0171875 
0 0.67421875 0.8484375 0.0328125 0.015625 
0 0.67734375 0.83359375 0.0359375 0.0171875 
0 0.68046875 0.8171875 0.0296875 0.015625 
0 0.684375 0.80078125 0.028125 0.0140625 
0 0.6828125 0.78203125 0.034375 0.0171875 
0 0.68984375 0.76484375 0.0359375 0.0171875 
0 0.69140625 0.74921875 0.0328125 0.0171875 
0 0.69140625 0.73125 0.0296875 0.015625 
0 0.68984375 0.7140625 0.0359375 0.015625 
0 0.6859375 0.6953125 0.034375 0.015625 
