1 0.1765625 0.43359375 0.071875 0.0390625 
0 0.0390625 0.6484375 0.025 0.0375 
0 0.09296875 0.72421875 0.0203125 0.0328125 
0 0.025 0.69140625 0.025 0.0328125 
0 0.021875 0.121875 0.028125 0.034375 
0 0.19296875 0.05234375 0.0265625 0.0390625 
0 0.2265625 0.07421875 0.028125 0.0359375 
0 0.2640625 0.03515625 0.028125 0.0359375 
0 0.20859375 0.16171875 0.0296875 0.0390625 
0 0.228125 0.16640625 0.025 0.0328125 
0 0.26484375 0.18515625 0.0234375 0.0359375 
0 0.2921875 0.196875 0.025 0.0375 
0 0.31875 0.21015625 0.021875 0.0359375 
0 0.33203125 0.2125 0.0203125 0.034375 
0 0.346875 0.21640625 0.01875 0.0328125 
0 0.35859375 0.225 0.0203125 0.03125 
0 0.375 0.23203125 0.025 0.0328125 
0 0.390625 0.2375 0.025 0.028125 
0 0.4421875 0.22265625 0.034375 0.0265625 
0 0.44765625 0.2109375 0.0296875 0.025 
0 0.4578125 0.1984375 0.03125 0.028125 
0 0.46015625 0.184375 0.0296875 0.025 
0 0.46953125 0.171875 0.0328125 0.028125 
0 0.47890625 0.159375 0.0328125 0.028125 
0 0.484375 0.1484375 0.034375 0.025 
0 0.4921875 0.13515625 0.034375 0.0265625 
0 0.5 0.12265625 0.034375 0.0265625 
0 0.50703125 0.11015625 0.0328125 0.0234375 
0 0.52265625 0.084375 0.0296875 0.025 
0 0.5171875 0.09921875 0.034375 0.0234375 
0 0.52890625 0.071875 0.0296875 0.025 
0 0.54140625 0.04296875 0.0328125 0.0328125 
0 0.53671875 0.05625 0.0328125 0.025 
0 0.55 0.02890625 0.0375 0.0296875 
0 0.32578125 0.1125 0.0296875 0.028125 
0 0.3 0.10078125 0.03125 0.0234375 
0 0.30859375 0.08984375 0.0328125 0.0234375 
0 0.31875 0.06640625 0.028125 0.0234375 
0 0.32734375 0.053125 0.0296875 0.021875 
0 0.334375 0.04375 0.03125 0.025 
0 0.3421875 0.03203125 0.03125 0.0234375 
0 0.3671875 0.04453125 0.03125 0.0265625 
0 0.34765625 0.08125 0.0328125 0.025 
0 0.35625 0.06953125 0.028125 0.0234375 
0 0.38203125 0.021875 0.0328125 0.028125 
0 0.3484375 0.01953125 0.03125 0.0234375 
0 0.5265625 0.77890625 0.028125 0.0328125 
0 0.02421875 0.6453125 0.0234375 0.028125 
0 0.33984375 0.09375 0.0296875 0.021875 
0 0.31875 0.13046875 0.034375 0.0265625 
0 0.39765625 0.17421875 0.0328125 0.0265625 
0 0.29296875 0.1140625 0.0296875 0.025 
0 0.36796875 0.16015625 0.0234375 0.0203125 
0 0.40625 0.1546875 0.028125 0.025 
0 0.38828125 0.11796875 0.0296875 0.0296875 
0 0.375 0.1421875 0.025 0.021875 
0 0.43359375 0.12734375 0.0390625 0.0234375 
0 0.42265625 0.1359375 0.0328125 0.021875 
0 0.43125 0.10859375 0.034375 0.0234375 
0 0.446875 0.090625 0.03125 0.028125 
0 0.4578125 0.0703125 0.034375 0.025 
0 0.4640625 0.05390625 0.03125 0.0265625 
0 0.4765625 0.03359375 0.03125 0.0234375 
0 0.4859375 0.02265625 0.03125 0.0234375 
0 0.4 0.10625 0.03125 0.028125 
0 0.4125 0.08203125 0.028125 0.0265625 
0 0.4203125 0.07109375 0.028125 0.0234375 
0 0.4296875 0.059375 0.03125 0.025 
0 0.4375 0.04609375 0.03125 0.0265625 
0 0.446875 0.034375 0.03125 0.025 
0 0.453125 0.0203125 0.03125 0.025 
0 0.28671875 0.1328125 0.0328125 0.025 
0 0.3109375 0.1421875 0.03125 0.021875 
0 0.07421875 0.865625 0.0328125 0.025 
0 0.0671875 0.88203125 0.03125 0.0265625 
1 0.059375 0.8953125 0.034375 0.03125 
0 0.015625 0.975 0.028125 0.025 
0 0.0109375 0.98671875 0.01875 0.0265625 
