0 0.6171875 0.00625 0.021875 0.009375 
0 0.59921875 0.03984375 0.0203125 0.0328125 
0 0.61328125 0.03359375 0.0234375 0.0328125 
0 0.62734375 0.02734375 0.0203125 0.0328125 
0 0.67109375 0.0171875 0.0234375 0.034375 
0 0.72734375 0.00859375 0.0203125 0.0140625 
0 0.753125 0.0078125 0.025 0.0125 
0 0.6875 0.08125 0.025 0.0375 
0 0.74296875 0.0609375 0.0203125 0.034375 
0 0.7578125 0.06015625 0.01875 0.0296875 
0 0.8 0.04921875 0.025 0.0328125 
1 0.828125 0.03359375 0.028125 0.0421875 
0 0.65078125 0.9546875 0.0328125 0.025 
