0 0.3625 0.51640625 0.034375 0.0234375 
0 0.3421875 0.4265625 0.034375 0.01875 
0 0.309375 0.3265625 0.03125 0.021875 
1 0.7375 0.99375 0.046875 0.0125 
0 0.6953125 0.9234375 0.034375 0.025 
0 0.5890625 0.96796875 0.0375 0.0234375 
0 0.7171875 0.26484375 0.028125 0.0390625 
0 0.64375 0.76875 0.0375 0.025 
0 0.61953125 0.8234375 0.0359375 0.025 
0 0.65703125 0.81171875 0.0390625 0.0234375 
0 0.5546875 0.86640625 0.034375 0.0234375 
0 0.56015625 0.88046875 0.0359375 0.0234375 
0 0.67734375 0.88359375 0.0390625 0.0234375 
1 0.67109375 0.8703125 0.0484375 0.028125 
0 0.5765625 0.92578125 0.040625 0.0203125 
0 0.58125 0.9390625 0.03125 0.021875 
0 0.58203125 0.953125 0.0359375 0.021875 
0 0.48046875 0.2453125 0.0171875 0.03125 
0 0.46171875 0.2515625 0.0203125 0.03125 
0 0.46171875 0.21640625 0.0203125 0.0328125 
0 0.44375 0.1515625 0.021875 0.028125 
0 0.44765625 0.2203125 0.0203125 0.028125 
0 0.3234375 0.1515625 0.021875 0.028125 
0 0.3546875 0.24609375 0.021875 0.0328125 
0 0.378125 0.13828125 0.01875 0.0328125 
0 0.4390625 0.11796875 0.021875 0.0328125 
0 0.43515625 0.053125 0.0265625 0.034375 
0 0.30625 0.08984375 0.025 0.0359375 
