0 0.115625 0.54921875 0.034375 0.0234375 
0 0.1125 0.534375 0.0375 0.025 
0 0.10078125 0.5046875 0.0328125 0.025 
0 0.090625 0.46328125 0.0375 0.0234375 
0 0.07890625 0.4359375 0.0328125 0.025 
0 0.07421875 0.421875 0.0390625 0.025 
0 0.059375 0.3734375 0.0375 0.028125 
0 0.0640625 0.39375 0.03125 0.021875 
0 0.0359375 0.30234375 0.0375 0.0234375 
0 0.0328125 0.28515625 0.0375 0.0234375 
0 0.19296875 0.14453125 0.0359375 0.0203125 
0 0.190625 0.12890625 0.034375 0.0203125 
0 0.1375 0.61953125 0.04375 0.0265625 
0 0.15 0.31796875 0.03125 0.0203125 
0 0.44375 0.990625 0.021875 0.01875 
0 0.121875 0.3625 0.034375 0.021875 
0 0.3234375 0.990625 0.021875 0.01875 
0 0.378125 0.98203125 0.01875 0.0328125 
0 0.4390625 0.96171875 0.021875 0.0328125 
0 0.43515625 0.896875 0.0265625 0.034375 
0 0.30625 0.93359375 0.025 0.0359375 
0 0.19609375 0.27109375 0.0265625 0.0171875 
0 0.2046875 0.29609375 0.028125 0.0203125 
0 0.24296875 0.30625 0.0328125 0.025 
0 0.3765625 0.5046875 0.040625 0.021875 
0 0.3078125 0.5125 0.03125 0.021875 
0 0.278125 0.43046875 0.040625 0.0234375 
0 0.26015625 0.38828125 0.0421875 0.0234375 
0 0.19921875 0.55546875 0.0421875 0.0234375 
0 0.18203125 0.51796875 0.0390625 0.0265625 
0 0.17109375 0.5046875 0.0265625 0.01875 
0 0.19375 0.45625 0.028125 0.01875 
0 0.184375 0.4296875 0.03125 0.021875 
0 0.17109375 0.3703125 0.0328125 0.025 
0 0.13671875 0.403125 0.0296875 0.01875 
0 0.1328125 0.390625 0.034375 0.025 
0 0.13203125 0.3765625 0.0359375 0.021875 
