0 0.31328125 0.93828125 0.0234375 0.0296875 
0 0.2953125 0.92890625 0.021875 0.0296875 
0 0.1 0.86640625 0.034375 0.0265625 
1 0.11015625 0.8546875 0.0421875 0.028125 
1 0.12734375 0.83359375 0.0359375 0.0296875 
0 0.30546875 0.8625 0.0171875 0.03125 
0 0.28984375 0.859375 0.0234375 0.03125 
0 0.27421875 0.85234375 0.0203125 0.0328125 
0 0.25703125 0.8453125 0.0234375 0.03125 
0 0.240625 0.834375 0.021875 0.028125 
0 0.22578125 0.82578125 0.0265625 0.0359375 
0 0.209375 0.81328125 0.025 0.0296875 
0 0.19765625 0.80625 0.0265625 0.028125 
1 0.15625 0.77734375 0.040625 0.0359375 
1 0.16328125 0.7578125 0.0421875 0.034375 
0 0.6375 0.78671875 0.040625 0.0328125 
0 0.50546875 0.6890625 0.0390625 0.0375 
0 0.409375 0.97734375 0.021875 0.0296875 
1 0.48046875 0.990625 0.0515625 0.01875 
