0 0.39609375 0.08203125 0.0671875 0.0671875 
0 0.78359375 0.65234375 0.0734375 0.0765625 
1 0.7375 0.08828125 0.1 0.0984375 
0 0.7796875 0.4234375 0.0625 0.06875 
0 0.94453125 0.5640625 0.0609375 0.065625 
0 0.98828125 0.61328125 0.0234375 0.0671875 
1 0.8953125 0.07265625 0.040625 0.1390625 
1 0.85546875 0.04765625 0.0421875 0.0921875 
1 0.81171875 0.046875 0.0390625 0.090625 
1 0.76875 0.0265625 0.034375 0.05 
1 0.6078125 0.02578125 0.1625 0.0484375 
1 0.58359375 0.040625 0.1359375 0.078125 
1 0.53984375 0.053125 0.1328125 0.103125 
1 0.7140625 0.13125 0.11875 0.103125 
1 0.89609375 0.3453125 0.1265625 0.10625 
1 0.940625 0.26484375 0.11875 0.1140625 
1 0.990625 0.14296875 0.01875 0.1078125 
0 0.8640625 0.7078125 0.05625 0.065625 
0 0.34765625 0.26640625 0.0546875 0.0546875 
0 0.12890625 0.0875 0.0578125 0.059375 
