1 0.490625 0.77421875 0.103125 0.1140625 
1 0.21171875 0.96328125 0.1296875 0.0734375 
1 0.15078125 0.2484375 0.0859375 0.08125 
1 0.02109375 0.4359375 0.0390625 0.096875 
0 0.10625 0.07890625 0.071875 0.0703125 
0 0.04765625 0.1421875 0.0609375 0.0625 
0 0.01484375 0.19140625 0.0265625 0.0578125 
0 0.0265625 0.3984375 0.05 0.075 
0 0.19921875 0.596875 0.0765625 0.090625 
0 0.60625 0.1234375 0.06875 0.0875 
0 0.64609375 0.13828125 0.0703125 0.0953125 
0 0.6703125 0.16640625 0.059375 0.0828125 
0 0.7953125 0.25234375 0.05625 0.0640625 
0 0.82578125 0.2734375 0.0703125 0.078125 
1 0.10703125 0.309375 0.1234375 0.08125 
