1 0.71484375 0.409375 0.1015625 0.071875 
1 0.603125 0.5890625 0.1125 0.06875 
1 0.5859375 0.628125 0.1125 0.059375 
1 0.571875 0.66640625 0.10625 0.0609375 
1 0.46171875 0.68359375 0.0921875 0.1359375 
1 0.4359375 0.446875 0.11875 0.0875 
1 0.4265625 0.49453125 0.153125 0.0953125 
1 0.984375 0.3875 0.03125 0.2 
1 0.690625 0.01484375 0.08125 0.0265625 
0 0.23359375 0.67265625 0.0515625 0.0703125 
0 0.209375 0.83125 0.08125 0.053125 
0 0.29296875 0.78984375 0.0578125 0.0453125 
0 0.15546875 0.95 0.0734375 0.053125 
0 0.16640625 0.91796875 0.0671875 0.0515625 
1 0.58671875 0.39375 0.0828125 0.115625 
