0 0.1296875 0.89921875 0.046875 0.0703125 
0 0.1734375 0.896875 0.04375 0.06875 
0 0.20390625 0.90390625 0.0453125 0.0703125 
0 0.47421875 0.90859375 0.0421875 0.0640625 
0 0.1984375 0.815625 0.05625 0.0875 
0 0.68828125 0.9921875 0.0546875 0.015625 
0 0.54296875 0.99375 0.0671875 0.0125 
0 0.59140625 0.90625 0.0390625 0.065625 
0 0.43671875 0.90625 0.0359375 0.059375 
0 0.24921875 0.89921875 0.0453125 0.0796875 
0 0.090625 0.90078125 0.04375 0.0671875 
0 0.05390625 0.90390625 0.0421875 0.0640625 
0 0.80546875 0.83359375 0.0453125 0.0796875 
0 0.5046875 0.83125 0.046875 0.06875 
