1 0.234375 0.52578125 0.0625 0.1265625 
1 0.1765625 0.53828125 0.06875 0.1296875 
1 0.1265625 0.55 0.0625 0.128125 
1 0.0734375 0.56328125 0.0625 0.1328125 
1 0.02734375 0.57734375 0.0515625 0.1390625 
1 0.36171875 0.16484375 0.0671875 0.1359375 
1 0.31484375 0.17421875 0.0609375 0.1359375 
1 0.271875 0.190625 0.0625 0.13125 
1 0.22734375 0.19609375 0.0578125 0.1296875 
1 0.14296875 0.2234375 0.0671875 0.134375 
1 0.07421875 0.23515625 0.0734375 0.1328125 
1 0.2890625 0.51015625 0.059375 0.1296875 
1 0.33984375 0.49453125 0.0609375 0.1390625 
1 0.396875 0.484375 0.065625 0.13125 
1 0.4515625 0.4703125 0.065625 0.1375 
