1 0.03671875 0.78828125 0.0703125 0.1328125 
1 0.36171875 0.70703125 0.0671875 0.1359375 
1 0.31484375 0.71640625 0.0609375 0.1359375 
1 0.271875 0.7328125 0.0625 0.13125 
1 0.22734375 0.73828125 0.0578125 0.1296875 
1 0.14296875 0.765625 0.0671875 0.134375 
1 0.07421875 0.77734375 0.0734375 0.1328125 
1 0.2890625 0.99375 0.059375 0.0125 
1 0.33984375 0.98359375 0.0609375 0.0328125 
1 0.396875 0.98046875 0.065625 0.0390625 
1 0.4515625 0.971875 0.065625 0.05625 
0 0.3078125 0.371875 0.071875 0.04375 
0 0.5796875 0.128125 0.075 0.040625 
0 0.56953125 0.090625 0.0765625 0.04375 
0 0.33046875 0.090625 0.0859375 0.046875 
0 0.3359375 0.13125 0.071875 0.0375 
0 0.34140625 0.16328125 0.0703125 0.0390625 
0 0.34609375 0.196875 0.0703125 0.040625 
0 0.38828125 0.375 0.0703125 0.0375 
0 0.3828125 0.3421875 0.071875 0.0375 
0 0.37890625 0.31171875 0.0734375 0.0421875 
0 0.3703125 0.2796875 0.071875 0.04375 
0 0.296875 0.3390625 0.071875 0.04375 
0 0.2734375 0.30703125 0.06875 0.0421875 
0 0.26484375 0.275 0.0859375 0.05 
0 0.25234375 0.240625 0.0828125 0.053125 
0 0.23984375 0.20546875 0.0859375 0.0515625 
0 0.23359375 0.16796875 0.0796875 0.0421875 
0 0.2265625 0.1328125 0.078125 0.04375 
0 0.21875 0.09765625 0.071875 0.0421875 
0 0.21171875 0.06484375 0.0734375 0.0390625 
0 0.075 0.44609375 0.06875 0.0421875 
0 0.0765625 0.41015625 0.0625 0.0390625 
0 0.0734375 0.371875 0.065625 0.040625 
0 0.071875 0.33359375 0.071875 0.0453125 
0 0.5890625 0.1609375 0.08125 0.040625 
0 0.6015625 0.18984375 0.075 0.0421875 
0 0.61171875 0.21796875 0.0734375 0.0421875 
0 0.61640625 0.2484375 0.0671875 0.0375 
0 0.97578125 0.1859375 0.0390625 0.08125 
0 0.94921875 0.2953125 0.0671875 0.08125 
0 0.86015625 0.346875 0.0609375 0.0375 
0 0.85625 0.31484375 0.06875 0.0453125 
0 0.85234375 0.28203125 0.0640625 0.0421875 
0 0.83828125 0.25078125 0.0796875 0.0546875 
0 0.8359375 0.21484375 0.065625 0.0484375 
0 0.828125 0.18515625 0.075 0.0453125 
0 0.82109375 0.15546875 0.0734375 0.0484375 
0 0.815625 0.1203125 0.075 0.046875 
0 0.8 0.08671875 0.071875 0.0421875 
0 0.65 0.09453125 0.071875 0.0484375 
0 0.659375 0.13203125 0.071875 0.0484375 
0 0.66640625 0.16484375 0.0640625 0.0421875 
0 0.6765625 0.1953125 0.065625 0.04375 
0 0.684375 0.2328125 0.06875 0.046875 
0 0.690625 0.2671875 0.071875 0.046875 
0 0.7 0.30234375 0.075 0.0484375 
0 0.62578125 0.32265625 0.0703125 0.0453125 
0 0.6203125 0.2875 0.071875 0.040625 
0 0.06484375 0.2984375 0.0671875 0.040625 
0 0.06328125 0.2625 0.0859375 0.05 
0 0.05859375 0.225 0.0671875 0.04375 
0 0.040625 0.1921875 0.06875 0.040625 
0 0.03515625 0.1515625 0.0671875 0.04375 
0 0.03203125 0.11640625 0.0609375 0.0484375 
0 0.02109375 0.07890625 0.0390625 0.0421875 
0 0.021875 0.45859375 0.040625 0.0484375 
0 0.021875 0.42421875 0.040625 0.0484375 
0 0.0203125 0.38828125 0.0375 0.0421875 
0 0.01796875 0.35546875 0.0328125 0.0421875 
0 0.01640625 0.3234375 0.0296875 0.04375 
0 0.01328125 0.29296875 0.0234375 0.0515625 
0 0.01015625 0.26015625 0.0171875 0.0546875 
