0 0.83125 0.959375 0.0375 0.03125 
0 0.82265625 0.975 0.0390625 0.03125 
0 0.68203125 0.9953125 0.0359375 0.009375 
0 0.6140625 0.9140625 0.034375 0.028125 
0 0.6953125 0.99140625 0.04375 0.0171875 
0 0.06171875 0.6578125 0.0328125 0.0375 
0 0.60546875 0.92890625 0.0359375 0.0296875 
0 0.690625 0.91640625 0.034375 0.0265625 
0 0.371875 0.2109375 0.021875 0.040625 
0 0.715625 0.95 0.040625 0.0375 
0 0.7328125 0.92421875 0.0375 0.0328125 
0 0.75859375 0.88515625 0.0390625 0.0296875 
0 0.6203125 0.9015625 0.0375 0.028125 
0 0.36015625 0.94296875 0.0453125 0.0328125 
0 0.32109375 0.93984375 0.0421875 0.0328125 
0 0.053125 0.80078125 0.040625 0.0328125 
0 0.0296875 0.840625 0.0375 0.0375 
0 0.021875 0.85625 0.040625 0.034375 
0 0.1484375 0.921875 0.040625 0.03125 
0 0.36015625 0.70078125 0.0359375 0.0296875 
0 0.30078125 0.7421875 0.0359375 0.03125 
0 0.28828125 0.7546875 0.0359375 0.034375 
0 0.9875 0.4421875 0.025 0.04375 
1 0.45546875 0.0671875 0.0171875 0.05625 
1 0.38828125 0.2890625 0.0390625 0.059375 
0 0.89453125 0.096875 0.0140625 0.03125 
0 0.97265625 0.14296875 0.0203125 0.0296875 
