1 0.69609375 0.75078125 0.1421875 0.0734375 
1 0.63671875 0.715625 0.2765625 0.11875 
1 0.6109375 0.621875 0.28125 0.1125 
1 0.39375 0.84921875 0.10625 0.0953125 
1 0.36484375 0.89140625 0.1234375 0.1140625 
1 0.5765625 0.44296875 0.24375 0.1046875 
1 0.54453125 0.40234375 0.2796875 0.1140625 
1 0.4984375 0.2703125 0.271875 0.1125 
1 0.48359375 0.2234375 0.2828125 0.11875 
1 0.4828125 0.17734375 0.265625 0.1140625 
1 0.45625 0.13828125 0.284375 0.1265625 
1 0.42109375 0.04375 0.2765625 0.084375 
1 0.06640625 0.02734375 0.0578125 0.0515625 
1 0.04609375 0.37578125 0.0890625 0.1296875 
0 0.5609375 0.59296875 0.071875 0.0515625 
1 0.77265625 0.91328125 0.1484375 0.0828125 
1 0.7578125 0.87421875 0.15 0.0765625 
1 0.740625 0.840625 0.109375 0.06875 
1 0.0296875 0.39375 0.05625 0.140625 
1 0.1625 0.0078125 0.06875 0.0125 
0 0.82578125 0.0109375 0.0359375 0.01875 
0 0.24453125 0.0796875 0.0578125 0.0375 
0 0.68203125 0.19921875 0.0671875 0.0359375 
0 0.771875 0.49765625 0.06875 0.0421875 
0 0.54296875 0.54921875 0.0703125 0.0453125 
0 0.44921875 0.96171875 0.0609375 0.0609375 
0 0.0328125 0.0265625 0.040625 0.05 
0 0.0140625 0.02890625 0.025 0.0546875 
