0 0.17109375 0.409375 0.0640625 0.040625 
0 0.15625 0.34453125 0.065625 0.0328125 
0 0.14296875 0.31484375 0.0640625 0.0359375 
0 0.11953125 0.22421875 0.0828125 0.0421875 
0 0.10859375 0.1921875 0.0734375 0.04375 
0 0.1015625 0.14921875 0.075 0.0453125 
1 0.88984375 0.51875 0.0578125 0.10625 
1 0.86171875 0.89453125 0.1046875 0.1296875 
1 0.72578125 0.78046875 0.1078125 0.1265625 
1 0.76953125 0.759375 0.1234375 0.146875 
1 0.68125 0.59609375 0.059375 0.0984375 
1 0.596875 0.603125 0.08125 0.146875 
0 0.43046875 0.67109375 0.0515625 0.0828125 
0 0.396875 0.68359375 0.040625 0.0640625 
1 0.82265625 0.9125 0.1171875 0.140625 
1 0.97578125 0.4765625 0.0484375 0.1125 
1 0.9609375 0.15625 0.06875 0.103125 
0 0.75390625 0.56015625 0.0390625 0.0734375 
0 0.85625 0.53671875 0.040625 0.0671875 
0 0.83359375 0.5453125 0.0328125 0.059375 
0 0.81015625 0.54765625 0.0328125 0.0609375 
0 0.78203125 0.55078125 0.0296875 0.0609375 
0 0.74296875 0.45546875 0.0671875 0.0453125 
0 0.703125 0.428125 0.065625 0.04375 
0 0.71171875 0.3953125 0.0578125 0.040625 
0 0.75703125 0.38828125 0.0453125 0.0671875 
1 0.48984375 0.65703125 0.0609375 0.1015625 
