0 0.165625 0.59296875 0.046875 0.0796875 
0 0.16484375 0.4828125 0.0453125 0.090625 
0 0.12109375 0.5109375 0.0421875 0.09375 
0 0.078125 0.45625 0.046875 0.090625 
1 0.8546875 0.959375 0.121875 0.059375 
1 0.6421875 0.61328125 0.046875 0.1515625 
1 0.4921875 0.590625 0.04375 0.140625 
1 0.44375 0.56171875 0.046875 0.1328125 
1 0.3953125 0.5734375 0.05625 0.140625 
1 0.32109375 0.40625 0.0484375 0.096875 
1 0.26484375 0.45625 0.0421875 0.09375 
1 0.2203125 0.49921875 0.040625 0.1015625 
0 0.29921875 0.60390625 0.0453125 0.0921875 
0 0.3109375 0.5 0.04375 0.0875 
1 0.353125 0.5328125 0.05 0.1125 
0 0.3984375 0.95546875 0.084375 0.0484375 
1 0.53515625 0.59140625 0.0546875 0.1484375 
1 0.865625 0.98515625 0.153125 0.0296875 
1 0.83125 0.9203125 0.15625 0.06875 
1 0.82578125 0.871875 0.1546875 0.071875 
1 0.828125 0.8234375 0.1625 0.078125 
1 0.8046875 0.78046875 0.140625 0.0734375 
1 0.77734375 0.6515625 0.1546875 0.078125 
1 0.57578125 0.61015625 0.0578125 0.1453125 
1 0.1296875 0.38515625 0.040625 0.0953125 
