0 0.9703125 0.4984375 0.059375 0.05 
0 0.9765625 0.53046875 0.046875 0.0546875 
0 0.7875 0.44453125 0.065625 0.0546875 
0 0.8046875 0.47265625 0.059375 0.0546875 
0 0.840625 0.5296875 0.0625 0.053125 
0 0.73671875 0.58671875 0.0671875 0.0546875 
0 0.7546875 0.6140625 0.065625 0.046875 
0 0.77109375 0.64375 0.0671875 0.05 
0 0.78515625 0.67265625 0.0671875 0.0515625 
0 0.93359375 0.709375 0.0609375 0.05 
1 0.959375 0.73359375 0.0625 0.0484375 
0 0.90546875 0.65 0.0703125 0.053125 
0 0.80859375 0.73671875 0.0640625 0.0484375 
0 0.846875 0.78984375 0.075 0.0515625 
0 0.88515625 0.84921875 0.0734375 0.0546875 
0 0.90234375 0.88046875 0.0671875 0.0546875 
0 0.9765625 0.828125 0.046875 0.05625 
0 0.98515625 0.8640625 0.0296875 0.053125 
0 0.99140625 0.4359375 0.0171875 0.05 
0 0.92734375 0.4078125 0.0640625 0.05 
0 0.9421875 0.43671875 0.06875 0.0578125 
0 0.75 0.0984375 0.071875 0.05625 
0 0.46640625 0.23828125 0.0734375 0.0671875 
0 0.540625 0.2 0.075 0.065625 
0 0.778125 0.07265625 0.0625 0.0578125 
0 0.984375 0.40234375 0.03125 0.0578125 
0 0.81640625 0.06171875 0.0734375 0.0671875 
0 0.859375 0.02890625 0.05 0.0578125 
0 0.8953125 0.025 0.05625 0.046875 
0 0.97109375 0.06875 0.0578125 0.065625 
0 0.28828125 0.32578125 0.0703125 0.0640625 
0 0.33984375 0.4625 0.0578125 0.071875 
0 0.8265625 0.18828125 0.078125 0.0609375 
0 0.87421875 0.31875 0.0671875 0.053125 
0 0.89140625 0.34921875 0.0640625 0.0484375 
0 0.96796875 0.34453125 0.0640625 0.0609375 
0 0.90546875 0.38046875 0.0703125 0.0546875 
0 0.99453125 0.89140625 0.0109375 0.0578125 
0 0.9171875 0.91015625 0.075 0.0578125 
0 0.6125 0.8078125 0.065625 0.05 
0 0.9359375 0.9375 0.075 0.0625 
0 0.94609375 0.96875 0.0796875 0.059375 
0 0.50234375 0.58984375 0.0703125 0.0546875 
0 0.51015625 0.62578125 0.0734375 0.0609375 
0 0.53046875 0.65390625 0.0671875 0.0546875 
0 0.6046875 0.6546875 0.071875 0.05625 
0 0.59296875 0.62265625 0.0703125 0.0578125 
0 0.57421875 0.70859375 0.0640625 0.0515625 
0 0.64375 0.70859375 0.0625 0.0484375 
0 0.5875 0.73671875 0.065625 0.0546875 
0 0.59921875 0.77265625 0.0609375 0.0515625 
0 0.65625 0.740625 0.06875 0.059375 
0 0.665625 0.77734375 0.059375 0.0515625 
0 0.67890625 0.80703125 0.0640625 0.0515625 
0 0.69609375 0.83515625 0.0671875 0.0578125 
0 0.71171875 0.86015625 0.0734375 0.0578125 
0 0.73125 0.89140625 0.06875 0.0546875 
0 0.7421875 0.92265625 0.071875 0.0578125 
0 0.76015625 0.95234375 0.0703125 0.0546875 
0 0.68359375 0.95859375 0.0765625 0.0609375 
0 0.67421875 0.9234375 0.0703125 0.05625 
0 0.65703125 0.89453125 0.0734375 0.0609375 
0 0.63828125 0.8671875 0.0671875 0.05 
0 0.62421875 0.83828125 0.0609375 0.0484375 
