0 0.15 0.21875 0.0375 0.078125 
0 0.11015625 0.21796875 0.0328125 0.0578125 
1 0.5359375 0.39296875 0.19375 0.0390625 
1 0.56328125 0.28125 0.1921875 0.0375 
1 0.97421875 0.4125 0.0515625 0.040625 
1 0.9796875 0.31484375 0.040625 0.0484375 
1 0.9828125 0.17578125 0.034375 0.0484375 
1 0.825 0.3953125 0.134375 0.0375 
1 0.828125 0.3125 0.140625 0.0375 
1 0.825 0.12109375 0.14375 0.0390625 
1 0.0234375 0.40859375 0.04375 0.0328125 
0 0.36953125 0.13984375 0.0328125 0.0453125 
0 0.4375 0.57109375 0.028125 0.0640625 
0 0.46953125 0.57890625 0.0328125 0.0703125 
0 0.51171875 0.5828125 0.0359375 0.06875 
0 0.5546875 0.58515625 0.034375 0.0609375 
0 0.6515625 0.590625 0.028125 0.0625 
0 0.69296875 0.58984375 0.0296875 0.0640625 
0 0.72890625 0.5859375 0.0296875 0.0625 
0 0.765625 0.5859375 0.034375 0.065625 
0 0.23359375 0.2171875 0.0359375 0.071875 
0 0.371875 0.2171875 0.034375 0.075 
0 0.39765625 0.5765625 0.0359375 0.06875 
0 0.58671875 0.5890625 0.0359375 0.05625 
0 0.51171875 0.15390625 0.0671875 0.0328125 
0 0.51796875 0.1078125 0.0765625 0.034375 
0 0.5953125 0.10703125 0.078125 0.0359375 
0 0.91796875 0.11171875 0.0328125 0.0703125 
