1 0.9875 0.24609375 0.025 0.0984375 
1 0.97109375 0.2140625 0.0578125 0.10625 
1 0.95390625 0.18984375 0.0921875 0.1046875 
1 0.16796875 0.4046875 0.0515625 0.09375 
1 0.3359375 0.40234375 0.065625 0.1421875 
1 0.5578125 0.70859375 0.125 0.0515625 
1 0.140625 0.35 0.071875 0.1375 
1 0.25546875 0.396875 0.0734375 0.134375 
1 0.8171875 0.09140625 0.115625 0.1046875 
1 0.88671875 0.14296875 0.1171875 0.1015625 
1 0.9265625 0.1671875 0.1125 0.103125 
1 0.28671875 0.409375 0.0765625 0.1375 
1 0.51953125 0.15859375 0.0921875 0.0734375 
1 0.43984375 0.11875 0.1015625 0.075 
1 0.75078125 0.328125 0.0984375 0.075 
1 0.79765625 0.3609375 0.0953125 0.0625 
1 0.8484375 0.3875 0.1 0.071875 
1 0.93359375 0.44609375 0.1015625 0.0703125 
1 0.66171875 0.4921875 0.1171875 0.090625 
1 0.58828125 0.56484375 0.1296875 0.0734375 
1 0.56640625 0.75625 0.1265625 0.05 
1 0.56015625 0.84453125 0.1140625 0.0953125 
0 0.98671875 0.76953125 0.0265625 0.0453125 
0 0.98125 0.7328125 0.0375 0.05 
0 0.96796875 0.696875 0.0640625 0.065625 
0 0.96015625 0.6640625 0.0703125 0.0625 
0 0.78125 0.01875 0.065625 0.034375 
0 0.809375 0.0328125 0.06875 0.0625 
0 0.1625 0.084375 0.075 0.059375 
0 0.1265625 0.1125 0.065625 0.05625 
0 0.48984375 0.40625 0.0640625 0.0375 
0 0.47890625 0.43828125 0.0671875 0.0421875 
0 0.4640625 0.5046875 0.075 0.05 
0 0.44921875 0.54765625 0.0765625 0.0546875 
0 0.2375 0.6234375 0.075 0.046875 
0 0.19375 0.66328125 0.065625 0.0453125 
0 0.4125 0.684375 0.078125 0.040625 
0 0.39453125 0.7546875 0.0640625 0.040625 
0 0.37265625 0.85234375 0.0640625 0.0421875 
0 0.38828125 0.7890625 0.0734375 0.046875 
0 0.40703125 0.715625 0.0921875 0.046875 
0 0.25703125 0.540625 0.0734375 0.040625 
0 0.24609375 0.58203125 0.0984375 0.0546875 
0 0.19140625 0.5765625 0.0546875 0.08125 
0 0.78515625 0.46328125 0.0640625 0.0609375 
0 0.840625 0.51640625 0.065625 0.0671875 
0 0.9140625 0.6015625 0.0625 0.05625 
0 0.9359375 0.6359375 0.065625 0.05625 
