0 0.334375 0.1671875 0.059375 0.059375 
0 0.37578125 0.1234375 0.0609375 0.078125 
0 0.34765625 0.096875 0.0546875 0.0625 
0 0.2984375 0.05078125 0.05625 0.0640625 
0 0.2625 0.0421875 0.05625 0.059375 
1 0.3921875 0.684375 0.096875 0.0875 
1 0.4296875 0.659375 0.096875 0.084375 
1 0.4 0.5046875 0.09375 0.078125 
1 0.0609375 0.61015625 0.1125 0.1234375 
1 0.0328125 0.575 0.0625 0.103125 
1 0.490625 0.5703125 0.090625 0.075 
1 0.85078125 0.446875 0.0859375 0.0625 
1 0.534375 0.378125 0.075 0.084375 
1 0.63203125 0.44296875 0.0734375 0.0796875 
1 0.29296875 0.7859375 0.1140625 0.096875 
0 0.1046875 0.296875 0.065625 0.071875 
0 0.1296875 0.32890625 0.09375 0.0984375 
0 0.959375 0.44296875 0.053125 0.0703125 
0 0.8578125 0.87734375 0.05625 0.0703125 
0 0.83203125 0.8515625 0.0609375 0.06875 
0 0.571875 0.38203125 0.053125 0.0609375 
0 0.59453125 0.40625 0.0609375 0.06875 
0 0.47265625 0.309375 0.0609375 0.0625 
0 0.496875 0.33203125 0.05625 0.0671875 
0 0.5421875 0.12421875 0.0625 0.0640625 
0 0.6015625 0.17421875 0.059375 0.0640625 
0 0.91875 0.49296875 0.059375 0.0640625 
0 0.91796875 0.36328125 0.0734375 0.0609375 
0 0.15234375 0.3578125 0.0828125 0.0875 
0 0.9 0.396875 0.075 0.065625 
0 0.8796875 0.42578125 0.071875 0.0671875 
0 0.74609375 0.56953125 0.0453125 0.0671875 
0 0.77734375 0.81484375 0.0671875 0.0765625 
1 0.31640625 0.75703125 0.0984375 0.0859375 
0 0.3125 0.33828125 0.0625 0.0578125 
1 0.2125 0.4046875 0.103125 0.115625 
0 0.18203125 0.38046875 0.0796875 0.0859375 
1 0.2640625 0.815625 0.121875 0.103125 
