1 0.8734375 0.0921875 0.09375 0.078125 
1 0.534375 0.19765625 0.1125 0.1234375 
1 0.49140625 0.1625 0.0921875 0.103125 
1 0.40390625 0.109375 0.1078125 0.1125 
1 0.371875 0.08359375 0.1 0.1078125 
1 0.3421875 0.05859375 0.096875 0.1046875 
1 0.959375 0.1578125 0.08125 0.075 
1 0.76640625 0.3734375 0.1140625 0.096875 
1 0.78984375 0.34453125 0.0984375 0.0859375 
0 0.3265625 0.678125 0.09375 0.09375 
1 0.6859375 0.02578125 0.103125 0.0484375 
0 0.65546875 0.00625 0.0796875 0.009375 
1 0.7375 0.403125 0.121875 0.103125 
