1 0.3921875 0.271875 0.096875 0.0875 
1 0.4296875 0.246875 0.096875 0.084375 
1 0.4 0.0921875 0.09375 0.078125 
1 0.0609375 0.19765625 0.1125 0.1234375 
1 0.0328125 0.1625 0.0625 0.103125 
1 0.490625 0.1578125 0.090625 0.075 
1 0.85078125 0.034375 0.0859375 0.0625 
1 0.63203125 0.0359375 0.0734375 0.06875 
1 0.29296875 0.3734375 0.1140625 0.096875 
0 0.959375 0.03359375 0.053125 0.0640625 
0 0.8578125 0.46484375 0.05625 0.0703125 
0 0.83203125 0.4390625 0.0609375 0.06875 
0 0.59453125 0.01484375 0.0609375 0.0265625 
0 0.91875 0.08046875 0.059375 0.0640625 
0 0.9 0.009375 0.075 0.015625 
0 0.8796875 0.02421875 0.071875 0.0453125 
0 0.74609375 0.15703125 0.0453125 0.0671875 
0 0.77734375 0.40234375 0.0671875 0.0765625 
1 0.31640625 0.34453125 0.0984375 0.0859375 
1 0.2125 0.02578125 0.103125 0.0484375 
0 0.18203125 0.00625 0.0796875 0.009375 
1 0.2640625 0.403125 0.121875 0.103125 
