1 0.03203125 0.484375 0.0609375 0.090625 
1 0.06015625 0.36796875 0.1171875 0.0921875 
1 0.06953125 0.328125 0.1359375 0.084375 
1 0.16796875 0.815625 0.1234375 0.071875 
1 0.1921875 0.7796875 0.125 0.078125 
1 0.3078125 0.09609375 0.1 0.0609375 
1 0.43828125 0.27265625 0.1671875 0.0859375 
1 0.41875 0.3171875 0.15625 0.09375 
1 0.3515625 0.47734375 0.140625 0.0984375 
1 0.24765625 0.70625 0.1203125 0.084375 
1 0.22265625 0.73671875 0.1203125 0.0828125 
1 0.16015625 0.8625 0.1296875 0.078125 
1 0.13125 0.90546875 0.134375 0.0828125 
1 0.26796875 0.6734375 0.1203125 0.090625 
1 0.4125 0.07734375 0.08125 0.0484375 
0 0.43203125 0.16953125 0.0359375 0.0609375 
0 0.9609375 0.31015625 0.053125 0.0796875 
0 0.13671875 0.24921875 0.0578125 0.0359375 
0 0.2953125 0.20625 0.053125 0.075 
0 0.46875 0.15546875 0.04375 0.0671875 
0 0.40234375 0.1734375 0.0421875 0.059375 
1 0.5234375 0.19921875 0.1 0.0671875 
0 0.371875 0.1546875 0.059375 0.05625 
0 0.21796875 0.0859375 0.0671875 0.046875 
0 0.2265625 0.06171875 0.06875 0.0515625 
1 0.3046875 0.58671875 0.13125 0.0859375 
1 0.3265625 0.55625 0.125 0.090625 
1 0.03828125 0.4484375 0.0734375 0.08125 
