1 0.44609375 0.51953125 0.1484375 0.0890625 
1 0.46171875 0.484375 0.1453125 0.090625 
1 0.28046875 0.48828125 0.1328125 0.0859375 
1 0.5203125 0.36796875 0.140625 0.0921875 
1 0.5375 0.328125 0.14375 0.084375 
1 0.63984375 0.815625 0.1234375 0.071875 
1 0.6640625 0.7796875 0.125 0.078125 
1 0.31640625 0.41015625 0.1296875 0.0859375 
1 0.2984375 0.44921875 0.125 0.0796875 
1 0.275 0.5328125 0.125 0.08125 
1 0.33515625 0.3734375 0.1296875 0.075 
1 0.3609375 0.32734375 0.128125 0.0796875 
1 0.7796875 0.09609375 0.1 0.0609375 
1 0.37109375 0.284375 0.1484375 0.090625 
1 0.91015625 0.27265625 0.1671875 0.0859375 
1 0.890625 0.3171875 0.15625 0.09375 
1 0.8234375 0.47734375 0.140625 0.0984375 
1 0.71953125 0.70625 0.1203125 0.084375 
1 0.69453125 0.73671875 0.1203125 0.0828125 
1 0.63203125 0.8625 0.1296875 0.078125 
1 0.603125 0.90546875 0.134375 0.0828125 
1 0.73984375 0.6734375 0.1203125 0.090625 
1 0.24296875 0.80234375 0.1078125 0.0640625 
1 0.884375 0.07734375 0.08125 0.0484375 
0 0.90390625 0.16953125 0.0359375 0.0609375 
0 0.36171875 0.8875 0.0484375 0.065625 
0 0.15546875 0.7953125 0.0640625 0.046875 
0 0.20703125 0.84609375 0.0515625 0.0609375 
0 0.29140625 0.60703125 0.0296875 0.0671875 
0 0.26171875 0.60234375 0.0390625 0.0703125 
0 0.2125 0.6046875 0.078125 0.053125 
0 0.42421875 0.66875 0.0515625 0.0625 
0 0.60859375 0.24921875 0.0578125 0.0359375 
0 0.7671875 0.20625 0.053125 0.075 
0 0.940625 0.15546875 0.04375 0.0671875 
0 0.87421875 0.1734375 0.0421875 0.059375 
1 0.97265625 0.19921875 0.0546875 0.0671875 
0 0.84375 0.1546875 0.059375 0.05625 
0 0.68984375 0.0859375 0.0671875 0.046875 
0 0.6984375 0.06171875 0.06875 0.0515625 
1 0.7765625 0.58671875 0.13125 0.0859375 
1 0.7984375 0.55625 0.125 0.090625 
1 0.48125 0.4484375 0.13125 0.08125 
