1 0.0078125 0.18671875 0.0125 0.1234375 
1 0.0171875 0.21875 0.03125 0.121875 
1 0.03203125 0.240625 0.0609375 0.115625 
1 0.04921875 0.265625 0.0953125 0.115625 
1 0.0765625 0.296875 0.09375 0.115625 
1 0.10625 0.3171875 0.1 0.109375 
1 0.1453125 0.3453125 0.08125 0.0875 
1 0.41875 0.33125 0.128125 0.1 
1 0.44140625 0.171875 0.1109375 0.125 
1 0.44921875 0.4734375 0.1171875 0.1 
1 0.39140625 0.13671875 0.1078125 0.1296875 
1 0.128125 0.00546875 0.0875 0.0078125 
1 0.2015625 0.0296875 0.096875 0.05625 
1 0.1390625 0.03203125 0.0875 0.0609375 
1 0.221875 0.04765625 0.10625 0.0921875 
0 0.053125 0.73359375 0.065625 0.0609375 
0 0.00546875 0.92734375 0.0078125 0.0609375 
0 0.02578125 0.78203125 0.0484375 0.0609375 
0 0.0671875 0.7 0.0625 0.053125 
0 0.08984375 0.66953125 0.0671875 0.0640625 
0 0.20859375 0.62265625 0.0671875 0.0640625 
0 0.16953125 0.67734375 0.0609375 0.0609375 
0 0.15390625 0.56640625 0.0640625 0.0578125 
0 0.115625 0.62890625 0.0625 0.0609375 
0 0.2265625 0.51640625 0.065625 0.0609375 
0 0.28046875 0.56875 0.0640625 0.0625 
0 0.3515625 0.53359375 0.053125 0.0671875 
0 0.315625 0.51015625 0.05 0.0609375 
0 0.28125 0.484375 0.053125 0.0625 
0 0.24921875 0.45546875 0.0546875 0.0609375 
0 0.0625 0.46796875 0.0625 0.0671875 
0 0.021875 0.53515625 0.040625 0.0734375 
1 0.20703125 0.41484375 0.0796875 0.0859375 
0 0.43125 0.5875 0.03125 0.065625 
1 0.2546875 0.0578125 0.103125 0.1125 
1 0.3125 0.08515625 0.071875 0.0984375 
