1 0.9421875 0.0875 0.1 0.11875 
1 0.9671875 0.09921875 0.065625 0.1109375 
1 0.97734375 0.1359375 0.0453125 0.121875 
1 0.809375 0.0203125 0.09375 0.0375 
1 0.88125 0.05 0.1 0.096875 
1 0.91171875 0.06796875 0.1015625 0.1171875 
0 0.36015625 0.8671875 0.0671875 0.059375 
0 0.5328125 0.98046875 0.075 0.0390625 
0 0.91484375 0.953125 0.0734375 0.06875 
0 0.94453125 0.93203125 0.0796875 0.0765625 
0 0.97734375 0.86015625 0.0453125 0.0734375 
1 0.47890625 0.41875 0.0890625 0.08125 
1 0.1328125 0.0234375 0.115625 0.04375 
0 0.36796875 0.4640625 0.0578125 0.059375 
0 0.30546875 0.425 0.0640625 0.06875 
0 0.284375 0.396875 0.06875 0.075 
0 0.25078125 0.3765625 0.0703125 0.06875 
0 0.32578125 0.02421875 0.0484375 0.0453125 
0 0.353125 0.0359375 0.05625 0.0625 
0 0.3859375 0.05859375 0.05625 0.0671875 
0 0.4109375 0.07578125 0.053125 0.0578125 
0 0.4546875 0.121875 0.05 0.0625 
0 0.3546875 0.25078125 0.046875 0.0640625 
0 0.31796875 0.2421875 0.0703125 0.071875 
0 0.296875 0.21484375 0.059375 0.0546875 
0 0.21875 0.175 0.053125 0.05625 
0 0.11484375 0.27109375 0.0703125 0.0703125 
0 0.17421875 0.325 0.0703125 0.071875 
0 0.2078125 0.34609375 0.065625 0.0703125 
