1 0.103125 0.0140625 0.128125 0.025 
1 0.2296875 0.66171875 0.1375 0.1359375 
1 0.23984375 0.60703125 0.1328125 0.1359375 
1 0.271875 0.57890625 0.13125 0.1296875 
1 0.29921875 0.54921875 0.1359375 0.1296875 
1 0.353125 0.38125 0.14375 0.134375 
1 0.21875 0.2484375 0.146875 0.128125 
1 0.24921875 0.2140625 0.1265625 0.11875 
1 0.03828125 0.171875 0.0734375 0.1375 
1 0.10390625 0.078125 0.1390625 0.128125 
1 0.20703125 0.11640625 0.1078125 0.1046875 
1 0.5296875 0.09453125 0.084375 0.0828125 
1 0.49453125 0.059375 0.0828125 0.084375 
1 0.22265625 0.0375 0.1015625 0.071875 
1 0.2578125 0.02734375 0.1 0.0515625 
1 0.0671875 0.10546875 0.13125 0.1390625 
1 0.3125 0.21953125 0.1 0.1046875 
1 0.315625 0.796875 0.109375 0.090625 
1 0.0796875 0.62421875 0.1 0.1015625 
0 0.49609375 0.27734375 0.0671875 0.0671875 
0 0.915625 0.16640625 0.065625 0.0609375 
0 0.9 0.0578125 0.059375 0.065625 
0 0.86875 0.08515625 0.071875 0.0671875 
0 0.8453125 0.10625 0.065625 0.06875 
0 0.9296875 0.41640625 0.053125 0.0578125 
0 0.9546875 0.43671875 0.05625 0.0609375 
0 0.90390625 0.39453125 0.0578125 0.0640625 
0 0.8578125 0.35078125 0.05625 0.0609375 
0 0.5578125 0.4140625 0.059375 0.05625 
0 0.71796875 0.60625 0.0578125 0.059375 
0 0.690625 0.58203125 0.053125 0.0578125 
0 0.5921875 0.521875 0.05625 0.065625 
0 0.53671875 0.76796875 0.0671875 0.0671875 
0 0.58359375 0.8171875 0.0640625 0.065625 
0 0.56875 0.78359375 0.059375 0.0609375 
0 0.42890625 0.87109375 0.0734375 0.0609375 
0 0.03125 0.54921875 0.059375 0.0765625 
0 0.0171875 0.384375 0.03125 0.084375 
0 0.53671875 0.3921875 0.0578125 0.059375 
