1 0.575 0.38125 0.128125 0.11875 
1 0.6640625 0.2984375 0.10625 0.10625 
1 0.71171875 0.9765625 0.1328125 0.046875 
1 0.74375 0.9640625 0.13125 0.071875 
1 0.77109375 0.94921875 0.1359375 0.1015625 
1 0.390625 0.88515625 0.14375 0.1078125 
1 0.35859375 0.84765625 0.1328125 0.1109375 
1 0.32265625 0.815625 0.1515625 0.121875 
1 0.28515625 0.784375 0.1453125 0.13125 
1 0.25390625 0.7515625 0.1265625 0.115625 
1 0.825 0.7953125 0.14375 0.134375 
1 0.690625 0.6625 0.146875 0.128125 
1 0.72109375 0.628125 0.1265625 0.11875 
1 0.47890625 0.5859375 0.1359375 0.1375 
1 0.57578125 0.4921875 0.1390625 0.128125 
1 0.67890625 0.53046875 0.1078125 0.1046875 
1 0.9796875 0.50859375 0.040625 0.0828125 
1 0.9625 0.4734375 0.075 0.084375 
1 0.69453125 0.4359375 0.1015625 0.103125 
1 0.7296875 0.41484375 0.1 0.1046875 
1 0.59921875 0.346875 0.1015625 0.09375 
1 0.62265625 0.3171875 0.1109375 0.103125 
1 0.69140625 0.2671875 0.1046875 0.103125 
1 0.53671875 0.51953125 0.1359375 0.1390625 
1 0.784375 0.63359375 0.1 0.1046875 
1 0.7703125 0.184375 0.1125 0.10625 
1 0.5515625 0.99375 0.1 0.0125 
0 0.9671875 0.69140625 0.065625 0.0671875 
0 0.49921875 0.9625 0.0671875 0.075 
0 0.4625 0.7984375 0.084375 0.084375 
0 0.98984375 0.80625 0.0203125 0.059375 
1 0.71328125 0.23515625 0.1078125 0.1109375 
