0 0.3140625 0.9734375 0.03125 0.034375 
0 0.30390625 0.984375 0.0328125 0.03125 
0 0.29140625 0.98984375 0.0328125 0.0203125 
0 0.278125 0.99375 0.03125 0.0125 
0 0.3359375 0.99296875 0.03125 0.0140625 
0 0.2296875 0.953125 0.028125 0.03125 
1 0.49765625 0.928125 0.0640625 0.065625 
0 0.25078125 0.93359375 0.0296875 0.0296875 
0 0.21875 0.96640625 0.028125 0.0296875 
0 0.6390625 0.70078125 0.0375 0.0203125 
0 0.4890625 0.89375 0.034375 0.034375 
0 0.46484375 0.915625 0.0328125 0.03125 
0 0.41953125 0.95859375 0.0328125 0.0359375 
0 0.6125 0.90546875 0.034375 0.0390625 
0 0.55078125 0.96875 0.0265625 0.03125 
0 0.70703125 0.52734375 0.0265625 0.0296875 
0 0.6828125 0.64296875 0.028125 0.0296875 
0 0.671875 0.56015625 0.03125 0.0328125 
0 0.625 0.60078125 0.028125 0.0328125 
0 0.7859375 0.59140625 0.028125 0.0296875 
0 0.77578125 0.60234375 0.0296875 0.0296875 
0 0.76328125 0.6140625 0.0265625 0.028125 
0 0.74921875 0.62109375 0.0265625 0.0296875 
0 0.7171875 0.65703125 0.03125 0.0328125 
0 0.70703125 0.66640625 0.0296875 0.0296875 
0 0.6921875 0.67890625 0.03125 0.0328125 
0 0.67421875 0.65546875 0.0296875 0.0328125 
0 0.696875 0.63359375 0.028125 0.0296875 
0 0.70703125 0.62421875 0.0265625 0.0296875 
0 0.71640625 0.61328125 0.0296875 0.0296875 
0 0.72890625 0.60078125 0.0265625 0.0265625 
0 0.61484375 0.67109375 0.0359375 0.0203125 
0 0.6453125 0.73359375 0.028125 0.0328125 
0 0.9375 0.565625 0.034375 0.03125 
0 0.88515625 0.60859375 0.0328125 0.0328125 
0 0.79296875 0.6890625 0.0328125 0.03125 
0 0.759375 0.71796875 0.034375 0.0328125 
0 0.9859375 0.57734375 0.028125 0.0328125 
0 0.99296875 0.5890625 0.0140625 0.034375 
0 0.20546875 0.97578125 0.0296875 0.0328125 
0 0.6375 0.59296875 0.034375 0.0359375 
0 0.39375 0.79765625 0.034375 0.0265625 
0 0.65078125 0.58203125 0.0328125 0.0359375 
0 0.6625 0.57109375 0.03125 0.0328125 
0 0.69765625 0.53828125 0.0328125 0.0359375 
0 0.7296875 0.6453125 0.034375 0.034375 
0 0.74140625 0.63125 0.0359375 0.034375 
0 0.265625 0.921875 0.028125 0.03125 
0 0.19296875 0.984375 0.0296875 0.03125 
0 0.34296875 0.8484375 0.0359375 0.028125 
0 0.3671875 0.82578125 0.03125 0.0234375 
0 0.38359375 0.8125 0.0328125 0.025 
0 0.41015625 0.79140625 0.0328125 0.0234375 
0 0.65625 0.87265625 0.03125 0.0328125 
0 0.42265625 0.77890625 0.0359375 0.0234375 
0 0.4359375 0.76640625 0.03125 0.0234375 
0 0.5625 0.9609375 0.028125 0.03125 
0 0.58515625 0.92890625 0.0359375 0.0328125 
0 0.5984375 0.91484375 0.0375 0.0359375 
0 0.63125 0.896875 0.03125 0.03125 
0 0.64453125 0.8859375 0.0328125 0.034375 
0 0.2421875 0.94375 0.03125 0.03125 
0 0.76484375 0.56875 0.0265625 0.028125 
0 0.68359375 0.5515625 0.0328125 0.034375 
0 0.75390625 0.5796875 0.0234375 0.025 
0 0.74375 0.5890625 0.028125 0.025 
0 0.82734375 0.66171875 0.0390625 0.0421875 
0 0.86015625 0.634375 0.0359375 0.040625 
0 0.91171875 0.58828125 0.0328125 0.0328125 
