0 0.67890625 0.41796875 0.0515625 0.0578125 
0 0.69375 0.4609375 0.046875 0.05 
0 0.7234375 0.58359375 0.05625 0.0640625 
0 0.77421875 0.7921875 0.0515625 0.065625 
0 0.80234375 0.9234375 0.0546875 0.0625 
0 0.6796875 0.96796875 0.05 0.0578125 
0 0.67109375 0.93125 0.0484375 0.05625 
0 0.65859375 0.8875 0.0515625 0.065625 
0 0.646875 0.85 0.05 0.059375 
0 0.70390625 0.503125 0.0578125 0.0625 
0 0.20859375 0.7171875 0.0453125 0.059375 
0 0.325 0.684375 0.046875 0.0625 
0 0.52265625 0.33046875 0.0546875 0.0703125 
0 0.48046875 0.16015625 0.0515625 0.0578125 
0 0.503125 0.240625 0.05 0.059375 
0 0.4515625 0.0328125 0.059375 0.0625 
0 0.43828125 0.0125 0.0484375 0.021875 
0 0.2796875 0.634375 0.046875 0.0625 
0 0.546875 0.41484375 0.05625 0.0703125 
0 0.51171875 0.28984375 0.0515625 0.0640625 
0 0.4921875 0.203125 0.053125 0.06875 
0 0.47265625 0.109375 0.0578125 0.06875 
0 0.4609375 0.0765625 0.04375 0.0625 
0 0.6171875 0.11328125 0.04375 0.0671875 
0 0.75625 0.71953125 0.053125 0.0671875 
0 0.74296875 0.6765625 0.0578125 0.065625 
0 0.79921875 0.88203125 0.0546875 0.0609375 
0 0.20078125 0.6546875 0.0484375 0.071875 
0 0.16171875 0.66328125 0.0546875 0.0765625 
0 0.35078125 0.6265625 0.0453125 0.06875 
0 0.290625 0.6890625 0.04375 0.0625 
0 0.24765625 0.709375 0.0484375 0.06875 
