0 0.54140625 0.85625 0.0328125 0.025 
0 0.559375 0.84765625 0.034375 0.0296875 
0 0.790625 0.8921875 0.034375 0.028125 
0 0.8046875 0.8796875 0.03125 0.028125 
0 0.81953125 0.8703125 0.0359375 0.028125 
0 0.759375 0.7078125 0.028125 0.034375 
0 0.725 0.7328125 0.0375 0.028125 
0 0.90390625 0.80390625 0.0421875 0.0359375 
0 0.96875 0.7953125 0.01875 0.03125 
0 0.9890625 0.78125 0.01875 0.034375 
0 0.6515625 0.784375 0.034375 0.028125 
0 0.73515625 0.81171875 0.0171875 0.0359375 
0 0.63828125 0.9265625 0.0171875 0.034375 
0 0.68125 0.76484375 0.040625 0.0296875 
0 0.94921875 0.80546875 0.0234375 0.0390625 
0 0.93125 0.81484375 0.021875 0.0359375 
0 0.571875 0.96875 0.015625 0.034375 
0 0.5890625 0.9609375 0.01875 0.03125 
0 0.61640625 0.93984375 0.0234375 0.0390625 
0 0.65625 0.91640625 0.015625 0.0359375 
0 0.70390625 0.8328125 0.0171875 0.0375 
0 0.67109375 0.90625 0.0171875 0.034375 
0 0.68515625 0.89609375 0.0140625 0.0359375 
0 0.578125 0.91796875 0.015625 0.0359375 
0 0.5171875 0.9625 0.015625 0.03125 
0 0.59296875 0.909375 0.0171875 0.040625 
0 0.63125 0.8828125 0.015625 0.0375 
0 0.70078125 0.88203125 0.0140625 0.0328125 
0 0.753125 0.91953125 0.0375 0.0296875 
0 0.7171875 0.93828125 0.034375 0.0296875 
0 0.60078125 0.984375 0.0328125 0.028125 
0 0.55546875 0.9828125 0.0171875 0.03125 
0 0.715625 0.8734375 0.01875 0.034375 
0 0.97109375 0.73125 0.0390625 0.0375 
0 0.7046875 0.74296875 0.03125 0.0234375 
0 0.69296875 0.7515625 0.0359375 0.025 
0 0.63671875 0.79453125 0.0390625 0.0234375 
0 0.62109375 0.80390625 0.0296875 0.0234375 
0 0.6078125 0.81640625 0.034375 0.0234375 
0 0.68828125 0.84140625 0.0171875 0.0390625 
0 0.7171875 0.821875 0.021875 0.040625 
0 0.659375 0.98125 0.03125 0.028125 
