0 0.084375 0.15703125 0.03125 0.0171875 
0 0.1125 0.15703125 0.03125 0.0171875 
0 0.23671875 0.1546875 0.0328125 0.015625 
0 0.28046875 0.1515625 0.0296875 0.01875 
0 0.21484375 0.09296875 0.0234375 0.0328125 
0 0.18984375 0.09140625 0.0203125 0.0328125 
0 0.1734375 0.0984375 0.025 0.034375 
0 0.075 0.10859375 0.015625 0.0328125 
0 0.046875 0.11015625 0.0125 0.0296875 
0 0.03125 0.11171875 0.01875 0.0328125 
0 0.01171875 0.1125 0.0203125 0.03125 
0 0.85703125 0.0828125 0.0390625 0.03125 
0 0.89375 0.03828125 0.0375 0.0265625 
0 0.0921875 0.11015625 0.015625 0.0328125 
0 0.25078125 0.09296875 0.0203125 0.0328125 
0 0.06171875 0.1078125 0.0171875 0.034375 
0 0.234375 0.090625 0.021875 0.028125 
0 0.27265625 0.08984375 0.0140625 0.0265625 
0 0.28984375 0.09765625 0.0296875 0.0296875 
0 0.29296875 0.12421875 0.0296875 0.0203125 
0 0.26171875 0.13828125 0.0296875 0.0203125 
0 0.2078125 0.153125 0.028125 0.015625 
0 0.13984375 0.1546875 0.0296875 0.01875 
0 0.17578125 0.1546875 0.0328125 0.015625 
