0 0.72734375 0.1921875 0.0296875 0.03125 
0 0.63984375 0.48515625 0.0234375 0.0328125 
0 0.596875 0.46484375 0.01875 0.0328125 
0 0.58515625 0.4984375 0.0203125 0.034375 
0 0.553125 0.48828125 0.021875 0.0359375 
0 0.56484375 0.4546875 0.0296875 0.040625 
0 0.503125 0.43125 0.025 0.0375 
0 0.52421875 0.47734375 0.0234375 0.0390625 
0 0.50625 0.47265625 0.021875 0.0359375 
0 0.46484375 0.4625 0.0234375 0.034375 
0 0.4578125 0.41796875 0.01875 0.0390625 
0 0.3625 0.415625 0.028125 0.05 
0 0.59296875 0.375 0.0234375 0.034375 
0 0.328125 0.296875 0.021875 0.034375 
0 0.16875 0.36875 0.025 0.034375 
0 0.2375 0.47890625 0.01875 0.0296875 
0 0.7453125 0.42734375 0.021875 0.0390625 
0 0.890625 0.31640625 0.034375 0.0296875 
0 0.95078125 0.65546875 0.0328125 0.0359375 
0 0.37578125 0.52265625 0.0203125 0.0328125 
0 0.10859375 0.34296875 0.0265625 0.0390625 
