1 0.6703125 0.0171875 0.11875 0.03125 
1 0.62265625 0.140625 0.0828125 0.09375 
1 0.9875 0.1921875 0.025 0.1 
1 0.9703125 0.2609375 0.059375 0.09375 
1 0.9640625 0.28984375 0.071875 0.0734375 
1 0.91640625 0.38828125 0.0953125 0.0765625 
1 0.78828125 0.58671875 0.1078125 0.0859375 
1 0.66015625 0.77890625 0.1328125 0.0984375 
1 0.63828125 0.81015625 0.1296875 0.1015625 
1 0.61640625 0.84375 0.1328125 0.1 
1 0.959375 0.33046875 0.08125 0.0734375 
0 0.6796875 0.0765625 0.06875 0.071875 
0 0.65390625 0.05 0.0640625 0.071875 
