0 0.1625 0.04140625 0.03125 0.0234375 
0 0.121875 0.14921875 0.040625 0.0265625 
0 0.95234375 0.34296875 0.0265625 0.0390625 
0 0.61953125 0.328125 0.0203125 0.034375 
0 0.5734375 0.3171875 0.021875 0.03125 
0 0.221875 0.0984375 0.0375 0.025 
0 0.03203125 0.0703125 0.0390625 0.028125 
0 0.03828125 0.05390625 0.0359375 0.0265625 
0 0.0453125 0.0390625 0.0375 0.028125 
0 0.421875 0.1796875 0.025 0.0375 
0 0.23046875 0.08359375 0.0328125 0.0203125 
0 0.23359375 0.07109375 0.0328125 0.0203125 
0 0.23671875 0.046875 0.0390625 0.021875 
0 0.33125 0.2046875 0.034375 0.021875 
0 0.625 0.20390625 0.025 0.0328125 
0 0.59296875 0.19453125 0.0234375 0.0390625 
0 0.44609375 0.14609375 0.0234375 0.0328125 
0 0.42890625 0.13828125 0.0265625 0.0359375 
0 0.3703125 0.084375 0.0375 0.025 
0 0.33515625 0.1890625 0.0390625 0.025 
0 0.128125 0.03515625 0.040625 0.0265625 
0 0.109375 0.0953125 0.028125 0.01875 
0 0.11171875 0.07890625 0.0296875 0.0203125 
0 0.11640625 0.06328125 0.0296875 0.0265625 
0 0.15078125 0.075 0.0328125 0.028125 
0 0.146875 0.0921875 0.03125 0.025 
0 0.14140625 0.10703125 0.0328125 0.0265625 
