0 0.190625 0.2765625 0.0625 0.05 
0 0.0484375 0.19375 0.071875 0.0625 
0 0.075 0.81875 0.05625 0.046875 
0 0.146875 0.66640625 0.075 0.0578125 
0 0.01484375 0.85546875 0.0265625 0.0515625 
0 0.0140625 0.73671875 0.025 0.0484375 
0 0.05703125 0.70859375 0.0609375 0.0453125 
0 0.31484375 0.5828125 0.0609375 0.05 
0 0.29453125 0.45859375 0.0515625 0.0609375 
0 0.50078125 0.4 0.0609375 0.05625 
0 0.584375 0.45078125 0.059375 0.0515625 
0 0.24453125 0.22734375 0.0796875 0.0640625 
0 0.51015625 0.67734375 0.0671875 0.0484375 
0 0.803125 0.9890625 0.05625 0.021875 
