0 0.4765625 0.165625 0.028125 0.01875 
0 0.425 0.1453125 0.0375 0.028125 
0 0.79140625 0.73984375 0.0359375 0.0296875 
0 0.8453125 0.85859375 0.040625 0.0296875 
0 0.02578125 0.40546875 0.0328125 0.0203125 
0 0.49609375 0.65 0.0453125 0.0375 
0 0.36796875 0.5609375 0.0328125 0.03125 
0 0.3328125 0.53984375 0.03125 0.0265625 
0 0.296875 0.5171875 0.0375 0.034375 
0 0.175 0.4328125 0.03125 0.025 
0 0.13125 0.4 0.034375 0.028125 
0 0.95390625 0.2125 0.0328125 0.025 
0 0.93671875 0.24140625 0.0390625 0.0265625 
0 0.6578125 0.29609375 0.03125 0.0265625 
0 0.6078125 0.26875 0.03125 0.025 
