0 0.9171875 0.10078125 0.01875 0.0359375 
0 0.91171875 0.2078125 0.0203125 0.034375 
0 0.51484375 0.409375 0.0328125 0.01875 
0 0.56484375 0.41171875 0.0359375 0.0203125 
0 0.60625 0.4140625 0.0375 0.01875 
0 0.64296875 0.4140625 0.0390625 0.01875 
0 0.7828125 0.42265625 0.028125 0.0140625 
0 0.81953125 0.42421875 0.0328125 0.0171875 
0 0.4046875 0.44609375 0.034375 0.0171875 
0 0.5390625 0.446875 0.040625 0.015625 
0 0.44375 0.09375 0.01875 0.040625 
0 0.41953125 0.321875 0.0203125 0.0375 
0 0.03828125 0.39140625 0.0390625 0.0171875 
0 0.0078125 0.38828125 0.0125 0.0203125 
0 0.09453125 0.39375 0.0296875 0.015625 
0 0.125 0.396875 0.025 0.015625 
0 0.27890625 0.4015625 0.0359375 0.015625 
