1 0.1671875 0.7234375 0.053125 0.1125 
1 0.20703125 0.71796875 0.0640625 0.1421875 
1 0.253125 0.72265625 0.053125 0.1265625 
0 0.01171875 0.753125 0.0203125 0.084375 
0 0.43515625 0.91171875 0.1046875 0.0609375 
0 0.46875 0.9484375 0.084375 0.04375 
0 0.3359375 0.94296875 0.090625 0.0578125 
1 0.2046875 0.121875 0.26875 0.121875 
1 0.2171875 0.17109375 0.26875 0.1171875 
1 0.08828125 0.52265625 0.0921875 0.2734375 
1 0.025 0.53203125 0.046875 0.2921875 
1 0.36796875 0.9765625 0.0859375 0.046875 
1 0.40625 0.82578125 0.13125 0.0828125 
