1 0.7859375 0.01484375 0.06875 0.0265625 
1 0.9296875 0.07578125 0.11875 0.0578125 
1 0.9390625 0.109375 0.121875 0.0625 
1 0.98671875 0.11953125 0.0265625 0.0796875 
1 0.71015625 0.01171875 0.0546875 0.0203125 
1 0.675 0.02421875 0.06875 0.0453125 
1 0.653125 0.44609375 0.1375 0.0671875 
1 0.6359375 0.4015625 0.1375 0.071875 
1 0.6203125 0.35078125 0.09375 0.0515625 
1 0.6015625 0.3109375 0.1125 0.0625 
1 0.5859375 0.2609375 0.1375 0.05625 
1 0.584375 0.2109375 0.153125 0.059375 
1 0.57421875 0.1703125 0.1390625 0.059375 
1 0.57109375 0.12890625 0.1296875 0.0546875 
1 0.465625 0.053125 0.1375 0.046875 
1 0.96796875 0.43671875 0.0640625 0.1078125 
0 0.25234375 0.7640625 0.0421875 0.06875 
0 0.60078125 0.75390625 0.0578125 0.0765625 
0 0.88046875 0.63671875 0.0359375 0.0640625 
0 0.84375 0.63828125 0.04375 0.0765625 
0 0.94296875 0.31875 0.0828125 0.046875 
1 0.98828125 0.2078125 0.0234375 0.071875 
1 0.98125 0.41171875 0.0375 0.0671875 
