1 0.1859375 0.50078125 0.090625 0.0515625 
1 0.44140625 0.5296875 0.0890625 0.046875 
1 0.31640625 0.5578125 0.0796875 0.053125 
1 0.1984375 0.5859375 0.128125 0.0625 
1 0.57890625 0.53984375 0.1359375 0.0609375 
1 0.59140625 0.57890625 0.1328125 0.0578125 
1 0.325 0.68203125 0.134375 0.0640625 
1 0.21015625 0.66640625 0.0796875 0.0484375 
1 0.27265625 0.8203125 0.1234375 0.059375 
1 0.46640625 0.84296875 0.1203125 0.0640625 
1 0.20859375 0.45625 0.1296875 0.059375 
1 0.49296875 0.434375 0.1046875 0.05625 
1 0.56328125 0.66875 0.1296875 0.065625 
0 0.47265625 0.1359375 0.0421875 0.078125 
0 0.50859375 0.13671875 0.0359375 0.0578125 
0 0.790625 0.478125 0.065625 0.040625 
0 0.5078125 0.7921875 0.075 0.046875 
0 0.6 0.740625 0.096875 0.05625 
0 0.4421875 0.61875 0.103125 0.05625 
0 0.29921875 0.64921875 0.0984375 0.0515625 
0 0.89296875 0.69375 0.0703125 0.0375 
1 0.3109375 0.47578125 0.13125 0.0578125 
