0 0.4453125 0.14609375 0.0375 0.0234375 
0 0.4375 0.1171875 0.0375 0.025 
0 0.34453125 0.184375 0.0359375 0.025 
0 0.33515625 0.15078125 0.0328125 0.0234375 
0 0.32109375 0.1046875 0.0390625 0.021875 
0 0.32578125 0.1203125 0.0328125 0.021875 
0 0.3546875 0.09375 0.0375 0.021875 
0 0.22421875 0.165625 0.0359375 0.021875 
0 0.21640625 0.15 0.0328125 0.021875 
0 0.20546875 0.11875 0.0328125 0.025 
0 0.2015625 0.1046875 0.034375 0.021875 
0 0.19296875 0.090625 0.0296875 0.01875 
0 0.1890625 0.07578125 0.03125 0.0203125 
0 0.084375 0.18046875 0.0375 0.0203125 
0 0.0796875 0.1640625 0.0375 0.025 
0 0.125 0.1734375 0.03125 0.01875 
0 0.12109375 0.159375 0.0328125 0.021875 
0 0.08203125 0.02578125 0.0234375 0.0296875 
0 0.01953125 0.22109375 0.0359375 0.0265625 
0 0.0484375 0.33515625 0.028125 0.0421875 
0 0.45078125 0.1609375 0.0359375 0.021875 
0 0.4171875 0.05234375 0.03125 0.0234375 
0 0.40390625 0.01953125 0.0328125 0.0265625 
0 0.76015625 0.0625 0.0234375 0.0375 
0 0.7953125 0.98515625 0.034375 0.0265625 
0 0.7890625 0.953125 0.03125 0.025 
0 0.7296875 0.909375 0.028125 0.0375 
0 0.7453125 0.9046875 0.025 0.034375 
0 0.7609375 0.896875 0.028125 0.0375 
0 0.83125 0.7953125 0.034375 0.025 
0 0.8703125 0.715625 0.025 0.034375 
0 0.05390625 0.41484375 0.0265625 0.0359375 
0 0.05078125 0.09375 0.0328125 0.025 
0 0.1078125 0.1296875 0.028125 0.021875 
0 0.303125 0.0609375 0.040625 0.028125 
1 0.61015625 0.14765625 0.0390625 0.0265625 
