0 0.23359375 0.0171875 0.0203125 0.034375 
0 0.1703125 0.03359375 0.021875 0.0328125 
0 0.03828125 0.27890625 0.0296875 0.0328125 
0 0.03046875 0.2640625 0.0328125 0.0375 
0 0.01875 0.22890625 0.034375 0.0359375 
0 0.015625 0.190625 0.028125 0.03125 
0 0.74765625 0.853125 0.0421875 0.034375 
0 0.88671875 0.93203125 0.0234375 0.0359375 
0 0.87734375 0.825 0.0359375 0.03125 
0 0.90078125 0.81875 0.0359375 0.034375 
0 0.92265625 0.8140625 0.0359375 0.03125 
0 0.9609375 0.80078125 0.04375 0.0328125 
0 0.10859375 0.2515625 0.0328125 0.021875 
0 0.10390625 0.234375 0.0328125 0.021875 
0 0.0984375 0.21953125 0.03125 0.0203125 
0 0.0953125 0.2015625 0.034375 0.021875 
0 0.08984375 0.18671875 0.0390625 0.0234375 
