0 0.321875 0.6234375 0.03125 0.01875 
0 0.20390625 0.61875 0.0328125 0.01875 
0 0.29296875 0.52734375 0.0359375 0.0203125 
0 0.3078125 0.5734375 0.0375 0.025 
0 0.3140625 0.58984375 0.034375 0.0234375 
0 0.21328125 0.64921875 0.0328125 0.0203125 
0 0.22265625 0.68515625 0.0359375 0.0234375 
0 0.3296875 0.6546875 0.0375 0.021875 
0 0.409375 0.975 0.03125 0.021875 
0 0.33984375 0.959375 0.0359375 0.025 
0 0.33671875 0.68359375 0.0328125 0.0234375 
0 0.15078125 0.8328125 0.0328125 0.021875 
0 0.23125 0.8328125 0.034375 0.021875 
0 0.2484375 0.78125 0.034375 0.01875 
0 0.24453125 0.76484375 0.0359375 0.0203125 
0 0.21015625 0.7734375 0.0296875 0.021875 
0 0.15859375 0.8671875 0.0328125 0.021875 
0 0.15625 0.8484375 0.03125 0.021875 
0 0.12109375 0.85859375 0.0359375 0.0203125 
0 0.30625 0.8296875 0.034375 0.025 
0 0.12109375 0.87578125 0.0328125 0.0203125 
0 0.128125 0.90546875 0.03125 0.0234375 
0 0.35703125 0.7703125 0.0328125 0.021875 
0 0.35234375 0.75390625 0.0328125 0.0203125 
0 0.346875 0.71484375 0.034375 0.0203125 
0 0.3390625 0.69765625 0.03125 0.0234375 
0 0.23359375 0.84921875 0.0328125 0.0171875 
0 0.25703125 0.81171875 0.0296875 0.0203125 
0 0.3921875 0.9140625 0.03125 0.01875 
0 0.2765625 0.88671875 0.03125 0.0234375 
0 0.32890625 0.928125 0.0328125 0.025 
0 0.2953125 0.9640625 0.03125 0.01875 
0 0.28828125 0.9328125 0.0296875 0.021875 
0 0.28359375 0.9171875 0.0328125 0.021875 
0 0.2484375 0.94140625 0.03125 0.0203125 
0 0.2796875 0.90390625 0.028125 0.0203125 
0 0.32265625 0.89140625 0.0359375 0.0265625 
0 0.26171875 0.82734375 0.0265625 0.0140625 
0 0.31484375 0.86484375 0.0359375 0.0234375 
0 0.37265625 0.83359375 0.0296875 0.0171875 
0 0.24453125 0.89375 0.0296875 0.01875 
0 0.26015625 0.8609375 0.0359375 0.021875 
0 0.23828125 0.87734375 0.0296875 0.0203125 
0 0.26171875 0.84296875 0.0296875 0.0203125 
