0 0.859375 0.94609375 0.021875 0.0328125 
0 0.86328125 0.775 0.0328125 0.021875 
0 0.790625 0.79296875 0.03125 0.0171875 
0 0.80390625 0.83671875 0.0390625 0.0203125 
0 0.76953125 0.846875 0.0328125 0.025 
0 0.7609375 0.7984375 0.034375 0.01875 
0 0.7578125 0.8140625 0.03125 0.01875 
0 0.6875 0.81875 0.03125 0.021875 
0 0.7 0.86640625 0.028125 0.0171875 
0 0.66328125 0.8890625 0.0359375 0.021875 
0 0.70390625 0.89765625 0.0328125 0.0234375 
0 0.65078125 0.84140625 0.0328125 0.0234375 
0 0.71015625 0.9625 0.0390625 0.025 
0 0.55 0.4171875 0.03125 0.021875 
0 0.57578125 0.5046875 0.0296875 0.015625 
0 0.56796875 0.49140625 0.0296875 0.0203125 
0 0.56328125 0.47734375 0.0296875 0.0203125 
0 0.56015625 0.459375 0.0328125 0.021875 
0 0.5578125 0.44609375 0.03125 0.0171875 
0 0.5546875 0.43203125 0.0375 0.0234375 
0 0.54375 0.40078125 0.040625 0.0265625 
0 0.5828125 0.55 0.03125 0.01875 
0 0.446875 0.034375 0.03125 0.01875 
0 0.578125 0.51953125 0.03125 0.0171875 
0 0.5859375 0.56640625 0.03125 0.0203125 
0 0.5265625 0.81015625 0.028125 0.0390625 
0 0.68515625 0.79921875 0.0328125 0.0203125 
0 0.64609375 0.809375 0.0296875 0.01875 
0 0.65 0.825 0.034375 0.01875 
0 0.51640625 0.73046875 0.0296875 0.0359375 
0 0.5 0.73984375 0.03125 0.0359375 
0 0.51328125 0.81796875 0.0296875 0.0390625 
0 0.54140625 0.80234375 0.0265625 0.0359375 
0 0.58828125 0.5828125 0.0328125 0.01875 
0 0.5546875 0.79453125 0.028125 0.0296875 
0 0.47578125 0.753125 0.0296875 0.034375 
0 0.61015625 0.6609375 0.0328125 0.01875 
0 0.60546875 0.64375 0.0296875 0.021875 
0 0.603125 0.62890625 0.034375 0.0203125 
0 0.59140625 0.596875 0.0390625 0.021875 
