0 0.8375 0.9875 0.03125 0.0125 
0 0.3296875 0.9765625 0.03125 0.01875 
0 0.3859375 0.97265625 0.034375 0.0171875 
0 0.42734375 0.9140625 0.0390625 0.01875 
0 0.46796875 0.9390625 0.0328125 0.01875 
0 0.534375 0.9375 0.034375 0.021875 
0 0.55859375 0.9578125 0.0328125 0.015625 
0 0.653125 0.946875 0.034375 0.015625 
0 0.75859375 0.8609375 0.0359375 0.01875 
0 0.80703125 0.8796875 0.0296875 0.015625 
0 0.84296875 0.85390625 0.0328125 0.0203125 
0 0.85390625 0.87265625 0.0328125 0.0171875 
0 0.88046875 0.85 0.0328125 0.01875 
0 0.89140625 0.8703125 0.0296875 0.021875 
0 0.92265625 0.87578125 0.0359375 0.0265625 
0 0.915625 0.85078125 0.0375 0.0203125 
0 0.96015625 0.84453125 0.0328125 0.0171875 
0 0.96015625 0.8671875 0.0328125 0.01875 
0 0.98984375 0.86640625 0.0203125 0.0171875 
0 0.95390625 0.8921875 0.0359375 0.01875 
0 0.27265625 0.9796875 0.0328125 0.01875 
0 0.2328125 0.96171875 0.03125 0.0171875 
0 0.20078125 0.98671875 0.0359375 0.0203125 
1 0.36171875 0.95234375 0.0796875 0.0234375 
0 0.14609375 0.9703125 0.0359375 0.021875 
0 0.0078125 0.978125 0.0125 0.021875 
0 0.01953125 0.96015625 0.0359375 0.0203125 
0 0.0734375 0.9171875 0.034375 0.01875 
0 0.06875 0.940625 0.034375 0.025 
0 0.0640625 0.978125 0.034375 0.021875 
0 0.1015625 0.99140625 0.03125 0.0140625 
0 0.09765625 0.95625 0.0328125 0.01875 
0 0.18125 0.94609375 0.03125 0.0203125 
0 0.990625 0.9765625 0.01875 0.015625 
0 0.853125 0.95859375 0.034375 0.0171875 
0 0.95859375 0.9484375 0.0296875 0.01875 
1 0.6484375 0.890625 0.046875 0.01875 
1 0.7609375 0.89140625 0.05 0.0328125 
1 0.8734375 0.90703125 0.046875 0.0140625 
1 0.4765625 0.8828125 0.05625 0.01875 
1 0.11171875 0.5765625 0.0328125 0.0625 
0 0.9859375 0.92578125 0.028125 0.0171875 
