1 0.03671875 0.128125 0.0703125 0.1 
1 0.040625 0.09921875 0.078125 0.0796875 
1 0.00546875 0.02109375 0.0078125 0.0390625 
1 0.08203125 0.01875 0.1328125 0.034375 
1 0.05546875 0.0671875 0.0984375 0.078125 
1 0.17890625 0.0171875 0.1078125 0.03125 
1 0.2953125 0.20234375 0.0875 0.0859375 
1 0.3828125 0.14296875 0.11875 0.1109375 
1 0.34296875 0.05078125 0.0984375 0.0890625 
1 0.353125 0.58828125 0.0875 0.0765625 
1 0.159375 0.3796875 0.109375 0.09375 
0 0.66015625 0.640625 0.0703125 0.0375 
1 0.51171875 0.46875 0.0765625 0.0875 
1 0.5421875 0.44453125 0.084375 0.0890625 
1 0.56875 0.41171875 0.0875 0.0953125 
1 0.59609375 0.38984375 0.0859375 0.0859375 
1 0.6234375 0.36640625 0.075 0.0734375 
1 0.6453125 0.3359375 0.08125 0.078125 
1 0.49140625 0.50234375 0.0703125 0.0765625 
1 0.4578125 0.52734375 0.0875 0.0921875 
1 0.4203125 0.5484375 0.1 0.103125 
1 0.3953125 0.57734375 0.09375 0.0859375 
1 0.3515625 0.17421875 0.115625 0.1109375 
1 0.24765625 0.28125 0.1140625 0.103125 
1 0.1921875 0.3421875 0.1125 0.109375 
1 0.50703125 0.29296875 0.0984375 0.1078125 
