1 0.0375 0.084375 0.065625 0.028125 
0 0.02734375 0.16953125 0.0390625 0.0171875 
0 0.6203125 0.73203125 0.046875 0.0203125 
0 0.47890625 0.19375 0.0359375 0.015625 
0 0.625 0.93828125 0.034375 0.0171875 
0 0.60234375 0.98203125 0.0359375 0.0203125 
0 0.534375 0.9875 0.028125 0.015625 
1 0.73984375 0.95078125 0.0765625 0.0265625 
1 0.70390625 0.975 0.0515625 0.01875 
0 0.7578125 0.98671875 0.03125 0.0171875 
0 0.9859375 0.9703125 0.028125 0.021875 
0 0.78125 0.925 0.0375 0.015625 
0 0.840625 0.978125 0.034375 0.021875 
0 0.86328125 0.96015625 0.0359375 0.0203125 
0 0.9171875 0.9171875 0.034375 0.01875 
0 0.9125 0.940625 0.034375 0.025 
0 0.9078125 0.978125 0.034375 0.021875 
0 0.9453125 0.99140625 0.03125 0.0140625 
0 0.94140625 0.95625 0.0328125 0.01875 
1 0.58125 0.9609375 0.06875 0.021875 
1 0.95546875 0.5765625 0.0328125 0.0625 
