0 0.89765625 0.71640625 0.0171875 0.0328125 
0 0.925 0.72109375 0.009375 0.0296875 
0 0.88125 0.71796875 0.015625 0.0328125 
0 0.9015625 0.65078125 0.015625 0.0328125 
0 0.85625 0.6078125 0.03125 0.015625 
0 0.7828125 0.6609375 0.028125 0.015625 
0 0.8578125 0.01640625 0.03125 0.0140625 
0 0.85390625 0.05859375 0.0296875 0.0171875 
0 0.78359375 0.01484375 0.0296875 0.0140625 
0 0.66796875 0.05625 0.0328125 0.0125 
0 0.6671875 0.11953125 0.0375 0.0140625 
0 0.740625 0.1015625 0.03125 0.015625 
0 0.7921875 0.29609375 0.03125 0.0140625 
0 0.7859375 0.4171875 0.028125 0.009375 
0 0.84375 0.275 0.015625 0.03125 
0 0.86015625 0.2765625 0.0140625 0.034375 
0 0.8890625 0.27421875 0.015625 0.0265625 
0 0.921875 0.28125 0.0125 0.03125 
