0 0.15234375 0.35625 0.0609375 0.03125 
0 0.13984375 0.4296875 0.0609375 0.03125 
0 0.14375 0.4703125 0.05 0.025 
0 0.14453125 0.50703125 0.0734375 0.0328125 
0 0.1421875 0.5421875 0.059375 0.025 
0 0.13828125 0.615625 0.0609375 0.028125 
0 0.12421875 0.73203125 0.0609375 0.0296875 
0 0.1234375 0.89375 0.021875 0.059375 
0 0.3140625 0.12421875 0.059375 0.0296875 
0 0.24375 0.11484375 0.05625 0.0296875 
0 0.4046875 0.13359375 0.0625 0.0328125 
0 0.16953125 0.04296875 0.0703125 0.0421875 
0 0.14453125 0.3921875 0.0546875 0.03125 
0 0.1375 0.57734375 0.065625 0.0328125 
0 0.08671875 0.890625 0.0296875 0.059375 
0 0.234375 0.8921875 0.028125 0.05625 
