0 0.246875 0.72109375 0.0625 0.0609375 
0 0.13515625 0.69609375 0.0609375 0.0609375 
0 0.03671875 0.50390625 0.0484375 0.0671875 
0 0.14765625 0.50859375 0.0359375 0.0609375 
0 0.10703125 0.50390625 0.0453125 0.0671875 
0 0.29296875 0.55 0.0421875 0.065625 
0 0.63515625 0.1046875 0.0484375 0.0625 
0 0.3609375 0.5609375 0.04375 0.065625 
0 0.64453125 0.81171875 0.0421875 0.0640625 
0 0.0671875 0.67734375 0.06875 0.0734375 
0 0.1796875 0.7 0.0625 0.0625 
0 0.10078125 0.68828125 0.0609375 0.0609375 
0 0.071875 0.50234375 0.05 0.0703125 
