0 0.5578125 0.49765625 0.0125 0.0359375 
0 0.51328125 0.46875 0.0140625 0.034375 
0 0.54453125 0.2703125 0.0140625 0.03125 
0 0.6203125 0.08046875 0.028125 0.0171875 
0 0.65390625 0.03203125 0.0328125 0.0359375 
0 0.63046875 0.00546875 0.0265625 0.0078125 
0 0.5859375 0.01484375 0.015625 0.0265625 
0 0.71796875 0.57265625 0.0421875 0.0203125 
0 0.51796875 0.675 0.0140625 0.028125 
0 0.56875 0.7609375 0.015625 0.03125 
0 0.546875 0.965625 0.01875 0.034375 
0 0.4875 0.78203125 0.028125 0.0359375 
