0 0.07734375 0.96796875 0.0265625 0.0296875 
0 0.06953125 0.903125 0.0296875 0.021875 
0 0.39921875 0.21171875 0.0203125 0.0296875 
0 0.4171875 0.1734375 0.025 0.03125 
0 0.43203125 0.134375 0.0234375 0.03125 
0 0.4484375 0.0984375 0.021875 0.03125 
0 0.29609375 0.18125 0.0265625 0.021875 
0 0.30390625 0.16015625 0.0328125 0.0234375 
0 0.309375 0.1453125 0.03125 0.025 
0 0.3140625 0.13046875 0.034375 0.0234375 
0 0.3203125 0.11484375 0.034375 0.0234375 
0 0.3265625 0.09921875 0.03125 0.0265625 
0 0.33125 0.084375 0.034375 0.021875 
0 0.2546875 0.04609375 0.025 0.0328125 
0 0.209375 0.02890625 0.01875 0.0296875 
0 0.19453125 0.021875 0.0234375 0.028125 
0 0.165625 0.0140625 0.025 0.025 
0 0.53828125 0.03046875 0.0234375 0.0328125 
0 0.48671875 0.0125 0.0234375 0.021875 
0 0.38671875 0.15859375 0.0359375 0.0234375 
0 0.3796875 0.17421875 0.03125 0.0265625 
0 0.37578125 0.1875 0.0296875 0.025 
0 0.14453125 0.5265625 0.0296875 0.021875 
0 0.12421875 0.8625 0.0234375 0.0375 
0 0.2421875 0.725 0.025 0.034375 
0 0.259375 0.6875 0.025 0.034375 
0 0.278125 0.646875 0.021875 0.03125 
0 0.2921875 0.61171875 0.025 0.0359375 
0 0.215625 0.64140625 0.025 0.0359375 
0 0.2296875 0.61015625 0.021875 0.0265625 
0 0.2453125 0.57109375 0.021875 0.0390625 
0 0.26015625 0.53828125 0.0203125 0.0296875 
0 0.31171875 0.565625 0.0234375 0.034375 
0 0.3234375 0.53515625 0.021875 0.0328125 
0 0.27421875 0.50625 0.0265625 0.034375 
0 0.28984375 0.4625 0.0203125 0.028125 
0 0.36875 0.2 0.034375 0.025 
0 0.35546875 0.459375 0.0234375 0.034375 
0 0.36875 0.428125 0.021875 0.034375 
0 0.38203125 0.39765625 0.0234375 0.0328125 
0 0.33125 0.36953125 0.021875 0.0265625 
0 0.37734375 0.265625 0.0234375 0.028125 
0 0.4359375 0.275 0.025 0.034375 
0 0.4578125 0.2171875 0.025 0.0375 
0 0.4921875 0.1375 0.025 0.034375 
0 0.47578125 0.1796875 0.0265625 0.034375 
0 0.3875 0.23984375 0.025 0.0296875 
0 0.3546875 0.234375 0.034375 0.021875 
0 0.3640625 0.21796875 0.03125 0.0234375 
