0 0.96484375 0.9515625 0.0328125 0.01875 
0 0.965625 0.93515625 0.028125 0.0171875 
0 0.84765625 0.79921875 0.0296875 0.0296875 
0 0.74609375 0.94765625 0.0296875 0.0234375 
0 0.88359375 0.975 0.0296875 0.028125 
0 0.85078125 0.89609375 0.0328125 0.0328125 
0 0.70859375 0.47265625 0.0296875 0.0171875 
0 0.69453125 0.60078125 0.0328125 0.0203125 
0 0.6296875 0.15703125 0.021875 0.0359375 
0 0.61796875 0.1453125 0.0296875 0.0375 
0 0.69140625 0.05703125 0.0296875 0.0140625 
0 0.5875 0.06015625 0.028125 0.0140625 
0 0.765625 0.8984375 0.040625 0.01875 
0 0.8515625 0.0109375 0.028125 0.01875 
0 0.7109375 0.415625 0.025 0.015625 
0 0.721875 0.37265625 0.028125 0.0171875 
0 0.72109375 0.71640625 0.0328125 0.0203125 
0 0.7265625 0.740625 0.034375 0.01875 
0 0.73046875 0.75625 0.0359375 0.025 
0 0.7875 0.69921875 0.034375 0.0234375 
0 0.77421875 0.62421875 0.0296875 0.0203125 
0 0.940625 0.2328125 0.021875 0.03125 
0 0.94765625 0.26328125 0.0234375 0.0296875 
0 0.95625 0.2984375 0.021875 0.03125 
0 0.9765625 0.36015625 0.025 0.0296875 
0 0.98828125 0.39453125 0.0203125 0.0328125 
0 0.98125 0.22421875 0.021875 0.0296875 
0 0.98359375 0.12265625 0.0296875 0.0234375 
0 0.74921875 0.825 0.0359375 0.021875 
0 0.8515625 0.828125 0.0375 0.0375 
0 0.75390625 0.85625 0.0328125 0.021875 
