0 0.02109375 0.04140625 0.0390625 0.0390625 
0 0.1203125 0.20859375 0.04375 0.0671875 
0 0.3046875 0.24609375 0.040625 0.0671875 
0 0.67734375 0.028125 0.0609375 0.034375 
0 0.365625 0.25859375 0.0375 0.0640625 
0 0.51640625 0.28046875 0.0390625 0.0640625 
0 0.440625 0.0203125 0.0625 0.0375 
0 0.5125 0.06328125 0.05625 0.0359375 
0 0.67421875 0.09296875 0.0578125 0.0359375 
0 0.0921875 0.20078125 0.04375 0.0703125 
0 0.059375 0.19609375 0.040625 0.0734375 
0 0.2125 0.23125 0.04375 0.071875 
0 0.665625 0.121875 0.0625 0.0375 
