0 0.528125 0.51640625 0.01875 0.0328125 
0 0.51015625 0.51875 0.0171875 0.03125 
0 0.5546875 0.60625 0.0125 0.034375 
0 0.53984375 0.60859375 0.0140625 0.0359375 
0 0.3171875 0.54296875 0.01875 0.0328125 
0 0.475 0.6140625 0.015625 0.034375 
0 0.44296875 0.621875 0.0171875 0.0375 
0 0.3625 0.63359375 0.01875 0.0390625 
0 0.328125 0.6375 0.015625 0.034375 
0 0.31171875 0.63984375 0.0171875 0.0359375 
0 0.28203125 0.64609375 0.0171875 0.0359375 
0 0.1640625 0.6578125 0.01875 0.034375 
0 0.13203125 0.665625 0.0171875 0.034375 
0 0.08359375 0.66796875 0.0203125 0.0328125 
0 0.4765625 0.5203125 0.015625 0.034375 
0 0.63984375 0.59375 0.0171875 0.03125 
0 0.96484375 0.459375 0.0203125 0.034375 
0 0.65390625 0.590625 0.0171875 0.034375 
0 0.903125 0.4671875 0.01875 0.034375 
0 0.8828125 0.47109375 0.015625 0.0390625 
0 0.8515625 0.4765625 0.021875 0.0375 
0 0.77109375 0.4859375 0.0171875 0.040625 
0 0.753125 0.48984375 0.015625 0.0359375 
0 0.72265625 0.4921875 0.0171875 0.034375 
0 0.640625 0.5015625 0.021875 0.0375 
0 0.62421875 0.50703125 0.0234375 0.0359375 
0 0.76640625 0.578125 0.0171875 0.0375 
0 0.75078125 0.58046875 0.0171875 0.0359375 
0 0.73125 0.58203125 0.015625 0.0359375 
0 0.7171875 0.584375 0.015625 0.0375 
0 0.703125 0.5859375 0.01875 0.034375 
0 0.68515625 0.58984375 0.0203125 0.0359375 
0 0.66953125 0.5875 0.0140625 0.0375 
0 0.05078125 0.6765625 0.0171875 0.03125 
0 0.00625 0.67890625 0.009375 0.0328125 
0 0.09140625 0.6125 0.0296875 0.015625 
0 0.03046875 0.58046875 0.0203125 0.0296875 
0 0.015625 0.58515625 0.021875 0.0328125 
0 0.93359375 0.46328125 0.0203125 0.0359375 
0 0.44609375 0.5296875 0.0203125 0.0375 
0 0.4125 0.5328125 0.021875 0.034375 
0 0.39609375 0.53046875 0.0171875 0.0296875 
0 0.38046875 0.53359375 0.0203125 0.0296875 
0 0.365625 0.534375 0.015625 0.028125 
0 0.34765625 0.5421875 0.0203125 0.0375 
0 0.3328125 0.5421875 0.015625 0.03125 
0 0.27578125 0.54765625 0.0234375 0.0328125 
0 0.2484375 0.5546875 0.01875 0.034375 
0 0.15234375 0.56640625 0.0171875 0.0359375 
0 0.11953125 0.57421875 0.0203125 0.0328125 
0 0.08359375 0.578125 0.0203125 0.034375 
0 0.06796875 0.57890625 0.0203125 0.0359375 
0 0.05 0.58203125 0.01875 0.0359375 
0 0.42890625 0.53125 0.0171875 0.034375 
0 0.671875 0.4953125 0.01875 0.034375 
0 0.6890625 0.49765625 0.015625 0.0359375 
0 0.9515625 0.4640625 0.01875 0.034375 
0 0.82109375 0.4796875 0.0203125 0.040625 
0 0.80234375 0.4796875 0.0203125 0.0375 
0 0.73828125 0.48984375 0.0171875 0.0328125 
0 0.70703125 0.4953125 0.0203125 0.03125 
0 0.97578125 0.553125 0.0203125 0.034375 
0 0.89375 0.565625 0.01875 0.028125 
0 0.84765625 0.571875 0.0203125 0.028125 
0 0.79921875 0.57578125 0.0171875 0.0359375 
0 0.2296875 0.6546875 0.01875 0.040625 
0 0.21171875 0.65859375 0.0171875 0.0359375 
0 0.196875 0.66015625 0.015625 0.0359375 
0 0.18046875 0.6609375 0.0140625 0.0375 
0 0.15 0.66640625 0.021875 0.0359375 
0 0.11640625 0.6734375 0.0171875 0.034375 
0 0.09921875 0.66875 0.0171875 0.034375 
0 0.0671875 0.67265625 0.021875 0.0328125 
0 0.01875 0.68125 0.015625 0.034375 
0 0.99375 0.54609375 0.0125 0.0359375 
0 0.946875 0.5546875 0.015625 0.034375 
0 0.93046875 0.55703125 0.0171875 0.0359375 
0 0.86484375 0.56484375 0.0140625 0.0390625 
0 0.2453125 0.6515625 0.015625 0.034375 
0 0.26328125 0.65234375 0.0203125 0.0359375 
0 0.29609375 0.64765625 0.0203125 0.0359375 
0 0.52265625 0.61328125 0.0203125 0.0359375 
0 0.78359375 0.57734375 0.0140625 0.0359375 
0 0.75078125 0.5828125 0.0171875 0.03125 
0 0.621875 0.6046875 0.01875 0.03125 
0 0.603125 0.60078125 0.015625 0.0328125 
0 0.58828125 0.609375 0.0203125 0.03125 
0 0.571875 0.609375 0.01875 0.0375 
0 0.50625 0.615625 0.01875 0.034375 
0 0.34453125 0.640625 0.0171875 0.034375 
0 0.490625 0.61484375 0.01875 0.0390625 
0 0.45859375 0.62109375 0.0203125 0.0390625 
0 0.4265625 0.628125 0.01875 0.0375 
0 0.409375 0.628125 0.015625 0.034375 
0 0.39375 0.62890625 0.015625 0.0359375 
0 0.378125 0.6328125 0.015625 0.0375 
