0 0.46171875 0.0734375 0.0171875 0.034375 
0 0.49296875 0.07109375 0.0140625 0.0328125 
0 0.528125 0.06640625 0.01875 0.0328125 
0 0.51015625 0.06875 0.0171875 0.03125 
0 0.5546875 0.15625 0.0125 0.034375 
0 0.53984375 0.15859375 0.0140625 0.0359375 
0 0.3171875 0.09296875 0.01875 0.0328125 
0 0.475 0.1640625 0.015625 0.034375 
0 0.44296875 0.171875 0.0171875 0.0375 
0 0.3625 0.18359375 0.01875 0.0390625 
0 0.328125 0.1875 0.015625 0.034375 
0 0.31171875 0.18984375 0.0171875 0.0359375 
0 0.28203125 0.19609375 0.0171875 0.0359375 
0 0.1640625 0.2078125 0.01875 0.034375 
0 0.13203125 0.215625 0.0171875 0.034375 
0 0.08359375 0.21796875 0.0203125 0.0328125 
0 0.4765625 0.0703125 0.015625 0.034375 
0 0.63984375 0.14375 0.0171875 0.03125 
0 0.96484375 0.0140625 0.0203125 0.025 
0 0.65390625 0.140625 0.0171875 0.034375 
0 0.903125 0.0171875 0.01875 0.034375 
0 0.8828125 0.02109375 0.015625 0.0390625 
0 0.8515625 0.0265625 0.021875 0.0375 
0 0.77109375 0.0359375 0.0171875 0.040625 
0 0.753125 0.03984375 0.015625 0.0359375 
0 0.72265625 0.0421875 0.0171875 0.034375 
0 0.640625 0.0515625 0.021875 0.0375 
0 0.62421875 0.05703125 0.0234375 0.0359375 
0 0.76640625 0.128125 0.0171875 0.0375 
0 0.75078125 0.13046875 0.0171875 0.0359375 
0 0.73125 0.13203125 0.015625 0.0359375 
0 0.7171875 0.134375 0.015625 0.0375 
0 0.703125 0.1359375 0.01875 0.034375 
0 0.68515625 0.13984375 0.0203125 0.0359375 
0 0.66953125 0.1375 0.0140625 0.0375 
0 0.05078125 0.2265625 0.0171875 0.03125 
0 0.00625 0.22890625 0.009375 0.0328125 
0 0.09140625 0.1625 0.0296875 0.015625 
0 0.94375 0.6578125 0.040625 0.021875 
0 0.89765625 0.6625 0.0390625 0.01875 
0 0.840625 0.64375 0.034375 0.01875 
0 0.53203125 0.684375 0.0328125 0.01875 
0 0.97890625 0.846875 0.0328125 0.040625 
0 0.9625 0.6265625 0.03125 0.01875 
0 0.03046875 0.13046875 0.0203125 0.0296875 
0 0.015625 0.13515625 0.021875 0.0328125 
0 0.93359375 0.01640625 0.0203125 0.0296875 
0 0.08671875 0.68046875 0.0296875 0.0171875 
0 0.44609375 0.0796875 0.0203125 0.0375 
0 0.4125 0.0828125 0.021875 0.034375 
0 0.39609375 0.08046875 0.0171875 0.0296875 
0 0.38046875 0.08359375 0.0203125 0.0296875 
0 0.365625 0.084375 0.015625 0.028125 
0 0.34765625 0.0921875 0.0203125 0.0375 
0 0.3328125 0.0921875 0.015625 0.03125 
0 0.27578125 0.09765625 0.0234375 0.0328125 
0 0.2484375 0.1046875 0.01875 0.034375 
0 0.15234375 0.11640625 0.0171875 0.0359375 
0 0.11953125 0.12421875 0.0203125 0.0328125 
0 0.08359375 0.128125 0.0203125 0.034375 
0 0.06796875 0.12890625 0.0203125 0.0359375 
0 0.05 0.13203125 0.01875 0.0359375 
0 0.42890625 0.08125 0.0171875 0.034375 
0 0.671875 0.0453125 0.01875 0.034375 
0 0.6890625 0.04765625 0.015625 0.0359375 
0 0.65546875 0.6953125 0.0421875 0.01875 
0 0.9515625 0.01640625 0.01875 0.0296875 
0 0.82109375 0.0296875 0.0203125 0.040625 
0 0.80234375 0.0296875 0.0203125 0.0375 
0 0.73828125 0.03984375 0.0171875 0.0328125 
0 0.70703125 0.0453125 0.0203125 0.03125 
0 0.97578125 0.103125 0.0203125 0.034375 
0 0.89375 0.115625 0.01875 0.028125 
0 0.84765625 0.121875 0.0203125 0.028125 
0 0.79921875 0.12578125 0.0171875 0.0359375 
0 0.2296875 0.2046875 0.01875 0.040625 
0 0.21171875 0.20859375 0.0171875 0.0359375 
0 0.196875 0.21015625 0.015625 0.0359375 
0 0.18046875 0.2109375 0.0140625 0.0375 
0 0.15 0.21640625 0.021875 0.0359375 
0 0.11640625 0.2234375 0.0171875 0.034375 
0 0.09921875 0.21875 0.0171875 0.034375 
0 0.0671875 0.22265625 0.021875 0.0328125 
0 0.01875 0.23125 0.015625 0.034375 
0 0.99375 0.09609375 0.0125 0.0359375 
0 0.946875 0.1046875 0.015625 0.034375 
0 0.93046875 0.10703125 0.0171875 0.0359375 
0 0.86484375 0.11484375 0.0140625 0.0390625 
0 0.2453125 0.2015625 0.015625 0.034375 
0 0.26328125 0.20234375 0.0203125 0.0359375 
0 0.29609375 0.19765625 0.0203125 0.0359375 
0 0.52265625 0.16328125 0.0203125 0.0359375 
0 0.78359375 0.12734375 0.0140625 0.0359375 
0 0.75078125 0.1328125 0.0171875 0.03125 
0 0.621875 0.1546875 0.01875 0.03125 
0 0.603125 0.15078125 0.015625 0.0328125 
0 0.58828125 0.159375 0.0203125 0.03125 
0 0.571875 0.159375 0.01875 0.0375 
0 0.50625 0.165625 0.01875 0.034375 
0 0.34453125 0.190625 0.0171875 0.034375 
0 0.490625 0.16484375 0.01875 0.0390625 
0 0.45859375 0.17109375 0.0203125 0.0390625 
0 0.4265625 0.178125 0.01875 0.0375 
0 0.409375 0.178125 0.015625 0.034375 
0 0.39375 0.17890625 0.015625 0.0359375 
0 0.378125 0.1828125 0.015625 0.0375 
0 0.6796875 0.6046875 0.034375 0.021875 
0 0.29921875 0.74453125 0.0328125 0.0171875 
