0 0.40703125 0.08515625 0.0296875 0.0296875 
0 0.38671875 0.0875 0.0265625 0.028125 
0 0.3625 0.0875 0.03125 0.03125 
0 0.03828125 0.5390625 0.0234375 0.028125 
0 0.0203125 0.52578125 0.021875 0.0328125 
0 0.06015625 0.4640625 0.0234375 0.03125 
0 0.071875 0.33828125 0.021875 0.0296875 
0 0.09140625 0.22265625 0.0203125 0.0296875 
0 0.0796875 0.178125 0.021875 0.034375 
0 0.1171875 0.09921875 0.01875 0.0296875 
0 0.45390625 0.08359375 0.0296875 0.0265625 
0 0.39765625 0.14140625 0.0296875 0.0328125 
0 0.4390625 0.14140625 0.034375 0.0328125 
0 0.5859375 0.22109375 0.025 0.0296875 
0 0.5015625 0.2296875 0.03125 0.03125 
0 0.45390625 0.22890625 0.0359375 0.0328125 
0 0.43203125 0.23125 0.0296875 0.03125 
0 0.40625 0.23203125 0.03125 0.0328125 
0 0.38359375 0.23359375 0.0328125 0.0296875 
0 0.43359375 0.17265625 0.0296875 0.0296875 
0 0.4109375 0.171875 0.03125 0.03125 
