1 0.41171875 0.2296875 0.0421875 0.025 
0 0.69921875 0.93984375 0.0453125 0.0359375 
0 0.4234375 0.05234375 0.021875 0.0328125 
0 0.33515625 0.02265625 0.0328125 0.0203125 
0 0.3109375 0.040625 0.034375 0.01875 
0 0.16796875 0.3015625 0.0359375 0.025 
0 0.16015625 0.26953125 0.0359375 0.0234375 
0 0.2578125 0.32578125 0.03125 0.0234375 
0 0.25078125 0.3109375 0.0328125 0.01875 
0 0.24453125 0.2765625 0.0296875 0.021875 
0 0.228125 0.225 0.03125 0.021875 
0 0.21796875 0.19453125 0.0359375 0.0203125 
0 0.10390625 0.1765625 0.0296875 0.021875 
0 0.10234375 0.1578125 0.0328125 0.021875 
0 0.090625 0.13671875 0.028125 0.0234375 
0 0.07890625 0.1203125 0.0328125 0.021875 
0 0.0609375 0.06953125 0.03125 0.0234375 
0 0.0921875 0.06484375 0.034375 0.0234375 
0 0.95703125 0.1546875 0.0453125 0.028125 
0 0.9640625 0.17421875 0.0375 0.0234375 
0 0.9390625 0.10546875 0.034375 0.0171875 
0 0.97578125 0.23828125 0.0359375 0.0359375 
