0 0.1359375 0.7375 0.028125 0.034375 
0 0.128125 0.7546875 0.028125 0.03125 
0 0.1 0.74453125 0.028125 0.0328125 
0 0.11796875 0.771875 0.0296875 0.034375 
1 0.021875 0.90625 0.040625 0.05625 
0 0.00546875 0.98203125 0.0078125 0.0359375 
0 0.15546875 0.70546875 0.0296875 0.0359375 
0 0.1671875 0.68984375 0.03125 0.0390625 
0 0.17578125 0.671875 0.0265625 0.03125 
0 0.184375 0.65625 0.034375 0.0375 
0 0.10625 0.72265625 0.034375 0.0390625 
0 0.3953125 0.8921875 0.034375 0.0375 
0 0.40546875 0.878125 0.0359375 0.04375 
0 0.4140625 0.85546875 0.03125 0.0390625 
0 0.42265625 0.8390625 0.0296875 0.0375 
0 0.43203125 0.82421875 0.0328125 0.0359375 
0 0.44609375 0.80703125 0.0296875 0.0421875 
0 0.115625 0.70625 0.03125 0.040625 
0 0.1234375 0.690625 0.03125 0.040625 
0 0.15390625 0.64453125 0.0296875 0.0390625 
0 0.1640625 0.6265625 0.03125 0.0375 
0 0.17421875 0.6109375 0.0328125 0.04375 
0 0.20390625 0.62578125 0.0265625 0.0328125 
0 0.19765625 0.6421875 0.0359375 0.0375 
0 0.3859375 0.90546875 0.03125 0.0328125 
0 0.378125 0.92734375 0.03125 0.0359375 
0 0.36640625 0.94375 0.0328125 0.040625 
0 0.646875 0.9953125 0.028125 0.009375 
