0 0.1359375 0.2921875 0.028125 0.034375 
0 0.128125 0.309375 0.028125 0.03125 
0 0.1 0.29921875 0.028125 0.0328125 
0 0.11796875 0.3265625 0.0296875 0.034375 
1 0.021875 0.4609375 0.040625 0.05625 
0 0.00546875 0.53828125 0.0078125 0.0390625 
0 0.15546875 0.26015625 0.0296875 0.0359375 
0 0.1671875 0.24453125 0.03125 0.0390625 
0 0.17578125 0.2265625 0.0265625 0.03125 
0 0.184375 0.2109375 0.034375 0.0375 
0 0.16015625 0.83203125 0.0296875 0.0171875 
0 0.10625 0.27734375 0.034375 0.0390625 
0 0.3953125 0.446875 0.034375 0.0375 
0 0.40546875 0.4328125 0.0359375 0.04375 
0 0.4140625 0.41015625 0.03125 0.0390625 
0 0.42265625 0.39375 0.0296875 0.0375 
0 0.43203125 0.37890625 0.0328125 0.0359375 
0 0.44609375 0.36171875 0.0296875 0.0421875 
0 0.115625 0.2609375 0.03125 0.040625 
0 0.8140625 0.9765625 0.021875 0.03125 
0 0.1234375 0.2453125 0.03125 0.040625 
0 0.15390625 0.19921875 0.0296875 0.0390625 
0 0.1640625 0.18125 0.03125 0.0375 
0 0.17421875 0.165625 0.0328125 0.04375 
0 0.20390625 0.18046875 0.0265625 0.0328125 
0 0.19765625 0.196875 0.0359375 0.0375 
0 0.3859375 0.46015625 0.03125 0.0328125 
0 0.378125 0.48203125 0.03125 0.0359375 
0 0.36640625 0.4984375 0.0328125 0.040625 
0 0.2421875 0.7140625 0.03125 0.0375 
0 0.646875 0.565625 0.028125 0.040625 
0 0.66328125 0.5734375 0.0234375 0.034375 
0 0.7296875 0.60078125 0.03125 0.0421875 
0 0.9796875 0.8296875 0.034375 0.04375 
0 0.99140625 0.834375 0.0171875 0.034375 
0 0.99453125 0.9421875 0.0109375 0.04375 
0 0.934375 0.9484375 0.034375 0.021875 
0 0.8640625 0.8953125 0.028125 0.0375 
0 0.8546875 0.91171875 0.025 0.0328125 
0 0.84453125 0.93046875 0.0265625 0.0359375 
0 0.82578125 0.9640625 0.0265625 0.034375 
