0 0.084375 0.3546875 0.03125 0.01875 
0 0.08203125 0.371875 0.0265625 0.01875 
0 0.0796875 0.3890625 0.034375 0.01875 
0 0.07734375 0.40390625 0.0328125 0.0203125 
0 0.0734375 0.42109375 0.0375 0.0234375 
0 0.07109375 0.43671875 0.0296875 0.0171875 
0 0.06953125 0.45078125 0.0359375 0.0203125 
0 0.04296875 0.434375 0.0171875 0.03125 
0 0.04921875 0.3375 0.0265625 0.03125 
0 0.0421875 0.390625 0.021875 0.028125 
0 0.06640625 0.4671875 0.0359375 0.01875 
0 0.0546875 0.90859375 0.034375 0.0171875 
0 0.0125 0.98046875 0.01875 0.0390625 
0 0.053125 0.890625 0.03125 0.015625 
0 0.0671875 0.4828125 0.034375 0.01875 
0 0.05 0.86953125 0.028125 0.0171875 
0 0.0671875 0.4984375 0.040625 0.01875 
0 0.0640625 0.51484375 0.034375 0.0203125 
0 0.06015625 0.5359375 0.0296875 0.01875 
0 0.06015625 0.55078125 0.0359375 0.0203125 
0 0.053125 0.56640625 0.03125 0.0203125 
0 0.05625 0.58046875 0.028125 0.0140625 
0 0.0515625 0.59765625 0.028125 0.0171875 
0 0.053125 0.6140625 0.03125 0.01875 
0 0.04609375 0.634375 0.0359375 0.015625 
0 0.05546875 0.74765625 0.0328125 0.0171875 
0 0.05390625 0.765625 0.0328125 0.015625 
0 0.046875 0.78359375 0.04375 0.0171875 
0 0.05 0.81640625 0.0375 0.0171875 
0 0.0453125 0.83515625 0.0375 0.0171875 
0 0.053125 0.8515625 0.03125 0.015625 
