0 0.16484375 0.45078125 0.0171875 0.0328125 
0 0.18046875 0.4484375 0.0171875 0.034375 
0 0.196875 0.45078125 0.015625 0.0328125 
0 0.2125 0.45234375 0.015625 0.0359375 
0 0.24140625 0.45078125 0.0171875 0.0359375 
0 0.2734375 0.45546875 0.015625 0.0328125 
0 0.28984375 0.45625 0.0140625 0.03125 
0 0.3078125 0.45625 0.0125 0.03125 
0 0.3234375 0.453125 0.0125 0.034375 
0 0.33671875 0.4578125 0.0171875 0.034375 
0 0.35390625 0.45625 0.0140625 0.028125 
0 0.36875 0.45546875 0.01875 0.0296875 
0 0.38515625 0.45546875 0.0140625 0.0359375 
0 0.41328125 0.4546875 0.0140625 0.03125 
0 0.43046875 0.45703125 0.0171875 0.0359375 
0 0.1484375 0.44765625 0.01875 0.0328125 
0 0.11875 0.4484375 0.015625 0.034375 
0 0.49453125 0.4578125 0.0171875 0.034375 
0 0.10234375 0.44765625 0.0171875 0.0359375 
0 0.13984375 0.3703125 0.0171875 0.03125 
0 0.15546875 0.371875 0.0140625 0.03125 
0 0.17421875 0.37265625 0.0171875 0.0328125 
0 0.00703125 0.44296875 0.0109375 0.0328125 
0 0.01796875 0.4453125 0.0203125 0.034375 
0 0.034375 0.44609375 0.01875 0.0359375 
0 0.0515625 0.44765625 0.01875 0.0359375 
0 0.06953125 0.44765625 0.0171875 0.0328125 
0 0.08359375 0.4484375 0.0171875 0.0375 
0 0.47734375 0.459375 0.0140625 0.03125 
0 0.5265625 0.44140625 0.0375 0.0265625 
0 0.5109375 0.37421875 0.025 0.0390625 
0 0.5296875 0.371875 0.01875 0.028125 
0 0.5421875 0.37734375 0.01875 0.0328125 
0 0.55625 0.37890625 0.021875 0.0328125 
0 0.57265625 0.3828125 0.0234375 0.0375 
0 0.58984375 0.390625 0.0203125 0.0375 
0 0.6046875 0.3921875 0.01875 0.034375 
0 0.61796875 0.39453125 0.0203125 0.0359375 
0 0.63359375 0.4 0.0203125 0.034375 
0 0.9828125 0.5421875 0.03125 0.01875 
0 0.96953125 0.4140625 0.0171875 0.0375 
0 0.9875 0.4109375 0.015625 0.0375 
0 0.12421875 0.37421875 0.0203125 0.0390625 
0 0.1078125 0.3734375 0.015625 0.03125 
0 0.0953125 0.37109375 0.015625 0.0296875 
0 0.34609375 0.42265625 0.0359375 0.0203125 
0 0.56171875 0.44921875 0.0328125 0.0265625 
0 0.078125 0.3671875 0.015625 0.034375 
0 0.00703125 0.36796875 0.0109375 0.0328125 
0 0.01953125 0.3671875 0.0203125 0.03125 
0 0.03671875 0.365625 0.0203125 0.03125 
0 0.05859375 0.36875 0.0171875 0.034375 
