0 0.47265625 0.14765625 0.0234375 0.0328125 
0 0.48984375 0.13671875 0.0265625 0.0359375 
0 0.50625 0.1328125 0.025 0.034375 
0 0.32578125 0.17421875 0.0359375 0.0359375 
0 0.31328125 0.16015625 0.0328125 0.0296875 
0 0.109375 0.05234375 0.034375 0.0421875 
0 0.3328125 0.0625 0.034375 0.03125 
0 0.52109375 0.12265625 0.0328125 0.0390625 
0 0.4984375 0.01484375 0.034375 0.0265625 
0 0.4859375 0.00859375 0.034375 0.0140625 
0 0.50703125 0.02265625 0.0328125 0.0359375 
0 0.51875 0.03515625 0.03125 0.0359375 
0 0.38046875 0.1859375 0.0296875 0.040625 
