0 0.12578125 0.05078125 0.0421875 0.0390625 
0 0.0890625 0.10859375 0.034375 0.0328125 
0 0.04140625 0.02109375 0.0328125 0.0296875 
0 0.85234375 0.2828125 0.0296875 0.040625 
0 0.6484375 0.43203125 0.0375 0.0328125 
0 0.65859375 0.41796875 0.0390625 0.0328125 
0 0.8796875 0.22578125 0.03125 0.0390625 
0 0.87265625 0.2484375 0.0296875 0.040625 
0 0.8625 0.26640625 0.028125 0.0359375 
0 0.7375 0.4703125 0.03125 0.028125 
0 0.91015625 0.2796875 0.0359375 0.04375 
0 0.9125 0.253125 0.03125 0.0375 
0 0.9234375 0.234375 0.028125 0.040625 
0 0.8890625 0.20703125 0.028125 0.0359375 
0 0.90546875 0.1625 0.0296875 0.034375 
0 0.98203125 0.05859375 0.0328125 0.0421875 
0 0.671875 0.40625 0.0375 0.034375 
0 0.8265625 0.13984375 0.03125 0.0234375 
0 0.5765625 0.5359375 0.040625 0.03125 
0 0.58203125 0.51015625 0.0359375 0.0265625 
0 0.596875 0.49921875 0.034375 0.0296875 
0 0.725 0.4828125 0.040625 0.034375 
0 0.99140625 0.4265625 0.0171875 0.040625 
0 0.7671875 0.28828125 0.034375 0.0296875 
0 0.82890625 0.12265625 0.0359375 0.0265625 
0 0.9859375 0.02890625 0.028125 0.0390625 
0 0.42578125 0.9953125 0.0296875 0.009375 
0 0.44375 0.95703125 0.0375 0.0265625 
0 0.546875 0.95546875 0.0375 0.0234375 
0 0.5125 0.70859375 0.0375 0.0234375 
0 0.5078125 0.7296875 0.0375 0.021875 
0 0.49921875 0.7625 0.0328125 0.025 
0 0.64375 0.63515625 0.0375 0.0234375 
0 0.64140625 0.65078125 0.0328125 0.0234375 
0 0.628125 0.68359375 0.03125 0.0203125 
0 0.62421875 0.6984375 0.0296875 0.021875 
0 0.59375 0.79453125 0.03125 0.0234375 
0 0.58359375 0.8171875 0.0328125 0.021875 
0 0.55234375 0.9171875 0.0328125 0.021875 
0 0.54921875 0.93125 0.0296875 0.021875 
