0 0.99140625 0.803125 0.0171875 0.03125 
0 0.95390625 0.78828125 0.0234375 0.0359375 
0 0.90625 0.76875 0.03125 0.04375 
0 0.81171875 0.7203125 0.0296875 0.040625 
0 0.778125 0.74765625 0.025 0.0328125 
0 0.8015625 0.753125 0.025 0.034375 
0 0.7625 0.7390625 0.021875 0.034375 
0 0.14765625 0.1484375 0.0328125 0.025 
0 0.3328125 0.4375 0.025 0.03125 
0 0.31796875 0.46875 0.0296875 0.03125 
0 0.20859375 0.2953125 0.0390625 0.025 
0 0.09140625 0.34921875 0.0359375 0.0265625 
0 0.21640625 0.26171875 0.0390625 0.0234375 
0 0.25859375 0.134375 0.0359375 0.028125 
0 0.44140625 0.16953125 0.0359375 0.0265625 
0 0.66875 0.3515625 0.025 0.034375 
0 0.2765625 0.08515625 0.046875 0.0328125 
0 0.49375 0.0078125 0.034375 0.0125 
0 0.809375 0.30390625 0.028125 0.0421875 
0 0.75546875 0.38046875 0.0234375 0.0359375 
0 0.78984375 0.7140625 0.0234375 0.034375 
0 0.50625 0.53828125 0.01875 0.0296875 
0 0.71953125 0.71953125 0.0203125 0.0328125 
0 0.8078125 0.61328125 0.021875 0.0328125 
0 0.74375 0.596875 0.021875 0.034375 
0 0.71015625 0.60078125 0.0234375 0.0359375 
0 0.56796875 0.55703125 0.0234375 0.0328125 
0 0.553125 0.55859375 0.021875 0.0296875 
0 0.58515625 0.68125 0.0265625 0.0375 
0 0.8046875 0.39765625 0.021875 0.0359375 
0 0.39921875 0.6171875 0.0234375 0.0375 
0 0.4609375 0.5171875 0.021875 0.034375 
0 0.94140625 0.44375 0.0203125 0.03125 
0 0.8734375 0.42109375 0.021875 0.0359375 
0 0.85546875 0.41640625 0.0203125 0.0359375 
0 0.840625 0.4078125 0.021875 0.0375 
0 0.1859375 0.05078125 0.03125 0.0234375 
0 0.19765625 0.01875 0.0328125 0.025 
