0 0.06484375 0.7609375 0.0296875 0.021875 
0 0.0421875 0.74375 0.03125 0.025 
0 0.07421875 0.69765625 0.0359375 0.0296875 
0 0.14375 0.75 0.034375 0.03125 
0 0.3671875 0.759375 0.028125 0.034375 
0 0.390625 0.77890625 0.028125 0.0328125 
0 0.378125 0.771875 0.03125 0.0375 
0 0.30390625 0.79921875 0.0296875 0.0359375 
0 0.2703125 0.78984375 0.0375 0.0328125 
0 0.16171875 0.83515625 0.0390625 0.0328125 
0 0.2453125 0.825 0.0375 0.028125 
0 0.1703125 0.7703125 0.0375 0.03125 
0 0.32734375 0.88671875 0.0359375 0.0296875 
0 0.77890625 0.11015625 0.0328125 0.0390625 
0 0.45703125 0.03046875 0.0359375 0.0390625 
0 0.21328125 0.74453125 0.0359375 0.0328125 
0 0.34453125 0.8390625 0.0328125 0.034375 
0 0.271875 0.84375 0.034375 0.03125 
0 0.4828125 0.9515625 0.0375 0.034375 
0 0.4625 0.9859375 0.0375 0.028125 
0 0.4359375 0.96640625 0.040625 0.0296875 
0 0.409375 0.94375 0.0375 0.03125 
0 0.321875 0.95390625 0.0375 0.0328125 
0 0.29609375 0.93359375 0.0328125 0.0265625 
0 0.19453125 0.89765625 0.0328125 0.0359375 
0 0.17578125 0.89140625 0.0265625 0.0234375 
0 0.1703125 0.87734375 0.028125 0.0328125 
0 0.26875 0.9109375 0.0375 0.03125 
