0 0.78671875 0.9828125 0.0328125 0.01875 
0 0.92578125 0.94609375 0.0203125 0.0296875 
0 0.96484375 0.953125 0.0171875 0.03125 
1 0.8953125 0.93984375 0.028125 0.0390625 
1 0.77734375 0.70546875 0.0453125 0.0296875 
0 0.7109375 0.91953125 0.01875 0.0328125 
0 0.6203125 0.33359375 0.0375 0.0328125 
0 0.8625 0.92734375 0.021875 0.0328125 
0 0.76328125 0.1796875 0.0328125 0.034375 
0 0.84375 0.16796875 0.0375 0.0296875 
0 0.840625 0.1234375 0.034375 0.0375 
0 0.88046875 0.93046875 0.0203125 0.0328125 
0 0.84765625 0.92578125 0.0234375 0.0328125 
0 0.3265625 0.3390625 0.028125 0.025 
0 0.30234375 0.5828125 0.0390625 0.03125 
0 0.371875 0.3984375 0.034375 0.03125 
0 0.35546875 0.37421875 0.0328125 0.0296875 
0 0.340625 0.3640625 0.034375 0.028125 
0 0.33359375 0.34921875 0.0328125 0.0265625 
0 0.296875 0.434375 0.040625 0.034375 
0 0.8296875 0.92265625 0.025 0.0359375 
0 0.65234375 0.77421875 0.0359375 0.0328125 
0 0.8765625 0.665625 0.03125 0.021875 
0 0.91875 0.56328125 0.034375 0.0234375 
0 0.815625 0.82734375 0.03125 0.0203125 
0 0.84765625 0.83828125 0.0328125 0.0234375 
0 0.90625 0.85234375 0.03125 0.0171875 
0 0.8390625 0.8609375 0.0375 0.021875 
