0 0.74296875 0.3890625 0.0453125 0.040625 
0 0.7859375 0.42109375 0.034375 0.0328125 
0 0.759375 0.46875 0.034375 0.03125 
0 0.728125 0.44921875 0.040625 0.0328125 
0 0.6765625 0.41015625 0.034375 0.0296875 
0 0.653125 0.9890625 0.028125 0.021875 
0 0.8453125 0.88828125 0.034375 0.0328125 
0 0.80234375 0.796875 0.0328125 0.034375 
0 0.78515625 0.82421875 0.0265625 0.0296875 
0 0.76328125 0.84921875 0.0328125 0.0328125 
0 0.73203125 0.83984375 0.0265625 0.0296875 
0 0.69296875 0.94140625 0.0265625 0.0328125 
0 0.65546875 0.934375 0.0265625 0.034375 
0 0.6234375 0.9640625 0.028125 0.025 
0 0.62734375 0.91953125 0.0296875 0.0328125 
0 0.603125 0.8984375 0.028125 0.034375 
0 0.5890625 0.88671875 0.021875 0.0296875 
0 0.56171875 0.8734375 0.0296875 0.034375 
0 0.54921875 0.86484375 0.0265625 0.0296875 
0 0.5203125 0.99375 0.03125 0.0125 
0 0.65 0.38984375 0.034375 0.0328125 
0 0.43671875 0.98125 0.0390625 0.034375 
0 0.4421875 0.96796875 0.034375 0.0296875 
0 0.446875 0.95234375 0.034375 0.0296875 
0 0.4484375 0.93203125 0.0375 0.0265625 
0 0.45234375 0.91953125 0.0390625 0.0265625 
0 0.4625 0.8953125 0.0375 0.021875 
0 0.4640625 0.8625 0.0375 0.021875 
0 0.45859375 0.84140625 0.0328125 0.0296875 
0 0.484375 0.73125 0.01875 0.034375 
0 0.4546875 0.81640625 0.034375 0.0234375 
0 0.80078125 0.89765625 0.0296875 0.0328125 
0 0.778125 0.925 0.025 0.025 
0 0.7515625 0.96171875 0.034375 0.0359375 
0 0.8890625 0.81640625 0.028125 0.0265625 
0 0.903125 0.8015625 0.03125 0.025 
0 0.8546875 0.7328125 0.034375 0.0375 
0 0.82578125 0.76953125 0.0328125 0.0359375 
0 0.61328125 0.36015625 0.0390625 0.0359375 
0 0.90625 0.5078125 0.040625 0.03125 
0 0.74375 0.5625 0.040625 0.046875 
0 0.65 0.6671875 0.034375 0.0375 
0 0.6703125 0.68671875 0.03125 0.0328125 
0 0.96484375 0.7078125 0.0296875 0.025 
0 0.9140625 0.6484375 0.03125 0.03125 
0 0.87890625 0.6984375 0.0359375 0.040625 
0 0.7234375 0.98828125 0.034375 0.0234375 
0 0.49609375 0.8265625 0.0296875 0.034375 
0 0.91640625 0.7328125 0.0296875 0.0375 
