0 0.6359375 0.840625 0.03125 0.028125 
0 0.628125 0.853125 0.028125 0.025 
0 0.61953125 0.8640625 0.0296875 0.028125 
0 0.6078125 0.87421875 0.028125 0.0265625 
0 0.5875 0.8578125 0.028125 0.021875 
0 0.57421875 0.8671875 0.0296875 0.025 
0 0.503125 0.97734375 0.025 0.0265625 
0 0.49140625 0.96796875 0.0328125 0.0359375 
0 0.475 0.96171875 0.028125 0.0296875 
0 0.55859375 0.9796875 0.0296875 0.028125 
0 0.5453125 0.97109375 0.03125 0.0296875 
0 0.53359375 0.96015625 0.0328125 0.0296875 
0 0.5078125 0.9453125 0.028125 0.03125 
0 0.66328125 0.803125 0.0296875 0.025 
0 0.49609375 0.9375 0.0234375 0.025 
0 0.5921875 0.91875 0.021875 0.034375 
0 0.5625 0.90078125 0.025 0.0296875 
0 0.47734375 0.896875 0.0234375 0.028125 
0 0.459375 0.92109375 0.028125 0.0328125 
0 0.41328125 0.92109375 0.0328125 0.0359375 
0 0.35859375 0.97109375 0.0359375 0.0328125 
0 0.265625 0.96796875 0.0375 0.0296875 
0 0.21875 0.9609375 0.053125 0.04375 
0 0.021875 0.84296875 0.0375 0.0296875 
0 0.02109375 0.503125 0.0328125 0.034375 
0 0.190625 0.61953125 0.01875 0.0328125 
0 0.20390625 0.540625 0.0265625 0.0375 
0 0.65390625 0.8171875 0.0328125 0.028125 
0 0.68046875 0.7796875 0.0296875 0.03125 
0 0.5515625 0.759375 0.0375 0.034375 
0 0.88203125 0.928125 0.0296875 0.03125 
0 0.903125 0.8984375 0.034375 0.034375 
0 0.928125 0.86796875 0.03125 0.0359375 
0 0.646875 0.9640625 0.025 0.034375 
0 0.70859375 0.66875 0.0265625 0.028125 
0 0.6890625 0.69453125 0.028125 0.0359375 
0 0.65234375 0.71484375 0.0265625 0.0328125 
0 0.6375 0.7234375 0.025 0.03125 
0 0.62265625 0.73125 0.0296875 0.034375 
0 0.60390625 0.73046875 0.0265625 0.0296875 
0 0.58828125 0.73359375 0.0296875 0.0390625 
0 0.575 0.740625 0.03125 0.034375 
0 0.5609375 0.74921875 0.034375 0.0359375 
0 0.5390625 0.76875 0.034375 0.03125 
0 0.640625 0.7828125 0.034375 0.028125 
0 0.5234375 0.77578125 0.034375 0.0265625 
0 0.51015625 0.78515625 0.0296875 0.0265625 
0 0.5 0.79609375 0.03125 0.0296875 
0 0.59765625 0.759375 0.0328125 0.021875 
0 0.5625 0.7875 0.034375 0.025 
0 0.55078125 0.8 0.0359375 0.03125 
0 0.5375 0.8078125 0.034375 0.03125 
0 0.52734375 0.8171875 0.0328125 0.03125 
0 0.59609375 0.8453125 0.0296875 0.028125 
0 0.603125 0.83359375 0.034375 0.0296875 
0 0.61328125 0.82421875 0.0296875 0.0265625 
0 0.6203125 0.809375 0.03125 0.025 
0 0.63359375 0.79765625 0.0296875 0.0296875 
0 0.21484375 0.49609375 0.0265625 0.0296875 
0 0.2484375 0.4234375 0.03125 0.03125 
0 0.31875 0.25078125 0.03125 0.0359375 
0 0.36015625 0.2921875 0.0359375 0.021875 
0 0.365625 0.27109375 0.034375 0.0265625 
0 0.371875 0.2484375 0.0375 0.028125 
0 0.37734375 0.23046875 0.0390625 0.0296875 
0 0.3875 0.20546875 0.034375 0.0296875 
0 0.39296875 0.18359375 0.0390625 0.0265625 
0 0.30625 0.2109375 0.034375 0.025 
0 0.31796875 0.15703125 0.0328125 0.0203125 
0 0.3953125 0.165625 0.034375 0.025 
0 0.409375 0.128125 0.028125 0.025 
0 0.41640625 0.10546875 0.0328125 0.0265625 
0 0.42109375 0.0859375 0.0328125 0.028125 
0 0.4265625 0.06015625 0.0375 0.0328125 
0 0.39921875 0.01484375 0.0234375 0.0265625 
0 0.8640625 0.9515625 0.03125 0.03125 
0 0.8421875 0.97890625 0.03125 0.0296875 
0 0.93125 0.6359375 0.046875 0.028125 
0 0.984375 0.68984375 0.03125 0.0265625 
0 0.99453125 0.5859375 0.0109375 0.03125 
0 0.915625 0.98046875 0.034375 0.0296875 
0 0.93515625 0.95546875 0.0265625 0.0296875 
0 0.9578125 0.92734375 0.025 0.0296875 
0 0.9765625 0.90234375 0.025 0.0296875 
0 0.99140625 0.87421875 0.0171875 0.0328125 
0 0.9953125 0.7625 0.009375 0.0375 
0 0.9734375 0.67578125 0.0375 0.0265625 
0 0.96171875 0.6640625 0.0390625 0.028125 
0 0.9484375 0.6515625 0.040625 0.025 
0 0.15546875 0.8203125 0.0390625 0.034375 
