0 0.48046875 0.5 0.0296875 0.034375 
0 0.13515625 0.2234375 0.0328125 0.03125 
0 0.1046875 0.228125 0.028125 0.034375 
0 0.21640625 0.3046875 0.0359375 0.040625 
0 0.1953125 0.35546875 0.0375 0.0359375 
0 0.221875 0.3765625 0.0375 0.03125 
0 0.3375 0.46640625 0.0375 0.0328125 
0 0.434375 0.61171875 0.040625 0.0328125 
0 0.05625 0.7390625 0.034375 0.04375 
0 0.38125 0.565625 0.0375 0.03125 
0 0.32734375 0.5265625 0.0328125 0.034375 
0 0.25546875 0.54140625 0.0328125 0.0390625 
0 0.165625 0.40703125 0.034375 0.0296875 
0 0.3625 0.421875 0.03125 0.034375 
0 0.090625 0.34921875 0.03125 0.0296875 
0 0.03359375 0.30703125 0.0359375 0.0296875 
0 0.35 0.41171875 0.028125 0.0328125 
0 0.53671875 0.56875 0.0296875 0.034375 
0 0.02421875 0.146875 0.0296875 0.034375 
0 0.6453125 0.7640625 0.03125 0.028125 
0 0.58046875 0.71875 0.0296875 0.021875 
0 0.5578125 0.7015625 0.03125 0.025 
0 0.58984375 0.65546875 0.0359375 0.0296875 
0 0.659375 0.7078125 0.034375 0.03125 
0 0.8828125 0.7171875 0.028125 0.034375 
0 0.90625 0.73671875 0.028125 0.0328125 
0 0.89375 0.7296875 0.03125 0.0375 
0 0.81953125 0.75703125 0.0296875 0.0359375 
0 0.7859375 0.74765625 0.0375 0.0328125 
0 0.06328125 0.17578125 0.0328125 0.0359375 
0 0.0484375 0.16640625 0.03125 0.0328125 
0 0.0359375 0.15703125 0.025 0.0296875 
0 0.67734375 0.79296875 0.0390625 0.0328125 
0 0.7609375 0.7828125 0.0375 0.028125 
0 0.6859375 0.728125 0.0375 0.03125 
0 0.84296875 0.84453125 0.0359375 0.0296875 
0 0.72890625 0.70234375 0.0359375 0.0328125 
0 0.86015625 0.796875 0.0328125 0.034375 
0 0.7875 0.8015625 0.034375 0.03125 
0 0.98984375 0.909375 0.0203125 0.034375 
0 0.978125 0.94609375 0.0375 0.0328125 
0 0.9515625 0.92421875 0.040625 0.0296875 
0 0.925 0.9015625 0.0375 0.03125 
0 0.8375 0.91171875 0.0375 0.0328125 
0 0.81171875 0.89140625 0.0328125 0.0265625 
0 0.71015625 0.85546875 0.0328125 0.0359375 
0 0.69140625 0.84921875 0.0265625 0.0234375 
0 0.6859375 0.83515625 0.028125 0.0328125 
0 0.784375 0.86875 0.0375 0.03125 
0 0.02265625 0.84921875 0.0328125 0.0390625 
0 0.4046875 0.5859375 0.034375 0.03125 
0 0.17578125 0.55078125 0.0359375 0.0390625 
0 0.19921875 0.5203125 0.0328125 0.034375 
0 0.2359375 0.56796875 0.028125 0.0328125 
0 0.21796875 0.59375 0.0265625 0.03125 
0 0.18828125 0.625 0.0328125 0.034375 
0 0.16484375 0.66015625 0.0296875 0.0328125 
0 0.09453125 0.68828125 0.0328125 0.0328125 
0 0.13828125 0.69453125 0.0296875 0.0328125 
0 0.1171875 0.72734375 0.03125 0.0328125 
0 0.01015625 0.78203125 0.0171875 0.0390625 
0 0.09296875 0.77734375 0.0390625 0.0328125 
0 0.0515625 0.81171875 0.03125 0.0359375 
0 0.00625 0.8859375 0.009375 0.034375 
0 0.46171875 0.628125 0.0390625 0.03125 
0 0.49140625 0.653125 0.0359375 0.03125 
0 0.35234375 0.54765625 0.0359375 0.0296875 
0 0.19453125 0.42890625 0.0390625 0.0328125 
0 0.3609375 0.503125 0.034375 0.028125 
0 0.428125 0.53046875 0.0375 0.0328125 
0 0.3953125 0.509375 0.034375 0.028125 
0 0.3671875 0.484375 0.0375 0.028125 
0 0.30546875 0.43828125 0.0421875 0.0296875 
0 0.2765625 0.41953125 0.03125 0.0265625 
0 0.25078125 0.39765625 0.0390625 0.0296875 
0 0.21015625 0.41484375 0.0421875 0.0328125 
0 0.1046875 0.2875 0.03125 0.028125 
0 0.121875 0.37421875 0.03125 0.0296875 
0 0.06015625 0.33046875 0.0359375 0.0296875 
0 0.01171875 0.28671875 0.0203125 0.0328125 
