1 0.7328125 0.428125 0.040625 0.034375 
0 0.753125 0.41640625 0.0375 0.0296875 
0 0.77578125 0.4078125 0.0359375 0.028125 
0 0.79375 0.3984375 0.0375 0.03125 
1 0.6640625 0.29765625 0.0375 0.0484375 
0 0.83828125 0.25 0.0171875 0.034375 
0 0.8171875 0.2609375 0.01875 0.034375 
0 0.8 0.271875 0.01875 0.034375 
0 0.78046875 0.2765625 0.0171875 0.03125 
0 0.76484375 0.29375 0.0171875 0.0375 
0 0.74609375 0.2984375 0.0203125 0.0375 
0 0.71015625 0.31875 0.0203125 0.0375 
0 0.690625 0.3296875 0.01875 0.04375 
1 0.6453125 0.30546875 0.04375 0.0546875 
0 0.7859375 0.23671875 0.03125 0.0359375 
0 0.65390625 0.06171875 0.0390625 0.0328125 
0 0.80546875 0.2296875 0.0265625 0.034375 
0 0.771875 0.24609375 0.03125 0.0359375 
0 0.81328125 0.38671875 0.0390625 0.0234375 
0 0.934375 0.0890625 0.021875 0.040625 
0 0.8375 0.375 0.040625 0.028125 
0 0.84375 0.359375 0.040625 0.03125 
0 0.9921875 0.28984375 0.015625 0.0359375 
0 0.9953125 0.05703125 0.009375 0.0359375 
0 0.97734375 0.06015625 0.0265625 0.0453125 
0 0.95859375 0.08046875 0.0203125 0.0390625 
0 0.93984375 0.14296875 0.0203125 0.0421875 
0 0.75546875 0.253125 0.0328125 0.0375 
0 0.84296875 0.121875 0.0234375 0.040625 
0 0.71328125 0.1703125 0.0234375 0.040625 
0 0.78046875 0.146875 0.0234375 0.040625 
0 0.8703125 0.16640625 0.021875 0.0421875 
0 0.89921875 0.20234375 0.0234375 0.0421875 
0 0.6828125 0.28984375 0.03125 0.0359375 
0 0.703125 0.28359375 0.025 0.0359375 
0 0.7375 0.25859375 0.03125 0.0359375 
0 0.1078125 0.1546875 0.0375 0.028125 
0 0.6078125 0.0859375 0.034375 0.028125 
0 0.0359375 0.690625 0.046875 0.034375 
0 0.01171875 0.60546875 0.0203125 0.0421875 
0 0.0203125 0.59375 0.03125 0.0375 
0 0.09296875 0.58125 0.0390625 0.046875 
0 0.12421875 0.584375 0.0296875 0.0375 
0 0.1453125 0.5703125 0.0375 0.04375 
0 0.18359375 0.5546875 0.0453125 0.05 
0 0.57265625 0.1078125 0.0390625 0.034375 
0 0.60390625 0.18671875 0.0203125 0.0359375 
0 0.48046875 0.234375 0.0390625 0.03125 
0 0.4671875 0.1984375 0.0375 0.03125 
0 0.3140625 0.06328125 0.046875 0.0328125 
0 0.01796875 0.1953125 0.0328125 0.03125 
0 0.0484375 0.20078125 0.028125 0.0359375 
0 0.07265625 0.20390625 0.0234375 0.0359375 
0 0.075 0.66640625 0.04375 0.0328125 
0 0.0546875 0.6765625 0.0375 0.028125 
0 0.09296875 0.65546875 0.0390625 0.0328125 
0 0.77421875 0.009375 0.0453125 0.015625 
0 0.11640625 0.64296875 0.0390625 0.0328125 
0 0.45703125 0.46796875 0.0421875 0.0328125 
0 0.27578125 0.65859375 0.0421875 0.0328125 
0 0.29375 0.64765625 0.046875 0.0328125 
0 0.321875 0.6390625 0.0375 0.03125 
0 0.33984375 0.6265625 0.0484375 0.0375 
0 0.39765625 0.596875 0.0453125 0.0375 
0 0.41875 0.5859375 0.04375 0.0375 
0 0.4421875 0.57578125 0.04375 0.0296875 
0 0.46640625 0.5671875 0.0421875 0.034375 
0 0.35234375 0.5203125 0.0421875 0.034375 
0 0.2328125 0.6859375 0.04375 0.03125 
0 0.309375 0.54375 0.04375 0.03125 
0 0.28984375 0.55234375 0.0421875 0.0328125 
0 0.2671875 0.56640625 0.0375 0.0296875 
0 0.2453125 0.57734375 0.046875 0.0359375 
0 0.22421875 0.5859375 0.0453125 0.034375 
0 0.2015625 0.60078125 0.0375 0.0296875 
0 0.17890625 0.60859375 0.0421875 0.0296875 
0 0.16171875 0.62109375 0.0484375 0.0359375 
0 0.24921875 0.6703125 0.0484375 0.0375 
0 0.20703125 0.69296875 0.0421875 0.0328125 
0 0.184375 0.7046875 0.040625 0.028125 
0 0.17109375 0.71875 0.0390625 0.034375 
