0 0.35859375 0.94375 0.0296875 0.046875 
0 0.3296875 0.94453125 0.028125 0.0578125 
0 0.29453125 0.52421875 0.0546875 0.0328125 
0 0.26328125 0.32734375 0.0734375 0.0359375 
0 0.14921875 0.31640625 0.0484375 0.0328125 
0 0.14453125 0.25703125 0.0546875 0.0296875 
0 0.165625 0.4234375 0.05 0.028125 
0 0.28359375 0.4125 0.0515625 0.034375 
0 0.28828125 0.49296875 0.0546875 0.0265625 
0 0.46171875 0.509375 0.0609375 0.028125 
0 0.1796875 0.51484375 0.065625 0.0359375 
0 0.17734375 0.56171875 0.0515625 0.0328125 
0 0.296875 0.55546875 0.05625 0.0296875 
0 0.3 0.95703125 0.028125 0.0578125 
0 0.46640625 0.540625 0.0546875 0.028125 
0 0.471875 0.57421875 0.053125 0.0328125 
0 0.3078125 0.7765625 0.034375 0.059375 
0 0.34453125 0.77578125 0.0328125 0.0578125 
0 0.37265625 0.77421875 0.0296875 0.0484375 
0 0.403125 0.765625 0.03125 0.05 
0 0.43125 0.7640625 0.03125 0.053125 
0 0.465625 0.7671875 0.03125 0.05625 
0 0.38515625 0.9359375 0.0359375 0.053125 
0 0.51640625 0.91640625 0.0328125 0.0484375 
