0 0.5734375 0.45859375 0.053125 0.0296875 
0 0.7171875 0.31875 0.071875 0.034375 
0 0.71015625 0.28828125 0.0515625 0.0328125 
0 0.76875 0.28359375 0.0625 0.0328125 
0 0.77734375 0.37265625 0.0671875 0.0328125 
0 0.71875 0.440625 0.05625 0.03125 
0 0.7265625 0.47265625 0.05625 0.0359375 
0 0.728125 0.50390625 0.059375 0.0328125 
0 0.79140625 0.49609375 0.0671875 0.0328125 
0 0.796875 0.5234375 0.0625 0.03125 
0 0.58203125 0.55 0.0578125 0.040625 
0 0.575 0.3953125 0.0625 0.03125 
0 0.57578125 0.3375 0.0765625 0.0375 
0 0.5671875 0.27890625 0.06875 0.0296875 
0 0.5984375 0.73984375 0.059375 0.0328125 
0 0.62890625 0.86015625 0.0546875 0.0328125 
0 0.64609375 0.88984375 0.0578125 0.0328125 
0 0.64453125 0.921875 0.0640625 0.0375 
0 0.6609375 0.975 0.06875 0.0375 
0 0.34609375 0.02734375 0.0390625 0.0515625 
0 0.7109375 0.34921875 0.0625 0.0359375 
0 0.71953125 0.4125 0.0515625 0.03125 
0 0.87734375 0.12734375 0.0390625 0.0546875 
0 0.5609375 0.2453125 0.065625 0.040625 
0 0.7 0.2296875 0.06875 0.03125 
0 0.55703125 0.18125 0.0546875 0.034375 
0 0.771875 0.22421875 0.0625 0.0296875 
