0 0.10546875 0.82734375 0.0328125 0.0640625 
0 0.10546875 0.76171875 0.0296875 0.0703125 
0 0.071875 0.8234375 0.034375 0.06875 
0 0.03828125 0.8296875 0.0296875 0.071875 
0 0.41875 0.6046875 0.034375 0.065625 
0 0.38671875 0.60546875 0.0328125 0.0640625 
0 0.32109375 0.61171875 0.0421875 0.0734375 
0 0.2515625 0.61171875 0.0375 0.0703125 
0 0.15078125 0.61484375 0.0359375 0.0640625 
0 0.18046875 0.82734375 0.0359375 0.0578125 
0 0.0765625 0.61015625 0.0375 0.0921875 
1 0.3796875 0.38671875 0.034375 0.1015625 
1 0.1890625 0.37109375 0.040625 0.1015625 
1 0.25546875 0.37890625 0.0328125 0.0921875 
1 0.3015625 0.37578125 0.0375 0.1015625 
1 0.34453125 0.38515625 0.0390625 0.1046875 
1 0.4578125 0.3890625 0.0375 0.103125 
1 0.56015625 0.4 0.0359375 0.1375 
0 0.18203125 0.7625 0.0328125 0.05625 
0 0.21796875 0.83203125 0.0328125 0.0671875 
1 0.41640625 0.38359375 0.0359375 0.1078125 
0 0.31875 0.8359375 0.03125 0.059375 
0 0.6109375 0.9203125 0.065625 0.028125 
0 0.6078125 0.88671875 0.0625 0.0265625 
0 0.6109375 0.8515625 0.0625 0.028125 
0 0.61328125 0.82109375 0.0578125 0.0296875 
0 0.61171875 0.78203125 0.0609375 0.0265625 
0 0.6109375 0.74375 0.053125 0.025 
0 0.25546875 0.83359375 0.0328125 0.0609375 
0 0.284375 0.83359375 0.034375 0.0578125 
0 0.35234375 0.83828125 0.0296875 0.0578125 
0 0.21875 0.76328125 0.025 0.0609375 
0 0.3859375 0.83046875 0.03125 0.0546875 
0 0.42109375 0.8328125 0.0296875 0.0625 
0 0.4203125 0.7703125 0.03125 0.05625 
0 0.3875 0.76796875 0.03125 0.0640625 
0 0.35390625 0.76484375 0.0265625 0.0671875 
0 0.3171875 0.76484375 0.028125 0.0609375 
0 0.284375 0.765625 0.028125 0.0625 
0 0.25078125 0.76484375 0.0296875 0.0640625 
1 0.6171875 0.48203125 0.04375 0.1578125 
