0 0.496875 0.30390625 0.0375 0.0234375 
0 0.4796875 0.33515625 0.025 0.0234375 
0 0.415625 0.27890625 0.028125 0.0203125 
0 0.40859375 0.29453125 0.0265625 0.0203125 
0 0.94453125 0.4625 0.0296875 0.021875 
0 0.61328125 0.6921875 0.0140625 0.0375 
0 0.70078125 0.51953125 0.0140625 0.0328125 
0 0.57890625 0.5609375 0.0203125 0.034375 
0 0.78203125 0.5078125 0.0203125 0.028125 
0 0.75625 0.4984375 0.021875 0.025 
0 0.72578125 0.4859375 0.0171875 0.028125 
0 0.69375 0.47734375 0.021875 0.0328125 
0 0.678125 0.475 0.021875 0.0375 
0 0.61875 0.4546875 0.021875 0.03125 
0 0.575 0.47578125 0.015625 0.0234375 
0 0.5421875 0.46875 0.01875 0.034375 
0 0.4859375 0.415625 0.025 0.040625 
0 0.671875 0.50859375 0.01875 0.0296875 
0 0.70703125 0.728125 0.0171875 0.0375 
0 0.74140625 0.7390625 0.0265625 0.0375 
0 0.55546875 0.43828125 0.0265625 0.0390625 
