0 0.8609375 0.66796875 0.028125 0.0296875 
0 0.8515625 0.7 0.034375 0.03125 
0 0.81640625 0.671875 0.0328125 0.028125 
0 0.66171875 0.73828125 0.0203125 0.0296875 
0 0.646875 0.734375 0.021875 0.03125 
0 0.06171875 0.434375 0.0359375 0.021875 
0 0.75234375 0.76484375 0.0234375 0.0328125 
0 0.10078125 0.4625 0.0296875 0.021875 
0 0.2328125 0.4703125 0.034375 0.021875 
0 0.2296875 0.503125 0.034375 0.021875 
0 0.31171875 0.49140625 0.0296875 0.0171875 
0 0.61328125 0.72421875 0.0203125 0.0265625 
0 0.61875 0.7671875 0.021875 0.0375 
0 0.35703125 0.84375 0.0328125 0.025 
0 0.646875 0.96796875 0.021875 0.0390625 
0 0.3453125 0.52265625 0.0375 0.0265625 
0 0.975 0.83671875 0.01875 0.0359375 
0 0.4140625 0.653125 0.021875 0.034375 
