0 0.55234375 0.62890625 0.0296875 0.0359375 
0 0.6984375 0.31015625 0.025 0.0390625 
0 0.25 0.73046875 0.03125 0.0296875 
0 0.2375 0.71953125 0.034375 0.0265625 
0 0.221875 0.69921875 0.03125 0.0296875 
0 0.07109375 0.69921875 0.0265625 0.0171875 
0 0.06171875 0.67109375 0.0265625 0.0265625 
0 0.03984375 0.67109375 0.0234375 0.0328125 
0 0.7671875 0.31796875 0.034375 0.0265625 
0 0.7578125 0.33203125 0.028125 0.0203125 
0 0.721875 0.39609375 0.03125 0.0359375 
0 0.034375 0.64140625 0.01875 0.0265625 
0 0.071875 0.6046875 0.03125 0.01875 
0 0.11328125 0.70546875 0.0328125 0.0171875 
0 0.19921875 0.7703125 0.0359375 0.0375 
0 0.14765625 0.38515625 0.0296875 0.0265625 
0 0.19140625 0.3984375 0.0296875 0.028125 
0 0.16015625 0.37265625 0.0296875 0.0234375 
0 0.2515625 0.8265625 0.028125 0.0375 
0 0.4625 0.97109375 0.028125 0.0265625 
0 0.39296875 0.8921875 0.0203125 0.028125 
0 0.3765625 0.88828125 0.025 0.0359375 
0 0.36328125 0.87734375 0.0296875 0.0359375 
0 0.346875 0.8671875 0.03125 0.0375 
0 0.32265625 0.834375 0.0359375 0.028125 
0 0.31328125 0.8171875 0.0359375 0.028125 
0 0.3 0.80078125 0.034375 0.0296875 
0 0.2921875 0.78828125 0.028125 0.0234375 
0 0.28203125 0.77265625 0.0296875 0.0265625 
0 0.26953125 0.759375 0.0328125 0.03125 
0 0.20625 0.675 0.03125 0.03125 
0 0.25625 0.74453125 0.028125 0.0265625 
0 0.22265625 0.79609375 0.0265625 0.0328125 
