0 0.70234375 0.77421875 0.0734375 0.0859375 
0 0.73671875 0.734375 0.0546875 0.0625 
0 0.76796875 0.70859375 0.0640625 0.0640625 
0 0.79375 0.68359375 0.0625 0.0609375 
0 0.81953125 0.6578125 0.0578125 0.05625 
0 0.8484375 0.63203125 0.075 0.0671875 
0 0.51640625 0.95390625 0.0640625 0.0671875 
0 0.3265625 0.93359375 0.05 0.0578125 
0 0.3 0.91328125 0.065625 0.0734375 
0 0.2796875 0.8875 0.05 0.05625 
0 0.10625 0.94375 0.05625 0.059375 
0 0.25859375 0.8640625 0.0546875 0.05625 
0 0.23203125 0.846875 0.0671875 0.071875 
0 0.1921875 0.79921875 0.053125 0.0578125 
0 0.17578125 0.7734375 0.0515625 0.059375 
0 0.1484375 0.75 0.059375 0.0625 
0 0.12578125 0.72578125 0.0578125 0.0609375 
0 0.1 0.6984375 0.05625 0.05625 
0 0.078125 0.675 0.06875 0.065625 
0 0.0578125 0.64921875 0.059375 0.0578125 
0 0.040625 0.61953125 0.05625 0.0578125 
0 0.0515625 0.89296875 0.05625 0.0578125 
0 0.40078125 0.1484375 0.0703125 0.06875 
1 0.19765625 0.02265625 0.0984375 0.0421875 
0 0.6703125 0.8203125 0.075 0.0625 
0 0.59453125 0.8703125 0.0640625 0.06875 
0 0.25703125 0.24609375 0.0546875 0.0578125 
0 0.6859375 0.44921875 0.0625 0.0578125 
0 0.58359375 0.32421875 0.0546875 0.0515625 
0 0.56640625 0.3015625 0.0578125 0.05625 
0 0.53828125 0.27578125 0.0734375 0.0703125 
0 0.34453125 0.3203125 0.0546875 0.053125 
0 0.57421875 0.57734375 0.0578125 0.0578125 
0 0.15703125 0.41953125 0.0671875 0.0671875 
0 0.17265625 0.4546875 0.0703125 0.071875 
0 0.3296875 0.29140625 0.0625 0.0546875 
0 0.50390625 0.25859375 0.0609375 0.0578125 
0 0.47578125 0.22734375 0.0734375 0.0703125 
0 0.42734375 0.18671875 0.0515625 0.0546875 
0 0.284375 0.23125 0.05625 0.0625 
0 0.23359375 0.2703125 0.0484375 0.046875 
0 0.73671875 0.4921875 0.0578125 0.046875 
0 0.20625 0.28984375 0.059375 0.0515625 
0 0.190625 0.31796875 0.059375 0.0609375 
0 0.16328125 0.340625 0.0703125 0.071875 
0 0.12734375 0.40078125 0.0671875 0.0640625 
0 0.00859375 0.46640625 0.0140625 0.0484375 
0 0.00546875 0.2984375 0.0078125 0.046875 
0 0.02734375 0.29765625 0.0515625 0.0515625 
0 0.03046875 0.253125 0.0578125 0.059375 
0 0.0671875 0.2453125 0.0625 0.05625 
0 0.70859375 0.46796875 0.0578125 0.0484375 
0 0.76328125 0.52421875 0.0703125 0.0578125 
0 0.57109375 0.9 0.0703125 0.075 
0 0.54453125 0.54140625 0.0578125 0.0515625 
0 0.634375 0.375 0.053125 0.053125 
0 0.6078125 0.35390625 0.059375 0.0546875 
0 0.6625 0.4203125 0.06875 0.05625 
0 0.44453125 0.41796875 0.0640625 0.0609375 
0 0.39453125 0.3765625 0.0484375 0.053125 
0 0.371875 0.35234375 0.053125 0.0484375 
0 0.421875 0.4015625 0.05625 0.05 
0 0.46328125 0.45078125 0.0546875 0.0515625 
0 0.484375 0.46796875 0.059375 0.0609375 
0 0.4984375 0.49609375 0.05625 0.0484375 
0 0.5203125 0.51484375 0.0625 0.0515625 
0 0.08203125 0.21953125 0.0578125 0.0515625 
0 0.11171875 0.19921875 0.0609375 0.0578125 
0 0.1421875 0.17734375 0.05625 0.0515625 
0 0.26171875 0.09140625 0.0546875 0.0609375 
0 0.53671875 0.92109375 0.0578125 0.0609375 
0 0.225 0.0765625 0.0625 0.075 
0 0.1234375 0.9734375 0.05625 0.05 
