0 0.509375 0.57265625 0.05625 0.0609375 
0 0.57734375 0.63828125 0.0546875 0.0609375 
0 0.70546875 0.81484375 0.0546875 0.0609375 
0 0.23984375 0.8234375 0.0671875 0.071875 
0 0.26796875 0.84609375 0.0640625 0.0671875 
0 0.31640625 0.89765625 0.0671875 0.0671875 
0 0.29140625 0.8765625 0.0640625 0.0625 
0 0.41875 0.475 0.05625 0.05625 
0 0.43984375 0.50546875 0.0640625 0.0671875 
0 0.396875 0.45234375 0.05625 0.0609375 
0 0.95 0.9453125 0.05625 0.059375 
0 0.37734375 0.41953125 0.0609375 0.0640625 
0 0.98125 0.7515625 0.0375 0.0625 
0 0.96953125 0.72734375 0.0578125 0.0609375 
0 0.94375 0.7 0.05625 0.05625 
0 0.921875 0.6765625 0.06875 0.065625 
0 0.9015625 0.65078125 0.059375 0.0578125 
0 0.884375 0.62109375 0.05625 0.0578125 
0 0.8953125 0.89453125 0.05625 0.0578125 
0 0.63828125 0.5875 0.0828125 0.090625 
0 0.30078125 0.34921875 0.0609375 0.0609375 
0 0.3453125 0.39375 0.059375 0.0625 
0 0.11640625 0.05546875 0.0609375 0.0609375 
0 0.090625 0.20703125 0.065625 0.0703125 
0 0.0515625 0.246875 0.065625 0.065625 
0 0.03125 0.26953125 0.059375 0.0671875 
0 0.98359375 0.42109375 0.0328125 0.0671875 
0 0.990625 0.45625 0.01875 0.071875 
0 0.9859375 0.3421875 0.028125 0.071875 
0 0.96875 0.40234375 0.0625 0.0640625 
0 0.83125 0.46796875 0.05625 0.0484375 
0 0.80625 0.44765625 0.046875 0.0484375 
0 0.78828125 0.41875 0.0578125 0.05625 
0 0.75546875 0.375 0.0703125 0.034375 
0 0.8296875 0.3 0.046875 0.046875 
0 0.8109375 0.32890625 0.0625 0.0640625 
0 0.86953125 0.29921875 0.0546875 0.0515625 
0 0.87421875 0.2546875 0.0578125 0.059375 
0 0.9109375 0.246875 0.0625 0.05625 
0 0.525 0.8515625 0.0625 0.059375 
0 0.92578125 0.22109375 0.0578125 0.0515625 
0 0.95546875 0.20078125 0.0609375 0.0578125 
0 0.97890625 0.17890625 0.0421875 0.0515625 
0 0.9671875 0.975 0.05625 0.05 
