0 0.565625 0.82265625 0.03125 0.0296875 
0 0.4625 0.82578125 0.028125 0.0328125 
0 0.48359375 0.7953125 0.0265625 0.028125 
0 0.55703125 0.67890625 0.0234375 0.0265625 
0 0.39375 0.6265625 0.034375 0.028125 
0 0.35078125 0.59765625 0.0296875 0.0296875 
0 0.31484375 0.5734375 0.0328125 0.028125 
0 0.9 0.13046875 0.025 0.0265625 
0 0.65078125 0.36953125 0.0328125 0.0234375 
0 0.64140625 0.3453125 0.0328125 0.025 
0 0.03984375 0.27265625 0.0359375 0.0234375 
0 0.84375 0.23046875 0.028125 0.0296875 
0 0.8546875 0.19609375 0.025 0.0328125 
0 0.73515625 0.07421875 0.0359375 0.0265625 
0 0.83125 0.08125 0.028125 0.025 
0 0.6609375 0.0265625 0.03125 0.025 
0 0.63515625 0.01015625 0.0265625 0.0171875 
0 0.15078125 0.08671875 0.0359375 0.0265625 
0 0.7703125 0.16796875 0.03125 0.0265625 
0 0.70234375 0.053125 0.0296875 0.028125 
0 0.80546875 0.06484375 0.0265625 0.0234375 
0 0.90390625 0.0234375 0.0265625 0.03125 
