0 0.71171875 0.50859375 0.0265625 0.0296875 
0 0.7375 0.40625 0.028125 0.028125 
0 0.6796875 0.425 0.028125 0.025 
0 0.9234375 0.3265625 0.034375 0.034375 
0 0.9625 0.3234375 0.034375 0.03125 
0 0.9828125 0.41953125 0.025 0.0359375 
0 0.659375 0.83203125 0.0125 0.0296875 
0 0.83359375 0.57578125 0.0296875 0.0234375 
0 0.8375 0.596875 0.034375 0.025 
0 0.38046875 0.99453125 0.0359375 0.0109375 
0 0.72578125 0.82734375 0.0328125 0.0359375 
0 0.76484375 0.709375 0.0328125 0.028125 
0 0.775 0.6921875 0.028125 0.025 
0 0.78515625 0.678125 0.0296875 0.021875 
0 0.75390625 0.6734375 0.0265625 0.025 
0 0.8015625 0.61484375 0.025 0.0234375 
