0 0.07890625 0.83203125 0.0328125 0.0328125 
0 0.25 0.47265625 0.034375 0.0359375 
0 0.325 0.6203125 0.025 0.028125 
0 0.3140625 0.6359375 0.028125 0.025 
0 0.20859375 0.6703125 0.0328125 0.03125 
0 0.1390625 0.6640625 0.0375 0.03125 
0 0.51015625 0.3765625 0.0265625 0.021875 
0 0.515625 0.359375 0.028125 0.028125 
0 0.45 0.3140625 0.025 0.025 
0 0.33125 0.3484375 0.034375 0.028125 
0 0.34921875 0.33828125 0.0265625 0.0265625 
0 0.35 0.2171875 0.028125 0.028125 
0 0.38046875 0.1625 0.0359375 0.034375 
