0 0.39140625 0.15859375 0.0953125 0.0515625 
0 0.20390625 0.23046875 0.0953125 0.0796875 
0 0.428125 0.2015625 0.10625 0.05625 
0 0.44765625 0.10859375 0.0703125 0.0421875 
0 0.5328125 0.27578125 0.08125 0.0609375 
0 0.60859375 0.31875 0.0890625 0.05625 
0 0.59453125 0.51015625 0.0859375 0.0796875 
0 0.6203125 0.221875 0.08125 0.046875 
0 0.63984375 0.0296875 0.0921875 0.05625 
0 0.40546875 0.0609375 0.0984375 0.046875 
0 0.31171875 0.0125 0.0859375 0.021875 
0 0.20703125 0.03671875 0.1015625 0.0609375 
0 0.72421875 0.0734375 0.0765625 0.078125 
0 0.80546875 0.13828125 0.0796875 0.0703125 
0 0.7578125 0.1890625 0.078125 0.06875 
0 0.8921875 0.203125 0.0875 0.075 
0 0.96484375 0.2640625 0.0703125 0.075 
0 0.96015625 0.46796875 0.0796875 0.0515625 
0 0.90546875 0.43046875 0.0796875 0.0515625 
0 0.7203125 0.40546875 0.075 0.0421875 
0 0.7984375 0.34765625 0.0875 0.0515625 
0 0.75078125 0.30703125 0.0703125 0.0484375 
0 0.28046875 0.07265625 0.0796875 0.0515625 
0 0.11171875 0.16171875 0.0921875 0.0796875 
