0 0.928125 0.3078125 0.01875 0.025 
0 0.440625 0.23046875 0.028125 0.0140625 
0 0.3921875 0.21953125 0.028125 0.0203125 
0 0.16796875 0.4140625 0.0171875 0.021875 
0 0.15546875 0.440625 0.0234375 0.025 
0 0.096875 0.63671875 0.01875 0.0078125 
0 0.09375 0.61640625 0.01875 0.0234375 
0 0.04765625 0.5671875 0.0140625 0.025 
0 0.140625 0.54609375 0.025 0.0265625 
0 0.31015625 0.30703125 0.0265625 0.0171875 
0 0.33984375 0.30078125 0.0328125 0.0140625 
0 0.29921875 0.603125 0.0296875 0.021875 
0 0.15546875 0.478125 0.0328125 0.028125 
0 0.125 0.55390625 0.025 0.0234375 
0 0.19921875 0.353125 0.0265625 0.0375 
0 0.8125 0.43359375 0.021875 0.0234375 
0 0.82578125 0.40703125 0.0234375 0.0296875 
0 0.65625 0.20703125 0.01875 0.0265625 
0 0.5546875 0.9453125 0.028125 0.025 
0 0.52109375 0.8921875 0.0265625 0.034375 
0 0.62734375 0.9953125 0.0234375 0.009375 
0 0.29375 0.28046875 0.0375 0.0234375 
0 0.75 0.38515625 0.028125 0.0328125 
0 0.5421875 0.1609375 0.028125 0.034375 
0 0.37265625 0.94921875 0.0359375 0.0265625 
0 0.41875 0.96640625 0.028125 0.0171875 
0 0.6359375 0.20390625 0.021875 0.0265625 
