0 0.18203125 0.79140625 0.0921875 0.0921875 
0 0.34765625 0.79375 0.0890625 0.084375 
0 0.27109375 0.86015625 0.0890625 0.0859375 
0 0.26484375 0.7125 0.0953125 0.09375 
0 0.4515625 0.6984375 0.09375 0.0875 
0 0.38046875 0.61328125 0.0828125 0.0859375 
0 0.51796875 0.63515625 0.0859375 0.0796875 
0 0.45703125 0.5515625 0.0765625 0.08125 
0 0.60625 0.5671875 0.084375 0.08125 
0 0.5390625 0.4890625 0.084375 0.078125 
0 0.6203125 0.19765625 0.09375 0.1140625 
0 0.6390625 0.06640625 0.071875 0.0796875 
0 0.7046875 0.1484375 0.084375 0.090625 
