0 0.3296875 0.6796875 0.071875 0.084375 
0 0.4421875 0.53515625 0.078125 0.0890625 
0 0.06953125 0.13984375 0.0953125 0.1015625 
0 0.5109375 0.33125 0.071875 0.08125 
0 0.625 0.28203125 0.071875 0.0796875 
0 0.26796875 0.7703125 0.0921875 0.10625 
0 0.1421875 0.81875 0.103125 0.115625 
0 0.190625 0.8734375 0.078125 0.090625 
0 0.7421875 0.125 0.078125 0.084375 
0 0.79609375 0.046875 0.0765625 0.0875 
0 0.49921875 0.4578125 0.0796875 0.09375 
0 0.1359375 0.95234375 0.078125 0.0859375 
0 0.078125 0.9921875 0.075 0.015625 
