0 0.40546875 0.96875 0.0234375 0.028125 
0 0.41953125 0.95703125 0.0296875 0.0296875 
0 0.72734375 0.9421875 0.0390625 0.034375 
0 0.59609375 0.65078125 0.0421875 0.0421875 
0 0.07578125 0.28203125 0.0265625 0.0234375 
0 0.08203125 0.2203125 0.0265625 0.028125 
0 0.09453125 0.2125 0.0265625 0.028125 
0 0.3265625 0.284375 0.034375 0.025 
0 0.38515625 0.321875 0.0171875 0.034375 
0 0.4078125 0.27734375 0.028125 0.0328125 
0 0.43828125 0.24140625 0.0359375 0.0328125 
0 0.47265625 0.22109375 0.0265625 0.0265625 
0 0.51015625 0.21640625 0.0296875 0.0203125 
0 0.54375 0.2 0.03125 0.015625 
0 0.58671875 0.18984375 0.0328125 0.0203125 
0 0.80703125 0.1 0.0359375 0.028125 
0 0.83046875 0.07421875 0.0265625 0.0265625 
0 0.88359375 0.01015625 0.0265625 0.0171875 
0 0.85703125 0.04375 0.0265625 0.028125 
0 0.63125 0.18203125 0.03125 0.0171875 
0 0.18359375 0.153125 0.0265625 0.034375 
0 0.3515625 0.18046875 0.021875 0.0296875 
0 0.3640625 0.1671875 0.025 0.040625 
0 0.39921875 0.159375 0.0203125 0.03125 
0 0.4421875 0.1421875 0.021875 0.03125 
0 0.2765625 0.009375 0.021875 0.015625 
0 0.41015625 0.0328125 0.0203125 0.034375 
0 0.33046875 0.10078125 0.0203125 0.0328125 
0 0.35078125 0.05859375 0.0234375 0.0359375 
0 0.36171875 0.0875 0.0203125 0.03125 
0 0.39609375 0.07734375 0.0203125 0.0359375 
0 0.421875 0.06796875 0.021875 0.0328125 
0 0.43671875 0.05859375 0.0234375 0.0359375 
0 0.6703125 0.09609375 0.01875 0.0328125 
0 0.6546875 0.0984375 0.01875 0.03125 
0 0.63828125 0.09921875 0.0171875 0.0328125 
0 0.62109375 0.096875 0.0203125 0.03125 
0 0.528125 0.071875 0.0125 0.0375 
0 0.4265625 0.14765625 0.021875 0.0328125 
0 0.4125 0.153125 0.025 0.03125 
0 0.3828125 0.1671875 0.025 0.03125 
0 0.29765625 0.1453125 0.0265625 0.040625 
0 0.25703125 0.084375 0.0296875 0.0375 
0 0.22109375 0.12578125 0.0296875 0.0359375 
0 0.20625 0.13828125 0.03125 0.0328125 
0 0.16640625 0.15625 0.0234375 0.028125 
0 0.78359375 0.12578125 0.0265625 0.0296875 
0 0.75625 0.14765625 0.025 0.0265625 
0 0.71328125 0.16171875 0.0359375 0.0234375 
0 0.67265625 0.1734375 0.0296875 0.021875 
0 0.475 0.02734375 0.021875 0.0390625 
0 0.321875 0.06953125 0.021875 0.0328125 
0 0.2390625 0.05390625 0.025 0.0328125 
0 0.29296875 0.00625 0.0265625 0.009375 
0 0.19609375 0.01953125 0.0328125 0.0265625 
0 0.33828125 0.0609375 0.0234375 0.0375 
0 0.5484375 0.0125 0.021875 0.021875 
0 0.63046875 0.0078125 0.0171875 0.0125 
0 0.56875 0.015625 0.025 0.028125 
0 0.58359375 0.0078125 0.0203125 0.0125 
0 0.6578125 0.04375 0.0375 0.021875 
0 0.34765625 0.09375 0.0203125 0.034375 
0 0.375 0.0828125 0.021875 0.03125 
0 0.4453125 0.05 0.021875 0.03125 
0 0.42421875 0.02109375 0.0296875 0.0328125 
0 0.4015625 0.0421875 0.025 0.03125 
0 0.384375 0.04453125 0.025 0.0359375 
0 0.365625 0.04921875 0.025 0.0328125 
