0 0.159375 0.0140625 0.05 0.025 
0 0.1453125 0.05703125 0.04375 0.0296875 
0 0.11484375 0.00625 0.0453125 0.009375 
0 0.10078125 0.0390625 0.0421875 0.034375 
0 0.04765625 0.2984375 0.0390625 0.03125 
0 0.05625 0.27890625 0.040625 0.0296875 
0 0.065625 0.2546875 0.040625 0.028125 
0 0.0734375 0.23828125 0.034375 0.0265625 
0 0.0078125 0.0921875 0.0125 0.03125 
0 0.00859375 0.0734375 0.0140625 0.034375 
0 0.20234375 0.19140625 0.0421875 0.0328125 
0 0.18046875 0.25703125 0.0390625 0.0328125 
0 0.17421875 0.28046875 0.0515625 0.0328125 
0 0.15703125 0.29375 0.0453125 0.0375 
0 0.1453125 0.3421875 0.04375 0.03125 
0 0.08046875 0.22265625 0.0421875 0.0296875 
0 0.09375 0.19375 0.0375 0.03125 
0 0.09921875 0.17265625 0.0421875 0.0296875 
0 0.6578125 0.853125 0.03125 0.046875 
0 0.67734375 0.85625 0.0328125 0.046875 
0 0.28203125 0.59296875 0.0328125 0.0453125 
0 0.37265625 0.628125 0.0265625 0.0375 
0 0.69765625 0.8671875 0.0328125 0.04375 
0 0.11015625 0.153125 0.0484375 0.028125 
0 0.0828125 0.08359375 0.046875 0.0234375 
0 0.07421875 0.10234375 0.0453125 0.0265625 
0 0.20859375 0.16796875 0.0453125 0.0328125 
0 0.02734375 0.23671875 0.0453125 0.0359375 
0 0.02265625 0.25859375 0.0421875 0.0328125 
0 0.24296875 0.07421875 0.0453125 0.0328125 
0 0.2375 0.09140625 0.04375 0.0296875 
0 0.25078125 0.05625 0.0421875 0.03125 
0 0.2578125 0.02734375 0.040625 0.0296875 
0 0.15078125 0.02265625 0.0421875 0.0265625 
0 0.1484375 0.03671875 0.04375 0.0296875 
0 0.86015625 0.540625 0.0390625 0.028125 
0 0.9515625 0.5421875 0.046875 0.03125 
0 0.8421875 0.60234375 0.040625 0.0328125 
0 0.82109375 0.65625 0.0421875 0.034375 
0 0.79375 0.725 0.046875 0.03125 
0 0.7859375 0.75078125 0.0375 0.0265625 
0 0.26328125 0.58359375 0.0328125 0.0453125 
0 0.3953125 0.6328125 0.025 0.040625 
0 0.5 0.6796875 0.025 0.046875 
0 0.08984375 0.0609375 0.0453125 0.034375 
0 0.01015625 0.44453125 0.0171875 0.0421875 
0 0.11328125 0.13046875 0.0453125 0.0265625 
0 0.03359375 0.225 0.0421875 0.034375 
0 0.19375 0.2109375 0.0375 0.028125 
0 0.74453125 0.77578125 0.0328125 0.0453125 
0 0.87109375 0.76953125 0.0421875 0.0265625 
0 0.55078125 0.81015625 0.0265625 0.0421875 
0 0.49140625 0.7890625 0.0234375 0.04375 
0 0.51171875 0.7921875 0.0265625 0.040625 
0 0.425 0.75625 0.028125 0.046875 
0 0.36875 0.7328125 0.025 0.040625 
0 0.328125 0.72109375 0.021875 0.0421875 
0 0.6625 0.7578125 0.03125 0.040625 
0 0.68125 0.7609375 0.034375 0.040625 
0 0.71640625 0.87421875 0.0359375 0.0421875 
