0 0.95625 0.64921875 0.040625 0.0328125 
0 0.83359375 0.60234375 0.0359375 0.0203125 
0 0.84375 0.584375 0.046875 0.021875 
0 0.89296875 0.57890625 0.0296875 0.0421875 
0 0.91015625 0.565625 0.0296875 0.040625 
0 0.88984375 0.434375 0.0234375 0.0375 
0 0.875 0.45 0.028125 0.0375 
0 0.71171875 0.4546875 0.0421875 0.028125 
0 0.5703125 0.44609375 0.0375 0.0265625 
0 0.69609375 0.4703125 0.0421875 0.025 
0 0.828125 0.44375 0.028125 0.0375 
0 0.82421875 0.49609375 0.0265625 0.0359375 
0 0.75390625 0.525 0.0296875 0.034375 
0 0.68515625 0.48984375 0.0390625 0.0171875 
0 0.89296875 0.7140625 0.0359375 0.0375 
0 0.309375 0.73828125 0.021875 0.0421875 
0 0.98671875 0.44296875 0.0265625 0.0515625 
0 0.99375 0.45546875 0.0125 0.0453125 
0 0.7453125 0.4203125 0.0375 0.021875 
0 0.8234375 0.34296875 0.040625 0.0140625 
0 0.6359375 0.38359375 0.040625 0.0328125 
0 0.32734375 0.8296875 0.0359375 0.040625 
0 0.3578125 0.7953125 0.0375 0.034375 
0 0.2109375 0.9578125 0.03125 0.046875 
0 0.2109375 0.815625 0.015625 0.04375 
0 0.22421875 0.7953125 0.0203125 0.04375 
0 0.2453125 0.77890625 0.0125 0.0453125 
0 0.2640625 0.76875 0.025 0.053125 
0 0.1890625 0.8328125 0.01875 0.053125 
0 0.1734375 0.85390625 0.015625 0.0484375 
0 0.15390625 0.871875 0.0171875 0.053125 
0 0.12265625 0.90703125 0.0109375 0.0484375 
0 0.0578125 0.965625 0.034375 0.040625 
0 0.91015625 0.51484375 0.0421875 0.0359375 
0 0.92265625 0.496875 0.0421875 0.0375 
