0 0.36796875 0.9421875 0.0546875 0.05 
0 0.23359375 0.878125 0.0578125 0.06875 
0 0.18125 0.91328125 0.046875 0.0546875 
0 0.17421875 0.9515625 0.0515625 0.059375 
0 0.21484375 0.959375 0.0484375 0.059375 
0 0.34921875 0.8140625 0.0546875 0.05625 
0 0.3390625 0.85625 0.05625 0.053125 
0 0.334375 0.8984375 0.053125 0.053125 
0 0.371875 0.9046875 0.059375 0.046875 
0 0.3140625 0.975 0.059375 0.05 
0 0.6796875 0.66953125 0.0625 0.0515625 
0 0.6609375 0.746875 0.059375 0.046875 
0 0.65625 0.7890625 0.059375 0.05625 
0 0.6484375 0.8296875 0.0625 0.05625 
0 0.6328125 0.90625 0.05 0.053125 
0 0.61015625 0.98359375 0.0640625 0.0328125 
0 0.35859375 0.9828125 0.0515625 0.034375 
0 0.31484375 0.99453125 0.0578125 0.0109375 
0 0.2 0.825 0.040625 0.05625 
0 0.24140625 0.83125 0.0515625 0.059375 
0 0.2515625 0.7953125 0.046875 0.059375 
0 0.2046875 0.778125 0.053125 0.0625 
0 0.30078125 0.54921875 0.0453125 0.0578125 
0 0.27578125 0.503125 0.0421875 0.053125 
0 0.265625 0.53671875 0.046875 0.0515625 
0 0.25546875 0.5796875 0.0578125 0.05625 
0 0.6546875 0.47578125 0.05625 0.0484375 
0 0.2390625 0.6125 0.053125 0.05625 
0 0.27734375 0.66640625 0.0453125 0.0640625 
0 0.2390625 0.6625 0.046875 0.05625 
0 0.2296875 0.69375 0.053125 0.06875 
0 0.2125 0.7328125 0.0625 0.06875 
0 0.2625 0.75078125 0.05625 0.0671875 
