0 0.625 0.05546875 0.03125 0.0546875 
0 0.44453125 0.02421875 0.0390625 0.0453125 
0 0.4015625 0.01796875 0.040625 0.0328125 
0 0.37734375 0.0109375 0.0328125 0.01875 
0 0.33359375 0.0109375 0.0328125 0.01875 
0 0.02578125 0.3015625 0.0328125 0.05625 
0 0.04765625 0.3078125 0.0328125 0.05625 
0 0.0734375 0.309375 0.040625 0.059375 
0 0.09375 0.315625 0.034375 0.053125 
0 0.11796875 0.325 0.0328125 0.059375 
0 0.1546875 0.3484375 0.05 0.034375 
0 0.16171875 0.3234375 0.0609375 0.040625 
0 0.01171875 0.2953125 0.0203125 0.05625 
0 0.00546875 0.10234375 0.0078125 0.0609375 
0 0.021875 0.1078125 0.034375 0.05625 
0 0.06640625 0.1125 0.0421875 0.059375 
0 0.14453125 0.01953125 0.0359375 0.0359375 
0 0.02578125 0.17890625 0.0390625 0.0546875 
0 0.0515625 0.18828125 0.034375 0.0546875 
0 0.58203125 0.0421875 0.0296875 0.053125 
0 0.55859375 0.03984375 0.0359375 0.0546875 
0 0.540625 0.034375 0.03125 0.053125 
0 0.51484375 0.0296875 0.0265625 0.053125 
0 0.0203125 0.35703125 0.03125 0.0609375 
0 0.0484375 0.3640625 0.0375 0.05625 
0 0.0734375 0.36953125 0.0375 0.0546875 
0 0.1484375 0.38828125 0.034375 0.0515625 
0 0.1828125 0.378125 0.034375 0.05625 
0 0.65546875 0.009375 0.0484375 0.015625 
0 0.7078125 0.015625 0.05625 0.028125 
0 0.56484375 0.00859375 0.0515625 0.0140625 
0 0.61328125 0.01484375 0.0515625 0.0265625 
0 0.6625 0.0265625 0.053125 0.034375 
0 0.7109375 0.03671875 0.046875 0.0328125 
0 0.71640625 0.07734375 0.0296875 0.0515625 
0 0.67109375 0.0703125 0.0328125 0.05625 
0 0.65078125 0.0609375 0.0296875 0.059375 
