0 0.15859375 0.3203125 0.0671875 0.0625 
0 0.11484375 0.3703125 0.0703125 0.04375 
0 0.2015625 0.36171875 0.06875 0.0546875 
0 0.19921875 0.3984375 0.0609375 0.05625 
0 0.13125 0.47890625 0.065625 0.0296875 
0 0.19453125 0.5 0.0578125 0.05 
0 0.16953125 0.5328125 0.0609375 0.053125 
0 0.14296875 0.5578125 0.0515625 0.028125 
0 0.1953125 0.4703125 0.05 0.040625 
0 0.11484375 0.58125 0.0796875 0.05625 
0 0.17890625 0.60625 0.0640625 0.053125 
0 0.11875 0.64140625 0.06875 0.0515625 
0 0.12421875 0.6765625 0.0578125 0.05 
0 0.1140625 0.71015625 0.053125 0.0453125 
0 0.1046875 0.73828125 0.071875 0.0609375 
0 0.16640625 0.74296875 0.0640625 0.0515625 
0 0.175 0.71171875 0.059375 0.0515625 
0 0.178125 0.678125 0.0625 0.046875 
0 0.00703125 0.69296875 0.0109375 0.0484375 
0 0.01953125 0.62421875 0.0359375 0.0421875 
0 0.02265625 0.53203125 0.0421875 0.0484375 
0 0.165625 0.01875 0.06875 0.034375 
0 0.159375 0.05625 0.06875 0.028125 
0 0.115625 0.13125 0.071875 0.05 
0 0.14296875 0.23671875 0.0828125 0.0515625 
0 0.128125 0.28359375 0.05625 0.0359375 
0 0.30546875 0.11953125 0.0796875 0.0328125 
0 0.3046875 0.16328125 0.075 0.0328125 
0 0.30703125 0.19453125 0.0609375 0.0265625 
0 0.30546875 0.21875 0.0671875 0.03125 
0 0.30703125 0.2515625 0.0640625 0.040625 
0 0.30546875 0.2859375 0.0640625 0.04375 
0 0.01484375 0.38515625 0.0265625 0.0640625 
0 0.01640625 0.46328125 0.0296875 0.0484375 
0 0.015625 0.5109375 0.028125 0.04375 
0 0.18515625 0.64765625 0.0578125 0.0484375 
0 0.1234375 0.51328125 0.065625 0.0265625 
0 0.303125 0.34140625 0.071875 0.0421875 
0 0.30625 0.378125 0.071875 0.04375 
0 0.2984375 0.69921875 0.0625 0.0328125 
0 0.309375 0.4125 0.0625 0.0375 
0 0.309375 0.44453125 0.06875 0.0328125 
0 0.309375 0.4828125 0.05625 0.028125 
0 0.3015625 0.53671875 0.0625 0.0234375 
0 0.30390625 0.5671875 0.0671875 0.03125 
0 0.3015625 0.6046875 0.0625 0.03125 
0 0.303125 0.63828125 0.075 0.0390625 
0 0.303125 0.6734375 0.0625 0.034375 
0 0.28984375 0.7546875 0.0765625 0.04375 
0 0.05390625 0.85703125 0.0328125 0.0640625 
0 0.1671875 0.7984375 0.059375 0.0375 
0 0.2140625 0.975 0.0625 0.028125 
0 0.2265625 0.9953125 0.059375 0.009375 
