1 0.41484375 0.69765625 0.0171875 0.0453125 
1 0.2109375 0.3765625 0.053125 0.01875 
1 0.20703125 0.396875 0.0578125 0.015625 
1 0.21015625 0.41796875 0.0515625 0.0171875 
1 0.2078125 0.44140625 0.05 0.0171875 
1 0.20625 0.46171875 0.05 0.0171875 
1 0.22734375 0.58828125 0.0703125 0.0171875 
1 0.228125 0.609375 0.06875 0.01875 
1 0.36875 0.27265625 0.015625 0.0609375 
1 0.3984375 0.27578125 0.01875 0.0609375 
1 0.27109375 0.27421875 0.0203125 0.0703125 
1 0.19609375 0.29375 0.0234375 0.065625 
1 0.228125 0.284375 0.021875 0.0625 
1 0.29296875 0.278125 0.0234375 0.0625 
1 0.346875 0.27421875 0.021875 0.0640625 
1 0.4171875 0.2765625 0.015625 0.065625 
1 0.43671875 0.2703125 0.0203125 0.06875 
1 0.47578125 0.2671875 0.0296875 0.065625 
1 0.45859375 0.275 0.0265625 0.065625 
1 0.49765625 0.2671875 0.0265625 0.065625 
1 0.52109375 0.2640625 0.0265625 0.065625 
1 0.61015625 0.2609375 0.0203125 0.0625 
1 0.63125 0.25859375 0.021875 0.0671875 
1 0.65 0.25703125 0.021875 0.0640625 
1 0.5671875 0.521875 0.021875 0.0625 
1 0.53984375 0.521875 0.0234375 0.0625 
1 0.5171875 0.5203125 0.021875 0.0625 
1 0.43828125 0.69453125 0.0203125 0.0515625 
1 0.4828125 0.69609375 0.01875 0.0453125 
1 0.471875 0.521875 0.021875 0.0625 
1 0.50703125 0.69609375 0.0171875 0.0453125 
1 0.540625 0.2609375 0.01875 0.06875 
1 0.5609375 0.25625 0.015625 0.065625 
1 0.58125 0.26015625 0.01875 0.0671875 
1 0.66953125 0.26015625 0.0140625 0.0546875 
1 0.6875 0.25234375 0.015625 0.0671875 
1 0.71171875 0.26171875 0.0203125 0.0546875 
1 0.73984375 0.25859375 0.0296875 0.0546875 
1 0.76015625 0.25625 0.0390625 0.06875 
1 0.78828125 0.30625 0.0703125 0.01875 
1 0.7890625 0.3421875 0.071875 0.015625 
1 0.79375 0.4203125 0.071875 0.015625 
1 0.79453125 0.4421875 0.0703125 0.015625 
1 0.459375 0.40859375 0.01875 0.0671875 
1 0.54375 0.415625 0.01875 0.0625 
1 0.58359375 0.41484375 0.0171875 0.0671875 
1 0.60390625 0.4125 0.0171875 0.06875 
1 0.62890625 0.41484375 0.0171875 0.0671875 
1 0.65625 0.40625 0.01875 0.06875 
1 0.790625 0.48515625 0.06875 0.0203125 
1 0.79296875 0.5078125 0.0703125 0.01875 
1 0.6375 0.5171875 0.015625 0.06875 
1 0.60859375 0.515625 0.0171875 0.0625 
1 0.58671875 0.5171875 0.0171875 0.06875 
1 0.64375 0.6921875 0.015625 0.05625 
1 0.59921875 0.6875 0.0171875 0.05625 
1 0.55234375 0.690625 0.0203125 0.053125 
1 0.53046875 0.69609375 0.0203125 0.0453125 
1 0.49375 0.51953125 0.021875 0.0609375 
1 0.4484375 0.52421875 0.021875 0.0640625 
0 0.371875 0.8609375 0.015625 0.0375 
1 0.63359375 0.9375 0.0234375 0.06875 
0 0.90546875 0.02578125 0.0140625 0.0328125 
0 0.31328125 0.65625 0.0390625 0.01875 
0 0.2828125 0.8765625 0.0125 0.028125 
0 0.31015625 0.92578125 0.0171875 0.0265625 
0 0.328125 0.9546875 0.0125 0.034375 
0 0.33828125 0.86171875 0.0171875 0.0359375 
1 0.68203125 0.93203125 0.0234375 0.0671875 
1 0.6125 0.9375 0.021875 0.06875 
1 0.42578125 0.52265625 0.0203125 0.0609375 
1 0.40078125 0.52421875 0.0234375 0.0609375 
1 0.37734375 0.52578125 0.0234375 0.0640625 
1 0.35390625 0.53125 0.0234375 0.0625 
1 0.3296875 0.5328125 0.021875 0.0625 
1 0.621875 0.69375 0.025 0.065625 
1 0.79375 0.55234375 0.071875 0.0203125 
1 0.796875 0.57578125 0.06875 0.0203125 
1 0.67578125 0.83671875 0.0234375 0.0640625 
1 0.65078125 0.83359375 0.0203125 0.0609375 
1 0.790625 0.60078125 0.06875 0.0234375 
1 0.796875 0.621875 0.06875 0.01875 
1 0.79296875 0.646875 0.0703125 0.025 
1 0.79609375 0.6703125 0.0703125 0.021875 
1 0.796875 0.71015625 0.065625 0.0203125 
1 0.79765625 0.7359375 0.0640625 0.01875 
1 0.7953125 0.7609375 0.06875 0.01875 
1 0.8 0.7828125 0.06875 0.01875 
1 0.8 0.80859375 0.06875 0.0203125 
1 0.80390625 0.83359375 0.0703125 0.0171875 
1 0.79296875 0.85546875 0.0703125 0.0203125 
1 0.7921875 0.87578125 0.06875 0.0203125 
1 0.7984375 0.89765625 0.06875 0.0171875 
1 0.79765625 0.92109375 0.0703125 0.0203125 
1 0.7984375 0.94375 0.071875 0.01875 
1 0.79609375 0.96484375 0.0703125 0.0234375 
1 0.80078125 0.98984375 0.0671875 0.0203125 
1 0.3203125 0.26640625 0.01875 0.0671875 
