0 0.778125 0.146875 0.025 0.021875 
0 0.85234375 0.18984375 0.0234375 0.0171875 
0 0.88125 0.19765625 0.028125 0.0203125 
0 0.85703125 0.2046875 0.0234375 0.015625 
0 0.890625 0.20859375 0.025 0.0171875 
0 0.86640625 0.215625 0.0265625 0.01875 
0 0.93125 0.12890625 0.028125 0.0203125 
0 0.89375 0.23984375 0.025 0.0140625 
0 0.896875 0.253125 0.028125 0.015625 
0 0.86953125 0.24453125 0.0265625 0.0203125 
0 0.8703125 0.2609375 0.028125 0.021875 
0 0.87890625 0.27421875 0.0234375 0.0171875 
0 0.89453125 0.0171875 0.0265625 0.01875 
0 0.89375 0.00625 0.021875 0.009375 
0 0.9015625 0.26796875 0.025 0.0171875 
0 0.8859375 0.2875 0.028125 0.021875 
0 0.58828125 0.26484375 0.0296875 0.0234375 
0 0.75703125 0.228125 0.0234375 0.01875 
0 0.6984375 0.2109375 0.025 0.01875 
0 0.69140625 0.19609375 0.0265625 0.0140625 
0 0.6859375 0.17734375 0.025 0.0171875 
0 0.5921875 0.19921875 0.03125 0.0234375 
0 0.6046875 0.228125 0.028125 0.015625 
0 0.578125 0.23515625 0.025 0.0140625 
0 0.61328125 0.240625 0.0265625 0.01875 
0 0.6171875 0.2546875 0.025 0.01875 
0 0.61953125 0.26875 0.0265625 0.01875 
0 0.62421875 0.28203125 0.0234375 0.0203125 
0 0.5828125 0.25078125 0.028125 0.0203125 
0 0.60234375 0.31015625 0.0234375 0.0171875 
0 0.7140625 0.27265625 0.01875 0.0171875 
0 0.71015625 0.2546875 0.0203125 0.01875 
0 0.70625 0.23828125 0.025 0.0171875 
0 0.6734375 0.22421875 0.025 0.0203125 
0 0.82890625 0.334375 0.0296875 0.01875 
0 0.83671875 0.35625 0.0265625 0.01875 
0 0.8453125 0.37734375 0.021875 0.0171875 
0 0.846875 0.39375 0.025 0.01875 
0 0.85390625 0.4109375 0.0203125 0.01875 
0 0.85859375 0.42734375 0.0296875 0.0234375 
0 0.86328125 0.44296875 0.0203125 0.0171875 
0 0.79921875 0.22421875 0.0171875 0.0171875 
0 0.7671875 0.25625 0.025 0.01875 
0 0.91640625 0.2796875 0.0265625 0.01875 
0 0.98125 0.515625 0.03125 0.01875 
0 0.915625 0.2953125 0.021875 0.01875 
0 0.8921875 0.3 0.021875 0.015625 
0 0.921875 0.31953125 0.028125 0.0203125 
0 0.89375 0.31328125 0.021875 0.0171875 
0 0.896875 0.32734375 0.021875 0.0171875 
0 0.93125 0.34921875 0.025 0.0203125 
0 0.89921875 0.3421875 0.0265625 0.01875 
0 0.90234375 0.359375 0.0265625 0.01875 
0 0.97578125 0.50234375 0.0265625 0.0203125 
0 0.96953125 0.48828125 0.0265625 0.0171875 
0 0.96328125 0.459375 0.0265625 0.01875 
0 0.946875 0.4046875 0.025 0.021875 
0 0.91953125 0.4140625 0.0265625 0.01875 
0 0.95 0.41796875 0.021875 0.0203125 
0 0.925 0.42734375 0.025 0.0203125 
0 0.92890625 0.4421875 0.0265625 0.01875 
0 0.953125 0.43203125 0.021875 0.0203125 
0 0.86875 0.4578125 0.025 0.01875 
0 0.95859375 0.44765625 0.0234375 0.0203125 
0 0.93828125 0.484375 0.0265625 0.01875 
0 0.9390625 0.46953125 0.025 0.0171875 
0 0.94296875 0.49609375 0.0234375 0.0171875 
0 0.953125 0.52578125 0.021875 0.0203125 
0 0.96015625 0.53671875 0.0234375 0.0171875 
0 0.5078125 0.221875 0.025 0.021875 
0 0.3796875 0.39296875 0.028125 0.0203125 
0 0.6859375 0.2796875 0.028125 0.021875 
0 0.63046875 0.3015625 0.0265625 0.01875 
0 0.89296875 0.22265625 0.0265625 0.0171875 
0 0.8796875 0.1796875 0.028125 0.01875 
0 0.175 0.125 0.04375 0.028125 
