0 0.1546875 0.603125 0.03125 0.025 
0 0.571875 0.37109375 0.028125 0.0265625 
0 0.1390625 0.675 0.028125 0.021875 
0 0.23984375 0.42265625 0.0265625 0.0359375 
0 0.2140625 0.4984375 0.025 0.01875 
0 0.66953125 0.3265625 0.0234375 0.034375 
0 0.621875 0.3734375 0.021875 0.03125 
0 0.16796875 0.54296875 0.0265625 0.0296875 
0 0.18515625 0.56171875 0.0328125 0.0203125 
0 0.1515625 0.5640625 0.03125 0.028125 
0 0.96875 0.1640625 0.03125 0.021875 
0 0.8359375 0.21640625 0.025 0.0296875 
0 0.875 0.309375 0.01875 0.021875 
0 0.93125 0.44140625 0.021875 0.0265625 
0 0.8890625 0.33671875 0.021875 0.0265625 
0 0.92421875 0.4109375 0.0265625 0.034375 
0 0.965625 0.409375 0.03125 0.028125 
