0 0.5265625 0.37421875 0.028125 0.0234375 
0 0.5890625 0.40703125 0.028125 0.0265625 
0 0.61015625 0.42421875 0.0234375 0.0234375 
0 0.625 0.41796875 0.028125 0.0265625 
0 0.625 0.3609375 0.03125 0.025 
0 0.65625 0.3671875 0.034375 0.034375 
0 0.68828125 0.33515625 0.0359375 0.0328125 
0 0.7765625 0.39375 0.028125 0.0375 
0 0.728125 0.3890625 0.028125 0.021875 
0 0.72109375 0.39765625 0.0296875 0.0265625 
0 0.68515625 0.4328125 0.0296875 0.028125 
0 0.7109375 0.41015625 0.03125 0.0265625 
0 0.75 0.4109375 0.025 0.025 
0 0.71484375 0.4546875 0.0296875 0.028125 
0 0.87734375 0.571875 0.0296875 0.034375 
0 0.70390625 0.4640625 0.0328125 0.025 
0 0.77421875 0.49140625 0.0296875 0.0265625 
0 0.78828125 0.478125 0.0296875 0.025 
0 0.79453125 0.4625 0.0296875 0.025 
0 0.80390625 0.45234375 0.0296875 0.0265625 
0 0.78359375 0.53046875 0.0328125 0.0265625 
0 0.80703125 0.49765625 0.0265625 0.0234375 
0 0.81953125 0.48671875 0.0265625 0.0234375 
0 0.834375 0.4625 0.028125 0.021875 
0 0.84375 0.4546875 0.028125 0.025 
0 0.85625 0.44140625 0.028125 0.0265625 
0 0.84140625 0.56171875 0.0265625 0.0234375 
0 0.85234375 0.55390625 0.0328125 0.0203125 
0 0.8640625 0.54140625 0.028125 0.0203125 
0 0.8765625 0.534375 0.025 0.021875 
0 0.88828125 0.52265625 0.0296875 0.0234375 
0 0.89375 0.50859375 0.03125 0.0203125 
0 0.90078125 0.49453125 0.0421875 0.0296875 
0 0.8890625 0.56015625 0.028125 0.0234375 
0 0.8984375 0.55078125 0.028125 0.0265625 
0 0.91640625 0.5265625 0.0234375 0.01875 
0 0.92421875 0.51484375 0.0296875 0.0234375 
0 0.18984375 0.025 0.0171875 0.03125 
0 0.209375 0.1796875 0.025 0.03125 
0 0.4140625 0.0078125 0.034375 0.0125 
0 0.5046875 0.0359375 0.0375 0.03125 
0 0.47890625 0.0703125 0.0296875 0.025 
0 0.434375 0.12578125 0.03125 0.0265625 
0 0.3359375 0.13828125 0.028125 0.0296875 
0 0.503125 0.20234375 0.034375 0.0328125 
0 0.52890625 0.22109375 0.0296875 0.0296875 
0 0.5078125 0.2453125 0.0375 0.03125 
0 0.43984375 0.32109375 0.0296875 0.0234375 
0 0.83359375 0.7734375 0.0296875 0.01875 
0 0.9125 0.746875 0.03125 0.028125 
0 0.69375 0.47734375 0.0375 0.0296875 
0 0.940625 0.60390625 0.034375 0.0296875 
0 0.95 0.59296875 0.03125 0.0296875 
0 0.95703125 0.58046875 0.0328125 0.0265625 
0 0.965625 0.56875 0.03125 0.028125 
0 0.98515625 0.54609375 0.0296875 0.0265625 
0 0.978125 0.559375 0.034375 0.03125 
0 0.98984375 0.5328125 0.0203125 0.025 
0 0.721875 0.4421875 0.034375 0.03125 
0 0.990625 0.58671875 0.01875 0.0265625 
0 0.9828125 0.596875 0.028125 0.028125 
0 0.96953125 0.61328125 0.0265625 0.0265625 
0 0.9359375 0.503125 0.028125 0.028125 
0 0.9421875 0.4921875 0.025 0.028125 
0 0.92109375 0.4734375 0.0328125 0.03125 
0 0.91328125 0.48359375 0.0359375 0.0265625 
0 0.97734375 0.38125 0.0265625 0.021875 
0 0.96484375 0.46953125 0.0328125 0.0296875 
0 0.92890625 0.46171875 0.0296875 0.0296875 
0 0.80546875 0.33046875 0.0234375 0.0359375 
0 0.8203125 0.33515625 0.01875 0.0296875 
0 0.83984375 0.33828125 0.0234375 0.0359375 
