0 0.8515625 0.23984375 0.03125 0.0171875 
0 0.86484375 0.28046875 0.0328125 0.0265625 
0 0.83046875 0.3 0.0296875 0.025 
0 0.80546875 0.3171875 0.0359375 0.028125 
0 0.6875 0.3984375 0.028125 0.025 
0 0.78828125 0.42109375 0.0265625 0.0328125 
0 0.73671875 0.46796875 0.0171875 0.0234375 
0 0.76953125 0.46171875 0.0328125 0.0203125 
0 0.79140625 0.5921875 0.0328125 0.021875 
0 0.78671875 0.6109375 0.0328125 0.015625 
0 0.4625 0.1359375 0.03125 0.028125 
0 0.38359375 0.27109375 0.0453125 0.0390625 
0 0.125 0.3765625 0.03125 0.021875 
0 0.03125 0.521875 0.01875 0.021875 
0 0.0875 0.65390625 0.021875 0.0265625 
0 0.23515625 0.55234375 0.0359375 0.0296875 
0 0.0453125 0.54921875 0.021875 0.0265625 
0 0.503125 0.46484375 0.034375 0.0265625 
0 0.59296875 0.5140625 0.0203125 0.046875 
0 0.34453125 0.56953125 0.0328125 0.0296875 
0 0.365625 0.7265625 0.015625 0.025 
0 0.51171875 0.79765625 0.0265625 0.0171875 
0 0.49921875 0.87109375 0.0328125 0.0328125 
0 0.46640625 0.8625 0.0203125 0.025 
0 0.08046875 0.6234375 0.0265625 0.034375 
0 0.121875 0.621875 0.03125 0.028125 
0 0.2546875 0.6296875 0.034375 0.028125 
0 0.18359375 0.6765625 0.0296875 0.025 
0 0.4140625 0.16328125 0.03125 0.0265625 
0 0.7796875 0.62890625 0.028125 0.0140625 
0 0.7625 0.6765625 0.03125 0.015625 
0 0.76484375 0.6921875 0.0328125 0.015625 
0 0.83984375 0.62109375 0.0234375 0.0359375 
0 0.9828125 0.70390625 0.025 0.0265625 
0 0.9953125 0.740625 0.009375 0.028125 
