0 0.66875 0.30390625 0.03125 0.0265625 
0 0.5953125 0.32265625 0.03125 0.0328125 
0 0.61640625 0.340625 0.0296875 0.03125 
0 0.82734375 0.23984375 0.0328125 0.0265625 
0 0.86640625 0.27421875 0.0296875 0.0328125 
0 0.8859375 0.296875 0.028125 0.03125 
0 0.64921875 0.28125 0.0234375 0.028125 
0 0.5796875 0.02890625 0.034375 0.0390625 
0 0.98046875 0.3890625 0.0265625 0.025 
0 0.98828125 0.3984375 0.0234375 0.03125 
0 0.99453125 0.40859375 0.0109375 0.0296875 
0 0.96953125 0.3796875 0.0328125 0.03125 
0 0.9578125 0.74296875 0.03125 0.0296875 
0 0.95546875 0.69765625 0.0328125 0.0296875 
0 0.9375 0.71875 0.03125 0.025 
0 0.9265625 0.73125 0.028125 0.021875 
0 0.91796875 0.73984375 0.0296875 0.0265625 
0 0.90546875 0.74921875 0.0265625 0.0265625 
0 0.89453125 0.759375 0.0296875 0.028125 
0 0.88515625 0.7734375 0.0296875 0.028125 
0 0.91953125 0.91015625 0.0265625 0.0296875 
0 0.96328125 0.8546875 0.0453125 0.053125 
