0 0.9046875 0.07734375 0.01875 0.0265625 
0 0.41953125 0.62109375 0.0234375 0.0171875 
0 0.39140625 0.62734375 0.0328125 0.0171875 
0 0.68671875 0.8328125 0.0203125 0.0125 
0 0.6859375 0.8453125 0.025 0.015625 
0 0.4640625 0.80546875 0.028125 0.0140625 
0 0.49140625 0.81796875 0.0203125 0.0140625 
0 0.49140625 0.83125 0.0234375 0.0125 
0 0.45390625 0.20390625 0.0234375 0.0296875 
0 0.60703125 0.703125 0.0234375 0.0125 
0 0.57421875 0.715625 0.0203125 0.0125 
0 0.70078125 0.7171875 0.0203125 0.015625 
0 0.95859375 0.19453125 0.0203125 0.0265625 
0 0.69921875 0.70234375 0.0234375 0.0140625 
0 0.31796875 0.2703125 0.0296875 0.028125 
0 0.24375 0.2265625 0.01875 0.025 
0 0.5109375 0.41484375 0.034375 0.0234375 
0 0.40234375 0.5078125 0.0265625 0.028125 
0 0.7171875 0.5203125 0.028125 0.01875 
0 0.7296875 0.2828125 0.03125 0.025 
0 0.9015625 0.41875 0.028125 0.025 
1 0.97265625 0.56328125 0.0265625 0.0171875 
1 0.3046875 0.734375 0.025 0.01875 
0 0.9796875 0.29921875 0.025 0.0296875 
0 0.9515625 0.28359375 0.025 0.0265625 
1 0.94609375 0.2265625 0.0265625 0.034375 
0 0.98984375 0.63671875 0.0203125 0.0265625 
0 0.39140625 0.61796875 0.0265625 0.0109375 
0 0.4828125 0.65703125 0.021875 0.0109375 
0 0.509375 0.6609375 0.025 0.015625 
0 0.57734375 0.68515625 0.0234375 0.0109375 
0 0.5734375 0.69921875 0.025 0.0171875 
0 0.6 0.6875 0.021875 0.0125 
0 0.60390625 0.71640625 0.0234375 0.0109375 
0 0.60078125 0.72890625 0.0234375 0.0140625 
0 0.5984375 0.74375 0.021875 0.0125 
0 0.596875 0.7625 0.028125 0.01875 
0 0.5546875 0.85703125 0.03125 0.0171875 
0 0.540625 0.97421875 0.028125 0.0140625 
0 0.825 0.63125 0.0125 0.028125 
0 0.77265625 0.90078125 0.0234375 0.0140625 
0 0.79375 0.7296875 0.028125 0.0125 
0 0.79296875 0.7453125 0.0265625 0.0125 
0 0.7921875 0.75859375 0.021875 0.0109375 
0 0.7890625 0.77265625 0.021875 0.0140625 
0 0.78828125 0.7859375 0.0234375 0.0125 
0 0.7875 0.8015625 0.021875 0.015625 
0 0.7859375 0.815625 0.025 0.015625 
0 0.7828125 0.83203125 0.021875 0.0109375 
0 0.78125 0.84609375 0.028125 0.0109375 
0 0.7796875 0.86015625 0.021875 0.0109375 
0 0.77578125 0.87421875 0.0234375 0.0140625 
0 0.7765625 0.8890625 0.025 0.015625 
0 0.7734375 0.915625 0.025 0.0125 
0 0.6953125 0.74453125 0.028125 0.0140625 
0 0.77109375 0.92890625 0.0265625 0.0140625 
0 0.77265625 0.94453125 0.0265625 0.0140625 
0 0.771875 0.959375 0.028125 0.015625 
0 0.77109375 0.975 0.0265625 0.015625 
0 0.76796875 0.98828125 0.0265625 0.0171875 
0 0.76875 0.71015625 0.021875 0.0171875 
0 0.7625 0.72734375 0.025 0.0140625 
0 0.76796875 0.740625 0.0234375 0.015625 
0 0.76484375 0.7546875 0.0265625 0.0125 
0 0.7625 0.76796875 0.028125 0.0140625 
0 0.76015625 0.78515625 0.0234375 0.0140625 
0 0.75859375 0.8 0.0265625 0.01875 
0 0.79609375 0.71484375 0.0265625 0.0140625 
0 0.6953125 0.7609375 0.025 0.015625 
0 0.6921875 0.7875 0.025 0.015625 
0 0.6734375 0.8765625 0.025 0.015625 
0 0.6828125 0.86015625 0.025 0.0140625 
0 0.65703125 0.82890625 0.0234375 0.0140625 
0 0.66015625 0.81328125 0.0265625 0.0140625 
0 0.6671875 0.771875 0.025 0.0125 
0 0.66953125 0.740625 0.0265625 0.0125 
0 0.66953125 0.7296875 0.0296875 0.015625 
0 0.671875 0.703125 0.034375 0.0125 
0 0.38515625 0.64375 0.0234375 0.015625 
0 0.79453125 0.63046875 0.0171875 0.0234375 
0 0.975 0.63203125 0.021875 0.0296875 
0 0.15390625 0.6921875 0.0203125 0.03125 
0 0.78359375 0.63046875 0.0109375 0.0265625 
0 0.4890625 0.87890625 0.028125 0.0171875 
0 0.48984375 0.85078125 0.0296875 0.0171875 
0 0.48515625 0.89375 0.0265625 0.0125 
0 0.49765625 0.57265625 0.0234375 0.0265625 
0 0.540625 0.59140625 0.025 0.0296875 
0 0.57734375 0.60703125 0.0234375 0.0328125 
0 0.6078125 0.615625 0.01875 0.03125 
0 0.63828125 0.6203125 0.0171875 0.028125 
0 0.6515625 0.62421875 0.01875 0.0296875 
0 0.66796875 0.6265625 0.0171875 0.025 
0 0.684375 0.625 0.015625 0.03125 
0 0.6953125 0.628125 0.015625 0.028125 
0 0.72421875 0.62890625 0.0140625 0.0265625 
0 0.740625 0.63203125 0.01875 0.0328125 
0 0.75546875 0.63203125 0.0109375 0.0265625 
0 0.7703125 0.62890625 0.01875 0.0296875 
0 0.19609375 0.7328125 0.0265625 0.015625 
0 0.19609375 0.7171875 0.0265625 0.0125 
0 0.1984375 0.70234375 0.025 0.0140625 
0 0.19296875 0.76171875 0.0234375 0.0140625 
0 0.18828125 0.77734375 0.0234375 0.0140625 
0 0.18671875 0.79296875 0.0234375 0.0140625 
0 0.18671875 0.80703125 0.0265625 0.0140625 
0 0.18515625 0.82109375 0.0234375 0.0109375 
0 0.1859375 0.8359375 0.025 0.015625 
0 0.271875 0.98203125 0.025 0.0140625 
0 0.27421875 0.96640625 0.0296875 0.0140625 
0 0.2765625 0.95234375 0.025 0.0171875 
0 0.75703125 0.815625 0.0234375 0.0125 
0 0.75703125 0.8296875 0.0234375 0.0125 
0 0.7515625 0.840625 0.03125 0.015625 
0 0.96484375 0.7234375 0.0234375 0.0125 
0 0.96796875 0.73671875 0.0265625 0.0171875 
0 0.959375 0.78203125 0.021875 0.0140625 
0 0.95390625 0.79609375 0.0203125 0.0140625 
0 0.95234375 0.8109375 0.0234375 0.0125 
0 0.94375 0.825 0.021875 0.015625 
0 0.94921875 0.8515625 0.0265625 0.0125 
0 0.9453125 0.86796875 0.025 0.0140625 
0 0.9421875 0.8828125 0.025 0.0125 
0 0.94140625 0.896875 0.0234375 0.0125 
0 0.93828125 0.92578125 0.0234375 0.0140625 
0 0.93984375 0.9421875 0.0234375 0.0125 
0 0.9375 0.96875 0.025 0.0125 
0 0.8703125 0.92890625 0.025 0.0171875 
0 0.96875 0.91640625 0.021875 0.0140625 
0 0.9328125 0.99453125 0.021875 0.0109375 
0 0.89296875 0.73046875 0.0265625 0.0140625 
0 0.88671875 0.7734375 0.0265625 0.015625 
0 0.8796875 0.84296875 0.028125 0.0140625 
0 0.875 0.8890625 0.021875 0.0125 
0 0.86875 0.94375 0.025 0.015625 
0 0.86796875 0.959375 0.0203125 0.015625 
0 0.865625 0.971875 0.021875 0.015625 
0 0.86171875 0.98515625 0.0234375 0.0171875 
0 0.93828125 0.95625 0.0234375 0.0125 
0 0.9359375 0.98359375 0.025 0.0140625 
0 0.75234375 0.85546875 0.0234375 0.0171875 
0 0.97578125 0.87421875 0.0265625 0.0109375 
0 0.96484375 0.9296875 0.0203125 0.015625 
0 0.965625 0.94296875 0.021875 0.0140625 
0 0.96484375 0.95546875 0.0234375 0.0140625 
0 0.9625 0.97265625 0.021875 0.0171875 
0 0.9625 0.98828125 0.021875 0.0140625 
0 0.9765625 0.82734375 0.028125 0.0140625 
0 0.96015625 0.6296875 0.0171875 0.03125 
0 0.97578125 0.859375 0.0265625 0.015625 
0 0.978125 0.81328125 0.025 0.0140625 
0 0.9859375 0.7859375 0.025 0.01875 
0 0.9875 0.75625 0.025 0.0125 
0 0.9875 0.7703125 0.025 0.0125 
0 0.97109375 0.9 0.0265625 0.01875 
0 0.9625 0.753125 0.028125 0.01875 
0 0.95859375 0.76875 0.0265625 0.0125 
0 0.86328125 0.7109375 0.0296875 0.015625 
0 0.88984375 0.7140625 0.0234375 0.0125 
0 0.86328125 0.725 0.0265625 0.0125 
0 0.8640625 0.73828125 0.021875 0.0140625 
0 0.86015625 0.75078125 0.0265625 0.0140625 
0 0.94765625 0.83984375 0.0296875 0.0140625 
0 0.74921875 0.87109375 0.0234375 0.0140625 
0 0.74609375 0.8859375 0.0234375 0.0125 
0 0.74765625 0.9 0.0265625 0.0125 
0 0.73984375 0.92734375 0.0296875 0.0140625 
0 0.74375 0.94296875 0.03125 0.0171875 
0 0.85859375 0.76640625 0.0234375 0.0140625 
0 0.859375 0.78359375 0.025 0.0140625 
0 0.85703125 0.79765625 0.0203125 0.0140625 
0 0.85625 0.8125 0.025 0.015625 
0 0.8828125 0.815625 0.034375 0.01875 
0 0.884375 0.8296875 0.03125 0.015625 
0 0.87578125 0.859375 0.0234375 0.0125 
0 0.871875 0.9015625 0.025 0.0125 
0 0.8703125 0.91328125 0.028125 0.0140625 
0 0.8515625 0.828125 0.025 0.0125 
0 0.85078125 0.840625 0.0265625 0.0125 
0 0.85 0.85703125 0.021875 0.0171875 
0 0.846875 0.86953125 0.025 0.0140625 
0 0.8453125 0.8859375 0.021875 0.0125 
0 0.84296875 0.9 0.0203125 0.0125 
0 0.8453125 0.9125 0.021875 0.0125 
0 0.840625 0.92890625 0.021875 0.0171875 
0 0.8390625 0.94296875 0.021875 0.0140625 
0 0.83828125 0.95703125 0.0234375 0.0140625 
0 0.83828125 0.96953125 0.0296875 0.0171875 
0 0.8328125 0.9828125 0.021875 0.015625 
0 0.38359375 0.88046875 0.0296875 0.0171875 
0 0.4578125 0.87109375 0.03125 0.0203125 
