0 0.3546875 0.68203125 0.03125 0.0328125 
0 0.3796875 0.5875 0.025 0.028125 
0 0.39296875 0.57734375 0.0328125 0.0359375 
0 0.4140625 0.55390625 0.034375 0.0328125 
0 0.40390625 0.56484375 0.0265625 0.0203125 
0 0.44296875 0.53125 0.0265625 0.03125 
0 0.50234375 0.54609375 0.0328125 0.0328125 
0 0.4796875 0.5703125 0.03125 0.03125 
0 0.44140625 0.61328125 0.0296875 0.0296875 
0 0.4546875 0.603125 0.03125 0.03125 
0 0.48359375 0.48828125 0.0390625 0.0296875 
0 0.68984375 0.51640625 0.0265625 0.0203125 
0 0.6734375 0.471875 0.03125 0.01875 
0 0.25546875 0.36953125 0.0109375 0.0265625 
0 0.271875 0.36328125 0.015625 0.0296875 
0 0.28203125 0.34765625 0.0140625 0.0328125 
0 0.2953125 0.33984375 0.0125 0.0328125 
0 0.309375 0.32421875 0.015625 0.0359375 
0 0.32421875 0.31015625 0.0171875 0.0328125 
0 0.36015625 0.359375 0.0265625 0.028125 
0 0.41015625 0.4078125 0.0203125 0.03125 
0 0.28046875 0.4375 0.0328125 0.01875 
0 0.40078125 0.30390625 0.0265625 0.0265625 
0 0.39765625 0.2921875 0.0234375 0.021875 
0 0.44765625 0.2859375 0.0234375 0.025 
0 0.471875 0.31484375 0.015625 0.0328125 
0 0.33671875 0.6609375 0.0328125 0.03125 
0 0.3265625 0.653125 0.03125 0.03125 
0 0.29765625 0.62109375 0.0296875 0.0265625 
0 0.28828125 0.61015625 0.0265625 0.0328125 
0 0.17265625 0.49609375 0.0296875 0.0328125 
0 0.19296875 0.5171875 0.0296875 0.034375 
0 0.2015625 0.52578125 0.03125 0.0296875 
0 0.2140625 0.53515625 0.028125 0.0296875 
0 0.225 0.54453125 0.028125 0.0296875 
0 0.24609375 0.56640625 0.0296875 0.0265625 
0 0.2546875 0.5796875 0.028125 0.03125 
0 0.265625 0.58984375 0.028125 0.0234375 
0 0.27734375 0.60234375 0.0265625 0.0328125 
0 0.43828125 0.3515625 0.0234375 0.025 
0 0.4296875 0.3375 0.025 0.025 
0 0.42265625 0.328125 0.0265625 0.028125 
0 0.84296875 0.5484375 0.0171875 0.028125 
0 0.86171875 0.559375 0.0203125 0.03125 
0 0.90546875 0.59921875 0.0203125 0.0328125 
0 0.93359375 0.61015625 0.0109375 0.0328125 
0 0.95 0.62109375 0.015625 0.0390625 
0 0.96640625 0.6296875 0.0171875 0.040625 
0 0.9828125 0.64921875 0.015625 0.0296875 
0 0.9796875 0.7234375 0.015625 0.028125 
0 0.503125 0.19921875 0.025 0.0390625 
0 0.1875 0.07265625 0.025 0.0328125 
0 0.23671875 0.125 0.0234375 0.03125 
0 0.29296875 0.06171875 0.0234375 0.0296875 
0 0.271875 0.03203125 0.021875 0.0359375 
0 0.28359375 0.04296875 0.0203125 0.0359375 
