0 0.1109375 0.0515625 0.05625 0.040625 
1 0.8453125 0.428125 0.125 0.16875 
1 0.81015625 0.38125 0.0734375 0.090625 
1 0.7296875 0.38203125 0.128125 0.1671875 
1 0.68046875 0.35859375 0.1234375 0.1796875 
1 0.6296875 0.325 0.134375 0.178125 
1 0.58984375 0.30625 0.1234375 0.178125 
1 0.503125 0.271875 0.109375 0.15625 
1 0.4875 0.23046875 0.075 0.0953125 
1 0.41875 0.22578125 0.109375 0.1421875 
0 0.00546875 0.03359375 0.0078125 0.0578125 
0 0.0171875 0.28671875 0.03125 0.0515625 
1 0.0234375 0.26171875 0.04375 0.0453125 
0 0.0328125 0.2375 0.05625 0.04375 
0 0.040625 0.2078125 0.059375 0.053125 
0 0.05703125 0.1828125 0.0578125 0.053125 
0 0.06796875 0.16015625 0.0640625 0.0515625 
1 0.03515625 0.00546875 0.0671875 0.0078125 
0 0.065625 0.12734375 0.06875 0.0484375 
0 0.08203125 0.103125 0.0578125 0.046875 
0 0.096875 0.07890625 0.05625 0.0453125 
0 0.2640625 0.015625 0.0625 0.03125 
0 0.24609375 0.04296875 0.0546875 0.0296875 
0 0.2328125 0.07109375 0.053125 0.0296875 
0 0.0078125 0.50078125 0.0125 0.0265625 
0 0.01875 0.471875 0.034375 0.034375 
0 0.21640625 0.10234375 0.0515625 0.0265625 
0 0.02421875 0.4390625 0.0453125 0.03125 
0 0.04453125 0.40546875 0.0546875 0.0328125 
0 0.06015625 0.36875 0.0578125 0.028125 
0 0.08125 0.34140625 0.05 0.0296875 
0 0.09453125 0.31484375 0.0609375 0.0390625 
0 0.10546875 0.2859375 0.0578125 0.034375 
0 0.12578125 0.25703125 0.0609375 0.0328125 
0 0.1390625 0.22421875 0.05625 0.0328125 
0 0.16328125 0.18828125 0.0609375 0.0265625 
0 0.184375 0.15703125 0.05625 0.0234375 
0 0.196875 0.13125 0.059375 0.03125 
0 0.11640625 0.46640625 0.0640625 0.0546875 
