0 0.03515625 0.66484375 0.0296875 0.0296875 
0 0.10546875 0.80234375 0.0265625 0.0296875 
0 0.11640625 0.8234375 0.0234375 0.0375 
0 0.12734375 0.84375 0.0234375 0.034375 
0 0.1375 0.8578125 0.03125 0.0375 
0 0.15234375 0.8796875 0.0265625 0.03125 
0 0.18359375 0.9515625 0.0234375 0.03125 
0 0.19375 0.9671875 0.021875 0.034375 
0 0.21796875 0.990625 0.0234375 0.01875 
0 0.15859375 0.99375 0.0234375 0.0125 
0 0.15546875 0.97890625 0.0328125 0.0171875 
0 0.0140625 0.7375 0.028125 0.01875 
0 0.0859375 0.8734375 0.025 0.028125 
