0 0.128125 0.94296875 0.053125 0.0609375 
0 0.18359375 0.90234375 0.0671875 0.0609375 
0 0.25234375 0.99296875 0.0578125 0.0140625 
0 0.86796875 0.35390625 0.0546875 0.0484375 
0 0.93046875 0.32421875 0.0515625 0.0484375 
0 0.86015625 0.28046875 0.0484375 0.0390625 
0 0.8 0.24921875 0.053125 0.0453125 
0 0.5984375 0.378125 0.053125 0.05625 
0 0.61015625 0.23125 0.0578125 0.053125 
0 0.08046875 0.025 0.0609375 0.046875 
0 0.0359375 0.01328125 0.04375 0.0234375 
0 0.9265625 0.38203125 0.05625 0.0453125 
0 0.9890625 0.421875 0.021875 0.03125 
