0 0.64453125 0.06875 0.0484375 0.046875 
0 0.6125 0.08203125 0.05 0.0546875 
0 0.590625 0.1078125 0.059375 0.053125 
0 0.58203125 0.128125 0.0578125 0.053125 
0 0.5546875 0.1546875 0.0625 0.05625 
0 0.59921875 0.18046875 0.0578125 0.0546875 
0 0.6171875 0.15546875 0.0625 0.0578125 
0 0.6390625 0.1375 0.059375 0.05625 
0 0.65859375 0.10859375 0.0640625 0.0578125 
0 0.340625 0.19453125 0.05625 0.0390625 
0 0.35625 0.121875 0.053125 0.05 
0 0.36796875 0.08203125 0.0609375 0.0546875 
0 0.3859375 0.05234375 0.0625 0.0484375 
0 0.39296875 0.021875 0.0640625 0.040625 
0 0.6640625 0.02109375 0.05625 0.0390625 
0 0.65390625 0.04296875 0.0546875 0.0421875 
0 0.77421875 0.90703125 0.0921875 0.0796875 
