0 0.4265625 0.01796875 0.025 0.0328125 
0 0.44375 0.025 0.01875 0.028125 
0 0.45390625 0.03125 0.0234375 0.025 
0 0.48046875 0.05078125 0.0296875 0.0265625 
0 0.49609375 0.06015625 0.0265625 0.0296875 
0 0.70546875 0.278125 0.0265625 0.03125 
0 0.69375 0.26875 0.028125 0.028125 
0 0.66640625 0.2546875 0.0265625 0.034375 
0 0.65546875 0.24375 0.0296875 0.034375 
0 0.5171875 0.521875 0.03125 0.028125 
0 0.50625 0.53359375 0.028125 0.0265625 
0 0.49765625 0.553125 0.0328125 0.025 
0 0.49140625 0.57265625 0.0265625 0.0140625 
0 0.4890625 0.590625 0.03125 0.0125 
0 0.49140625 0.60234375 0.0296875 0.0171875 
0 0.49296875 0.6328125 0.0265625 0.015625 
0 0.4796875 0.6484375 0.028125 0.015625 
0 0.484375 0.6671875 0.025 0.0125 
0 0.48828125 0.68203125 0.0265625 0.0140625 
0 0.48984375 0.69765625 0.0265625 0.0140625 
0 0.546875 0.63984375 0.03125 0.0203125 
0 0.54921875 0.62578125 0.0328125 0.0140625 
0 0.73984375 0.2984375 0.0296875 0.03125 
0 0.7734375 0.23671875 0.028125 0.0359375 
0 0.7625 0.225 0.028125 0.03125 
0 0.4578125 0.12265625 0.028125 0.0359375 
0 0.5484375 0.05859375 0.028125 0.0171875 
0 0.365625 0.065625 0.03125 0.034375 
0 0.3796875 0.07109375 0.028125 0.0359375 
0 0.39453125 0.078125 0.0265625 0.03125 
0 0.41875 0.09375 0.025 0.03125 
0 0.4328125 0.1046875 0.028125 0.03125 
0 0.44453125 0.11328125 0.0265625 0.0296875 
0 0.73203125 0.0265625 0.0328125 0.021875 
0 0.728125 0.209375 0.025 0.03125 
0 0.71171875 0.0625 0.0265625 0.015625 
0 0.703125 0.078125 0.028125 0.01875 
0 0.6859375 0.09453125 0.028125 0.0140625 
0 0.6765625 0.11328125 0.025 0.0203125 
0 0.66875 0.13046875 0.025 0.0171875 
0 0.7015625 0.1921875 0.028125 0.03125 
0 0.71484375 0.20078125 0.0265625 0.0328125 
0 0.55 0.596875 0.025 0.01875 
0 0.5640625 0.57578125 0.025 0.0234375 
0 0.57734375 0.5859375 0.0234375 0.03125 
0 0.58984375 0.59140625 0.0265625 0.0328125 
0 0.603125 0.5984375 0.03125 0.034375 
0 0.6171875 0.6078125 0.03125 0.034375 
