0 0.59375 0.021875 0.028125 0.021875 
0 0.5875 0.009375 0.028125 0.015625 
0 0.2 0.89375 0.025 0.021875 
0 0.309375 0.8421875 0.01875 0.028125 
0 0.3484375 0.81328125 0.01875 0.0296875 
0 0.36796875 0.809375 0.0171875 0.034375 
0 0.37890625 0.77421875 0.0234375 0.0296875 
0 0.4015625 0.77265625 0.028125 0.0234375 
0 0.41640625 0.765625 0.0265625 0.03125 
0 0.44375 0.75390625 0.03125 0.0296875 
0 0.465625 0.740625 0.028125 0.025 
0 0.4765625 0.72890625 0.03125 0.0265625 
0 0.4875 0.71796875 0.0375 0.0296875 
0 0.5015625 0.70625 0.03125 0.028125 
0 0.5078125 0.690625 0.0375 0.028125 
0 0.51953125 0.68125 0.0328125 0.028125 
0 0.528125 0.66484375 0.03125 0.0296875 
0 0.5453125 0.64921875 0.03125 0.0140625 
0 0.5046875 0.009375 0.025 0.015625 
0 0.4703125 0.0078125 0.03125 0.0125 
0 0.47578125 0.01796875 0.0265625 0.0234375 
0 0.5546875 0.63359375 0.03125 0.0140625 
0 0.2375 0.07578125 0.01875 0.0265625 
0 0.2328125 0.03359375 0.01875 0.0296875 
0 0.221875 0.0109375 0.01875 0.01875 
0 0.31640625 0.1046875 0.0296875 0.025 
0 0.31015625 0.0921875 0.0296875 0.021875 
0 0.303125 0.0765625 0.03125 0.025 
0 0.2921875 0.05546875 0.03125 0.0203125 
0 0.28046875 0.03828125 0.0265625 0.0203125 
0 0.278125 0.01875 0.034375 0.025 
0 0.265625 0.009375 0.03125 0.015625 
0 0.2625 0.11953125 0.021875 0.0234375 
0 0.12734375 0.08515625 0.0203125 0.0265625 
0 0.92265625 0.0109375 0.0328125 0.01875 
0 0.6703125 0.1609375 0.040625 0.034375 
0 0.55546875 0.6171875 0.0296875 0.01875 
0 0.5578125 0.59921875 0.03125 0.0140625 
0 0.41015625 0.95625 0.0328125 0.021875 
0 0.5625 0.5421875 0.028125 0.0125 
0 0.56015625 0.52890625 0.0296875 0.0171875 
0 0.78359375 0.275 0.0328125 0.028125 
0 0.80234375 0.25546875 0.0296875 0.0234375 
0 0.82578125 0.23828125 0.0328125 0.0328125 
0 0.88515625 0.0390625 0.0296875 0.025 
0 0.8875 0.18984375 0.028125 0.0265625 
0 0.921875 0.1625 0.028125 0.028125 
0 0.94375 0.1421875 0.034375 0.028125 
0 0.9953125 0.0859375 0.009375 0.028125 
0 0.7609375 0.14296875 0.028125 0.0265625 
0 0.8078125 0.10078125 0.028125 0.0234375 
0 0.8546875 0.06640625 0.03125 0.0296875 
0 0.365625 0.0796875 0.028125 0.025 
0 0.35703125 0.065625 0.0234375 0.021875 
0 0.35234375 0.05 0.0234375 0.01875 
0 0.34921875 0.0390625 0.0265625 0.01875 
0 0.3390625 0.0265625 0.028125 0.01875 
0 0.33671875 0.01015625 0.0296875 0.0203125 
0 0.32890625 0.00703125 0.0328125 0.0109375 
0 0.42265625 0.05078125 0.0296875 0.0234375 
0 0.4203125 0.03828125 0.021875 0.0203125 
0 0.41484375 0.02265625 0.0328125 0.0296875 
0 0.40703125 0.0140625 0.0296875 0.028125 
0 0.40078125 0.00546875 0.0328125 0.0078125 
