0 0.85859375 0.28359375 0.0203125 0.0265625 
0 0.871875 0.27421875 0.028125 0.0296875 
0 0.90625 0.2078125 0.0375 0.03125 
0 0.91640625 0.2203125 0.0328125 0.025 
0 0.63515625 0.4640625 0.0203125 0.03125 
0 0.82109375 0.29921875 0.0234375 0.0296875 
0 0.809375 0.30625 0.025 0.028125 
0 0.79765625 0.3140625 0.0265625 0.028125 
0 0.8296875 0.26171875 0.01875 0.0265625 
0 0.77265625 0.328125 0.0265625 0.028125 
0 0.75859375 0.30546875 0.0234375 0.0265625 
0 0.77109375 0.29609375 0.0265625 0.0296875 
0 0.784375 0.29140625 0.021875 0.0328125 
0 0.796875 0.28125 0.025 0.03125 
0 0.80625 0.275 0.021875 0.025 
0 0.81875 0.26875 0.021875 0.025 
0 0.8421875 0.25703125 0.01875 0.0265625 
0 0.784375 0.32109375 0.025 0.0328125 
0 0.8546875 0.25078125 0.025 0.0265625 
0 0.81796875 0.19375 0.0328125 0.028125 
0 0.83203125 0.18515625 0.0328125 0.0265625 
0 0.8421875 0.175 0.028125 0.03125 
0 0.853125 0.1671875 0.028125 0.034375 
0 0.8640625 0.1609375 0.025 0.03125 
0 0.88203125 0.15625 0.0234375 0.03125 
0 0.75546875 0.17421875 0.0265625 0.0296875 
0 0.74375 0.16640625 0.028125 0.0328125 
0 0.7328125 0.1578125 0.028125 0.03125 
0 0.72265625 0.146875 0.0296875 0.03125 
0 0.503125 0.1921875 0.025 0.028125 
0 0.51796875 0.2015625 0.0265625 0.03125 
0 0.5328125 0.21015625 0.025 0.0265625 
0 0.54296875 0.21796875 0.0234375 0.0265625 
0 0.55625 0.2265625 0.021875 0.021875 
0 0.565625 0.2359375 0.025 0.028125 
0 0.584375 0.23671875 0.03125 0.0328125 
0 0.62890625 0.2875 0.0234375 0.028125 
0 0.6421875 0.29453125 0.028125 0.0265625 
0 0.6546875 0.30625 0.025 0.025 
0 0.70625 0.34765625 0.034375 0.0328125 
0 0.725 0.38203125 0.0375 0.0265625 
0 0.615625 0.06953125 0.028125 0.0296875 
0 0.69296875 0.21328125 0.0265625 0.0328125 
0 0.68046875 0.20390625 0.0234375 0.0296875 
0 0.671875 0.19609375 0.021875 0.0296875 
0 0.65859375 0.17890625 0.0234375 0.0265625 
0 0.6453125 0.171875 0.025 0.025 
0 0.6171875 0.13671875 0.021875 0.0265625 
0 0.6015625 0.0578125 0.025 0.034375 
0 0.63125 0.0796875 0.028125 0.028125 
0 0.715625 0.23359375 0.025 0.0265625 
0 0.64296875 0.08984375 0.0234375 0.0265625 
0 0.65546875 0.0953125 0.0265625 0.03125 
0 0.665625 0.10625 0.028125 0.03125 
0 0.6765625 0.11484375 0.028125 0.0296875 
0 0.68984375 0.121875 0.0296875 0.034375 
0 0.7 0.13046875 0.028125 0.0296875 
0 0.7109375 0.1390625 0.028125 0.028125 
0 0.7046875 0.22265625 0.025 0.0296875 
0 0.72890625 0.24765625 0.0203125 0.0265625 
0 0.7328125 0.39453125 0.034375 0.0265625 
0 0.6359375 0.2 0.025 0.028125 
0 0.553125 0.140625 0.025 0.025 
0 0.56796875 0.1484375 0.0265625 0.028125 
0 0.5796875 0.1578125 0.021875 0.025 
0 0.590625 0.165625 0.021875 0.025 
0 0.603125 0.17265625 0.021875 0.0265625 
0 0.615625 0.184375 0.025 0.028125 
0 0.62578125 0.190625 0.0234375 0.025 
0 0.64765625 0.20859375 0.0265625 0.0265625 
0 0.73984375 0.25390625 0.0234375 0.0265625 
0 0.659375 0.21953125 0.01875 0.0203125 
0 0.66875 0.22890625 0.021875 0.0265625 
0 0.67890625 0.23671875 0.0203125 0.0265625 
0 0.6875 0.246875 0.025 0.028125 
0 0.69921875 0.25703125 0.0265625 0.0328125 
0 0.7125 0.26640625 0.025 0.0296875 
0 0.721875 0.2734375 0.021875 0.028125 
