0 0.15703125 0.3953125 0.0265625 0.028125 
0 0.64375 0.565625 0.046875 0.034375 
0 0.59921875 0.540625 0.0453125 0.034375 
0 0.61328125 0.5078125 0.0421875 0.0375 
0 0.83828125 0.6828125 0.0265625 0.0375 
0 0.8671875 0.76015625 0.025 0.0203125 
0 0.2453125 0.10078125 0.03125 0.0359375 
0 0.25625 0.07421875 0.025 0.0296875 
0 0.26484375 0.04765625 0.0296875 0.0328125 
0 0.3484375 0.01171875 0.028125 0.0203125 
0 0.03671875 0.4109375 0.0265625 0.034375 
0 0.0515625 0.41875 0.028125 0.03125 
0 0.39609375 0.68203125 0.0265625 0.0203125 
0 0.35546875 0.665625 0.0390625 0.028125 
0 0.1328125 0.57109375 0.03125 0.0421875 
0 0.32578125 0.65703125 0.0203125 0.0265625 
