0 0.91484375 0.81328125 0.0265625 0.0296875 
0 0.92734375 0.8421875 0.0265625 0.028125 
0 0.95703125 0.89765625 0.0234375 0.0328125 
0 0.90390625 0.5421875 0.0234375 0.028125 
0 0.9375 0.60625 0.025 0.03125 
0 0.95234375 0.63515625 0.0265625 0.0359375 
0 0.978125 0.684375 0.025 0.028125 
0 0.88515625 0.76484375 0.0265625 0.0296875 
0 0.87265625 0.73359375 0.0265625 0.0328125 
0 0.85078125 0.69609375 0.0296875 0.0328125 
0 0.8390625 0.66875 0.025 0.03125 
0 0.7671875 0.50546875 0.01875 0.0296875 
0 0.63046875 0.08125 0.0203125 0.028125 
0 0.62734375 0.2234375 0.0234375 0.028125 
0 0.6390625 0.25 0.028125 0.03125 
0 0.653125 0.27421875 0.021875 0.0265625 
0 0.68984375 0.353125 0.0203125 0.03125 
0 0.7078125 0.384375 0.021875 0.028125 
0 0.75625 0.47734375 0.025 0.0296875 
0 0.7703125 0.53671875 0.021875 0.0265625 
0 0.5828125 0.14140625 0.028125 0.0328125 
0 0.8140625 0.3796875 0.028125 0.03125 
0 0.828125 0.41015625 0.021875 0.0296875 
0 0.840625 0.43203125 0.021875 0.0265625 
0 0.85625 0.4609375 0.021875 0.028125 
0 0.871875 0.48828125 0.025 0.0296875 
0 0.8859375 0.51640625 0.021875 0.0265625 
0 0.81875 0.6375 0.025 0.03125 
0 0.59765625 0.1703125 0.0265625 0.034375 
0 0.56875 0.1125 0.028125 0.028125 
0 0.5546875 0.08671875 0.025 0.0328125 
1 0.50859375 0.01875 0.0453125 0.034375 
1 0.41484375 0.01875 0.0546875 0.034375 
1 0.29453125 0.00546875 0.0578125 0.0078125 
1 0.303125 0.01328125 0.059375 0.0234375 
0 0.5421875 0.0609375 0.025 0.028125 
0 0.97109375 0.92890625 0.0203125 0.0265625 
