0 0.02578125 0.3703125 0.0484375 0.071875 
0 0.0328125 0.33125 0.059375 0.05625 
0 0.06171875 0.30078125 0.0578125 0.0609375 
0 0.0765625 0.26953125 0.053125 0.0515625 
0 0.08828125 0.2359375 0.0484375 0.05 
0 0.10234375 0.21875 0.0484375 0.05 
0 0.11328125 0.184375 0.0546875 0.05 
0 0.29453125 0.1328125 0.0640625 0.078125 
0 0.31953125 0.078125 0.0609375 0.03125 
0 0.34140625 0.0453125 0.0578125 0.028125 
0 0.353125 0.01796875 0.053125 0.0296875 
0 0.13515625 0.15546875 0.0546875 0.0609375 
0 0.1671875 0.0890625 0.053125 0.059375 
0 0.18359375 0.06796875 0.0359375 0.0515625 
0 0.19375 0.0375 0.053125 0.05625 
0 0.21171875 0.0203125 0.0453125 0.0375 
0 0.22421875 0.0078125 0.0453125 0.0125 
0 0.3046875 0.775 0.028125 0.0625 
0 0.27421875 0.76796875 0.0265625 0.0609375 
0 0.2421875 0.7421875 0.0375 0.05625 
0 0.21875 0.73046875 0.025 0.0578125 
0 0.184375 0.7140625 0.03125 0.065625 
0 0.159375 0.6953125 0.025 0.0625 
0 0.13359375 0.67734375 0.0296875 0.0515625 
0 0.0171875 0.60390625 0.03125 0.0640625 
0 0.00703125 0.590625 0.0109375 0.059375 
0 0.70234375 0.9234375 0.0578125 0.05 
0 0.9890625 0.1640625 0.021875 0.040625 
0 0.40703125 0.8203125 0.0640625 0.05625 
0 0.92421875 0.34609375 0.0515625 0.0296875 
0 0.9390625 0.315625 0.06875 0.05 
0 0.98203125 0.196875 0.0359375 0.04375 
