0 0.1375 0.0171875 0.03125 0.03125 
0 0.15234375 0.0359375 0.0265625 0.03125 
0 0.18359375 0.1078125 0.0234375 0.03125 
0 0.19375 0.1234375 0.021875 0.034375 
0 0.21796875 0.1546875 0.0234375 0.034375 
0 0.184375 0.20234375 0.03125 0.0171875 
0 0.18046875 0.1859375 0.0234375 0.015625 
0 0.16796875 0.17109375 0.0234375 0.0171875 
0 0.15859375 0.15078125 0.0234375 0.0140625 
0 0.15546875 0.13515625 0.0328125 0.0171875 
0 0.1828125 0.3625 0.025 0.028125 
0 0.196875 0.353125 0.028125 0.034375 
0 0.09609375 0.340625 0.0140625 0.028125 
0 0.06640625 0.30234375 0.0203125 0.0296875 
0 0.11796875 0.453125 0.0234375 0.03125 
0 0.03515625 0.3359375 0.0296875 0.015625 
0 0.0859375 0.0296875 0.025 0.028125 
0 0.2203125 0.5859375 0.021875 0.028125 
0 0.29609375 0.6859375 0.0234375 0.03125 
0 0.5140625 0.9734375 0.028125 0.0375 
0 0.58671875 0.99453125 0.0265625 0.0109375 
0 0.58828125 0.940625 0.0296875 0.021875 
0 0.62109375 0.9859375 0.0296875 0.01875 
0 0.5796875 0.97734375 0.034375 0.0171875 
