0 0.8453125 0.71640625 0.021875 0.0296875 
0 0.85859375 0.71171875 0.0203125 0.0265625 
0 0.871875 0.70234375 0.028125 0.0296875 
0 0.90625 0.6359375 0.0375 0.03125 
0 0.91640625 0.6484375 0.0328125 0.025 
0 0.97109375 0.378125 0.0390625 0.03125 
0 0.63515625 0.8921875 0.0203125 0.03125 
0 0.9578125 0.303125 0.03125 0.03125 
0 0.8828125 0.31796875 0.028125 0.0296875 
0 0.815625 0.2921875 0.0375 0.034375 
0 0.82109375 0.72734375 0.0234375 0.0296875 
0 0.809375 0.734375 0.025 0.028125 
0 0.79765625 0.7421875 0.0265625 0.028125 
0 0.8296875 0.68984375 0.01875 0.0265625 
0 0.77265625 0.75625 0.0265625 0.028125 
0 0.75859375 0.73359375 0.0234375 0.0265625 
0 0.77109375 0.72421875 0.0265625 0.0296875 
0 0.784375 0.71953125 0.021875 0.0328125 
0 0.796875 0.709375 0.025 0.03125 
0 0.80625 0.703125 0.021875 0.025 
0 0.81875 0.696875 0.021875 0.025 
0 0.8421875 0.68515625 0.01875 0.0265625 
0 0.784375 0.74921875 0.025 0.0328125 
0 0.8546875 0.67890625 0.025 0.0265625 
0 0.81796875 0.621875 0.0328125 0.028125 
0 0.83203125 0.61328125 0.0328125 0.0265625 
0 0.8421875 0.603125 0.028125 0.03125 
0 0.853125 0.5953125 0.028125 0.034375 
0 0.8640625 0.5890625 0.025 0.03125 
0 0.88203125 0.584375 0.0234375 0.03125 
0 0.80546875 0.234375 0.0328125 0.03125 
0 0.60390625 0.0671875 0.0328125 0.03125 
0 0.59453125 0.0109375 0.0328125 0.01875 
0 0.75546875 0.60234375 0.0265625 0.0296875 
0 0.74375 0.59453125 0.028125 0.0328125 
0 0.7328125 0.5859375 0.028125 0.03125 
0 0.72265625 0.575 0.0296875 0.03125 
0 0.503125 0.6203125 0.025 0.028125 
0 0.51796875 0.6296875 0.0265625 0.03125 
0 0.5328125 0.63828125 0.025 0.0265625 
0 0.54296875 0.64609375 0.0234375 0.0265625 
0 0.55625 0.6546875 0.021875 0.021875 
0 0.565625 0.6640625 0.025 0.028125 
0 0.584375 0.66484375 0.03125 0.0328125 
0 0.62890625 0.715625 0.0234375 0.028125 
0 0.6421875 0.72265625 0.028125 0.0265625 
0 0.6546875 0.734375 0.025 0.025 
0 0.70625 0.77578125 0.034375 0.0328125 
0 0.725 0.81015625 0.0375 0.0265625 
0 0.615625 0.49765625 0.028125 0.0296875 
0 0.69296875 0.64140625 0.0265625 0.0328125 
0 0.68046875 0.63203125 0.0234375 0.0296875 
0 0.671875 0.62421875 0.021875 0.0296875 
0 0.65859375 0.60703125 0.0234375 0.0265625 
0 0.6453125 0.6 0.025 0.025 
0 0.6171875 0.56484375 0.021875 0.0265625 
0 0.6015625 0.4859375 0.025 0.034375 
0 0.63125 0.5078125 0.028125 0.028125 
0 0.715625 0.66171875 0.025 0.0265625 
0 0.64296875 0.51796875 0.0234375 0.0265625 
0 0.65546875 0.5234375 0.0265625 0.03125 
0 0.665625 0.534375 0.028125 0.03125 
0 0.6765625 0.54296875 0.028125 0.0296875 
0 0.68984375 0.55 0.0296875 0.034375 
0 0.7 0.55859375 0.028125 0.0296875 
0 0.7109375 0.5671875 0.028125 0.028125 
0 0.7046875 0.65078125 0.025 0.0296875 
0 0.72890625 0.67578125 0.0203125 0.0265625 
0 0.7328125 0.82265625 0.034375 0.0265625 
0 0.6359375 0.628125 0.025 0.028125 
0 0.553125 0.56875 0.025 0.025 
0 0.56796875 0.5765625 0.0265625 0.028125 
0 0.5796875 0.5859375 0.021875 0.025 
0 0.590625 0.59375 0.021875 0.025 
0 0.603125 0.60078125 0.021875 0.0265625 
0 0.615625 0.6125 0.025 0.028125 
0 0.62578125 0.61875 0.0234375 0.025 
0 0.64765625 0.63671875 0.0265625 0.0265625 
0 0.73984375 0.68203125 0.0234375 0.0265625 
0 0.659375 0.64765625 0.01875 0.0203125 
0 0.66875 0.65703125 0.021875 0.0265625 
0 0.67890625 0.66484375 0.0203125 0.0265625 
0 0.6875 0.675 0.025 0.028125 
0 0.69921875 0.68515625 0.0265625 0.0328125 
0 0.7125 0.69453125 0.025 0.0296875 
0 0.721875 0.7015625 0.021875 0.028125 
