0 0.04296875 0.43203125 0.0484375 0.0453125 
0 0.06484375 0.41484375 0.0453125 0.0546875 
0 0.1046875 0.35 0.053125 0.040625 
0 0.11171875 0.315625 0.0421875 0.034375 
0 0.121875 0.2796875 0.05 0.021875 
0 0.1125 0.24921875 0.046875 0.0390625 
0 0.0953125 0.2265625 0.05 0.04375 
0 0.2296875 0.13515625 0.0625 0.0484375 
0 0.21015625 0.10625 0.0546875 0.046875 
0 0.1953125 0.0859375 0.05625 0.046875 
0 0.01015625 0.07734375 0.0171875 0.0578125 
0 0.93671875 0.05390625 0.0640625 0.0671875 
0 0.77578125 0.1359375 0.0515625 0.053125 
0 0.6515625 0.21484375 0.059375 0.0640625 
0 0.61875 0.2359375 0.05 0.053125 
0 0.5953125 0.253125 0.05 0.053125 
0 0.56640625 0.265625 0.0515625 0.05 
0 0.31171875 0.28984375 0.0609375 0.0421875 
0 0.29609375 0.26875 0.0578125 0.046875 
0 0.28671875 0.24296875 0.0578125 0.0484375 
0 0.353125 0.40234375 0.059375 0.0515625 
0 0.325 0.41640625 0.04375 0.0421875 
0 0.303125 0.43125 0.046875 0.046875 
0 0.278125 0.44609375 0.05 0.0484375 
0 0.25546875 0.46328125 0.0484375 0.0484375 
0 0.23046875 0.4796875 0.0515625 0.046875 
0 0.196875 0.5 0.053125 0.046875 
0 0.08359375 0.55390625 0.0640625 0.0328125 
0 0.02265625 0.5640625 0.0421875 0.01875 
0 0.86171875 0.10234375 0.0546875 0.0578125 
0 0.95 0.034375 0.078125 0.065625 
