0 0.63828125 0.646875 0.0359375 0.03125 
0 0.66171875 0.63203125 0.0265625 0.0265625 
0 0.68125 0.61640625 0.028125 0.0265625 
0 0.70390625 0.6015625 0.0328125 0.028125 
0 0.72578125 0.58828125 0.0296875 0.0234375 
0 0.74921875 0.57109375 0.0296875 0.0234375 
0 0.803125 0.53515625 0.03125 0.0296875 
0 0.825 0.52109375 0.025 0.0234375 
0 0.84765625 0.50546875 0.0296875 0.0265625 
0 0.875 0.48984375 0.028125 0.0234375 
0 0.89765625 0.4734375 0.0265625 0.025 
0 0.94296875 0.48125 0.0265625 0.025 
0 0.34765625 0.4234375 0.0265625 0.01875 
0 0.40703125 0.44140625 0.0265625 0.0234375 
0 0.3515625 0.409375 0.034375 0.025 
0 0.359375 0.39609375 0.028125 0.0265625 
0 0.58828125 0.68359375 0.0296875 0.0265625 
0 0.56171875 0.696875 0.0265625 0.025 
0 0.33671875 0.84765625 0.0296875 0.0296875 
0 0.36328125 0.834375 0.0296875 0.028125 
0 0.38515625 0.81796875 0.0296875 0.0265625 
0 0.53828125 0.71640625 0.0328125 0.0265625 
0 0.3671875 0.38359375 0.028125 0.0234375 
0 0.4125 0.4296875 0.028125 0.028125 
0 0.67109375 0.06171875 0.0203125 0.0328125 
0 0.65546875 0.03125 0.0328125 0.021875 
