0 0.38671875 0.628125 0.0578125 0.05 
0 0.36328125 0.60390625 0.0578125 0.0515625 
0 0.34140625 0.5890625 0.0578125 0.053125 
0 0.32578125 0.5671875 0.0640625 0.059375 
0 0.30078125 0.546875 0.0609375 0.053125 
0 0.28125 0.52265625 0.05625 0.0609375 
0 0.26328125 0.5046875 0.0609375 0.059375 
0 0.23828125 0.48125 0.0578125 0.0625 
0 0.21953125 0.46171875 0.0609375 0.0578125 
0 0.1984375 0.44921875 0.05 0.0578125 
0 0.178125 0.42578125 0.05625 0.0640625 
0 0.44140625 0.37734375 0.0484375 0.0640625 
0 0.4109375 0.36171875 0.04375 0.0578125 
0 0.4890625 0.40703125 0.053125 0.0640625 
0 0.54140625 0.4390625 0.0546875 0.0625 
0 0.509375 0.48671875 0.04375 0.0640625 
0 0.478125 0.48125 0.04375 0.053125 
0 0.46015625 0.45703125 0.0484375 0.0578125 
0 0.43046875 0.43671875 0.0546875 0.0609375 
0 0.4046875 0.4234375 0.046875 0.05625 
0 0.38359375 0.41171875 0.0546875 0.0640625 
0 0.359375 0.396875 0.046875 0.05625 
0 0.33984375 0.3796875 0.0390625 0.053125 
0 0.31171875 0.36953125 0.0390625 0.0515625 
0 0.3328125 0.315625 0.046875 0.05625 
0 0.27734375 0.29609375 0.0546875 0.0671875 
0 0.26484375 0.26875 0.0546875 0.0625 
0 0.50859375 0.24296875 0.0515625 0.0546875 
0 0.45859375 0.1609375 0.0421875 0.053125 
0 0.40625 0.19921875 0.05 0.0578125 
0 0.30859375 0.06328125 0.0453125 0.0515625 
0 0.2515625 0.04296875 0.059375 0.0734375 
0 0.20625 0.021875 0.059375 0.040625 
0 0.17109375 0.0734375 0.0546875 0.0625 
0 0.1453125 0.05703125 0.053125 0.0609375 
0 0.11953125 0.04140625 0.0484375 0.0671875 
0 0.15078125 0.00703125 0.0546875 0.0109375 
0 0.83828125 0.15546875 0.0578125 0.0671875 
0 0.7390625 0.09453125 0.05 0.0640625 
0 0.71796875 0.1484375 0.0484375 0.05625 
0 0.49921875 0.03203125 0.0515625 0.0609375 
0 0.41796875 0.0125 0.0484375 0.021875 
0 0.81328125 0.01171875 0.0546875 0.0203125 
0 0.53671875 0.271875 0.0546875 0.059375 
0 0.5609375 0.215625 0.065625 0.078125 
0 0.56171875 0.2796875 0.0484375 0.05625 
0 0.23515625 0.25859375 0.0484375 0.0609375 
0 0.175 0.23515625 0.053125 0.0546875 
0 0.15703125 0.4046875 0.0578125 0.059375 
0 0.11640625 0.35703125 0.0640625 0.0640625 
0 0.09296875 0.3453125 0.0578125 0.059375 
0 0.06875 0.31953125 0.0625 0.0578125 
0 0.05390625 0.29140625 0.0609375 0.0609375 
0 0.02734375 0.28046875 0.0515625 0.0578125 
0 0.01796875 0.26015625 0.0328125 0.0703125 
0 0.6109375 0.3078125 0.040625 0.053125 
0 0.98984375 0.4578125 0.0203125 0.065625 
0 0.975 0.44296875 0.046875 0.0640625 
0 0.94921875 0.4296875 0.0421875 0.05625 
0 0.92421875 0.41484375 0.0453125 0.0546875 
0 0.87578125 0.38671875 0.0453125 0.0546875 
0 0.74609375 0.3171875 0.0515625 0.059375 
0 0.6296875 0.32890625 0.04375 0.0578125 
