0 0.040625 0.7203125 0.03125 0.01875 
0 0.03984375 0.69921875 0.0328125 0.0234375 
0 0.04296875 0.66484375 0.0390625 0.0234375 
0 0.03671875 0.75390625 0.0296875 0.0171875 
0 0.01171875 0.67890625 0.0203125 0.0171875 
0 0.0125 0.7015625 0.021875 0.021875 
0 0.01171875 0.71640625 0.0203125 0.0171875 
0 0.01171875 0.73671875 0.0203125 0.0140625 
0 0.009375 0.7515625 0.015625 0.015625 
0 0.009375 0.76875 0.015625 0.01875 
0 0.03359375 0.771875 0.0328125 0.015625 
0 0.03671875 0.79453125 0.0296875 0.0203125 
0 0.04140625 0.7375 0.0296875 0.01875 
0 0.009375 0.7875 0.015625 0.015625 
0 0.01015625 0.809375 0.0171875 0.01875 
0 0.0375 0.8140625 0.03125 0.01875 
0 0.9359375 0.9875 0.0375 0.025 
0 0.89453125 0.98515625 0.0296875 0.0296875 
0 0.99296875 0.7 0.0140625 0.040625 
0 0.9640625 0.696875 0.034375 0.034375 
0 0.01015625 0.82734375 0.0171875 0.0171875 
0 0.21640625 0.76640625 0.0421875 0.0234375 
0 0.3109375 0.4421875 0.01875 0.034375 
0 0.225 0.6390625 0.0375 0.01875 
0 0.22421875 0.659375 0.0453125 0.021875 
0 0.2171875 0.6765625 0.034375 0.021875 
0 0.2140625 0.6953125 0.0375 0.01875 
0 0.215625 0.7125 0.034375 0.015625 
0 0.22109375 0.7265625 0.0328125 0.015625 
0 0.21875 0.746875 0.0375 0.01875 
0 0.21484375 0.78515625 0.0359375 0.0203125 
0 0.2546875 0.43984375 0.021875 0.0421875 
0 0.2171875 0.80625 0.040625 0.01875 
0 0.3 0.8109375 0.034375 0.015625 
0 0.3015625 0.78828125 0.040625 0.0140625 
0 0.30546875 0.771875 0.0390625 0.015625 
0 0.30625 0.75390625 0.040625 0.0171875 
0 0.30390625 0.7328125 0.0390625 0.021875 
0 0.30546875 0.7171875 0.0390625 0.015625 
0 0.303125 0.70078125 0.0375 0.0203125 
0 0.27421875 0.43828125 0.0171875 0.0328125 
0 0.2375 0.440625 0.01875 0.0375 
0 0.01171875 0.84453125 0.0203125 0.0171875 
0 0.0078125 0.8625 0.0125 0.01875 
0 0.00859375 0.88203125 0.0140625 0.0203125 
0 0.0375 0.84453125 0.0375 0.0171875 
0 0.0328125 0.86484375 0.040625 0.0203125 
0 0.03359375 0.88359375 0.0390625 0.0140625 
0 0.01484375 0.9625 0.0265625 0.01875 
0 0.21953125 0.4359375 0.0203125 0.0375 
0 0.0078125 0.55546875 0.0125 0.0296875 
0 0.025 0.55390625 0.01875 0.0296875 
0 0.04140625 0.553125 0.0203125 0.03125 
0 0.0625 0.5546875 0.01875 0.034375 
0 0.08046875 0.55546875 0.0171875 0.0359375 
0 0.10078125 0.559375 0.0203125 0.040625 
0 0.3109375 0.6796875 0.034375 0.028125 
0 0.30546875 0.66015625 0.0453125 0.0234375 
0 0.30625 0.6421875 0.04375 0.034375 
0 0.5140625 0.853125 0.040625 0.01875 
0 0.509375 0.9234375 0.034375 0.01875 
0 0.50859375 0.94375 0.0296875 0.01875 
0 0.5328125 0.9921875 0.034375 0.015625 
0 0.34296875 0.6671875 0.0328125 0.015625 
0 0.63671875 0.7078125 0.0390625 0.025 
0 0.63828125 0.65859375 0.0328125 0.0203125 
0 0.41953125 0.81484375 0.0359375 0.0265625 
0 0.421875 0.72265625 0.034375 0.0203125 
0 0.3390625 0.684375 0.034375 0.015625 
0 0.34296875 0.73671875 0.0296875 0.0171875 
0 0.340625 0.81171875 0.040625 0.0203125 
0 0.25703125 0.528125 0.0171875 0.0375 
0 0.2796875 0.528125 0.01875 0.0375 
0 0.334375 0.53671875 0.015625 0.0359375 
0 0.41875 0.64609375 0.034375 0.0203125 
