0 0.85546875 0.43046875 0.0203125 0.0359375 
0 0.87578125 0.74609375 0.0359375 0.0203125 
0 0.79765625 0.70859375 0.0328125 0.0203125 
0 0.76015625 0.7078125 0.0359375 0.01875 
0 0.75625 0.7265625 0.034375 0.015625 
0 0.796875 0.728125 0.040625 0.015625 
0 0.79296875 0.7453125 0.0328125 0.01875 
0 0.75703125 0.74453125 0.0328125 0.0140625 
0 0.7546875 0.7640625 0.03125 0.01875 
0 0.7890625 0.7640625 0.034375 0.015625 
0 0.875 0.73046875 0.0375 0.0171875 
0 0.9078125 0.7109375 0.040625 0.021875 
0 0.91015625 0.72890625 0.0296875 0.0203125 
0 0.9140625 0.7484375 0.0375 0.01875 
0 0.875 0.76875 0.03125 0.01875 
0 0.75078125 0.6875 0.0453125 0.01875 
0 0.796875 0.6890625 0.034375 0.015625 
0 0.79765625 0.6734375 0.0453125 0.01875 
0 0.3015625 0.21015625 0.015625 0.0421875 
0 0.14921875 0.17109375 0.0421875 0.0328125 
0 0.08515625 0.32734375 0.0203125 0.0390625 
0 0.26953125 0.215625 0.0171875 0.034375 
0 0.153125 0.21015625 0.021875 0.0421875 
0 0.1515625 0.3 0.021875 0.04375 
0 0.18359375 0.30390625 0.0171875 0.0359375 
0 0.209375 0.30703125 0.021875 0.0328125 
0 0.23046875 0.30546875 0.0234375 0.0421875 
0 0.265625 0.30234375 0.01875 0.0359375 
0 0.36484375 0.34609375 0.0171875 0.0390625 
0 0.38515625 0.3109375 0.0203125 0.034375 
0 0.475 0.31484375 0.034375 0.0171875 
0 0.38828125 0.34765625 0.0203125 0.0328125 
0 0.47265625 0.38046875 0.0390625 0.0234375 
0 0.78984375 0.64921875 0.0421875 0.0203125 
0 0.63125 0.74609375 0.034375 0.0203125 
0 0.53984375 0.75859375 0.0328125 0.0171875 
0 0.58671875 0.65625 0.0234375 0.040625 
0 0.60703125 0.65703125 0.0203125 0.0390625 
0 0.64375 0.65625 0.025 0.034375 
0 0.6625 0.65859375 0.015625 0.0359375 
0 0.6796875 0.65859375 0.01875 0.0359375 
0 0.69921875 0.66171875 0.0203125 0.0390625 
0 0.53984375 0.80546875 0.0390625 0.0296875 
0 0.6328125 0.7625 0.03125 0.0125 
0 0.6265625 0.778125 0.034375 0.01875 
0 0.6265625 0.80234375 0.034375 0.0140625 
0 0.63828125 0.83828125 0.0421875 0.0171875 
0 0.628125 0.8171875 0.03125 0.01875 
0 0.6640625 0.7984375 0.0375 0.021875 
0 0.6703125 0.78203125 0.03125 0.0109375 
0 0.671875 0.7640625 0.034375 0.01875 
0 0.66796875 0.746875 0.0328125 0.015625 
0 0.54765625 0.7171875 0.0390625 0.01875 
0 0.4703125 0.43125 0.040625 0.021875 
