0 0.07890625 0.43125 0.0203125 0.034375 
0 0.01171875 0.43046875 0.0203125 0.0359375 
0 0.03203125 0.74609375 0.0359375 0.0203125 
0 0.03125 0.73046875 0.0375 0.0171875 
0 0.0640625 0.7109375 0.040625 0.021875 
0 0.06640625 0.72890625 0.0296875 0.0203125 
0 0.0703125 0.7484375 0.0375 0.01875 
0 0.03125 0.76875 0.03125 0.01875 
0 0.3875 0.81640625 0.03125 0.0203125 
0 0.415625 0.6796875 0.034375 0.021875 
0 0.3125 0.72421875 0.021875 0.0453125 
0 0.67734375 0.86484375 0.0328125 0.0296875 
0 0.67890625 0.84140625 0.0390625 0.0328125 
0 0.4375 0.00546875 0.034375 0.0078125 
0 0.85234375 0.025 0.0390625 0.01875 
0 0.490625 0.7625 0.04375 0.021875 
0 0.54296875 0.85 0.0328125 0.034375 
0 0.56484375 0.85390625 0.0296875 0.0390625 
0 0.5875 0.85234375 0.034375 0.0359375 
0 0.6828125 0.70703125 0.034375 0.0296875 
0 0.68671875 0.7296875 0.0390625 0.03125 
0 0.68359375 0.753125 0.0359375 0.028125 
0 0.68046875 0.77890625 0.0359375 0.0328125 
0 0.68203125 0.80234375 0.0390625 0.0328125 
