0 0.45703125 0.66640625 0.0515625 0.0203125 
0 0.93125 0.8765625 0.021875 0.0375 
0 0.765625 0.91484375 0.021875 0.0390625 
0 0.73046875 0.909375 0.0234375 0.040625 
0 0.690625 0.90859375 0.015625 0.0390625 
0 0.65625 0.90078125 0.05 0.0203125 
0 0.65234375 0.88203125 0.0421875 0.0234375 
0 0.6609375 0.8625 0.034375 0.01875 
0 0.44921875 0.64921875 0.0515625 0.0203125 
0 0.2734375 0.34453125 0.040625 0.0359375 
0 0.15546875 0.1671875 0.0203125 0.04375 
0 0.115625 0.16796875 0.025 0.0421875 
0 0.06171875 0.42421875 0.0203125 0.0421875 
0 0.19765625 0.33828125 0.0390625 0.0328125 
1 0.48046875 0.53828125 0.1265625 0.0203125 
0 0.06015625 0.98515625 0.0203125 0.0296875 
0 0.090625 0.9875 0.015625 0.025 
0 0.17578125 0.990625 0.0203125 0.01875 
0 0.19140625 0.98828125 0.0140625 0.0234375 
0 0.22734375 0.9890625 0.0203125 0.021875 
0 0.175 0.16953125 0.021875 0.0421875 
0 0.1984375 0.19609375 0.0375 0.0171875 
0 0.2015625 0.2546875 0.05 0.034375 
0 0.7421875 0.13125 0.025 0.034375 
0 0.54375 0.0359375 0.025 0.04375 
