0 0.31875 0.78125 0.025 0.0375 
0 0.1796875 0.7796875 0.034375 0.0375 
0 0.30625 0.98828125 0.028125 0.0234375 
0 0.18828125 0.9875 0.0359375 0.025 
0 0.0921875 0.9875 0.0375 0.025 
0 0.05078125 0.98515625 0.0296875 0.0296875 
0 0.165625 0.7 0.046875 0.040625 
0 0.784375 0.70703125 0.021875 0.0265625 
0 0.82109375 0.709375 0.0234375 0.034375 
0 0.86015625 0.70703125 0.0171875 0.0390625 
0 0.9109375 0.71484375 0.021875 0.0359375 
0 0.8578125 0.81015625 0.028125 0.0515625 
0 0.825 0.81171875 0.021875 0.0578125 
0 0.184375 0.6984375 0.03125 0.03125 
0 0.1203125 0.696875 0.034375 0.034375 
0 0.63515625 0.8515625 0.0453125 0.01875 
0 0.73984375 0.4296875 0.0171875 0.034375 
1 0.8375 0.50390625 0.034375 0.0203125 
0 0.83671875 0.46171875 0.0359375 0.0203125 
0 0.72109375 0.43203125 0.0171875 0.0421875 
0 0.3703125 0.64609375 0.03125 0.0171875 
0 0.7046875 0.43046875 0.01875 0.0390625 
0 0.68359375 0.43125 0.0234375 0.040625 
0 0.19140625 0.53984375 0.0171875 0.0328125 
0 0.2234375 0.525 0.021875 0.040625 
0 0.3796875 0.553125 0.040625 0.01875 
0 0.37421875 0.59453125 0.0359375 0.0171875 
0 0.3734375 0.6140625 0.0375 0.015625 
0 0.371875 0.62734375 0.03125 0.0171875 
0 0.74765625 0.8078125 0.0203125 0.059375 
0 0.6359375 0.86953125 0.040625 0.0109375 
0 0.6421875 0.8890625 0.025 0.01875 
0 0.6328125 0.90703125 0.0375 0.0171875 
0 0.63125 0.9453125 0.04375 0.015625 
0 0.63125 0.97578125 0.04375 0.0234375 
