0 0.75078125 0.0671875 0.0296875 0.0375 
0 0.73203125 0.075 0.0328125 0.03125 
0 0.7828125 0.05390625 0.03125 0.0359375 
0 0.73125 0.2828125 0.028125 0.034375 
0 0.546875 0.04375 0.03125 0.04375 
0 0.52265625 0.0703125 0.0296875 0.028125 
0 0.50078125 0.06953125 0.0296875 0.0390625 
0 0.478125 0.06875 0.028125 0.03125 
0 0.78359375 0.20078125 0.0296875 0.0390625 
0 0.83828125 0.28828125 0.0234375 0.0359375 
0 0.81640625 0.28671875 0.0359375 0.0359375 
0 0.79296875 0.2859375 0.0359375 0.034375 
0 0.753125 0.2828125 0.03125 0.034375 
