0 0.30390625 0.890625 0.0515625 0.040625 
0 0.24140625 0.8515625 0.0484375 0.040625 
0 0.51015625 0.96015625 0.0609375 0.0515625 
0 0.3859375 0.88203125 0.05625 0.0453125 
0 0.3234375 0.84453125 0.05625 0.0421875 
0 0.2625 0.8078125 0.05625 0.046875 
0 0.503125 0.903125 0.05 0.04375 
0 0.45078125 0.865625 0.0578125 0.05 
0 0.39140625 0.828125 0.0546875 0.05 
1 0.44375 0.6140625 0.075 0.05625 
0 0.00703125 0.3453125 0.0109375 0.05 
0 0.03203125 0.671875 0.0546875 0.04375 
0 0.32578125 0.78984375 0.0484375 0.0421875 
0 0.2703125 0.75625 0.053125 0.040625 
0 0.20859375 0.7234375 0.0546875 0.04375 
0 0.0375 0.61640625 0.05625 0.0453125 
0 0.00546875 0.58046875 0.0078125 0.0484375 
0 0.1875 0.75703125 0.05625 0.0546875 
1 0.2359375 0.23359375 0.06875 0.0796875 
