0 0.15625 0.5390625 0.01875 0.025 
0 0.0921875 0.53828125 0.021875 0.0265625 
1 0.88125 0.23828125 0.05 0.0359375 
0 0.1125 0.42421875 0.021875 0.0296875 
0 0.10078125 0.41796875 0.0234375 0.0328125 
0 0.19453125 0.47578125 0.0234375 0.0265625 
0 0.146875 0.4484375 0.025 0.028125 
0 0.07109375 0.4890625 0.0234375 0.03125 
0 0.04296875 0.5125 0.0265625 0.034375 
0 0.05390625 0.51875 0.0234375 0.034375 
0 0.06796875 0.525 0.0265625 0.03125 
0 0.07890625 0.5328125 0.0203125 0.03125 
0 0.79609375 0.190625 0.0234375 0.03125 
0 0.78515625 0.178125 0.0234375 0.025 
