0 0.9875 0.00625 0.025 0.009375 
0 0.575 0.42578125 0.028125 0.0234375 
0 0.20625 0.884375 0.03125 0.025 
0 0.30234375 0.95546875 0.0234375 0.0234375 
0 0.2859375 0.94609375 0.01875 0.0234375 
0 0.31640625 0.93359375 0.0203125 0.0234375 
0 0.1234375 0.8125 0.01875 0.025 
0 0.1359375 0.85625 0.021875 0.01875 
0 0.128125 0.86953125 0.021875 0.0234375 
0 0.2375 0.89609375 0.025 0.0265625 
0 0.07890625 0.7765625 0.0265625 0.03125 
0 0.09765625 0.796875 0.0203125 0.028125 
0 0.10859375 0.8078125 0.0234375 0.03125 
0 0.34609375 0.97421875 0.0203125 0.0203125 
0 0.32890625 0.93828125 0.0234375 0.0265625 
0 0.32109375 0.97265625 0.0265625 0.0203125 
0 0.56796875 0.67578125 0.0203125 0.0265625 
0 0.5296875 0.73984375 0.01875 0.0234375 
0 0.4375 0.8953125 0.01875 0.025 
0 0.36015625 0.9640625 0.0234375 0.021875 
0 0.36484375 0.95078125 0.0265625 0.0203125 
0 0.39921875 0.2734375 0.0328125 0.028125 
0 0.14375 0.84453125 0.021875 0.0203125 
0 0.1515625 0.83125 0.021875 0.0125 
0 0.12109375 0.83203125 0.0265625 0.0203125 
0 0.90078125 0.5203125 0.0328125 0.025 
0 0.81015625 0.46640625 0.0265625 0.0203125 
0 0.79140625 0.475 0.0296875 0.021875 
0 0.86328125 0.56796875 0.0265625 0.0234375 
0 0.7921875 0.521875 0.028125 0.01875 
0 0.815625 0.49140625 0.028125 0.0234375 
0 0.846875 0.50703125 0.034375 0.0265625 
0 0.88984375 0.55234375 0.0296875 0.0140625 
0 0.73359375 0.440625 0.0359375 0.021875 
0 0.9140625 0.5625 0.03125 0.01875 
0 0.93984375 0.57421875 0.0296875 0.0234375 
0 0.95234375 0.5859375 0.0296875 0.015625 
0 0.96953125 0.5953125 0.0328125 0.01875 
0 0.98359375 0.6078125 0.0328125 0.01875 
0 0.99375 0.615625 0.0125 0.01875 
0 0.765625 0.46171875 0.03125 0.0203125 
0 0.41953125 0.5421875 0.0296875 0.025 
0 0.159375 0.81953125 0.021875 0.0171875 
0 0.5171875 0.3109375 0.034375 0.025 
0 0.42265625 0.23671875 0.0296875 0.0234375 
0 0.39765625 0.24453125 0.0296875 0.0203125 
0 0.22265625 0.11015625 0.0328125 0.0265625 
0 0.42890625 0.2609375 0.0265625 0.01875 
0 0.45703125 0.27890625 0.0265625 0.0234375 
0 0.48828125 0.2953125 0.0359375 0.028125 
1 0.275 0.22578125 0.040625 0.0359375 
0 0.34375 0.496875 0.034375 0.021875 
0 0.21484375 0.23125 0.0328125 0.028125 
0 0.4359375 0.33828125 0.034375 0.0296875 
0 0.24765625 0.29921875 0.0328125 0.0265625 
0 0.184375 0.33515625 0.040625 0.0265625 
0 0.4984375 0.4359375 0.03125 0.025 
0 0.5140625 0.47421875 0.028125 0.0234375 
0 0.7828125 0.73828125 0.03125 0.0265625 
0 0.30390625 0.38828125 0.0296875 0.0234375 
0 0.27734375 0.4546875 0.0328125 0.021875 
0 0.97109375 0.72578125 0.0328125 0.0296875 
0 0.91015625 0.7375 0.0328125 0.028125 
0 0.721875 0.634375 0.028125 0.025 
0 0.84140625 0.7703125 0.0265625 0.021875 
0 0.87109375 0.79140625 0.0296875 0.0296875 
0 0.90234375 0.8109375 0.0328125 0.025 
0 0.92890625 0.82578125 0.0265625 0.0203125 
0 0.95703125 0.84140625 0.0328125 0.0265625 
0 0.9859375 0.86015625 0.028125 0.0203125 
0 0.64609375 0.5546875 0.0296875 0.025 
0 0.68125 0.54921875 0.028125 0.0234375 
0 0.7703125 0.60390625 0.03125 0.0265625 
0 0.98515625 0.7625 0.0296875 0.021875 
0 0.91171875 0.64921875 0.0265625 0.0234375 
0 0.815625 0.59609375 0.028125 0.0234375 
0 0.66484375 0.4921875 0.0359375 0.028125 
