0 0.0078125 0.15078125 0.0125 0.0265625 
0 0.00859375 0.1296875 0.0140625 0.028125 
0 0.0078125 0.109375 0.0125 0.028125 
0 0.0078125 0.09296875 0.0125 0.0296875 
0 0.0078125 0.07578125 0.0125 0.0234375 
0 0.00625 0.034375 0.009375 0.025 
0 0.0109375 0.0171875 0.01875 0.03125 
0 0.07421875 0.075 0.0296875 0.03125 
0 0.06953125 0.03671875 0.0296875 0.0296875 
0 0.53671875 0.4875 0.0265625 0.021875 
0 0.603125 0.3140625 0.03125 0.025 
0 0.59140625 0.2984375 0.0328125 0.025 
0 0.496875 0.36484375 0.034375 0.0296875 
0 0.5 0.384375 0.040625 0.03125 
0 0.51171875 0.40546875 0.0328125 0.0234375 
0 0.52734375 0.4546875 0.0296875 0.01875 
0 0.53359375 0.47265625 0.0328125 0.0234375 
0 0.540625 0.509375 0.034375 0.028125 
0 0.6375 0.3015625 0.03125 0.025 
0 0.5453125 0.525 0.034375 0.028125 
0 0.55390625 0.54765625 0.0328125 0.0328125 
0 0.56015625 0.5671875 0.0296875 0.028125 
0 0.56796875 0.5828125 0.0328125 0.025 
0 0.571875 0.603125 0.028125 0.021875 
0 0.59609375 0.55 0.0296875 0.028125 
0 0.58828125 0.5296875 0.0328125 0.03125 
0 0.64453125 0.31484375 0.0328125 0.0203125 
0 0.62578125 0.28125 0.0296875 0.025 
0 0.06796875 0.01953125 0.0296875 0.0328125 
0 0.3890625 0.2890625 0.025 0.034375 
0 0.00703125 0.28515625 0.0109375 0.0359375 
0 0.02734375 0.2671875 0.0265625 0.0375 
0 0.0453125 0.26328125 0.025 0.0328125 
0 0.0578125 0.2546875 0.028125 0.0375 
0 0.084375 0.2375 0.03125 0.040625 
0 0.0984375 0.22890625 0.028125 0.0328125 
0 0.44765625 0.55625 0.0234375 0.0375 
1 0.565625 0.046875 0.04375 0.03125 
1 0.57421875 0.07265625 0.0421875 0.0328125 
1 0.61015625 0.21796875 0.0734375 0.0453125 
1 0.44921875 0.28671875 0.0390625 0.0515625 
1 0.41328125 0.0953125 0.0609375 0.03125 
1 0.42734375 0.30703125 0.0453125 0.0671875 
0 0.57890625 0.5140625 0.0296875 0.028125 
0 0.56953125 0.47734375 0.0296875 0.0234375 
0 0.565625 0.4640625 0.03125 0.021875 
0 0.06171875 0.9625 0.0234375 0.03125 
0 0.0734375 0.95390625 0.021875 0.0328125 
0 0.08984375 0.9484375 0.0203125 0.03125 
0 0.103125 0.94140625 0.01875 0.0328125 
0 0.11953125 0.934375 0.0203125 0.03125 
0 0.13359375 0.93203125 0.0234375 0.0390625 
0 0.1515625 0.92734375 0.01875 0.0328125 
0 0.165625 0.92109375 0.025 0.0296875 
0 0.18125 0.9140625 0.025 0.028125 
0 0.19296875 0.903125 0.0203125 0.03125 
0 0.209375 0.9 0.01875 0.028125 
0 0.22578125 0.89375 0.0203125 0.03125 
0 0.33203125 0.81328125 0.0296875 0.0203125 
0 0.2515625 0.82421875 0.03125 0.0265625 
0 0.2375 0.8890625 0.025 0.0375 
0 0.25390625 0.88359375 0.0234375 0.0328125 
0 0.2671875 0.87421875 0.025 0.0328125 
0 0.0453125 0.96640625 0.025 0.0359375 
0 0.03125 0.97265625 0.021875 0.0328125 
0 0.01875 0.984375 0.028125 0.03125 
0 0.14765625 0.83125 0.0203125 0.028125 
0 0.0421875 0.86875 0.021875 0.028125 
0 0.059375 0.86640625 0.021875 0.0328125 
0 0.0734375 0.86171875 0.021875 0.0265625 
0 0.08828125 0.85625 0.0234375 0.028125 
0 0.10390625 0.8515625 0.0234375 0.03125 
0 0.11953125 0.846875 0.0203125 0.03125 
0 0.13125 0.83671875 0.021875 0.0265625 
0 0.16015625 0.825 0.0171875 0.03125 
0 0.00703125 0.98671875 0.0109375 0.0265625 
0 0.190625 0.81484375 0.021875 0.0296875 
0 0.1765625 0.81796875 0.025 0.0390625 
0 0.109375 0.76875 0.034375 0.021875 
0 0.28203125 0.86640625 0.0234375 0.0328125 
0 0.296875 0.86171875 0.021875 0.0296875 
0 0.31171875 0.85625 0.0234375 0.034375 
0 0.3234375 0.85078125 0.021875 0.0328125 
0 0.446875 0.803125 0.025 0.034375 
0 0.34140625 0.8484375 0.0265625 0.034375 
0 0.359375 0.840625 0.028125 0.040625 
0 0.375 0.8375 0.021875 0.03125 
0 0.38828125 0.83125 0.0234375 0.034375 
0 0.40234375 0.82265625 0.0234375 0.0390625 
0 0.41640625 0.8140625 0.0234375 0.034375 
0 0.43203125 0.8078125 0.0234375 0.034375 
0 0.46796875 0.79609375 0.0234375 0.0328125 
0 0.48359375 0.7875 0.0265625 0.034375 
0 0.49140625 0.83828125 0.0390625 0.0234375 
0 0.49140625 0.859375 0.0328125 0.025 
0 0.496875 0.8765625 0.0375 0.025 
0 0.50625 0.896875 0.034375 0.025 
0 0.51171875 0.915625 0.0359375 0.028125 
0 0.028125 0.87421875 0.021875 0.0328125 
0 0.0140625 0.8828125 0.021875 0.03125 
0 0.0078125 0.8921875 0.0125 0.034375 
0 0.70234375 0.65390625 0.0328125 0.0203125 
0 0.6046875 0.571875 0.034375 0.021875 
0 0.60859375 0.58984375 0.0359375 0.0265625 
0 0.6125 0.60703125 0.028125 0.0234375 
0 0.5765625 0.61875 0.034375 0.025 
0 0.690625 0.59375 0.034375 0.01875 
0 0.6953125 0.6140625 0.034375 0.021875 
0 0.6984375 0.63359375 0.034375 0.0203125 
0 0.70390625 0.67421875 0.0359375 0.0234375 
0 0.68203125 0.5375 0.0328125 0.025 
0 0.62265625 0.6265625 0.0328125 0.025 
0 0.6234375 0.6421875 0.03125 0.021875 
0 0.6296875 0.6625 0.03125 0.021875 
0 0.6359375 0.67734375 0.03125 0.0296875 
0 0.5875 0.64140625 0.034375 0.0296875 
0 0.59140625 0.6625 0.0328125 0.028125 
0 0.5953125 0.67890625 0.034375 0.0265625 
0 0.6828125 0.55703125 0.0375 0.0234375 
0 0.6765625 0.521875 0.034375 0.021875 
0 0.6421875 0.7015625 0.03125 0.025 
0 0.66640625 0.3828125 0.0328125 0.028125 
0 0.5578125 0.446875 0.03125 0.021875 
0 0.553125 0.409375 0.034375 0.025 
0 0.540625 0.3890625 0.034375 0.03125 
0 0.534375 0.3671875 0.028125 0.021875 
0 0.525 0.35234375 0.028125 0.0234375 
0 0.65078125 0.34375 0.0328125 0.021875 
0 0.66328125 0.3671875 0.0296875 0.021875 
0 0.61484375 0.36015625 0.0328125 0.0265625 
0 0.67265625 0.50390625 0.0359375 0.0234375 
0 0.62734375 0.3734375 0.0296875 0.025 
0 0.63828125 0.39453125 0.0328125 0.0234375 
0 0.64609375 0.4109375 0.0390625 0.028125 
0 0.65 0.4328125 0.03125 0.025 
0 0.64921875 0.45078125 0.0328125 0.0234375 
0 0.6625 0.4671875 0.0375 0.03125 
0 0.66953125 0.48359375 0.0328125 0.0234375 
0 0.60234375 0.7015625 0.0359375 0.021875 
0 0.6078125 0.7171875 0.03125 0.028125 
0 0.0453125 0.83203125 0.025 0.0328125 
0 0.15 0.79375 0.021875 0.034375 
0 0.134375 0.80078125 0.021875 0.0328125 
0 0.11875 0.8046875 0.025 0.0375 
0 0.10625 0.8109375 0.021875 0.034375 
0 0.08984375 0.815625 0.0234375 0.034375 
0 0.0765625 0.8234375 0.025 0.034375 
0 0.05859375 0.8296875 0.0265625 0.034375 
0 0.0296875 0.83828125 0.028125 0.0328125 
0 0.01328125 0.8421875 0.0234375 0.03125 
0 0.00703125 0.85078125 0.0109375 0.0328125 
0 0.16484375 0.78515625 0.0234375 0.0390625 
0 0.64609375 0.71875 0.0359375 0.028125 
0 0.6625 0.79921875 0.03125 0.0171875 
0 0.61328125 0.73203125 0.0296875 0.0234375 
0 0.653125 0.7421875 0.028125 0.01875 
0 0.61796875 0.753125 0.0296875 0.021875 
0 0.65390625 0.759375 0.0296875 0.021875 
0 0.621875 0.77109375 0.03125 0.0171875 
0 0.62734375 0.7859375 0.0265625 0.015625 
0 0.6578125 0.77890625 0.034375 0.0234375 
0 0.66640625 0.8171875 0.0265625 0.01875 
0 0.6328125 0.80390625 0.028125 0.0203125 
0 0.63984375 0.825 0.0296875 0.01875 
0 0.640625 0.84375 0.03125 0.01875 
