0 0.42890625 0.61953125 0.0203125 0.0234375 
0 0.43984375 0.6265625 0.0203125 0.021875 
0 0.58359375 0.87265625 0.0203125 0.0265625 
0 0.615625 0.8921875 0.021875 0.03125 
0 0.7921875 0.95078125 0.025 0.0203125 
1 0.0765625 0.41875 0.115625 0.078125 
0 0.95859375 0.55546875 0.0234375 0.0296875 
0 0.9953125 0.5390625 0.009375 0.025 
0 0.9359375 0.53828125 0.021875 0.0265625 
0 0.09609375 0.6109375 0.0234375 0.03125 
0 0.021875 0.5703125 0.015625 0.03125 
0 0.95625 0.42421875 0.021875 0.0296875 
0 0.72734375 0.23671875 0.0421875 0.0203125 
0 0.94453125 0.41796875 0.0234375 0.0328125 
0 0.9890625 0.4484375 0.021875 0.028125 
0 0.91484375 0.4890625 0.0234375 0.03125 
0 0.88671875 0.5125 0.0265625 0.034375 
0 0.89765625 0.51875 0.0234375 0.034375 
0 0.91171875 0.525 0.0265625 0.03125 
0 0.92265625 0.5328125 0.0203125 0.03125 
1 0.77578125 0.26640625 0.0640625 0.0328125 
1 0.68359375 0.20859375 0.0578125 0.0296875 
1 0.66015625 0.19296875 0.0703125 0.0359375 
1 0.6359375 0.18046875 0.05625 0.0328125 
1 0.61328125 0.16171875 0.0734375 0.0390625 
1 0.56640625 0.13828125 0.0546875 0.0265625 
1 0.54375 0.1234375 0.06875 0.034375 
1 0.5203125 0.11015625 0.071875 0.0390625 
1 0.49453125 0.096875 0.0703125 0.034375 
1 0.46328125 0.08046875 0.0609375 0.0265625 
1 0.44140625 0.0671875 0.0609375 0.028125 
1 0.42109375 0.0546875 0.0640625 0.03125 
1 0.39765625 0.0390625 0.0734375 0.0375 
