0 0.621875 0.159375 0.046875 0.053125 
0 0.6546875 0.1046875 0.05625 0.065625 
0 0.72578125 0.0078125 0.0515625 0.0125 
0 0.50859375 0.3609375 0.0390625 0.053125 
0 0.46640625 0.41640625 0.0453125 0.0546875 
0 0.075 0.66328125 0.059375 0.0234375 
0 0.13203125 0.9765625 0.0390625 0.046875 
0 0.1671875 0.91875 0.04375 0.053125 
0 0.19921875 0.85703125 0.0421875 0.0515625 
0 0.23046875 0.80625 0.0453125 0.053125 
0 0.25625 0.7578125 0.0375 0.046875 
0 0.01328125 0.746875 0.0234375 0.065625 
0 0.34296875 0.73671875 0.0359375 0.0453125 
0 0.328125 0.64609375 0.05 0.0546875 
0 0.36171875 0.59296875 0.0421875 0.0546875 
0 0.396875 0.5265625 0.040625 0.046875 
0 0.4328125 0.4734375 0.04375 0.053125 
0 0.76796875 0.9875 0.0609375 0.025 
0 0.83203125 0.98671875 0.0578125 0.0265625 
0 0.81953125 0.9109375 0.0703125 0.046875 
