0 0.7296875 0.03671875 0.021875 0.0296875 
1 0.746875 0.07109375 0.040625 0.0265625 
1 0.7046875 0.0171875 0.028125 0.03125 
1 0.721875 0.0203125 0.03125 0.0375 
1 0.27421875 0.12421875 0.0359375 0.0265625 
1 0.41953125 0.14375 0.0390625 0.034375 
1 0.67578125 0.00703125 0.0234375 0.0109375 
1 0.63984375 0.66328125 0.0296875 0.0359375 
1 0.76875 0.87734375 0.0375 0.0328125 
1 0.72578125 0.71484375 0.0359375 0.0453125 
1 0.2296875 0.43125 0.03125 0.034375 
1 0.53125 0.6234375 0.0375 0.028125 
1 0.6078125 0.646875 0.028125 0.034375 
1 0.6234375 0.65546875 0.028125 0.0390625 
1 0.6859375 0.72109375 0.0375 0.0296875 
1 0.66875 0.68203125 0.034375 0.0359375 
1 0.59453125 0.6390625 0.0296875 0.0375 
1 0.575 0.62734375 0.025 0.0421875 
1 0.36640625 0.1390625 0.0890625 0.0625 
1 0.190625 0.08359375 0.034375 0.0390625 
0 0.43046875 0.77734375 0.0109375 0.0265625 
0 0.4421875 0.77890625 0.015625 0.0265625 
0 0.41640625 0.77421875 0.0171875 0.0296875 
0 0.22890625 0.665625 0.0140625 0.021875 
0 0.10703125 0.59453125 0.0140625 0.0296875 
0 0.125 0.60390625 0.015625 0.0296875 
0 0.13671875 0.6109375 0.0171875 0.028125 
0 0.17265625 0.6359375 0.0109375 0.034375 
0 0.18828125 0.6421875 0.0203125 0.034375 
0 0.21796875 0.65703125 0.0140625 0.0296875 
0 0.26328125 0.6859375 0.0109375 0.021875 
0 0.39765625 0.76484375 0.0109375 0.0265625 
0 0.290625 0.69921875 0.015625 0.0234375 
0 0.30625 0.71015625 0.0125 0.0234375 
0 0.33125 0.72109375 0.015625 0.0296875 
0 0.34375 0.7296875 0.015625 0.028125 
0 0.37109375 0.7515625 0.0140625 0.021875 
0 0.38671875 0.7625 0.0109375 0.021875 
0 0.10859375 0.8109375 0.0203125 0.03125 
0 0.0890625 0.3359375 0.021875 0.03125 
1 0.41015625 0.60234375 0.0921875 0.0640625 
1 0.1828125 0.46640625 0.05625 0.0453125 
0 0.03671875 0.11171875 0.0265625 0.0234375 
0 0.02421875 0.2953125 0.0203125 0.028125 
0 0.0640625 0.3234375 0.025 0.034375 
0 0.378125 0.6515625 0.028125 0.021875 
0 0.59453125 0.778125 0.0265625 0.01875 
0 0.496875 0.71796875 0.025 0.0203125 
0 0.4578125 0.69921875 0.028125 0.0203125 
0 0.4296875 0.6796875 0.028125 0.01875 
0 0.4125 0.66953125 0.025 0.0234375 
0 0.3921875 0.659375 0.028125 0.021875 
0 0.24296875 0.56171875 0.0140625 0.0328125 
0 0.6140625 0.790625 0.028125 0.01875 
0 0.78671875 0.94609375 0.0328125 0.0265625 
0 0.603125 0.87578125 0.028125 0.0296875 
0 0.5515625 0.8578125 0.025 0.03125 
0 0.83125 0.9234375 0.028125 0.021875 
0 0.909375 0.95 0.028125 0.021875 
