1 0.5640625 0.98671875 0.08125 0.0265625 
1 0.3125 0.978125 0.065625 0.04375 
1 0.35 0.9640625 0.071875 0.05 
1 0.35078125 0.9234375 0.0859375 0.05625 
1 0.38828125 0.87421875 0.0796875 0.0671875 
1 0.44375 0.78125 0.071875 0.059375 
1 0.5015625 0.746875 0.06875 0.059375 
1 0.44375 0.74296875 0.075 0.0578125 
1 0.7234375 0.7203125 0.05625 0.05625 
1 0.75 0.67734375 0.0625 0.0578125 
1 0.87265625 0.446875 0.0765625 0.06875 
0 0.9078125 0.359375 0.0625 0.05 
1 0.62109375 0.5375 0.0796875 0.053125 
0 0.7421875 0.33046875 0.065625 0.0453125 
0 0.56171875 0.5546875 0.0546875 0.04375 
0 0.65546875 0.48984375 0.0578125 0.0453125 
0 0.75546875 0.29296875 0.0546875 0.0421875 
0 0.9140625 0.27890625 0.0375 0.0546875 
0 0.67421875 0.35546875 0.0546875 0.0421875 
0 0.7265625 0.384375 0.05625 0.034375 
