0 0.853125 0.0921875 0.034375 0.028125 
0 0.8515625 0.11015625 0.034375 0.0265625 
0 0.8546875 0.13125 0.03125 0.025 
0 0.85 0.146875 0.03125 0.028125 
0 0.85 0.16875 0.03125 0.021875 
0 0.8453125 0.18359375 0.03125 0.0265625 
0 0.85234375 0.2046875 0.0296875 0.021875 
0 0.8828125 0.1875 0.03125 0.028125 
0 0.88125 0.165625 0.03125 0.021875 
0 0.8859375 0.15078125 0.034375 0.0265625 
0 0.8859375 0.1296875 0.0375 0.028125 
0 0.8859375 0.109375 0.034375 0.028125 
0 0.884375 0.09296875 0.0375 0.0296875 
0 0.88828125 0.07578125 0.0296875 0.0234375 
0 0.88203125 0.05546875 0.0296875 0.0265625 
0 0.884375 0.034375 0.03125 0.025 
0 0.8515625 0.05234375 0.03125 0.0203125 
0 0.85390625 0.034375 0.0296875 0.025 
0 0.8546875 0.01640625 0.025 0.0265625 
0 0.76953125 0.159375 0.0359375 0.0125 
0 0.85078125 0.37421875 0.0328125 0.0203125 
0 0.76171875 0.25703125 0.0296875 0.0171875 
0 0.7625 0.2390625 0.03125 0.0125 
0 0.7625 0.2234375 0.03125 0.0125 
0 0.7671875 0.20703125 0.034375 0.0140625 
0 0.76953125 0.19140625 0.0328125 0.0140625 
0 0.771875 0.17578125 0.034375 0.0109375 
0 0.7671875 0.12578125 0.028125 0.0140625 
0 0.7671875 0.109375 0.034375 0.015625 
0 0.765625 0.09375 0.028125 0.0125 
0 0.7671875 0.078125 0.028125 0.0125 
0 0.76796875 0.0625 0.0296875 0.0125 
0 0.7734375 0.04609375 0.0375 0.0140625 
0 0.76875 0.0109375 0.03125 0.015625 
0 0.89140625 0.01640625 0.0359375 0.0328125 
0 0.96328125 0.075 0.0296875 0.03125 
0 0.95859375 0.03671875 0.0296875 0.0296875 
0 0.95703125 0.01953125 0.0296875 0.0328125 
0 0.859375 0.3015625 0.025 0.0375 
0 0.82890625 0.3171875 0.0296875 0.034375 
0 0.84375 0.3046875 0.028125 0.034375 
0 0.87421875 0.2921875 0.0234375 0.034375 
0 0.8875 0.28515625 0.028125 0.0359375 
0 0.91640625 0.2671875 0.0265625 0.0375 
0 0.934375 0.26328125 0.025 0.0328125 
0 0.946875 0.2546875 0.028125 0.0375 
0 0.9734375 0.2375 0.03125 0.040625 
0 0.98671875 0.22890625 0.0265625 0.0328125 
0 0.43046875 0.43984375 0.0234375 0.0296875 
0 0.5578125 0.09140625 0.0375 0.0203125 
0 0.04453125 0.39296875 0.0328125 0.0265625 
0 0.3796875 0.4296875 0.01875 0.028125 
0 0.3984375 0.4203125 0.021875 0.03125 
0 0.41484375 0.41015625 0.0203125 0.0265625 
0 0.45078125 0.428125 0.0296875 0.028125 
0 0.4296875 0.3984375 0.021875 0.03125 
0 0.45078125 0.396875 0.0203125 0.028125 
0 0.46796875 0.3890625 0.0234375 0.03125 
0 0.478125 0.37421875 0.021875 0.0296875 
0 0.50625 0.36796875 0.025 0.0296875 
0 0.95078125 0.9625 0.0234375 0.03125 
0 0.9625 0.95390625 0.021875 0.0328125 
0 0.97890625 0.9484375 0.0203125 0.03125 
0 0.99140625 0.94140625 0.0171875 0.0328125 
0 0.934375 0.96640625 0.025 0.0359375 
0 0.9203125 0.97265625 0.021875 0.0328125 
0 0.9078125 0.984375 0.028125 0.03125 
0 0.93125 0.86875 0.021875 0.028125 
0 0.9484375 0.86640625 0.021875 0.0328125 
0 0.9625 0.86171875 0.021875 0.0265625 
0 0.97734375 0.85625 0.0234375 0.028125 
0 0.990625 0.8515625 0.01875 0.03125 
0 0.89140625 0.98671875 0.0203125 0.0265625 
0 0.990625 0.76875 0.01875 0.021875 
0 0.82734375 0.9953125 0.0265625 0.009375 
0 0.8453125 0.99453125 0.021875 0.0109375 
0 0.86015625 0.98984375 0.0234375 0.0203125 
0 0.8765625 0.98515625 0.021875 0.0296875 
0 0.9171875 0.87421875 0.021875 0.0328125 
0 0.903125 0.8828125 0.021875 0.03125 
0 0.890625 0.8921875 0.025 0.034375 
0 0.8734375 0.9 0.01875 0.034375 
0 0.934375 0.83203125 0.025 0.0328125 
0 0.9921875 0.8109375 0.015625 0.034375 
0 0.97890625 0.815625 0.0234375 0.034375 
0 0.965625 0.8234375 0.025 0.034375 
0 0.94765625 0.8296875 0.0265625 0.034375 
0 0.91875 0.83828125 0.028125 0.0328125 
0 0.840625 0.77578125 0.025 0.0359375 
0 0.90234375 0.8421875 0.0234375 0.03125 
0 0.8875 0.85078125 0.028125 0.0328125 
0 0.875 0.85859375 0.025 0.0359375 
0 0.8625 0.86875 0.021875 0.03125 
0 0.84453125 0.871875 0.0296875 0.0375 
0 0.83984375 0.91171875 0.0234375 0.0328125 
0 0.86015625 0.90625 0.0234375 0.03125 
0 0.803125 0.8046875 0.03125 0.0375 
0 0.746875 0.8828125 0.03125 0.0125 
0 0.7421875 0.9484375 0.03125 0.0125 
0 0.740625 0.93203125 0.03125 0.0140625 
0 0.74140625 0.91640625 0.0328125 0.0140625 
0 0.74453125 0.8984375 0.0296875 0.015625 
