1 0.87578125 0.7484375 0.1578125 0.20625 
0 0.01015625 0.93359375 0.0171875 0.0546875 
0 0.02890625 0.87578125 0.0453125 0.0609375 
0 0.6140625 0.79375 0.06875 0.059375 
0 0.04453125 0.8515625 0.0453125 0.05 
0 0.0625 0.82109375 0.046875 0.0515625 
0 0.0765625 0.7921875 0.05 0.05625 
0 0.0984375 0.7703125 0.046875 0.05625 
0 0.11171875 0.73359375 0.0453125 0.0484375 
0 0.1265625 0.7 0.05 0.05625 
0 0.02265625 0.9953125 0.0421875 0.009375 
0 0.5953125 0.94140625 0.059375 0.0421875 
1 0.91640625 0.35 0.0640625 0.053125 
1 0.88828125 0.3828125 0.0953125 0.05625 
1 0.86796875 0.4234375 0.0734375 0.05625 
1 0.8484375 0.4484375 0.090625 0.071875 
1 0.809375 0.50703125 0.084375 0.0671875 
0 0.2234375 0.7734375 0.065625 0.0375 
0 0.20390625 0.809375 0.0546875 0.03125 
0 0.184375 0.83359375 0.053125 0.0328125 
0 0.159375 0.86171875 0.04375 0.0203125 
0 0.15078125 0.88828125 0.0515625 0.0234375 
0 0.13671875 0.9171875 0.0578125 0.034375 
0 0.109375 0.95625 0.025 0.046875 
0 0.14140625 0.9765625 0.0265625 0.046875 
0 0.55 0.98984375 0.04375 0.0203125 
0 0.7609375 0.5265625 0.065625 0.046875 
1 0.6890625 0.6953125 0.084375 0.059375 
1 0.4265625 0.01171875 0.040625 0.0203125 
1 0.7578125 0.60703125 0.0875 0.0609375 
1 0.6703125 0.71953125 0.084375 0.0546875 
1 0.6640625 0.75625 0.071875 0.05 
1 0.19765625 0.28984375 0.0640625 0.0453125 
1 0.96796875 0.25703125 0.0640625 0.0640625 
1 0.97890625 0.60703125 0.0421875 0.0828125 
1 0.80390625 0.93984375 0.0546875 0.0515625 
1 0.84140625 0.90625 0.0859375 0.0625 
0 0.1828125 0.31953125 0.05625 0.0390625 
0 0.1703125 0.34921875 0.05625 0.0515625 
