1 0.1578125 0.584375 0.0125 0.0375 
1 0.26171875 0.64296875 0.0203125 0.0359375 
1 0.24296875 0.63671875 0.0171875 0.0359375 
1 0.22734375 0.62734375 0.0171875 0.0390625 
1 0.21015625 0.61796875 0.0140625 0.0328125 
1 0.1953125 0.60546875 0.01875 0.0390625 
1 0.1765625 0.5984375 0.01875 0.0375 
1 0.14296875 0.571875 0.0171875 0.034375 
1 0.09375 0.546875 0.021875 0.040625 
1 0.27578125 0.48984375 0.0953125 0.0703125 
1 0.29375 0.6703125 0.015625 0.034375 
1 0.1296875 0.6546875 0.040625 0.03125 
1 0.02734375 0.6 0.0421875 0.0375 
1 0.278125 0.653125 0.015625 0.0375 
1 0.3078125 0.67265625 0.015625 0.0328125 
1 0.67890625 0.65 0.0296875 0.0375 
1 0.1 0.68671875 0.034375 0.0265625 
1 0.55703125 0.5890625 0.0359375 0.05 
1 0.91171875 0.71875 0.0390625 0.046875 
1 0.696875 0.671875 0.040625 0.05 
1 0.471875 0.8609375 0.059375 0.04375 
1 0.60546875 0.9453125 0.0515625 0.04375 
1 0.30859375 0.71640625 0.0421875 0.0328125 
1 0.2875 0.81953125 0.034375 0.0296875 
1 0.42109375 0.74140625 0.0203125 0.0359375 
1 0.40625 0.7328125 0.015625 0.03125 
1 0.39140625 0.7203125 0.0140625 0.03125 
1 0.37578125 0.70625 0.0140625 0.034375 
1 0.3609375 0.70546875 0.015625 0.0359375 
1 0.34140625 0.6921875 0.0140625 0.03125 
1 0.32734375 0.68515625 0.0140625 0.0328125 
0 0.0265625 0.9625 0.021875 0.028125 
0 0.0078125 0.9625 0.0125 0.025 
0 0.15546875 0.759375 0.0296875 0.021875 
0 0.88984375 0.715625 0.0265625 0.0375 
