0 0.88828125 0.8515625 0.0453125 0.05 
0 0.90625 0.82109375 0.046875 0.0515625 
0 0.9203125 0.7921875 0.05 0.05625 
0 0.9421875 0.7703125 0.046875 0.05625 
0 0.95546875 0.73359375 0.0453125 0.0484375 
0 0.9703125 0.7 0.05 0.05625 
0 0.8125 0.99453125 0.046875 0.0109375 
0 0.85859375 0.9953125 0.0578125 0.009375 
0 0.990625 0.86171875 0.01875 0.0203125 
0 0.984375 0.88828125 0.03125 0.0234375 
0 0.97578125 0.9171875 0.0484375 0.034375 
0 0.953125 0.95625 0.025 0.046875 
0 0.98515625 0.9765625 0.0265625 0.046875 
1 0.1015625 0.96484375 0.078125 0.0609375 
1 0.12421875 0.9328125 0.0796875 0.059375 
1 0.18359375 0.84609375 0.0796875 0.0515625 
1 0.17890625 0.36953125 0.0765625 0.0546875 
1 0.5234375 0.25234375 0.08125 0.0609375 
1 0.51875 0.21484375 0.08125 0.0609375 
1 0.56796875 0.20234375 0.0703125 0.0640625 
1 0.5640625 0.1625 0.08125 0.065625 
1 0.3109375 0.19453125 0.06875 0.0546875 
1 0.3125 0.1421875 0.065625 0.059375 
1 0.35 0.1203125 0.071875 0.05 
1 0.35078125 0.0796875 0.0859375 0.05625 
1 0.38828125 0.0328125 0.0796875 0.0625 
1 0.52578125 0.309375 0.0796875 0.05625 
1 0.19375 0.4109375 0.075 0.059375 
1 0.0546875 0.58203125 0.075 0.0515625 
1 0.2265625 0.31875 0.115625 0.078125 
1 0.12890625 0.48828125 0.0796875 0.0609375 
0 0.99296875 0.34921875 0.0140625 0.0515625 
