0 0.7953125 0.3015625 0.071875 0.046875 
0 0.56875 0.67421875 0.059375 0.0421875 
0 0.83359375 0.63671875 0.0546875 0.0453125 
0 0.8078125 0.68671875 0.0625 0.0453125 
0 0.7890625 0.7203125 0.0625 0.05 
1 0.73203125 0.353125 0.0671875 0.053125 
1 0.80078125 0.25390625 0.0890625 0.0609375 
1 0.7015625 0.43359375 0.078125 0.0640625 
1 0.66640625 0.4765625 0.0703125 0.059375 
0 0.85625 0.21953125 0.059375 0.0515625 
0 0.97265625 0.01875 0.0546875 0.034375 
0 0.91953125 0.12421875 0.0546875 0.0484375 
0 0.86875 0.18828125 0.0625 0.0421875 
0 0.82578125 0.1296875 0.0578125 0.053125 
1 0.4390625 0.80859375 0.071875 0.0453125 
1 0.659375 0.63671875 0.0625 0.0796875 
1 0.5328125 0.85390625 0.06875 0.0921875 
1 0.01953125 0.48984375 0.0359375 0.0671875 
1 0.17421875 0.9125 0.0859375 0.03125 
