0 0.8515625 0.95390625 0.034375 0.0265625 
0 0.8546875 0.975 0.03125 0.025 
0 0.85 0.98828125 0.03125 0.0234375 
0 0.8859375 0.990625 0.034375 0.01875 
0 0.8859375 0.9734375 0.0375 0.028125 
0 0.8859375 0.953125 0.034375 0.028125 
0 0.884375 0.93671875 0.0375 0.0296875 
0 0.88828125 0.91953125 0.0296875 0.0234375 
0 0.88203125 0.89921875 0.0296875 0.0265625 
0 0.884375 0.878125 0.03125 0.025 
0 0.8515625 0.89609375 0.03125 0.0203125 
0 0.85390625 0.878125 0.0296875 0.025 
0 0.8546875 0.86015625 0.025 0.0265625 
0 0.7671875 0.96953125 0.028125 0.0140625 
0 0.771875 0.8109375 0.034375 0.015625 
0 0.7671875 0.953125 0.034375 0.015625 
0 0.765625 0.9375 0.028125 0.0125 
0 0.7671875 0.921875 0.028125 0.0125 
0 0.76796875 0.90625 0.0296875 0.0125 
0 0.7734375 0.88984375 0.0375 0.0140625 
0 0.76875 0.8546875 0.03125 0.015625 
0 0.771875 0.8421875 0.025 0.0125 
0 0.89140625 0.86015625 0.0359375 0.0328125 
0 0.96328125 0.91875 0.0296875 0.03125 
0 0.95859375 0.88046875 0.0296875 0.0296875 
0 0.95703125 0.86328125 0.0296875 0.0328125 
0 0.93125 0.78515625 0.01875 0.0328125 
0 0.9140625 0.7859375 0.015625 0.03125 
0 0.88125 0.78125 0.015625 0.034375 
0 0.8609375 0.77890625 0.015625 0.0296875 
0 0.83203125 0.78046875 0.0171875 0.0328125 
0 0.5578125 0.93515625 0.0375 0.0203125 
