1 0.9484375 0.16796875 0.025 0.0390625 
1 0.96796875 0.15625 0.0296875 0.046875 
0 0.98984375 0.1953125 0.0203125 0.025 
0 0.46171875 0.48671875 0.0359375 0.0359375 
0 0.9328125 0.1796875 0.01875 0.034375 
0 0.9 0.33359375 0.028125 0.0359375 
0 0.87890625 0.44375 0.0265625 0.034375 
0 0.86171875 0.45703125 0.0296875 0.0359375 
0 0.8453125 0.46328125 0.03125 0.0359375 
0 0.828125 0.46875 0.028125 0.0375 
0 0.8140625 0.484375 0.028125 0.034375 
0 0.92109375 0.328125 0.0265625 0.034375 
0 0.8828125 0.34375 0.03125 0.0375 
0 0.7578125 0.4265625 0.028125 0.0375 
0 0.8671875 0.3515625 0.028125 0.0375 
0 0.85234375 0.3625 0.0265625 0.0375 
0 0.83046875 0.36796875 0.0234375 0.0328125 
0 0.82109375 0.3828125 0.0265625 0.03125 
0 0.80859375 0.39453125 0.0296875 0.0328125 
0 0.7875 0.40234375 0.028125 0.0390625 
0 0.89453125 0.43203125 0.0296875 0.0359375 
0 0.90859375 0.421875 0.0265625 0.0375 
0 0.92265625 0.41328125 0.0265625 0.0328125 
0 0.9421875 0.41015625 0.028125 0.0359375 
0 0.9546875 0.4015625 0.03125 0.04375 
0 0.97421875 0.39296875 0.0265625 0.0390625 
0 0.9890625 0.3828125 0.021875 0.0375 
0 0.84140625 0.525 0.0265625 0.034375 
0 0.85546875 0.51328125 0.0265625 0.0328125 
0 0.8703125 0.5078125 0.028125 0.034375 
0 0.88828125 0.49921875 0.0265625 0.0328125 
0 0.90234375 0.490625 0.0296875 0.034375 
0 0.7765625 0.41328125 0.03125 0.0328125 
0 0.684375 0.59140625 0.028125 0.0296875 
0 0.3890625 0.565625 0.03125 0.03125 
0 0.4390625 0.6546875 0.034375 0.028125 
0 0.52578125 0.54296875 0.0296875 0.0296875 
0 0.50234375 0.56796875 0.0328125 0.0296875 
0 0.4921875 0.58515625 0.03125 0.0265625 
0 0.48125 0.5984375 0.03125 0.028125 
0 0.46875 0.61171875 0.028125 0.0296875 
0 0.446875 0.6375 0.03125 0.028125 
0 0.4296875 0.67109375 0.034375 0.0296875 
0 0.68515625 0.4828125 0.0296875 0.03125 
0 0.53671875 0.415625 0.0328125 0.03125 
0 0.496875 0.45078125 0.034375 0.0328125 
0 0.44765625 0.50234375 0.0359375 0.0328125 
0 0.4375 0.51640625 0.034375 0.0359375 
0 0.42421875 0.528125 0.0359375 0.03125 
0 0.41015625 0.540625 0.0359375 0.034375 
0 0.53828125 0.53203125 0.0359375 0.0296875 
0 0.56484375 0.50625 0.0359375 0.03125 
0 0.59140625 0.48125 0.0265625 0.028125 
0 0.5 0.6765625 0.034375 0.03125 
0 0.50859375 0.65625 0.0296875 0.03125 
0 0.52109375 0.64453125 0.0328125 0.0328125 
0 0.53359375 0.63046875 0.0390625 0.0359375 
0 0.540625 0.61484375 0.04375 0.0359375 
0 0.5640625 0.60078125 0.03125 0.0328125 
0 0.57578125 0.5921875 0.0328125 0.03125 
0 0.584375 0.5734375 0.034375 0.03125 
0 0.59609375 0.55703125 0.0390625 0.0296875 
0 0.60859375 0.5453125 0.0328125 0.03125 
0 0.625 0.52890625 0.034375 0.0328125 
0 0.6390625 0.515625 0.034375 0.034375 
0 0.65390625 0.5046875 0.0328125 0.0375 
0 0.6703125 0.49609375 0.034375 0.0390625 
0 0.921875 0.48359375 0.025 0.0328125 
0 0.9390625 0.475 0.028125 0.034375 
0 0.959375 0.465625 0.028125 0.034375 
0 0.98671875 0.5421875 0.0265625 0.034375 
0 0.9765625 0.459375 0.025 0.03125 
0 0.9890625 0.45390625 0.021875 0.0359375 
0 0.8890625 0.59609375 0.021875 0.0328125 
0 0.9171875 0.5828125 0.025 0.034375 
0 0.9703125 0.54765625 0.025 0.0328125 
0 0.4 0.5546875 0.034375 0.03125 
0 0.36640625 0.59765625 0.0328125 0.0328125 
0 0.015625 0.73984375 0.028125 0.0359375 
0 0.2546875 0.1265625 0.034375 0.0375 
0 0.2828125 0.134375 0.03125 0.0375 
0 0.1734375 0.2390625 0.034375 0.0375 
0 0.06328125 0.4125 0.0453125 0.04375 
0 0.034375 0.3828125 0.03125 0.03125 
