0 0.00703125 0.575 0.0109375 0.034375 
0 0.10546875 0.4515625 0.0328125 0.034375 
0 0.025 0.534375 0.034375 0.034375 
0 0.0203125 0.48671875 0.0375 0.0328125 
0 0.16640625 0.32578125 0.0296875 0.0296875 
0 0.1953125 0.35 0.028125 0.028125 
0 0.12890625 0.0671875 0.0328125 0.03125 
0 0.25703125 0.23046875 0.0328125 0.0296875 
0 0.378125 0.090625 0.034375 0.03125 
0 0.40625 0.1171875 0.034375 0.028125 
0 0.23828125 0.0765625 0.0328125 0.03125 
0 0.4296875 0.2125 0.034375 0.034375 
0 0.4203125 0.22578125 0.03125 0.0296875 
0 0.03984375 0.1671875 0.0296875 0.03125 
0 0.18359375 0.1375 0.0296875 0.028125 
0 0.5171875 0.11328125 0.03125 0.0296875 
0 0.1078125 0.0921875 0.028125 0.028125 
0 0.05234375 0.15625 0.0296875 0.028125 
0 0.02734375 0.1796875 0.0296875 0.028125 
0 0.05859375 0.27265625 0.0328125 0.0328125 
0 0.2859375 0.075 0.03125 0.03125 
0 0.29921875 0.06328125 0.0296875 0.0296875 
0 0.29765625 0.36328125 0.0328125 0.0328125 
0 0.23125 0.4375 0.03125 0.028125 
0 0.24140625 0.421875 0.0328125 0.034375 
0 0.25390625 0.41015625 0.0328125 0.0296875 
0 0.2640625 0.39921875 0.03125 0.0328125 
0 0.27578125 0.38515625 0.0328125 0.0328125 
0 0.28515625 0.371875 0.0359375 0.034375 
0 0.30703125 0.35 0.0359375 0.0375 
0 0.315625 0.334375 0.03125 0.034375 
0 0.32890625 0.3234375 0.0359375 0.034375 
0 0.3453125 0.3140625 0.034375 0.03125 
0 0.35390625 0.30078125 0.0328125 0.0296875 
0 0.36171875 0.28828125 0.0328125 0.0328125 
0 0.37421875 0.275 0.0328125 0.03125 
0 0.22109375 0.45 0.0359375 0.034375 
0 0.20703125 0.4609375 0.0359375 0.034375 
0 0.1984375 0.475 0.034375 0.034375 
0 0.0109375 0.5578125 0.01875 0.034375 
0 0.015625 0.54609375 0.03125 0.0359375 
0 0.03671875 0.52265625 0.0296875 0.0296875 
0 0.0484375 0.51015625 0.03125 0.0328125 
0 0.06328125 0.5 0.0359375 0.034375 
0 0.07265625 0.48828125 0.0328125 0.0328125 
0 0.08359375 0.47109375 0.0390625 0.0390625 
0 0.09296875 0.4609375 0.0328125 0.034375 
0 0.1171875 0.4359375 0.034375 0.03125 
0 0.13046875 0.4265625 0.0296875 0.03125 
0 0.38515625 0.26171875 0.0328125 0.0328125 
0 0.40078125 0.25078125 0.0328125 0.0296875 
0 0.41015625 0.23828125 0.0359375 0.0296875 
0 0.021875 0.67421875 0.03125 0.0328125 
0 0.0078125 0.696875 0.0125 0.040625 
0 0.01484375 0.684375 0.0265625 0.034375 
0 0.028125 0.6578125 0.0375 0.0375 
0 0.44140625 0.2015625 0.0328125 0.03125 
0 0.05 0.63671875 0.034375 0.0328125 
0 0.06328125 0.625 0.0296875 0.028125 
0 0.071875 0.60859375 0.0375 0.0359375 
0 0.0859375 0.596875 0.03125 0.0375 
0 0.12890625 0.546875 0.0328125 0.034375 
0 0.14296875 0.5328125 0.0328125 0.03125 
0 0.1640625 0.509375 0.03125 0.034375 
0 0.18515625 0.484375 0.0328125 0.03125 
0 0.509375 0.128125 0.025 0.028125 
0 0.49921875 0.13671875 0.0296875 0.0296875 
0 0.48671875 0.1484375 0.0328125 0.034375 
0 0.478125 0.1609375 0.034375 0.034375 
0 0.46484375 0.17421875 0.0390625 0.0328125 
0 0.45625 0.18984375 0.03125 0.0296875 
0 0.146875 0.39765625 0.03125 0.0328125 
1 0.8515625 0.06015625 0.034375 0.0984375 
0 0.1390625 0.4109375 0.034375 0.034375 
0 0.15859375 0.3875 0.0328125 0.03125 
0 0.88359375 0.6890625 0.0203125 0.0375 
0 0.97734375 0.73046875 0.0203125 0.0328125 
0 0.78359375 0.31640625 0.0171875 0.0390625 
0 0.8515625 0.2921875 0.021875 0.0375 
0 0.90078125 0.4953125 0.0171875 0.03125 
0 0.91015625 0.2421875 0.0171875 0.034375 
0 0.97578125 0.16875 0.0171875 0.04375 
0 0.9796875 0.0484375 0.0125 0.028125 
0 0.16953125 0.3765625 0.0296875 0.03125 
0 0.284375 0.0234375 0.0375 0.034375 
0 0.303125 0.00859375 0.0375 0.0140625 
0 0.01171875 0.20390625 0.0203125 0.0296875 
0 0.015625 0.19375 0.03125 0.03125 
0 0.0625 0.14296875 0.03125 0.0296875 
0 0.071875 0.128125 0.03125 0.03125 
0 0.08203125 0.11796875 0.0296875 0.0328125 
0 0.0953125 0.10390625 0.034375 0.0328125 
0 0.11796875 0.0796875 0.0328125 0.034375 
0 0.1375 0.0578125 0.034375 0.034375 
0 0.14921875 0.04296875 0.0359375 0.0359375 
0 0.15859375 0.03046875 0.0328125 0.0328125 
0 0.1703125 0.01640625 0.03125 0.0328125 
0 0.1828125 0.01171875 0.03125 0.0203125 
0 0.00703125 0.00546875 0.0109375 0.0078125 
0 0.29140625 0.0125 0.0328125 0.021875 
0 0.26640625 0.034375 0.0359375 0.034375 
0 0.18046875 0.31328125 0.0328125 0.0328125 
0 0.103125 0.403125 0.0375 0.040625 
0 0.11484375 0.39296875 0.0296875 0.0296875 
0 0.12109375 0.37421875 0.0359375 0.0328125 
0 0.13359375 0.3625 0.0328125 0.03125 
0 0.14609375 0.35234375 0.0296875 0.0296875 
0 0.15234375 0.3359375 0.0296875 0.03125 
0 0.1921875 0.3 0.03125 0.034375 
0 0.290625 0.18828125 0.034375 0.0328125 
0 0.2046875 0.2890625 0.028125 0.03125 
0 0.21484375 0.28046875 0.0296875 0.0296875 
0 0.22421875 0.26484375 0.0296875 0.0296875 
0 0.2375 0.253125 0.03125 0.028125 
0 0.24765625 0.24296875 0.0328125 0.0296875 
0 0.2703125 0.21796875 0.03125 0.0296875 
0 0.08125 0.4234375 0.03125 0.03125 
0 0.06953125 0.43515625 0.0296875 0.0296875 
0 0.05625 0.45 0.03125 0.028125 
0 0.04765625 0.46328125 0.0328125 0.0296875 
0 0.0375 0.47734375 0.034375 0.0328125 
0 0.0140625 0.4984375 0.025 0.03125 
0 0.00859375 0.5078125 0.0140625 0.03125 
0 0.578125 0.02890625 0.021875 0.0390625 
0 0.5890625 0.07265625 0.021875 0.0359375 
0 0.771875 0.56796875 0.015625 0.0359375 
0 0.2796875 0.2046875 0.03125 0.028125 
0 0.3046875 0.18125 0.03125 0.03125 
0 0.2578125 0.0515625 0.034375 0.03125 
0 0.271875 0.2625 0.034375 0.034375 
0 0.340625 0.190625 0.03125 0.034375 
0 0.3296875 0.20234375 0.03125 0.0328125 
0 0.31640625 0.21171875 0.0328125 0.0328125 
0 0.30859375 0.22734375 0.0328125 0.0296875 
0 0.29609375 0.23984375 0.0328125 0.0328125 
0 0.2828125 0.25 0.03125 0.034375 
0 0.26015625 0.27578125 0.0296875 0.0328125 
0 0.3140625 0.16796875 0.03125 0.0296875 
0 0.25 0.28828125 0.03125 0.0328125 
0 0.23984375 0.30078125 0.0328125 0.0328125 
0 0.22734375 0.31328125 0.0296875 0.0328125 
0 0.21640625 0.325 0.0296875 0.03125 
0 0.20703125 0.3390625 0.0296875 0.034375 
0 0.18046875 0.365625 0.0359375 0.0375 
0 0.35 0.17890625 0.03125 0.0328125 
0 0.3625 0.16640625 0.034375 0.0328125 
0 0.37265625 0.15234375 0.0328125 0.0328125 
0 0.3828125 0.13984375 0.03125 0.0359375 
0 0.39453125 0.128125 0.0328125 0.0375 
0 0.4171875 0.1015625 0.03125 0.03125 
0 0.4328125 0.090625 0.034375 0.0375 
0 0.4421875 0.0765625 0.034375 0.034375 
0 0.41640625 0.05390625 0.0390625 0.0390625 
0 0.403125 0.06640625 0.03125 0.0328125 
0 0.39375 0.08046875 0.03125 0.0296875 
0 0.36796875 0.1046875 0.0328125 0.03125 
0 0.35703125 0.1140625 0.0328125 0.03125 
0 0.34765625 0.1296875 0.0296875 0.028125 
0 0.3375 0.1453125 0.03125 0.028125 
0 0.325 0.15625 0.03125 0.028125 
0 0.0171875 0.31953125 0.034375 0.0359375 
0 0.01328125 0.33671875 0.0234375 0.0328125 
0 0.00546875 0.3484375 0.0078125 0.040625 
0 0.03515625 0.3015625 0.0359375 0.0375 
0 0.0515625 0.2859375 0.034375 0.03125 
0 0.071875 0.2609375 0.034375 0.03125 
0 0.08125 0.246875 0.034375 0.03125 
0 0.090625 0.2359375 0.03125 0.03125 
0 0.103125 0.221875 0.034375 0.03125 
0 0.11640625 0.209375 0.0359375 0.03125 
0 0.1234375 0.19375 0.0375 0.0375 
0 0.13828125 0.1875 0.0359375 0.034375 
0 0.1484375 0.175 0.034375 0.034375 
0 0.1578125 0.16171875 0.0375 0.0296875 
0 0.171875 0.14609375 0.03125 0.0296875 
0 0.1921875 0.11953125 0.03125 0.0328125 
0 0.2046875 0.11328125 0.034375 0.0328125 
0 0.2140625 0.09921875 0.0375 0.0390625 
0 0.228125 0.0875 0.03125 0.03125 
0 0.25 0.06171875 0.03125 0.0296875 
0 0.35390625 0.00859375 0.0296875 0.0140625 
0 0.34296875 0.01640625 0.0328125 0.0296875 
0 0.1296875 0.246875 0.034375 0.0375 
0 0.01640625 0.3859375 0.0296875 0.0375 
0 0.0203125 0.37265625 0.03125 0.0359375 
0 0.0359375 0.3640625 0.034375 0.034375 
0 0.04375 0.34921875 0.03125 0.0359375 
0 0.0640625 0.32265625 0.034375 0.0328125 
0 0.075 0.309375 0.03125 0.03125 
0 0.08671875 0.296875 0.0296875 0.034375 
0 0.1 0.28515625 0.03125 0.0328125 
0 0.10859375 0.26953125 0.0328125 0.0328125 
0 0.11484375 0.25625 0.0328125 0.03125 
0 0.14140625 0.23359375 0.0328125 0.0328125 
0 0.32890625 0.0234375 0.0328125 0.034375 
0 0.15234375 0.221875 0.0328125 0.034375 
0 0.1640625 0.21015625 0.034375 0.0359375 
0 0.1765625 0.19765625 0.03125 0.0328125 
0 0.18671875 0.18515625 0.0328125 0.0328125 
0 0.19453125 0.17109375 0.0328125 0.0296875 
0 0.20859375 0.16171875 0.0296875 0.0296875 
0 0.21875 0.14921875 0.03125 0.0328125 
0 0.23046875 0.13671875 0.0328125 0.0328125 
0 0.240625 0.12421875 0.03125 0.0296875 
0 0.253125 0.11171875 0.034375 0.0328125 
0 0.265625 0.10078125 0.028125 0.0328125 
0 0.275 0.08671875 0.03125 0.0328125 
0 0.309375 0.0515625 0.028125 0.028125 
0 0.315625 0.034375 0.03125 0.03125 
