1 0.28203125 0.525 0.0203125 0.053125 
1 0.30859375 0.51875 0.0234375 0.040625 
1 0.4546875 0.54375 0.01875 0.046875 
1 0.76875 0.5484375 0.01875 0.0375 
1 0.421875 0.928125 0.046875 0.015625 
1 0.70703125 0.82890625 0.0453125 0.0171875 
1 0.87265625 0.7515625 0.0421875 0.01875 
1 0.71953125 0.7734375 0.0390625 0.01875 
1 0.71953125 0.73671875 0.0390625 0.0171875 
1 0.8671875 0.7109375 0.04375 0.021875 
1 0.84921875 0.59609375 0.0359375 0.0140625 
1 0.86015625 0.63828125 0.0421875 0.0140625 
1 0.80859375 0.55078125 0.0171875 0.0421875 
0 0.0109375 0.39140625 0.01875 0.0171875 
0 0.00703125 0.52890625 0.0109375 0.0359375 
0 0.0078125 0.49921875 0.0125 0.0171875 
0 0.00859375 0.4828125 0.0140625 0.015625 
0 0.00859375 0.4625 0.0140625 0.015625 
0 0.009375 0.42734375 0.015625 0.0171875 
0 0.01015625 0.40859375 0.0171875 0.0203125 
0 0.0109375 0.37421875 0.01875 0.0171875 
0 0.0109375 0.35390625 0.01875 0.0203125 
0 0.01328125 0.3359375 0.0234375 0.015625 
0 0.0140625 0.3171875 0.025 0.015625 
1 0.01953125 0.25 0.0359375 0.021875 
