0 0.47578125 0.7 0.0171875 0.03125 
0 0.41484375 0.70078125 0.0171875 0.0390625 
0 0.39765625 0.6984375 0.0140625 0.034375 
0 0.52265625 0.73984375 0.0140625 0.0328125 
0 0.38125 0.734375 0.015625 0.034375 
0 0.34296875 0.73359375 0.0140625 0.0296875 
0 0.1890625 0.7 0.015625 0.03125 
0 0.09921875 0.72578125 0.0171875 0.0390625 
0 0.52265625 0.70390625 0.0140625 0.0296875 
0 0.6375 0.70546875 0.01875 0.0328125 
0 0.6359375 0.6296875 0.015625 0.028125 
0 0.49609375 0.47890625 0.0171875 0.0328125 
0 0.01171875 0.390625 0.0140625 0.034375 
0 0.0390625 0.3921875 0.015625 0.03125 
0 0.165625 0.4015625 0.0125 0.03125 
0 0.1984375 0.39609375 0.015625 0.0296875 
0 0.54375 0.4859375 0.015625 0.028125 
0 0.52890625 0.48828125 0.0140625 0.0296875 
0 0.5109375 0.48359375 0.015625 0.0328125 
0 0.47890625 0.4765625 0.0140625 0.03125 
0 0.44921875 0.478125 0.0171875 0.03125 
0 0.43359375 0.48046875 0.0140625 0.0328125 
0 0.41875 0.48125 0.015625 0.034375 
0 0.40234375 0.48046875 0.0171875 0.0328125 
0 0.38828125 0.484375 0.0171875 0.028125 
0 0.3203125 0.4765625 0.015625 0.034375 
0 0.3046875 0.478125 0.015625 0.034375 
0 0.28984375 0.4765625 0.0140625 0.03125 
0 0.25703125 0.47734375 0.0140625 0.0265625 
0 0.24453125 0.478125 0.0171875 0.028125 
0 0.22734375 0.4765625 0.0171875 0.03125 
0 0.2109375 0.4765625 0.015625 0.0375 
0 0.14765625 0.4734375 0.0140625 0.028125 
0 0.6640625 0.14375 0.015625 0.03125 
0 0.65 0.1390625 0.0125 0.040625 
0 0.696875 0.1765625 0.0125 0.028125 
0 0.68046875 0.175 0.0140625 0.034375 
0 0.6671875 0.1734375 0.015625 0.03125 
0 0.64921875 0.175 0.0171875 0.034375 
0 0.2734375 0.3578125 0.0125 0.03125 
0 0.38828125 0.3609375 0.0140625 0.03125 
0 0.409375 0.2796875 0.015625 0.03125 
0 0.4671875 0.284375 0.015625 0.034375 
0 0.54921875 0.409375 0.0140625 0.034375 
0 0.5484375 0.37265625 0.015625 0.0265625 
0 0.21484375 0.3640625 0.0140625 0.034375 
0 0.196875 0.36328125 0.015625 0.0359375 
0 0.165625 0.36484375 0.0125 0.0328125 
0 0.15078125 0.3625 0.0140625 0.034375 
0 0.0734375 0.35859375 0.0125 0.0328125 
0 0.0578125 0.3578125 0.015625 0.028125 
0 0.02734375 0.36171875 0.0171875 0.0359375 
0 0.0109375 0.36015625 0.0125 0.0328125 
0 0.11796875 0.4734375 0.0140625 0.028125 
0 0.10078125 0.47109375 0.0140625 0.0328125 
0 0.07421875 0.47421875 0.0140625 0.0359375 
0 0.52734375 0.51796875 0.0140625 0.0296875 
0 0.02265625 0.59453125 0.0140625 0.0328125 
0 0.1015625 0.61171875 0.01875 0.0328125 
0 0.24140625 0.58125 0.0140625 0.03125 
0 0.3 0.6234375 0.015625 0.040625 
0 0.3171875 0.590625 0.015625 0.028125 
0 0.33203125 0.5890625 0.0140625 0.03125 
0 0.35390625 0.5890625 0.0171875 0.03125 
0 0.38515625 0.58671875 0.0140625 0.0296875 
0 0.41796875 0.59453125 0.0140625 0.0328125 
0 0.446875 0.6234375 0.0125 0.028125 
0 0.35078125 0.61953125 0.0140625 0.0359375 
0 0.38359375 0.62109375 0.0171875 0.0390625 
0 0.53984375 0.62734375 0.0140625 0.0296875 
0 0.50859375 0.5984375 0.0109375 0.034375 
0 0.49609375 0.590625 0.0171875 0.03125 
0 0.47890625 0.628125 0.0140625 0.028125 
0 0.6375 0.6015625 0.015625 0.03125 
0 0.6546875 0.60078125 0.015625 0.0296875 
0 0.6703125 0.5984375 0.0125 0.028125 
0 0.73359375 0.59609375 0.0203125 0.0296875 
0 0.7015625 0.63125 0.0125 0.03125 
0 0.6703125 0.62890625 0.0125 0.0328125 
0 0.54375 0.51796875 0.015625 0.0359375 
0 0.5125 0.51796875 0.015625 0.0296875 
0 0.0390625 0.4703125 0.0125 0.03125 
0 0.49453125 0.51484375 0.0109375 0.0265625 
0 0.02265625 0.4703125 0.0140625 0.028125 
0 0.00859375 0.4734375 0.0140625 0.034375 
0 0.16328125 0.50859375 0.0171875 0.0359375 
0 0.28828125 0.51015625 0.0140625 0.0296875 
0 0.30390625 0.50546875 0.0140625 0.0296875 
0 0.334375 0.51171875 0.015625 0.0328125 
0 0.3515625 0.51171875 0.015625 0.0296875 
0 0.39921875 0.5125 0.0140625 0.03125 
0 0.44609375 0.515625 0.0171875 0.03125 
0 0.4640625 0.51328125 0.015625 0.0390625 
0 0.4796875 0.51328125 0.015625 0.0359375 
0 0.68125 0.14296875 0.0125 0.0296875 
0 0.69765625 0.14375 0.0140625 0.028125 
0 0.65078125 0.06796875 0.0109375 0.0296875 
0 0.6671875 0.0640625 0.015625 0.03125 
0 0.65234375 0.0328125 0.0140625 0.0375 
0 0.66953125 0.02890625 0.0140625 0.0328125 
0 0.68359375 0.03125 0.0140625 0.03125 
0 0.69921875 0.0328125 0.0140625 0.03125 
0 0.71484375 0.0640625 0.0140625 0.03125 
0 0.69765625 0.06484375 0.0140625 0.0296875 
0 0.68359375 0.0640625 0.0140625 0.03125 
