0 0.40625 0.984375 0.028125 0.01875 
0 0.33203125 0.78515625 0.0359375 0.0171875 
0 0.334375 0.83515625 0.03125 0.0140625 
0 0.43828125 0.8859375 0.0265625 0.015625 
0 0.33671875 0.8640625 0.0296875 0.015625 
0 0.30546875 0.8484375 0.0265625 0.0125 
0 0.3046875 0.86328125 0.028125 0.0109375 
0 0.30234375 0.88046875 0.0265625 0.0140625 
0 0.33671875 0.88125 0.0265625 0.015625 
0 0.334375 0.89765625 0.03125 0.0140625 
0 0.3328125 0.91953125 0.03125 0.0140625 
0 0.2984375 0.9140625 0.028125 0.0125 
0 0.3328125 0.93515625 0.03125 0.0140625 
0 0.33671875 0.95390625 0.0296875 0.0140625 
0 0.3015625 0.93359375 0.028125 0.0140625 
0 0.30390625 0.95 0.0328125 0.0125 
0 0.29921875 0.96328125 0.0359375 0.0140625 
0 0.41015625 0.92109375 0.0328125 0.0109375 
0 0.440625 0.925 0.03125 0.015625 
0 0.44140625 0.93984375 0.0296875 0.0109375 
0 0.41015625 0.93515625 0.0328125 0.0140625 
0 0.40703125 0.96640625 0.0296875 0.0140625 
0 0.440625 0.9671875 0.03125 0.015625 
0 0.51796875 0.79140625 0.0296875 0.0140625 
0 0.51484375 0.80859375 0.0328125 0.0140625 
0 0.51484375 0.821875 0.0296875 0.0125 
0 0.5140625 0.84296875 0.028125 0.0171875 
0 0.5171875 0.87421875 0.028125 0.0140625 
0 0.515625 0.90234375 0.028125 0.0140625 
0 0.5125 0.95078125 0.028125 0.0140625 
0 0.4359375 0.98046875 0.025 0.0109375 
0 0.303125 0.9875 0.028125 0.0125 
0 0.40625 0.8828125 0.028125 0.015625 
0 0.4390625 0.86796875 0.028125 0.0140625 
0 0.409375 0.86640625 0.028125 0.0109375 
0 0.3796875 0.49765625 0.015625 0.0265625 
0 0.9578125 0.39140625 0.015625 0.0328125 
0 0.54453125 0.49765625 0.0140625 0.0265625 
0 0.265625 0.63359375 0.01875 0.0296875 
0 0.2984375 0.64765625 0.01875 0.0359375 
0 0.31796875 0.65625 0.0171875 0.03125 
0 0.33359375 0.6609375 0.0171875 0.028125 
0 0.35 0.665625 0.01875 0.03125 
0 0.3640625 0.67109375 0.021875 0.0296875 
0 0.3796875 0.6734375 0.01875 0.03125 
0 0.5671875 0.76484375 0.015625 0.0265625 
0 0.5546875 0.76484375 0.015625 0.0328125 
0 0.58359375 0.76484375 0.0140625 0.0265625 
0 0.6015625 0.76171875 0.015625 0.0296875 
0 0.63046875 0.765625 0.0171875 0.025 
0 0.66015625 0.76484375 0.0140625 0.0265625 
0 0.41171875 0.7578125 0.0265625 0.0125 
0 0.44375 0.75859375 0.028125 0.0140625 
0 0.440625 0.7734375 0.025 0.0125 
0 0.4078125 0.77421875 0.025 0.0140625 
0 0.409375 0.7890625 0.028125 0.0125 
0 0.409375 0.8 0.021875 0.0125 
0 0.4359375 0.80546875 0.028125 0.0140625 
0 0.440625 0.82109375 0.03125 0.0109375 
0 0.40625 0.83359375 0.028125 0.0171875 
0 0.44140625 0.83671875 0.0296875 0.0171875 
0 0.43828125 0.853125 0.0234375 0.0125 
0 0.4078125 0.853125 0.03125 0.0125 
0 0.753125 0.4234375 0.025 0.015625 
0 0.30625 0.41796875 0.021875 0.0328125 
0 0.31953125 0.42265625 0.0203125 0.0265625 
0 0.2421875 0.0984375 0.03125 0.03125 
0 0.26171875 0.1078125 0.0296875 0.03125 
0 0.3171875 0.1625 0.025 0.028125 
0 0.34609375 0.19609375 0.0140625 0.0265625 
0 0.4875 0.4375 0.03125 0.015625 
