0 0.3234375 0.63671875 0.084375 0.0671875 
0 0.3140625 0.6671875 0.071875 0.0625 
0 0.3 0.69765625 0.071875 0.0609375 
1 0.26015625 0.7625 0.0859375 0.075 
0 0.28828125 0.73359375 0.0796875 0.0609375 
0 0.2421875 0.7890625 0.06875 0.059375 
0 0.22421875 0.8171875 0.0671875 0.065625 
0 0.21015625 0.84921875 0.0703125 0.0578125 
0 0.18828125 0.8796875 0.0796875 0.0625 
0 0.178125 0.909375 0.071875 0.0625 
0 0.15625 0.9390625 0.071875 0.0625 
0 0.13984375 0.96796875 0.0734375 0.0640625 
0 0.1984375 0.98671875 0.06875 0.0265625 
0 0.22109375 0.97109375 0.0796875 0.0578125 
0 0.5453125 0.2453125 0.075 0.065625 
0 0.53046875 0.2765625 0.0703125 0.05625 
0 0.51015625 0.30546875 0.0671875 0.0609375 
0 0.36328125 0.578125 0.0703125 0.05625 
0 0.421875 0.13984375 0.065625 0.0609375 
0 0.34375 0.13125 0.071875 0.0625 
0 0.328125 0.1609375 0.078125 0.065625 
0 0.365625 0.10625 0.065625 0.05625 
0 0.4015625 0.16640625 0.078125 0.0609375 
0 0.35 0.61015625 0.078125 0.0671875 
0 0.37734375 0.546875 0.0828125 0.071875 
0 0.49453125 0.3359375 0.0765625 0.065625 
0 0.3921875 0.51640625 0.0875 0.0734375 
0 0.41015625 0.490625 0.0765625 0.0625 
0 0.41875 0.453125 0.078125 0.0625 
0 0.4390625 0.42578125 0.08125 0.0734375 
0 0.45546875 0.39453125 0.0734375 0.0640625 
0 0.475 0.3671875 0.075 0.065625 
0 0.2359375 0.9421875 0.06875 0.0625 
0 0.26875 0.87890625 0.071875 0.0609375 
0 0.28671875 0.85 0.0765625 0.06875 
0 0.4296875 0.9328125 0.075 0.0625 
0 0.58203125 0.18828125 0.0703125 0.0578125 
0 0.59609375 0.16171875 0.0703125 0.0578125 
0 0.60625 0.12421875 0.065625 0.0578125 
0 0.66484375 0.14453125 0.0546875 0.0703125 
1 0.46328125 0.875 0.0859375 0.071875 
0 0.4578125 0.90859375 0.06875 0.0609375 
0 0.415625 0.9609375 0.071875 0.053125 
0 0.58828125 0.275 0.0609375 0.071875 
0 0.4 0.98125 0.078125 0.0375 
0 0.63125 0.2109375 0.059375 0.071875 
0 0.5703125 0.33671875 0.06875 0.0609375 
0 0.3 0.81328125 0.059375 0.0640625 
0 0.4265625 0.6078125 0.075 0.05625 
0 0.31875 0.79453125 0.065625 0.0578125 
0 0.346875 0.76796875 0.071875 0.0671875 
0 0.3578125 0.73515625 0.08125 0.0703125 
0 0.38359375 0.70703125 0.0734375 0.0640625 
0 0.39609375 0.678125 0.0671875 0.053125 
0 0.415625 0.6421875 0.071875 0.05 
0 0.44375 0.58125 0.071875 0.059375 
0 0.5546875 0.36640625 0.06875 0.0515625 
0 0.4515625 0.55234375 0.071875 0.0546875 
0 0.46875 0.528125 0.071875 0.059375 
0 0.484375 0.49375 0.071875 0.065625 
1 0.50703125 0.4671875 0.0765625 0.065625 
0 0.5140625 0.42734375 0.0625 0.0578125 
0 0.53671875 0.4 0.0703125 0.05625 
0 0.43125 0.10546875 0.059375 0.0453125 
0 0.365625 0.225 0.071875 0.0625 
0 0.35625 0.2625 0.0875 0.06875 
0 0.01171875 0.76015625 0.0203125 0.0640625 
0 0.02109375 0.73046875 0.0390625 0.0640625 
0 0.028125 0.70546875 0.053125 0.0609375 
0 0.0359375 0.66875 0.06875 0.05625 
0 0.0546875 0.6390625 0.06875 0.0625 
0 0.0734375 0.6140625 0.071875 0.06875 
0 0.08203125 0.58359375 0.0859375 0.0734375 
0 0.225 0.5 0.084375 0.078125 
0 0.0984375 0.7078125 0.075 0.0625 
0 0.11640625 0.67734375 0.0703125 0.0609375 
0 0.1515625 0.61875 0.075 0.065625 
0 0.1671875 0.584375 0.06875 0.059375 
0 0.1828125 0.55625 0.075 0.065625 
0 0.20859375 0.53515625 0.0703125 0.0671875 
0 0.23828125 0.465625 0.0734375 0.05625 
0 0.065625 0.7640625 0.06875 0.059375 
0 0.2578125 0.43359375 0.0875 0.0703125 
0 0.2640625 0.4 0.06875 0.0625 
0 0.2953125 0.37890625 0.078125 0.0671875 
0 0.31171875 0.3515625 0.0828125 0.071875 
0 0.3265625 0.3171875 0.08125 0.0625 
0 0.34296875 0.28984375 0.0734375 0.0578125 
0 0.07890625 0.73671875 0.0671875 0.0609375 
0 0.0484375 0.796875 0.06875 0.0625 
0 0.11015625 0.553125 0.0703125 0.059375 
0 0.22734375 0.3453125 0.0734375 0.059375 
0 0.128125 0.52109375 0.071875 0.0640625 
0 0.15078125 0.496875 0.0734375 0.0625 
0 0.1515625 0.45859375 0.08125 0.0640625 
0 0.17421875 0.4328125 0.0796875 0.065625 
0 0.1875 0.39921875 0.078125 0.0671875 
0 0.2015625 0.3703125 0.08125 0.059375 
0 0.2453125 0.31796875 0.06875 0.0578125 
0 0.03359375 0.8234375 0.0640625 0.059375 
0 0.2578125 0.28203125 0.06875 0.0609375 
0 0.27109375 0.253125 0.0765625 0.065625 
0 0.290625 0.2203125 0.075 0.059375 
0 0.30390625 0.190625 0.0859375 0.06875 
0 0.01796875 0.89453125 0.0328125 0.0640625 
0 0.0265625 0.8609375 0.05 0.065625 
0 0.4828125 0.98359375 0.075 0.0328125 
0 0.5046875 0.97109375 0.06875 0.0578125 
0 0.5140625 0.94296875 0.071875 0.0609375 
0 0.0125 0.4421875 0.021875 0.065625 
0 0.021875 0.4140625 0.040625 0.059375 
0 0.0296875 0.3859375 0.05625 0.059375 
0 0.040625 0.3546875 0.078125 0.071875 
0 0.00625 0.31328125 0.009375 0.0671875 
0 0.0484375 0.32109375 0.06875 0.0578125 
0 0.01171875 0.2828125 0.0203125 0.06875 
0 0.05234375 0.97890625 0.0640625 0.0421875 
0 0.06875 0.28828125 0.071875 0.0578125 
0 0.01953125 0.2546875 0.0359375 0.06875 
0 0.0734375 0.26015625 0.071875 0.0609375 
0 0.10234375 0.23515625 0.0796875 0.0609375 
0 0.06875 0.13515625 0.071875 0.0640625 
0 0.03515625 0.1953125 0.0671875 0.059375 
0 0.05234375 0.1703125 0.0703125 0.0625 
0 0.1140625 0.19765625 0.0625 0.0578125 
0 0.1328125 0.171875 0.06875 0.0625 
0 0.1421875 0.1390625 0.059375 0.053125 
0 0.16640625 0.1140625 0.0828125 0.06875 
0 0.08203125 0.1046875 0.0734375 0.059375 
0 0.61484375 0.60546875 0.0734375 0.0578125 
0 0.6609375 0.6671875 0.06875 0.059375 
0 0.68203125 0.6421875 0.0671875 0.0625 
0 0.60078125 0.63515625 0.0703125 0.0609375 
0 0.67421875 0.97734375 0.0734375 0.0453125 
0 0.58203125 0.82265625 0.0765625 0.0671875 
0 0.53046875 0.909375 0.0734375 0.0625 
0 0.54453125 0.87734375 0.0703125 0.0609375 
0 0.4859375 0.8453125 0.075 0.0625 
0 0.56328125 0.8484375 0.0734375 0.0625 
0 0.4984375 0.81640625 0.075 0.0671875 
1 0.5140625 0.784375 0.08125 0.065625 
0 0.59921875 0.78828125 0.0734375 0.0609375 
0 0.584375 0.6640625 0.078125 0.0625 
0 0.5359375 0.75625 0.06875 0.0625 
0 0.55078125 0.72421875 0.0734375 0.0640625 
0 0.6125 0.75859375 0.071875 0.0609375 
0 0.62734375 0.728125 0.0703125 0.05625 
0 0.57578125 0.69453125 0.0671875 0.0546875 
0 0.65078125 0.69765625 0.0703125 0.0609375 
0 0.65703125 0.9953125 0.0828125 0.009375 
0 0.925 0.98984375 0.06875 0.0203125 
0 0.91328125 0.4953125 0.0609375 0.084375 
0 0.7515625 0.98359375 0.06875 0.0328125 
0 0.83828125 0.8515625 0.0765625 0.065625 
0 0.690625 0.959375 0.065625 0.059375 
0 0.70625 0.93046875 0.06875 0.0640625 
0 0.80234375 0.909375 0.0703125 0.05625 
0 0.7421875 0.87109375 0.078125 0.0671875 
0 0.765625 0.84609375 0.065625 0.0578125 
0 0.82578125 0.8828125 0.0765625 0.0625 
0 0.7765625 0.81875 0.075 0.059375 
0 0.8703125 0.62109375 0.08125 0.0796875 
0 0.79609375 0.7796875 0.0921875 0.075 
0 0.8625 0.8171875 0.084375 0.06875 
0 0.88515625 0.78984375 0.0859375 0.0734375 
0 0.81640625 0.75625 0.0703125 0.065625 
0 0.8375 0.71953125 0.06875 0.0609375 
0 0.8953125 0.75859375 0.075 0.0578125 
