0 0.3375 0.246875 0.015625 0.03125 
0 0.35546875 0.25078125 0.0140625 0.0359375 
0 0.3734375 0.25390625 0.015625 0.0359375 
0 0.390625 0.25 0.015625 0.03125 
0 0.41015625 0.24921875 0.0140625 0.0296875 
0 0.425 0.2546875 0.015625 0.034375 
0 0.4609375 0.2546875 0.0125 0.03125 
0 0.284375 0.2515625 0.0125 0.028125 
0 0.478125 0.25 0.015625 0.03125 
0 0.496875 0.2546875 0.015625 0.03125 
0 0.515625 0.253125 0.015625 0.03125 
0 0.53359375 0.25625 0.0171875 0.0375 
0 0.5703125 0.25390625 0.015625 0.0328125 
0 0.5875 0.253125 0.015625 0.03125 
0 0.60390625 0.253125 0.0171875 0.034375 
0 0.30234375 0.24921875 0.0140625 0.0296875 
0 0.265625 0.25 0.015625 0.03125 
0 0.24921875 0.24921875 0.0140625 0.0296875 
0 0.62265625 0.253125 0.0171875 0.03125 
0 0.64296875 0.253125 0.0171875 0.028125 
0 0.659375 0.25390625 0.015625 0.0328125 
0 0.678125 0.24921875 0.015625 0.0296875 
0 0.0640625 0.4375 0.03125 0.015625 
1 0.79921875 0.52890625 0.0265625 0.0703125 
1 0.32421875 0.50859375 0.0203125 0.0484375 
0 0.065625 0.29609375 0.03125 0.0140625 
0 0.06875 0.31875 0.03125 0.015625 
0 0.06796875 0.340625 0.0328125 0.015625 
0 0.0890625 0.40703125 0.015625 0.0328125 
0 0.06171875 0.403125 0.0328125 0.015625 
0 0.0609375 0.45625 0.034375 0.015625 
1 0.640625 0.5203125 0.03125 0.05625 
1 0.7671875 0.52421875 0.025 0.0578125 
1 0.59296875 0.30546875 0.0796875 0.0359375 
0 0.93828125 0.284375 0.0171875 0.034375 
0 0.6984375 0.25234375 0.01875 0.0296875 
0 0.715625 0.25390625 0.01875 0.0328125 
0 0.73125 0.25859375 0.01875 0.0359375 
0 0.75234375 0.25546875 0.0171875 0.0296875 
0 0.7703125 0.253125 0.015625 0.03125 
0 0.72109375 0.321875 0.0359375 0.021875 
0 0.984375 0.28515625 0.015625 0.0359375 
1 0.8328125 0.5125 0.025 0.04375 
0 0.99453125 0.365625 0.0109375 0.028125 
0 0.959375 0.3640625 0.015625 0.0375 
0 0.85859375 0.53515625 0.0171875 0.0328125 
1 0.89375 0.3578125 0.01875 0.0375 
1 0.29609375 0.44921875 0.0390625 0.1484375 
1 0.41953125 0.29375 0.1578125 0.05 
1 0.37109375 0.3703125 0.1421875 0.140625 
1 0.515625 0.46328125 0.0375 0.1453125 
1 0.6796875 0.4734375 0.040625 0.15 
1 0.54296875 0.46796875 0.0390625 0.1421875 
