0 0.14921875 0.8171875 0.0421875 0.025 
1 0.53671875 0.0765625 0.0390625 0.028125 
1 0.61875 0.26796875 0.028125 0.0421875 
1 0.63515625 0.26328125 0.0328125 0.0515625 
1 0.65625 0.25703125 0.03125 0.0421875 
1 0.69453125 0.2984375 0.0234375 0.0375 
1 0.5375 0.290625 0.015625 0.0375 
1 0.5578125 0.29609375 0.025 0.0390625 
1 0.57734375 0.28984375 0.0234375 0.0390625 
1 0.68203125 0.26171875 0.0234375 0.0359375 
1 0.6 0.2765625 0.028125 0.040625 
1 0.51171875 0.22109375 0.0359375 0.0265625 
1 0.5046875 0.24453125 0.040625 0.0203125 
1 0.41484375 0.1953125 0.0203125 0.0375 
