1 0.92265625 0.48125 0.1546875 0.146875 
1 0.95078125 0.4546875 0.0984375 0.165625 
1 0.7109375 0.40234375 0.221875 0.1421875 
1 0.53671875 0.0875 0.2296875 0.0625 
0 0.7015625 0.9 0.078125 0.065625 
0 0.6515625 0.89296875 0.075 0.0671875 
0 0.6234375 0.86953125 0.078125 0.0640625 
0 0.6046875 0.84296875 0.08125 0.0671875 
0 0.57734375 0.8171875 0.0796875 0.065625 
0 0.5375 0.78671875 0.08125 0.0609375 
0 0.48828125 0.77578125 0.0796875 0.0640625 
0 0.78671875 0.93203125 0.0703125 0.0578125 
0 0.81171875 0.95390625 0.0796875 0.0640625 
0 0.8484375 0.96953125 0.071875 0.0609375 
0 0.8703125 0.98125 0.075 0.0375 
0 0.92109375 0.98984375 0.0859375 0.0203125 
1 0.91796875 0.684375 0.1640625 0.171875 
