0 0.87109375 0.5171875 0.0296875 0.0375 
0 0.6125 0.06640625 0.0375 0.0359375 
0 0.2015625 0.2390625 0.01875 0.03125 
0 0.60703125 0.7046875 0.0296875 0.021875 
0 0.60546875 0.68828125 0.0328125 0.0140625 
0 0.60703125 0.65546875 0.0296875 0.0171875 
0 0.6078125 0.72109375 0.03125 0.0171875 
0 0.60859375 0.7890625 0.0328125 0.015625 
0 0.2546875 0.23984375 0.015625 0.0265625 
0 0.1859375 0.2421875 0.015625 0.034375 
0 0.45703125 0.38125 0.0328125 0.034375 
0 0.16953125 0.2453125 0.0171875 0.034375 
0 0.51953125 0.47265625 0.0328125 0.0265625 
0 0.509375 0.4546875 0.034375 0.028125 
0 0.4984375 0.44140625 0.034375 0.0328125 
0 0.49140625 0.4234375 0.0265625 0.028125 
0 0.48203125 0.40625 0.0328125 0.034375 
0 0.6015625 0.5890625 0.03125 0.015625 
0 0.70234375 0.82890625 0.0296875 0.0140625 
0 0.7046875 0.8140625 0.03125 0.015625 
0 0.70546875 0.76640625 0.0296875 0.0140625 
0 0.70625 0.74921875 0.034375 0.0171875 
0 0.703125 0.665625 0.034375 0.015625 
0 0.69453125 0.61640625 0.0328125 0.0203125 
0 0.59921875 0.53984375 0.0328125 0.0203125 
0 0.66328125 0.4640625 0.0359375 0.021875 
0 0.659375 0.44609375 0.034375 0.0234375 
0 0.6375 0.39921875 0.0375 0.0296875 
0 0.6296875 0.38515625 0.040625 0.0296875 
0 0.5484375 0.415625 0.034375 0.028125 
0 0.57890625 0.4765625 0.0328125 0.021875 
0 0.56875 0.4609375 0.034375 0.025 
0 0.56875 0.44453125 0.034375 0.0265625 
0 0.53046875 0.38671875 0.0328125 0.0296875 
0 0.47109375 0.39375 0.0328125 0.034375 
0 0.43984375 0.36875 0.0296875 0.034375 
0 0.1328125 0.628125 0.0375 0.05 
0 0.56015625 0.796875 0.0296875 0.015625 
0 0.54921875 0.584375 0.0359375 0.021875 
0 0.56171875 0.69765625 0.0328125 0.0171875 
0 0.56171875 0.7203125 0.0328125 0.01875 
0 0.56171875 0.73515625 0.0328125 0.0171875 
0 0.5625 0.75859375 0.034375 0.0171875 
0 0.5625 0.77421875 0.03125 0.0171875 
0 0.55703125 0.81875 0.0328125 0.015625 
0 0.42734375 0.3546875 0.0296875 0.034375 
0 0.290625 0.3796875 0.021875 0.0375 
0 0.3125 0.38203125 0.028125 0.0359375 
0 0.32890625 0.3921875 0.0265625 0.0375 
0 0.34296875 0.4 0.0296875 0.034375 
0 0.36015625 0.409375 0.0296875 0.034375 
0 0.3796875 0.421875 0.03125 0.03125 
0 0.54609375 0.56328125 0.0359375 0.0203125 
0 0.5453125 0.54375 0.034375 0.021875 
0 0.5390625 0.52421875 0.0375 0.0234375 
0 0.5328125 0.50625 0.034375 0.025 
0 0.20859375 0.2890625 0.0171875 0.0375 
0 0.18984375 0.29296875 0.0203125 0.0359375 
0 0.23046875 0.28984375 0.0171875 0.0390625 
0 0.24765625 0.28828125 0.0171875 0.0328125 
0 0.26875 0.2921875 0.015625 0.03125 
0 0.2875 0.29609375 0.01875 0.0359375 
0 0.30625 0.3 0.021875 0.0375 
0 0.32578125 0.3015625 0.0234375 0.034375 
0 0.34296875 0.31171875 0.0265625 0.0390625 
0 0.36171875 0.3171875 0.0265625 0.0375 
0 0.37421875 0.32421875 0.0296875 0.0359375 
0 0.39140625 0.33515625 0.0296875 0.0390625 
0 0.4109375 0.34375 0.03125 0.0375 
0 0.540625 0.4 0.0375 0.03125 
0 0.49375 0.3484375 0.03125 0.034375 
0 0.484375 0.33671875 0.034375 0.0328125 
0 0.671875 0.48046875 0.0375 0.0234375 
0 0.496875 0.234375 0.028125 0.03125 
0 0.50625 0.24453125 0.028125 0.0359375 
0 0.584375 0.3125 0.028125 0.028125 
0 0.603125 0.33671875 0.0375 0.0296875 
0 0.6140625 0.3515625 0.0375 0.025 
0 0.62421875 0.3671875 0.0390625 0.03125 
0 0.6859375 0.52265625 0.034375 0.0203125 
0 0.50859375 0.3625 0.0328125 0.03125 
0 0.69140625 0.56484375 0.0328125 0.0203125 
0 0.79765625 0.4015625 0.0234375 0.0375 
0 0.815625 0.56015625 0.0125 0.0390625 
0 0.83125 0.7703125 0.015625 0.025 
0 0.81640625 0.6625 0.0171875 0.028125 
0 0.703125 0.64765625 0.028125 0.0171875 
0 0.478125 0.22421875 0.028125 0.0328125 
0 0.46328125 0.2140625 0.0296875 0.034375 
0 0.4515625 0.20546875 0.028125 0.0359375 
0 0.4203125 0.1890625 0.028125 0.034375 
0 0.37265625 0.1703125 0.0234375 0.034375 
0 0.35625 0.165625 0.025 0.0375 
0 0.30546875 0.15625 0.0203125 0.034375 
0 0.284375 0.15234375 0.01875 0.0328125 
0 0.234375 0.1484375 0.015625 0.034375 
0 0.21875 0.14609375 0.015625 0.0296875 
0 0.20234375 0.1453125 0.0203125 0.03125 
0 0.16796875 0.1515625 0.0203125 0.03125 
0 0.14609375 0.14921875 0.0203125 0.0359375 
1 0.1046875 0.16796875 0.025 0.0390625 
1 0.12421875 0.15625 0.0296875 0.046875 
0 0.15390625 0.1953125 0.0359375 0.025 
0 0.70390625 0.71328125 0.0328125 0.0140625 
0 0.70625 0.7953125 0.034375 0.01875 
0 0.2890625 0.23984375 0.021875 0.0328125 
0 0.51796875 0.253125 0.0359375 0.0375 
0 0.4703125 0.3265625 0.03125 0.03125 
0 0.43046875 0.29609375 0.0296875 0.0328125 
0 0.41484375 0.2890625 0.0265625 0.034375 
0 0.3859375 0.27109375 0.025 0.0359375 
0 0.30390625 0.246875 0.0234375 0.03125 
0 0.271875 0.2390625 0.01875 0.03125 
0 0.0890625 0.1796875 0.01875 0.034375 
0 0.184375 0.15234375 0.015625 0.0296875 
0 0.26796875 0.1515625 0.0140625 0.0375 
0 0.24921875 0.15 0.0171875 0.034375 
0 0.31953125 0.1609375 0.0234375 0.0375 
0 0.33671875 0.16328125 0.0234375 0.0359375 
0 0.3859375 0.178125 0.025 0.034375 
0 0.40546875 0.184375 0.0265625 0.034375 
0 0.53203125 0.2640625 0.0296875 0.034375 
0 0.23671875 0.234375 0.0140625 0.034375 
0 0.546875 0.275 0.03125 0.034375 
0 0.56171875 0.2875 0.0296875 0.034375 
0 0.434375 0.1984375 0.021875 0.03125 
0 0.60859375 0.81875 0.0359375 0.0125 
0 0.58828125 0.48984375 0.0359375 0.0234375 
0 0.55859375 0.428125 0.0328125 0.028125 
0 0.52265625 0.36953125 0.0359375 0.0296875 
0 0.46171875 0.315625 0.0296875 0.040625 
0 0.44609375 0.30390625 0.0265625 0.0328125 
0 0.40234375 0.27734375 0.0265625 0.0359375 
0 0.371875 0.265625 0.025 0.040625 
0 0.353125 0.2625 0.021875 0.034375 
0 0.340625 0.25703125 0.01875 0.0328125 
0 0.32578125 0.246875 0.0203125 0.0375 
0 0.40625 0.4421875 0.0375 0.0375 
0 0.88203125 0.06953125 0.0265625 0.0328125 
0 0.65859375 0.01953125 0.0359375 0.0359375 
0 0.67265625 0.03203125 0.0328125 0.0390625 
0 0.68671875 0.03984375 0.0296875 0.0296875 
0 0.69609375 0.053125 0.0328125 0.0375 
0 0.39375 0.42734375 0.034375 0.0359375 
0 0.4140625 0.459375 0.034375 0.034375 
0 0.4296875 0.46953125 0.034375 0.0328125 
0 0.05625 0.33359375 0.028125 0.0359375 
0 0.03515625 0.44375 0.0265625 0.034375 
0 0.01796875 0.45703125 0.0296875 0.0359375 
0 0.009375 0.46328125 0.015625 0.0359375 
0 0.07734375 0.328125 0.0265625 0.034375 
0 0.0390625 0.34375 0.03125 0.0375 
0 0.0234375 0.3515625 0.028125 0.0375 
0 0.01171875 0.3625 0.0203125 0.0375 
0 0.05078125 0.43203125 0.0296875 0.0359375 
0 0.06484375 0.421875 0.0265625 0.0375 
0 0.07890625 0.41328125 0.0265625 0.0328125 
0 0.0984375 0.41015625 0.028125 0.0359375 
0 0.1109375 0.4015625 0.03125 0.04375 
0 0.13046875 0.39296875 0.0265625 0.0390625 
0 0.14765625 0.3828125 0.0265625 0.0375 
0 0.16484375 0.3796875 0.0234375 0.034375 
0 0.1828125 0.371875 0.021875 0.034375 
0 0.20390625 0.37109375 0.0171875 0.0359375 
0 0.22265625 0.371875 0.0171875 0.03125 
0 0.246875 0.3734375 0.015625 0.0375 
0 0.00625 0.525 0.009375 0.034375 
0 0.01328125 0.51328125 0.0234375 0.0328125 
0 0.0265625 0.5078125 0.028125 0.034375 
0 0.04453125 0.49921875 0.0265625 0.0328125 
0 0.05859375 0.490625 0.0296875 0.034375 
0 0.078125 0.48359375 0.025 0.0328125 
0 0.0953125 0.475 0.028125 0.034375 
0 0.115625 0.465625 0.028125 0.034375 
0 0.18125 0.52734375 0.01875 0.0359375 
0 0.44296875 0.77734375 0.0328125 0.0140625 
0 0.440625 0.79609375 0.034375 0.0171875 
0 0.43828125 0.8171875 0.0359375 0.015625 
0 0.16328125 0.59765625 0.0265625 0.0390625 
0 0.14375 0.5421875 0.028125 0.034375 
0 0.1609375 0.5328125 0.025 0.034375 
0 0.19921875 0.5265625 0.0140625 0.034375 
0 0.1328125 0.459375 0.025 0.03125 
0 0.21796875 0.53125 0.0171875 0.03125 
0 0.2390625 0.53046875 0.021875 0.0421875 
0 0.2578125 0.53671875 0.021875 0.0359375 
0 0.27734375 0.54453125 0.0265625 0.0359375 
0 0.29453125 0.5515625 0.0328125 0.03125 
0 0.30390625 0.565625 0.0359375 0.034375 
0 0.44140625 0.74296875 0.0328125 0.0140625 
0 0.44453125 0.76015625 0.0328125 0.0140625 
0 0.440625 0.7234375 0.0375 0.015625 
0 0.44140625 0.70390625 0.0390625 0.0171875 
0 0.475 0.815625 0.028125 0.015625 
0 0.47734375 0.79609375 0.0296875 0.0140625 
0 0.478125 0.77890625 0.03125 0.0171875 
0 0.47890625 0.76171875 0.0359375 0.0140625 
0 0.4765625 0.7421875 0.03125 0.015625 
0 0.478125 0.725 0.034375 0.01875 
0 0.4765625 0.70390625 0.03125 0.0171875 
0 0.46875 0.58203125 0.034375 0.0171875 
0 0.465625 0.55859375 0.034375 0.0203125 
0 0.46171875 0.540625 0.0359375 0.021875 
0 0.4546875 0.5234375 0.034375 0.025 
0 0.44921875 0.50546875 0.0328125 0.0234375 
0 0.440625 0.4890625 0.0375 0.03125 
0 0.31875 0.58203125 0.034375 0.0296875 
0 0.32890625 0.59609375 0.0328125 0.0296875 
0 0.33828125 0.6125 0.0359375 0.025 
0 0.38515625 0.534375 0.0328125 0.028125 
0 0.14765625 0.45390625 0.0265625 0.0359375 
0 0.16484375 0.45 0.0203125 0.03125 
0 0.1828125 0.44765625 0.021875 0.0328125 
0 0.20234375 0.44375 0.0203125 0.034375 
0 0.22109375 0.4453125 0.0203125 0.040625 
0 0.240625 0.446875 0.01875 0.0375 
0 0.2703125 0.4515625 0.025 0.04375 
0 0.2921875 0.45625 0.025 0.0375 
0 0.30625 0.4640625 0.028125 0.034375 
0 0.321875 0.478125 0.028125 0.0375 
0 0.3359375 0.48359375 0.03125 0.0390625 
0 0.3515625 0.4953125 0.03125 0.034375 
0 0.3609375 0.51171875 0.034375 0.0328125 
0 0.37734375 0.5234375 0.0359375 0.03125 
0 0.3953125 0.55 0.0375 0.03125 
0 0.34453125 0.63203125 0.0328125 0.0203125 
0 0.403125 0.56796875 0.0375 0.0296875 
0 0.409375 0.5828125 0.0375 0.028125 
0 0.41796875 0.603125 0.0359375 0.025 
0 0.0453125 0.59609375 0.021875 0.0328125 
0 0.0734375 0.5828125 0.025 0.034375 
0 0.1265625 0.54765625 0.025 0.0328125 
0 0.35625 0.81796875 0.0375 0.0140625 
0 0.3578125 0.80234375 0.0375 0.0171875 
0 0.35859375 0.78359375 0.0359375 0.0171875 
0 0.35859375 0.765625 0.0359375 0.01875 
0 0.36015625 0.74609375 0.0359375 0.0171875 
0 0.35859375 0.72578125 0.0328125 0.0171875 
0 0.35390625 0.6703125 0.0328125 0.021875 
0 0.35078125 0.65234375 0.0359375 0.0203125 
