1 0.16796875 0.68828125 0.0453125 0.0421875 
1 0.1859375 0.45078125 0.05625 0.0515625 
0 0.0125 0.821875 0.021875 0.03125 
0 0.2 0.77265625 0.028125 0.0328125 
0 0.1734375 0.80546875 0.028125 0.0328125 
0 0.92421875 0.99140625 0.0359375 0.0171875 
0 0.93671875 0.98515625 0.0296875 0.0296875 
0 0.946875 0.9765625 0.03125 0.03125 
0 0.95625 0.9609375 0.028125 0.03125 
0 0.97109375 0.946875 0.0328125 0.03125 
0 0.9890625 0.92734375 0.021875 0.0296875 
0 0.99453125 0.91328125 0.0109375 0.0296875 
0 0.46015625 0.7296875 0.0359375 0.03125 
0 0.79765625 0.57734375 0.0390625 0.0296875 
0 0.88203125 0.721875 0.0296875 0.01875 
0 0.50390625 0.84453125 0.0421875 0.0328125 
0 0.61875 0.9765625 0.03125 0.034375 
1 0.62578125 0.96171875 0.0421875 0.0421875 
0 0.640625 0.95 0.03125 0.034375 
0 0.65859375 0.9421875 0.0328125 0.034375 
0 0.6640625 0.9234375 0.0375 0.034375 
0 0.675 0.91015625 0.034375 0.0328125 
0 0.74375 0.6578125 0.03125 0.025 
0 0.68828125 0.90078125 0.0328125 0.0328125 
0 0.69609375 0.8859375 0.0328125 0.03125 
0 0.7109375 0.87578125 0.028125 0.0296875 
0 0.97578125 0.89140625 0.0296875 0.0296875 
0 0.875 0.9921875 0.034375 0.015625 
0 0.8875 0.9859375 0.03125 0.028125 
0 0.896875 0.97578125 0.034375 0.0359375 
0 0.90859375 0.96484375 0.0328125 0.0328125 
0 0.921875 0.95078125 0.034375 0.0359375 
0 0.93125 0.9390625 0.03125 0.03125 
0 0.94296875 0.928125 0.0328125 0.03125 
0 0.9515625 0.91640625 0.03125 0.0265625 
0 0.96484375 0.903125 0.0296875 0.03125 
0 0.98671875 0.878125 0.0265625 0.03125 
0 0.72109375 0.8640625 0.0328125 0.03125 
0 0.98046875 0.84140625 0.0328125 0.0203125 
0 0.95546875 0.80234375 0.0203125 0.0328125 
0 0.93359375 0.80078125 0.0171875 0.0328125 
0 0.9140625 0.80390625 0.01875 0.0359375 
0 0.896875 0.79921875 0.01875 0.0328125 
0 0.86640625 0.87890625 0.0359375 0.0328125 
0 0.853125 0.89375 0.03125 0.03125 
0 0.84453125 0.90390625 0.0296875 0.0328125 
0 0.83203125 0.91953125 0.0296875 0.0296875 
0 0.8234375 0.9328125 0.034375 0.034375 
0 0.79296875 0.91015625 0.0328125 0.0359375 
0 0.80546875 0.89765625 0.0296875 0.0328125 
0 0.81953125 0.88359375 0.0296875 0.0296875 
0 0.73671875 0.8515625 0.0328125 0.034375 
0 0.2765625 0.6640625 0.03125 0.028125 
0 0.29921875 0.6953125 0.0234375 0.0375 
0 0.21484375 0.28515625 0.0296875 0.0234375 
0 0.4078125 0.22109375 0.028125 0.0296875 
0 0.41953125 0.23828125 0.0328125 0.0296875 
