0 0.86484375 0.9078125 0.0265625 0.034375 
0 0.89609375 0.92421875 0.0234375 0.0328125 
0 0.48984375 0.803125 0.0171875 0.034375 
0 0.9703125 0.9671875 0.028125 0.0375 
0 0.91171875 0.93671875 0.0265625 0.0359375 
0 0.18828125 0.87890625 0.0296875 0.0328125 
0 0.19921875 0.86640625 0.0328125 0.0296875 
0 0.209375 0.85234375 0.034375 0.0296875 
0 0.221875 0.8375 0.03125 0.028125 
0 0.23359375 0.82578125 0.0296875 0.0296875 
0 0.24453125 0.81171875 0.0296875 0.0296875 
0 0.08046875 0.99140625 0.0359375 0.0171875 
0 0.09296875 0.98515625 0.0296875 0.0296875 
0 0.103125 0.9765625 0.03125 0.03125 
0 0.1125 0.9609375 0.028125 0.03125 
0 0.12734375 0.946875 0.0328125 0.03125 
0 0.14921875 0.92734375 0.0296875 0.0296875 
0 0.16171875 0.91328125 0.0328125 0.0296875 
0 0.2625 0.7984375 0.0375 0.034375 
0 0.32265625 0.9046875 0.0328125 0.03125 
0 0.24765625 0.9296875 0.0296875 0.03125 
0 0.26171875 0.92265625 0.0359375 0.0359375 
0 0.2734375 0.90546875 0.034375 0.0328125 
0 0.284375 0.8921875 0.034375 0.03125 
0 0.29609375 0.88046875 0.0296875 0.0296875 
0 0.33515625 0.88984375 0.0296875 0.0296875 
0 0.31171875 0.91796875 0.0359375 0.0328125 
0 0.29765625 0.928125 0.0328125 0.03125 
0 0.28828125 0.94296875 0.0328125 0.0296875 
0 0.27421875 0.95625 0.0328125 0.034375 
0 0.2625 0.96796875 0.03125 0.0328125 
0 0.2515625 0.9828125 0.03125 0.03125 
0 0.2421875 0.98984375 0.03125 0.0203125 
0 0.23359375 0.9515625 0.0296875 0.025 
0 0.2203125 0.965625 0.03125 0.03125 
0 0.21171875 0.9796875 0.0296875 0.034375 
0 0.19609375 0.9890625 0.0296875 0.021875 
0 0.32109375 0.46171875 0.0421875 0.0234375 
0 0.40703125 0.51953125 0.0328125 0.0171875 
0 0.2828125 0.5296875 0.034375 0.021875 
0 0.23359375 0.5828125 0.0421875 0.028125 
0 0.03828125 0.721875 0.0296875 0.01875 
0 0.20390625 0.42421875 0.0328125 0.0203125 
0 0.58515625 0.73828125 0.0359375 0.0171875 
0 0.63125 0.6984375 0.034375 0.01875 
0 0.703125 0.70625 0.03125 0.028125 
0 0.75234375 0.73984375 0.0359375 0.0265625 
0 0.771875 0.71015625 0.028125 0.0203125 
0 0.7984375 0.7359375 0.034375 0.01875 
0 0.48515625 0.37109375 0.0390625 0.0140625 
0 0.6296875 0.45234375 0.034375 0.0140625 
0 0.78984375 0.37734375 0.0359375 0.0234375 
0 0.85859375 0.4046875 0.0359375 0.015625 
0 0.925 0.4171875 0.034375 0.0125 
0 0.92734375 0.484375 0.0453125 0.028125 
0 0.9890625 0.43671875 0.021875 0.0234375 
0 0.13203125 0.89140625 0.0296875 0.0296875 
0 0.03125 0.9921875 0.034375 0.015625 
0 0.04375 0.9859375 0.03125 0.028125 
0 0.053125 0.97578125 0.034375 0.0359375 
0 0.06484375 0.96484375 0.0328125 0.0328125 
0 0.078125 0.95078125 0.034375 0.0359375 
0 0.0875 0.9390625 0.03125 0.03125 
0 0.09921875 0.928125 0.0328125 0.03125 
0 0.1078125 0.91640625 0.03125 0.0265625 
0 0.12109375 0.903125 0.0296875 0.03125 
0 0.14453125 0.878125 0.0296875 0.03125 
0 0.13671875 0.84140625 0.0328125 0.0203125 
0 0.11171875 0.80234375 0.0203125 0.0328125 
0 0.08984375 0.80078125 0.0171875 0.0328125 
0 0.0703125 0.80390625 0.01875 0.0359375 
0 0.053125 0.79921875 0.01875 0.0328125 
0 0.02265625 0.87890625 0.0359375 0.0328125 
0 0.01328125 0.89375 0.0234375 0.03125 
0 0.00859375 0.90390625 0.0140625 0.0328125 
0 0.23515625 0.9953125 0.0328125 0.009375 
0 0.47265625 0.9140625 0.0296875 0.03125 
0 0.4625 0.9296875 0.028125 0.025 
0 0.70546875 0.99296875 0.0296875 0.0140625 
0 0.7171875 0.98515625 0.03125 0.0296875 
0 0.73125 0.97421875 0.03125 0.0296875 
0 0.56484375 0.93671875 0.0359375 0.0359375 
0 0.5546875 0.95 0.034375 0.03125 
0 0.5375 0.9609375 0.034375 0.03125 
0 0.5265625 0.97265625 0.03125 0.0328125 
0 0.51875 0.98671875 0.028125 0.0265625 
0 0.509375 0.99296875 0.03125 0.0140625 
0 0.45859375 0.796875 0.0203125 0.034375 
0 0.59375 0.8234375 0.021875 0.040625 
0 0.55703125 0.81875 0.0203125 0.04375 
0 0.54296875 0.80625 0.0171875 0.034375 
0 0.52421875 0.80546875 0.0171875 0.0359375 
0 0.5078125 0.80390625 0.015625 0.0359375 
0 0.47578125 0.79765625 0.0171875 0.0328125 
0 0.4421875 0.79375 0.01875 0.0375 
0 0.425 0.79453125 0.01875 0.0390625 
0 0.40625 0.7921875 0.01875 0.04375 
0 0.3515625 0.9859375 0.034375 0.028125 
0 0.340625 0.9921875 0.03125 0.015625 
0 0.365625 0.975 0.03125 0.03125 
0 0.3765625 0.9671875 0.03125 0.03125 
0 0.6140625 0.8203125 0.015625 0.034375 
0 0.6375 0.82109375 0.01875 0.0359375 
0 0.6546875 0.825 0.01875 0.034375 
0 0.3859375 0.95234375 0.03125 0.0328125 
0 0.3984375 0.9421875 0.034375 0.03125 
0 0.41171875 0.92890625 0.0296875 0.0296875 
0 0.38984375 0.99375 0.0359375 0.0125 
0 0.40234375 0.98828125 0.0328125 0.0234375 
0 0.41015625 0.9765625 0.0328125 0.03125 
0 0.42578125 0.9640625 0.0359375 0.03125 
0 0.43671875 0.95 0.0296875 0.034375 
0 0.45 0.940625 0.03125 0.034375 
0 0.43359375 0.90078125 0.0359375 0.0328125 
0 0.99140625 0.9859375 0.0171875 0.028125 
0 0.9171875 0.78828125 0.034375 0.0234375 
0 0.93359375 0.77265625 0.0359375 0.0265625 
0 0.978125 0.79140625 0.0375 0.0296875 
0 0.94453125 0.82734375 0.0390625 0.0328125 
0 0.98359375 0.98046875 0.0265625 0.0328125 
0 0.96015625 0.9546875 0.0265625 0.034375 
0 0.94453125 0.94609375 0.0296875 0.0390625 
0 0.9265625 0.940625 0.028125 0.04375 
0 0.8171875 0.8859375 0.025 0.034375 
0 0.88359375 0.91484375 0.0265625 0.0359375 
0 0.82265625 0.98984375 0.0359375 0.0203125 
