0 0.8 0.26484375 0.03125 0.0296875 
0 0.821875 0.23828125 0.028125 0.0328125 
0 0.81015625 0.25234375 0.0265625 0.0265625 
0 0.921875 0.15546875 0.0375 0.0328125 
0 0.94765625 0.2796875 0.0265625 0.028125 
0 0.33046875 0.378125 0.0265625 0.021875 
0 0.32734375 0.40390625 0.0203125 0.0296875 
0 0.3421875 0.503125 0.021875 0.03125 
0 0.70546875 0.55390625 0.0265625 0.0234375 
0 0.86171875 0.36015625 0.0265625 0.0296875 
0 0.9 0.55078125 0.021875 0.0234375 
0 0.8125 0.65546875 0.028125 0.0328125 
0 0.54375 0.553125 0.01875 0.028125 
0 0.3578125 0.6609375 0.028125 0.025 
0 0.4 0.64765625 0.028125 0.0265625 
0 0.371875 0.77578125 0.025 0.0328125 
0 0.39375 0.80078125 0.03125 0.0359375 
0 0.3890625 0.82109375 0.034375 0.0296875 
0 0.253125 0.86875 0.021875 0.028125 
0 0.23984375 0.8453125 0.0234375 0.034375 
0 0.65546875 0.93828125 0.0328125 0.0328125 
0 0.29296875 0.9875 0.0390625 0.025 
1 0.75546875 0.859375 0.0359375 0.034375 
0 0.64921875 0.8421875 0.0234375 0.03125 
0 0.81015625 0.6234375 0.0296875 0.028125 
0 0.9078125 0.58125 0.034375 0.034375 
0 0.9640625 0.6109375 0.025 0.03125 
0 0.82578125 0.17421875 0.0265625 0.0265625 
0 0.62890625 0.53671875 0.0328125 0.0328125 
0 0.98203125 0.22421875 0.0296875 0.0328125 
0 0.34609375 0.48125 0.0296875 0.0375 
0 0.371875 0.46328125 0.03125 0.0328125 
0 0.4328125 0.475 0.028125 0.03125 
0 0.56953125 0.27890625 0.0328125 0.0296875 
0 0.4921875 0.20546875 0.021875 0.0234375 
0 0.35390625 0.53359375 0.0234375 0.0296875 
