0 0.74765625 0.3859375 0.0171875 0.03125 
0 0.7625 0.38828125 0.015625 0.0359375 
0 0.77734375 0.3875 0.0171875 0.03125 
0 0.80703125 0.390625 0.0109375 0.028125 
0 0.825 0.3890625 0.015625 0.03125 
0 0.8390625 0.38984375 0.0125 0.0328125 
0 0.85546875 0.390625 0.0140625 0.034375 
0 0.8828125 0.3921875 0.015625 0.03125 
0 0.99140625 0.4734375 0.0140625 0.028125 
0 0.73046875 0.3875 0.0171875 0.028125 
0 0.71484375 0.38828125 0.0140625 0.0296875 
0 0.69921875 0.390625 0.0171875 0.03125 
0 0.6984375 0.35546875 0.015625 0.0328125 
0 0.99375 0.3625 0.0125 0.034375 
0 0.9171875 0.35859375 0.0125 0.0328125 
0 0.9015625 0.3578125 0.015625 0.028125 
0 0.87109375 0.36171875 0.0171875 0.0359375 
0 0.8546875 0.36015625 0.0125 0.0328125 
0 0.8390625 0.36015625 0.0125 0.0328125 
0 0.82265625 0.3578125 0.0140625 0.03125 
0 0.78046875 0.35546875 0.0171875 0.0328125 
0 0.7625 0.353125 0.015625 0.03125 
0 0.746875 0.35625 0.015625 0.028125 
0 0.73046875 0.35390625 0.0140625 0.0328125 
0 0.71640625 0.35390625 0.0140625 0.0390625 
0 0.96171875 0.4734375 0.0140625 0.028125 
0 0.94453125 0.47109375 0.0140625 0.0328125 
0 0.91796875 0.47421875 0.0140625 0.0359375 
0 0.67890625 0.58203125 0.0140625 0.0359375 
0 0.72421875 0.57578125 0.0171875 0.0359375 
0 0.74140625 0.57421875 0.0140625 0.0328125 
0 0.78828125 0.57734375 0.0140625 0.0296875 
0 0.80390625 0.57734375 0.0140625 0.0328125 
0 0.86640625 0.59453125 0.0140625 0.0328125 
0 0.9453125 0.61171875 0.01875 0.0328125 
0 0.8828125 0.4703125 0.0125 0.03125 
0 0.86640625 0.4703125 0.0140625 0.028125 
0 0.85234375 0.4734375 0.0140625 0.034375 
0 0.83828125 0.47109375 0.0171875 0.0296875 
0 0.8234375 0.4703125 0.015625 0.03125 
0 0.8078125 0.4671875 0.015625 0.034375 
0 0.79140625 0.4671875 0.0140625 0.028125 
0 0.7453125 0.46953125 0.0125 0.0328125 
0 0.7296875 0.4671875 0.01875 0.028125 
0 0.71171875 0.47109375 0.0140625 0.0328125 
0 0.696875 0.4671875 0.015625 0.03125 
0 0.68125 0.4640625 0.015625 0.028125 
0 0.6796875 0.50078125 0.015625 0.0328125 
0 0.71171875 0.50234375 0.0140625 0.0328125 
0 0.74375 0.49921875 0.01875 0.0296875 
0 0.7578125 0.4953125 0.0125 0.03125 
0 0.77265625 0.496875 0.0140625 0.03125 
0 0.790625 0.49921875 0.0125 0.0359375 
0 0.81875 0.50234375 0.015625 0.0296875 
0 0.69609375 0.21875 0.0296875 0.015625 
0 0.696875 0.25078125 0.03125 0.0109375 
0 0.6984375 0.23515625 0.03125 0.0140625 
0 0.6984375 0.20078125 0.025 0.0140625 
0 0.69921875 0.17109375 0.0265625 0.0140625 
0 0.7828125 0.01484375 0.034375 0.0109375 
0 0.78359375 0.0296875 0.0328125 0.009375 
0 0.78359375 0.04609375 0.0296875 0.0140625 
0 0.78203125 0.0609375 0.0296875 0.009375 
0 0.78359375 0.07734375 0.0328125 0.0171875 
0 0.77578125 0.1453125 0.0296875 0.0125 
0 0.7796875 0.19609375 0.034375 0.0109375 
0 0.7796875 0.20859375 0.034375 0.0140625 
0 0.77890625 0.22578125 0.0296875 0.0109375 
0 0.7796875 0.2390625 0.03125 0.015625 
0 0.70234375 0.05703125 0.0328125 0.0109375 
0 0.7015625 0.071875 0.028125 0.0125 
0 0.7 0.0859375 0.028125 0.0125 
0 0.70078125 0.10234375 0.0296875 0.0109375 
0 0.70078125 0.11796875 0.0265625 0.0109375 
0 0.69921875 0.13203125 0.0234375 0.0109375 
0 0.70078125 0.146875 0.0265625 0.0125 
