0 0.82578125 0.51796875 0.0390625 0.0265625 
0 0.953125 0.4515625 0.034375 0.015625 
0 0.6046875 0.35 0.0375 0.028125 
0 0.71484375 0.3984375 0.0359375 0.025 
0 0.70859375 0.42265625 0.0328125 0.0234375 
0 0.840625 0.45546875 0.03125 0.0171875 
0 0.409375 0.3625 0.034375 0.03125 
0 0.49609375 0.25703125 0.0328125 0.0296875 
0 0.41953125 0.19609375 0.0296875 0.0296875 
0 0.3296875 0.1359375 0.025 0.03125 
1 0.13046875 0.87578125 0.0234375 0.0359375 
0 0.1484375 0.275 0.034375 0.03125 
0 0.21875 0.190625 0.03125 0.034375 
1 0.10546875 0.8890625 0.0203125 0.034375 
0 0.8359375 0.0375 0.03125 0.015625 
0 0.846875 0.00859375 0.03125 0.0140625 
0 0.840625 0.0234375 0.034375 0.01875 
0 0.8703125 0.04453125 0.028125 0.0203125 
0 0.875 0.02890625 0.034375 0.0234375 
0 0.878125 0.01484375 0.03125 0.0171875 
0 0.88828125 0.1578125 0.0234375 0.034375 
0 0.8625 0.1515625 0.021875 0.0375 
0 0.8375 0.146875 0.021875 0.034375 
0 0.81328125 0.140625 0.0234375 0.0375 
0 0.909375 0.16328125 0.01875 0.0359375 
0 0.93125 0.16328125 0.01875 0.0359375 
0 0.9609375 0.171875 0.01875 0.034375 
0 0.9828125 0.1765625 0.015625 0.034375 
0 0.584375 0.0109375 0.028125 0.01875 
0 0.59921875 0.01796875 0.0296875 0.0359375 
0 0.765625 0.12265625 0.025 0.0390625 
1 0.88671875 0.29140625 0.0421875 0.0171875 
1 0.83671875 0.27890625 0.0453125 0.0203125 
1 0.334375 0.940625 0.028125 0.0375 
1 0.35234375 0.94765625 0.0328125 0.0390625 
1 0.45 0.99375 0.03125 0.0125 
0 0.959375 0.0140625 0.034375 0.025 
0 0.9875 0.02578125 0.025 0.0203125 
0 0.9921875 0.009375 0.015625 0.015625 
1 0.8 0.24921875 0.075 0.0296875 
