0 0.90546875 0.8578125 0.0171875 0.028125 
0 0.7171875 0.8109375 0.015625 0.03125 
0 0.69765625 0.8109375 0.0140625 0.03125 
0 0.68515625 0.8109375 0.0171875 0.03125 
0 0.665625 0.80859375 0.01875 0.0296875 
0 0.97109375 0.86484375 0.0171875 0.0296875 
0 0.98828125 0.8640625 0.0140625 0.03125 
0 0.73359375 0.8109375 0.0140625 0.03125 
0 0.63046875 0.80703125 0.0140625 0.0328125 
0 0.946875 0.825 0.01875 0.03125 
0 0.9296875 0.82578125 0.0125 0.0296875 
0 0.871875 0.81953125 0.015625 0.0328125 
0 0.81015625 0.81875 0.0140625 0.034375 
0 0.77890625 0.8140625 0.0109375 0.034375 
0 0.86875 0.2734375 0.03125 0.015625 
0 0.91015625 0.27734375 0.0328125 0.0171875 
0 0.83046875 0.271875 0.0328125 0.015625 
0 0.6125 0.00546875 0.0375 0.0078125 
0 0.646875 0.01484375 0.0375 0.0265625 
0 0.63671875 0.02578125 0.0359375 0.0265625 
0 0.803125 0.2859375 0.028125 0.0125 
0 0.83203125 0.23203125 0.0359375 0.0171875 
0 0.78125 0.13828125 0.0375 0.0140625 
0 0.81171875 0.14140625 0.0265625 0.0140625 
0 0.84140625 0.140625 0.0328125 0.015625 
0 0.6921875 0.18515625 0.03125 0.0140625 
0 0.65625 0.1984375 0.028125 0.0125 
0 0.6515625 0.21640625 0.03125 0.0171875 
0 0.7953125 0.21015625 0.034375 0.0171875 
0 0.86875 0.21484375 0.03125 0.0171875 
0 0.8671875 0.234375 0.034375 0.01875 
0 0.6375 0.2546875 0.0375 0.015625 
0 0.70859375 0.26015625 0.0328125 0.0140625 
0 0.7453125 0.2640625 0.034375 0.015625 
0 0.8015625 0.2484375 0.025 0.015625 
0 0.63125 0.28046875 0.034375 0.0140625 
0 0.66953125 0.28359375 0.0359375 0.0140625 
0 0.74609375 0.1375 0.0359375 0.015625 
0 0.71484375 0.13515625 0.0296875 0.0140625 
0 0.68203125 0.134375 0.0296875 0.015625 
0 0.8640625 0.11640625 0.03125 0.0140625 
0 0.7828125 0.03671875 0.0375 0.0171875 
0 0.73359375 0.0546875 0.0328125 0.01875 
0 0.76953125 0.0546875 0.0359375 0.015625 
0 0.80546875 0.05546875 0.0359375 0.0171875 
0 0.84296875 0.05859375 0.0390625 0.0171875 
0 0.878125 0.06171875 0.028125 0.0140625 
0 0.91328125 0.06484375 0.0328125 0.0140625 
0 0.95 0.0671875 0.034375 0.015625 
0 0.8609375 0.1 0.034375 0.015625 
0 0.89140625 0.10234375 0.0328125 0.0140625 
0 0.9234375 0.103125 0.03125 0.015625 
0 0.73359375 0.10703125 0.0359375 0.0140625 
0 0.76875 0.10859375 0.03125 0.0140625 
0 0.79921875 0.11015625 0.0265625 0.0171875 
0 0.83125 0.1109375 0.034375 0.0125 
0 0.56640625 0.178125 0.0296875 0.025 
0 0.59765625 0.1265625 0.0328125 0.025 
0 0.6 0.109375 0.03125 0.021875 
0 0.584375 0.14296875 0.03125 0.0234375 
0 0.57578125 0.159375 0.0265625 0.021875 
0 0.55703125 0.1953125 0.0296875 0.025 
0 0.55 0.21015625 0.03125 0.0265625 
0 0.53984375 0.22734375 0.0359375 0.0265625 
0 0.53359375 0.246875 0.0390625 0.03125 
0 0.5234375 0.2625 0.034375 0.025 
0 0.5140625 0.2765625 0.034375 0.028125 
0 0.50625 0.2953125 0.034375 0.025 
0 0.51640625 0.0078125 0.0359375 0.0125 
0 0.475 0.2203125 0.03125 0.04375 
0 0.37890625 0.10234375 0.0359375 0.0265625 
0 0.27578125 0.1234375 0.0359375 0.028125 
0 0.26796875 0.13515625 0.0328125 0.0265625 
0 0.26171875 0.153125 0.0359375 0.028125 
0 0.23828125 0.19921875 0.0359375 0.0265625 
0 0.21640625 0.24375 0.0359375 0.025 
0 0.1953125 0.28984375 0.0375 0.0265625 
0 0.19921875 0.275 0.0359375 0.025 
0 0.2078125 0.2625 0.034375 0.028125 
0 0.15390625 0.2859375 0.0390625 0.028125 
0 0.175 0.32109375 0.034375 0.0234375 
0 0.13828125 0.3203125 0.0328125 0.025 
0 0.33046875 0.1921875 0.0359375 0.025 
0 0.08984375 0.2375 0.0359375 0.028125 
0 0.36171875 0.134375 0.0390625 0.03125 
0 0.37109375 0.11875 0.0359375 0.028125 
0 0.28828125 0.0875 0.0359375 0.028125 
0 0.06328125 0.64765625 0.0203125 0.0328125 
0 0.08671875 0.65390625 0.0203125 0.0390625 
0 0.284375 0.1078125 0.0375 0.03125 
0 0.3078125 0.0640625 0.034375 0.028125 
1 0.31953125 0.03125 0.0453125 0.03125 
1 0.478125 0.12890625 0.03125 0.0421875 
1 0.31015625 0.23984375 0.0390625 0.0296875 
1 0.29609375 0.27109375 0.0390625 0.0296875 
1 0.28671875 0.28828125 0.0390625 0.0328125 
1 0.31796875 0.225 0.0390625 0.028125 
0 0.31328125 0.04765625 0.0359375 0.0265625 
0 0.428125 0.01328125 0.03125 0.0234375 
0 0.421875 0.02890625 0.034375 0.0265625 
0 0.4015625 0.05390625 0.0375 0.0265625 
0 0.39375 0.071875 0.034375 0.028125 
0 0.33125 0.93046875 0.03125 0.0359375 
0 0.36015625 0.940625 0.0296875 0.034375 
0 0.3796875 0.95078125 0.028125 0.0328125 
0 0.4046875 0.96484375 0.028125 0.0359375 
0 0.42265625 0.9734375 0.0296875 0.0375 
0 0.45234375 0.9828125 0.0296875 0.034375 
0 0.4703125 0.9875 0.025 0.025 
0 0.4109375 0.99375 0.0375 0.0125 
0 0.21875 0.696875 0.0375 0.01875 
0 0.6015625 0.859375 0.03125 0.03125 
0 0.61484375 0.871875 0.0328125 0.03125 
0 0.66484375 0.90078125 0.0328125 0.0328125 
0 0.61328125 0.9390625 0.0140625 0.0375 
0 0.59453125 0.93984375 0.0140625 0.0359375 
0 0.57734375 0.9359375 0.0171875 0.034375 
