0 0.703125 0.409375 0.028125 0.034375 
0 0.71796875 0.41953125 0.0296875 0.0359375 
0 0.7359375 0.4234375 0.021875 0.03125 
0 0.75703125 0.43515625 0.0234375 0.0359375 
0 0.77421875 0.4453125 0.0234375 0.03125 
0 0.76796875 0.3015625 0.0328125 0.040625 
0 0.815625 0.3234375 0.028125 0.03125 
0 0.7234375 0.315625 0.028125 0.0375 
0 0.82890625 0.3359375 0.0265625 0.03125 
0 0.84375 0.34375 0.025 0.034375 
0 0.8765625 0.35546875 0.025 0.0328125 
0 0.778125 0.346875 0.025 0.0375 
0 0.7953125 0.35625 0.025 0.034375 
0 0.82421875 0.37578125 0.0234375 0.0296875 
0 0.84296875 0.38203125 0.0265625 0.0328125 
0 0.6578125 0.3859375 0.025 0.034375 
0 0.75625 0.28984375 0.025 0.0328125 
0 0.87265625 0.40078125 0.0265625 0.0328125 
0 0.70703125 0.26796875 0.0265625 0.0296875 
0 0.85859375 0.390625 0.0265625 0.0375 
0 0.9453125 0.45 0.01875 0.034375 
0 0.90625 0.2140625 0.03125 0.01875 
0 0.90078125 0.2484375 0.0359375 0.0125 
0 0.903125 0.2328125 0.034375 0.015625 
0 0.90859375 0.1234375 0.0359375 0.01875 
0 0.90625 0.14453125 0.03125 0.0171875 
0 0.90625 0.16171875 0.034375 0.0171875 
0 0.90546875 0.1796875 0.0328125 0.015625 
0 0.90859375 0.2 0.0328125 0.0125 
0 0.92734375 0.10625 0.0453125 0.01875 
0 0.9 0.2671875 0.028125 0.015625 
0 0.94609375 0.13046875 0.0390625 0.0203125 
0 0.96796875 0.4625 0.0171875 0.03125 
0 0.971875 0.37421875 0.01875 0.0390625 
0 0.9921875 0.37109375 0.015625 0.0359375 
0 0.846875 0.48828125 0.025 0.0359375 
0 0.8625 0.4984375 0.028125 0.0375 
0 0.88359375 0.51171875 0.0234375 0.0359375 
0 0.94375 0.14765625 0.034375 0.0171875 
0 0.9359375 0.26875 0.034375 0.015625 
0 0.9390625 0.25078125 0.034375 0.0171875 
0 0.94453125 0.234375 0.0328125 0.015625 
0 0.94453125 0.215625 0.0328125 0.0125 
0 0.94765625 0.20234375 0.0328125 0.0140625 
0 0.9453125 0.18515625 0.03125 0.0109375 
0 0.9453125 0.1640625 0.034375 0.0125 
0 0.0125 0.553125 0.021875 0.025 
0 0.0515625 0.9875 0.021875 0.025 
1 0.0734375 0.95625 0.040625 0.03125 
1 0.0640625 0.48046875 0.040625 0.0296875 
0 0.21875 0.9703125 0.034375 0.040625 
0 0.184375 0.95 0.03125 0.034375 
0 0.284375 0.9328125 0.03125 0.03125 
0 0.48125 0.44765625 0.028125 0.0359375 
0 0.50390625 0.4484375 0.0234375 0.03125 
0 0.49765625 0.61015625 0.0390625 0.0140625 
0 0.3875 0.56484375 0.03125 0.0390625 
0 0.41875 0.5109375 0.03125 0.0375 
0 0.36484375 0.6046875 0.0265625 0.034375 
0 0.34609375 0.64140625 0.0296875 0.0359375 
0 0.59296875 0.353125 0.0296875 0.040625 
1 0.47734375 0.25859375 0.0796875 0.0828125 
0 0.45546875 0.44609375 0.0359375 0.0453125 
0 0.15390625 0.496875 0.0390625 0.025 
