0 0.35546875 0.77265625 0.0328125 0.0296875 
0 0.34140625 0.7859375 0.0296875 0.034375 
0 0.33046875 0.8 0.0296875 0.034375 
0 0.31796875 0.8109375 0.0359375 0.034375 
0 0.30546875 0.82578125 0.0328125 0.0296875 
0 0.28359375 0.846875 0.0296875 0.028125 
0 0.19296875 0.9546875 0.0328125 0.03125 
0 0.271875 0.8609375 0.03125 0.03125 
0 0.26171875 0.87578125 0.0328125 0.0328125 
0 0.25 0.8890625 0.034375 0.034375 
0 0.23671875 0.90078125 0.0328125 0.0328125 
0 0.225 0.915625 0.034375 0.03125 
0 0.2125 0.92890625 0.021875 0.0265625 
0 0.42265625 0.81015625 0.0390625 0.0359375 
0 0.41484375 0.8234375 0.0296875 0.028125 
0 0.40078125 0.83984375 0.0328125 0.0328125 
0 0.3890625 0.85078125 0.03125 0.0328125 
0 0.378125 0.8609375 0.03125 0.03125 
0 0.3671875 0.87578125 0.03125 0.0296875 
0 0.353125 0.8859375 0.0375 0.034375 
0 0.340625 0.90078125 0.034375 0.0328125 
0 0.328125 0.9140625 0.0375 0.034375 
0 0.31640625 0.928125 0.0328125 0.03125 
0 0.30546875 0.93828125 0.0296875 0.0296875 
0 0.2953125 0.9515625 0.03125 0.03125 
0 0.28359375 0.96484375 0.0328125 0.0328125 
0 0.27265625 0.97734375 0.0328125 0.0296875 
0 0.2625 0.9875 0.034375 0.025 
0 0.2515625 0.99453125 0.03125 0.0109375 
0 0.2 0.93984375 0.03125 0.0296875 
0 0.18125 0.965625 0.03125 0.028125 
0 0.28203125 0.68046875 0.0328125 0.0296875 
0 0.246875 0.83671875 0.034375 0.0328125 
0 0.17890625 0.91484375 0.0296875 0.0296875 
0 0.18984375 0.90390625 0.0265625 0.0265625 
0 0.20078125 0.89140625 0.0296875 0.0296875 
0 0.2125 0.878125 0.034375 0.034375 
0 0.225 0.86640625 0.034375 0.0328125 
0 0.2359375 0.85 0.034375 0.03125 
0 0.2578125 0.8234375 0.03125 0.03125 
0 0.16953125 0.97734375 0.0265625 0.0265625 
0 0.27109375 0.81171875 0.0296875 0.0296875 
0 0.28125 0.8015625 0.028125 0.03125 
0 0.2921875 0.7875 0.03125 0.034375 
0 0.30546875 0.77734375 0.0328125 0.0328125 
0 0.315625 0.76171875 0.03125 0.0328125 
0 0.328125 0.7515625 0.03125 0.03125 
0 0.1671875 0.92734375 0.03125 0.0328125 
0 0.153125 0.93984375 0.034375 0.0328125 
0 0.1453125 0.95390625 0.03125 0.0265625 
0 0.12890625 0.9625 0.0359375 0.034375 
0 0.115625 0.9796875 0.034375 0.034375 
0 0.10703125 0.9890625 0.0265625 0.021875 
0 0.09765625 0.99453125 0.0328125 0.0109375 
0 0.1484375 0.99375 0.03125 0.0125 
0 0.15703125 0.9875 0.0296875 0.025 
0 0.42734375 0.98125 0.0328125 0.03125 
0 0.4140625 0.9890625 0.03125 0.021875 
0 0.43984375 0.96875 0.0359375 0.0375 
0 0.453125 0.953125 0.028125 0.025 
0 0.4609375 0.93828125 0.03125 0.0296875 
0 0.47109375 0.92734375 0.0359375 0.0296875 
0 0.48515625 0.91171875 0.0328125 0.0296875 
0 0.49921875 0.9 0.0359375 0.03125 
0 0.51015625 0.88515625 0.0359375 0.0296875 
0 0.4515625 0.83515625 0.034375 0.0359375 
0 0.4375 0.8484375 0.03125 0.03125 
0 0.425 0.8625 0.03125 0.034375 
0 0.4171875 0.8765625 0.034375 0.034375 
0 0.29765625 0.99296875 0.0328125 0.0140625 
0 0.31015625 0.9875 0.0296875 0.025 
0 0.321875 0.978125 0.03125 0.03125 
0 0.334375 0.96328125 0.03125 0.0328125 
0 0.34453125 0.95390625 0.0296875 0.0328125 
0 0.3578125 0.940625 0.03125 0.03125 
0 0.36796875 0.92734375 0.0296875 0.0296875 
0 0.37890625 0.91484375 0.0359375 0.0328125 
0 0.39140625 0.903125 0.0328125 0.034375 
0 0.403125 0.890625 0.034375 0.03125 
0 0.3390625 0.7359375 0.03125 0.034375 
0 0.26796875 0.69921875 0.0328125 0.0359375 
0 0.0859375 0.3875 0.028125 0.03125 
0 0.09765625 0.39921875 0.0296875 0.0296875 
0 0.10234375 0.4171875 0.0296875 0.034375 
0 0.121875 0.425 0.03125 0.034375 
0 0.13671875 0.434375 0.0296875 0.028125 
0 0.14921875 0.44453125 0.0234375 0.0265625 
0 0.1578125 0.45625 0.028125 0.028125 
0 0.16953125 0.46875 0.0328125 0.034375 
0 0.18359375 0.4796875 0.0328125 0.034375 
0 0.19765625 0.490625 0.0265625 0.028125 
0 0.21015625 0.50390625 0.0296875 0.0328125 
0 0.22265625 0.51640625 0.0328125 0.0328125 
0 0.2375 0.5265625 0.028125 0.03125 
0 0.25859375 0.71328125 0.0328125 0.0296875 
0 0.2484375 0.5375 0.03125 0.03125 
0 0.2609375 0.55078125 0.0375 0.0390625 
0 0.271875 0.5640625 0.03125 0.034375 
0 0.17265625 0.74921875 0.0296875 0.0359375 
0 0.1015625 0.82734375 0.034375 0.0328125 
0 0.11640625 0.8140625 0.0328125 0.03125 
0 0.1296875 0.80078125 0.034375 0.0328125 
0 0.14140625 0.7890625 0.0296875 0.03125 
0 0.1515625 0.7734375 0.03125 0.03125 
0 0.1640625 0.7609375 0.028125 0.03125 
0 0.184375 0.7359375 0.034375 0.03125 
0 0.28671875 0.571875 0.0328125 0.03125 
0 0.196875 0.7234375 0.034375 0.03125 
0 0.209375 0.7109375 0.034375 0.034375 
0 0.2203125 0.696875 0.03125 0.03125 
0 0.23125 0.68671875 0.03125 0.0328125 
0 0.24296875 0.67109375 0.0328125 0.0328125 
0 0.2546875 0.65625 0.034375 0.034375 
0 0.09453125 0.84375 0.0296875 0.028125 
0 0.08125 0.85234375 0.03125 0.0296875 
0 0.08125 0.9 0.028125 0.03125 
0 0.09609375 0.8890625 0.0328125 0.028125 
0 0.1078125 0.8765625 0.028125 0.028125 
0 0.11796875 0.86640625 0.0296875 0.0296875 
0 0.1265625 0.85078125 0.03125 0.0296875 
0 0.140625 0.8375 0.028125 0.028125 
0 0.15390625 0.82578125 0.0296875 0.0296875 
0 0.165625 0.81328125 0.034375 0.0328125 
0 0.17890625 0.80234375 0.0328125 0.0328125 
0 0.190625 0.78828125 0.03125 0.0328125 
0 0.20078125 0.775 0.0296875 0.034375 
0 0.2125 0.76171875 0.034375 0.0328125 
0 0.221875 0.75078125 0.03125 0.0328125 
0 0.234375 0.740625 0.028125 0.028125 
0 0.24609375 0.7265625 0.0296875 0.028125 
0 0.19609375 0.60546875 0.0328125 0.0328125 
0 0.18203125 0.62265625 0.0328125 0.0296875 
0 0.1734375 0.6359375 0.028125 0.034375 
0 0.09140625 0.5578125 0.0296875 0.03125 
0 0.296875 0.58359375 0.028125 0.0328125 
0 0.30859375 0.5984375 0.0328125 0.034375 
0 0.32421875 0.60546875 0.0296875 0.0328125 
0 0.33515625 0.61796875 0.0296875 0.0328125 
0 0.3484375 0.6296875 0.03125 0.034375 
0 0.3609375 0.640625 0.03125 0.03125 
0 0.37421875 0.653125 0.0328125 0.03125 
0 0.38984375 0.66328125 0.0296875 0.0328125 
0 0.403125 0.675 0.025 0.03125 
0 0.4171875 0.68671875 0.028125 0.0328125 
0 0.4265625 0.69921875 0.034375 0.0359375 
0 0.0859375 0.50390625 0.028125 0.0296875 
0 0.115625 0.5328125 0.034375 0.034375 
0 0.103125 0.5484375 0.03125 0.03125 
0 0.1703125 0.5796875 0.03125 0.03125 
0 0.1625 0.64609375 0.028125 0.0296875 
0 0.15546875 0.596875 0.0328125 0.028125 
0 0.146875 0.6109375 0.03125 0.03125 
0 0.13515625 0.625 0.0328125 0.03125 
0 0.12265625 0.6375 0.0296875 0.03125 
0 0.11171875 0.64921875 0.0265625 0.0265625 
0 0.1015625 0.66328125 0.03125 0.0296875 
0 0.0890625 0.675 0.028125 0.03125 
0 0.08203125 0.7375 0.0359375 0.034375 
0 0.09296875 0.7234375 0.0296875 0.034375 
0 0.10390625 0.7125 0.0296875 0.034375 
0 0.11484375 0.69765625 0.0328125 0.0328125 
0 0.125 0.68515625 0.03125 0.0296875 
0 0.13671875 0.67109375 0.0296875 0.0296875 
0 0.15078125 0.65546875 0.0296875 0.0296875 
0 0.578125 0.97734375 0.0375 0.0359375 
0 0.5546875 0.99375 0.028125 0.0125 
0 0.5671875 0.9875 0.03125 0.025 
0 0.59453125 0.96328125 0.0328125 0.0328125 
0 0.453125 0.99453125 0.034375 0.0109375 
0 0.4671875 0.98828125 0.03125 0.0234375 
0 0.48046875 0.9765625 0.0390625 0.03125 
0 0.484375 0.96171875 0.028125 0.0265625 
0 0.49453125 0.95078125 0.0265625 0.0265625 
0 0.51328125 0.93828125 0.0390625 0.0359375 
0 0.52578125 0.92421875 0.0296875 0.0296875 
0 0.53828125 0.91015625 0.0359375 0.0359375 
0 0.66796875 0.915625 0.0359375 0.0375 
0 0.684375 0.93125 0.03125 0.0375 
0 0.6984375 0.94375 0.0375 0.040625 
0 0.715625 0.96015625 0.0375 0.0421875 
0 0.73046875 0.96953125 0.0296875 0.0328125 
0 0.61796875 0.9859375 0.0359375 0.028125 
0 0.60546875 0.99375 0.0296875 0.0125 
1 0.97265625 0.65546875 0.0421875 0.0390625 
1 0.72421875 0.42265625 0.0453125 0.0390625 
1 0.80234375 0.48359375 0.0328125 0.0359375 
1 0.83203125 0.46328125 0.0390625 0.0265625 
1 0.84609375 0.503125 0.0359375 0.034375 
1 0.84453125 0.5296875 0.0390625 0.034375 
1 0.89765625 0.553125 0.0453125 0.040625 
1 0.95 0.59765625 0.046875 0.0390625 
1 0.9890625 0.63984375 0.021875 0.0328125 
1 0.77421875 0.43671875 0.0390625 0.0390625 
1 0.671875 0.359375 0.05 0.04375 
1 0.4828125 0.49296875 0.040625 0.0390625 
