0 0.30234375 0.6578125 0.0328125 0.028125 
0 0.3625 0.69453125 0.028125 0.0359375 
0 0.41328125 0.0109375 0.0296875 0.01875 
0 0.728125 0.07734375 0.0375 0.0296875 
1 0.49921875 0.7953125 0.0984375 0.071875 
1 0.13125 0.99296875 0.040625 0.0140625 
0 0.91640625 0.17734375 0.0171875 0.0265625 
0 0.86015625 0.096875 0.0296875 0.021875 
0 0.95 0.15234375 0.015625 0.0296875 
0 0.978125 0.14296875 0.021875 0.0359375 
0 0.93125 0.18828125 0.015625 0.0296875 
0 0.94609375 0.19375 0.0203125 0.04375 
0 0.98828125 0.18515625 0.0234375 0.0296875 
0 0.86640625 0.0609375 0.0359375 0.021875 
