0 0.184375 0.703125 0.025 0.021875 
0 0.17578125 0.71484375 0.0296875 0.0265625 
0 0.16484375 0.72734375 0.0234375 0.0234375 
0 0.1546875 0.7359375 0.025 0.028125 
0 0.1390625 0.74609375 0.025 0.0296875 
0 0.1296875 0.7609375 0.028125 0.03125 
0 0.1203125 0.7703125 0.03125 0.03125 
0 0.09765625 0.79375 0.0328125 0.03125 
0 0.0765625 0.8109375 0.03125 0.028125 
0 0.05234375 0.78671875 0.0296875 0.0296875 
0 0.0609375 0.77265625 0.03125 0.0296875 
0 0.0734375 0.76484375 0.025 0.0296875 
0 0.09296875 0.74296875 0.0296875 0.0296875 
0 0.10625 0.728125 0.028125 0.03125 
0 0.1171875 0.71796875 0.028125 0.0296875 
0 0.128125 0.71015625 0.028125 0.0328125 
0 0.140625 0.69765625 0.025 0.0359375 
0 0.15078125 0.68984375 0.0296875 0.0296875 
0 0.16171875 0.67578125 0.0328125 0.0296875 
0 0.171875 0.6625 0.025 0.034375 
0 0.18203125 0.65390625 0.0328125 0.0328125 
0 0.196875 0.64296875 0.028125 0.0359375 
0 0.2078125 0.63359375 0.028125 0.0296875 
0 0.20078125 0.534375 0.0265625 0.028125 
0 0.19140625 0.55 0.0296875 0.03125 
0 0.1765625 0.5609375 0.028125 0.03125 
0 0.2109375 0.67734375 0.025 0.0265625 
0 0.22421875 0.675 0.0265625 0.028125 
0 0.2359375 0.6625 0.025 0.025 
0 0.1109375 0.87578125 0.028125 0.0359375 
0 0.45703125 0.6671875 0.0296875 0.03125 
0 0.44140625 0.68515625 0.0328125 0.0328125 
0 0.42734375 0.69921875 0.0359375 0.0359375 
0 0.3703125 0.7484375 0.03125 0.034375 
0 0.34921875 0.7671875 0.0296875 0.034375 
0 0.28203125 0.71875 0.0265625 0.028125 
0 0.2625 0.73671875 0.025 0.0296875 
0 0.25078125 0.746875 0.0265625 0.03125 
0 0.23984375 0.7609375 0.0296875 0.028125 
0 0.22890625 0.7703125 0.0296875 0.03125 
0 0.21953125 0.78046875 0.0265625 0.0296875 
0 0.20859375 0.79140625 0.0265625 0.0265625 
0 0.19375 0.8 0.03125 0.034375 
0 0.18203125 0.8125 0.0328125 0.03125 
0 0.159375 0.83359375 0.028125 0.0265625 
0 0.1375 0.85546875 0.028125 0.0265625 
0 0.12890625 0.86796875 0.0296875 0.0265625 
0 0.1546875 0.58125 0.025 0.03125 
0 0.14296875 0.59140625 0.0296875 0.0296875 
0 0.1328125 0.59921875 0.028125 0.0359375 
0 0.11953125 0.60859375 0.0296875 0.0296875 
0 0.096875 0.6328125 0.03125 0.034375 
0 0.08359375 0.640625 0.0296875 0.03125 
0 0.07578125 0.653125 0.0328125 0.03125 
0 0.065625 0.66328125 0.028125 0.0296875 
0 0.05703125 0.9625 0.0328125 0.015625 
0 0.0578125 0.9921875 0.03125 0.015625 
