1 0.2375 0.99375 0.0375 0.0125 
1 0.02109375 0.88203125 0.0359375 0.0359375 
1 0.0734375 0.82109375 0.040625 0.0421875 
1 0.509375 0.79375 0.028125 0.015625 
1 0.175 0.69140625 0.04375 0.0390625 
1 0.1546875 0.7046875 0.03125 0.03125 
1 0.2859375 0.45625 0.025 0.0375 
1 0.30546875 0.9703125 0.0359375 0.034375 
1 0.31796875 0.95390625 0.0359375 0.0328125 
1 0.7921875 0.5 0.03125 0.040625 
1 0.33046875 0.99453125 0.0359375 0.0109375 
1 0.85078125 0.790625 0.0421875 0.025 
1 0.73984375 0.93515625 0.0390625 0.0359375 
