1 0.19765625 0.08046875 0.0421875 0.0890625 
1 0.23671875 0.0765625 0.0484375 0.096875 
1 0.11953125 0.09140625 0.0515625 0.0921875 
1 0.2859375 0.05703125 0.05 0.0765625 
1 0.03828125 0.0234375 0.0734375 0.04375 
1 0.02109375 0.2 0.0390625 0.06875 
1 0.12890625 0.79609375 0.0421875 0.0765625 
1 0.0828125 0.17265625 0.090625 0.0453125 
1 0.1921875 0.1546875 0.115625 0.046875 
0 0.0265625 0.62421875 0.05 0.0515625 
0 0.25703125 0.54140625 0.0640625 0.0484375 
1 0.01015625 0.4484375 0.0171875 0.053125 
1 0.01640625 0.84921875 0.0296875 0.0640625 
1 0.50546875 0.02109375 0.0390625 0.0390625 
0 0.78515625 0.75703125 0.0578125 0.0484375 
0 0.75703125 0.76875 0.0578125 0.05 
0 0.73125 0.78359375 0.053125 0.0484375 
0 0.90078125 0.8890625 0.0671875 0.053125 
0 0.8640625 0.90234375 0.0625 0.0609375 
0 0.8296875 0.91875 0.0625 0.059375 
0 0.9609375 0.93046875 0.059375 0.0578125 
0 0.93046875 0.9484375 0.0671875 0.053125 
1 0.53984375 0.01640625 0.0453125 0.0296875 
1 0.03671875 0.83671875 0.0515625 0.0734375 
0 0.81484375 0.740625 0.0609375 0.05625 
0 0.75 0.84453125 0.05 0.0640625 
0 0.784375 0.828125 0.05 0.065625 
0 0.81640625 0.81640625 0.0515625 0.0609375 
1 0.16015625 0.78984375 0.0390625 0.0703125 
1 0.5328125 0.6828125 0.046875 0.075 
0 0.3984375 0.55546875 0.05625 0.0421875 
1 0.4921875 0.51875 0.071875 0.05 
0 0.47890625 0.45859375 0.0609375 0.0421875 
0 0.5671875 0.4921875 0.0625 0.040625 
0 0.63828125 0.465625 0.0609375 0.04375 
0 0.71875 0.446875 0.059375 0.0375 
0 0.790625 0.43125 0.0625 0.040625 
0 0.865625 0.409375 0.05625 0.0375 
0 0.95 0.39921875 0.0625 0.0421875 
0 0.93515625 0.35546875 0.0671875 0.0421875 
1 0.75 0.20859375 0.075 0.0671875 
0 0.58203125 0.6421875 0.0390625 0.05625 
0 0.61484375 0.640625 0.0390625 0.059375 
0 0.65 0.6140625 0.0375 0.053125 
0 0.68984375 0.6125 0.0265625 0.053125 
0 0.7234375 0.621875 0.046875 0.05625 
1 0.77265625 0.66328125 0.0734375 0.0453125 
0 0.796875 0.69375 0.059375 0.040625 
0 0.84375 0.73515625 0.0625 0.0546875 
0 0.8453125 0.80234375 0.05 0.0640625 
