0 0.3015625 0.928125 0.059375 0.0625 
0 0.26796875 0.86484375 0.0546875 0.0609375 
0 0.22109375 0.80078125 0.0640625 0.0703125 
0 0.16484375 0.75 0.0765625 0.071875 
0 0.45859375 0.59765625 0.0609375 0.0453125 
0 0.453125 0.5671875 0.059375 0.04375 
0 0.4234375 0.51484375 0.059375 0.0453125 
0 0.41953125 0.48359375 0.0578125 0.0390625 
0 0.4078125 0.45703125 0.065625 0.0484375 
0 0.39375 0.42578125 0.06875 0.0484375 
0 0.21328125 0.50546875 0.0671875 0.0453125 
0 0.16171875 0.365625 0.0609375 0.046875 
0 0.15078125 0.33359375 0.0609375 0.0453125 
0 0.25078125 0.4265625 0.0640625 0.04375 
0 0.2390625 0.39765625 0.06875 0.0515625 
0 0.26015625 0.45546875 0.0640625 0.0453125 
0 0.15 0.17265625 0.065625 0.0453125 
0 0.75546875 0.00625 0.0546875 0.009375 
0 0.69609375 0.0125 0.0421875 0.021875 
0 0.34453125 0.6875 0.0640625 0.046875 
0 0.38984375 0.79609375 0.0671875 0.0421875 
0 0.47734375 0.659375 0.0609375 0.046875 
0 0.484375 0.69375 0.071875 0.05 
0 0.9921875 0.85703125 0.015625 0.0421875 
0 0.98359375 0.76171875 0.0328125 0.0421875 
0 0.540625 0.79765625 0.065625 0.0453125 
0 0.509375 0.7421875 0.059375 0.046875 
0 0.67421875 0.01953125 0.0453125 0.0359375 
0 0.559375 0.053125 0.046875 0.071875 
0 0.5265625 0.05859375 0.05 0.0609375 
0 0.49609375 0.065625 0.0421875 0.059375 
0 0.471875 0.07890625 0.040625 0.0578125 
0 0.43984375 0.0859375 0.0453125 0.05625 
0 0.41484375 0.09921875 0.0421875 0.0578125 
