0 0.19609375 0.26796875 0.0296875 0.0546875 
0 0.49140625 0.95390625 0.0578125 0.0328125 
1 0.4890625 0.90859375 0.0625 0.0390625 
1 0.4765625 0.825 0.078125 0.059375 
1 0.47265625 0.78515625 0.0828125 0.0609375 
1 0.465625 0.74296875 0.078125 0.0578125 
1 0.46015625 0.70390625 0.0765625 0.0609375 
1 0.4515625 0.6578125 0.075 0.065625 
0 0.7921875 0.8328125 0.053125 0.03125 
0 0.7796875 0.775 0.05625 0.03125 
0 0.7625 0.659375 0.053125 0.0375 
0 0.73515625 0.4890625 0.0515625 0.03125 
0 0.73203125 0.4578125 0.0484375 0.03125 
1 0.5515625 0.3921875 0.078125 0.075 
1 0.40390625 0.35703125 0.0765625 0.0671875 
1 0.3953125 0.29921875 0.078125 0.0703125 
1 0.22734375 0.2515625 0.0390625 0.075 
1 0.4125 0.40625 0.078125 0.0625 
1 0.44453125 0.609375 0.0796875 0.0625 
1 0.57421875 0.65390625 0.0828125 0.0734375 
1 0.578125 0.59296875 0.0875 0.0796875 
1 0.5640625 0.525 0.084375 0.084375 
1 0.55625 0.46171875 0.090625 0.0765625 
0 0.29765625 0.25 0.0359375 0.053125 
