1 0.75625 0.11171875 0.04375 0.1015625 
1 0.79921875 0.08828125 0.0359375 0.0734375 
1 0.82734375 0.1609375 0.1140625 0.06875 
1 0.36875 0.3015625 0.159375 0.059375 
1 0.41796875 0.3328125 0.1640625 0.059375 
1 0.4265625 0.371875 0.15625 0.05625 
1 0.40546875 0.41953125 0.1609375 0.0640625 
1 0.21171875 0.5 0.2109375 0.08125 
1 0.41328125 0.45703125 0.1671875 0.0671875 
1 0.165625 0.23828125 0.146875 0.0515625 
1 0.1328125 0.3296875 0.109375 0.0625 
1 0.11953125 0.2875 0.0890625 0.053125 
1 0.97265625 0.75703125 0.0421875 0.0765625 
1 0.9265625 0.13359375 0.090625 0.0453125 
1 0.9890625 0.115625 0.021875 0.046875 
1 0.1515625 0.37265625 0.11875 0.0734375 
1 0.15859375 0.41796875 0.1171875 0.0671875 
1 0.2796875 0.38984375 0.115625 0.0609375 
0 0.36015625 0.25546875 0.1609375 0.0484375 
1 0.28984375 0.05 0.0953125 0.04375 
1 0.06171875 0.00859375 0.0984375 0.0140625 
1 0.07265625 0.0484375 0.1140625 0.05 
1 0.590625 0.02109375 0.121875 0.0390625 
1 0.5421875 0.15546875 0.0625 0.1140625 
1 0.0734375 0.1328125 0.084375 0.05 
0 0.82265625 0.82265625 0.0453125 0.0609375 
0 0.01953125 0.9140625 0.0359375 0.046875 
0 0.2 0.83828125 0.059375 0.0453125 
0 0.3421875 0.78984375 0.0625 0.0421875 
0 0.8640625 0.58515625 0.0625 0.0515625 
1 0.81640625 0.409375 0.0921875 0.053125 
1 0.684375 0.9015625 0.05 0.071875 
1 0.7140625 0.8890625 0.053125 0.071875 
0 0.74140625 0.8765625 0.0453125 0.059375 
1 0.85 0.81015625 0.05 0.0640625 
1 0.88046875 0.79765625 0.0515625 0.0734375 
1 0.9921875 0.75078125 0.015625 0.0703125 
