0 0.2203125 0.4046875 0.059375 0.028125 
0 0.22265625 0.43203125 0.0609375 0.0265625 
0 0.23125 0.48828125 0.05625 0.0234375 
0 0.33515625 0.3984375 0.0515625 0.028125 
0 0.34453125 0.45390625 0.0515625 0.0265625 
0 0.24140625 0.60546875 0.0578125 0.0296875 
0 0.23515625 0.51953125 0.0484375 0.0265625 
0 0.25078125 0.63671875 0.0609375 0.0296875 
0 0.26640625 0.71953125 0.0578125 0.0328125 
0 0.2 0.690625 0.053125 0.025 
0 0.19296875 0.6421875 0.0609375 0.034375 
0 0.1875 0.61171875 0.059375 0.0359375 
0 0.1734375 0.49453125 0.0625 0.0328125 
0 0.16953125 0.4625 0.0515625 0.028125 
0 0.16015625 0.41015625 0.0578125 0.0359375 
0 0.16015625 0.38515625 0.0515625 0.0265625 
0 0.15703125 0.35078125 0.0546875 0.0328125 
0 0.2125 0.3421875 0.05 0.03125 
0 0.03671875 0.384375 0.0546875 0.025 
0 0.03203125 0.3 0.0578125 0.021875 
0 0.0296875 0.27578125 0.05625 0.0234375 
0 0.0296875 0.24765625 0.059375 0.0296875 
