1 0.80625 0.859375 0.1875 0.134375 
1 0.56015625 0.85625 0.1796875 0.1375 
1 0.01640625 0.0875 0.0296875 0.125 
1 0.03203125 0.11328125 0.0609375 0.1203125 
1 0.4109375 0.615625 0.175 0.134375 
1 0.4796875 0.8546875 0.175 0.14375 
1 0.390625 0.84921875 0.18125 0.1421875 
1 0.29453125 0.83984375 0.1828125 0.1390625 
1 0.2078125 0.83125 0.171875 0.1375 
1 0.134375 0.8359375 0.18125 0.14375 
1 0.06953125 0.82890625 0.1359375 0.1390625 
1 0.875 0.64609375 0.18125 0.1234375 
1 0.83046875 0.62421875 0.1859375 0.1265625 
1 0.96015625 0.39140625 0.0796875 0.1234375 
1 0.07734375 0.11640625 0.1515625 0.1296875 
1 0.41328125 0.38515625 0.1859375 0.1265625 
1 0.8890625 0.13984375 0.190625 0.1203125 
1 0.62890625 0.13671875 0.1859375 0.1203125 
1 0.5671875 0.12109375 0.1875 0.1265625 
1 0.3828125 0.12734375 0.184375 0.1265625 
1 0.2953125 0.12890625 0.184375 0.1265625 
1 0.225 0.11875 0.2125 0.1375 
1 0.05625 0.6078125 0.109375 0.153125 
1 0.10625 0.59375 0.209375 0.153125 
1 0.15390625 0.3796875 0.2390625 0.14375 
1 0.2359375 0.38515625 0.234375 0.1484375 
1 0.74453125 0.39140625 0.2390625 0.1515625 
1 0.94609375 0.15703125 0.1078125 0.1484375 
1 0.66328125 0.3875 0.2609375 0.159375 
0 0.97734375 0.62265625 0.0453125 0.0703125 
