1 0.2125 0.52734375 0.078125 0.0765625 
0 0.76015625 0.03515625 0.0515625 0.0484375 
0 0.5296875 0.14296875 0.059375 0.0578125 
0 0.55546875 0.16796875 0.0640625 0.0640625 
0 0.06640625 0.7359375 0.0640625 0.059375 
0 0.1140625 0.61171875 0.0625 0.0609375 
0 0.28671875 0.46171875 0.0546875 0.0578125 
0 0.28359375 0.53828125 0.0828125 0.0828125 
0 0.50234375 0.20859375 0.0578125 0.0609375 
0 0.6421875 0.17421875 0.0625 0.0578125 
0 0.5125 0.3125 0.0625 0.0625 
0 0.39140625 0.33984375 0.0609375 0.0640625 
