0 0.9609375 0.4984375 0.046875 0.028125 
0 0.88984375 0.51953125 0.0515625 0.0328125 
0 0.8140625 0.5546875 0.05 0.028125 
0 0.75546875 0.5703125 0.0515625 0.040625 
0 0.7 0.60078125 0.053125 0.0453125 
0 0.63984375 0.64765625 0.0515625 0.0421875 
0 0.2046875 0.11328125 0.028125 0.0578125 
0 0.16953125 0.10859375 0.0234375 0.0515625 
0 0.5921875 0.68515625 0.046875 0.0453125 
0 0.53984375 0.72734375 0.0390625 0.0421875 
0 0.459375 0.80234375 0.046875 0.0453125 
0 0.39609375 0.85078125 0.0578125 0.0546875 
0 0.32734375 0.89140625 0.0515625 0.0390625 
0 0.26328125 0.9125 0.0484375 0.028125 
0 0.19453125 0.9328125 0.0515625 0.034375 
0 0.134375 0.95234375 0.05 0.0328125 
