1 0.884375 0.9609375 0.053125 0.078125 
0 0.77734375 0.55859375 0.0546875 0.0390625 
0 0.93984375 0.01015625 0.0640625 0.0171875 
0 0.984375 0.01171875 0.03125 0.0203125 
0 0.784375 0.5296875 0.05625 0.034375 
0 0.79296875 0.50390625 0.0578125 0.0359375 
0 0.79921875 0.47734375 0.0609375 0.0359375 
0 0.80625 0.446875 0.05625 0.03125 
0 0.81484375 0.42109375 0.0640625 0.0390625 
0 0.821875 0.3953125 0.05625 0.03125 
0 0.82890625 0.36640625 0.0609375 0.0328125 
0 0.84765625 0.3078125 0.0578125 0.040625 
0 0.34375 0.38515625 0.040625 0.0578125 
0 0.05390625 0.29375 0.0390625 0.0625 
0 0.16015625 0.39609375 0.0421875 0.0640625 
0 0.37265625 0.3953125 0.0421875 0.059375 
0 0.24296875 0.4125 0.0390625 0.06875 
0 0.31484375 0.37578125 0.0390625 0.0671875 
0 0.28984375 0.3640625 0.0328125 0.059375 
0 0.2359375 0.33984375 0.0375 0.0703125 
0 0.15 0.31796875 0.034375 0.0703125 
0 0.35703125 0.4484375 0.0359375 0.059375 
0 0.328125 0.4375 0.034375 0.05625 
0 0.27109375 0.42578125 0.0390625 0.0609375 
0 0.88984375 0.16171875 0.0640625 0.0421875 
0 0.90234375 0.13046875 0.0546875 0.0390625 
0 0.83828125 0.7953125 0.0578125 0.040625 
0 0.559375 0.81796875 0.0375 0.0578125 
0 0.58984375 0.82578125 0.0390625 0.0578125 
0 0.93203125 0.02421875 0.0640625 0.0453125 
0 0.9203125 0.05625 0.053125 0.0375 
0 0.9078125 0.08984375 0.059375 0.0421875 
0 0.8796875 0.1890625 0.059375 0.040625 
0 0.81953125 0.8515625 0.0546875 0.0375 
0 0.871875 0.22265625 0.059375 0.0453125 
0 0.8640625 0.25 0.059375 0.040625 
0 0.85625 0.27890625 0.059375 0.0421875 
0 0.83984375 0.334375 0.0609375 0.04375 
0 0.76015625 0.5796875 0.0515625 0.040625 
0 0.496875 0.625 0.040625 0.065625 
0 0.52578125 0.6296875 0.0359375 0.059375 
0 0.83125 0.825 0.0625 0.040625 
0 0.8140625 0.87890625 0.05625 0.0390625 
0 0.85390625 0.7375 0.0546875 0.040625 
0 0.503125 0.80078125 0.040625 0.0640625 
0 0.41640625 0.66796875 0.0421875 0.0671875 
0 0.40859375 0.5921875 0.0359375 0.059375 
0 0.4359375 0.60390625 0.0375 0.0578125 
0 0.46640625 0.61328125 0.0421875 0.0609375 
0 0.446875 0.6765625 0.04375 0.065625 
0 0.475 0.68984375 0.040625 0.0640625 
0 0.50546875 0.6921875 0.0390625 0.059375 
0 0.53203125 0.8078125 0.0421875 0.065625 
0 0.8046875 0.90703125 0.05625 0.0390625 
0 0.53515625 0.696875 0.0390625 0.0625 
0 0.56328125 0.7046875 0.0359375 0.059375 
0 0.59140625 0.71015625 0.0421875 0.0640625 
0 0.6171875 0.715625 0.0375 0.059375 
0 0.64453125 0.7234375 0.0359375 0.05625 
0 0.67265625 0.7328125 0.0359375 0.059375 
0 0.59609375 0.7671875 0.0578125 0.040625 
0 0.846875 0.76953125 0.059375 0.0421875 
0 0.86796875 0.71171875 0.0484375 0.0359375 
0 0.7203125 0.7671875 0.0625 0.046875 
0 0.6921875 0.67578125 0.040625 0.0578125 
0 0.61796875 0.83359375 0.0390625 0.0703125 
0 0.6421875 0.840625 0.040625 0.065625 
0 0.68203125 0.8765625 0.0578125 0.0375 
0 0.69765625 0.853125 0.0578125 0.040625 
0 0.70390625 0.8203125 0.0640625 0.04375 
0 0.709375 0.79296875 0.0625 0.0421875 
0 0.7296875 0.73203125 0.05625 0.0421875 
0 0.63671875 0.6578125 0.0390625 0.05625 
0 0.73828125 0.70703125 0.0609375 0.0421875 
0 0.746875 0.67734375 0.0625 0.0453125 
0 0.66484375 0.66484375 0.0359375 0.0515625 
0 0.6078125 0.65078125 0.0375 0.0578125 
0 0.871875 0.68359375 0.059375 0.0484375 
0 0.94765625 0.4296875 0.0515625 0.040625 
0 0.87890625 0.65234375 0.0546875 0.0390625 
0 0.88671875 0.62734375 0.0578125 0.0421875 
0 0.8953125 0.59921875 0.059375 0.0421875 
0 0.9078125 0.571875 0.05625 0.040625 
0 0.9140625 0.5421875 0.0625 0.04375 
0 0.92109375 0.51484375 0.0609375 0.0421875 
0 0.93828125 0.4578125 0.0640625 0.040625 
0 0.9515625 0.4 0.059375 0.04375 
0 0.57890625 0.64140625 0.0359375 0.0546875 
0 0.97109375 0.34453125 0.0578125 0.0453125 
0 0.98359375 0.259375 0.0328125 0.040625 
0 0.9890625 0.234375 0.021875 0.040625 
0 0.98984375 0.20234375 0.0203125 0.0453125 
0 0.55234375 0.6375 0.0421875 0.0625 
0 0.475 0.7953125 0.040625 0.059375 
0 0.44921875 0.784375 0.0390625 0.0625 
0 0.41953125 0.778125 0.0390625 0.065625 
0 0.78515625 0.984375 0.0671875 0.03125 
0 0.65859375 0.9609375 0.0609375 0.046875 
0 0.65078125 0.9828125 0.0578125 0.034375 
0 0.55703125 0.87578125 0.0578125 0.0328125 
0 0.5515625 0.903125 0.059375 0.0375 
0 0.609375 0.91484375 0.0625 0.0453125 
0 0.39296875 0.76875 0.0421875 0.065625 
0 0.66015625 0.5359375 0.0453125 0.065625 
0 0.92890625 0.3296875 0.0390625 0.071875 
0 0.97734375 0.2890625 0.0453125 0.04375 
0 0.97578125 0.31875 0.0484375 0.040625 
0 0.92421875 0.4859375 0.0578125 0.0375 
0 0.7203125 0.5578125 0.04375 0.075 
0 0.6328125 0.53125 0.046875 0.065625 
0 0.603125 0.521875 0.0375 0.0625 
0 0.57109375 0.51875 0.0359375 0.0625 
0 0.52109375 0.496875 0.0359375 0.059375 
0 0.4890625 0.49140625 0.034375 0.0640625 
0 0.4625 0.48046875 0.03125 0.0609375 
0 0.6 0.9421875 0.0625 0.046875 
0 0.59375 0.97265625 0.06875 0.0484375 
0 0.34921875 0.9875 0.0390625 0.025 
0 0.52890625 0.9796875 0.0578125 0.040625 
0 0.4203125 0.91796875 0.059375 0.0421875 
0 0.40546875 0.97578125 0.0578125 0.0453125 
0 0.3859375 0.81484375 0.05625 0.0390625 
0 0.38203125 0.84453125 0.0640625 0.0421875 
0 0.371875 0.87421875 0.059375 0.0453125 
0 0.36328125 0.9015625 0.0578125 0.04375 
0 0.34921875 0.959375 0.0609375 0.04375 
0 0.35703125 0.93046875 0.0609375 0.0484375 
0 0.321875 0.98359375 0.03125 0.0328125 
0 0.796875 0.93515625 0.059375 0.0453125 
0 0.4453125 0.83515625 0.05625 0.0359375 
0 0.58828125 0.98671875 0.0671875 0.0265625 
0 0.78671875 0.96328125 0.0546875 0.0390625 
0 0.43125 0.89140625 0.06875 0.0484375 
