1 0.01015625 0.82578125 0.0171875 0.1171875 
0 0.55390625 0.21484375 0.0671875 0.0859375 
1 0.47890625 0.10546875 0.1203125 0.0828125 
1 0.1171875 0.240625 0.046875 0.0875 
1 0.44140625 0.23046875 0.0953125 0.1109375 
1 0.2734375 0.78359375 0.078125 0.0765625 
1 0.2515625 0.73984375 0.08125 0.0828125 
1 0.30859375 0.9140625 0.1203125 0.096875 
1 0.3 0.86796875 0.0875 0.0765625 
1 0.27578125 0.834375 0.1015625 0.096875 
1 0.096875 0.91953125 0.109375 0.0890625 
1 0.0859375 0.875 0.125 0.1 
1 0.0765625 0.8375 0.115625 0.0875 
1 0.08046875 0.78359375 0.1234375 0.0765625 
1 0.396875 0.753125 0.0625 0.0875 
1 0.5234375 0.896875 0.08125 0.096875 
1 0.51953125 0.82890625 0.1140625 0.1046875 
1 0.51171875 0.75546875 0.1015625 0.0890625 
1 0.51953125 0.6828125 0.1109375 0.078125 
1 0.52734375 0.6390625 0.1109375 0.0625 
1 0.66015625 0.47890625 0.0734375 0.0890625 
1 0.54453125 0.5859375 0.1046875 0.071875 
1 0.5484375 0.54296875 0.096875 0.0546875 
1 0.55625 0.50234375 0.090625 0.0671875 
1 0.24921875 0.96484375 0.1078125 0.0703125 
1 0.2234375 0.98359375 0.109375 0.0328125 
1 0.159375 0.97890625 0.11875 0.0421875 
1 0.09609375 0.990625 0.1046875 0.01875 
0 0.98671875 0.63203125 0.0265625 0.0390625 
0 0.9953125 0.696875 0.009375 0.04375 
0 0.97890625 0.60546875 0.0421875 0.0421875 
0 0.975 0.56875 0.05 0.0375 
0 0.97265625 0.5359375 0.0546875 0.04375 
0 0.9703125 0.5015625 0.059375 0.04375 
0 0.96484375 0.465625 0.0703125 0.04375 
0 0.95703125 0.43515625 0.0859375 0.0484375 
0 0.95703125 0.40546875 0.0671875 0.0390625 
0 0.93984375 0.33671875 0.0703125 0.0421875 
0 0.9296875 0.30234375 0.071875 0.0453125 
0 0.91875 0.2328125 0.065625 0.040625 
0 0.8953125 0.0234375 0.059375 0.04375 
0 0.15703125 0.2390625 0.0453125 0.06875 
0 0.3390625 0.19453125 0.04375 0.0796875 
1 0.35078125 0.76796875 0.0609375 0.1078125 
0 0.9140625 0.20234375 0.065625 0.0421875 
0 0.9109375 0.16875 0.06875 0.046875 
0 0.7546875 0.98203125 0.046875 0.0359375 
