0 0.315625 0.2109375 0.034375 0.05625 
0 0.1984375 0.12890625 0.06875 0.0359375 
0 0.30390625 0.2734375 0.0390625 0.06875 
0 0.23515625 0.38046875 0.0453125 0.0703125 
0 0.421875 0.359375 0.071875 0.0375 
0 0.53984375 0.35234375 0.0640625 0.0328125 
0 0.6046875 0.35 0.065625 0.034375 
0 0.3015625 0.35234375 0.0375 0.0640625 
0 0.3109375 0.44765625 0.040625 0.0609375 
0 0.3140625 0.5734375 0.040625 0.071875 
0 0.33046875 0.68046875 0.0359375 0.0578125 
0 0.35546875 0.99140625 0.0421875 0.0171875 
