0 0.17265625 0.9515625 0.0140625 0.025 
0 0.1984375 0.87109375 0.021875 0.0203125 
0 0.2140625 0.86015625 0.01875 0.0203125 
0 0.0453125 0.92890625 0.025 0.0171875 
0 0.26484375 0.83125 0.0234375 0.01875 
0 0.24453125 0.8390625 0.0203125 0.01875 
0 0.2296875 0.84921875 0.021875 0.0234375 
0 0.496875 0.9796875 0.01875 0.025 
0 0.73828125 0.88671875 0.0234375 0.0296875 
0 0.61328125 0.70390625 0.0296875 0.0359375 
0 0.478125 0.89296875 0.015625 0.0234375 
0 0.4890625 0.95625 0.015625 0.025 
0 0.47265625 0.8703125 0.0171875 0.025 
0 0.37109375 0.03203125 0.0234375 0.0296875 
0 0.4671875 0.84609375 0.015625 0.0234375 
0 0.4203125 0.15078125 0.021875 0.0296875 
0 0.4890625 0.28828125 0.021875 0.0296875 
0 0.44765625 0.6515625 0.0328125 0.025 
0 0.2953125 0.81953125 0.021875 0.0171875 
0 0.3890625 0.8015625 0.01875 0.01875 
0 0.3875 0.78046875 0.028125 0.0203125 
0 0.4265625 0.771875 0.025 0.015625 
0 0.465625 0.821875 0.015625 0.021875 
