0 0.27734375 0.16484375 0.0328125 0.0703125 
0 0.26953125 0.1 0.0328125 0.05625 
0 0.26640625 0.034375 0.0359375 0.065625 
0 0.44375 0.46484375 0.046875 0.0640625 
0 0.29609375 0.36015625 0.0359375 0.0578125 
0 0.3234375 0.603125 0.034375 0.05625 
0 0.246875 0.4890625 0.06875 0.0375 
0 0.23984375 0.4546875 0.0578125 0.03125 
0 0.2890625 0.29140625 0.028125 0.0578125 
0 0.43515625 0.4 0.0609375 0.04375 
0 0.2484375 0.99375 0.040625 0.0125 
0 0.28359375 0.990625 0.0453125 0.01875 
0 0.00625 0.978125 0.009375 0.04375 
