1 0.12421875 0.440625 0.0609375 0.1125 
1 0.659375 0.8546875 0.09375 0.096875 
1 0.83359375 0.82578125 0.0578125 0.1171875 
1 0.2796875 0.80546875 0.090625 0.0859375 
1 0.9609375 0.240625 0.046875 0.0875 
1 0.01796875 0.4578125 0.0328125 0.1125 
1 0.940625 0.91953125 0.109375 0.0890625 
1 0.9296875 0.875 0.125 0.1 
1 0.9203125 0.8375 0.115625 0.0875 
1 0.92421875 0.78359375 0.1234375 0.0765625 
1 0.765625 0.83515625 0.1 0.1109375 
1 0.71953125 0.8453125 0.1015625 0.10625 
1 0.7109375 0.97265625 0.115625 0.0546875 
1 0.325 0.978125 0.125 0.04375 
1 0.5875 0.9375 0.121875 0.125 
1 0.275 0.86171875 0.103125 0.0890625 
1 0.290625 0.9078125 0.10625 0.1125 
1 0.12265625 0.846875 0.1765625 0.08125 
1 0.971875 0.97890625 0.05625 0.0421875 
1 0.93984375 0.990625 0.1046875 0.01875 
0 0.696875 0.9265625 0.078125 0.040625 
0 0.08203125 0.4375 0.0515625 0.084375 
0 0.9890625 0.2390625 0.021875 0.06875 
0 0.359375 0.39921875 0.04375 0.0765625 
