0 0.24453125 0.46875 0.0609375 0.040625 
0 0.31953125 0.45625 0.0640625 0.040625 
0 0.52421875 0.42109375 0.0546875 0.0390625 
0 0.4453125 0.25234375 0.053125 0.0734375 
0 0.6609375 0.18671875 0.04375 0.0578125 
0 0.30390625 0.0265625 0.0484375 0.05 
0 0.20078125 0.32578125 0.0640625 0.0421875 
0 0.184375 0.25859375 0.046875 0.0671875 
0 0.61953125 0.40234375 0.0609375 0.0390625 
0 0.7546875 0.325 0.06875 0.046875 
0 0.43515625 0.43671875 0.0734375 0.0390625 
0 0.4734375 0.1890625 0.040625 0.0625 
