0 0.72734375 0.58046875 0.0390625 0.0609375 
0 0.82734375 0.6078125 0.0390625 0.065625 
0 0.8625 0.60859375 0.034375 0.0671875 
0 0.8984375 0.61640625 0.040625 0.0671875 
0 0.934375 0.628125 0.040625 0.0625 
0 0.771875 0.4296875 0.040625 0.0625 
0 0.7375 0.4203125 0.05 0.075 
0 0.540625 0.3828125 0.046875 0.06875 
0 0.621875 0.33046875 0.040625 0.0609375 
0 0.6875 0.3390625 0.040625 0.0625 
0 0.78515625 0.3625 0.0421875 0.065625 
0 0.44140625 0.12578125 0.0421875 0.0765625 
0 0.65234375 0.17734375 0.0453125 0.0734375 
0 0.6875 0.17578125 0.040625 0.0609375 
0 0.79140625 0.19140625 0.0390625 0.0640625 
0 0.56484375 0.5515625 0.0390625 0.06875 
0 0.53125 0.54765625 0.040625 0.0703125 
0 0.82421875 0.2015625 0.0421875 0.065625 
