1 0.7765625 0.01015625 0.13125 0.0171875 
1 0.7046875 0.01484375 0.1375 0.0265625 
1 0.58671875 0.0296875 0.0703125 0.05625 
1 0.53359375 0.04453125 0.0546875 0.0859375 
0 0.8640625 0.98125 0.065625 0.0375 
0 0.73046875 0.9875 0.0734375 0.025 
0 0.396875 0.953125 0.03125 0.046875 
0 0.37890625 0.77109375 0.0390625 0.0671875 
0 0.371875 0.70546875 0.0375 0.0671875 
0 0.3671875 0.6296875 0.034375 0.059375 
0 0.459375 0.39765625 0.034375 0.0609375 
0 0.49921875 0.384375 0.0359375 0.059375 
0 0.53515625 0.3765625 0.0390625 0.0625 
0 0.56875 0.37265625 0.03125 0.0515625 
0 0.63984375 0.35859375 0.0328125 0.0609375 
0 0.68203125 0.34921875 0.0296875 0.0546875 
0 0.71953125 0.34375 0.0359375 0.0625 
0 0.775 0.34140625 0.040625 0.0546875 
1 0.4671875 0.05078125 0.06875 0.0984375 
