0 0.07265625 0.17890625 0.0671875 0.0546875 
0 0.12734375 0.15234375 0.0640625 0.0484375 
0 0.246875 0.0546875 0.065625 0.053125 
0 0.2578125 0.0875 0.06875 0.053125 
0 0.3171875 0.05859375 0.065625 0.0515625 
0 0.45234375 0.0109375 0.0640625 0.01875 
0 0.4734375 0.98046875 0.059375 0.0390625 
0 0.946875 0.91015625 0.075 0.0578125 
0 0.88515625 0.94140625 0.0671875 0.0546875 
0 0.0890625 0.93125 0.059375 0.05 
0 0.2078125 0.9921875 0.071875 0.015625 
0 0.29609375 0.98515625 0.0640625 0.0296875 
0 0.23984375 0.95390625 0.0671875 0.0609375 
0 0.03203125 0.80390625 0.0609375 0.0609375 
0 0.11015625 0.434375 0.0515625 0.065625 
0 0.0375 0.128125 0.059375 0.04375 
0 0.14140625 0.96796875 0.0671875 0.0609375 
0 0.10078125 0.85859375 0.0640625 0.0546875 
0 0.22421875 0.84296875 0.0578125 0.0640625 
0 0.0265625 0.48046875 0.05 0.0609375 
0 0.01015625 0.5 0.0171875 0.071875 
1 0.14453125 0.428125 0.0734375 0.096875 
0 0.14453125 0.7859375 0.0640625 0.06875 
0 0.38671875 0.796875 0.0640625 0.05 
0 0.09375 0.7515625 0.05625 0.06875 
0 0.03828125 0.71015625 0.0609375 0.0640625 
0 0.01875 0.69453125 0.034375 0.0609375 
0 0.0078125 0.6734375 0.0125 0.0625 
0 0.43046875 0.884375 0.0640625 0.05 
0 0.41640625 0.85390625 0.0609375 0.0515625 
0 0.4015625 0.825 0.065625 0.05 
0 0.3578125 0.7390625 0.059375 0.046875 
0 0.225 0.47421875 0.0875 0.0703125 
0 0.34296875 0.7140625 0.0671875 0.05625 
0 0.328125 0.68203125 0.065625 0.0578125 
0 0.315625 0.65 0.06875 0.05625 
0 0.30234375 0.61953125 0.0578125 0.0515625 
0 0.2734375 0.5609375 0.065625 0.05 
0 0.259375 0.5328125 0.0625 0.053125 
0 0.2171875 0.44296875 0.065625 0.0484375 
