0 0.0734375 0.76171875 0.021875 0.0484375 
0 0.04375 0.7609375 0.021875 0.053125 
0 0.12734375 0.70390625 0.0265625 0.0671875 
0 0.1296875 0.76328125 0.021875 0.0515625 
0 0.1578125 0.696875 0.025 0.059375 
0 0.15859375 0.75703125 0.0234375 0.0609375 
0 0.21796875 0.6859375 0.0265625 0.065625 
0 0.215625 0.7515625 0.028125 0.065625 
0 0.278125 0.765625 0.021875 0.05 
0 0.3015625 0.765625 0.021875 0.05 
0 0.3265625 0.76484375 0.021875 0.0484375 
0 0.353125 0.76171875 0.025 0.0453125 
0 0.38203125 0.76640625 0.0203125 0.0453125 
0 0.43046875 0.7640625 0.0203125 0.040625 
0 0.45703125 0.7640625 0.0265625 0.046875 
0 0.48828125 0.76171875 0.0203125 0.0484375 
0 0.52109375 0.75859375 0.0234375 0.0546875 
0 0.86484375 0.06875 0.0234375 0.0625 
0 0.89765625 0.06796875 0.0234375 0.0578125 
0 0.13046875 0.4 0.0265625 0.0625 
0 0.13046875 0.459375 0.0234375 0.05625 
0 0.13046875 0.51875 0.0265625 0.05625 
0 0.1328125 0.57734375 0.028125 0.0609375 
0 0.553125 0.7578125 0.025 0.059375 
0 0.58671875 0.75859375 0.0265625 0.0578125 
0 0.621875 0.7578125 0.025 0.059375 
0 0.653125 0.759375 0.021875 0.046875 
0 0.6828125 0.75546875 0.025 0.0484375 
0 0.7125 0.75546875 0.028125 0.0609375 
0 0.753125 0.7546875 0.021875 0.046875 
0 0.78671875 0.7546875 0.0265625 0.0625 
0 0.81796875 0.75390625 0.0265625 0.0546875 
0 0.85546875 0.75390625 0.0296875 0.0640625 
0 0.909375 0.75703125 0.025 0.0515625 
0 0.834375 0.06484375 0.025 0.0609375 
0 0.80546875 0.06640625 0.0265625 0.0640625 
0 0.775 0.065625 0.028125 0.0625 
0 0.74609375 0.06796875 0.0265625 0.0640625 
0 0.4546875 0.065625 0.021875 0.05625 
0 0.22421875 0.07265625 0.0296875 0.0609375 
0 0.25078125 0.06953125 0.0234375 0.0578125 
0 0.278125 0.06875 0.025 0.0625 
0 0.30625 0.06875 0.025 0.065625 
0 0.33828125 0.06875 0.0265625 0.0625 
0 0.36796875 0.06640625 0.0234375 0.0578125 
0 0.39609375 0.065625 0.0265625 0.05625 
0 0.42578125 0.06484375 0.0234375 0.0515625 
0 0.48359375 0.06875 0.0234375 0.0625 
0 0.51171875 0.06796875 0.0265625 0.0640625 
0 0.5421875 0.06875 0.025 0.0625 
0 0.5703125 0.06796875 0.025 0.0640625 
0 0.59921875 0.06875 0.0234375 0.0625 
0 0.6265625 0.0671875 0.021875 0.0625 
0 0.65703125 0.06796875 0.0265625 0.0640625 
0 0.68671875 0.06796875 0.0234375 0.0609375 
0 0.7140625 0.0703125 0.028125 0.065625 
0 0.19296875 0.071875 0.0265625 0.0625 
0 0.278125 0.13359375 0.028125 0.0578125 
0 0.0203125 0.13515625 0.03125 0.0546875 
0 0.078125 0.13515625 0.03125 0.0640625 
0 0.10703125 0.13671875 0.0296875 0.0640625 
0 0.13359375 0.1359375 0.0296875 0.059375 
0 0.1609375 0.134375 0.03125 0.059375 
0 0.19140625 0.134375 0.0328125 0.059375 
0 0.221875 0.134375 0.03125 0.059375 
0 0.25 0.134375 0.03125 0.05625 
0 0.30703125 0.13359375 0.0296875 0.0578125 
0 0.7765625 0.1328125 0.028125 0.0625 
0 0.809375 0.12890625 0.028125 0.0453125 
0 0.859375 0.13125 0.028125 0.0625 
0 0.896875 0.13203125 0.025 0.0546875 
0 0.7453125 0.28046875 0.028125 0.0546875 
0 0.28125 0.55 0.025 0.046875 
0 0.8265625 0.6078125 0.028125 0.04375 
0 0.625 0.40390625 0.03125 0.0578125 
0 0.62578125 0.47265625 0.0296875 0.0578125 
0 0.62421875 0.55390625 0.0296875 0.0609375 
0 0.90859375 0.43515625 0.0265625 0.0421875 
0 0.909375 0.49765625 0.025 0.0453125 
0 0.9109375 0.56953125 0.021875 0.0390625 
0 0.9078125 0.63046875 0.028125 0.0484375 
0 0.315625 0.47578125 0.025 0.0453125 
0 0.82734375 0.50859375 0.0265625 0.0484375 
0 0.34765625 0.428125 0.0296875 0.05625 
0 0.40703125 0.3453125 0.0296875 0.05625 
0 0.40859375 0.265625 0.0265625 0.05 
0 0.29296875 0.2609375 0.0265625 0.05625 
0 0.253125 0.25078125 0.025 0.0453125 
0 0.21953125 0.2578125 0.0296875 0.05625 
0 0.19140625 0.253125 0.0296875 0.0625 
0 0.82734375 0.56015625 0.0265625 0.0453125 
0 0.8265625 0.45703125 0.025 0.0484375 
0 0.74453125 0.3328125 0.0296875 0.05 
0 0.7765625 0.6125 0.025 0.0375 
0 0.74609375 0.39140625 0.0265625 0.0515625 
0 0.71875 0.38984375 0.03125 0.0609375 
0 0.71953125 0.446875 0.0296875 0.05625 
0 0.72109375 0.50546875 0.0296875 0.0578125 
0 0.74921875 0.50546875 0.0265625 0.0546875 
0 0.7234375 0.5625 0.025 0.05 
0 0.721875 0.61640625 0.028125 0.0546875 
0 0.7515625 0.61171875 0.025 0.0453125 
0 0.77578125 0.5671875 0.0234375 0.04375 
0 0.8234375 0.40546875 0.03125 0.0609375 
0 0.7515625 0.5625 0.025 0.053125 
0 0.77578125 0.51875 0.0234375 0.04375 
0 0.77578125 0.47578125 0.0265625 0.0484375 
0 0.75 0.4453125 0.025 0.059375 
0 0.77578125 0.421875 0.0265625 0.053125 
0 0.7765625 0.3640625 0.028125 0.05625 
0 0.7765625 0.30390625 0.028125 0.0578125 
0 0.82265625 0.34765625 0.0296875 0.0515625 
1 0.6203125 0.98359375 0.040625 0.0328125 
1 0.3796875 0.88125 0.04375 0.1625 
1 0.2578125 0.9828125 0.040625 0.034375 
1 0.5796875 0.8875 0.04375 0.1625 
1 0.61953125 0.88515625 0.0390625 0.1671875 
1 0.66015625 0.890625 0.0421875 0.15625 
1 0.7015625 0.890625 0.04375 0.1625 
1 0.78359375 0.884375 0.0453125 0.165625 
1 0.578125 0.98359375 0.04375 0.0328125 
1 0.66015625 0.984375 0.0421875 0.03125 
1 0.70078125 0.98515625 0.0421875 0.0296875 
1 0.7828125 0.98359375 0.046875 0.0328125 
0 0.1484375 0.0640625 0.059375 0.0625 
1 0.3 0.8828125 0.040625 0.159375 
1 0.26328125 0.88203125 0.0421875 0.1515625 
1 0.03046875 0.88046875 0.0359375 0.1546875 
