0 0.3234375 0.8328125 0.025 0.059375 
0 0.35234375 0.83515625 0.0234375 0.0578125 
0 0.38046875 0.83359375 0.0234375 0.0578125 
0 0.41015625 0.834375 0.0234375 0.059375 
0 0.4390625 0.83359375 0.025 0.0609375 
0 0.4671875 0.83359375 0.025 0.0609375 
0 0.49453125 0.834375 0.0234375 0.059375 
0 0.52578125 0.83515625 0.0265625 0.0578125 
0 0.29375 0.834375 0.028125 0.059375 
0 0.23515625 0.83359375 0.0234375 0.0578125 
0 0.20703125 0.8328125 0.0234375 0.0625 
0 0.52578125 0.77265625 0.0234375 0.0640625 
0 0.00859375 0.8359375 0.0140625 0.0625 
0 0.03359375 0.83515625 0.0265625 0.0578125 
0 0.0625 0.834375 0.025 0.05625 
0 0.090625 0.83359375 0.025 0.0609375 
0 0.1203125 0.83359375 0.025 0.0578125 
0 0.1484375 0.8328125 0.025 0.059375 
0 0.17890625 0.834375 0.0234375 0.059375 
0 0.55390625 0.7734375 0.0296875 0.065625 
0 0.496875 0.7734375 0.021875 0.0625 
0 0.178125 0.77265625 0.021875 0.0609375 
0 0.00859375 0.77265625 0.0140625 0.0640625 
0 0.03125 0.77265625 0.025 0.0640625 
0 0.0609375 0.771875 0.025 0.065625 
0 0.090625 0.771875 0.025 0.0625 
0 0.11953125 0.771875 0.0234375 0.059375 
0 0.14921875 0.77265625 0.0234375 0.0640625 
0 0.2046875 0.7703125 0.025 0.0625 
0 0.46640625 0.771875 0.0265625 0.059375 
0 0.2359375 0.77265625 0.021875 0.0640625 
0 0.26484375 0.7703125 0.0234375 0.059375 
0 0.29453125 0.77265625 0.0234375 0.0640625 
0 0.32109375 0.76953125 0.0203125 0.0609375 
0 0.3515625 0.76953125 0.028125 0.0703125 
0 0.3796875 0.77265625 0.021875 0.0609375 
0 0.40859375 0.771875 0.0234375 0.059375 
0 0.4390625 0.77109375 0.025 0.0640625 
0 0.078125 0.62421875 0.05625 0.0359375 
0 0.18359375 0.08671875 0.0265625 0.0453125 
0 0.23671875 0.09453125 0.0265625 0.0609375 
0 0.26015625 0.0953125 0.0234375 0.05625 
0 0.234375 0.153125 0.025 0.05625 
0 0.234375 0.21171875 0.025 0.0609375 
0 0.790625 0.084375 0.046875 0.021875 
0 0.79375 0.10546875 0.046875 0.0234375 
0 0.7921875 0.1453125 0.04375 0.025 
0 0.7921875 0.17109375 0.05 0.0265625 
0 0.790625 0.19609375 0.053125 0.0234375 
0 0.7921875 0.21796875 0.05 0.0265625 
0 0.78984375 0.24296875 0.0515625 0.0234375 
0 0.78984375 0.2671875 0.0515625 0.025 
0 0.79140625 0.29296875 0.0578125 0.0296875 
0 0.7953125 0.3328125 0.028125 0.053125 
0 0.784375 0.3984375 0.05 0.025 
0 0.78515625 0.42265625 0.0484375 0.0265625 
0 0.790625 0.446875 0.053125 0.021875 
0 0.78984375 0.4734375 0.0515625 0.03125 
0 0.18046875 0.2015625 0.0328125 0.065625 
0 0.18046875 0.1375 0.0296875 0.0625 
0 0.3921875 0.1546875 0.03125 0.053125 
0 0.36328125 0.1671875 0.0328125 0.059375 
0 0.38359375 0.2828125 0.0296875 0.053125 
0 0.36328125 0.22109375 0.0296875 0.0546875 
0 0.33359375 0.22109375 0.0296875 0.0578125 
0 0.3078125 0.2203125 0.03125 0.059375 
0 0.30546875 0.2765625 0.0328125 0.059375 
0 0.27890625 0.22265625 0.0328125 0.0609375 
0 0.27890625 0.16484375 0.0328125 0.0546875 
0 0.30703125 0.1609375 0.0296875 0.05625 
0 0.7875 0.496875 0.053125 0.025 
0 0.78984375 0.5203125 0.0515625 0.025 
0 0.79921875 0.5671875 0.0296875 0.053125 
0 0.80234375 0.6484375 0.0328125 0.053125 
0 0.80078125 0.7171875 0.0296875 0.05 
0 0.80390625 0.784375 0.0265625 0.04375 
0 0.8015625 0.834375 0.028125 0.046875 
0 0.8015625 0.884375 0.034375 0.05 
0 0.80546875 0.93828125 0.0265625 0.0484375 
0 0.8015625 0.9953125 0.028125 0.009375 
0 0.61875 0.04453125 0.06875 0.0234375 
0 0.20390625 0.65859375 0.0296875 0.0609375 
0 0.62109375 0.75859375 0.0265625 0.0578125 
0 0.65234375 0.76875 0.0265625 0.05 
0 0.65546875 0.8203125 0.0265625 0.046875 
0 0.6546875 0.8703125 0.028125 0.053125 
0 0.590625 0.8234375 0.028125 0.0625 
0 0.65234375 0.94609375 0.0296875 0.0671875 
0 0.65234375 0.98828125 0.0296875 0.0234375 
0 0.64453125 0.70234375 0.0546875 0.0265625 
0 0.6359375 0.6734375 0.059375 0.028125 
0 0.56953125 0.59140625 0.0453125 0.0234375 
0 0.49921875 0.67421875 0.0453125 0.0265625 
0 0.20390625 0.5390625 0.0234375 0.05625 
0 0.2046875 0.48046875 0.028125 0.0546875 
0 0.20390625 0.42265625 0.0265625 0.0578125 
0 0.20546875 0.3640625 0.0265625 0.053125 
0 0.2046875 0.309375 0.025 0.05625 
0 0.31875 0.6765625 0.046875 0.028125 
0 0.375 0.67578125 0.053125 0.0296875 
0 0.440625 0.6734375 0.065625 0.03125 
0 0.25234375 0.6640625 0.0265625 0.046875 
0 0.62890625 0.59609375 0.0703125 0.0328125 
0 0.28046875 0.6640625 0.0265625 0.046875 
0 0.3328125 0.4890625 0.059375 0.03125 
0 0.4015625 0.4875 0.05 0.028125 
0 0.28203125 0.515625 0.0234375 0.040625 
0 0.28046875 0.6171875 0.0234375 0.046875 
0 0.2546875 0.615625 0.021875 0.0375 
0 0.53125 0.6203125 0.065625 0.03125 
0 0.60078125 0.62265625 0.0609375 0.0265625 
1 0.0546875 0.2734375 0.028125 0.059375 
1 0.021875 0.2703125 0.03125 0.059375 
1 0.01953125 0.18828125 0.0328125 0.0890625 
1 0.4046875 0.36171875 0.20625 0.0484375 
1 0.090625 0.25625 0.040625 0.08125 
1 0.05703125 0.18203125 0.0328125 0.0703125 
1 0.08671875 0.17265625 0.0265625 0.0578125 
0 0.365625 0.09375 0.03125 0.0625 
0 0.284375 0.0953125 0.025 0.05625 
0 0.3109375 0.09140625 0.028125 0.0546875 
0 0.33671875 0.09453125 0.0296875 0.0515625 
0 0.3953125 0.0953125 0.03125 0.059375 
0 0.42421875 0.09921875 0.0328125 0.0578125 
0 0.45234375 0.484375 0.0546875 0.0375 
0 0.5109375 0.48515625 0.053125 0.0265625 
0 0.2796875 0.46015625 0.03125 0.0578125 
0 0.2828125 0.56328125 0.028125 0.0546875 
1 0.25546875 0.559375 0.0328125 0.05625 
1 0.1453125 0.59765625 0.034375 0.0640625 
1 0.1484375 0.41796875 0.0375 0.0703125 
0 0.203125 0.6 0.025 0.05625 
0 0.17890625 0.66015625 0.0296875 0.0578125 
0 0.34765625 0.89453125 0.0296875 0.0546875 
0 0.08671875 0.89296875 0.0296875 0.0546875 
0 0.115625 0.89375 0.03125 0.05625 
0 0.14609375 0.89453125 0.0296875 0.0578125 
0 0.20234375 0.89296875 0.0296875 0.0546875 
0 0.2328125 0.89453125 0.03125 0.0546875 
0 0.2609375 0.89453125 0.028125 0.0546875 
0 0.2890625 0.89453125 0.03125 0.0515625 
0 0.3171875 0.89375 0.03125 0.053125 
0 0.37578125 0.89375 0.0328125 0.053125 
0 0.028125 0.89453125 0.03125 0.0546875 
0 0.40625 0.89375 0.028125 0.05625 
0 0.434375 0.89375 0.028125 0.05625 
0 0.4625 0.8953125 0.028125 0.05625 
0 0.4921875 0.89296875 0.028125 0.0546875 
0 0.51953125 0.89296875 0.0328125 0.0578125 
0 0.54921875 0.8921875 0.0296875 0.053125 
0 0.57734375 0.8921875 0.0328125 0.05625 
0 0.05859375 0.89375 0.0296875 0.05625 
0 0.1796875 0.5984375 0.025 0.05625 
0 0.08046875 0.4625 0.0421875 0.025 
0 0.0765625 0.3921875 0.05 0.025 
0 0.07734375 0.4375 0.0484375 0.028125 
0 0.08046875 0.48515625 0.0421875 0.0234375 
0 0.0328125 0.53125 0.05 0.021875 
0 0.03359375 0.55546875 0.0484375 0.0234375 
0 0.1765625 0.27734375 0.028125 0.0578125 
0 0.178125 0.3328125 0.025 0.05 
0 0.17890625 0.38515625 0.0203125 0.0484375 
0 0.17734375 0.43515625 0.0203125 0.0546875 
0 0.17734375 0.48671875 0.0265625 0.0546875 
0 0.178125 0.54140625 0.028125 0.0546875 
0 0.57734375 0.94609375 0.0328125 0.0515625 
0 0.54921875 0.94609375 0.0296875 0.0546875 
0 0.2328125 0.9484375 0.03125 0.05625 
0 0.0296875 0.946875 0.03125 0.05625 
0 0.05859375 0.946875 0.0296875 0.053125 
0 0.0875 0.946875 0.03125 0.05625 
0 0.11796875 0.9484375 0.0296875 0.05625 
0 0.14609375 0.9484375 0.0296875 0.053125 
0 0.203125 0.946875 0.03125 0.05625 
0 0.26171875 0.946875 0.0296875 0.05625 
0 0.521875 0.94765625 0.03125 0.0546875 
0 0.28984375 0.94765625 0.0296875 0.0546875 
0 0.31953125 0.9484375 0.0296875 0.05625 
0 0.34765625 0.9484375 0.0296875 0.05625 
0 0.37734375 0.94921875 0.0328125 0.0546875 
0 0.40625 0.94921875 0.03125 0.0546875 
0 0.434375 0.95078125 0.03125 0.0546875 
0 0.46328125 0.95078125 0.0296875 0.0546875 
0 0.4921875 0.94921875 0.03125 0.0515625 
