0 0.9328125 0.53984375 0.034375 0.0578125 
0 0.8828125 0.61328125 0.03125 0.0546875 
0 0.8828125 0.6828125 0.03125 0.05625 
0 0.32109375 0.31953125 0.0453125 0.0234375 
0 0.3703125 0.31796875 0.04375 0.0234375 
0 0.35546875 0.35 0.0484375 0.025 
0 0.35703125 0.3796875 0.0578125 0.025 
0 0.3578125 0.40703125 0.059375 0.0265625 
0 0.36796875 0.4359375 0.0484375 0.025 
0 0.3609375 0.46953125 0.05 0.0265625 
0 0.3578125 0.49609375 0.04375 0.0234375 
0 0.36171875 0.52421875 0.0484375 0.0203125 
0 0.359375 0.553125 0.046875 0.021875 
0 0.36171875 0.58359375 0.0515625 0.0296875 
0 0.36328125 0.609375 0.0484375 0.021875 
0 0.36796875 0.64140625 0.0453125 0.0234375 
0 0.3640625 0.66796875 0.05625 0.0203125 
0 0.35390625 0.69765625 0.0640625 0.0265625 
0 0.359375 0.7265625 0.065625 0.025 
0 0.36484375 0.7609375 0.0484375 0.025 
0 0.36171875 0.784375 0.0515625 0.03125 
0 0.3640625 0.81640625 0.065625 0.0296875 
0 0.2671875 0.321875 0.05 0.028125 
0 0.190625 0.321875 0.046875 0.025 
0 0.21328125 0.29453125 0.0734375 0.0296875 
0 0.0734375 0.35625 0.046875 0.025 
0 0.07421875 0.02578125 0.0609375 0.0296875 
0 0.0703125 0.00625 0.053125 0.009375 
0 0.07421875 0.0796875 0.0609375 0.025 
0 0.075 0.246875 0.059375 0.028125 
0 0.0765625 0.2734375 0.059375 0.03125 
0 0.0734375 0.32734375 0.0625 0.0296875 
0 0.36484375 0.84375 0.0578125 0.028125 
0 0.3125 0.87265625 0.05 0.0234375 
0 0.30546875 0.84375 0.0546875 0.025 
0 0.24453125 0.55234375 0.0515625 0.0234375 
0 0.18671875 0.3515625 0.0640625 0.028125 
0 0.2421875 0.34921875 0.046875 0.0265625 
0 0.23203125 0.37734375 0.0640625 0.0265625 
0 0.2453125 0.40859375 0.05 0.0265625 
0 0.24609375 0.43828125 0.0578125 0.0265625 
0 0.25390625 0.46875 0.0578125 0.028125 
0 0.24921875 0.49765625 0.0609375 0.0265625 
0 0.25234375 0.52109375 0.0546875 0.0234375 
0 0.18984375 0.553125 0.0484375 0.025 
0 0.25390625 0.78359375 0.0421875 0.0234375 
0 0.19609375 0.52421875 0.0484375 0.0234375 
0 0.19375 0.49609375 0.046875 0.0265625 
0 0.19609375 0.4671875 0.0546875 0.028125 
0 0.190625 0.4078125 0.05625 0.028125 
0 0.29453125 0.29140625 0.0765625 0.0265625 
0 0.36015625 0.28984375 0.0546875 0.0234375 
0 0.0734375 0.4671875 0.04375 0.025 
0 0.07421875 0.4984375 0.0421875 0.021875 
0 0.24609375 0.81328125 0.0484375 0.0203125 
0 0.30703125 0.81171875 0.0484375 0.0234375 
0 0.303125 0.553125 0.05625 0.028125 
0 0.30859375 0.784375 0.0484375 0.025 
0 0.31484375 0.75859375 0.0453125 0.0234375 
0 0.3015625 0.7265625 0.05 0.025 
0 0.2859375 0.696875 0.059375 0.025 
0 0.31328125 0.6671875 0.0484375 0.025 
0 0.309375 0.63828125 0.046875 0.0234375 
0 0.3109375 0.61171875 0.053125 0.0234375 
0 0.31015625 0.57890625 0.0484375 0.0234375 
0 0.30625 0.52265625 0.053125 0.0234375 
0 0.2515625 0.84140625 0.05 0.0234375 
0 0.30546875 0.49375 0.0515625 0.021875 
0 0.30859375 0.46953125 0.0453125 0.0234375 
0 0.31015625 0.4390625 0.0578125 0.028125 
0 0.2984375 0.409375 0.046875 0.021875 
0 0.296875 0.3796875 0.046875 0.025 
0 0.3 0.3515625 0.05625 0.028125 
0 0.25390625 0.875 0.0671875 0.03125 
0 0.2015625 0.84140625 0.046875 0.0234375 
0 0.41953125 0.01171875 0.0578125 0.0203125 
0 0.4171875 0.0359375 0.059375 0.03125 
0 0.41953125 0.0640625 0.0578125 0.03125 
0 0.41953125 0.09375 0.0578125 0.028125 
0 0.4203125 0.12265625 0.05625 0.0296875 
0 0.353125 0.00859375 0.059375 0.0140625 
0 0.35234375 0.0296875 0.0484375 0.025 
0 0.34296875 0.05859375 0.0640625 0.0296875 
0 0.2359375 0.11796875 0.05625 0.0265625 
0 0.28125 0.059375 0.059375 0.025 
0 0.29765625 0.0875 0.0609375 0.028125 
0 0.2953125 0.11640625 0.05625 0.0265625 
0 0.29140625 0.14765625 0.0578125 0.0265625 
0 0.2890625 0.17734375 0.05625 0.0265625 
0 0.21484375 0.06328125 0.0609375 0.0296875 
0 0.1859375 0.09140625 0.05 0.0234375 
0 0.2421875 0.090625 0.05 0.021875 
0 0.2328125 0.14765625 0.05625 0.0265625 
0 0.41953125 0.8765625 0.0421875 0.025 
0 0.2328125 0.17421875 0.05625 0.0296875 
0 0.24453125 0.2046875 0.0578125 0.025 
0 0.2796875 0.23515625 0.090625 0.0328125 
0 0.209375 0.23515625 0.05 0.0265625 
0 0.18515625 0.20625 0.0546875 0.028125 
0 0.1796875 0.17578125 0.05 0.0328125 
0 0.18125 0.1484375 0.05 0.028125 
0 0.18203125 0.11875 0.0515625 0.028125 
0 0.2953125 0.03046875 0.05625 0.0265625 
0 0.425 0.7875 0.05625 0.034375 
0 0.3609375 0.11796875 0.059375 0.0296875 
0 0.42265625 0.3265625 0.0609375 0.028125 
0 0.35625 0.14765625 0.071875 0.0328125 
0 0.35546875 0.17734375 0.0671875 0.0296875 
0 0.42109375 0.1828125 0.0609375 0.03125 
0 0.36171875 0.20703125 0.0609375 0.0328125 
0 0.4234375 0.2125 0.04375 0.021875 
0 0.42109375 0.23671875 0.0609375 0.0328125 
0 0.4203125 0.2703125 0.059375 0.03125 
0 0.4234375 0.2984375 0.059375 0.028125 
0 0.42109375 0.353125 0.0515625 0.028125 
0 0.4265625 0.73203125 0.05 0.0265625 
0 0.421875 0.38203125 0.059375 0.0296875 
0 0.42578125 0.440625 0.0515625 0.03125 
0 0.425 0.46953125 0.053125 0.0296875 
0 0.42265625 0.49765625 0.0546875 0.0296875 
0 0.42265625 0.5265625 0.0578125 0.03125 
0 0.4234375 0.55625 0.059375 0.028125 
0 0.4234375 0.6453125 0.053125 0.03125 
0 0.4234375 0.7015625 0.05625 0.03125 
0 0.18984375 0.61171875 0.0609375 0.0296875 
0 0.203125 0.640625 0.05625 0.028125 
0 0.25625 0.64140625 0.046875 0.0265625 
0 0.24765625 0.6109375 0.0578125 0.028125 
0 0.7734375 0.79140625 0.06875 0.0359375 
0 0.76953125 0.703125 0.0640625 0.03125 
0 0.7734375 0.675 0.046875 0.021875 
0 0.77265625 0.64609375 0.0546875 0.0296875 
0 0.771875 0.58828125 0.05 0.0265625 
0 0.7671875 0.5578125 0.059375 0.03125 
0 0.7703125 0.52890625 0.0625 0.0296875 
0 0.7734375 0.503125 0.05 0.021875 
0 0.77578125 0.47265625 0.0578125 0.0296875 
0 0.77109375 0.440625 0.0578125 0.025 
0 0.77109375 0.41484375 0.0640625 0.0296875 
0 0.77421875 0.38515625 0.0640625 0.0296875 
0 0.77265625 0.3546875 0.0640625 0.03125 
0 0.77265625 0.32578125 0.0640625 0.0296875 
0 0.76875 0.29765625 0.0625 0.0296875 
0 0.77109375 0.26875 0.0421875 0.025 
0 0.76953125 0.2421875 0.0546875 0.028125 
0 0.76953125 0.21171875 0.0609375 0.0296875 
0 0.76953125 0.18125 0.0546875 0.028125 
0 0.77265625 0.81953125 0.0546875 0.0296875 
0 0.76875 0.878125 0.059375 0.034375 
0 0.7109375 0.8203125 0.05625 0.03125 
0 0.71328125 0.121875 0.0515625 0.028125 
0 0.709375 0.0109375 0.0625 0.01875 
0 0.7109375 0.03359375 0.059375 0.0296875 
0 0.71015625 0.09375 0.0609375 0.0375 
0 0.70859375 0.15 0.0609375 0.034375 
0 0.71015625 0.75859375 0.0421875 0.0203125 
0 0.709375 0.18203125 0.059375 0.0328125 
0 0.71171875 0.23515625 0.0578125 0.0296875 
0 0.7109375 0.2640625 0.0625 0.028125 
0 0.7140625 0.46796875 0.059375 0.0359375 
0 0.71171875 0.52734375 0.0609375 0.0359375 
0 0.71015625 0.58515625 0.0578125 0.0296875 
0 0.70546875 0.61484375 0.0390625 0.0296875 
0 0.7109375 0.73125 0.0625 0.03125 
0 0.76796875 0.15234375 0.0609375 0.0296875 
0 0.7765625 0.12421875 0.04375 0.0234375 
0 0.76875 0.096875 0.059375 0.03125 
0 0.990625 0.1203125 0.01875 0.025 
0 0.99140625 0.240625 0.0171875 0.0375 
0 0.99140625 0.30390625 0.0171875 0.0328125 
0 0.990625 0.334375 0.01875 0.034375 
0 0.990625 0.36640625 0.01875 0.0328125 
0 0.99375 0.06171875 0.0125 0.0265625 
0 0.98984375 0.09375 0.0203125 0.03125 
0 0.9921875 0.0125 0.015625 0.021875 
0 0.7703125 0.06640625 0.0625 0.0328125 
0 0.76953125 0.03515625 0.0609375 0.0296875 
0 0.7703125 0.0109375 0.059375 0.01875 
0 0.53359375 0.17734375 0.0609375 0.0296875 
0 0.5375 0.009375 0.05625 0.015625 
0 0.5296875 0.03359375 0.046875 0.0265625 
0 0.53515625 0.05859375 0.0578125 0.0265625 
0 0.53515625 0.08984375 0.0609375 0.0296875 
0 0.534375 0.121875 0.0625 0.028125 
0 0.5328125 0.14921875 0.065625 0.0328125 
0 0.53671875 0.2046875 0.0578125 0.034375 
0 0.5390625 0.23359375 0.053125 0.0265625 
0 0.53671875 0.26484375 0.0578125 0.0265625 
0 0.5375 0.2953125 0.059375 0.028125 
0 0.53671875 0.3515625 0.0609375 0.028125 
0 0.5375 0.37890625 0.059375 0.0296875 
0 0.5375 0.40625 0.059375 0.028125 
0 0.5375 0.4390625 0.059375 0.03125 
0 0.5390625 0.46796875 0.0625 0.0296875 
0 0.53828125 0.52734375 0.0609375 0.0265625 
0 0.18515625 0.72734375 0.0484375 0.0234375 
0 0.1796875 0.696875 0.05 0.028125 
0 0.2234375 0.69921875 0.04375 0.0296875 
0 0.25078125 0.72734375 0.0546875 0.0265625 
0 0.26328125 0.75625 0.0453125 0.025 
0 0.2203125 0.75625 0.046875 0.028125 
0 0.19765625 0.7859375 0.0484375 0.028125 
0 0.18984375 0.81328125 0.0609375 0.0296875 
0 0.1765625 0.75546875 0.046875 0.0296875 
0 0.07109375 0.634375 0.0515625 0.028125 
0 0.07421875 0.715625 0.0546875 0.028125 
0 0.07578125 0.77109375 0.0609375 0.0296875 
0 0.07421875 0.7984375 0.0484375 0.025 
0 0.07265625 0.82578125 0.0484375 0.0234375 
0 0.0796875 0.93125 0.059375 0.03125 
0 0.08359375 0.90546875 0.0453125 0.0234375 
0 0.53984375 0.49609375 0.0546875 0.0265625 
0 0.54140625 0.55390625 0.0578125 0.0296875 
0 0.59375 0.0109375 0.04375 0.01875 
0 0.59453125 0.2671875 0.0578125 0.03125 
0 0.5953125 0.2390625 0.05625 0.034375 
0 0.59375 0.1828125 0.05625 0.034375 
0 0.59375 0.153125 0.05625 0.03125 
0 0.59375 0.1203125 0.059375 0.028125 
0 0.59296875 0.09296875 0.0578125 0.0296875 
0 0.59375 0.065625 0.046875 0.028125 
0 0.5921875 0.03515625 0.05625 0.0296875 
0 0.5921875 0.35625 0.04375 0.021875 
0 0.596875 0.32421875 0.065625 0.0328125 
0 0.596875 0.3828125 0.046875 0.028125 
0 0.53671875 0.5859375 0.0671875 0.028125 
0 0.59375 0.87734375 0.0625 0.0328125 
0 0.53359375 0.61328125 0.0515625 0.0265625 
0 0.53671875 0.6421875 0.0578125 0.028125 
0 0.53828125 0.67109375 0.0546875 0.0296875 
0 0.53671875 0.7 0.0578125 0.028125 
0 0.53515625 0.7296875 0.0609375 0.028125 
0 0.53828125 0.7578125 0.0671875 0.03125 
0 0.53828125 0.7890625 0.0640625 0.028125 
0 0.53828125 0.815625 0.0421875 0.01875 
0 0.5953125 0.8171875 0.059375 0.028125 
0 0.59765625 0.4109375 0.0609375 0.028125 
0 0.596875 0.78984375 0.05625 0.0296875 
0 0.59453125 0.703125 0.0578125 0.03125 
0 0.5953125 0.6734375 0.059375 0.03125 
0 0.5953125 0.64453125 0.059375 0.0296875 
0 0.6 0.5296875 0.053125 0.028125 
0 0.596875 0.5 0.05625 0.025 
0 0.59921875 0.4703125 0.0578125 0.028125 
0 0.59765625 0.440625 0.0546875 0.028125 
1 0.9203125 0.1828125 0.04375 0.121875 
1 0.878125 0.25859375 0.046875 0.1546875 
1 0.87578125 0.478125 0.0484375 0.153125 
1 0.15390625 0.978125 0.0890625 0.04375 
1 0.2140625 0.97421875 0.121875 0.0515625 
1 0.26796875 0.97421875 0.1171875 0.0515625 
1 0.3328125 0.971875 0.13125 0.05625 
1 0.38671875 0.9734375 0.1328125 0.053125 
1 0.4453125 0.9734375 0.1375 0.053125 
1 0.5046875 0.97421875 0.13125 0.0515625 
1 0.56875 0.97265625 0.125 0.0546875 
1 0.6171875 0.98203125 0.109375 0.0359375 
1 0.66015625 0.98671875 0.1265625 0.0265625 
