0 0.05859375 0.984375 0.0234375 0.03125 
0 0.08046875 0.93671875 0.0203125 0.0265625 
0 0.0921875 0.9328125 0.01875 0.025 
0 0.10234375 0.92578125 0.0203125 0.0265625 
0 0.11953125 0.95 0.0203125 0.028125 
0 0.109375 0.95859375 0.021875 0.0234375 
0 0.09609375 0.96640625 0.0171875 0.0265625 
0 0.08359375 0.971875 0.0234375 0.028125 
0 0.075 0.9796875 0.021875 0.025 
0 0.046875 0.9890625 0.01875 0.021875 
0 0.0359375 0.9921875 0.021875 0.015625 
0 0.0203125 0.99453125 0.025 0.0109375 
0 0.47890625 0.7921875 0.0265625 0.028125 
0 0.51640625 0.9625 0.0296875 0.040625 
0 0.6484375 0.8875 0.025 0.0375 
0 0.80234375 0.9234375 0.0296875 0.03125 
0 0.90859375 0.95546875 0.0296875 0.0234375 
0 0.90234375 0.9421875 0.0296875 0.021875 
0 0.8953125 0.93203125 0.03125 0.0265625 
0 0.69609375 0.98515625 0.0265625 0.0296875 
0 0.8515625 0.86171875 0.03125 0.0234375 
0 0.85703125 0.87109375 0.0328125 0.0296875 
0 0.87109375 0.89453125 0.0328125 0.0265625 
0 0.8796875 0.90859375 0.03125 0.0265625 
0 0.884375 0.92109375 0.03125 0.0265625 
0 0.6875 0.8703125 0.021875 0.028125 
0 0.72265625 0.84765625 0.0265625 0.0328125 
0 0.72265625 0.92421875 0.0265625 0.0328125 
0 0.6109375 0.984375 0.025 0.03125 
0 0.7671875 0.94375 0.025 0.03125 
0 0.78046875 0.93671875 0.0234375 0.0328125 
0 0.81796875 0.915625 0.0234375 0.03125 
0 0.8421875 0.846875 0.034375 0.025 
0 0.9234375 0.98359375 0.028125 0.0265625 
0 0.80078125 0.99140625 0.0234375 0.0171875 
0 0.8390625 0.97890625 0.028125 0.0359375 
0 0.06953125 0.94375 0.0203125 0.03125 
0 0.04375 0.9578125 0.021875 0.03125 
0 0.0328125 0.96640625 0.025 0.0328125 
0 0.22734375 0.29375 0.0234375 0.034375 
0 0.23671875 0.290625 0.0203125 0.03125 
0 0.246875 0.284375 0.021875 0.03125 
0 0.26015625 0.275 0.0234375 0.03125 
0 0.26953125 0.26875 0.0234375 0.03125 
0 0.28203125 0.26328125 0.0203125 0.0296875 
0 0.31484375 0.24453125 0.0296875 0.0359375 
0 0.7015625 0.25859375 0.021875 0.0359375 
0 0.71640625 0.28828125 0.0265625 0.0328125 
0 0.73359375 0.3140625 0.0265625 0.034375 
0 0.74921875 0.34296875 0.0265625 0.0359375 
0 0.6953125 0.31953125 0.025 0.0359375 
0 0.71796875 0.35703125 0.0296875 0.0453125 
0 0.8046875 0.22265625 0.025 0.0421875 
0 0.2140625 0.30234375 0.021875 0.0328125 
0 0.20390625 0.31015625 0.0234375 0.0296875 
0 0.19296875 0.31875 0.0234375 0.034375 
0 0.215625 0.228125 0.025 0.028125 
0 0.11640625 0.2890625 0.0265625 0.03125 
0 0.128125 0.2828125 0.025 0.03125 
0 0.1390625 0.27421875 0.021875 0.0234375 
0 0.15859375 0.26328125 0.0265625 0.0328125 
0 0.1703125 0.25546875 0.028125 0.0265625 
0 0.184375 0.24921875 0.025 0.0328125 
0 0.1953125 0.2421875 0.021875 0.028125 
0 0.20546875 0.2359375 0.0234375 0.028125 
0 0.228125 0.22109375 0.021875 0.0296875 
0 0.16875 0.33046875 0.025 0.0328125 
0 0.24921875 0.2109375 0.0234375 0.03125 
0 0.26328125 0.20390625 0.0234375 0.0296875 
0 0.284375 0.190625 0.028125 0.03125 
0 0.109375 0.365625 0.025 0.03125 
0 0.12109375 0.35390625 0.0265625 0.0328125 
0 0.13515625 0.35078125 0.0203125 0.0296875 
0 0.14609375 0.34375 0.0234375 0.03125 
0 0.15859375 0.33828125 0.0234375 0.0328125 
0 0.94375 0.75859375 0.03125 0.0390625 
0 0.365625 0.35390625 0.025 0.0296875 
0 0.3765625 0.3484375 0.028125 0.03125 
0 0.3890625 0.3421875 0.025 0.034375 
0 0.4 0.334375 0.025 0.034375 
0 0.4234375 0.321875 0.03125 0.034375 
0 0.67890625 0.65859375 0.0296875 0.0421875 
0 0.878125 0.6390625 0.034375 0.0375 
0 0.9 0.6765625 0.025 0.03125 
0 0.98515625 0.82890625 0.0296875 0.0390625 
0 0.31953125 0.38046875 0.0265625 0.0328125 
0 0.8828125 0.440625 0.03125 0.04375 
0 0.01640625 0.79609375 0.0265625 0.0359375 
0 0.046875 0.84921875 0.025 0.0328125 
0 0.03515625 0.859375 0.0234375 0.028125 
0 0.0625 0.87734375 0.025 0.0296875 
0 0.05078125 0.88515625 0.0234375 0.0296875 
0 0.0390625 0.89375 0.021875 0.028125 
0 0.02734375 0.8984375 0.0234375 0.028125 
0 0.3546875 0.36171875 0.025 0.0296875 
0 0.29765625 0.39296875 0.0203125 0.0328125 
0 0.1390625 0.41328125 0.028125 0.0328125 
0 0.28828125 0.32890625 0.0265625 0.0296875 
0 0.15234375 0.40625 0.0296875 0.034375 
0 0.17421875 0.39140625 0.0234375 0.0296875 
0 0.18671875 0.38671875 0.0265625 0.0328125 
0 0.1984375 0.38125 0.028125 0.03125 
0 0.209375 0.37265625 0.021875 0.0296875 
0 0.221875 0.36953125 0.025 0.0328125 
0 0.25546875 0.34765625 0.0296875 0.0328125 
0 0.27421875 0.33359375 0.0265625 0.0296875 
0 0.31875 0.30703125 0.028125 0.0296875 
0 0.28515625 0.40234375 0.0265625 0.0328125 
0 0.1703125 0.4640625 0.025 0.034375 
0 0.18359375 0.45703125 0.0203125 0.0265625 
0 0.196875 0.446875 0.025 0.025 
0 0.2078125 0.43984375 0.021875 0.0296875 
0 0.21796875 0.4390625 0.0234375 0.028125 
0 0.240625 0.428125 0.021875 0.034375 
0 0.253125 0.41953125 0.025 0.0296875 
0 0.27421875 0.40703125 0.0234375 0.0328125 
0 0.103125 0.29453125 0.021875 0.0296875 
0 0.09140625 0.30390625 0.0265625 0.0359375 
0 0.259375 0.1703125 0.025 0.034375 
0 0.3625 0.159375 0.03125 0.03125 
0 0.403125 0.0140625 0.025 0.025 
0 0.40078125 0.090625 0.0234375 0.03125 
0 0.3890625 0.096875 0.021875 0.028125 
0 0.33046875 0.12421875 0.0203125 0.0328125 
0 0.34296875 0.11953125 0.0203125 0.0328125 
0 0.3546875 0.11328125 0.025 0.0296875 
0 0.37734375 0.1046875 0.0265625 0.03125 
0 0.37109375 0.13359375 0.0328125 0.0265625 
0 0.365625 0.034375 0.025 0.03125 
0 0.39140625 0.021875 0.0265625 0.03125 
0 0.3546875 0.04296875 0.025 0.0296875 
0 0.3359375 0.05390625 0.025 0.0296875 
0 0.31328125 0.0328125 0.0234375 0.028125 
0 0.32734375 0.02421875 0.0171875 0.0296875 
0 0.33984375 0.0171875 0.0234375 0.028125 
0 0.296875 0.07265625 0.025 0.0296875 
0 0.31015625 0.065625 0.0203125 0.025 
0 0.32109375 0.06015625 0.0234375 0.0296875 
0 0.28125 0.15703125 0.028125 0.0359375 
0 0.09140625 0.26875 0.0171875 0.03125 
0 0.17890625 0.13984375 0.0328125 0.0328125 
0 0.190625 0.1328125 0.025 0.028125 
0 0.203125 0.12734375 0.028125 0.0296875 
0 0.2140625 0.12109375 0.025 0.0296875 
0 0.25078125 0.10078125 0.0296875 0.0296875 
0 0.2390625 0.10625 0.025 0.034375 
0 0.0625 0.28359375 0.021875 0.0328125 
0 0.07734375 0.275 0.0203125 0.03125 
0 0.10234375 0.2625 0.0203125 0.03125 
0 0.15625 0.15546875 0.025 0.0296875 
0 0.11171875 0.25546875 0.0234375 0.0328125 
0 0.12265625 0.2453125 0.0265625 0.03125 
0 0.1453125 0.23828125 0.025 0.0296875 
0 0.178125 0.2171875 0.021875 0.028125 
0 0.18984375 0.209375 0.0203125 0.028125 
0 0.2046875 0.20546875 0.025 0.0328125 
0 0.22421875 0.18984375 0.0234375 0.0296875 
0 0.23515625 0.18515625 0.0234375 0.0328125 
0 0.16953125 0.1484375 0.0265625 0.03125 
0 0.14765625 0.1625 0.0265625 0.03125 
0 0.153125 0.00625 0.021875 0.009375 
0 0.02421875 0.0703125 0.0234375 0.034375 
0 0.03828125 0.06171875 0.0265625 0.0328125 
0 0.03046875 0.1046875 0.0265625 0.028125 
0 0.06953125 0.0421875 0.0234375 0.03125 
0 0.0859375 0.03359375 0.021875 0.0328125 
0 0.10625 0.02265625 0.025 0.0328125 
0 0.13984375 0.0109375 0.0234375 0.01875 
0 0.53125 0.23828125 0.025 0.0390625 
0 0.134375 0.1703125 0.025 0.028125 
0 0.0234375 0.35 0.028125 0.0375 
0 0.03125 0.228125 0.025 0.034375 
0 0.05078125 0.215625 0.0265625 0.034375 
0 0.0640625 0.2078125 0.021875 0.028125 
0 0.07578125 0.20234375 0.0234375 0.0328125 
0 0.090625 0.19609375 0.025 0.0328125 
0 0.1 0.18828125 0.025 0.0296875 
0 0.12265625 0.1796875 0.0265625 0.034375 
0 0.3765625 0.028125 0.025 0.03125 
0 0.83515625 0.834375 0.0296875 0.025 
0 0.91328125 0.971875 0.0328125 0.025 
