0 0.8015625 0.58359375 0.028125 0.0328125 
0 0.8625 0.571875 0.03125 0.0375 
0 0.84296875 0.628125 0.0296875 0.0375 
0 0.74375 0.615625 0.028125 0.03125 
0 0.72109375 0.63046875 0.0296875 0.0359375 
0 0.39375 0.24375 0.01875 0.025 
0 0.4046875 0.23671875 0.021875 0.0296875 
0 0.4171875 0.2296875 0.025 0.028125 
0 0.50390625 0.17734375 0.0234375 0.0296875 
0 0.51796875 0.175 0.0234375 0.028125 
0 0.528125 0.1671875 0.021875 0.028125 
0 0.56640625 0.18359375 0.0234375 0.0265625 
0 0.5546875 0.18828125 0.025 0.0328125 
0 0.5328125 0.1984375 0.021875 0.03125 
0 0.48671875 0.228125 0.0234375 0.034375 
0 0.79765625 0.54921875 0.0234375 0.0328125 
0 0.8328125 0.51953125 0.03125 0.0359375 
0 0.6625 0.5546875 0.03125 0.0375 
0 0.678125 0.403125 0.025 0.03125 
0 0.60078125 0.2671875 0.0265625 0.034375 
0 0.64296875 0.31640625 0.0265625 0.0328125 
0 0.57421875 0.35390625 0.0296875 0.0359375 
0 0.5546875 0.37109375 0.028125 0.0328125 
0 0.621875 0.328125 0.025 0.034375 
0 0.65 0.34921875 0.028125 0.0328125 
0 0.72578125 0.340625 0.0296875 0.034375 
0 0.75234375 0.328125 0.0265625 0.034375 
0 0.69140625 0.396875 0.0234375 0.03125 
0 0.5578125 0.509375 0.03125 0.034375 
0 0.5921875 0.38046875 0.028125 0.0328125 
0 0.521875 0.3890625 0.028125 0.0375 
0 0.5296875 0.48828125 0.025 0.0328125 
0 0.5546875 0.4734375 0.03125 0.0375 
0 0.6125 0.44140625 0.028125 0.0359375 
0 0.63359375 0.53359375 0.0296875 0.0328125 
0 0.73828125 0.4765625 0.0234375 0.028125 
0 0.65859375 0.4484375 0.0265625 0.03125 
0 0.49921875 0.21953125 0.0234375 0.0296875 
0 0.62109375 0.1515625 0.0171875 0.025 
0 0.6484375 0.20234375 0.025 0.0328125 
0 0.7375 0.58203125 0.021875 0.0359375 
0 0.590625 0.596875 0.025 0.034375 
0 0.57265625 0.603125 0.0296875 0.040625 
0 0.709375 0.2796875 0.021875 0.028125 
0 0.50078125 0.325 0.0234375 0.034375 
0 0.48359375 0.4015625 0.0296875 0.034375 
0 0.521875 0.41953125 0.03125 0.0390625 
0 0.75078125 0.4640625 0.0265625 0.03125 
0 0.78046875 0.425 0.0296875 0.034375 
0 0.75234375 0.57578125 0.0265625 0.0328125 
0 0.796875 0.4578125 0.025 0.03125 
0 0.89375 0.63203125 0.021875 0.0328125 
0 0.9125 0.6265625 0.025 0.03125 
0 0.6984375 0.64375 0.028125 0.03125 
0 0.6515625 0.665625 0.03125 0.034375 
0 0.7296875 0.69296875 0.028125 0.0328125 
0 0.6953125 0.715625 0.021875 0.03125 
0 0.66640625 0.7328125 0.0296875 0.0375 
0 0.68359375 0.75703125 0.0265625 0.0328125 
0 0.8109375 0.446875 0.021875 0.028125 
0 0.76484375 0.4890625 0.0234375 0.03125 
0 0.6609375 0.19609375 0.021875 0.0359375 
0 0.53125 0.2703125 0.01875 0.03125 
0 0.675 0.18984375 0.021875 0.0296875 
0 0.578125 0.278125 0.025 0.03125 
0 0.45546875 0.35546875 0.0265625 0.0328125 
0 0.475 0.30625 0.021875 0.034375 
0 0.4859375 0.3015625 0.01875 0.03125 
0 0.49375 0.29375 0.021875 0.028125 
0 0.50625 0.2859375 0.025 0.034375 
0 0.51796875 0.2796875 0.0234375 0.034375 
0 0.6578125 0.30859375 0.025 0.0328125 
0 0.753125 0.50546875 0.028125 0.0296875 
0 0.70234375 0.38984375 0.0234375 0.0328125 
0 0.75703125 0.3609375 0.0234375 0.028125 
0 0.49921875 0.43359375 0.0265625 0.0390625 
0 0.59921875 0.3421875 0.0234375 0.034375 
0 0.62578125 0.3609375 0.0234375 0.034375 
0 0.67109375 0.44140625 0.0265625 0.0296875 
0 0.671875 0.515625 0.025 0.03125 
0 0.70546875 0.5296875 0.0296875 0.0375 
0 0.62421875 0.2578125 0.0265625 0.034375 
0 0.61015625 0.2296875 0.0234375 0.03125 
0 0.59765625 0.234375 0.0203125 0.03125 
0 0.4796875 0.0140625 0.028125 0.025 
0 0.34140625 0.08828125 0.0265625 0.0359375 
0 0.4765625 0.090625 0.028125 0.025 
0 0.42265625 0.00703125 0.0359375 0.0109375 
0 0.509375 0.06328125 0.025 0.0328125 
0 0.57109375 0.071875 0.0265625 0.034375 
0 0.5265625 0.08515625 0.021875 0.0296875 
0 0.5109375 0.0953125 0.028125 0.028125 
0 0.49140625 0.1078125 0.0234375 0.03125 
0 0.57578125 0.24765625 0.0234375 0.0296875 
0 0.38203125 0.25390625 0.0234375 0.0328125 
0 0.29296875 0.11796875 0.0265625 0.0296875 
0 0.89921875 0.16640625 0.0265625 0.0328125 
0 0.3203125 0.17109375 0.028125 0.0328125 
0 0.3078125 0.184375 0.028125 0.034375 
0 0.39609375 0.28203125 0.0265625 0.0328125 
0 0.40625 0.271875 0.028125 0.03125 
0 0.4328125 0.26171875 0.03125 0.0359375 
0 0.46640625 0.2421875 0.0265625 0.03125 
0 0.43828125 0.3296875 0.0265625 0.0375 
0 0.29140625 0.08515625 0.0234375 0.0296875 
0 0.45078125 0.32265625 0.0234375 0.0296875 
0 0.4625 0.31640625 0.021875 0.0296875 
0 0.478125 0.34140625 0.025 0.0328125 
0 0.49140625 0.33359375 0.0203125 0.0265625 
0 0.5546875 0.29453125 0.028125 0.0328125 
0 0.5515625 0.259375 0.021875 0.028125 
0 0.5421875 0.26796875 0.021875 0.0234375 
0 0.5640625 0.25390625 0.021875 0.0328125 
0 0.30390625 0.109375 0.0265625 0.028125 
0 0.27734375 0.09375 0.0234375 0.0375 
0 0.60703125 0.05 0.0265625 0.03125 
0 0.2296875 0.01640625 0.028125 0.0296875 
0 0.2328125 0.0453125 0.025 0.028125 
0 0.25 0.04140625 0.028125 0.0359375 
0 0.2609375 0.03359375 0.028125 0.0328125 
0 0.5828125 0.0640625 0.025 0.03125 
0 0.59609375 0.05546875 0.0234375 0.0296875 
0 0.60546875 0.1265625 0.0265625 0.034375 
0 0.44140625 0.21328125 0.0296875 0.0421875 
0 0.62890625 0.11015625 0.0234375 0.0265625 
0 0.64296875 0.13671875 0.0234375 0.0296875 
0 0.57734375 0.17421875 0.0265625 0.0328125 
0 0.55 0.15234375 0.025 0.0390625 
0 0.53984375 0.1625 0.0203125 0.028125 
0 0.52109375 0.20859375 0.0328125 0.0359375 
0 0.48359375 0.19296875 0.0234375 0.0328125 
0 0.459375 0.20625 0.021875 0.034375 
0 0.71015625 0.740625 0.0265625 0.03125 
0 0.6984375 0.7484375 0.025 0.03125 
0 0.721875 0.734375 0.025 0.028125 
0 0.734375 0.72890625 0.028125 0.0328125 
0 0.76796875 0.7078125 0.0265625 0.03125 
0 0.80234375 0.79296875 0.0265625 0.0359375 
0 0.76796875 0.8125 0.0234375 0.03125 
0 0.890625 0.71015625 0.025 0.0359375 
0 0.90546875 0.7359375 0.0265625 0.034375 
0 0.89296875 0.74609375 0.0234375 0.0296875 
0 0.87265625 0.75859375 0.0234375 0.0328125 
0 0.8578125 0.76171875 0.021875 0.0296875 
0 0.84609375 0.76640625 0.0234375 0.0296875 
0 0.94140625 0.68203125 0.0234375 0.0328125 
0 0.9859375 0.759375 0.028125 0.034375 
0 0.990625 0.7953125 0.01875 0.03125 
0 0.934375 0.78671875 0.021875 0.0296875 
0 0.9265625 0.8 0.021875 0.028125 
0 0.91484375 0.8046875 0.0234375 0.03125 
0 0.8796875 0.8234375 0.021875 0.028125 
0 0.6234375 0.68203125 0.025 0.0328125 
0 0.77421875 0.8828125 0.0265625 0.034375 
0 0.80859375 0.85859375 0.0234375 0.0265625 
0 0.83203125 0.8484375 0.0234375 0.03125 
0 0.84453125 0.8453125 0.0265625 0.034375 
0 0.8546875 0.7328125 0.01875 0.028125 
0 0.84296875 0.7375 0.0203125 0.03125 
0 0.83203125 0.74375 0.0234375 0.03125 
0 0.675 0.65234375 0.028125 0.0359375 
0 0.7890625 0.69609375 0.025 0.0328125 
0 0.8015625 0.690625 0.021875 0.03125 
0 0.8125 0.68203125 0.025 0.0296875 
0 0.821875 0.6765625 0.025 0.028125 
0 0.8359375 0.66875 0.021875 0.028125 
0 0.86015625 0.65390625 0.0234375 0.0296875 
0 0.80546875 0.64921875 0.0234375 0.0328125 
0 0.81875 0.6421875 0.025 0.03125 
0 0.81015625 0.75625 0.0234375 0.028125 
0 0.7125 0.81171875 0.021875 0.0296875 
0 0.74296875 0.83203125 0.0265625 0.0296875 
0 0.82578125 0.78671875 0.0296875 0.0328125 
0 0.83671875 0.775 0.0234375 0.028125 
0 0.775 0.7734375 0.028125 0.0375 
0 0.72734375 0.79921875 0.0203125 0.0296875 
0 0.740625 0.79375 0.025 0.034375 
0 0.7578125 0.825 0.021875 0.025 
0 0.86015625 0.83828125 0.0234375 0.0296875 
0 0.78984375 0.8765625 0.0234375 0.034375 
0 0.815625 0.89609375 0.028125 0.0234375 
0 0.853125 0.87578125 0.025 0.0203125 
0 0.93046875 0.8234375 0.0296875 0.025 
0 0.975 0.88125 0.028125 0.0375 
0 0.9890625 0.878125 0.021875 0.028125 
0 0.96171875 0.95546875 0.0265625 0.0328125 
0 0.39140625 0.98984375 0.0328125 0.0203125 
