0 0.446875 0.50546875 0.025 0.0328125 
0 0.46484375 0.509375 0.0171875 0.03125 
0 0.478125 0.5125 0.025 0.03125 
0 0.49140625 0.521875 0.0203125 0.0375 
0 0.5046875 0.52421875 0.021875 0.0296875 
0 0.51640625 0.53203125 0.0234375 0.0359375 
0 0.5328125 0.53515625 0.021875 0.0359375 
0 0.55 0.53984375 0.025 0.0359375 
1 0.67890625 0.48359375 0.0546875 0.0421875 
1 0.6671875 0.4625 0.040625 0.034375 
1 0.6578125 0.4453125 0.046875 0.0375 
0 0.65390625 0.3984375 0.0328125 0.0375 
0 0.56953125 0.44296875 0.0265625 0.0328125 
0 0.540625 0.46015625 0.03125 0.0359375 
0 0.5515625 0.45078125 0.03125 0.0328125 
0 0.6046875 0.96796875 0.021875 0.0296875 
0 0.74453125 0.99375 0.0203125 0.0125 
0 0.728125 0.990625 0.025 0.01875 
0 0.7140625 0.990625 0.021875 0.01875 
0 0.7046875 0.9890625 0.021875 0.021875 
0 0.68671875 0.9859375 0.0234375 0.028125 
0 0.67265625 0.9828125 0.0203125 0.034375 
0 0.66015625 0.9796875 0.0203125 0.034375 
0 0.64609375 0.97421875 0.0234375 0.0359375 
0 0.63203125 0.971875 0.0234375 0.0375 
0 0.6203125 0.9703125 0.021875 0.028125 
0 0.59140625 0.96328125 0.0203125 0.0359375 
0 0.5796875 0.9578125 0.021875 0.03125 
0 0.54921875 0.9515625 0.0203125 0.034375 
0 0.075 0.79921875 0.025 0.0328125 
0 0.9015625 0.24140625 0.04375 0.0359375 
0 0.75625 0.99453125 0.01875 0.0109375 
0 0.53515625 0.9484375 0.0234375 0.034375 
0 0.103125 0.6546875 0.021875 0.034375 
0 0.46484375 0.93125 0.0234375 0.034375 
1 0.7921875 0.503125 0.059375 0.046875 
1 0.83828125 0.45 0.0546875 0.046875 
1 0.84921875 0.4703125 0.0640625 0.05 
1 0.59921875 0.3453125 0.0515625 0.04375 
1 0.784375 0.48203125 0.05625 0.0453125 
1 0.771875 0.46640625 0.05625 0.0453125 
1 0.76328125 0.44921875 0.0484375 0.0421875 
0 0.07421875 0.6484375 0.0203125 0.03125 
0 0.09140625 0.65078125 0.0203125 0.0328125 
