1 0.2625 0.33203125 0.03125 0.0390625 
1 0.26640625 0.2921875 0.0234375 0.0375 
1 0.28671875 0.2765625 0.0234375 0.040625 
1 0.25703125 0.23671875 0.0359375 0.0390625 
1 0.20859375 0.27109375 0.0359375 0.0421875 
1 0.22265625 0.26328125 0.0328125 0.0421875 
1 0.62265625 0.0203125 0.0765625 0.0375 
1 0.88359375 0.39140625 0.0515625 0.0578125 
1 0.91328125 0.5328125 0.0453125 0.053125 
0 0.6609375 0.14140625 0.034375 0.0421875 
0 0.9359375 0.42265625 0.03125 0.0390625 
0 0.8671875 0.0375 0.034375 0.034375 
0 0.74765625 0.05546875 0.0359375 0.0390625 
0 0.3140625 0.48515625 0.025 0.0296875 
0 0.33671875 0.47578125 0.0234375 0.0296875 
1 0.634375 0.4453125 0.046875 0.0625 
0 0.54296875 0.021875 0.0390625 0.040625 
0 0.49765625 0.0421875 0.0328125 0.0375 
0 0.3515625 0.50078125 0.025 0.0328125 
1 0.86640625 0.97421875 0.0390625 0.0453125 
1 0.55078125 0.28125 0.0671875 0.090625 
0 0.91640625 0.73359375 0.0296875 0.0234375 
0 0.00546875 0.00546875 0.0078125 0.0078125 
0 0.06328125 0.059375 0.0265625 0.03125 
0 0.05 0.03203125 0.028125 0.0328125 
0 0.02265625 0.153125 0.0265625 0.034375 
0 0.2609375 0.13984375 0.025 0.0265625 
0 0.05859375 0.13125 0.0265625 0.034375 
1 0.7765625 0.909375 0.03125 0.040625 
0 0.82578125 0.9859375 0.0328125 0.028125 
0 0.07265625 0.1265625 0.0265625 0.034375 
0 0.08515625 0.1171875 0.0296875 0.034375 
0 0.09921875 0.1125 0.0265625 0.034375 
0 0.1390625 0.128125 0.03125 0.0375 
0 0.06328125 0.17109375 0.0296875 0.0359375 
0 0.0765625 0.1640625 0.028125 0.040625 
0 0.0890625 0.15625 0.03125 0.0375 
0 0.24296875 0.2453125 0.0265625 0.03125 
0 0.20390625 0.3671875 0.0265625 0.034375 
0 0.1109375 0.83984375 0.028125 0.0328125 
0 0.13203125 0.87578125 0.0328125 0.0390625 
0 0.25390625 0.98828125 0.0328125 0.0234375 
0 0.24375 0.975 0.03125 0.025 
0 0.23125 0.95078125 0.034375 0.0296875 
1 0.0265625 0.8484375 0.05 0.05625 
