0 0.8953125 0.02421875 0.028125 0.0359375 
0 0.93515625 0.0078125 0.0296875 0.0125 
0 0.8796875 0.03359375 0.028125 0.0359375 
0 0.8515625 0.04296875 0.025 0.0328125 
0 0.8375 0.05 0.028125 0.0375 
0 0.82265625 0.06015625 0.0265625 0.0296875 
0 0.6203125 0.63984375 0.040625 0.0296875 
0 0.49921875 0.43984375 0.0390625 0.0328125 
0 0.5171875 0.584375 0.03125 0.028125 
0 0.5296875 0.6046875 0.034375 0.028125 
0 0.54140625 0.628125 0.0328125 0.025 
0 0.55703125 0.6484375 0.0328125 0.025 
0 0.5875 0.5890625 0.0375 0.03125 
0 0.56796875 0.6734375 0.0328125 0.025 
0 0.61328125 0.6296875 0.0390625 0.03125 
0 0.625 0.6546875 0.04375 0.03125 
0 0.63359375 0.66953125 0.0390625 0.0296875 
0 0.68671875 0.73046875 0.0359375 0.0171875 
0 0.68125 0.77421875 0.03125 0.0171875 
0 0.684375 0.8484375 0.034375 0.01875 
0 0.259375 0.0390625 0.0375 0.0375 
