0 0.55234375 0.896875 0.0296875 0.028125 
1 0.3890625 0.7296875 0.034375 0.04375 
1 0.35390625 0.75390625 0.0453125 0.0609375 
1 0.68828125 0.81953125 0.0703125 0.0515625 
0 0.440625 0.88515625 0.03125 0.0296875 
0 0.43359375 0.87421875 0.0265625 0.0265625 
0 0.425 0.86328125 0.034375 0.0328125 
0 0.45859375 0.72421875 0.0328125 0.0265625 
0 0.85234375 0.7078125 0.0328125 0.025 
0 0.68359375 0.928125 0.0328125 0.028125 
0 0.46953125 0.74921875 0.0265625 0.0234375 
0 0.465625 0.73671875 0.028125 0.0234375 
0 0.45390625 0.71328125 0.0296875 0.0234375 
0 0.3890625 0.79453125 0.028125 0.0234375 
0 0.44765625 0.70390625 0.0328125 0.0265625 
0 0.4390625 0.6890625 0.03125 0.028125 
0 0.41015625 0.64296875 0.0296875 0.0234375 
0 0.30703125 0.6671875 0.0265625 0.034375 
0 0.25859375 0.684375 0.0140625 0.03125 
0 0.3796875 0.78125 0.03125 0.025 
0 0.4125 0.7796875 0.03125 0.028125 
0 0.4046875 0.83046875 0.03125 0.0296875 
0 0.40078125 0.81875 0.0328125 0.025 
0 0.39453125 0.80703125 0.0296875 0.0234375 
0 0.4546875 0.91953125 0.03125 0.0234375 
0 0.91171875 0.6046875 0.0328125 0.028125 
0 0.90234375 0.59140625 0.0359375 0.0296875 
0 0.8921875 0.57734375 0.034375 0.0296875 
0 0.88671875 0.56171875 0.0359375 0.0296875 
0 0.80625 0.51328125 0.0375 0.0296875 
0 0.8953125 0.6484375 0.03125 0.03125 
0 0.88671875 0.6359375 0.0328125 0.028125 
0 0.87890625 0.62265625 0.0328125 0.0296875 
0 0.8703125 0.60859375 0.034375 0.0265625 
0 0.86171875 0.59453125 0.0359375 0.0296875 
0 0.85078125 0.5796875 0.0328125 0.028125 
0 0.8375 0.571875 0.034375 0.025 
0 0.83046875 0.55859375 0.0390625 0.0328125 
0 0.82578125 0.54609375 0.0390625 0.0296875 
0 0.81171875 0.5265625 0.0390625 0.028125 
0 0.79921875 0.49765625 0.0359375 0.0296875 
0 0.8 0.3375 0.034375 0.03125 
0 0.79296875 0.48125 0.0390625 0.028125 
0 0.7890625 0.46796875 0.0375 0.0296875 
0 0.778125 0.4578125 0.040625 0.034375 
0 0.77109375 0.44609375 0.0390625 0.0296875 
0 0.7625 0.43359375 0.0375 0.0328125 
0 0.75703125 0.42109375 0.0359375 0.0296875 
0 0.74921875 0.4109375 0.0359375 0.03125 
0 0.8328125 0.4796875 0.034375 0.028125 
0 0.83984375 0.49453125 0.0328125 0.0265625 
0 0.878125 0.54765625 0.034375 0.0296875 
0 0.7390625 0.39765625 0.03125 0.0296875 
0 0.7953125 0.31875 0.034375 0.03125 
0 0.575 0.04375 0.028125 0.034375 
0 0.47734375 0.03203125 0.0328125 0.0296875 
0 0.76796875 0.33359375 0.0328125 0.0296875 
1 0.29609375 0.0984375 0.0453125 0.065625 
1 0.34765625 0.1953125 0.0328125 0.04375 
0 0.1453125 0.0125 0.025 0.021875 
0 0.396875 0.21796875 0.028125 0.0390625 
0 0.746875 0.296875 0.034375 0.03125 
0 0.75859375 0.31796875 0.0296875 0.0265625 
