1 0.1984375 0.1796875 0.053125 0.078125 
1 0.51484375 0.03515625 0.0515625 0.0609375 
1 0.5984375 0.19453125 0.059375 0.0796875 
1 0.59296875 0.76953125 0.0390625 0.0265625 
1 0.67265625 0.33046875 0.0609375 0.0796875 
1 0.7109375 0.33671875 0.059375 0.0828125 
0 0.5859375 0.75546875 0.034375 0.0265625 
1 0.6 0.7921875 0.046875 0.034375 
0 0.06015625 0.61015625 0.0296875 0.0265625 
0 0.065625 0.965625 0.03125 0.03125 
0 0.2703125 0.91171875 0.034375 0.0265625 
0 0.2796875 0.88984375 0.03125 0.0265625 
0 0.2890625 0.86953125 0.03125 0.0265625 
0 0.3078125 0.9796875 0.01875 0.03125 
0 0.5578125 0.05546875 0.028125 0.0328125 
0 0.5265625 0.01640625 0.028125 0.0296875 
0 0.2875 0.9546875 0.034375 0.03125 
0 0.32109375 0.9921875 0.0171875 0.015625 
1 0.6140625 0.81171875 0.05 0.0390625 
0 0.1484375 0.5875 0.028125 0.034375 
0 0.25390625 0.6296875 0.0296875 0.0375 
0 0.309375 0.5890625 0.0375 0.028125 
1 0.38671875 0.41171875 0.0609375 0.0453125 
1 0.3484375 0.321875 0.065625 0.046875 
0 0.18984375 0.63359375 0.0265625 0.0328125 
0 0.2046875 0.62421875 0.025 0.0296875 
0 0.21796875 0.615625 0.0265625 0.03125 
0 0.2453125 0.70078125 0.028125 0.0328125 
0 0.259375 0.69375 0.028125 0.034375 
0 0.41328125 0.8578125 0.0328125 0.025 
0 0.40625 0.8421875 0.034375 0.028125 
0 0.39609375 0.83046875 0.0390625 0.0328125 
0 0.3796875 0.803125 0.0375 0.028125 
0 0.39140625 0.815625 0.0359375 0.028125 
0 0.17265625 0.57421875 0.0296875 0.0359375 
0 0.09765625 0.61796875 0.0265625 0.0328125 
0 0.1765625 0.63828125 0.025 0.0328125 
0 0.48203125 0.603125 0.0328125 0.025 
0 0.2296875 0.6421875 0.028125 0.0375 
0 0.1953125 0.72890625 0.028125 0.0359375 
0 0.16484375 0.73359375 0.0234375 0.0328125 
0 0.1359375 0.72578125 0.01875 0.0328125 
