1 0.82578125 0.434375 0.0390625 0.0375 
1 0.00703125 0.3359375 0.0109375 0.053125 
1 0.90625 0.8296875 0.06875 0.075 
1 0.865625 0.85703125 0.075 0.0890625 
1 0.83125 0.87734375 0.06875 0.0890625 
1 0.80078125 0.89765625 0.0703125 0.0890625 
1 0.75 0.9203125 0.075 0.090625 
1 0.7078125 0.946875 0.06875 0.09375 
1 0.6734375 0.9625 0.071875 0.075 
0 0.91171875 0.9875 0.0390625 0.025 
1 0.7484375 0.58515625 0.0375 0.0453125 
1 0.72734375 0.546875 0.0359375 0.04375 
1 0.696875 0.4953125 0.046875 0.059375 
0 0.078125 0.68359375 0.03125 0.0390625 
1 0.81640625 0.66484375 0.0640625 0.0765625 
0 0.92734375 0.5796875 0.0234375 0.01875 
0 0.9234375 0.56875 0.021875 0.01875 
0 0.91640625 0.55859375 0.0234375 0.0203125 
0 0.91015625 0.546875 0.0234375 0.01875 
0 0.903125 0.53984375 0.025 0.0203125 
0 0.89765625 0.52890625 0.0265625 0.0203125 
0 0.8921875 0.51875 0.025 0.021875 
0 0.884375 0.50703125 0.025 0.0234375 
0 0.87890625 0.49609375 0.0234375 0.0234375 
0 0.93203125 0.5890625 0.0234375 0.021875 
0 0.91484375 0.59765625 0.0234375 0.0234375 
0 0.90390625 0.578125 0.0203125 0.01875 
0 0.8984375 0.56875 0.025 0.01875 
0 0.89140625 0.55859375 0.0234375 0.0171875 
0 0.884375 0.54921875 0.021875 0.0203125 
0 0.87890625 0.53828125 0.0234375 0.0203125 
0 0.8734375 0.52890625 0.025 0.0203125 
0 0.8671875 0.51796875 0.025 0.0203125 
0 0.86171875 0.50625 0.0234375 0.021875 
