1 0.27890625 0.496875 0.0296875 0.040625 
0 0.37890625 0.45 0.0296875 0.034375 
0 0.3421875 0.45625 0.028125 0.034375 
0 0.32890625 0.46484375 0.0265625 0.0359375 
0 0.315625 0.4703125 0.028125 0.034375 
0 0.26484375 0.5109375 0.0265625 0.034375 
0 0.14765625 0.571875 0.0296875 0.0375 
0 0.17265625 0.64453125 0.0296875 0.0359375 
1 0.371875 0.79921875 0.05625 0.0765625 
1 0.23046875 0.85625 0.0515625 0.05 
1 0.1125 0.73359375 0.053125 0.0546875 
0 0.02109375 0.7984375 0.0328125 0.028125 
0 0.33671875 0.878125 0.0296875 0.03125 
0 0.33125 0.73359375 0.025 0.0296875 
0 0.34140625 0.7109375 0.0328125 0.0375 
1 0.29765625 0.18046875 0.0578125 0.0453125 
1 0.30703125 0.196875 0.0578125 0.040625 
1 0.3171875 0.21484375 0.059375 0.0453125 
1 0.32265625 0.23671875 0.0609375 0.0453125 
1 0.375 0.31796875 0.05625 0.0453125 
1 0.384375 0.33828125 0.059375 0.0421875 
1 0.03203125 0.5265625 0.0640625 0.065625 
1 0.196875 0.54609375 0.034375 0.0453125 
1 0.3609375 0.45546875 0.034375 0.0421875 
0 0.1984375 0.6296875 0.025 0.034375 
0 0.2125 0.62421875 0.025 0.0328125 
0 0.23671875 0.61171875 0.0234375 0.0265625 
1 0.925 0.95625 0.059375 0.075 
1 0.815625 0.765625 0.046875 0.05625 
1 0.44765625 0.93828125 0.0421875 0.0578125 
1 0.465625 0.93046875 0.04375 0.0609375 
1 0.52265625 0.88046875 0.0546875 0.0703125 
1 0.57890625 0.85546875 0.0484375 0.0703125 
1 0.42734375 0.775 0.0453125 0.059375 
1 0.61953125 0.84609375 0.0484375 0.0609375 
1 0.50078125 0.6390625 0.0453125 0.0625 
1 0.4875 0.44140625 0.05 0.0640625 
1 0.50546875 0.42578125 0.0515625 0.0671875 
1 0.44296875 0.1671875 0.0453125 0.059375 
1 0.51015625 0.390625 0.0484375 0.065625 
1 0.4140625 0.11015625 0.040625 0.0546875 
0 0.6078125 0.68203125 0.03125 0.0328125 
0 0.365625 0.82578125 0.025 0.0296875 
1 0.38125 0.05859375 0.040625 0.0484375 
0 0.4171875 0.43046875 0.03125 0.0359375 
0 0.3625 0.53671875 0.028125 0.0328125 
0 0.43828125 0.49765625 0.0234375 0.0296875 
0 0.45078125 0.48828125 0.0234375 0.0296875 
0 0.46171875 0.48125 0.0265625 0.034375 
0 0.55 0.58203125 0.034375 0.0265625 
0 0.56328125 0.60078125 0.0296875 0.0265625 
0 0.5765625 0.625 0.025 0.021875 
0 0.584375 0.6375 0.025 0.025 
0 0.596875 0.6578125 0.025 0.025 
0 0.43671875 0.646875 0.0234375 0.01875 
0 0.44609375 0.66953125 0.0328125 0.0234375 
0 0.44453125 0.65625 0.0234375 0.021875 
0 0.4890625 0.7484375 0.034375 0.028125 
0 0.48359375 0.73203125 0.0296875 0.0265625 
0 0.46953125 0.70703125 0.0296875 0.0234375 
0 0.5484375 0.71953125 0.03125 0.0390625 
0 0.64765625 0.678125 0.0234375 0.03125 
0 0.6609375 0.66875 0.028125 0.03125 
0 0.67421875 0.66171875 0.0265625 0.0328125 
0 0.83125 0.734375 0.01875 0.028125 
0 0.2484375 0.60234375 0.028125 0.0359375 
0 0.26171875 0.5953125 0.0234375 0.028125 
0 0.2734375 0.58828125 0.021875 0.0296875 
0 0.2875 0.58046875 0.028125 0.0328125 
0 0.2984375 0.575 0.028125 0.034375 
0 0.33515625 0.55546875 0.0265625 0.0328125 
0 0.34765625 0.54296875 0.0296875 0.0359375 
0 0.24921875 0.51796875 0.0265625 0.0328125 
0 0.359375 0.69296875 0.028125 0.0328125 
0 0.39375 0.6734375 0.03125 0.025 
0 0.13828125 0.97734375 0.0359375 0.0359375 
0 0.2203125 0.96796875 0.0375 0.0359375 
