0 0.9 0.70859375 0.0375 0.0296875 
0 0.90625 0.721875 0.0375 0.034375 
0 0.88984375 0.69765625 0.0390625 0.0359375 
0 0.66015625 0.53828125 0.0328125 0.0390625 
0 0.8375 0.26171875 0.03125 0.0359375 
0 0.71875 0.38984375 0.04375 0.0359375 
0 0.72578125 0.40859375 0.0421875 0.0328125 
0 0.6890625 0.52265625 0.028125 0.0359375 
0 0.6140625 0.5640625 0.028125 0.034375 
0 0.59921875 0.575 0.0265625 0.034375 
0 0.66875 0.49375 0.03125 0.034375 
0 0.85625 0.6359375 0.04375 0.0375 
0 0.62109375 0.52421875 0.0328125 0.0390625 
0 0.628125 0.44921875 0.03125 0.0328125 
0 0.60625 0.4640625 0.034375 0.040625 
0 0.59296875 0.47109375 0.0234375 0.0328125 
0 0.5796875 0.478125 0.028125 0.034375 
0 0.56484375 0.4875 0.0296875 0.034375 
0 0.515625 0.5203125 0.03125 0.040625 
0 0.57109375 0.54921875 0.0328125 0.0390625 
0 0.815625 0.5546875 0.040625 0.0375 
0 0.8296875 0.5953125 0.034375 0.03125 
0 0.8390625 0.609375 0.040625 0.03125 
