0 0.5 0.98984375 0.0375 0.0203125 
0 0.53671875 0.94921875 0.0328125 0.0453125 
1 0.13515625 0.8734375 0.0640625 0.09375 
1 0.0546875 0.771875 0.053125 0.08125 
0 0.64375 0.9203125 0.025 0.0375 
1 0.89609375 0.1 0.0578125 0.075 
1 0.2796875 0.5265625 0.065625 0.09375 
1 0.4390625 0.6859375 0.053125 0.0625 
1 0.19140625 0.76015625 0.0453125 0.0609375 
1 0.18046875 0.78671875 0.0515625 0.0609375 
0 0.89921875 0.7484375 0.0296875 0.025 
1 0.1765625 0.8234375 0.059375 0.0875 
1 0.31328125 0.97421875 0.0484375 0.0515625 
1 0.22734375 0.975 0.0640625 0.05 
0 0.0796875 0.60703125 0.040625 0.0453125 
0 0.0578125 0.56796875 0.0375 0.0421875 
0 0.034375 0.53203125 0.04375 0.0484375 
0 0.82109375 0.76953125 0.0296875 0.0359375 
0 0.7953125 0.71875 0.03125 0.040625 
0 0.7796875 0.72734375 0.034375 0.0421875 
0 0.77421875 0.68515625 0.0296875 0.0359375 
0 0.70859375 0.659375 0.0328125 0.040625 
0 0.2640625 0.37578125 0.034375 0.0390625 
