1 0.42578125 0.40625 0.0578125 0.075 
1 0.39453125 0.42734375 0.0546875 0.0703125 
1 0.30703125 0.48203125 0.0546875 0.0734375 
1 0.88203125 0.7640625 0.0421875 0.06875 
1 0.92734375 0.8765625 0.0515625 0.071875 
1 0.82578125 0.65625 0.0578125 0.071875 
0 0.8015625 0.56875 0.0375 0.040625 
0 0.93671875 0.70859375 0.0328125 0.0359375 
0 0.9203125 0.74140625 0.028125 0.0328125 
0 0.909375 0.7703125 0.028125 0.034375 
1 0.2890625 0.4953125 0.05625 0.078125 
1 0.27265625 0.5 0.0515625 0.06875 
1 0.2546875 0.509375 0.053125 0.071875 
1 0.23828125 0.51875 0.0515625 0.06875 
1 0.27578125 0.584375 0.0640625 0.075 
1 0.20078125 0.45703125 0.0515625 0.0734375 
1 0.2171875 0.44375 0.046875 0.06875 
1 0.2359375 0.434375 0.046875 0.075 
1 0.25390625 0.428125 0.0484375 0.06875 
1 0.27421875 0.41640625 0.0546875 0.0734375 
0 0.40234375 0.83203125 0.0359375 0.0421875 
0 0.50234375 0.771875 0.0328125 0.040625 
0 0.54609375 0.753125 0.0328125 0.04375 
0 0.5890625 0.7890625 0.040625 0.034375 
0 0.6265625 0.8515625 0.040625 0.0375 
0 0.34296875 0.86953125 0.0359375 0.0421875 
0 0.34609375 0.9703125 0.0421875 0.0375 
