0 0.21015625 0.609375 0.0265625 0.0375 
0 0.196875 0.6171875 0.028125 0.040625 
0 0.18515625 0.62421875 0.0296875 0.0328125 
0 0.1734375 0.63046875 0.028125 0.0328125 
0 0.16015625 0.640625 0.0296875 0.0375 
0 0.1453125 0.646875 0.028125 0.040625 
0 0.12265625 0.66171875 0.0328125 0.0390625 
0 0.1046875 0.67109375 0.028125 0.0421875 
0 0.00625 0.57578125 0.009375 0.0296875 
0 0.0140625 0.60234375 0.025 0.0296875 
0 0.01796875 0.6140625 0.0328125 0.028125 
0 0.04453125 0.66328125 0.0296875 0.0265625 
0 0.05390625 0.6765625 0.0296875 0.028125 
0 0.01484375 0.66484375 0.0265625 0.0265625 
0 0.0203125 0.67734375 0.028125 0.0203125 
0 0.02890625 0.690625 0.0265625 0.021875 
0 0.2625 0.58125 0.03125 0.0375 
0 0.1921875 0.51953125 0.028125 0.0359375 
0 0.0203125 0.0890625 0.034375 0.04375 
0 0.00546875 0.10234375 0.0078125 0.0390625 
0 0.03828125 0.65234375 0.0328125 0.0265625 
0 0.1140625 0.5984375 0.025 0.028125 
0 0.12890625 0.5890625 0.0234375 0.034375 
0 0.18046875 0.55859375 0.0265625 0.0359375 
0 0.16640625 0.56953125 0.0265625 0.0359375 
0 0.16484375 0.534375 0.0296875 0.034375 
0 0.10234375 0.57265625 0.0296875 0.0359375 
0 0.0765625 0.58828125 0.028125 0.0359375 
0 0.06328125 0.5921875 0.0265625 0.034375 
0 0.18828125 0.45234375 0.0265625 0.0328125 
0 0.17265625 0.46171875 0.0265625 0.0359375 
0 0.146875 0.475 0.03125 0.0375 
0 0.096875 0.50234375 0.028125 0.0390625 
0 0.08359375 0.5109375 0.0265625 0.0375 
0 0.071875 0.5203125 0.025 0.034375 
0 0.059375 0.52734375 0.025 0.0296875 
0 0.03203125 0.5421875 0.0296875 0.034375 
0 0.31875 0.89296875 0.03125 0.0390625 
0 0.2484375 0.92890625 0.03125 0.0390625 
0 0.328125 0.97578125 0.03125 0.0328125 
0 0.41015625 0.96640625 0.0296875 0.0390625 
0 0.43671875 0.984375 0.0265625 0.03125 
0 0.3 0.98828125 0.0375 0.0234375 
0 0.2875 0.96796875 0.0375 0.0328125 
0 0.2109375 0.94921875 0.034375 0.0421875 
0 0.16953125 0.9453125 0.0359375 0.034375 
0 0.1765625 0.9703125 0.03125 0.034375 
0 0.0171875 0.90390625 0.03125 0.0328125 
0 0.03984375 0.94765625 0.0359375 0.0265625 
0 0.1421875 0.72734375 0.034375 0.0265625 
0 0.15390625 0.75390625 0.0359375 0.0328125 
0 0.16953125 0.778125 0.0390625 0.034375 
0 0.12265625 0.8625 0.0390625 0.034375 
0 0.10703125 0.8421875 0.0390625 0.034375 
0 0.09140625 0.8171875 0.0359375 0.03125 
0 0.06875 0.77265625 0.0375 0.0359375 
0 0.11953125 0.96953125 0.0359375 0.0328125 
0 0.1390625 0.99375 0.034375 0.0125 
0 0.415625 0.99296875 0.025 0.0140625 
0 0.4953125 0.9796875 0.034375 0.028125 
0 0.5015625 0.9890625 0.034375 0.021875 
0 0.715625 0.00546875 0.03125 0.0078125 
0 0.73046875 0.01953125 0.0328125 0.0296875 
0 0.68984375 0.01328125 0.0328125 0.0234375 
0 0.696875 0.02265625 0.0375 0.0296875 
0 0.703125 0.034375 0.03125 0.025 
0 0.71015625 0.0484375 0.0359375 0.034375 
0 0.64296875 0.03828125 0.0328125 0.0265625 
0 0.634375 0.02578125 0.03125 0.0265625 
0 0.625 0.0140625 0.03125 0.028125 
0 0.7234375 0.01015625 0.028125 0.0171875 
0 0.7359375 0.0296875 0.034375 0.028125 
0 0.78515625 0.009375 0.0328125 0.015625 
0 0.4015625 0.99453125 0.028125 0.0109375 
1 0.7421875 0.51953125 0.0375 0.0453125 
0 0.79296875 0.1234375 0.0328125 0.028125 
0 0.534375 0.03671875 0.03125 0.0234375 
0 0.66328125 0.071875 0.0328125 0.028125 
0 0.65234375 0.05859375 0.0296875 0.0234375 
0 0.6390625 0.1015625 0.028125 0.028125 
0 0.640625 0.2140625 0.03125 0.021875 
0 0.76015625 0.12734375 0.0328125 0.0234375 
0 0.99375 0.01953125 0.0125 0.0234375 
0 0.09921875 0.046875 0.0296875 0.040625 
0 0.75 0.2921875 0.03125 0.028125 
0 0.6921875 0.11953125 0.034375 0.0296875 
0 0.6609375 0.1359375 0.034375 0.028125 
0 0.66953125 0.14921875 0.0359375 0.0296875 
0 0.67734375 0.1625 0.0359375 0.03125 
0 0.6984375 0.19765625 0.034375 0.0296875 
0 0.709375 0.221875 0.0375 0.03125 
0 0.71796875 0.23359375 0.0328125 0.0234375 
0 0.72109375 0.2453125 0.0359375 0.025 
0 0.73125 0.25625 0.03125 0.025 
0 0.73828125 0.26875 0.0328125 0.028125 
0 0.7421875 0.27890625 0.034375 0.0265625 
0 0.75859375 0.30625 0.0359375 0.03125 
0 0.7921875 0.30078125 0.034375 0.0296875 
0 0.6125 0.1640625 0.0375 0.028125 
0 0.6203125 0.178125 0.0375 0.028125 
0 0.628125 0.19375 0.0375 0.03125 
0 0.6484375 0.225 0.040625 0.03125 
0 0.65546875 0.2375 0.0421875 0.03125 
0 0.66015625 0.25078125 0.0421875 0.0296875 
0 0.66875 0.26328125 0.0375 0.0296875 
0 0.6734375 0.27421875 0.040625 0.0296875 
0 0.6828125 0.28359375 0.04375 0.0296875 
0 0.6875 0.3 0.0375 0.03125 
0 0.7015625 0.32109375 0.0375 0.0296875 
0 0.7046875 0.14375 0.034375 0.03125 
0 0.78046875 0.2890625 0.0296875 0.028125 
0 0.765625 0.31875 0.034375 0.03125 
0 0.79375 0.18984375 0.03125 0.0296875 
0 0.834375 0.19921875 0.03125 0.0265625 
0 0.81953125 0.175 0.0296875 0.025 
0 0.8015625 0.1359375 0.034375 0.028125 
0 0.7828125 0.103125 0.0375 0.03125 
0 0.765625 0.07578125 0.0375 0.0328125 
0 0.74765625 0.10625 0.0328125 0.03125 
0 0.753125 0.11875 0.034375 0.025 
0 0.76875 0.14140625 0.0375 0.0296875 
0 0.775 0.1546875 0.03125 0.025 
0 0.78046875 0.1671875 0.0359375 0.028125 
0 0.7859375 0.178125 0.034375 0.025 
0 0.80703125 0.2125 0.0328125 0.03125 
0 0.7765625 0.2765625 0.028125 0.028125 
0 0.81484375 0.2265625 0.0359375 0.028125 
0 0.821875 0.23671875 0.03125 0.0265625 
0 0.8296875 0.2484375 0.040625 0.034375 
0 0.834375 0.2609375 0.0375 0.028125 
0 0.7171875 0.1703125 0.034375 0.028125 
0 0.73203125 0.19296875 0.0328125 0.0265625 
0 0.73984375 0.20703125 0.0296875 0.0265625 
0 0.74453125 0.21953125 0.0296875 0.0234375 
0 0.75 0.23046875 0.025 0.0265625 
0 0.75625 0.24375 0.03125 0.028125 
0 0.76328125 0.25625 0.0328125 0.028125 
0 0.709375 0.33203125 0.03125 0.0265625 
0 0.878125 0.27109375 0.03125 0.0328125 
0 0.94140625 0.2875 0.0296875 0.0375 
0 0.9265625 0.2953125 0.025 0.03125 
0 0.91171875 0.303125 0.0265625 0.034375 
0 0.90078125 0.31015625 0.0265625 0.0328125 
0 0.88828125 0.31640625 0.0265625 0.0328125 
0 0.8515625 0.33671875 0.028125 0.0328125 
0 0.80390625 0.3640625 0.0296875 0.0375 
0 0.79140625 0.36875 0.0265625 0.03125 
0 0.77734375 0.37734375 0.0296875 0.0359375 
0 0.753125 0.39296875 0.03125 0.0390625 
0 0.984375 0.26484375 0.03125 0.0390625 
0 0.95078125 0.28125 0.0265625 0.03125 
0 0.990625 0.25390625 0.01875 0.0328125 
0 0.85 0.2859375 0.0375 0.028125 
0 0.79765625 0.31328125 0.0359375 0.0296875 
0 0.8484375 0.2203125 0.034375 0.028125 
0 0.92578125 0.24296875 0.0328125 0.0296875 
0 0.9171875 0.22734375 0.03125 0.0234375 
0 0.5890625 0.128125 0.034375 0.025 
0 0.27890625 0.25546875 0.0328125 0.0296875 
0 0.28203125 0.271875 0.0359375 0.03125 
0 0.29296875 0.2859375 0.0359375 0.03125 
0 0.578125 0.103125 0.0375 0.03125 
0 0.5796875 0.1203125 0.028125 0.028125 
0 0.56171875 0.0828125 0.0328125 0.028125 
0 0.91015625 0.2171875 0.0328125 0.028125 
0 0.61953125 0.0671875 0.0328125 0.028125 
0 0.57734375 0.00546875 0.0359375 0.0078125 
0 0.59296875 0.0171875 0.0359375 0.034375 
0 0.60859375 0.04140625 0.0328125 0.0265625 
0 0.61484375 0.053125 0.0359375 0.025 
0 0.62578125 0.07890625 0.0328125 0.0265625 
0 0.55703125 0.06953125 0.0390625 0.0296875 
0 0.63125 0.09140625 0.03125 0.0296875 
0 0.521875 0.01484375 0.04375 0.0265625 
0 0.54375 0.04765625 0.03125 0.0265625 
0 0.5515625 0.0578125 0.034375 0.028125 
0 0.85 0.04453125 0.03125 0.0265625 
0 0.9859375 0.171875 0.028125 0.025 
0 0.9875 0.18359375 0.025 0.0296875 
0 0.953125 0.2265625 0.034375 0.028125 
0 0.946875 0.2140625 0.03125 0.028125 
0 0.9390625 0.2 0.034375 0.028125 
0 0.93046875 0.1890625 0.0328125 0.028125 
0 0.92421875 0.17734375 0.0265625 0.0265625 
0 0.91875 0.16328125 0.03125 0.0265625 
0 0.8828125 0.10625 0.028125 0.025 
0 0.8703125 0.08125 0.034375 0.03125 
0 0.85859375 0.0578125 0.0296875 0.028125 
0 0.84140625 0.03203125 0.0328125 0.0265625 
0 0.8140625 0.05 0.034375 0.03125 
0 0.82734375 0.0734375 0.0421875 0.034375 
0 0.83515625 0.08671875 0.0328125 0.0265625 
0 0.8515625 0.10625 0.034375 0.03125 
0 0.85546875 0.1203125 0.0328125 0.028125 
0 0.8625 0.1328125 0.0375 0.028125 
0 0.8703125 0.14453125 0.0375 0.0265625 
0 0.875 0.16015625 0.0375 0.0265625 
0 0.89140625 0.1796875 0.0359375 0.028125 
0 0.89765625 0.19375 0.0328125 0.028125 
0 0.9046875 0.20234375 0.03125 0.0265625 
0 0.97890625 0.16171875 0.0328125 0.0265625 
0 0.9765625 0.1484375 0.034375 0.025 
0 0.965625 0.1359375 0.0375 0.025 
0 0.9515625 0.1125 0.034375 0.028125 
0 0.88984375 0.11953125 0.0296875 0.0234375 
0 0.99375 0.034375 0.0125 0.034375 
0 0.98828125 0.121875 0.0234375 0.03125 
0 0.96484375 0.078125 0.0359375 0.03125 
0 0.9578125 0.0625 0.040625 0.03125 
0 0.9109375 0.00546875 0.040625 0.0078125 
0 0.8875 0.0109375 0.03125 0.01875 
0 0.896875 0.01875 0.03125 0.025 
0 0.90859375 0.040625 0.0328125 0.025 
0 0.91640625 0.05546875 0.0328125 0.0265625 
0 0.925 0.06640625 0.03125 0.0265625 
0 0.9296875 0.078125 0.034375 0.025 
0 0.9453125 0.1015625 0.0375 0.028125 
