0 0.1046875 0.86640625 0.046875 0.0546875 
0 0.14375 0.8609375 0.04375 0.0625 
0 0.18671875 0.85546875 0.0515625 0.0609375 
0 0.21640625 0.86015625 0.0421875 0.0484375 
0 0.24921875 0.85703125 0.0484375 0.0546875 
0 0.28515625 0.859375 0.0453125 0.059375 
0 0.31875 0.8546875 0.04375 0.053125 
0 0.3265625 0.9125 0.03125 0.0375 
0 0.36171875 0.9015625 0.0453125 0.0625 
0 0.403125 0.7296875 0.059375 0.05 
0 0.39453125 0.68984375 0.0546875 0.0484375 
0 0.55546875 0.67109375 0.0609375 0.0296875 
0 0.4640625 0.5703125 0.046875 0.01875 
0 0.4515625 0.49453125 0.053125 0.0234375 
0 0.38671875 0.53046875 0.0546875 0.0421875 
0 0.44921875 0.45 0.0546875 0.028125 
0 0.37734375 0.40390625 0.0578125 0.0484375 
0 0.553125 0.4890625 0.05 0.021875 
0 0.55859375 0.5171875 0.0578125 0.021875 
0 0.79296875 0.51875 0.0734375 0.0375 
0 0.76796875 0.38828125 0.0515625 0.0265625 
0 0.52734375 0.115625 0.0515625 0.025 
0 0.05 0.91875 0.0375 0.05 
0 0.53046875 0.06484375 0.0640625 0.0296875 
0 0.90390625 0.071875 0.0640625 0.021875 
0 0.90703125 0.79453125 0.0453125 0.0546875 
0 0.88125 0.78515625 0.04375 0.0484375 
