1 0.6140625 0.25546875 0.15 0.1453125 
1 0.55078125 0.2640625 0.1546875 0.140625 
1 0.4828125 0.2703125 0.153125 0.140625 
1 0.42265625 0.278125 0.1484375 0.14375 
1 0.35703125 0.28828125 0.1546875 0.1453125 
1 0.29296875 0.3125 0.0453125 0.084375 
1 0.5515625 0.603125 0.059375 0.140625 
1 0.59765625 0.63125 0.0546875 0.1625 
1 0.6359375 0.61328125 0.0625 0.1734375 
1 0.71328125 0.62265625 0.0609375 0.1734375 
1 0.7453125 0.5421875 0.053125 0.134375 
1 0.7890625 0.56796875 0.053125 0.1421875 
1 0.8296875 0.57890625 0.053125 0.1359375 
1 0.90859375 0.565625 0.0578125 0.13125 
1 0.95078125 0.56875 0.0609375 0.178125 
1 0.98125 0.503125 0.0375 0.171875 
