0 0.6015625 0.1078125 0.046875 0.065625 
0 0.43515625 0.16640625 0.0453125 0.0640625 
0 0.59296875 0.42578125 0.0609375 0.0890625 
1 0.2171875 0.0578125 0.2375 0.1125 
1 0.778125 0.10625 0.20625 0.11875 
0 0.228125 0.5796875 0.078125 0.05625 
0 0.2640625 0.678125 0.0625 0.04375 
0 0.278125 0.7625 0.0625 0.040625 
1 0.075 0.82109375 0.146875 0.2359375 
1 0.196875 0.74765625 0.171875 0.2390625 
1 0.09609375 0.43515625 0.1890625 0.2171875 
1 0.0421875 0.15390625 0.08125 0.1953125 
0 0.76328125 0.2640625 0.0796875 0.059375 
0 0.90859375 0.20546875 0.0640625 0.0515625 
