0 0.6015625 0.9515625 0.046875 0.065625 
0 0.43515625 0.9890625 0.0453125 0.021875 
1 0.2171875 0.884375 0.2375 0.146875 
1 0.778125 0.9453125 0.20625 0.109375 
1 0.6734375 0.54453125 0.134375 0.1234375 
1 0.6328125 0.4984375 0.121875 0.103125 
1 0.59453125 0.45703125 0.1140625 0.0890625 
1 0.5734375 0.41875 0.109375 0.090625 
1 0.5953125 0.34921875 0.121875 0.1078125 
1 0.559375 0.31015625 0.128125 0.1140625 
1 0.615625 0.0875 0.08125 0.09375 
1 0.53828125 0.1328125 0.0734375 0.084375 
1 0.0421875 0.95 0.08125 0.1 
0 0.1546875 0.0203125 0.059375 0.0375 
0 0.015625 0.10390625 0.028125 0.0703125 
