0 0.98671875 0.9578125 0.0265625 0.065625 
1 0.17265625 0.01640625 0.1546875 0.0296875 
1 0.590625 0.00859375 0.08125 0.0140625 
1 0.175 0.03984375 0.15 0.0765625 
1 0.14375 0.94765625 0.115625 0.0703125 
1 0.86015625 0.8953125 0.0703125 0.128125 
1 0.45078125 0.54921875 0.1640625 0.0546875 
1 0.6484375 0.53359375 0.1625 0.0609375 
1 0.8140625 0.51328125 0.153125 0.0578125 
1 0.946875 0.4953125 0.10625 0.05625 
1 0.5171875 0.01171875 0.084375 0.0203125 
0 0.5421875 0.87109375 0.0375 0.0609375 
0 0.73984375 0.91640625 0.0453125 0.0671875 
0 0.77265625 0.89296875 0.0359375 0.0609375 
0 0.91796875 0.88203125 0.0484375 0.0609375 
