1 0.303125 0.14296875 0.103125 0.1484375 
1 0.33515625 0.1 0.1015625 0.1375 
1 0.403125 0.22890625 0.103125 0.1328125 
1 0.425 0.171875 0.103125 0.1375 
1 0.415625 0.06796875 0.10625 0.1328125 
1 0.4828125 0.184375 0.0875 0.121875 
1 0.5203125 0.16328125 0.090625 0.1265625 
1 0.5171875 0.05625 0.109375 0.109375 
1 0.58203125 0.15234375 0.0984375 0.1296875 
1 0.61171875 0.59453125 0.0515625 0.1015625 
1 0.546875 0.309375 0.078125 0.1 
1 0.46953125 0.346875 0.0921875 0.128125 
1 0.43671875 0.38828125 0.0921875 0.1234375 
1 0.496875 0.66328125 0.109375 0.1671875 
1 0.53671875 0.6375 0.1109375 0.159375 
1 0.440625 0.6859375 0.09375 0.125 
1 0.2828125 0.2890625 0.1 0.1375 
1 0.259375 0.34453125 0.090625 0.1234375 
1 0.215625 0.359375 0.09375 0.13125 
1 0.34375 0.40859375 0.096875 0.1359375 
1 0.3875 0.3875 0.1 0.140625 
0 0.0203125 0.08125 0.0375 0.05 
0 0.64296875 0.00625 0.0734375 0.009375 
0 0.6703125 0.03515625 0.071875 0.0359375 
0 0.7078125 0.12421875 0.065625 0.0359375 
0 0.96328125 0.2578125 0.0421875 0.071875 
0 0.92734375 0.2734375 0.0359375 0.065625 
0 0.896875 0.27734375 0.034375 0.0578125 
0 0.86484375 0.38203125 0.0515625 0.0734375 
1 0.090625 0.95 0.16875 0.05625 
1 0.6453125 0.76328125 0.165625 0.1015625 
1 0.80859375 0.74765625 0.2421875 0.1515625 
1 0.7328125 0.5015625 0.1 0.159375 
0 0.03984375 0.1390625 0.0609375 0.05 
0 0.0625 0.16875 0.071875 0.05625 
1 0.6953125 0.51953125 0.1 0.1671875 
1 0.64140625 0.25625 0.0765625 0.096875 
1 0.67109375 0.3078125 0.0828125 0.096875 
