1 0.2890625 0.01875 0.046875 0.034375 
1 0.28515625 0.0828125 0.0515625 0.096875 
1 0.0078125 0.0125 0.0125 0.021875 
1 0.19765625 0.07109375 0.0484375 0.1015625 
1 0.1578125 0.01015625 0.04375 0.0171875 
1 0.203125 0.01015625 0.05 0.0171875 
1 0.1546875 0.0765625 0.05 0.1 
0 0.58203125 0.03125 0.0640625 0.03125 
0 0.57265625 0.07109375 0.0734375 0.0390625 
0 0.50390625 0.128125 0.0328125 0.0625 
0 0.078125 0.00546875 0.0375 0.0078125 
0 0.59375 0.009375 0.05625 0.015625 
0 0.41796875 0.01953125 0.0578125 0.0265625 
0 0.4078125 0.0859375 0.059375 0.0375 
0 0.64765625 0.06640625 0.0640625 0.0359375 
0 0.46796875 0.11796875 0.0390625 0.0671875 
