1 0.5953125 0.04765625 0.078125 0.0921875 
1 0.02734375 0.021875 0.0515625 0.040625 
1 0.24765625 0.325 0.0421875 0.1 
1 0.2890625 0.359375 0.046875 0.096875 
1 0.28515625 0.4546875 0.0515625 0.096875 
1 0.0078125 0.328125 0.0125 0.134375 
1 0.19765625 0.44296875 0.0484375 0.1015625 
1 0.07734375 0.25234375 0.0546875 0.1203125 
1 0.12421875 0.29921875 0.0546875 0.1015625 
1 0.1578125 0.3453125 0.04375 0.090625 
1 0.16953125 0.2484375 0.0484375 0.103125 
1 0.203125 0.3390625 0.05 0.103125 
1 0.1546875 0.4484375 0.05 0.1 
0 0.58203125 0.403125 0.0640625 0.03125 
0 0.57265625 0.44296875 0.0734375 0.0390625 
0 0.50390625 0.5 0.0328125 0.0625 
0 0.58515625 0.26015625 0.0734375 0.0421875 
0 0.671875 0.26796875 0.071875 0.0421875 
0 0.93203125 0.05703125 0.0578125 0.0328125 
0 0.57890625 0.33046875 0.0890625 0.0640625 
0 0.425 0.2859375 0.071875 0.04375 
0 0.4125 0.35390625 0.05625 0.0265625 
0 0.20546875 0.2484375 0.0390625 0.075 
0 0.078125 0.3453125 0.0375 0.071875 
0 0.6640625 0.31171875 0.078125 0.0421875 
0 0.59375 0.3734375 0.05625 0.03125 
0 0.41796875 0.39140625 0.0578125 0.0265625 
0 0.41875 0.321875 0.065625 0.03125 
0 0.4078125 0.4578125 0.059375 0.0375 
0 0.64765625 0.43828125 0.0640625 0.0359375 
0 0.46796875 0.48984375 0.0390625 0.0671875 
