1 0.65625 0.63671875 0.11875 0.1328125 
1 0.26796875 0.8390625 0.1109375 0.090625 
1 0.26171875 0.89296875 0.1453125 0.1078125 
1 0.28828125 0.9796875 0.1359375 0.040625 
0 0.515625 0.99453125 0.10625 0.0109375 
0 0.79140625 0.94765625 0.0765625 0.0359375 
0 0.76875 0.71875 0.05625 0.071875 
1 0.53359375 0.95234375 0.1140625 0.0953125 
1 0.46875 0.8765625 0.065625 0.1375 
1 0.51640625 0.86640625 0.0515625 0.1234375 
1 0.565625 0.85625 0.05 0.1125 
1 0.61015625 0.86328125 0.0484375 0.1046875 
1 0.759375 0.85546875 0.09375 0.0453125 
0 0.79453125 0.89921875 0.0796875 0.0359375 
1 0.78984375 0.9828125 0.1265625 0.034375 
1 0.240625 0.146875 0.103125 0.06875 
