1 0.31484375 0.87734375 0.1359375 0.0765625 
1 0.30703125 0.83359375 0.1390625 0.0734375 
1 0.28828125 0.7921875 0.2015625 0.09375 
1 0.31640625 0.690625 0.1140625 0.071875 
1 0.4125 0.6203125 0.14375 0.078125 
1 0.43359375 0.69140625 0.1171875 0.0703125 
1 0.27421875 0.60859375 0.1171875 0.0703125 
1 0.3875 0.575 0.14375 0.075 
1 0.50078125 0.603125 0.0703125 0.096875 
1 0.5453125 0.58984375 0.078125 0.1015625 
1 0.60390625 0.5609375 0.0828125 0.140625 
1 0.64609375 0.5296875 0.0734375 0.134375 
1 0.703125 0.496875 0.075 0.1 
1 0.75390625 0.48125 0.0640625 0.096875 
1 0.9625 0.3765625 0.071875 0.0625 
1 0.9609375 0.3234375 0.075 0.04375 
1 0.33671875 0.97109375 0.1390625 0.0578125 
0 0.53125 0.665625 0.0875 0.046875 
0 0.7296875 0.40078125 0.053125 0.0328125 
0 0.72109375 0.36875 0.0578125 0.0375 
0 0.66875 0.28203125 0.1 0.0546875 
0 0.66875 0.2515625 0.065625 0.040625 
0 0.44609375 0.06015625 0.0578125 0.0421875 
0 0.63515625 0.19765625 0.0703125 0.0390625 
0 0.640625 0.16328125 0.059375 0.0390625 
0 0.7875 0.1890625 0.046875 0.075 
1 0.846875 0.37421875 0.04375 0.0609375 
0 0.9125 0.4515625 0.040625 0.0625 
1 0.6109375 0.10625 0.0875 0.05 
1 0.89609375 0.33203125 0.0765625 0.0796875 
