1 0.30859375 0.70703125 0.0640625 0.1328125 
1 0.36953125 0.02109375 0.1109375 0.0390625 
1 0.36328125 0.05234375 0.1453125 0.1015625 
1 0.38984375 0.16640625 0.1359375 0.1015625 
1 0.41640625 0.38046875 0.1359375 0.1046875 
1 0.6625 0.86640625 0.09375 0.0359375 
1 0.4234375 0.6625 0.125 0.121875 
0 0.871875 0.37734375 0.075 0.0359375 
0 0.6171875 0.1921875 0.10625 0.09375 
1 0.4140625 0.71953125 0.121875 0.1296875 
1 0.434375 0.54609375 0.15 0.1109375 
1 0.49609375 0.8390625 0.0359375 0.103125 
1 0.56640625 0.80703125 0.0390625 0.1171875 
1 0.74609375 0.84375 0.1171875 0.065625 
1 0.68671875 0.784375 0.1140625 0.04375 
1 0.675 0.7421875 0.11875 0.046875 
1 0.68203125 0.70234375 0.1078125 0.0421875 
1 0.6640625 0.66015625 0.121875 0.0421875 
0 0.89140625 0.2625 0.0921875 0.0375 
0 0.89609375 0.21796875 0.0765625 0.0390625 
0 0.89296875 0.10390625 0.0765625 0.0359375 
1 0.66484375 0.58671875 0.1140625 0.1078125 
1 0.6671875 0.52578125 0.1125 0.1109375 
1 0.67265625 0.46875 0.1046875 0.096875 
1 0.64453125 0.43359375 0.1171875 0.1171875 
1 0.72421875 0.303125 0.1046875 0.103125 
1 0.7109375 0.21640625 0.109375 0.1109375 
1 0.6234375 0.2984375 0.109375 0.109375 
1 0.65 0.21875 0.10625 0.1 
1 0.63515625 0.1171875 0.1140625 0.1125 
1 0.5703125 0.0515625 0.065625 0.1 
1 0.61796875 0.04296875 0.0515625 0.0828125 
1 0.6671875 0.03515625 0.05 0.0671875 
1 0.71171875 0.03671875 0.0484375 0.0703125 
1 0.8609375 0.01796875 0.09375 0.0328125 
0 0.89609375 0.05546875 0.0796875 0.0359375 
1 0.89140625 0.14375 0.1265625 0.04375 
