0 0.33984375 0.42265625 0.0328125 0.0328125 
0 0.3046875 0.46484375 0.040625 0.0359375 
0 0.28359375 0.49375 0.0390625 0.034375 
0 0.27109375 0.50625 0.0390625 0.034375 
0 0.24765625 0.51484375 0.0390625 0.0328125 
0 0.23671875 0.53125 0.0359375 0.034375 
0 0.21015625 0.55703125 0.0359375 0.0359375 
0 0.196875 0.56796875 0.03125 0.0296875 
0 0.0859375 0.5828125 0.034375 0.034375 
0 0.0984375 0.5703125 0.0375 0.0375 
0 0.12734375 0.53515625 0.0296875 0.0265625 
0 0.14140625 0.52890625 0.0265625 0.0328125 
0 0.15 0.509375 0.03125 0.03125 
0 0.3390625 0.525 0.0375 0.034375 
0 0.284375 0.57578125 0.028125 0.0359375 
0 0.2546875 0.61015625 0.0375 0.0359375 
0 0.12578125 0.66171875 0.0421875 0.0359375 
0 0.21171875 0.65625 0.0328125 0.034375 
0 0.31015625 0.55078125 0.0328125 0.0359375 
0 0.36484375 0.49375 0.0359375 0.034375 
0 0.1671875 0.49765625 0.03125 0.0328125 
0 0.390625 0.46953125 0.034375 0.0359375 
0 0.18359375 0.48125 0.0359375 0.034375 
0 0.196875 0.465625 0.034375 0.0375 
0 0.2109375 0.45234375 0.034375 0.0359375 
0 0.22421875 0.4390625 0.0328125 0.0375 
0 0.24375 0.434375 0.03125 0.0375 
0 0.259375 0.42265625 0.034375 0.0328125 
0 0.271875 0.4046875 0.034375 0.034375 
0 0.28359375 0.38828125 0.0328125 0.0296875 
0 0.2921875 0.3671875 0.034375 0.028125 
0 0.3515625 0.396875 0.03125 0.03125 
0 0.47265625 0.39375 0.0296875 0.028125 
0 0.503125 0.3703125 0.034375 0.03125 
0 0.528125 0.39765625 0.034375 0.0328125 
0 0.49609375 0.42578125 0.0359375 0.0296875 
0 0.46796875 0.45078125 0.0328125 0.0296875 
0 0.04609375 0.8296875 0.0296875 0.03125 
0 0.03359375 0.75234375 0.0265625 0.0421875 
0 0.06015625 0.72578125 0.0234375 0.0390625 
0 0.078125 0.71796875 0.025 0.0328125 
0 0.78828125 0.14921875 0.0328125 0.0265625 
0 0.6734375 0.23046875 0.034375 0.0296875 
0 0.64453125 0.25 0.0328125 0.03125 
0 0.33359375 0.6640625 0.0234375 0.025 
0 0.5453125 0.33671875 0.034375 0.0328125 
0 0.60546875 0.33515625 0.0390625 0.0359375 
0 0.6484375 0.30234375 0.03125 0.0296875 
0 0.753125 0.21875 0.034375 0.028125 
0 0.72421875 0.196875 0.0328125 0.028125 
0 0.75703125 0.1734375 0.0359375 0.03125 
0 0.7875 0.2015625 0.03125 0.028125 
0 0.8453125 0.16171875 0.03125 0.0296875 
0 0.825 0.13125 0.028125 0.03125 
0 0.85234375 0.1125 0.0328125 0.03125 
0 0.87421875 0.14375 0.0265625 0.025 
0 0.88125 0.09375 0.03125 0.03125 
0 0.9609375 0.16640625 0.034375 0.0234375 
