0 0.23671875 0.0203125 0.0359375 0.034375 
0 0.21015625 0.04609375 0.0359375 0.0359375 
0 0.196875 0.05703125 0.03125 0.0296875 
0 0.0859375 0.071875 0.034375 0.034375 
0 0.0984375 0.059375 0.0375 0.0375 
0 0.12734375 0.02421875 0.0296875 0.0265625 
0 0.14140625 0.01796875 0.0265625 0.0328125 
0 0.15 0.0078125 0.03125 0.0125 
0 0.3390625 0.01640625 0.0375 0.0296875 
0 0.284375 0.06484375 0.028125 0.0359375 
0 0.2546875 0.09921875 0.0375 0.0359375 
0 0.12578125 0.15078125 0.0421875 0.0359375 
0 0.21171875 0.1453125 0.0328125 0.034375 
0 0.31015625 0.03984375 0.0328125 0.0359375 
0 0.04609375 0.31875 0.0296875 0.03125 
0 0.03359375 0.24140625 0.0265625 0.0421875 
0 0.06015625 0.21484375 0.0234375 0.0390625 
0 0.078125 0.20703125 0.025 0.0328125 
0 0.33359375 0.153125 0.0234375 0.025 
