1 0.425 0.9734375 0.103125 0.053125 
1 0.415625 0.9015625 0.10625 0.153125 
1 0.4828125 0.98359375 0.0875 0.0328125 
1 0.5203125 0.971875 0.090625 0.05625 
1 0.5171875 0.88671875 0.109375 0.1359375 
1 0.58203125 0.965625 0.0984375 0.06875 
1 0.053125 0.4734375 0.0625 0.084375 
1 0.0859375 0.46484375 0.0625 0.0828125 
1 0.20859375 0.4203125 0.0640625 0.0875 
0 0.5421875 0.58671875 0.0625 0.0484375 
0 0.54921875 0.6171875 0.0640625 0.05 
1 0.1234375 0.64453125 0.1125 0.0828125 
1 0.3203125 0.6125 0.16875 0.1125 
1 0.0484375 0.784375 0.084375 0.1125 
1 0.0828125 0.77109375 0.08125 0.1078125 
1 0.1109375 0.74609375 0.078125 0.0984375 
1 0.14453125 0.73125 0.0765625 0.103125 
1 0.18125 0.7140625 0.090625 0.11875 
1 0.221875 0.69453125 0.075 0.0984375 
0 0.5703125 0.65 0.059375 0.046875 
0 0.58671875 0.68515625 0.0609375 0.0515625 
0 0.62421875 0.796875 0.0703125 0.0375 
0 0.0203125 0.925 0.0375 0.05 
0 0.64296875 0.8375 0.0734375 0.034375 
0 0.6703125 0.87890625 0.071875 0.0359375 
0 0.7078125 0.96796875 0.065625 0.0359375 
0 0.93984375 0.73984375 0.0734375 0.0390625 
0 0.95390625 0.77734375 0.0796875 0.0390625 
0 0.60546875 0.534375 0.0609375 0.05 
0 0.90078125 0.659375 0.0734375 0.0375 
0 0.84453125 0.56484375 0.0921875 0.0390625 
0 0.03984375 0.97890625 0.0609375 0.0421875 
0 0.0625 0.9921875 0.071875 0.015625 
1 0.778125 0.08125 0.078125 0.109375 
1 0.80546875 0.48203125 0.1046875 0.0484375 
0 0.82734375 0.52109375 0.0859375 0.0328125 
0 0.8484375 0.32734375 0.059375 0.0828125 
