0 0.21484375 0.5484375 0.0671875 0.046875 
0 0.14765625 0.559375 0.0828125 0.05 
0 0.07265625 0.57734375 0.0796875 0.0484375 
0 0.26953125 0.53203125 0.0546875 0.0421875 
0 0.14765625 0.5953125 0.0796875 0.04375 
0 0.2265625 0.58125 0.08125 0.046875 
0 0.52890625 0.565625 0.0453125 0.075 
1 0.57109375 0.77109375 0.0515625 0.0890625 
0 0.4765625 0.95703125 0.08125 0.0421875 
0 0.46875 0.91953125 0.071875 0.0453125 
0 0.4625 0.8875 0.0625 0.0375 
0 0.46015625 0.84765625 0.0671875 0.0359375 
0 0.3609375 0.55234375 0.075 0.0453125 
0 0.29453125 0.5671875 0.0703125 0.046875 
0 0.10703125 0.4859375 0.0703125 0.04375 
0 0.36640625 0.40234375 0.0765625 0.0421875 
0 0.28984375 0.4265625 0.0734375 0.04375 
0 0.21875 0.43515625 0.06875 0.0390625 
0 0.1515625 0.44375 0.071875 0.040625 
0 0.08671875 0.4578125 0.0640625 0.040625 
0 0.3640625 0.36484375 0.071875 0.0453125 
0 0.28828125 0.37890625 0.0671875 0.0453125 
0 0.22734375 0.39375 0.0703125 0.04375 
0 0.16015625 0.41015625 0.0703125 0.0421875 
0 0.08984375 0.41953125 0.0703125 0.0390625 
0 0.03203125 0.47265625 0.0609375 0.0453125 
0 0.0171875 0.37109375 0.03125 0.0484375 
0 0.04765625 0.51015625 0.0640625 0.0390625 
0 0.1734375 0.47578125 0.071875 0.0453125 
0 0.2390625 0.46640625 0.06875 0.0421875 
0 0.51171875 0.48515625 0.0453125 0.0734375 
0 0.4046875 0.5109375 0.078125 0.034375 
0 0.334375 0.52109375 0.078125 0.0421875 
0 0.39921875 0.46875 0.0671875 0.040625 
0 0.33125 0.48203125 0.08125 0.0453125 
0 0.26015625 0.49765625 0.0796875 0.0453125 
0 0.1953125 0.509375 0.071875 0.046875 
0 0.1265625 0.5265625 0.075 0.046875 
0 0.375 0.44296875 0.065625 0.0421875 
0 0.3109375 0.453125 0.071875 0.0375 
