1 0.121875 0.35390625 0.046875 0.1015625 
1 0.49296875 0.0078125 0.1671875 0.0125 
1 0.3625 0.02734375 0.15625 0.0515625 
0 0.17265625 0.42109375 0.0640625 0.0328125 
0 0.0609375 0.5203125 0.034375 0.053125 
1 0.9296875 0.2390625 0.0875 0.046875 
1 0.8734375 0.46328125 0.09375 0.0484375 
1 0.87734375 0.4296875 0.0921875 0.04375 
1 0.8828125 0.39453125 0.090625 0.0453125 
1 0.88984375 0.36015625 0.0859375 0.0453125 
1 0.89453125 0.32109375 0.0890625 0.0484375 
1 0.82109375 0.33046875 0.0453125 0.1015625 
1 0.92578125 0.27265625 0.0859375 0.0421875 
1 0.7953125 0.7859375 0.1125 0.053125 
0 0.178125 0.3796875 0.059375 0.03125 
1 0.778125 0.7328125 0.109375 0.0375 
1 0.80546875 0.68359375 0.1109375 0.0421875 
1 0.75859375 0.64140625 0.1109375 0.0421875 
0 0.4203125 0.17578125 0.075 0.0328125 
0 0.41171875 0.20546875 0.0484375 0.0265625 
1 0.36953125 0.25859375 0.1140625 0.0421875 
1 0.35859375 0.32890625 0.1046875 0.0421875 
1 0.865625 0.5 0.09375 0.046875 
1 0.8625 0.53046875 0.09375 0.0453125 
1 0.715625 0.428125 0.090625 0.034375 
1 0.7140625 0.4625 0.0875 0.0375 
0 0.19375 0.340625 0.090625 0.040625 
0 0.19921875 0.284375 0.0921875 0.04375 
0 0.17109375 0.45390625 0.0734375 0.0421875 
1 0.72109375 0.603125 0.1078125 0.040625 
1 0.709375 0.56640625 0.0875 0.0359375 
1 0.709375 0.53046875 0.09375 0.0390625 
1 0.71328125 0.4953125 0.0890625 0.040625 
