0 0.090625 0.409375 0.0375 0.025 
0 0.08125 0.3921875 0.0375 0.028125 
0 0.14296875 0.35078125 0.0328125 0.0265625 
0 0.13515625 0.33984375 0.0296875 0.0265625 
0 0.11171875 0.4640625 0.0359375 0.028125 
0 0.1234375 0.49609375 0.03125 0.0265625 
0 0.1484375 0.57421875 0.040625 0.0265625 
0 0.171875 0.62734375 0.03125 0.0296875 
0 0.36875 0.9390625 0.025 0.040625 
0 0.121875 0.86015625 0.0375 0.0265625 
0 0.115625 0.815625 0.040625 0.021875 
0 0.0984375 0.75859375 0.028125 0.0390625 
0 0.2765625 0.73046875 0.01875 0.0359375 
0 0.53515625 0.759375 0.0234375 0.03125 
0 0.52421875 0.72734375 0.0265625 0.0390625 
0 0.5125 0.69296875 0.028125 0.0390625 
0 0.49609375 0.6578125 0.0296875 0.040625 
0 0.06640625 0.64453125 0.0265625 0.0328125 
0 0.23125 0.5875 0.0375 0.025 
0 0.15390625 0.5875 0.0359375 0.025 
0 0.2703125 0.57265625 0.0375 0.0234375 
0 0.21796875 0.54375 0.0328125 0.021875 
0 0.2140625 0.52734375 0.03125 0.0265625 
0 0.2015625 0.4859375 0.034375 0.025 
0 0.19609375 0.471875 0.0359375 0.028125 
0 0.1875 0.45703125 0.03125 0.0234375 
0 0.49140625 0.38828125 0.0234375 0.0390625 
0 0.23125 0.4703125 0.0375 0.034375 
0 0.22578125 0.4546875 0.0390625 0.028125 
0 0.20625 0.403125 0.0375 0.028125 
0 0.1703125 0.40859375 0.03125 0.0234375 
0 0.1640625 0.39375 0.03125 0.025 
0 0.11796875 0.1796875 0.0328125 0.025 
0 0.06640625 0.125 0.0296875 0.028125 
0 0.05234375 0.11015625 0.0421875 0.0296875 
0 0.0984375 0.11953125 0.034375 0.0265625 
0 0.0859375 0.08984375 0.0375 0.0296875 
0 0.03671875 0.06328125 0.0359375 0.0234375 
0 0.0265625 0.04921875 0.034375 0.0234375 
0 0.22265625 0.22109375 0.0390625 0.0296875 
0 0.2078125 0.19375 0.034375 0.021875 
0 0.1984375 0.178125 0.040625 0.025 
0 0.19453125 0.16171875 0.0453125 0.0296875 
0 0.1875 0.14296875 0.0375 0.0234375 
0 0.1828125 0.1265625 0.040625 0.025 
0 0.17734375 0.11015625 0.0328125 0.0265625 
0 0.16953125 0.0953125 0.0359375 0.028125 
0 0.16640625 0.078125 0.0390625 0.028125 
0 0.1578125 0.0609375 0.04375 0.028125 
0 0.14140625 0.0171875 0.0421875 0.025 
0 0.1921875 0.01640625 0.028125 0.0296875 
0 0.02265625 0.015625 0.0359375 0.025 
0 0.01796875 0.00703125 0.0328125 0.0109375 
0 0.0671875 0.1390625 0.034375 0.028125 
0 0.08203125 0.17890625 0.0390625 0.0265625 
0 0.25 0.02109375 0.03125 0.0390625 
0 0.52734375 0.18828125 0.0234375 0.0359375 
0 0.4734375 0.13359375 0.0375 0.0484375 
0 0.56015625 0.1 0.0359375 0.028125 
0 0.56328125 0.11875 0.0390625 0.021875 
0 0.56875 0.13515625 0.040625 0.0203125 
0 0.57734375 0.18671875 0.0453125 0.0265625 
0 0.59296875 0.234375 0.0453125 0.025 
0 0.58828125 0.21796875 0.0453125 0.0234375 
0 0.61875 0.20859375 0.025 0.0390625 
0 0.6359375 0.2046875 0.028125 0.040625 
0 0.60859375 0.17421875 0.0234375 0.0421875 
0 0.596875 0.12578125 0.025 0.0390625 
0 0.58828125 0.090625 0.0234375 0.0375 
0 0.5765625 0.05234375 0.025 0.0421875 
0 0.53828125 0.00859375 0.0421875 0.0140625 
0 0.796875 0.184375 0.03125 0.0375 
0 0.78828125 0.15234375 0.0296875 0.0359375 
0 0.78046875 0.11875 0.0328125 0.04375 
0 0.821875 0.2125 0.021875 0.03125 
0 0.48984375 0.18203125 0.0296875 0.0421875 
0 0.26796875 0.053125 0.0265625 0.040625 
0 0.08359375 0.2 0.0421875 0.028125 
0 0.27890625 0.0875 0.0265625 0.034375 
0 0.12265625 0.303125 0.0359375 0.03125 
0 0.05546875 0.33046875 0.0359375 0.0265625 
0 0.015625 0.32734375 0.028125 0.0390625 
0 0.0078125 0.2921875 0.0125 0.04375 
0 0.35859375 0.29921875 0.0234375 0.0359375 
0 0.34921875 0.26484375 0.0296875 0.0390625 
0 0.3390625 0.240625 0.025 0.021875 
0 0.3296875 0.215625 0.021875 0.03125 
0 0.3140625 0.18359375 0.025 0.0359375 
0 0.30390625 0.15390625 0.0265625 0.0359375 
0 0.29140625 0.11953125 0.0234375 0.0328125 
0 0.81171875 0.1796875 0.0234375 0.0375 
0 0.809375 0.14765625 0.025 0.0328125 
0 0.80078125 0.11484375 0.0265625 0.0421875 
0 0.7875 0.07734375 0.028125 0.0421875 
0 0.05390625 0.31328125 0.0359375 0.0296875 
0 0.04765625 0.29453125 0.0421875 0.0265625 
0 0.03671875 0.2796875 0.0421875 0.028125 
0 0.0234375 0.23125 0.046875 0.034375 
0 0.01171875 0.18359375 0.0203125 0.0265625 
0 0.0078125 0.165625 0.0125 0.028125 
0 0.1734375 0.325 0.034375 0.025 
0 0.16015625 0.2953125 0.0390625 0.021875 
0 0.1546875 0.28203125 0.0375 0.0234375 
0 0.14296875 0.246875 0.0390625 0.028125 
0 0.10703125 0.2453125 0.0359375 0.03125 
0 0.10390625 0.228125 0.0390625 0.03125 
0 0.09453125 0.2140625 0.0390625 0.03125 
0 0.83125 0.096875 0.025 0.040625 
0 0.771875 0.0859375 0.028125 0.034375 
0 0.7640625 0.05625 0.025 0.034375 
0 0.75390625 0.02578125 0.0265625 0.0328125 
0 0.74609375 0.00625 0.0265625 0.009375 
0 0.83984375 0.2140625 0.0203125 0.03125 
0 0.83203125 0.18125 0.0234375 0.034375 
0 0.8234375 0.14609375 0.021875 0.0359375 
0 0.815625 0.11328125 0.021875 0.0328125 
0 0.80625 0.07890625 0.025 0.0390625 
0 0.778125 0.040625 0.025 0.034375 
0 0.84765625 0.175 0.0234375 0.040625 
0 0.840625 0.134375 0.025 0.04375 
0 0.81875 0.06015625 0.021875 0.0328125 
0 0.79140625 0.0109375 0.0203125 0.01875 
