0 0.28828125 0.17109375 0.0640625 0.0328125 
0 0.1765625 0.2703125 0.034375 0.053125 
1 0.97109375 0.21328125 0.0578125 0.0484375 
1 0.9734375 0.1796875 0.053125 0.04375 
1 0.9765625 0.14453125 0.046875 0.0453125 
1 0.98125 0.11015625 0.0375 0.0453125 
1 0.9828125 0.07109375 0.034375 0.0484375 
1 0.93671875 0.08046875 0.0453125 0.1015625 
1 0.9109375 0.5359375 0.1125 0.053125 
0 0.29375 0.1296875 0.059375 0.03125 
1 0.89375 0.4828125 0.109375 0.0375 
1 0.92109375 0.43359375 0.1109375 0.0421875 
1 0.87421875 0.39140625 0.1109375 0.0421875 
1 0.48515625 0.015625 0.1140625 0.028125 
1 0.47421875 0.07890625 0.1046875 0.0421875 
1 0.9671875 0.25 0.065625 0.046875 
1 0.965625 0.28046875 0.06875 0.0453125 
1 0.83125 0.178125 0.090625 0.034375 
1 0.8296875 0.2125 0.0875 0.0375 
0 0.309375 0.090625 0.090625 0.040625 
0 0.31484375 0.034375 0.0921875 0.04375 
0 0.28671875 0.20390625 0.0734375 0.0421875 
1 0.83671875 0.353125 0.1078125 0.040625 
1 0.825 0.31640625 0.0875 0.0359375 
1 0.825 0.28046875 0.09375 0.0390625 
1 0.82890625 0.2453125 0.0890625 0.040625 
