0 0.89296875 0.62578125 0.0265625 0.0390625 
0 0.78125 0.28828125 0.03125 0.0203125 
0 0.78359375 0.30546875 0.0359375 0.0203125 
0 0.7796875 0.3234375 0.03125 0.01875 
0 0.78046875 0.34375 0.0421875 0.015625 
0 0.78125 0.3640625 0.040625 0.015625 
0 0.984375 0.4796875 0.028125 0.04375 
0 0.9484375 0.48515625 0.025 0.0421875 
0 0.93046875 0.490625 0.0296875 0.04375 
0 0.89765625 0.5015625 0.0265625 0.040625 
0 0.8625 0.5 0.025 0.0375 
0 0.95390625 0.52265625 0.0234375 0.0328125 
0 0.8890625 0.5375 0.028125 0.040625 
0 0.853125 0.5453125 0.028125 0.04375 
0 0.97421875 0.13515625 0.0234375 0.0359375 
0 0.98828125 0.13203125 0.0203125 0.0390625 
0 0.77890625 0.37890625 0.0359375 0.0171875 
0 0.7734375 0.4125 0.034375 0.021875 
0 0.77421875 0.43203125 0.0390625 0.0171875 
0 0.77734375 0.4484375 0.0359375 0.021875 
0 0.5109375 0.375 0.03125 0.04375 
0 0.4765625 0.38046875 0.028125 0.0421875 
0 0.49921875 0.18671875 0.0234375 0.0421875 
0 0.48125 0.19375 0.01875 0.0375 
0 0.4765625 0.153125 0.025 0.0375 
0 0.4578125 0.15625 0.025 0.040625 
0 0.4203125 0.159375 0.021875 0.040625 
0 0.4265625 0.19921875 0.01875 0.0359375 
0 0.39140625 0.20703125 0.0265625 0.0328125 
0 0.3828125 0.16875 0.021875 0.0375 
0 0.33203125 0.175 0.0203125 0.040625 
0 0.31171875 0.17734375 0.0171875 0.0390625 
0 0.29609375 0.21875 0.0234375 0.0375 
0 0.28984375 0.1765625 0.0234375 0.040625 
0 0.52890625 0.25859375 0.0265625 0.0390625 
0 0.56484375 0.25390625 0.0265625 0.0421875 
0 0.571875 0.29375 0.025 0.0375 
0 0.55625 0.3 0.025 0.040625 
0 0.5375 0.3 0.028125 0.040625 
0 0.5171875 0.3015625 0.025 0.040625 
0 0.49609375 0.30390625 0.0265625 0.0390625 
0 0.48046875 0.30859375 0.0296875 0.0421875 
0 0.4640625 0.3109375 0.025 0.040625 
0 0.44609375 0.3125 0.0203125 0.0375 
0 0.41953125 0.27265625 0.0203125 0.0390625 
0 0.40703125 0.3109375 0.0265625 0.040625 
0 0.37421875 0.3234375 0.0234375 0.034375 
0 0.54765625 0.36953125 0.0265625 0.0390625 
0 0.5234375 0.04375 0.0375 0.01875 
0 0.6625 0.3 0.046875 0.021875 
0 0.775 0.47109375 0.040625 0.0203125 
0 0.7703125 0.48671875 0.040625 0.0203125 
0 0.7703125 0.50546875 0.040625 0.0171875 
0 0.77109375 0.54453125 0.0359375 0.0234375 
0 0.76640625 0.58203125 0.0328125 0.0234375 
0 0.653125 0.56328125 0.0375 0.0203125 
0 0.653125 0.52265625 0.040625 0.0234375 
0 0.6609375 0.43203125 0.05 0.0203125 
0 0.6640625 0.3984375 0.04375 0.01875 
0 0.6640625 0.37890625 0.04375 0.0203125 
0 0.66640625 0.36171875 0.0421875 0.0203125 
0 0.665625 0.32421875 0.04375 0.0203125 
0 0.665625 0.2640625 0.04375 0.021875 
0 0.67890625 0.15859375 0.0421875 0.0171875 
0 0.67734375 0.1390625 0.0484375 0.021875 
0 0.6796875 0.121875 0.040625 0.01875 
0 0.68203125 0.10390625 0.0421875 0.0171875 
0 0.67890625 0.0859375 0.0390625 0.01875 
0 0.6828125 0.06640625 0.0375 0.0203125 
0 0.68046875 0.0484375 0.0390625 0.015625 
0 0.68125 0.03046875 0.04375 0.0171875 
0 0.684375 0.0109375 0.04375 0.01875 
0 0.59140625 0.0640625 0.0421875 0.025 
0 0.5953125 0.040625 0.0375 0.01875 
0 0.609375 0.00546875 0.034375 0.0078125 
0 0.98046875 0.046875 0.0203125 0.03125 
0 0.99375 0.04609375 0.0125 0.0359375 
0 0.9953125 0.3453125 0.009375 0.04375 
0 0.98671875 0.35078125 0.0265625 0.0421875 
0 0.971875 0.3546875 0.028125 0.040625 
0 0.953125 0.3578125 0.025 0.034375 
0 0.93828125 0.36640625 0.0234375 0.0390625 
0 0.91796875 0.36875 0.0296875 0.04375 
0 0.90390625 0.37578125 0.0265625 0.0359375 
0 0.88671875 0.37890625 0.0265625 0.0390625 
0 0.8640625 0.3796875 0.03125 0.04375 
0 0.846875 0.384375 0.021875 0.0375 
0 0.84140625 0.42578125 0.0265625 0.0359375 
0 0.86171875 0.41953125 0.0296875 0.0390625 
0 0.89609375 0.41640625 0.0265625 0.0390625 
0 0.9296875 0.4046875 0.025 0.04375 
0 0.9640625 0.3953125 0.03125 0.040625 
0 0.99140625 0.3890625 0.0171875 0.040625 
0 0.98984375 0.225 0.0203125 0.0375 
0 0.9765625 0.23125 0.025 0.0375 
0 0.9609375 0.234375 0.021875 0.040625 
0 0.9421875 0.2375 0.025 0.0375 
0 0.91953125 0.23984375 0.0265625 0.0359375 
0 0.89609375 0.28828125 0.0296875 0.0421875 
0 0.91328125 0.28046875 0.0328125 0.0453125 
0 0.93203125 0.27421875 0.0296875 0.0390625 
0 0.953125 0.27578125 0.03125 0.0390625 
0 0.96796875 0.27265625 0.0265625 0.0421875 
0 0.98671875 0.26796875 0.0265625 0.0390625 
0 0.3296875 0.28984375 0.025 0.0421875 
0 0.28515625 0.33671875 0.0234375 0.0390625 
0 0.18125 0.2984375 0.040625 0.034375 
0 0.171875 0.2828125 0.040625 0.025 
0 0.1671875 0.2515625 0.0375 0.025 
0 0.15390625 0.234375 0.0421875 0.034375 
0 0.14140625 0.21484375 0.0359375 0.0328125 
0 0.12578125 0.16953125 0.0359375 0.0234375 
0 0.12265625 0.1453125 0.0421875 0.034375 
0 0.10859375 0.1296875 0.0359375 0.028125 
0 0.32421875 0.0890625 0.0203125 0.034375 
0 0.359375 0.08828125 0.015625 0.0359375 
0 0.390625 0.08125 0.034375 0.01875 
0 0.221875 0.03828125 0.0375 0.0171875 
0 0.43671875 0.38203125 0.0265625 0.0359375 
0 0.28828125 0.1765625 0.0234375 0.040625 
