1 0.86171875 0.20234375 0.0796875 0.0671875 
0 0.8359375 0.0125 0.05 0.021875 
0 0.8140625 0.03203125 0.040625 0.0328125 
0 0.80234375 0.04921875 0.0484375 0.0359375 
0 0.79453125 0.065625 0.0421875 0.034375 
0 0.7859375 0.08203125 0.040625 0.0328125 
0 0.76796875 0.11015625 0.0390625 0.0328125 
0 0.75625 0.125 0.04375 0.034375 
0 0.73828125 0.1625 0.0453125 0.034375 
0 0.93359375 0.08671875 0.0390625 0.0328125 
0 0.9390625 0.0671875 0.040625 0.03125 
0 0.95 0.053125 0.040625 0.034375 
0 0.96015625 0.0328125 0.0390625 0.034375 
0 0.97734375 0.0109375 0.0421875 0.01875 
0 0.6671875 0.12265625 0.040625 0.0359375 
0 0.6765625 0.10078125 0.040625 0.0296875 
0 0.684375 0.08359375 0.04375 0.0328125 
0 0.696875 0.07265625 0.04375 0.0328125 
0 0.70546875 0.05390625 0.0421875 0.0359375 
0 0.72265625 0.021875 0.0421875 0.034375 
0 0.6796875 0.0203125 0.0375 0.03125 
0 0.63046875 0.09609375 0.0453125 0.0359375 
0 0.56015625 0.05234375 0.0359375 0.0296875 
0 0.5734375 0.03984375 0.034375 0.0265625 
0 0.58984375 0.01171875 0.0390625 0.0203125 
0 0.578125 0.02109375 0.040625 0.0296875 
0 0.54921875 0.0078125 0.0390625 0.0125 
0 0.53828125 0.015625 0.0390625 0.03125 
0 0.45625 0.00625 0.04375 0.009375 
0 0.53359375 0.03671875 0.0390625 0.0265625 
0 0.11328125 0.09296875 0.0390625 0.0328125 
0 0.0953125 0.12734375 0.0375 0.0328125 
0 0.0765625 0.15703125 0.0375 0.0296875 
0 0.065625 0.17109375 0.034375 0.0296875 
0 0.05390625 0.190625 0.0359375 0.03125 
0 0.04296875 0.2046875 0.0390625 0.028125 
0 0.0265625 0.2328125 0.0375 0.03125 
0 0.01953125 0.25078125 0.0390625 0.0296875 
0 0.0140625 0.265625 0.025 0.03125 
0 0.0109375 0.2828125 0.01875 0.03125 
0 0.10234375 0.1078125 0.0390625 0.028125 
0 0.12421875 0.078125 0.0390625 0.03125 
0 0.56484375 0.28125 0.0390625 0.03125 
0 0.4859375 0.34140625 0.0375 0.0296875 
0 0.47109375 0.359375 0.0359375 0.03125 
0 0.45703125 0.37890625 0.0390625 0.0328125 
0 0.4703125 0.1390625 0.0375 0.028125 
0 0.4890625 0.1046875 0.0375 0.034375 
0 0.52890625 0.1 0.0359375 0.03125 
0 0.52265625 0.12421875 0.0390625 0.0296875 
0 0.51015625 0.13828125 0.0390625 0.0296875 
0 0.50234375 0.1578125 0.0359375 0.028125 
0 0.44140625 0.1859375 0.0328125 0.028125 
0 0.4328125 0.19921875 0.0375 0.0265625 
0 0.41953125 0.2125 0.0390625 0.03125 
0 0.43046875 0.26328125 0.0359375 0.0296875 
0 0.3921875 0.26171875 0.04375 0.0359375 
0 0.384375 0.28125 0.040625 0.03125 
0 0.3859375 0.34375 0.0375 0.03125 
0 0.33125 0.35703125 0.04375 0.0328125 
0 0.2609375 0.31328125 0.0375 0.0328125 
0 0.271875 0.29921875 0.040625 0.0328125 
0 0.39453125 0.01875 0.0359375 0.03125 
0 0.42734375 0.0390625 0.0328125 0.028125 
0 0.4171875 0.059375 0.0375 0.028125 
0 0.403125 0.0734375 0.034375 0.028125 
0 0.39921875 0.0953125 0.0359375 0.028125 
0 0.3890625 0.11015625 0.034375 0.0328125 
0 0.36015625 0.0921875 0.0359375 0.034375 
0 0.346875 0.10703125 0.040625 0.0328125 
0 0.54375 0.24453125 0.040625 0.0328125 
0 0.553125 0.2984375 0.040625 0.03125 
0 0.1328125 0.06015625 0.0375 0.0296875 
0 0.54296875 0.3140625 0.0453125 0.034375 
0 0.02421875 0.01015625 0.0421875 0.0171875 
0 0.38046875 0.04140625 0.0421875 0.0328125 
0 0.36953125 0.05546875 0.0359375 0.0296875 
0 0.36328125 0.07265625 0.0359375 0.0328125 
0 0.68515625 0.2453125 0.0453125 0.034375 
0 0.5890625 0.165625 0.04375 0.034375 
0 0.625 0.1859375 0.040625 0.034375 
0 0.6109375 0.2015625 0.04375 0.034375 
0 0.6046875 0.21875 0.0375 0.03125 
0 0.5625 0.2140625 0.040625 0.034375 
0 0.36796875 0.140625 0.0359375 0.03125 
0 0.33515625 0.12109375 0.0390625 0.0328125 
0 0.32734375 0.13671875 0.0390625 0.0296875 
0 0.315625 0.1515625 0.040625 0.03125 
0 0.20546875 0.10625 0.0359375 0.03125 
0 0.19453125 0.12109375 0.0421875 0.0390625 
0 0.18671875 0.1390625 0.0390625 0.028125 
0 0.1734375 0.15234375 0.04375 0.0359375 
0 0.15546875 0.184375 0.0390625 0.03125 
0 0.1484375 0.19921875 0.0375 0.0359375 
0 0.1328125 0.21484375 0.0375 0.0328125 
0 0.115625 0.246875 0.0375 0.03125 
0 0.14609375 0.2640625 0.0359375 0.028125 
0 0.1421875 0.28203125 0.0375 0.0296875 
0 0.13125 0.30234375 0.040625 0.0328125 
0 0.11875 0.3125 0.040625 0.034375 
0 0.08046875 0.3078125 0.0421875 0.034375 
0 0.13046875 0.00625 0.0421875 0.009375 
0 0.175 0.01015625 0.034375 0.0171875 
0 0.1625 0.01640625 0.0375 0.0296875 
0 0.153125 0.03203125 0.040625 0.0328125 
0 0.14140625 0.0484375 0.0390625 0.03125 
0 0.23515625 0.125 0.0421875 0.03125 
0 0.21953125 0.1578125 0.0390625 0.028125 
0 0.196875 0.18671875 0.040625 0.0328125 
0 0.309375 0.1671875 0.0375 0.028125 
0 0.33984375 0.18515625 0.0328125 0.0265625 
0 0.2984375 0.184375 0.0375 0.028125 
0 0.2890625 0.1984375 0.034375 0.028125 
0 0.271875 0.2328125 0.03125 0.028125 
0 0.26015625 0.246875 0.0359375 0.028125 
0 0.24921875 0.26171875 0.0421875 0.0359375 
0 0.21875 0.375 0.03125 0.028125 
0 0.26953125 0.00703125 0.0390625 0.0109375 
0 0.3125 0.00859375 0.040625 0.0140625 
0 0.18828125 0.20390625 0.0390625 0.0296875 
0 0.30546875 0.015625 0.0421875 0.03125 
0 0.296875 0.03125 0.040625 0.03125 
0 0.2859375 0.046875 0.0375 0.03125 
0 0.27578125 0.06328125 0.0359375 0.0265625 
0 0.24375 0.04453125 0.034375 0.0296875 
0 0.2328125 0.05859375 0.04375 0.0359375 
0 0.2671875 0.078125 0.0375 0.03125 
0 0.2578125 0.096875 0.0375 0.03125 
0 0.2265625 0.075 0.040625 0.034375 
0 0.24609375 0.11015625 0.0359375 0.0296875 
0 0.21328125 0.0875 0.0421875 0.0375 
0 0.17734375 0.21875 0.0421875 0.03125 
