0 0.26484375 0.7875 0.0171875 0.034375 
0 0.3015625 0.78828125 0.015625 0.0359375 
0 0.18125 0.8734375 0.015625 0.040625 
0 0.21328125 0.871875 0.0203125 0.040625 
0 0.23515625 0.87421875 0.0203125 0.0390625 
0 0.25546875 0.87265625 0.0140625 0.0359375 
0 0.29140625 0.8734375 0.0203125 0.0375 
0 0.26875 0.9140625 0.01875 0.0375 
0 0.23359375 0.9109375 0.0171875 0.03125 
0 0.2140625 0.91015625 0.01875 0.0328125 
0 0.1796875 0.91171875 0.015625 0.0328125 
0 0.15859375 0.91015625 0.0203125 0.0390625 
0 0.06953125 0.90625 0.0203125 0.040625 
0 0.01171875 0.8671875 0.0203125 0.0375 
0 0.203125 0.98984375 0.01875 0.0203125 
0 0.2375 0.98671875 0.01875 0.0265625 
0 0.19453125 0.78828125 0.0171875 0.0359375 
0 0.1390625 0.78515625 0.015625 0.0296875 
0 0.01015625 0.38125 0.0171875 0.03125 
0 0.02734375 0.38046875 0.0140625 0.0296875 
0 0.05 0.37734375 0.025 0.0421875 
0 0.0671875 0.3734375 0.025 0.034375 
0 0.08828125 0.37578125 0.0203125 0.0453125 
0 0.1046875 0.37734375 0.01875 0.0359375 
0 0.1234375 0.37265625 0.021875 0.0359375 
0 0.14140625 0.38359375 0.0171875 0.0359375 
0 0.153125 0.46484375 0.021875 0.0359375 
0 0.11640625 0.46953125 0.0203125 0.0421875 
0 0.09921875 0.46875 0.0171875 0.0375 
0 0.08125 0.46953125 0.015625 0.0328125 
0 0.04296875 0.46796875 0.0203125 0.0390625 
0 0.18671875 0.2609375 0.0359375 0.025 
0 0.20234375 0.2984375 0.0359375 0.03125 
0 0.303125 0.2984375 0.0375 0.03125 
0 0.3203125 0.2484375 0.0375 0.028125 
0 0.28671875 0.2640625 0.0390625 0.028125 
0 0.31328125 0.50859375 0.0390625 0.0296875 
0 0.26015625 0.415625 0.0453125 0.0375 
0 0.240625 0.38515625 0.040625 0.0296875 
0 0.2375 0.36484375 0.034375 0.0296875 
0 0.2265625 0.34921875 0.040625 0.0296875 
0 0.2203125 0.33203125 0.040625 0.0296875 
0 0.2109375 0.3140625 0.040625 0.03125 
0 0.02421875 0.46640625 0.0171875 0.0390625 
0 0.0078125 0.64140625 0.0125 0.0359375 
0 0.059375 0.6421875 0.01875 0.034375 
0 0.0984375 0.6421875 0.01875 0.0375 
0 0.115625 0.64609375 0.015625 0.0421875 
0 0.15234375 0.64296875 0.0203125 0.0359375 
0 0.17109375 0.646875 0.0171875 0.0375 
0 0.1921875 0.64609375 0.01875 0.0328125 
0 0.228125 0.64375 0.021875 0.0375 
0 0.25 0.646875 0.021875 0.034375 
0 0.265625 0.64765625 0.01875 0.0328125 
0 0.303125 0.73671875 0.01875 0.0390625 
0 0.26796875 0.7390625 0.0203125 0.040625 
0 0.25078125 0.7375 0.0203125 0.040625 
0 0.17734375 0.73046875 0.0203125 0.0421875 
0 0.1421875 0.72890625 0.021875 0.0390625 
0 0.11875 0.72890625 0.01875 0.0421875 
0 0.04765625 0.73203125 0.0265625 0.0453125 
0 0.0109375 0.7296875 0.01875 0.040625 
0 0.00625 0.5171875 0.009375 0.034375 
0 0.0375 0.51953125 0.021875 0.0390625 
0 0.078125 0.5171875 0.021875 0.040625 
0 0.096875 0.51875 0.021875 0.04375 
0 0.11484375 0.52265625 0.0171875 0.0390625 
0 0.14765625 0.51953125 0.0203125 0.0390625 
0 0.1859375 0.52265625 0.021875 0.0328125 
0 0.265625 0.6078125 0.021875 0.0375 
0 0.22890625 0.60703125 0.0171875 0.0359375 
0 0.19453125 0.60546875 0.0171875 0.0421875 
0 0.17109375 0.60546875 0.0171875 0.0390625 
0 0.1171875 0.6046875 0.021875 0.040625 
0 0.01015625 0.60078125 0.0203125 0.0390625 
0 0.4421875 0.7875 0.01875 0.040625 
0 0.4953125 0.79140625 0.01875 0.0359375 
0 0.7015625 0.79765625 0.01875 0.0390625 
0 0.8234375 0.8265625 0.046875 0.034375 
0 0.93046875 0.884375 0.0453125 0.040625 
0 0.8859375 0.7984375 0.0375 0.034375 
0 0.990625 0.6 0.01875 0.0375 
0 0.98046875 0.5625 0.0390625 0.0375 
0 0.9140625 0.43046875 0.03125 0.0421875 
0 0.93046875 0.43984375 0.0296875 0.0390625 
0 0.9453125 0.45 0.03125 0.0375 
0 0.9609375 0.4609375 0.03125 0.0375 
0 0.98203125 0.47265625 0.0265625 0.0359375 
0 0.99375 0.4828125 0.0125 0.040625 
0 0.7421875 0.1625 0.03125 0.04375 
0 0.453125 0.50625 0.0375 0.03125 
0 0.446875 0.48828125 0.034375 0.0296875 
0 0.43671875 0.47421875 0.0390625 0.0296875 
0 0.43203125 0.4578125 0.0359375 0.034375 
0 0.42265625 0.44375 0.0359375 0.0375 
0 0.41171875 0.42578125 0.0359375 0.0328125 
0 0.4046875 0.41171875 0.0375 0.0296875 
0 0.4609375 0.7890625 0.01875 0.040625 
0 0.425 0.7859375 0.01875 0.0375 
0 0.40234375 0.7875 0.0171875 0.0375 
0 0.378125 0.99375 0.021875 0.0125 
0 0.59453125 0.9203125 0.0171875 0.034375 
0 0.65078125 0.92109375 0.0203125 0.0421875 
0 0.7078125 0.92109375 0.021875 0.0453125 
0 0.7265625 0.92265625 0.021875 0.0421875 
0 0.746875 0.92265625 0.015625 0.0421875 
0 0.76328125 0.92265625 0.0171875 0.0390625 
0 0.70703125 0.8859375 0.0203125 0.03125 
0 0.65234375 0.8828125 0.0171875 0.040625 
0 0.484375 0.8734375 0.01875 0.03125 
0 0.44609375 0.8796875 0.0203125 0.04375 
0 0.40546875 0.91796875 0.0203125 0.0390625 
0 0.38203125 0.78828125 0.0140625 0.0421875 
0 0.39765625 0.39375 0.0390625 0.034375 
0 0.38515625 0.3796875 0.0359375 0.03125 
0 0.38125 0.36171875 0.040625 0.0328125 
0 0.725 0.446875 0.0375 0.03125 
0 0.35078125 0.315625 0.0390625 0.03125 
0 0.34296875 0.29609375 0.0359375 0.0328125 
0 0.33359375 0.28046875 0.0359375 0.0328125 
0 0.29453125 0.2828125 0.0359375 0.028125 
0 0.3234375 0.2640625 0.0375 0.03125 
0 0.64296875 0.36953125 0.0390625 0.0328125 
0 0.51484375 0.31796875 0.0328125 0.0265625 
0 0.36328125 0.32890625 0.0328125 0.0265625 
0 0.37265625 0.346875 0.0421875 0.03125 
0 0.328125 0.5484375 0.040625 0.034375 
0 0.440625 0.56015625 0.0375 0.0296875 
0 0.69296875 0.47421875 0.0359375 0.0328125 
0 0.68125 0.4546875 0.0375 0.034375 
0 0.70859375 0.415625 0.0421875 0.034375 
0 0.665625 0.41796875 0.040625 0.0359375 
0 0.65078125 0.3890625 0.0390625 0.03125 
0 0.60234375 0.47890625 0.0421875 0.0359375 
0 0.56875 0.434375 0.0375 0.03125 
0 0.5609375 0.41640625 0.0375 0.0328125 
0 0.4703125 0.540625 0.0375 0.03125 
0 0.490625 0.571875 0.034375 0.03125 
0 0.45703125 0.59296875 0.0390625 0.0296875 
0 0.4484375 0.57421875 0.0375 0.0296875 
0 0.41953125 0.52578125 0.0421875 0.0328125 
0 0.34296875 0.55703125 0.0359375 0.0328125 
0 0.4046875 0.49296875 0.040625 0.0328125 
0 0.396875 0.478125 0.0375 0.03125 
0 0.38046875 0.446875 0.0359375 0.03125 
0 0.375 0.43046875 0.0375 0.0328125 
0 0.36328125 0.4125 0.0328125 0.03125 
0 0.35546875 0.3953125 0.0359375 0.028125 
0 0.33125 0.346875 0.0375 0.03125 
0 0.31640625 0.33203125 0.0328125 0.0328125 
0 0.31171875 0.31171875 0.0359375 0.0296875 
0 0.38515625 0.640625 0.0359375 0.028125 
0 0.3765625 0.6265625 0.034375 0.03125 
0 0.359375 0.5921875 0.034375 0.03125 
