0 0.1203125 0.49453125 0.1 0.0421875 
0 0.26640625 0.34453125 0.0578125 0.0578125 
0 0.18984375 0.2796875 0.0609375 0.0625 
1 0.2640625 0.503125 0.090625 0.046875 
1 0.28125 0.5484375 0.096875 0.046875 
1 0.2796875 0.58984375 0.0875 0.0421875 
1 0.2953125 0.71796875 0.0875 0.0390625 
1 0.4203125 0.7046875 0.090625 0.04375 
0 0.6875 0.68046875 0.078125 0.0828125 
0 0.40546875 0.66640625 0.0796875 0.0390625 
1 0.12109375 0.64765625 0.0890625 0.0484375 
1 0.1078125 0.57109375 0.103125 0.0453125 
1 0.28515625 0.6734375 0.0890625 0.046875 
0 0.403125 0.621875 0.084375 0.04375 
1 0.31796875 0.78515625 0.1140625 0.0515625 
1 0.30078125 0.83359375 0.0921875 0.0453125 
1 0.54296875 0.91015625 0.2390625 0.0734375 
1 0.60546875 0.84921875 0.1609375 0.0484375 
1 0.43671875 0.815625 0.0984375 0.05 
0 0.425 0.7578125 0.0875 0.0375 
