0 0.334375 0.4484375 0.040625 0.01875 
0 0.23125 0.6640625 0.021875 0.034375 
0 0.19296875 0.6703125 0.0171875 0.03125 
0 0.17265625 0.66796875 0.0203125 0.0328125 
0 0.1546875 0.6703125 0.021875 0.034375 
0 0.13515625 0.66953125 0.0203125 0.0359375 
0 0.1171875 0.6703125 0.01875 0.040625 
0 0.0984375 0.67421875 0.01875 0.0390625 
0 0.078125 0.67109375 0.021875 0.0390625 
0 0.059375 0.6734375 0.015625 0.034375 
0 0.04296875 0.671875 0.0203125 0.040625 
0 0.20625 0.5671875 0.040625 0.01875 
0 0.20390625 0.54765625 0.0421875 0.0234375 
0 0.2046875 0.52578125 0.046875 0.0203125 
0 0.1984375 0.46484375 0.040625 0.0203125 
0 0.3 0.5796875 0.0375 0.01875 
0 0.2984375 0.5609375 0.0375 0.01875 
0 0.3453125 0.57421875 0.040625 0.0203125 
0 0.3375 0.5 0.04375 0.021875 
0 0.28828125 0.4125 0.0390625 0.01875 
0 0.33046875 0.41015625 0.0359375 0.0171875 
0 0.32734375 0.39140625 0.0359375 0.0171875 
0 0.1921875 0.36328125 0.0375 0.0140625 
0 0.19140625 0.34453125 0.0421875 0.0171875 
0 0.4421875 0.159375 0.0375 0.028125 
0 0.5421875 0.1546875 0.034375 0.028125 
0 0.5078125 0.07265625 0.0375 0.0296875 
0 0.50234375 0.05390625 0.0328125 0.0234375 
0 0.546875 0.05703125 0.040625 0.0265625 
0 0.2109375 0.66640625 0.01875 0.0390625 
0 0.2703125 0.65859375 0.025 0.0390625 
0 0.7296875 0.496875 0.0375 0.03125 
0 0.58125 0.5140625 0.034375 0.028125 
0 0.56640625 0.47890625 0.0390625 0.0296875 
0 0.53515625 0.02109375 0.0421875 0.0296875 
0 0.48203125 0.02265625 0.0390625 0.0265625 
0 0.4 0.05078125 0.046875 0.0328125 
