1 0.6375 0.6390625 0.159375 0.053125 
1 0.62890625 0.68828125 0.1671875 0.0609375 
1 0.6296875 0.73984375 0.159375 0.0578125 
1 0.625 0.7828125 0.1625 0.0625 
1 0.60859375 0.82890625 0.1671875 0.0578125 
1 0.478125 0.86953125 0.15625 0.0546875 
1 0.4625 0.7671875 0.146875 0.053125 
1 0.465625 0.72109375 0.159375 0.0640625 
1 0.45546875 0.67109375 0.1671875 0.0609375 
1 0.2671875 0.6265625 0.053125 0.159375 
0 0.32578125 0.59609375 0.0328125 0.0703125 
0 0.4171875 0.50078125 0.028125 0.0578125 
1 0.6375 0.58828125 0.159375 0.0484375 
