0 0.871875 0.66640625 0.01875 0.0328125 
0 0.83125 0.66484375 0.01875 0.0296875 
0 0.89375 0.63203125 0.01875 0.0328125 
0 0.86875 0.6328125 0.01875 0.03125 
0 0.53828125 0.72265625 0.0421875 0.0359375 
0 0.521875 0.68984375 0.0375 0.0328125 
0 0.50078125 0.65625 0.0390625 0.034375 
0 0.440625 0.628125 0.05 0.040625 
0 0.4484375 0.55390625 0.034375 0.0328125 
0 0.79375 0.559375 0.0375 0.021875 
0 0.709375 0.54453125 0.01875 0.0328125 
0 0.540625 0.54765625 0.040625 0.0328125 
0 0.53046875 0.51953125 0.0359375 0.0265625 
0 0.5140625 0.49765625 0.046875 0.0359375 
0 0.465625 0.40390625 0.0375 0.0296875 
0 0.44140625 0.3671875 0.0421875 0.034375 
0 0.42421875 0.3375 0.0421875 0.03125 
0 0.415625 0.3171875 0.0375 0.03125 
0 0.41171875 0.29921875 0.0359375 0.0296875 
0 0.26171875 0.290625 0.0359375 0.03125 
0 0.24921875 0.2734375 0.0328125 0.028125 
0 0.23984375 0.26015625 0.0484375 0.0328125 
0 0.2625 0.18359375 0.04375 0.0390625 
0 0.221875 0.15546875 0.0375 0.0359375 
0 0.1875 0.12734375 0.0375 0.0359375 
0 0.94921875 0.63671875 0.0203125 0.0390625 
0 0.9953125 0.6765625 0.009375 0.034375 
0 0.82578125 0.7546875 0.0171875 0.034375 
0 0.84296875 0.7921875 0.0203125 0.0375 
0 0.88046875 0.79296875 0.0203125 0.0296875 
0 0.88203125 0.75859375 0.0171875 0.0390625 
0 0.90546875 0.75859375 0.0234375 0.0421875 
0 0.9203125 0.79765625 0.021875 0.0359375 
0 0.94140625 0.7984375 0.0234375 0.040625 
0 0.959375 0.76015625 0.021875 0.0390625 
0 0.978125 0.75859375 0.01875 0.0390625 
0 0.99375 0.8046875 0.0125 0.034375 
0 0.99375 0.765625 0.0125 0.034375 
0 0.0875 0.10625 0.0375 0.04375 
0 0.1046875 0.0921875 0.028125 0.0375 
0 0.11875 0.0828125 0.0375 0.040625 
1 0.05546875 0.703125 0.1078125 0.0625 
1 0.3546875 0.98203125 0.0875 0.0359375 
1 0.2859375 0.64140625 0.121875 0.0671875 
1 0.2953125 0.6703125 0.09375 0.053125 
0 0.36796875 0.26640625 0.0421875 0.0359375 
