0 0.17265625 0.17109375 0.0640625 0.0328125 
0 0.0609375 0.2703125 0.034375 0.053125 
1 0.9296875 0.00703125 0.0875 0.0109375 
1 0.8734375 0.21328125 0.09375 0.0484375 
1 0.87734375 0.1796875 0.0921875 0.04375 
1 0.8828125 0.14453125 0.090625 0.0453125 
1 0.88984375 0.11015625 0.0859375 0.0453125 
1 0.89453125 0.07109375 0.0890625 0.0484375 
1 0.82109375 0.08046875 0.0453125 0.1015625 
1 0.92578125 0.02265625 0.0859375 0.0421875 
1 0.7953125 0.5359375 0.1125 0.053125 
0 0.178125 0.1296875 0.059375 0.03125 
1 0.778125 0.4828125 0.109375 0.0375 
1 0.80546875 0.43359375 0.1109375 0.0421875 
1 0.75859375 0.39140625 0.1109375 0.0421875 
1 0.36953125 0.015625 0.1140625 0.028125 
1 0.35859375 0.07890625 0.1046875 0.0421875 
1 0.865625 0.25 0.09375 0.046875 
1 0.8625 0.28046875 0.09375 0.0453125 
1 0.715625 0.178125 0.090625 0.034375 
1 0.7140625 0.2125 0.0875 0.0375 
0 0.19375 0.090625 0.090625 0.040625 
0 0.19921875 0.034375 0.0921875 0.04375 
0 0.17109375 0.20390625 0.0734375 0.0421875 
1 0.72109375 0.353125 0.1078125 0.040625 
1 0.709375 0.31640625 0.0875 0.0359375 
1 0.709375 0.28046875 0.09375 0.0390625 
1 0.71328125 0.2453125 0.0890625 0.040625 
