0 0.01015625 0.88125 0.0171875 0.034375 
0 0.99140625 0.66171875 0.0171875 0.0328125 
0 0.95703125 0.684375 0.0359375 0.028125 
0 0.94921875 0.709375 0.0328125 0.028125 
0 0.915625 0.7078125 0.040625 0.034375 
0 0.87109375 0.73359375 0.0421875 0.0296875 
0 0.853125 0.7640625 0.0375 0.028125 
0 0.82421875 0.7578125 0.0421875 0.03125 
0 0.6828125 0.8484375 0.040625 0.034375 
0 0.21875 0.8578125 0.01875 0.0375 
0 0.23984375 0.83671875 0.0203125 0.0359375 
0 0.265625 0.81875 0.01875 0.03125 
0 0.26796875 0.78359375 0.0171875 0.0390625 
0 0.79375 0.7765625 0.03125 0.034375 
0 0.25390625 0.4890625 0.0140625 0.034375 
0 0.37734375 0.396875 0.0390625 0.04375 
0 0.2578125 0.3890625 0.015625 0.034375 
0 0.25703125 0.35546875 0.0359375 0.0390625 
0 0.22265625 0.39140625 0.0453125 0.0359375 
