0 0.74765625 0.91171875 0.0203125 0.0421875 
0 0.76640625 0.91015625 0.0203125 0.0359375 
0 0.78828125 0.9140625 0.0171875 0.040625 
0 0.82109375 0.9015625 0.0203125 0.053125 
0 0.84375 0.90234375 0.021875 0.0515625 
0 0.86640625 0.903125 0.0203125 0.053125 
0 0.890625 0.909375 0.015625 0.040625 
0 0.9125 0.90390625 0.01875 0.0359375 
0 0.4765625 0.78671875 0.01875 0.0359375 
0 0.45703125 0.78359375 0.0140625 0.0421875 
0 0.97265625 0.98203125 0.0234375 0.0359375 
0 0.43125 0.6515625 0.01875 0.0375 
