0 0.12265625 0.4703125 0.0390625 0.01875 
0 0.121875 0.4875 0.034375 0.01875 
0 0.1265625 0.50546875 0.0375 0.0265625 
0 0.1265625 0.5234375 0.0375 0.01875 
0 0.12578125 0.54296875 0.0328125 0.0203125 
0 0.13359375 0.5609375 0.0390625 0.01875 
0 0.12578125 0.596875 0.0453125 0.021875 
0 0.12578125 0.61640625 0.0421875 0.0203125 
0 0.13125 0.63515625 0.040625 0.0171875 
0 0.1359375 0.653125 0.04375 0.015625 
0 0.134375 0.671875 0.040625 0.015625 
0 0.13203125 0.68671875 0.0453125 0.0203125 
0 0.1765625 0.72890625 0.01875 0.0359375 
0 0.19609375 0.72734375 0.0203125 0.0390625 
0 0.21640625 0.72578125 0.0171875 0.0390625 
0 0.3453125 0.71640625 0.01875 0.0390625 
0 0.36171875 0.7171875 0.0203125 0.0375 
0 0.4015625 0.715625 0.01875 0.034375 
0 0.421875 0.71328125 0.021875 0.0390625 
0 0.11796875 0.3984375 0.0359375 0.01875 
0 0.12109375 0.415625 0.0328125 0.015625 
0 0.153125 0.35390625 0.021875 0.0390625 
0 0.16875 0.34453125 0.015625 0.0296875 
0 0.99375 0.6703125 0.0125 0.034375 
0 0.97890625 0.66953125 0.0203125 0.0359375 
0 0.9609375 0.6703125 0.01875 0.040625 
0 0.9421875 0.67421875 0.01875 0.0390625 
0 0.921875 0.67109375 0.021875 0.0390625 
0 0.903125 0.6734375 0.015625 0.034375 
0 0.88671875 0.671875 0.0203125 0.040625 
0 0.45625 0.6125 0.028125 0.015625 
0 0.3640625 0.475 0.01875 0.03125 
0 0.3421875 0.475 0.01875 0.034375 
0 0.32421875 0.47578125 0.0140625 0.0328125 
0 0.30703125 0.4796875 0.0203125 0.0375 
0 0.26953125 0.484375 0.0203125 0.03125 
0 0.2484375 0.48671875 0.01875 0.0390625 
0 0.23203125 0.4859375 0.0171875 0.0375 
0 0.215625 0.4890625 0.015625 0.0375 
0 0.1921875 0.4859375 0.01875 0.0375 
0 0.2015625 0.58671875 0.01875 0.0359375 
0 0.2390625 0.5828125 0.01875 0.034375 
0 0.25859375 0.58125 0.0171875 0.0375 
0 0.27421875 0.57578125 0.0171875 0.0359375 
0 0.2953125 0.575 0.0125 0.034375 
0 0.34765625 0.575 0.0171875 0.0375 
0 0.36796875 0.5734375 0.0203125 0.0375 
0 0.37109375 0.615625 0.0203125 0.034375 
0 0.3546875 0.6171875 0.021875 0.03125 
0 0.3359375 0.621875 0.01875 0.040625 
0 0.31875 0.62109375 0.01875 0.0359375 
0 0.3015625 0.62421875 0.01875 0.0390625 
0 0.2796875 0.62734375 0.01875 0.0359375 
0 0.240625 0.63125 0.021875 0.0375 
0 0.2015625 0.63125 0.021875 0.03125 
0 0.3328125 0.33671875 0.01875 0.0328125 
0 0.18671875 0.3453125 0.0171875 0.03125 
0 0.4515625 0.5921875 0.03125 0.01875 
0 0.453125 0.56953125 0.0375 0.0171875 
0 0.4484375 0.5359375 0.03125 0.01875 
0 0.2046875 0.4390625 0.01875 0.034375 
0 0.44609375 0.49921875 0.0390625 0.0203125 
0 0.2265625 0.4375 0.01875 0.0375 
0 0.265625 0.4390625 0.015625 0.0375 
0 0.2828125 0.43125 0.021875 0.040625 
0 0.32265625 0.4328125 0.0171875 0.03125 
0 0.3375 0.428125 0.021875 0.034375 
0 0.43671875 0.36875 0.0328125 0.015625 
0 0.43515625 0.3875 0.0359375 0.015625 
0 0.43984375 0.40546875 0.0359375 0.0203125 
0 0.4390625 0.4234375 0.0375 0.01875 
0 0.4421875 0.44375 0.040625 0.015625 
0 0.44609375 0.4640625 0.0359375 0.01875 
0 0.4453125 0.48203125 0.0375 0.0140625 
