1 0.10078125 0.5703125 0.0765625 0.140625 
1 0.1515625 0.603125 0.071875 0.13125 
1 0.18671875 0.58671875 0.0796875 0.1453125 
1 0.23046875 0.58046875 0.0734375 0.1359375 
1 0.2703125 0.5671875 0.071875 0.140625 
1 0.30546875 0.703125 0.0703125 0.146875 
1 0.2671875 0.71640625 0.075 0.1453125 
1 0.23125 0.734375 0.071875 0.1375 
1 0.1921875 0.74140625 0.071875 0.1328125 
1 0.1484375 0.73125 0.08125 0.146875 
1 0.059375 0.73515625 0.075 0.1453125 
1 0.2203125 0.9453125 0.06875 0.109375 
1 0.02734375 0.7546875 0.0515625 0.13125 
1 0.0078125 0.75859375 0.0125 0.1296875 
1 0.3140625 0.94921875 0.1375 0.0671875 
1 0.4328125 0.7609375 0.10625 0.059375 
1 0.4015625 0.68984375 0.1375 0.0703125 
1 0.38984375 0.646875 0.1390625 0.078125 
1 0.37578125 0.61015625 0.1390625 0.0765625 
1 0.3625 0.571875 0.1375 0.06875 
1 0.35625 0.5328125 0.1375 0.075 
1 0.3078125 0.9078125 0.146875 0.075 
1 0.18125 0.95 0.06875 0.1 
1 0.08671875 0.96875 0.0578125 0.0625 
1 0.04765625 0.965625 0.0734375 0.06875 
1 0.00859375 0.97265625 0.0140625 0.0546875 
0 0.11796875 0.98125 0.0453125 0.0375 
0 0.14609375 0.978125 0.0390625 0.04375 
0 0.02265625 0.45390625 0.0421875 0.0328125 
0 0.1265625 0.31484375 0.059375 0.0390625 
0 0.94609375 0.18828125 0.0640625 0.0421875 
0 0.73359375 0.25625 0.0703125 0.046875 
0 0.6578125 0.2734375 0.059375 0.0375 
0 0.946875 0.4390625 0.0625 0.06875 
0 0.22734375 0.39765625 0.0640625 0.0390625 
0 0.53125 0.471875 0.053125 0.034375 
0 0.61015625 0.56328125 0.0296875 0.0546875 
0 0.65 0.54765625 0.05 0.0546875 
0 0.68203125 0.53359375 0.0578125 0.0609375 
0 0.7734375 0.496875 0.05625 0.065625 
0 0.7875 0.559375 0.0625 0.06875 
0 0.5578125 0.60625 0.065625 0.04375 
0 0.56328125 0.64140625 0.0578125 0.0421875 
0 0.596875 0.7671875 0.0625 0.040625 
1 0.85625 0.68828125 0.0875 0.0609375 
0 0.95234375 0.75546875 0.0546875 0.0578125 
0 0.75390625 0.878125 0.0671875 0.040625 
0 0.73515625 0.8203125 0.0703125 0.059375 
0 0.615625 0.8328125 0.071875 0.046875 
0 0.625 0.86875 0.071875 0.053125 
0 0.6390625 0.909375 0.075 0.053125 
0 0.81640625 0.6515625 0.0578125 0.046875 
0 0.875 0.6296875 0.075 0.05 
0 0.9796875 0.30703125 0.034375 0.0640625 
0 0.5859375 0.41875 0.040625 0.06875 
0 0.6484375 0.40390625 0.040625 0.0640625 
0 0.6796875 0.396875 0.04375 0.075 
0 0.709375 0.1609375 0.0625 0.040625 
0 0.8046875 0.23359375 0.071875 0.0453125 
0 0.30390625 0.37421875 0.0671875 0.0390625 
0 0.1671875 0.41015625 0.065625 0.0390625 
0 0.0125 0.353125 0.021875 0.040625 
0 0.06484375 0.33515625 0.0703125 0.0515625 
0 0.61953125 0.41640625 0.0421875 0.0640625 
0 0.55078125 0.42421875 0.0453125 0.0640625 
0 0.5734375 0.67265625 0.065625 0.0484375 
0 0.53046875 0.5078125 0.0578125 0.034375 
0 0.70859375 0.5921875 0.0421875 0.05 
0 0.73984375 0.5875 0.0484375 0.05625 
0 0.828125 0.54921875 0.046875 0.0546875 
0 0.85390625 0.540625 0.0515625 0.05625 
0 0.88671875 0.52734375 0.0546875 0.0640625 
0 0.92109375 0.51796875 0.0546875 0.0609375 
0 0.95390625 0.50703125 0.0515625 0.0609375 
0 0.8765625 0.46015625 0.059375 0.0671875 
0 0.80703125 0.484375 0.0546875 0.059375 
0 0.71171875 0.515625 0.0578125 0.0625 
0 0.54453125 0.540625 0.0546875 0.0375 
0 0.546875 0.57578125 0.065625 0.0484375 
0 0.759375 0.67578125 0.0625 0.0453125 
0 0.5875 0.7375 0.065625 0.04375 
0 0.65625 0.95078125 0.075 0.0578125 
0 0.5890625 0.70234375 0.06875 0.0515625 
0 0.7859375 0.740625 0.078125 0.05625 
0 0.67578125 0.609375 0.0515625 0.0625 
