1 0.5359375 0.14765625 0.06875 0.1328125 
1 0.25625 0.21015625 0.075 0.1390625 
1 0.31640625 0.33828125 0.1421875 0.0640625 
0 0.978125 0.940625 0.04375 0.040625 
0 0.9953125 0.33984375 0.009375 0.0671875 
0 0.990625 0.278125 0.01875 0.0625 
0 0.98671875 0.20078125 0.0265625 0.0609375 
0 0.34140625 0.371875 0.0640625 0.034375 
0 0.8953125 0.96953125 0.0625 0.0578125 
0 0.98046875 0.97109375 0.0390625 0.0359375 
1 0.32578125 0.4046875 0.1359375 0.05625 
0 0.9125 0.85703125 0.0625 0.0578125 
1 0.35078125 0.44765625 0.1359375 0.0578125 
1 0.35 0.48828125 0.140625 0.0546875 
1 0.3484375 0.5328125 0.140625 0.05 
1 0.35234375 0.57109375 0.1390625 0.0484375 
1 0.35234375 0.6078125 0.1390625 0.05625 
1 0.6484375 0.6375 0.053125 0.14375 
1 0.70625 0.6421875 0.05625 0.1375 
1 0.5328125 0.71015625 0.05 0.0765625 
1 0.8671875 0.04453125 0.053125 0.0859375 
0 0.8953125 0.81953125 0.071875 0.0515625 
0 0.8484375 0.7921875 0.03125 0.0625 
0 0.97265625 0.6421875 0.0359375 0.05625 
0 0.9765625 0.746875 0.046875 0.04375 
0 0.9796875 0.8375 0.040625 0.053125 
0 0.928125 0.965625 0.059375 0.0625 
