1 0.50859375 0.5703125 0.0765625 0.140625 
1 0.559375 0.603125 0.071875 0.13125 
1 0.59453125 0.58671875 0.0796875 0.1453125 
1 0.63828125 0.58046875 0.0734375 0.1359375 
1 0.678125 0.5671875 0.071875 0.140625 
1 0.71328125 0.703125 0.0703125 0.146875 
1 0.675 0.71640625 0.075 0.1453125 
1 0.6390625 0.734375 0.071875 0.1375 
1 0.6 0.74140625 0.071875 0.1328125 
1 0.55625 0.73125 0.08125 0.146875 
1 0.4671875 0.73515625 0.075 0.1453125 
1 0.628125 0.9453125 0.06875 0.109375 
1 0.42734375 0.7546875 0.0671875 0.13125 
1 0.3875 0.75859375 0.06875 0.1296875 
1 0.3453125 0.76015625 0.08125 0.1421875 
1 0.27109375 0.796875 0.0734375 0.1375 
1 0.2328125 0.81484375 0.071875 0.1390625 
1 0.184375 0.8 0.071875 0.134375 
1 0.1515625 0.65703125 0.0625 0.1078125 
1 0.721875 0.94921875 0.1375 0.0671875 
1 0.35234375 0.6171875 0.0703125 0.1375 
1 0.31015625 0.625 0.0734375 0.134375 
1 0.2734375 0.6375 0.065625 0.1375 
1 0.23125 0.640625 0.075 0.146875 
1 0.840625 0.7609375 0.10625 0.059375 
1 0.809375 0.68984375 0.1375 0.0703125 
1 0.79765625 0.646875 0.1390625 0.078125 
1 0.78359375 0.61015625 0.1390625 0.0765625 
1 0.7703125 0.571875 0.1375 0.06875 
1 0.7640625 0.5328125 0.1375 0.075 
1 0.715625 0.9078125 0.146875 0.075 
1 0.5890625 0.95 0.06875 0.1 
1 0.06796875 0.80078125 0.0890625 0.0578125 
1 0.06015625 0.7671875 0.1171875 0.06875 
1 0.06015625 0.721875 0.1203125 0.06875 
1 0.49453125 0.96875 0.0578125 0.0625 
1 0.07578125 0.83671875 0.0921875 0.0578125 
1 0.08046875 0.88125 0.1046875 0.065625 
1 0.09921875 0.91875 0.1109375 0.065625 
1 0.10390625 0.9609375 0.1078125 0.0625 
1 0.45546875 0.965625 0.0734375 0.06875 
1 0.38828125 0.97265625 0.0703125 0.0546875 
1 0.340625 0.975 0.059375 0.05 
1 0.11875 0.98125 0.134375 0.0375 
0 0.52578125 0.98125 0.0453125 0.0375 
0 0.55390625 0.978125 0.0390625 0.04375 
0 0.0078125 0.50859375 0.0125 0.0546875 
0 0.084375 0.4375 0.06875 0.040625 
0 0.4203125 0.45390625 0.0625 0.0328125 
0 0.534375 0.31484375 0.059375 0.0390625 
0 0.63515625 0.39765625 0.0640625 0.0390625 
0 0.9390625 0.471875 0.053125 0.034375 
0 0.965625 0.60625 0.065625 0.04375 
0 0.97109375 0.64140625 0.0578125 0.0421875 
0 0.98671875 0.7671875 0.0265625 0.040625 
0 0.99375 0.8328125 0.0125 0.046875 
0 0.98671875 0.41875 0.0265625 0.06875 
0 0.71171875 0.37421875 0.0671875 0.0390625 
0 0.575 0.41015625 0.065625 0.0390625 
0 0.221875 0.50625 0.059375 0.0375 
0 0.40078125 0.353125 0.0609375 0.040625 
0 0.47265625 0.33515625 0.0703125 0.0515625 
0 0.95859375 0.42421875 0.0453125 0.0640625 
0 0.97421875 0.67265625 0.0515625 0.0484375 
0 0.93828125 0.5078125 0.0578125 0.034375 
0 0.95234375 0.540625 0.0546875 0.0375 
0 0.9546875 0.57578125 0.065625 0.0484375 
0 0.98125 0.7375 0.0375 0.04375 
0 0.98125 0.70234375 0.0375 0.0515625 
