1 0.153125 0.86796875 0.075 0.0984375 
0 0.5640625 0.046875 0.09375 0.046875 
1 0.54765625 0.01953125 0.0859375 0.0359375 
0 0.47890625 0.04921875 0.0671875 0.0390625 
0 0.13046875 0.10390625 0.0703125 0.0734375 
0 0.84453125 0.51171875 0.0671875 0.0390625 
0 0.84765625 0.54140625 0.0671875 0.0390625 
0 0.33515625 0.62734375 0.0703125 0.0390625 
0 0.1125 0.88125 0.06875 0.103125 
0 0.084375 0.896875 0.071875 0.10625 
0 0.04765625 0.90546875 0.0703125 0.1046875 
0 0.0390625 0.83984375 0.075 0.0609375 
0 0.02734375 0.78046875 0.0515625 0.0453125 
0 0.15234375 0.95546875 0.0671875 0.0609375 
0 0.50859375 0.10234375 0.0328125 0.0609375 
0 0.41015625 0.1109375 0.0359375 0.053125 
0 0.38359375 0.11796875 0.0390625 0.0609375 
0 0.35390625 0.1203125 0.0421875 0.0625 
0 0.7703125 0.06640625 0.1 0.0453125 
1 0.46640625 0.64375 0.1234375 0.065625 
