1 0.91171875 0.80078125 0.0890625 0.0578125 
1 0.896875 0.7671875 0.13125 0.06875 
1 0.90390625 0.721875 0.1203125 0.06875 
1 0.7921875 0.7234375 0.065625 0.134375 
1 0.753125 0.73203125 0.06875 0.1328125 
1 0.7140625 0.74375 0.071875 0.134375 
1 0.6359375 0.7640625 0.071875 0.140625 
1 0.59375 0.77265625 0.065625 0.1328125 
1 0.5546875 0.78671875 0.06875 0.1359375 
1 0.51171875 0.79609375 0.0734375 0.1421875 
1 0.42734375 0.9890625 0.1421875 0.021875 
1 0.41171875 0.971875 0.1390625 0.05625 
1 0.39453125 0.89765625 0.1328125 0.0703125 
1 0.91953125 0.83671875 0.0921875 0.0578125 
1 0.92421875 0.88125 0.1046875 0.065625 
1 0.94296875 0.91875 0.1109375 0.065625 
1 0.946875 0.9609375 0.10625 0.0625 
1 0.94765625 0.98125 0.1046875 0.0375 
0 0.159375 0.73984375 0.065625 0.0421875 
0 0.58359375 0.85546875 0.0640625 0.0421875 
0 0.66484375 0.75625 0.0421875 0.059375 
0 0.03046875 0.91328125 0.0453125 0.0640625 
0 0.07578125 0.76328125 0.0703125 0.0453125 
0 0.3578125 0.6734375 0.065625 0.053125 
0 0.42578125 0.675 0.0578125 0.03125 
0 0.59453125 0.628125 0.0515625 0.0375 
0 0.81171875 0.50859375 0.0921875 0.0546875 
0 0.928125 0.4375 0.06875 0.040625 
0 0.72109375 0.8421875 0.0796875 0.05625 
0 0.4859375 0.57734375 0.046875 0.0296875 
0 0.73359375 0.59453125 0.0640625 0.0390625 
0 0.26171875 0.715625 0.0703125 0.040625 
1 0.36875 0.80234375 0.13125 0.0671875 
