1 0.14609375 0.36484375 0.1109375 0.0734375 
1 0.365625 0.3890625 0.090625 0.0625 
1 0.29140625 0.40546875 0.0921875 0.0515625 
1 0.23359375 0.16484375 0.1578125 0.0984375 
1 0.5375 0.28359375 0.134375 0.0921875 
1 0.4359375 0.28515625 0.11875 0.0796875 
1 0.34609375 0.25546875 0.0890625 0.0609375 
1 0.17578125 0.196875 0.1421875 0.09375 
0 0.69296875 0.58046875 0.0453125 0.0734375 
0 0.80703125 0.4390625 0.0828125 0.053125 
0 0.9484375 0.4828125 0.075 0.046875 
0 0.2921875 0.3453125 0.075 0.05 
0 0.2234375 0.321875 0.078125 0.05 
0 0.334375 0.20078125 0.078125 0.0484375 
0 0.0703125 0.165625 0.084375 0.05625 
0 0.01015625 0.29140625 0.0171875 0.0640625 
0 0.05625 0.328125 0.096875 0.065625 
0 0.9890625 0.64140625 0.021875 0.0640625 
0 0.021875 0.1046875 0.040625 0.059375 
0 0.16328125 0.334375 0.0734375 0.046875 
0 0.075 0.1359375 0.071875 0.05 
0 0.12109375 0.11328125 0.0671875 0.0515625 
0 0.01953125 0.1421875 0.0359375 0.040625 
1 0.97109375 0.19609375 0.0578125 0.0890625 
1 0.9859375 0.1328125 0.028125 0.078125 
1 0.98515625 0.0796875 0.0296875 0.084375 
1 0.9515625 0.03359375 0.096875 0.0640625 
1 0.56640625 0.1328125 0.1828125 0.096875 
1 0.54453125 0.3359375 0.1234375 0.084375 
