1 0.4390625 0.45859375 0.146875 0.0859375 
1 0.3015625 0.41015625 0.15 0.0953125 
1 0.16640625 0.3546875 0.1515625 0.1 
1 0.175 0.66484375 0.109375 0.1453125 
0 0.48984375 0.40859375 0.0734375 0.0515625 
1 0.11875 0.66328125 0.115625 0.1484375 
1 0.07421875 0.6453125 0.1171875 0.146875 
1 0.04453125 0.625 0.0859375 0.15 
1 0.02421875 0.6 0.0453125 0.15625 
0 0.9921875 0.61953125 0.015625 0.0734375 
0 0.59375 0.5375 0.0625 0.059375 
0 0.65390625 0.53828125 0.0328125 0.0609375 
0 0.225 0.57578125 0.059375 0.0296875 
0 0.7046875 0.55546875 0.053125 0.0921875 
0 0.3515625 0.65390625 0.04375 0.0734375 
0 0.0734375 0.29921875 0.071875 0.0390625 
1 0.02734375 0.15546875 0.0515625 0.0984375 
1 0.175 0.23125 0.1875 0.1125 
1 0.390625 0.30625 0.1875 0.103125 
1 0.2703125 0.4625 0.25625 0.128125 
1 0.08984375 0.390625 0.1515625 0.096875 
