1 0.23515625 0.31484375 0.0765625 0.0421875 
1 0.24296875 0.34765625 0.0890625 0.0390625 
1 0.14609375 0.2578125 0.1015625 0.05 
1 0.45390625 0.49765625 0.0921875 0.0453125 
1 0.54609375 0.50859375 0.0921875 0.0421875 
1 0.57265625 0.54296875 0.0921875 0.0421875 
1 0.578125 0.5765625 0.1 0.04375 
1 0.48046875 0.53359375 0.0921875 0.0390625 
1 0.48203125 0.5625 0.0921875 0.04375 
1 0.51953125 0.70078125 0.1203125 0.0421875 
1 0.5171875 0.74375 0.125 0.046875 
1 0.5109375 0.7828125 0.115625 0.04375 
1 0.50859375 0.8640625 0.1171875 0.04375 
1 0.809375 0.915625 0.040625 0.096875 
1 0.6328125 0.9734375 0.05625 0.053125 
1 0.50859375 0.965625 0.0609375 0.06875 
1 0.46640625 0.9625 0.0578125 0.075 
1 0.47890625 0.90078125 0.1171875 0.0421875 
1 0.35546875 0.89375 0.1171875 0.053125 
1 0.21328125 0.875 0.1265625 0.053125 
1 0.20078125 0.91484375 0.1296875 0.0484375 
1 0.19609375 0.953125 0.1296875 0.046875 
1 0.19296875 0.984375 0.1296875 0.03125 
1 0.28125 0.97890625 0.046875 0.0421875 
1 0.31484375 0.29375 0.0796875 0.05 
1 0.78515625 0.86328125 0.0421875 0.0984375 
1 0.42578125 0.97890625 0.0453125 0.0421875 
1 0.85625 0.4265625 0.053125 0.1125 
1 0.32890625 0.33203125 0.0859375 0.0421875 
1 0.41953125 0.37734375 0.0390625 0.0984375 
1 0.46484375 0.34921875 0.0421875 0.0953125 
1 0.4546875 0.4375 0.040625 0.090625 
1 0.4953125 0.4015625 0.053125 0.153125 
1 0.53828125 0.40546875 0.0484375 0.1515625 
1 0.575 0.40703125 0.053125 0.1546875 
1 0.61171875 0.4125 0.0546875 0.159375 
1 0.65234375 0.42265625 0.0546875 0.1640625 
1 0.69140625 0.42578125 0.0546875 0.1515625 
1 0.73125 0.4359375 0.053125 0.15625 
1 0.7703125 0.43671875 0.053125 0.1546875 
1 0.8125 0.43984375 0.05 0.1515625 
1 0.89921875 0.4328125 0.0421875 0.103125 
1 0.796875 0.7671875 0.040625 0.090625 
1 0.93359375 0.43671875 0.0453125 0.1046875 
1 0.9015625 0.5046875 0.096875 0.046875 
1 0.8890625 0.53515625 0.096875 0.0453125 
1 0.8875 0.56953125 0.09375 0.0359375 
1 0.86796875 0.60625 0.1109375 0.040625 
1 0.86328125 0.64296875 0.1109375 0.0453125 
1 0.85859375 0.68125 0.1046875 0.046875 
1 0.871875 0.71484375 0.096875 0.0453125 
1 0.865625 0.7515625 0.10625 0.046875 
1 0.86171875 0.7875 0.0984375 0.04375 
1 0.85859375 0.82421875 0.0953125 0.0484375 
1 0.7984375 0.57265625 0.04375 0.0921875 
1 0.7875 0.67109375 0.04375 0.0984375 
1 0.38984375 0.978125 0.0421875 0.04375 
0 0.015625 0.21015625 0.028125 0.0671875 
0 0.06328125 0.2375 0.0703125 0.053125 
0 0.159375 0.29140625 0.05625 0.0296875 
0 0.328125 0.22109375 0.046875 0.0234375 
0 0.30234375 0.24140625 0.0515625 0.0265625 
0 0.12109375 0.19296875 0.0640625 0.0390625 
0 0.11328125 0.15078125 0.0640625 0.0390625 
0 0.94296875 0.8890625 0.0578125 0.03125 
0 0.96015625 0.76328125 0.0609375 0.0421875 
0 0.94296875 0.91875 0.0546875 0.025 
0 0.93671875 0.95078125 0.0578125 0.0296875 
0 0.959375 0.66484375 0.0625 0.0421875 
0 0.96953125 0.6359375 0.0578125 0.040625 
0 0.96875 0.70625 0.05625 0.0375 
0 0.95703125 0.803125 0.0640625 0.034375 
1 0.3421875 0.36484375 0.090625 0.0484375 
