1 0.7453125 0.07109375 0.1125 0.1390625 
1 0.81796875 0.0953125 0.1109375 0.190625 
1 0.88359375 0.315625 0.2234375 0.18125 
1 0.89609375 0.39140625 0.0859375 0.0609375 
1 0.6328125 0.40390625 0.084375 0.0453125 
1 0.88671875 0.48125 0.2234375 0.13125 
1 0.86875 0.5203125 0.24375 0.134375 
1 0.01953125 0.04765625 0.0359375 0.0921875 
0 0.80546875 0.64296875 0.0640625 0.0484375 
0 0.89296875 0.7015625 0.0671875 0.046875 
0 0.21484375 0.96796875 0.0734375 0.0546875 
0 0.02109375 0.86953125 0.0390625 0.0546875 
0 0.25390625 0.4984375 0.0484375 0.0625 
0 0.19609375 0.4734375 0.0484375 0.053125 
0 0.18984375 0.35390625 0.0609375 0.0453125 
0 0.025 0.2890625 0.046875 0.040625 
0 0.96328125 0.7359375 0.0609375 0.046875 
0 0.37734375 0.43828125 0.0703125 0.0515625 
0 0.7515625 0.284375 0.053125 0.075 
0 0.9515625 0.15 0.065625 0.0375 
0 0.9390625 0.0859375 0.059375 0.05 
0 0.07578125 0.9078125 0.0734375 0.053125 
0 0.1046875 0.3203125 0.059375 0.046875 
0 0.30078125 0.40546875 0.0609375 0.0484375 
0 0.3296875 0.42265625 0.059375 0.0484375 
0 0.4078125 0.453125 0.065625 0.05 
0 0.9296875 0.0265625 0.04375 0.05 
0 0.14296875 0.33828125 0.0703125 0.0515625 
1 0.90390625 0.16953125 0.0421875 0.0796875 
0 0.8484375 0.6765625 0.065625 0.053125 
1 0.68359375 0.49921875 0.0765625 0.0609375 
1 0.5890625 0.4828125 0.078125 0.071875 
0 0.265625 0.3859375 0.071875 0.053125 
