1 0.51015625 0.534375 0.0453125 0.0875 
1 0.546875 0.53515625 0.0375 0.0859375 
1 0.5859375 0.52578125 0.0375 0.0859375 
1 0.4703125 0.51328125 0.040625 0.0859375 
1 0.5421875 0.4453125 0.0375 0.0875 
1 0.50546875 0.44609375 0.0421875 0.0890625 
1 0.459375 0.39140625 0.04375 0.0828125 
1 0.58125 0.296875 0.04375 0.0875 
1 0.5015625 0.2953125 0.0375 0.0875 
1 0.6015625 0.7296875 0.04375 0.09375 
1 0.46015625 0.2578125 0.0484375 0.1375 
1 0.3578125 0.30625 0.046875 0.103125 
1 0.2859375 0.309375 0.05625 0.090625 
1 0.78203125 0.2 0.0453125 0.084375 
1 0.73984375 0.20078125 0.0453125 0.0921875 
1 0.696875 0.2015625 0.046875 0.0875 
1 0.6578125 0.2046875 0.04375 0.09375 
1 0.61796875 0.20859375 0.0453125 0.0859375 
1 0.5765625 0.20859375 0.0375 0.0890625 
1 0.5609375 0.7328125 0.04375 0.090625 
1 0.51484375 0.821875 0.0453125 0.0875 
1 0.553125 0.82265625 0.04375 0.0859375 
1 0.5921875 0.82734375 0.040625 0.0859375 
0 0.2796875 0.65390625 0.0375 0.0703125 
0 0.68828125 0.03046875 0.0328125 0.0546875 
0 0.884375 0.04296875 0.04375 0.0640625 
0 0.98203125 0.171875 0.0359375 0.065625 
0 0.21640625 0.29375 0.0296875 0.059375 
0 0.375 0.66171875 0.034375 0.0640625 
0 0.3109375 0.66328125 0.03125 0.0515625 
0 0.34453125 0.66484375 0.0265625 0.0546875 
1 0.325 0.715625 0.096875 0.034375 
0 0.284375 0.4421875 0.034375 0.0625 
1 0.01015625 0.9015625 0.0171875 0.103125 
1 0.14609375 0.98046875 0.0859375 0.0390625 
0 0.3453125 0.43203125 0.03125 0.0578125 
0 0.34609375 0.51640625 0.0328125 0.0609375 
0 0.31640625 0.5265625 0.0359375 0.065625 
0 0.2859375 0.5234375 0.03125 0.06875 
0 0.42109375 0.0484375 0.0328125 0.06875 
0 0.35078125 0.0546875 0.0390625 0.078125 
0 0.8390625 0.19765625 0.03125 0.0703125 
1 0.53828125 0.2078125 0.0390625 0.084375 
