0 0.1375 0.59296875 0.0375 0.0734375 
0 0.65078125 0.38359375 0.0421875 0.0640625 
0 0.83671875 0.1203125 0.0671875 0.028125 
0 0.99296875 0.403125 0.0140625 0.059375 
0 0.83046875 0.0109375 0.0796875 0.01875 
1 0.45 0.19765625 0.05625 0.1046875 
1 0.4171875 0.1921875 0.05625 0.1 
0 0.38515625 0.17890625 0.0390625 0.0734375 
0 0.3546875 0.17109375 0.040625 0.0640625 
0 0.7640625 0.25625 0.040625 0.0625 
0 0.7984375 0.26640625 0.040625 0.0734375 
1 0.4421875 0.36484375 0.05625 0.1046875 
1 0.48203125 0.37265625 0.0515625 0.1046875 
1 0.55546875 0.38046875 0.0515625 0.1046875 
1 0.5921875 0.371875 0.046875 0.103125 
1 0.68984375 0.39375 0.0484375 0.090625 
1 0.75625 0.4078125 0.059375 0.10625 
1 0.78984375 0.415625 0.0453125 0.078125 
1 0.8578125 0.40625 0.059375 0.109375 
1 0.89453125 0.4140625 0.0546875 0.109375 
1 0.93046875 0.42578125 0.0453125 0.1046875 
1 0.96640625 0.4328125 0.0421875 0.096875 
