0 0.04296875 0.1203125 0.0671875 0.028125 
0 0.29765625 0.41328125 0.0390625 0.0640625 
0 0.21015625 0.403125 0.0359375 0.059375 
0 0.77421875 0.875 0.0609375 0.06875 
1 0.76015625 0.3734375 0.1109375 0.090625 
0 0.871875 0.7359375 0.053125 0.059375 
0 0.9078125 0.7640625 0.053125 0.065625 
0 0.83125 0.8 0.05 0.053125 
0 0.97109375 0.803125 0.0546875 0.06875 
0 0.934375 0.85625 0.05 0.05625 
1 0.5109375 0.45703125 0.059375 0.1078125 
1 0.66875 0.4625 0.053125 0.09375 
1 0.5828125 0.3265625 0.05 0.103125 
0 0.0390625 0.0109375 0.075 0.01875 
0 0.01328125 0.26640625 0.0234375 0.0734375 
1 0.01015625 0.415625 0.0171875 0.078125 
1 0.0640625 0.40625 0.059375 0.109375 
1 0.10078125 0.4140625 0.0546875 0.109375 
1 0.13671875 0.42578125 0.0453125 0.1046875 
1 0.17265625 0.4328125 0.0421875 0.096875 
1 0.46015625 0.2921875 0.0515625 0.090625 
