0 0.496875 0.14375 0.059375 0.03125 
0 0.6578125 0.1859375 0.0625 0.05 
0 0.584375 0.3359375 0.065625 0.05625 
0 0.675 0.49140625 0.05 0.0640625 
0 0.62265625 0.584375 0.0578125 0.075 
0 0.3640625 0.1125 0.05625 0.03125 
0 0.60234375 0.73984375 0.0546875 0.0296875 
0 0.5 0.76953125 0.065625 0.0703125 
0 0.415625 0.875 0.046875 0.05625 
0 0.828125 0.29375 0.053125 0.06875 
0 0.8015625 0.37109375 0.046875 0.0703125 
0 0.76171875 0.596875 0.0421875 0.065625 
0 0.31171875 0.8734375 0.0671875 0.065625 
0 0.2921875 0.7890625 0.059375 0.0625 
0 0.19296875 0.90625 0.0515625 0.059375 
0 0.01484375 0.8828125 0.0265625 0.06875 
0 0.146875 0.0078125 0.0625 0.0125 
0 0.09375 0.034375 0.065625 0.034375 
0 0.1140625 0.30859375 0.065625 0.0328125 
