0 0.9609375 0.33125 0.06875 0.065625 
0 0.5609375 0.75078125 0.06875 0.0703125 
0 0.5875 0.728125 0.06875 0.071875 
0 0.6421875 0.68125 0.075 0.071875 
0 0.00703125 0.1140625 0.0109375 0.065625 
0 0.13125 0.6765625 0.075 0.071875 
0 0.15390625 0.64921875 0.0609375 0.0609375 
0 0.2046875 0.60078125 0.065625 0.0671875 
0 0.24375 0.54296875 0.065625 0.0640625 
0 0.2921875 0.4984375 0.065625 0.065625 
0 0.34296875 0.44921875 0.0734375 0.0734375 
0 0.36484375 0.4234375 0.0703125 0.06875 
0 0.3921875 0.40234375 0.059375 0.0578125 
0 0.3125 0.375 0.078125 0.065625 
0 0.340625 0.35 0.075 0.065625 
0 0.171875 0.52421875 0.065625 0.0671875 
0 0.034375 0.44921875 0.065625 0.0671875 
0 0.1 0.37578125 0.071875 0.0703125 
0 0.1296875 0.35234375 0.08125 0.0796875 
0 0.15078125 0.32109375 0.0703125 0.0671875 
0 0.1796875 0.3 0.0625 0.065625 
0 0.20078125 0.26875 0.0703125 0.06875 
0 0.05 0.278125 0.06875 0.06875 
0 0.07421875 0.25 0.0734375 0.075 
0 0.0953125 0.221875 0.071875 0.065625 
0 0.12734375 0.2 0.0703125 0.06875 
0 0.1 0.7015625 0.0875 0.08125 
0 0.5046875 0.4953125 0.06875 0.059375 
0 0.47734375 0.525 0.0703125 0.06875 
0 0.4515625 0.54921875 0.071875 0.0703125 
0 0.15 0.02578125 0.06875 0.0484375 
0 0.04140625 0.96796875 0.0546875 0.0640625 
0 0.17109375 0.92890625 0.0484375 0.0765625 
0 0.23203125 0.9078125 0.0546875 0.075 
0 0.2984375 0.8796875 0.059375 0.084375 
0 0.42421875 0.83125 0.0546875 0.078125 
0 0.49609375 0.8140625 0.0546875 0.075 
0 0.3625 0.659375 0.071875 0.06875 
0 0.40859375 0.6078125 0.0703125 0.065625 
0 0.42890625 0.5765625 0.0640625 0.065625 
