0 0.3734375 0.53359375 0.059375 0.0609375 
0 0.39375 0.5046875 0.0625 0.059375 
0 0.36328125 0.43203125 0.0546875 0.0515625 
0 0.4375 0.45703125 0.071875 0.0671875 
0 0.11484375 0.48046875 0.0609375 0.0609375 
0 0.1875 0.40390625 0.0625 0.0671875 
0 0.2109375 0.3765625 0.065625 0.065625 
0 0.2328125 0.353125 0.0625 0.0625 
0 0.25703125 0.3234375 0.0640625 0.0625 
0 0.4078125 0.37734375 0.06875 0.0640625 
0 0.31953125 0.24921875 0.0671875 0.0640625 
0 0.55859375 0.321875 0.0765625 0.075 
0 0.48515625 0.2984375 0.0703125 0.06875 
0 0.50390625 0.26875 0.0640625 0.059375 
0 0.52734375 0.24375 0.0671875 0.0625 
0 0.60234375 0.26640625 0.0734375 0.0734375 
0 0.65234375 0.2171875 0.0671875 0.065625 
0 0.56953125 0.1921875 0.0640625 0.065625 
0 0.6015625 0.171875 0.071875 0.06875 
0 0.015625 0.3625 0.028125 0.078125 
0 0.0390625 0.31484375 0.06875 0.0671875 
0 0.0875 0.26484375 0.078125 0.0734375 
0 0.2875 0.51015625 0.071875 0.0640625 
0 0.34140625 0.5578125 0.0765625 0.075 
0 0.31796875 0.5828125 0.0734375 0.06875 
0 0.29453125 0.61328125 0.0765625 0.0671875 
1 0.01328125 0.80703125 0.0234375 0.1359375 
0 0.5796875 0.7796875 0.065625 0.06875 
0 0.671875 0.76171875 0.06875 0.0703125 
0 0.2671875 0.6359375 0.071875 0.065625 
0 0.1078125 0.23515625 0.078125 0.0796875 
0 0.178125 0.16171875 0.0625 0.0640625 
0 0.20625 0.13984375 0.075 0.0671875 
0 0.71875 0.0421875 0.071875 0.071875 
0 0.86796875 0.00703125 0.0703125 0.0109375 
0 0.853125 0.02421875 0.065625 0.0453125 
0 0.76796875 0.01328125 0.0734375 0.0234375 
0 0.80625 0.075 0.075 0.071875 
0 0.7484375 0.02890625 0.078125 0.0546875 
0 0.775 0.0953125 0.059375 0.059375 
0 0.69453125 0.07109375 0.0640625 0.0609375 
0 0.990625 0.06328125 0.01875 0.0671875 
0 0.01328125 0.14140625 0.0234375 0.0703125 
0 0.034375 0.0859375 0.065625 0.06875 
0 0.025 0.0265625 0.046875 0.05 
0 0.10390625 0.0203125 0.0734375 0.0375 
0 0.1265625 0.009375 0.071875 0.015625 
0 0.67265625 0.5203125 0.0703125 0.06875 
0 0.55234375 0.01484375 0.0640625 0.0265625 
0 0.9734375 0.0828125 0.053125 0.06875 
0 0.93046875 0.13828125 0.0734375 0.0703125 
0 0.9671875 0.20546875 0.065625 0.0671875 
0 0.72109375 0.4734375 0.0703125 0.06875 
0 0.69296875 0.3984375 0.0703125 0.065625 
0 0.740625 0.43671875 0.0625 0.0609375 
0 0.78828125 0.39140625 0.0671875 0.0640625 
0 0.78671875 0.28984375 0.0609375 0.0546875 
0 0.86328125 0.31015625 0.0703125 0.0671875 
0 0.7890625 0.6328125 0.075 0.06875 
0 0.8 0.59453125 0.0625 0.0640625 
0 0.884375 0.52890625 0.084375 0.0796875 
0 0.96015625 0.55 0.0796875 0.075 
0 0.9265625 0.4703125 0.071875 0.06875 
0 0.99375 0.6921875 0.0125 0.065625 
0 0.9734375 0.8328125 0.053125 0.0625 
1 0.98203125 0.940625 0.0359375 0.11875 
