0 0.69609375 0.9140625 0.0671875 0.065625 
0 0.684375 0.9546875 0.071875 0.06875 
0 0.46171875 0.9375 0.0546875 0.06875 
0 0.9921875 0.79375 0.015625 0.0625 
0 0.9796875 0.82109375 0.040625 0.0609375 
0 0.9421875 0.875 0.06875 0.0625 
0 0.90078125 0.9296875 0.0671875 0.065625 
0 0.98125 0.925 0.0375 0.071875 
0 0.95703125 0.93515625 0.0734375 0.0734375 
0 0.7984375 0.83203125 0.075 0.0703125 
0 0.84140625 0.79296875 0.0765625 0.0796875 
1 0.22109375 0.65 0.0859375 0.084375 
0 0.22109375 0.5546875 0.0734375 0.078125 
0 0.6796875 0.0734375 0.078125 0.06875 
0 0.74453125 0.10625 0.0515625 0.0625 
0 0.35703125 0.1171875 0.0796875 0.071875 
0 0.04140625 0.06015625 0.0703125 0.0703125 
0 0.0859375 0.1890625 0.040625 0.078125 
0 0.92265625 0.32421875 0.0734375 0.0546875 
0 0.25703125 0.53203125 0.0671875 0.0703125 
0 0.2421875 0.42578125 0.053125 0.0640625 
0 0.19921875 0.459375 0.0578125 0.0625 
0 0.17109375 0.50078125 0.0578125 0.0546875 
0 0.1921875 0.20703125 0.05625 0.0578125 
0 0.6078125 0.03125 0.06875 0.059375 
