0 0.3609375 0.70234375 0.0625 0.0328125 
0 0.365625 0.75234375 0.065625 0.0296875 
0 0.36484375 0.8 0.0609375 0.034375 
0 0.15078125 0.84375 0.0578125 0.034375 
0 0.01484375 0.9109375 0.0265625 0.03125 
0 0.0625 0.9328125 0.03125 0.0625 
0 0.01484375 0.94375 0.0265625 0.028125 
0 0.01484375 0.97578125 0.0265625 0.0296875 
0 0.1375 0.9140625 0.0625 0.03125 
0 0.13984375 0.94609375 0.0578125 0.0328125 
0 0.1390625 0.975 0.053125 0.028125 
0 0.20546875 0.91484375 0.0609375 0.0359375 
0 0.20390625 0.946875 0.0609375 0.034375 
0 0.2015625 0.978125 0.053125 0.028125 
0 0.14140625 0.9953125 0.0640625 0.009375 
0 0.20546875 0.99453125 0.0578125 0.0109375 
0 0.209375 0.76875 0.034375 0.06875 
0 0.0890625 0.7859375 0.034375 0.059375 
0 0.0578125 0.77890625 0.03125 0.0703125 
0 0.34375 0.91328125 0.0625 0.0328125 
0 0.40703125 0.91640625 0.0640625 0.0296875 
0 0.3421875 0.946875 0.059375 0.034375 
0 0.409375 0.946875 0.0625 0.034375 
0 0.3375 0.98046875 0.05625 0.0328125 
0 0.40859375 0.98125 0.0640625 0.03125 
0 0.99375 0.71875 0.0125 0.0625 
0 0.665625 0.521875 0.03125 0.0625 
0 0.54375 0.37734375 0.03125 0.0703125 
0 0.57578125 0.38046875 0.0390625 0.0734375 
0 0.6125 0.3765625 0.03125 0.0625 
0 0.64921875 0.3796875 0.0296875 0.0625 
0 0.5390625 0.5140625 0.03125 0.0625 
0 0.50859375 0.57734375 0.0296875 0.0578125 
0 0.571875 0.509375 0.028125 0.059375 
0 0.54453125 0.58359375 0.0296875 0.0703125 
0 0.57734375 0.58359375 0.0296875 0.0609375 
0 0.60546875 0.51484375 0.0296875 0.0671875 
0 0.60546875 0.58125 0.0328125 0.065625 
0 0.6359375 0.51875 0.03125 0.065625 
0 0.63359375 0.58046875 0.0296875 0.0578125 
0 0.67109375 0.58515625 0.0328125 0.0609375 
0 0.97578125 0.72265625 0.0296875 0.0609375 
0 0.69140625 0.01796875 0.0609375 0.0359375 
0 0.67890625 0.04609375 0.0609375 0.0296875 
0 0.68125 0.07890625 0.065625 0.0328125 
0 0.684375 0.11015625 0.0625 0.0328125 
0 0.40546875 0.559375 0.0328125 0.06875 
0 0.50390625 0.40546875 0.0421875 0.0640625 
0 0.6265625 0.28046875 0.028125 0.0640625 
0 0.59375 0.27734375 0.028125 0.0703125 
0 0.37265625 0.0671875 0.0609375 0.034375 
0 0.52421875 0.009375 0.0578125 0.015625 
0 0.525 0.0328125 0.0625 0.03125 
0 0.525 0.06328125 0.065625 0.0328125 
0 0.52734375 0.0953125 0.0578125 0.03125 
0 0.52890625 0.125 0.0703125 0.034375 
0 0.46015625 0.17578125 0.0328125 0.0671875 
0 0.5546875 0.2796875 0.03125 0.06875 
0 0.68046875 0.1421875 0.0640625 0.034375 
0 0.6828125 0.1859375 0.0625 0.034375 
0 0.67890625 0.221875 0.0734375 0.034375 
0 0.68671875 0.38125 0.0328125 0.065625 
0 0.76015625 0.38125 0.0296875 0.065625 
0 0.79609375 0.38203125 0.0296875 0.0671875 
0 0.83125 0.3765625 0.03125 0.059375 
0 0.86953125 0.37734375 0.0296875 0.0515625 
0 0.903125 0.38203125 0.03125 0.0640625 
0 0.94296875 0.37734375 0.0296875 0.0578125 
0 0.69453125 0.51875 0.0328125 0.065625 
0 0.76015625 0.52109375 0.0328125 0.0703125 
0 0.79375 0.51640625 0.034375 0.0640625 
0 0.825 0.5125 0.03125 0.06875 
0 0.85390625 0.5171875 0.0296875 0.059375 
0 0.69765625 0.5890625 0.0296875 0.059375 
0 0.728125 0.584375 0.03125 0.065625 
0 0.75703125 0.58515625 0.0328125 0.0640625 
0 0.7875 0.58515625 0.03125 0.0640625 
0 0.82265625 0.57890625 0.0328125 0.0640625 
0 0.853125 0.584375 0.034375 0.0625 
0 0.98828125 0.42734375 0.0234375 0.0328125 
0 0.98359375 0.459375 0.0328125 0.03125 
0 0.98515625 0.4921875 0.0296875 0.03125 
0 0.98046875 0.5515625 0.0390625 0.03125 
0 0.9796875 0.584375 0.040625 0.034375 
0 0.75859375 0.71796875 0.0328125 0.0671875 
0 0.81640625 0.715625 0.0296875 0.05625 
0 0.84765625 0.721875 0.0296875 0.06875 
0 0.87890625 0.72109375 0.0328125 0.0640625 
0 0.94375 0.7265625 0.03125 0.059375 
0 0.7234375 0.378125 0.03125 0.05625 
0 0.50703125 0.72109375 0.0328125 0.0671875 
0 0.57109375 0.725 0.0328125 0.05625 
0 0.60078125 0.7234375 0.0265625 0.05625 
0 0.63046875 0.7203125 0.0296875 0.05625 
0 0.6625 0.7171875 0.03125 0.05625 
0 0.69453125 0.7265625 0.0328125 0.065625 
0 0.7265625 0.71953125 0.028125 0.0578125 
0 0.94140625 0.97890625 0.0296875 0.0421875 
0 0.9703125 0.97734375 0.03125 0.0453125 
0 0.9921875 0.97578125 0.015625 0.0484375 
0 0.3703125 0.11484375 0.071875 0.0359375 
0 0.90859375 0.978125 0.0328125 0.04375 
0 0.8765625 0.9765625 0.03125 0.046875 
0 0.84609375 0.978125 0.0296875 0.04375 
0 0.56875 0.784375 0.03125 0.0625 
0 0.63203125 0.784375 0.0328125 0.0625 
0 0.66484375 0.78828125 0.0359375 0.0703125 
0 0.696875 0.78828125 0.03125 0.0578125 
0 0.725 0.7828125 0.034375 0.059375 
0 0.5296875 0.97578125 0.028125 0.0484375 
0 0.4671875 0.990625 0.03125 0.01875 
0 0.5640625 0.9734375 0.03125 0.053125 
0 0.5984375 0.9765625 0.03125 0.046875 
0 0.63046875 0.97578125 0.0296875 0.0484375 
0 0.66171875 0.9765625 0.0328125 0.046875 
0 0.721875 0.9765625 0.03125 0.046875 
0 0.6921875 0.921875 0.03125 0.059375 
0 0.6609375 0.91796875 0.034375 0.0609375 
0 0.628125 0.9203125 0.034375 0.059375 
0 0.75546875 0.97734375 0.0296875 0.0453125 
0 0.60078125 0.78828125 0.0328125 0.0640625 
0 0.5359375 0.78125 0.034375 0.0625 
0 0.8171875 0.975 0.03125 0.05 
0 0.75703125 0.784375 0.0328125 0.0625 
0 0.7875 0.7796875 0.028125 0.046875 
0 0.81953125 0.78203125 0.0296875 0.0546875 
0 0.85 0.78828125 0.03125 0.0546875 
0 0.88046875 0.78671875 0.0328125 0.0578125 
0 0.909375 0.78046875 0.028125 0.0515625 
0 0.94375 0.7875 0.03125 0.065625 
0 0.97578125 0.7890625 0.0265625 0.053125 
0 0.940625 0.92265625 0.03125 0.0578125 
0 0.90703125 0.92265625 0.0296875 0.0640625 
0 0.875 0.91875 0.034375 0.06875 
0 0.81796875 0.9140625 0.0359375 0.06875 
0 0.7875 0.915625 0.03125 0.06875 
0 0.75703125 0.92265625 0.0296875 0.0546875 
0 0.7875 0.97578125 0.03125 0.0484375 
