0 0.578125 0.81796875 0.05 0.0546875 
0 0.41796875 0.9203125 0.0703125 0.06875 
0 0.396875 0.94921875 0.053125 0.0546875 
0 0.446875 0.984375 0.06875 0.03125 
0 0.3703125 0.96875 0.071875 0.0625 
0 0.34453125 0.9828125 0.0671875 0.034375 
0 0.409375 0.69609375 0.071875 0.0796875 
0 0.21171875 0.9 0.0703125 0.071875 
0 0.06796875 0.35546875 0.0734375 0.0484375 
0 0.38046875 0.27421875 0.0703125 0.0515625 
0 0.69375 0.12109375 0.075 0.0609375 
0 0.009375 0.68984375 0.015625 0.0734375 
0 0.0453125 0.696875 0.040625 0.071875 
0 0.09296875 0.6890625 0.0421875 0.071875 
0 0.14453125 0.6890625 0.0359375 0.06875 
0 0.18984375 0.68359375 0.0359375 0.0734375 
0 0.2453125 0.66796875 0.040625 0.0671875 
0 0.29921875 0.6625 0.0359375 0.065625 
0 0.3453125 0.66015625 0.040625 0.0671875 
0 0.153125 0.89140625 0.059375 0.0609375 
0 0.10078125 0.9375 0.0671875 0.065625 
0 0.07578125 0.96796875 0.0640625 0.0640625 
0 0.0328125 0.99296875 0.0625 0.0140625 
1 0.1421875 0.18515625 0.053125 0.0921875 
1 0.31953125 0.12109375 0.0703125 0.0921875 
