1 0.24609375 0.01171875 0.1359375 0.0203125 
1 0.15859375 0.084375 0.0890625 0.06875 
1 0.75 0.43203125 0.0875 0.1421875 
1 0.80078125 0.4125 0.0828125 0.14375 
1 0.8484375 0.38046875 0.0875 0.1421875 
1 0.90859375 0.36328125 0.1046875 0.1421875 
0 0.771875 0.06953125 0.0875 0.0546875 
1 0.321875 0.0953125 0.11875 0.08125 
1 0.32265625 0.14140625 0.1171875 0.0796875 
1 0.3265625 0.18828125 0.121875 0.0765625 
1 0.45859375 0.0375 0.1234375 0.071875 
1 0.4734375 0.0828125 0.140625 0.084375 
1 0.47265625 0.134375 0.1421875 0.0875 
1 0.484375 0.17421875 0.128125 0.0765625 
1 0.59453125 0.184375 0.1296875 0.075 
1 0.60234375 0.23203125 0.1203125 0.0765625 
1 0.615625 0.278125 0.13125 0.090625 
1 0.4671875 0.24921875 0.125 0.0734375 
1 0.49453125 0.2890625 0.1109375 0.075 
1 0.50234375 0.34140625 0.1171875 0.0859375 
1 0.35078125 0.29921875 0.1203125 0.0890625 
1 0.35859375 0.234375 0.1203125 0.078125 
