0 0.76328125 0.378125 0.0703125 0.053125 
0 0.83046875 0.3921875 0.0765625 0.059375 
0 0.57578125 0.3703125 0.1109375 0.084375 
0 0.50234375 0.34921875 0.0796875 0.0640625 
0 0.75 0.43984375 0.065625 0.0546875 
0 0.75546875 0.53828125 0.0734375 0.0484375 
0 0.66484375 0.48828125 0.0765625 0.0609375 
0 0.5515625 0.496875 0.075 0.059375 
0 0.59140625 0.53046875 0.0703125 0.0578125 
0 0.61640625 0.6328125 0.0640625 0.053125 
0 0.49609375 0.58203125 0.0765625 0.0578125 
0 0.4828125 0.665625 0.075 0.053125 
0 0.4390625 0.55625 0.06875 0.059375 
0 0.35 0.58203125 0.06875 0.0546875 
0 0.37265625 0.6296875 0.0734375 0.05 
0 0.19765625 0.64453125 0.1046875 0.0671875 
0 0.28671875 0.6640625 0.0703125 0.053125 
0 0.28671875 0.73828125 0.0703125 0.0515625 
0 0.2078125 0.70390625 0.078125 0.0546875 
0 0.11953125 0.78046875 0.0703125 0.0484375 
0 0.03046875 0.76953125 0.0578125 0.0578125 
0 0.1234375 0.92734375 0.053125 0.0765625 
0 0.04375 0.9484375 0.05625 0.075 
0 0.0078125 0.96953125 0.0125 0.0609375 
0 0.57890625 0.590625 0.0765625 0.0625 
0 0.04140625 0.13125 0.0546875 0.078125 
0 0.17109375 0.08515625 0.0484375 0.0765625 
0 0.23203125 0.0640625 0.0546875 0.075 
0 0.2984375 0.03984375 0.059375 0.0765625 
0 0.42421875 0.0140625 0.0546875 0.025 
