0 0.4828125 0.56171875 0.046875 0.0546875 
0 0.2796875 0.5703125 0.05 0.059375 
0 0.315625 0.55390625 0.053125 0.0671875 
0 0.18828125 0.56328125 0.0328125 0.0609375 
0 0.228125 0.625 0.05625 0.0375 
0 0.11875 0.61328125 0.059375 0.0359375 
0 0.08515625 0.51796875 0.0390625 0.0640625 
0 0.05546875 0.5296875 0.0390625 0.06875 
0 0.67578125 0.41796875 0.0484375 0.0640625 
0 0.64140625 0.4734375 0.0484375 0.0625 
0 0.43828125 0.06953125 0.0421875 0.0671875 
0 0.31640625 0.06640625 0.0421875 0.0734375 
0 0.2125 0.0703125 0.040625 0.059375 
0 0.12265625 0.065625 0.0484375 0.065625 
0 0.03046875 0.0375 0.0390625 0.0625 
