0 0.9 0.990625 0.015625 0.009375 
0 0.8890625 0.98125 0.021875 0.015625 
0 0.925 0.96328125 0.015625 0.0109375 
0 0.8203125 0.97734375 0.0125 0.0140625 
0 0.9484375 0.97421875 0.01875 0.0078125 
0 0.97421875 0.9828125 0.0140625 0.009375 
0 0.98203125 0.97265625 0.0140625 0.0109375 
0 0.97734375 0.96328125 0.0171875 0.0078125 
0 0.93203125 0.98515625 0.0140625 0.0109375 
0 0.96484375 0.95390625 0.0171875 0.0078125 
0 0.921875 0.975 0.015625 0.009375 
0 0.30859375 0.571875 0.0203125 0.009375 
0 0.31328125 0.54765625 0.0203125 0.0078125 
0 0.43515625 0.82421875 0.0109375 0.0203125 
0 0.26875 0.78984375 0.01875 0.0140625 
0 0.17109375 0.92109375 0.0203125 0.0109375 
0 0.334375 0.3625 0.03125 0.015625 
0 0.35625 0.56796875 0.021875 0.0140625 
0 0.32578125 0.3484375 0.0171875 0.009375 
0 0.9625 0.48046875 0.015625 0.0140625 
0 0.94921875 0.50546875 0.0171875 0.0140625 
0 0.9546875 0.49609375 0.021875 0.0171875 
0 0.95703125 0.4875 0.0171875 0.015625 
0 0.97578125 0.49140625 0.0171875 0.0140625 
0 0.97265625 0.4765625 0.0171875 0.01875 
0 0.46171875 0.28671875 0.0109375 0.0203125 
0 0.9125 0.43125 0.01875 0.015625 
0 0.9078125 0.44140625 0.025 0.0203125 
