0 0.0390625 0.9125 0.009375 0.0125 
0 0.0140625 0.890625 0.00625 0.0125 
0 0.0078125 0.89140625 0.009375 0.0140625 
0 0.0484375 0.91328125 0.009375 0.0140625 
0 0.03046875 0.91171875 0.0078125 0.0171875 
0 0.021875 0.91015625 0.00625 0.0171875 
0 0.01328125 0.91015625 0.0078125 0.0171875 
0 0.00703125 0.9078125 0.0078125 0.015625 
0 0.00625 0.95 0.009375 0.015625 
0 0.0328125 0.89375 0.00625 0.01875 
0 0.08515625 0.98359375 0.0171875 0.0078125 
0 0.1265625 0.9671875 0.009375 0.01875 
0 0.0828125 0.9921875 0.015625 0.009375 
0 0.08359375 0.96875 0.0140625 0.009375 
0 0.084375 0.97734375 0.015625 0.0078125 
0 0.084375 0.96015625 0.015625 0.0078125 
0 0.02265625 0.95 0.0109375 0.01875 
0 0.03125 0.95 0.009375 0.015625 
0 0.04375 0.95078125 0.009375 0.0171875 
0 0.04375 0.9734375 0.009375 0.01875 
0 0.0296875 0.971875 0.00625 0.01875 
0 0.01875 0.97265625 0.009375 0.0171875 
0 0.00546875 0.971875 0.0109375 0.015625 
0 0.08359375 0.95078125 0.0171875 0.0078125 
0 0.0859375 0.9125 0.015625 0.009375 
0 0.084375 0.9203125 0.01875 0.009375 
0 0.08671875 0.92890625 0.0171875 0.0078125 
0 0.0859375 0.9359375 0.01875 0.009375 
0 0.08515625 0.94296875 0.0171875 0.0078125 
0 0.02421875 0.8921875 0.0078125 0.0125 
0 0.040625 0.89375 0.00625 0.015625 
0 0.0546875 0.74140625 0.009375 0.0171875 
0 0.0875 0.63359375 0.015625 0.0078125 
0 0.09375 0.61953125 0.01875 0.0078125 
0 0.0640625 0.6328125 0.015625 0.009375 
0 0.03359375 0.63125 0.0171875 0.009375 
0 0.03671875 0.74140625 0.0109375 0.0203125 
0 0.05234375 0.77890625 0.0078125 0.0171875 
0 0.04375 0.77890625 0.009375 0.0171875 
0 0.028125 0.778125 0.009375 0.01875 
0 0.015625 0.7765625 0.009375 0.015625 
0 0.034375 0.79921875 0.009375 0.0171875 
0 0.04453125 0.7984375 0.0078125 0.01875 
0 0.1109375 0.63203125 0.01875 0.0078125 
0 0.05 0.83671875 0.00625 0.0140625 
0 0.05078125 0.57421875 0.0078125 0.0171875 
0 0.11484375 0.5765625 0.0078125 0.015625 
0 0.10703125 0.57578125 0.0078125 0.0140625 
0 0.09609375 0.57578125 0.0078125 0.0171875 
0 0.08828125 0.5734375 0.0078125 0.021875 
0 0.078125 0.57421875 0.00625 0.0171875 
0 0.06953125 0.57421875 0.0109375 0.0203125 
0 0.06015625 0.57421875 0.0078125 0.0203125 
0 0.04140625 0.575 0.0078125 0.01875 
0 0.0234375 0.57265625 0.009375 0.0203125 
0 0.05390625 0.7984375 0.0078125 0.01875 
0 0.04375 0.8375 0.00625 0.015625 
0 0.046875 0.89375 0.00625 0.015625 
0 0.090625 0.8125 0.015625 0.00625 
0 0.0953125 0.715625 0.015625 0.009375 
0 0.09296875 0.7390625 0.0203125 0.009375 
0 0.09296875 0.75390625 0.0171875 0.0078125 
0 0.09140625 0.77109375 0.0203125 0.0078125 
0 0.08984375 0.78046875 0.0171875 0.0078125 
0 0.08984375 0.7953125 0.0171875 0.009375 
0 0.090625 0.8046875 0.01875 0.00625 
0 0.09140625 0.82109375 0.0171875 0.0078125 
0 0.0921875 0.828125 0.015625 0.00625 
0 0.08984375 0.83671875 0.0140625 0.0078125 
0 0.08828125 0.84609375 0.0171875 0.0078125 
0 0.08828125 0.853125 0.0171875 0.00625 
0 0.08984375 0.8625 0.0171875 0.009375 
0 0.0890625 0.8703125 0.015625 0.00625 
0 0.08671875 0.87734375 0.0203125 0.0078125 
0 0.0265625 0.8375 0.009375 0.015625 
0 0.01796875 0.8375 0.0109375 0.01875 
0 0.009375 0.83671875 0.009375 0.0203125 
0 0.0078125 0.85546875 0.00625 0.0140625 
0 0.01796875 0.85546875 0.0078125 0.0171875 
0 0.02578125 0.85625 0.0078125 0.015625 
0 0.03359375 0.85625 0.0078125 0.015625 
0 0.0421875 0.85390625 0.009375 0.0140625 
0 0.05078125 0.85625 0.0109375 0.01875 
