0 0.91328125 0.63046875 0.0171875 0.0171875 
0 0.8671875 0.70390625 0.021875 0.0171875 
0 0.9890625 0.6375 0.009375 0.015625 
0 0.90234375 0.64609375 0.0203125 0.0171875 
0 0.8625 0.71328125 0.01875 0.0171875 
0 0.74296875 0.86484375 0.0140625 0.0171875 
0 0.46953125 0.753125 0.0109375 0.021875 
0 0.8140625 0.64921875 0.015625 0.0203125 
0 0.8578125 0.58359375 0.01875 0.0171875 
0 0.98671875 0.49921875 0.0171875 0.0140625 
0 0.5359375 0.76953125 0.01875 0.0078125 
0 0.4609375 0.753125 0.0125 0.025 
0 0.44140625 0.7546875 0.0109375 0.025 
0 0.096875 0.7859375 0.01875 0.009375 
0 0.17265625 0.859375 0.0171875 0.0125 
0 0.38359375 0.76171875 0.0078125 0.0234375 
0 0.425 0.7546875 0.009375 0.021875 
0 0.1703125 0.734375 0.025 0.0125 
0 0.75703125 0.57578125 0.0171875 0.0296875 
0 0.9828125 0.79296875 0.00625 0.0203125 
0 0.97421875 0.7953125 0.0078125 0.01875 
0 0.965625 0.7953125 0.009375 0.015625 
0 0.95234375 0.7984375 0.0171875 0.01875 
0 0.98984375 0.79453125 0.0078125 0.0171875 
0 0.95078125 0.8640625 0.0171875 0.00625 
0 0.9328125 0.8625 0.01875 0.009375 
0 0.93359375 0.85390625 0.0171875 0.0078125 
0 0.95078125 0.853125 0.0171875 0.009375 
0 0.95234375 0.84375 0.0171875 0.009375 
0 0.934375 0.84375 0.01875 0.009375 
0 0.9484375 0.83515625 0.015625 0.0109375 
0 0.99453125 0.7125 0.0078125 0.01875 
0 0.88125 0.74765625 0.009375 0.0203125 
0 0.9859375 0.7125 0.009375 0.01875 
0 0.90703125 0.746875 0.0078125 0.021875 
0 0.959375 0.71171875 0.009375 0.0203125 
0 0.95078125 0.7125 0.0078125 0.01875 
0 0.9765625 0.69453125 0.00625 0.0171875 
0 0.94375 0.696875 0.00625 0.015625 
0 0.92734375 0.6953125 0.0078125 0.015625 
0 0.9171875 0.69140625 0.009375 0.0203125 
0 0.89921875 0.746875 0.0078125 0.01875 
0 0.9171875 0.746875 0.009375 0.021875 
0 0.925 0.7484375 0.00625 0.01875 
0 0.95859375 0.75 0.0109375 0.01875 
0 0.94140625 0.75078125 0.0078125 0.0171875 
0 0.95078125 0.8734375 0.0140625 0.00625 
0 0.95 0.88046875 0.01875 0.0078125 
0 0.9484375 0.88828125 0.01875 0.0078125 
0 0.95078125 0.8953125 0.0171875 0.009375 
0 0.946875 0.96875 0.01875 0.009375 
0 0.94609375 0.99375 0.0171875 0.00625 
0 0.9453125 0.984375 0.015625 0.009375 
0 0.9453125 0.97578125 0.015625 0.0078125 
0 0.9453125 0.96015625 0.015625 0.0078125 
0 0.9453125 0.95390625 0.01875 0.0078125 
0 0.94921875 0.94453125 0.0171875 0.0078125 
0 0.94765625 0.9359375 0.0171875 0.00625 
0 0.95 0.92890625 0.015625 0.0078125 
0 0.95 0.9203125 0.015625 0.00625 
0 0.95 0.91328125 0.01875 0.0078125 
0 0.9515625 0.90390625 0.015625 0.0078125 
0 0.93046875 0.99453125 0.0140625 0.0078125 
0 0.9296875 0.9890625 0.015625 0.00625 
0 0.9296875 0.9828125 0.015625 0.00625 
0 0.928125 0.97578125 0.015625 0.0078125 
0 0.928125 0.96640625 0.015625 0.0078125 
0 0.92890625 0.959375 0.0140625 0.00625 
0 0.93125 0.9515625 0.0125 0.00625 
0 0.93125 0.9421875 0.015625 0.009375 
0 0.93125 0.934375 0.015625 0.00625 
0 0.93203125 0.91875 0.0140625 0.00625 
0 0.87109375 0.9734375 0.0171875 0.015625 
0 0.87265625 0.959375 0.0171875 0.015625 
0 0.8734375 0.9484375 0.01875 0.0125 
0 0.8734375 0.9390625 0.01875 0.015625 
0 0.8734375 0.92890625 0.0125 0.0078125 
0 0.87421875 0.9171875 0.0171875 0.0125 
0 0.88828125 0.99375 0.0140625 0.009375 
0 0.88828125 0.98671875 0.0171875 0.0078125 
0 0.88828125 0.97890625 0.0140625 0.0046875 
0 0.88671875 0.97265625 0.0140625 0.0046875 
0 0.88828125 0.9671875 0.0140625 0.00625 
0 0.93203125 0.92578125 0.0171875 0.0078125 
0 0.93203125 0.90859375 0.0140625 0.0078125 
0 0.87421875 0.98984375 0.0171875 0.0140625 
0 0.934375 0.90078125 0.015625 0.0078125 
0 0.8890625 0.9203125 0.015625 0.00625 
0 0.93203125 0.8859375 0.0171875 0.0125 
0 0.93359375 0.87109375 0.0140625 0.0078125 
0 0.88828125 0.9609375 0.0171875 0.00625 
0 0.8890625 0.95234375 0.015625 0.0078125 
0 0.88828125 0.94296875 0.0171875 0.0078125 
0 0.88984375 0.934375 0.0171875 0.00625 
0 0.8890625 0.92734375 0.015625 0.0046875 
0 0.8921875 0.91171875 0.01875 0.0078125 
0 0.89296875 0.9015625 0.0171875 0.009375 
0 0.8921875 0.8921875 0.01875 0.009375 
0 0.875 0.90703125 0.021875 0.0171875 
0 0.89140625 0.884375 0.0171875 0.009375 
0 0.871875 0.9828125 0.01875 0.0125 
0 0.871875 0.99453125 0.01875 0.0109375 
0 0.98828125 0.98828125 0.0171875 0.0078125 
0 0.98828125 0.9796875 0.0171875 0.00625 
0 0.9875 0.971875 0.01875 0.00625 
0 0.98984375 0.9640625 0.0203125 0.009375 
0 0.98984375 0.95625 0.0171875 0.00625 
0 0.98984375 0.94765625 0.0171875 0.0078125 
0 0.9890625 0.9375 0.015625 0.00625 
0 0.99140625 0.91328125 0.0171875 0.0078125 
0 0.98828125 0.92890625 0.0171875 0.0078125 
0 0.990625 0.90546875 0.01875 0.0078125 
0 0.99140625 0.89140625 0.0171875 0.0078125 
0 0.990625 0.8828125 0.01875 0.009375 
0 0.98984375 0.87421875 0.0171875 0.0078125 
0 0.9921875 0.865625 0.015625 0.009375 
0 0.99140625 0.85625 0.0171875 0.009375 
0 0.99296875 0.8484375 0.0140625 0.009375 
0 0.99140625 0.8390625 0.0171875 0.009375 
0 0.99296875 0.8296875 0.0140625 0.009375 
