0 0.20625 0.0078125 0.01875 0.0125 
0 0.20078125 0.03828125 0.0171875 0.0109375 
0 0.1859375 0.02265625 0.015625 0.0078125 
0 0.1796875 0.0140625 0.01875 0.009375 
1 0.0078125 0.02421875 0.0125 0.0109375 
1 0.17109375 0.00625 0.0328125 0.009375 
0 0.14453125 0.02734375 0.0140625 0.0078125 
0 0.15 0.01953125 0.015625 0.0078125 
0 0.1515625 0.01171875 0.01875 0.0078125 
0 0.09921875 0.0078125 0.0140625 0.009375 
0 0.1 0.01953125 0.01875 0.0109375 
0 0.09375 0.0296875 0.01875 0.009375 
0 0.07265625 0.00625 0.0171875 0.009375 
0 0.05078125 0.0234375 0.0171875 0.009375 
0 0.05078125 0.09765625 0.0109375 0.0171875 
0 0.03203125 0.09765625 0.0140625 0.0171875 
0 0.021875 0.096875 0.015625 0.01875 
0 0.01171875 0.09453125 0.0140625 0.0140625 
0 0.00625 0.09609375 0.009375 0.0171875 
0 0.3484375 0.14921875 0.015625 0.0140625 
0 0.07890625 0.09921875 0.0140625 0.0171875 
0 0.2859375 0.13984375 0.01875 0.0078125 
0 0.00859375 0.06015625 0.0140625 0.0078125 
0 0.00859375 0.05 0.0140625 0.009375 
0 0.06796875 0.09765625 0.0140625 0.0203125 
0 0.059375 0.05546875 0.015625 0.0078125 
0 0.03046875 0.0546875 0.0203125 0.0125 
0 0.08203125 0.05703125 0.0171875 0.0078125 
0 0.16875 0.06796875 0.021875 0.0078125 
0 0.24921875 0.03125 0.0171875 0.0125 
0 0.3359375 0.0421875 0.015625 0.009375 
0 0.33359375 0.03515625 0.0140625 0.0078125 
0 0.35703125 0.04453125 0.0140625 0.0078125 
0 0.35546875 0.0359375 0.0171875 0.009375 
0 0.35 0.02578125 0.015625 0.0078125 
0 0.35078125 0.0140625 0.0140625 0.009375 
0 0.23359375 0.03671875 0.0171875 0.0078125 
0 0.2328125 0.01796875 0.015625 0.0109375 
0 0.24140625 0.0078125 0.0171875 0.009375 
0 0.26953125 0.04140625 0.0171875 0.0109375 
0 0.284375 0.03203125 0.015625 0.0078125 
0 0.30703125 0.0421875 0.0140625 0.009375 
0 0.3078125 0.03203125 0.015625 0.0078125 
0 0.309375 0.02265625 0.015625 0.0109375 
0 0.30390625 0.0109375 0.0171875 0.009375 
0 0.2765625 0.01015625 0.015625 0.0109375 
0 0.046875 0.0140625 0.01875 0.009375 
0 0.0203125 0.0109375 0.015625 0.009375 
0 0.9703125 0.1796875 0.01875 0.015625 
0 0.9578125 0.16953125 0.0125 0.0109375 
0 0.9828125 0.165625 0.015625 0.009375 
0 0.4609375 0.54296875 0.025 0.0234375 
0 0.01875 0.46328125 0.01875 0.0109375 
0 0.0296875 0.58203125 0.01875 0.0109375 
0 0.0296875 0.5921875 0.015625 0.009375 
0 0.03125 0.59921875 0.01875 0.0109375 
0 0.03203125 0.60703125 0.0171875 0.0109375 
0 0.03125 0.61484375 0.015625 0.0109375 
0 0.02109375 0.471875 0.0171875 0.0125 
0 0.0171875 0.45234375 0.01875 0.0140625 
0 0.02109375 0.4421875 0.0171875 0.009375 
0 0.028125 0.56484375 0.015625 0.0140625 
0 0.03046875 0.57421875 0.0171875 0.0109375 
0 0.02734375 0.55703125 0.0171875 0.0109375 
0 0.0109375 0.65546875 0.015625 0.0171875 
0 0.00546875 0.653125 0.0078125 0.021875 
0 0.01953125 0.65625 0.0140625 0.01875 
0 0.0265625 0.653125 0.015625 0.01875 
0 0.0359375 0.65234375 0.015625 0.0203125 
0 0.04453125 0.653125 0.0171875 0.021875 
0 0.0515625 0.65078125 0.015625 0.0203125 
0 0.0609375 0.65 0.0125 0.01875 
0 0.0703125 0.64921875 0.0125 0.0171875 
0 0.0859375 0.64765625 0.015625 0.0203125 
0 0.109375 0.62734375 0.021875 0.0078125 
0 0.09765625 0.646875 0.0171875 0.01875 
0 0.10546875 0.603125 0.0203125 0.01875 
0 0.02734375 0.546875 0.0171875 0.009375 
0 0.0390625 0.44921875 0.015625 0.0078125 
0 0.04453125 0.51171875 0.0203125 0.0109375 
0 0.04453125 0.50234375 0.0171875 0.0078125 
0 0.04140625 0.49375 0.0171875 0.009375 
0 0.04140625 0.4828125 0.0140625 0.00625 
0 0.040625 0.4765625 0.015625 0.00625 
0 0.03828125 0.46640625 0.0171875 0.0109375 
0 0.03984375 0.4578125 0.0140625 0.00625 
0 0.03984375 0.44140625 0.0171875 0.0078125 
0 0.04375 0.528125 0.01875 0.009375 
0 0.02109375 0.48828125 0.0140625 0.0109375 
0 0.02265625 0.49765625 0.0203125 0.0140625 
0 0.0234375 0.50625 0.015625 0.0125 
0 0.0234375 0.5140625 0.015625 0.009375 
0 0.025 0.5234375 0.01875 0.009375 
0 0.025 0.53046875 0.015625 0.0109375 
0 0.02578125 0.5390625 0.0171875 0.009375 
0 0.04453125 0.51875 0.0171875 0.009375 
0 0.04609375 0.5375 0.0203125 0.009375 
0 0.09140625 0.596875 0.0140625 0.015625 
0 0.084375 0.53203125 0.015625 0.0078125 
0 0.08828125 0.5890625 0.0234375 0.015625 
0 0.0875 0.5796875 0.015625 0.0125 
0 0.0859375 0.571875 0.01875 0.0125 
0 0.0859375 0.5625 0.01875 0.0125 
0 0.08515625 0.55390625 0.0171875 0.0109375 
0 0.08671875 0.546875 0.0171875 0.009375 
0 0.0828125 0.53984375 0.01875 0.0109375 
0 0.08203125 0.52578125 0.0203125 0.0109375 
0 0.046875 0.54609375 0.01875 0.0109375 
0 0.04921875 0.61171875 0.0171875 0.0109375 
0 0.05 0.603125 0.015625 0.009375 
0 0.05078125 0.59296875 0.0140625 0.0109375 
0 0.04921875 0.58671875 0.0171875 0.0078125 
0 0.04765625 0.578125 0.0171875 0.009375 
0 0.04765625 0.56953125 0.0203125 0.0109375 
0 0.04609375 0.559375 0.0171875 0.009375 
0 0.83359375 0.91953125 0.0078125 0.0171875 
0 0.853125 0.91640625 0.009375 0.0171875 
0 0.8609375 0.934375 0.00625 0.01875 
0 0.896875 0.94453125 0.009375 0.0234375 
0 0.9203125 0.79140625 0.015625 0.0203125 
0 0.9109375 0.88203125 0.009375 0.0171875 
0 0.940625 0.77890625 0.015625 0.0203125 
0 0.9484375 0.16015625 0.015625 0.0078125 
0 0.9765625 0.315625 0.025 0.009375 
0 0.9859375 0.30078125 0.01875 0.0078125 
0 0.9828125 0.28984375 0.025 0.0109375 
0 0.96484375 0.08359375 0.0203125 0.0109375 
0 0.9671875 0.1578125 0.015625 0.0125 
0 0.9921875 0.15625 0.015625 0.0125 
0 0.93984375 0.76015625 0.0140625 0.0234375 
0 0.87265625 0.54921875 0.0078125 0.0234375 
0 0.825 0.58046875 0.009375 0.0203125 
0 0.8265625 0.5234375 0.009375 0.01875 
0 0.84765625 0.55859375 0.0078125 0.0203125 
0 0.84609375 0.615625 0.0078125 0.01875 
0 0.83359375 0.6234375 0.0109375 0.015625 
0 0.95625 0.67734375 0.01875 0.0109375 
0 0.9796875 0.72109375 0.01875 0.0203125 
1 0.82734375 0.81171875 0.0109375 0.0390625 
0 0.84140625 0.73671875 0.0109375 0.0234375 
0 0.80546875 0.68984375 0.0203125 0.0109375 
0 0.93515625 0.3671875 0.0140625 0.009375 
0 0.71875 0.921875 0.0125 0.01875 
0 0.6453125 0.94609375 0.00625 0.0171875 
0 0.653125 0.94296875 0.00625 0.0171875 
0 0.67578125 0.92578125 0.0078125 0.0171875 
0 0.60546875 0.90625 0.0078125 0.01875 
0 0.6125 0.8890625 0.015625 0.01875 
0 0.3515625 0.9546875 0.021875 0.009375 
0 0.3984375 0.89296875 0.021875 0.0109375 
0 0.646875 0.88125 0.015625 0.01875 
0 0.62265625 0.9484375 0.0078125 0.01875 
0 0.646875 0.871875 0.01875 0.015625 
0 0.68515625 0.83671875 0.0171875 0.0234375 
0 0.6453125 0.8453125 0.015625 0.01875 
0 0.20546875 0.8703125 0.0234375 0.0125 
0 0.19765625 0.86015625 0.0234375 0.0109375 
0 0.63046875 0.94765625 0.0078125 0.0203125 
0 0.7890625 0.88125 0.009375 0.01875 
0 0.15078125 0.88359375 0.0203125 0.0109375 
0 0.80078125 0.90703125 0.0109375 0.0203125 
0 0.2890625 0.9734375 0.009375 0.01875 
0 0.803125 0.953125 0.0125 0.021875 
0 0.64296875 0.834375 0.0203125 0.01875 
0 0.0578125 0.72578125 0.01875 0.0109375 
0 0.30078125 0.7296875 0.0171875 0.009375 
0 0.2421875 0.73046875 0.015625 0.0109375 
0 0.178125 0.73671875 0.015625 0.0078125 
0 0.1328125 0.74140625 0.015625 0.0109375 
0 0.1125 0.73125 0.01875 0.009375 
0 0.07578125 0.74453125 0.0171875 0.0109375 
0 0.05546875 0.7390625 0.0171875 0.009375 
0 0.00703125 0.75 0.0109375 0.00625 
0 0.39765625 0.7265625 0.0171875 0.009375 
0 0.34765625 0.74296875 0.0203125 0.0078125 
0 0.42265625 0.7171875 0.0171875 0.009375 
0 0.6078125 0.80234375 0.015625 0.0140625 
1 0.1984375 0.75078125 0.03125 0.0140625 
0 0.1578125 0.7484375 0.015625 0.0125 
0 0.04375 0.74765625 0.015625 0.0078125 
0 0.590625 0.81953125 0.021875 0.0171875 
0 0.6375 0.81640625 0.015625 0.0171875 
0 0.60546875 0.7890625 0.0171875 0.0125 
0 0.45625 0.73046875 0.021875 0.0109375 
0 0.58984375 0.80390625 0.0171875 0.0109375 
0 0.58984375 0.79296875 0.0140625 0.0109375 
0 0.63125 0.77890625 0.021875 0.0203125 
0 0.71171875 0.7484375 0.0203125 0.021875 
0 0.6875 0.734375 0.015625 0.01875 
0 0.57109375 0.74609375 0.0171875 0.0140625 
0 0.5 0.73515625 0.015625 0.0078125 
0 0.60546875 0.06875 0.0171875 0.0125 
0 0.63828125 0.053125 0.0171875 0.00625 
0 0.65703125 0.05390625 0.0171875 0.0078125 
0 0.74296875 0.0515625 0.0171875 0.009375 
0 0.68203125 0.05859375 0.0171875 0.0078125 
0 0.66953125 0.04375 0.0171875 0.0125 
0 0.64375 0.0421875 0.01875 0.00625 
0 0.590625 0.04921875 0.015625 0.0109375 
0 0.571875 0.05703125 0.015625 0.0109375 
0 0.55546875 0.0625 0.0140625 0.009375 
0 0.52421875 0.0609375 0.0203125 0.009375 
0 0.10703125 0.1015625 0.0140625 0.01875 
0 0.0828125 0.18203125 0.0125 0.0171875 
0 0.08828125 0.171875 0.0140625 0.015625 
0 0.0921875 0.16328125 0.0125 0.0171875 
0 0.09921875 0.15546875 0.0140625 0.0203125 
0 0.10390625 0.15078125 0.0109375 0.0171875 
0 0.109375 0.14453125 0.015625 0.0203125 
0 0.11875 0.13671875 0.009375 0.0171875 
0 0.06875 0.13046875 0.01875 0.0203125 
1 0.03203125 0.29453125 0.0421875 0.0203125 
0 0.05703125 0.1296875 0.0140625 0.015625 
0 0.0484375 0.12890625 0.015625 0.0171875 
0 0.02734375 0.12734375 0.0140625 0.0171875 
0 0.0171875 0.12890625 0.0125 0.0171875 
0 0.0078125 0.12890625 0.0125 0.0203125 
1 0.21953125 0.14453125 0.0453125 0.0171875 
0 0.5171875 0.04296875 0.015625 0.0078125 
0 0.078125 0.1921875 0.0125 0.015625 
0 0.0734375 0.20234375 0.0125 0.0171875 
0 0.0703125 0.215625 0.0125 0.021875 
0 0.159375 0.52109375 0.015625 0.0109375 
0 0.175 0.5671875 0.021875 0.015625 
0 0.15859375 0.540625 0.0203125 0.015625 
0 0.19296875 0.5453125 0.0078125 0.01875 
0 0.17734375 0.53828125 0.0171875 0.0109375 
0 0.175 0.5296875 0.015625 0.0125 
0 0.1734375 0.51875 0.015625 0.009375 
0 0.1734375 0.509375 0.015625 0.009375 
0 0.1578125 0.51015625 0.015625 0.0109375 
0 0.20703125 0.515625 0.0171875 0.015625 
0 0.15625 0.50078125 0.015625 0.0109375 
0 0.17421875 0.49296875 0.0203125 0.0140625 
0 0.1546875 0.48203125 0.015625 0.0109375 
0 0.1421875 0.49453125 0.0125 0.0203125 
0 0.2 0.46875 0.01875 0.015625 
0 0.190625 0.46171875 0.021875 0.0171875 
0 0.18359375 0.4546875 0.0171875 0.015625 
0 0.17265625 0.57421875 0.0234375 0.0171875 
0 0.20625 0.5265625 0.015625 0.015625 
0 0.059375 0.23125 0.0125 0.01875 
0 0.44296875 0.04140625 0.0171875 0.0078125 
0 0.55 0.04453125 0.015625 0.0078125 
0 0.54765625 0.03671875 0.0203125 0.0109375 
0 0.49765625 0.02890625 0.0265625 0.0078125 
0 0.4953125 0.046875 0.01875 0.009375 
0 0.47734375 0.05546875 0.0171875 0.0109375 
0 0.46875 0.04453125 0.015625 0.0078125 
0 0.44375 0.053125 0.015625 0.009375 
0 0.446875 0.0328125 0.0125 0.009375 
0 0.16484375 0.5984375 0.0171875 0.0125 
0 0.41328125 0.04921875 0.0171875 0.0078125 
0 0.41796875 0.0390625 0.0140625 0.00625 
0 0.396875 0.03984375 0.015625 0.0078125 
0 0.39921875 0.03046875 0.0171875 0.0078125 
0 0.37578125 0.028125 0.0171875 0.00625 
0 0.2796875 0.46796875 0.021875 0.0140625 
0 0.19921875 0.4203125 0.0203125 0.01875 
0 0.15078125 0.4 0.0203125 0.01875 
0 0.05625 0.1484375 0.0125 0.01875 
0 0.04765625 0.14609375 0.0109375 0.0171875 
0 0.0359375 0.14765625 0.0125 0.0171875 
0 0.025 0.1453125 0.0125 0.015625 
0 0.01484375 0.14453125 0.0109375 0.0171875 
0 0.00703125 0.14375 0.0109375 0.015625 
0 0.03671875 0.346875 0.0171875 0.0125 
0 0.0078125 0.246875 0.015625 0.01875 
0 0.0171875 0.24765625 0.0125 0.0171875 
0 0.028125 0.24765625 0.009375 0.0203125 
0 0.04765625 0.24296875 0.0078125 0.0140625 
0 0.05234375 0.2390625 0.0140625 0.01875 
0 0.06484375 0.1484375 0.0109375 0.015625 
0 0.025 0.32421875 0.025 0.0109375 
0 0.06640625 0.32890625 0.0171875 0.0109375 
0 0.1171875 0.3703125 0.01875 0.015625 
0 0.13125 0.3234375 0.015625 0.01875 
0 0.03046875 0.19296875 0.0171875 0.0078125 
0 0.03203125 0.18515625 0.0140625 0.0046875 
0 0.0125 0.20859375 0.015625 0.0078125 
0 0.0109375 0.2015625 0.01875 0.00625 
0 0.0125 0.19140625 0.01875 0.0078125 
0 0.01328125 0.18359375 0.0171875 0.0078125 
0 0.0109375 0.17421875 0.021875 0.0078125 
0 0.73203125 0.1375 0.0171875 0.0125 
0 0.84140625 0.11484375 0.0078125 0.0171875 
0 0.87109375 0.06484375 0.0171875 0.0109375 
1 0.8609375 0.07421875 0.028125 0.0140625 
0 0.70546875 0.04921875 0.0296875 0.0109375 
0 0.92578125 0.0703125 0.0171875 0.009375 
0 0.8515625 0.11171875 0.00625 0.0203125 
0 0.89140625 0.10703125 0.0109375 0.0171875 
0 0.6625 0.09296875 0.015625 0.0109375 
0 0.71875 0.11875 0.01875 0.0125 
0 0.6921875 0.11640625 0.01875 0.0140625 
0 0.67890625 0.1109375 0.0171875 0.0125 
0 0.67890625 0.1 0.0171875 0.015625 
0 0.5640625 0.16015625 0.01875 0.0140625 
0 0.61171875 0.14765625 0.0171875 0.0140625 
0 0.6546875 0.09921875 0.015625 0.0109375 
0 0.63046875 0.0890625 0.0171875 0.0125 
0 0.91171875 0.1046875 0.0078125 0.01875 
0 0.47421875 0.09296875 0.0140625 0.0109375 
0 0.6328125 0.078125 0.01875 0.015625 
0 0.60390625 0.07734375 0.0171875 0.0140625 
0 0.9 0.13828125 0.009375 0.0203125 
0 0.921875 0.1171875 0.009375 0.015625 
0 0.7125 0.1265625 0.01875 0.0125 
0 0.74140625 0.1296875 0.0171875 0.015625 
0 0.01484375 0.409375 0.0140625 0.01875 
0 0.00703125 0.4078125 0.0109375 0.01875 
0 0.0234375 0.40859375 0.0125 0.0171875 
0 0.07890625 0.49921875 0.0171875 0.0140625 
0 0.08203125 0.515625 0.0171875 0.0125 
0 0.07890625 0.50625 0.0171875 0.0125 
0 0.07734375 0.48828125 0.0171875 0.0140625 
0 0.03046875 0.40703125 0.0171875 0.0171875 
0 0.078125 0.475 0.015625 0.009375 
0 0.0765625 0.4671875 0.015625 0.009375 
0 0.0765625 0.4578125 0.0125 0.009375 
0 0.07734375 0.44921875 0.0140625 0.0109375 
0 0.075 0.4421875 0.015625 0.0125 
0 0.05078125 0.4046875 0.0078125 0.01875 
0 0.03984375 0.40625 0.0109375 0.015625 
0 0.75 0.1453125 0.01875 0.0125 
0 0.43125 0.50625 0.021875 0.0125 
0 0.409375 0.60234375 0.01875 0.0171875 
0 0.45390625 0.60546875 0.0171875 0.0171875 
0 0.4859375 0.57421875 0.01875 0.0171875 
0 0.5796875 0.6109375 0.01875 0.021875 
0 0.51640625 0.5671875 0.0140625 0.01875 
0 0.37890625 0.4921875 0.0203125 0.009375 
0 0.4078125 0.503125 0.0125 0.009375 
0 0.43046875 0.49453125 0.0171875 0.0109375 
0 0.3859375 0.6390625 0.021875 0.015625 
0 0.5140625 0.49453125 0.015625 0.0171875 
0 0.50078125 0.47421875 0.0140625 0.0171875 
0 0.5203125 0.46171875 0.0125 0.0234375 
0 0.5078125 0.42890625 0.009375 0.0203125 
0 0.5734375 0.46015625 0.015625 0.0234375 
0 0.55703125 0.46171875 0.0109375 0.0265625 
0 0.559375 0.3953125 0.009375 0.015625 
0 0.4265625 0.6140625 0.01875 0.01875 
0 0.3859375 0.66015625 0.015625 0.0171875 
0 0.88671875 0.46875 0.0078125 0.015625 
0 0.22109375 0.52265625 0.0171875 0.0171875 
0 0.22265625 0.5578125 0.0171875 0.015625 
0 0.2109375 0.5578125 0.01875 0.01875 
0 0.2140625 0.54296875 0.015625 0.0140625 
0 0.21171875 0.5359375 0.0140625 0.0125 
0 0.16484375 0.625 0.0171875 0.0125 
0 0.40703125 0.68046875 0.0171875 0.0140625 
0 0.18203125 0.625 0.0203125 0.015625 
0 0.21171875 0.60859375 0.0203125 0.0171875 
0 0.2125 0.59609375 0.01875 0.0171875 
0 0.34296875 0.665625 0.0203125 0.015625 
0 0.28828125 0.66953125 0.0171875 0.0140625 
0 0.27890625 0.68359375 0.0171875 0.0140625 
0 0.34921875 0.71484375 0.0171875 0.0109375 
0 0.9125 0.42421875 0.009375 0.0140625 
0 0.84921875 0.47421875 0.0078125 0.0203125 
0 0.8640625 0.16484375 0.015625 0.0109375 
0 0.90625 0.22109375 0.009375 0.0171875 
0 0.71796875 0.2171875 0.0203125 0.01875 
0 0.859375 0.215625 0.009375 0.01875 
0 0.92578125 0.175 0.0171875 0.0125 
0 0.9265625 0.16328125 0.015625 0.0109375 
0 0.90078125 0.175 0.0171875 0.009375 
0 0.88046875 0.175 0.0171875 0.0125 
0 0.859375 0.175 0.0125 0.009375 
0 0.90625 0.259375 0.00625 0.015625 
0 0.8375 0.1703125 0.015625 0.009375 
0 0.84375 0.16328125 0.015625 0.0078125 
0 0.8171875 0.15546875 0.015625 0.0109375 
0 0.80390625 0.1640625 0.0140625 0.009375 
0 0.79921875 0.1515625 0.0140625 0.009375 
0 0.775 0.15234375 0.01875 0.0140625 
0 0.77421875 0.14375 0.0171875 0.0125 
0 0.896875 0.2453125 0.009375 0.015625 
0 0.84609375 0.246875 0.0078125 0.01875 
0 0.8375 0.471875 0.009375 0.01875 
0 0.7234375 0.39921875 0.01875 0.0140625 
0 0.81640625 0.42578125 0.0109375 0.0234375 
0 0.63203125 0.43828125 0.0171875 0.0171875 
0 0.63203125 0.4265625 0.0171875 0.0125 
0 0.61875 0.41953125 0.01875 0.0171875 
0 0.66796875 0.4140625 0.0203125 0.015625 
0 0.86328125 0.37890625 0.0140625 0.0078125 
0 0.8546875 0.3921875 0.01875 0.0125 
0 0.75859375 0.4046875 0.0171875 0.009375 
0 0.88671875 0.2171875 0.0078125 0.015625 
0 0.50234375 0.34609375 0.0078125 0.0203125 
0 0.5125 0.33828125 0.0125 0.0203125 
0 0.4984375 0.29765625 0.009375 0.0203125 
0 0.5421875 0.32265625 0.015625 0.0203125 
0 0.5171875 0.271875 0.015625 0.01875 
0 0.49140625 0.2359375 0.0265625 0.028125 
0 0.915625 0.2484375 0.009375 0.021875 
0 0.915625 0.034375 0.009375 0.01875 
0 0.9546875 0.0203125 0.01875 0.009375 
0 0.96953125 0.0078125 0.0171875 0.009375 
0 0.9515625 0.0078125 0.015625 0.00625 
