0 0.40234375 0.45625 0.0203125 0.0125 
0 0.37265625 0.47421875 0.0203125 0.0171875 
0 0.40703125 0.72265625 0.0078125 0.0171875 
0 0.40546875 0.925 0.0203125 0.015625 
0 0.99453125 0.93984375 0.0109375 0.0140625 
0 0.99453125 0.96015625 0.0109375 0.0140625 
0 0.99140625 0.95 0.0171875 0.0125 
0 0.8859375 0.834375 0.0125 0.01875 
0 0.84375 0.68359375 0.009375 0.0203125 
0 0.97890625 0.740625 0.0203125 0.009375 
0 0.97890625 0.72890625 0.0171875 0.0078125 
0 0.98203125 0.71953125 0.0171875 0.0078125 
0 0.86015625 0.7640625 0.0140625 0.03125 
0 0.8546875 0.49375 0.021875 0.0125 
0 0.94375 0.2890625 0.021875 0.0125 
0 0.90859375 0.27890625 0.0203125 0.0078125 
0 0.909375 0.2703125 0.01875 0.0125 
0 0.76953125 0.26640625 0.0203125 0.0171875 
0 0.74765625 0.225 0.0234375 0.0125 
0 0.28984375 0.15859375 0.0203125 0.0078125 
0 0.63828125 0.02421875 0.0109375 0.0234375 
0 0.2984375 0.18984375 0.021875 0.0078125 
0 0.82421875 0.01953125 0.0109375 0.0171875 
0 0.88125 0.01015625 0.015625 0.0171875 
0 0.9015625 0.078125 0.01875 0.015625 
0 0.99453125 0.0375 0.0109375 0.009375 
0 0.96796875 0.03203125 0.0203125 0.0140625 
0 0.9125 0.04375 0.021875 0.01875 
