0 0.69453125 0.875 0.0078125 0.015625 
0 0.68515625 0.875 0.0109375 0.015625 
0 0.67578125 0.87578125 0.0078125 0.0140625 
0 0.56171875 0.940625 0.0078125 0.021875 
0 0.54921875 0.94375 0.0078125 0.01875 
0 0.625 0.8796875 0.009375 0.01875 
0 0.77734375 0.8875 0.0109375 0.01875 
0 0.8 0.89375 0.009375 0.021875 
0 0.75859375 0.8828125 0.0203125 0.009375 
0 0.75859375 0.89296875 0.0234375 0.0078125 
0 0.73125 0.81953125 0.009375 0.0171875 
0 0.7109375 0.82734375 0.009375 0.0203125 
0 0.6921875 0.83046875 0.00625 0.0171875 
0 0.68203125 0.83046875 0.0109375 0.0203125 
0 0.6875 0.89296875 0.009375 0.0203125 
0 0.784375 0.6359375 0.01875 0.009375 
0 0.778125 0.56015625 0.015625 0.0078125 
0 0.984375 0.48125 0.009375 0.021875 
0 0.98359375 0.50390625 0.0109375 0.0203125 
0 0.9640625 0.5046875 0.009375 0.01875 
0 0.9359375 0.5078125 0.009375 0.021875 
0 0.78828125 0.69375 0.0234375 0.009375 
0 0.678125 0.89453125 0.00625 0.0171875 
0 0.6515625 0.89609375 0.009375 0.0171875 
0 0.6359375 0.89453125 0.009375 0.0203125 
0 0.58828125 0.8359375 0.0078125 0.028125 
0 0.6296875 0.83125 0.009375 0.021875 
0 0.653125 0.83046875 0.0125 0.0296875 
0 0.6625 0.8296875 0.009375 0.01875 
0 0.67109375 0.83046875 0.0078125 0.0203125 
0 0.81484375 0.63828125 0.0109375 0.0203125 
0 0.73515625 0.63671875 0.0171875 0.0109375 
0 0.7921875 0.7203125 0.015625 0.009375 
0 0.68359375 0.50546875 0.0109375 0.0203125 
0 0.66484375 0.50859375 0.0078125 0.0140625 
0 0.675 0.50625 0.00625 0.015625 
0 0.603125 0.53125 0.00625 0.015625 
0 0.61796875 0.51484375 0.0078125 0.0171875 
0 0.62578125 0.5140625 0.0078125 0.015625 
0 0.5421875 0.475 0.009375 0.021875 
0 0.53828125 0.53515625 0.0109375 0.0234375 
0 0.52109375 0.534375 0.0109375 0.01875 
0 0.6515625 0.5296875 0.009375 0.021875 
0 0.659375 0.52734375 0.009375 0.0203125 
0 0.66640625 0.52578125 0.0078125 0.0171875 
0 0.68515625 0.52421875 0.0078125 0.0171875 
