0 0.528125 0.37109375 0.015625 0.0234375 
0 0.52734375 0.34765625 0.0140625 0.0265625 
0 0.43828125 0.44765625 0.0234375 0.0140625 
0 0.4390625 0.4671875 0.025 0.015625 
0 0.2265625 0.571875 0.0125 0.025 
0 0.21484375 0.57421875 0.0140625 0.0265625 
0 0.9328125 0.7953125 0.0375 0.028125 
0 0.834375 0.334375 0.009375 0.01875 
0 0.821875 0.39140625 0.021875 0.0109375 
0 0.81796875 0.43125 0.0203125 0.0125 
0 0.9125 0.496875 0.021875 0.009375 
0 0.94921875 0.3828125 0.0234375 0.009375 
0 0.38671875 0.59140625 0.0265625 0.0140625 
0 0.121875 0.65234375 0.025 0.0171875 
0 0.05078125 0.61796875 0.0234375 0.0109375 
0 0.02578125 0.6203125 0.0203125 0.009375 
0 0.2421875 0.628125 0.021875 0.0125 
1 0.98828125 0.64375 0.0234375 0.040625 
1 0.99453125 0.53671875 0.0109375 0.0203125 
0 0.32421875 0.621875 0.0265625 0.0125 
0 0.21015625 0.77109375 0.0234375 0.0234375 
0 0.4484375 0.8 0.0125 0.034375 
0 0.4984375 0.78203125 0.015625 0.0296875 
0 0.540625 0.81328125 0.03125 0.0171875 
0 0.61875 0.79140625 0.025 0.0359375 
0 0.2171875 0.60078125 0.03125 0.0140625 
1 0.2171875 0.8015625 0.01875 0.040625 
1 0.22265625 0.84140625 0.0203125 0.0359375 
0 0.29765625 0.59453125 0.0265625 0.0109375 
0 0.44453125 0.55859375 0.0203125 0.0109375 
0 0.4421875 0.51484375 0.025 0.0109375 
0 0.47890625 0.5515625 0.0140625 0.028125 
1 0.4484375 0.6140625 0.0375 0.015625 
1 0.1890625 0.63203125 0.04375 0.0140625 
