0 0.75859375 0.4296875 0.0234375 0.0375 
0 0.8546875 0.39765625 0.021875 0.0359375 
1 0.20703125 0.3734375 0.0671875 0.040625 
1 0.225 0.27734375 0.071875 0.0390625 
1 0.17265625 0.28359375 0.0390625 0.0265625 
1 0.1171875 0.315625 0.065625 0.0375 
1 0.08984375 0.32109375 0.0640625 0.0359375 
1 0.06484375 0.3359375 0.0640625 0.0375 
1 0.15703125 0.39375 0.0671875 0.040625 
1 0.11484375 0.40703125 0.0671875 0.0390625 
1 0.0921875 0.4234375 0.065625 0.040625 
1 0.0640625 0.42734375 0.065625 0.0390625 
1 0.0484375 0.434375 0.065625 0.0375 
1 0.84140625 0.2359375 0.0640625 0.03125 
1 0.93359375 0.08359375 0.0296875 0.0421875 
1 0.77890625 0.2890625 0.0671875 0.0375 
1 0.66875 0.4484375 0.034375 0.05625 
1 0.61796875 0.34921875 0.0640625 0.0359375 
1 0.50234375 0.428125 0.0421875 0.06875 
1 0.440625 0.47734375 0.065625 0.0328125 
0 0.72421875 0.72421875 0.0296875 0.0234375 
0 0.70546875 0.35546875 0.0203125 0.0171875 
0 0.29296875 0.48203125 0.0234375 0.0171875 
0 0.31875 0.49296875 0.021875 0.0140625 
0 0.7015625 0.121875 0.01875 0.015625 
0 0.69375 0.10625 0.01875 0.015625 
0 0.80234375 0.3390625 0.0234375 0.01875 
0 0.89453125 0.29609375 0.0203125 0.0171875 
0 0.86484375 0.28125 0.0203125 0.015625 
0 0.8625 0.1359375 0.034375 0.025 
0 0.88046875 0.16875 0.0109375 0.01875 
0 0.9140625 0.20859375 0.01875 0.0171875 
0 0.88203125 0.96328125 0.0265625 0.0203125 
