0 0.16328125 0.0171875 0.0234375 0.01875 
0 0.309375 0.65546875 0.01875 0.0265625 
0 0.334375 0.6171875 0.01875 0.025 
0 0.2484375 0.06875 0.015625 0.01875 
0 0.2390625 0.046875 0.021875 0.021875 
0 0.2234375 0.01796875 0.015625 0.0234375 
0 0.20234375 0.1171875 0.0234375 0.009375 
0 0.20625 0.1296875 0.01875 0.009375 
0 0.1671875 0.13515625 0.01875 0.0234375 
0 0.159375 0.1140625 0.01875 0.021875 
0 0.15625 0.10078125 0.015625 0.0203125 
0 0.153125 0.090625 0.01875 0.01875 
0 0.14375 0.071875 0.01875 0.01875 
0 0.1484375 0.0828125 0.021875 0.021875 
0 0.14375 0.05859375 0.01875 0.0203125 
0 0.13671875 0.046875 0.0171875 0.01875 
0 0.12265625 0.0171875 0.0140625 0.021875 
0 0.12734375 0.02890625 0.0171875 0.0203125 
0 0.134375 0.03828125 0.01875 0.0203125 
