0 0.03046875 0.5859375 0.0296875 0.021875 
0 0.15234375 0.63359375 0.0234375 0.0140625 
0 0.2078125 0.7875 0.01875 0.015625 
0 0.2125 0.8046875 0.015625 0.01875 
0 0.240625 0.87109375 0.015625 0.0234375 
0 0.31640625 0.85234375 0.0171875 0.0203125 
0 0.5671875 0.43671875 0.025 0.0203125 
0 0.321875 0.3125 0.021875 0.015625 
0 0.809375 0.4109375 0.028125 0.01875 
1 0.46328125 0.5515625 0.0671875 0.03125 
0 0.3234375 0.65703125 0.01875 0.0265625 
0 0.2890625 0.62109375 0.021875 0.0265625 
0 0.25546875 0.58828125 0.0203125 0.0265625 
0 0.58828125 0.484375 0.0234375 0.015625 
0 0.6546875 0.490625 0.025 0.015625 
0 0.515625 0.52109375 0.025 0.0234375 
0 0.19296875 0.978125 0.0109375 0.021875 
0 0.2015625 0.97265625 0.01875 0.0234375 
