1 0.82421875 0.14453125 0.0421875 0.0203125 
1 0.8296875 0.16015625 0.04375 0.0203125 
1 0.821875 0.17734375 0.040625 0.0203125 
1 0.6546875 0.2640625 0.034375 0.028125 
1 0.65234375 0.27578125 0.0359375 0.0265625 
1 0.653125 0.3125 0.040625 0.025 
1 0.8078125 0.28203125 0.025 0.0484375 
1 0.6546875 0.33203125 0.04375 0.0296875 
1 0.6578125 0.35234375 0.04375 0.0140625 
1 0.69921875 0.3515625 0.0421875 0.0125 
1 0.6984375 0.36328125 0.040625 0.0140625 
1 0.6640625 0.36640625 0.034375 0.0140625 
1 0.690625 0.3921875 0.040625 0.0125 
1 0.8265625 0.29375 0.025 0.04375 
1 0.81875 0.32265625 0.021875 0.0390625 
1 0.8 0.315625 0.021875 0.0375 
1 0.65390625 0.22890625 0.0390625 0.0328125 
1 0.79140625 0.278125 0.0234375 0.04375 
1 0.89921875 0.4109375 0.0171875 0.0625 
1 0.90859375 0.9515625 0.0484375 0.01875 
0 0.7078125 0.86015625 0.0125 0.0265625 
0 0.61484375 0.9640625 0.0390625 0.0125 
0 0.740625 0.42890625 0.015625 0.0296875 
0 0.68984375 0.4171875 0.0265625 0.0125 
