0 0.6453125 0.1859375 0.021875 0.015625 
0 0.59453125 0.2546875 0.0234375 0.021875 
0 0.4421875 0.3640625 0.021875 0.021875 
0 0.609375 0.27890625 0.025 0.0203125 
0 0.31953125 0.440625 0.0234375 0.01875 
0 0.1953125 0.5140625 0.021875 0.01875 
0 0.98203125 0.63125 0.0140625 0.021875 
1 0.4015625 0.3015625 0.065625 0.046875 
1 0.64921875 0.1484375 0.0640625 0.046875 
0 0.9765625 0.71328125 0.015625 0.0234375 
0 0.95078125 0.725 0.0171875 0.025 
0 0.6484375 0.98671875 0.025 0.0265625 
0 0.99375 0.71015625 0.0125 0.0234375 
0 0.99375 0.934375 0.0125 0.01875 
0 0.9875 0.915625 0.01875 0.01875 
0 0.990625 0.9265625 0.01875 0.021875 
0 0.9875 0.90234375 0.01875 0.0203125 
0 0.98046875 0.890625 0.0171875 0.01875 
0 0.96640625 0.8609375 0.0140625 0.021875 
0 0.97109375 0.87265625 0.0171875 0.0203125 
0 0.978125 0.88203125 0.01875 0.0203125 
