1 0.05703125 0.7828125 0.0515625 0.1 
0 0.8 0.52734375 0.015625 0.0359375 
0 0.43203125 0.2078125 0.0203125 0.0375 
0 0.51171875 0.18515625 0.0265625 0.0390625 
0 0.53046875 0.1828125 0.0234375 0.0375 
0 0.5296875 0.78984375 0.040625 0.0203125 
0 0.52734375 0.80859375 0.0390625 0.0203125 
0 0.52421875 0.83984375 0.0453125 0.0203125 
0 0.60078125 0.809375 0.0453125 0.05 
0 0.64765625 0.7671875 0.0515625 0.040625 
0 0.6453125 0.7890625 0.053125 0.040625 
0 0.64296875 0.82890625 0.0515625 0.0390625 
0 0.64609375 0.85234375 0.0453125 0.0328125 
0 0.6390625 0.8734375 0.053125 0.0375 
0 0.55703125 0.88046875 0.0359375 0.0171875 
0 0.553125 0.90390625 0.05 0.0203125 
0 0.64609375 0.98125 0.0203125 0.0375 
0 0.57578125 0.97421875 0.0296875 0.0265625 
0 0.48828125 0.190625 0.0265625 0.04375 
0 0.1890625 0.1703125 0.0375 0.0375 
0 0.2140625 0.00859375 0.040625 0.0140625 
0 0.04921875 0.9625 0.0359375 0.03125 
0 0.14921875 0.0484375 0.0546875 0.028125 
0 0.13984375 0.07421875 0.0515625 0.0265625 
0 0.1875 0.08125 0.05 0.025 
0 0.1953125 0.10859375 0.04375 0.0265625 
0 0.2015625 0.13671875 0.0625 0.0296875 
0 0.05 0.940625 0.0375 0.034375 
0 0.0578125 0.97890625 0.0375 0.0328125 
