1 0.14375 0.7828125 0.065625 0.03125 
1 0.70234375 0.3453125 0.0734375 0.034375 
1 0.70390625 0.32109375 0.0703125 0.0390625 
1 0.696875 0.3 0.071875 0.034375 
1 0.67265625 0.2828125 0.1140625 0.046875 
1 0.7 0.25 0.071875 0.034375 
1 0.69296875 0.23046875 0.0859375 0.0390625 
1 0.69375 0.20625 0.078125 0.0375 
1 0.66953125 0.1875 0.1203125 0.046875 
1 0.05234375 0.16328125 0.0640625 0.1203125 
1 0.63125 0.5109375 0.0875 0.109375 
1 0.5296875 0.5125 0.09375 0.040625 
0 0.56015625 0.64453125 0.0234375 0.0359375 
0 0.54140625 0.6515625 0.0234375 0.0375 
0 0.2421875 0.07265625 0.021875 0.0359375 
0 0.25859375 0.0703125 0.0234375 0.0375 
0 0.27578125 0.0640625 0.0171875 0.034375 
0 0.29453125 0.059375 0.0171875 0.03125 
0 0.3125 0.05625 0.01875 0.03125 
0 0.32890625 0.05234375 0.0203125 0.0328125 
0 0.33203125 0.2859375 0.0421875 0.046875 
0 0.359375 0.28359375 0.046875 0.0515625 
0 0.38984375 0.27578125 0.0453125 0.0515625 
0 0.41171875 0.27578125 0.0453125 0.0484375 
0 0.43203125 0.28203125 0.0390625 0.0421875 
0 0.34609375 0.046875 0.0203125 0.03125 
0 0.3625 0.046875 0.021875 0.0375 
0 0.3796875 0.04375 0.021875 0.0375 
0 0.396875 0.03671875 0.01875 0.0359375 
0 0.41484375 0.03125 0.0234375 0.0375 
0 0.43125 0.028125 0.021875 0.0375 
0 0.48046875 0.01875 0.0203125 0.03125 
0 0.5265625 0.42109375 0.05 0.0296875 
0 0.6796875 0.55625 0.03125 0.0375 
0 0.190625 0.0796875 0.01875 0.0375 
0 0.20859375 0.07734375 0.0203125 0.0359375 
0 0.1703125 0.30859375 0.03125 0.0234375 
0 0.0515625 0.42265625 0.0375 0.0234375 
0 0.1328125 0.5578125 0.040625 0.021875 
0 0.1484375 0.6296875 0.034375 0.025 
0 0.09609375 0.63984375 0.0328125 0.0234375 
0 0.01640625 0.65 0.0296875 0.028125 
0 0.2140625 0.8421875 0.040625 0.034375 
0 0.2265625 0.0765625 0.021875 0.0375 
0 0.30234375 0.29296875 0.0484375 0.0546875 
0 0.27421875 0.29921875 0.0421875 0.0484375 
0 0.25625 0.2953125 0.04375 0.05 
0 0.1296875 0.68984375 0.046875 0.0296875 
0 0.1078125 0.71328125 0.0375 0.0234375 
0 0.153125 0.65703125 0.0375 0.0234375 
0 0.14140625 0.6125 0.0328125 0.025 
0 0.1328125 0.5765625 0.03125 0.025 
0 0.1015625 0.66640625 0.034375 0.0234375 
0 0.140625 0.825 0.046875 0.028125 
0 0.14921875 0.8921875 0.0546875 0.028125 
0 0.13984375 0.91796875 0.0515625 0.0265625 
0 0.1875 0.925 0.05 0.025 
0 0.1953125 0.95234375 0.04375 0.0265625 
0 0.2015625 0.98046875 0.0625 0.0296875 
0 0.12109375 0.51484375 0.0328125 0.0203125 
0 0.05390625 0.446875 0.0328125 0.025 
0 0.08359375 0.26171875 0.0234375 0.0421875 
0 0.240625 0.26015625 0.05 0.0328125 
0 0.225 0.16875 0.04375 0.028125 
0 0.00546875 0.5671875 0.0078125 0.028125 
0 0.12890625 0.53984375 0.0390625 0.0265625 
0 0.1171875 0.49375 0.0375 0.028125 
0 0.025 0.3421875 0.0375 0.025 
0 0.07578125 0.3515625 0.0421875 0.028125 
0 0.0828125 0.37265625 0.0375 0.0265625 
0 0.04453125 0.38046875 0.0390625 0.0265625 
0 0.04765625 0.40234375 0.0359375 0.0234375 
