0 0.15234375 0.1015625 0.0296875 0.03125 
0 0.1640625 0.08828125 0.034375 0.0359375 
0 0.1796875 0.07578125 0.03125 0.0328125 
0 0.19453125 0.06484375 0.0296875 0.0328125 
0 0.203125 0.05390625 0.034375 0.0359375 
0 0.2171875 0.03984375 0.03125 0.0359375 
0 0.30625 0.0765625 0.034375 0.034375 
0 0.2859375 0.17109375 0.0375 0.0421875 
0 0.3546875 0.1171875 0.03125 0.034375 
0 0.3671875 0.1015625 0.0375 0.040625 
0 0.37890625 0.0921875 0.0296875 0.03125 
0 0.3859375 0.0734375 0.03125 0.034375 
0 0.39921875 0.05859375 0.0421875 0.0453125 
0 0.29140625 0.821875 0.0359375 0.034375 
0 0.05390625 0.3703125 0.0328125 0.028125 
0 0.07109375 0.359375 0.0328125 0.034375 
0 0.08046875 0.3453125 0.0296875 0.03125 
0 0.12265625 0.28984375 0.0296875 0.0328125 
0 0.10859375 0.29765625 0.0265625 0.0296875 
0 0.10546875 0.31640625 0.0328125 0.0328125 
0 0.2 0.33828125 0.03125 0.0328125 
0 0.22421875 0.3203125 0.0296875 0.034375 
0 0.2390625 0.31015625 0.03125 0.0328125 
0 0.209375 0.74453125 0.03125 0.0328125 
0 0.2515625 0.7109375 0.040625 0.040625 
0 0.26640625 0.6953125 0.0390625 0.0375 
0 0.334375 0.77578125 0.034375 0.0328125 
0 0.321875 0.7875 0.03125 0.03125 
0 0.125 0.12421875 0.028125 0.0328125 
0 0.11171875 0.13828125 0.0296875 0.0296875 
0 0.05625 0.22421875 0.028125 0.0203125 
1 0.31640625 0.42890625 0.0734375 0.0734375 
1 0.3421875 0.40625 0.075 0.075 
1 0.3546875 0.38828125 0.0625 0.0640625 
1 0.371875 0.38203125 0.078125 0.0765625 
1 0.38125 0.3609375 0.065625 0.065625 
1 0.4046875 0.35390625 0.08125 0.0796875 
1 0.4171875 0.33828125 0.078125 0.0765625 
1 0.4328125 0.32890625 0.08125 0.0765625 
1 0.44609375 0.31171875 0.0828125 0.0796875 
1 0.46171875 0.29765625 0.0859375 0.0828125 
1 0.4796875 0.28515625 0.078125 0.0828125 
1 0.4890625 0.2671875 0.06875 0.071875 
1 0.50546875 0.2546875 0.0703125 0.071875 
1 0.51953125 0.24453125 0.0703125 0.0734375 
1 0.596875 0.22890625 0.05 0.0453125 
1 0.496875 0.078125 0.071875 0.06875 
1 0.5140625 0.0921875 0.071875 0.065625 
1 0.52734375 0.115625 0.0765625 0.065625 
1 0.55234375 0.12890625 0.0890625 0.0703125 
1 0.69609375 0.21015625 0.0734375 0.0671875 
1 0.709375 0.23046875 0.06875 0.0578125 
1 0.7296875 0.25078125 0.071875 0.0671875 
1 0.74765625 0.2625 0.0828125 0.075 
1 0.6453125 0.31875 0.075 0.065625 
1 0.66484375 0.3296875 0.0890625 0.071875 
1 0.6765625 0.34375 0.0875 0.06875 
1 0.69609375 0.35390625 0.0828125 0.0703125 
1 0.37890625 0.465625 0.0703125 0.06875 
1 0.39296875 0.4796875 0.0671875 0.06875 
0 0.2296875 0.83203125 0.034375 0.0328125 
0 0.4171875 0.0515625 0.03125 0.034375 
0 0.89296875 0.496875 0.0359375 0.0375 
0 0.64765625 0.56171875 0.0390625 0.0390625 
0 0.075 0.028125 0.034375 0.034375 
0 0.01015625 0.0796875 0.0171875 0.03125 
0 0.7796875 0.28125 0.028125 0.028125 
0 0.76640625 0.2921875 0.0265625 0.025 
0 0.81875 0.3078125 0.028125 0.03125 
1 0.790625 0.2640625 0.0375 0.040625 
0 0.203125 0.4328125 0.03125 0.03125 
0 0.00859375 0.56796875 0.0140625 0.0328125 
0 0.0140625 0.578125 0.025 0.03125 
0 0.71640625 0.415625 0.0328125 0.034375 
0 0.74609375 0.47734375 0.0359375 0.0359375 
0 0.6640625 0.453125 0.034375 0.034375 
0 0.86953125 0.5671875 0.0296875 0.03125 
0 0.43046875 0.04296875 0.0328125 0.0359375 
0 0.85 0.51875 0.03125 0.03125 
0 0.82265625 0.61015625 0.0296875 0.0296875 
0 0.77421875 0.6546875 0.0296875 0.03125 
0 0.6765625 0.6921875 0.04375 0.04375 
0 0.55390625 0.6765625 0.0359375 0.034375 
0 0.38125 0.715625 0.03125 0.03125 
0 0.4859375 0.771875 0.028125 0.03125 
0 0.5171875 0.8046875 0.03125 0.03125 
0 0.640625 0.83125 0.028125 0.03125 
0 0.65390625 0.8421875 0.0296875 0.03125 
0 0.55546875 0.84609375 0.0359375 0.0359375 
0 0.87265625 0.80078125 0.0390625 0.0359375 
0 0.85546875 0.8328125 0.0328125 0.028125 
0 0.92109375 0.52578125 0.0328125 0.0359375 
0 0.09609375 0.01953125 0.0390625 0.0390625 
0 0.98359375 0.12578125 0.0296875 0.0328125 
0 0.95 0.16015625 0.03125 0.0328125 
0 0.78359375 0.4484375 0.0359375 0.040625 
0 0.44609375 0.0328125 0.0359375 0.0375 
0 0.45703125 0.02265625 0.0328125 0.0359375 
0 0.56640625 0.184375 0.0328125 0.03125 
0 0.4515625 0.6484375 0.03125 0.034375 
0 0.4828125 0.68515625 0.034375 0.0359375 
0 0.496875 0.69375 0.034375 0.040625 
0 0.5109375 0.70625 0.0375 0.040625 
0 0.51796875 0.72109375 0.0328125 0.0359375 
0 0.53828125 0.72734375 0.0484375 0.0484375 
0 0.5484375 0.73984375 0.046875 0.0453125 
0 0.42109375 0.80234375 0.0359375 0.0390625 
0 0.4203125 0.759375 0.03125 0.03125 
0 0.4484375 0.73203125 0.03125 0.0328125 
0 0.459375 0.746875 0.028125 0.03125 
0 0.590625 0.78359375 0.034375 0.0359375 
0 0.6015625 0.79765625 0.034375 0.0359375 
0 0.61484375 0.81015625 0.0296875 0.0328125 
0 0.6296875 0.81875 0.0375 0.0375 
0 0.69296875 0.80078125 0.0328125 0.0359375 
0 0.77734375 0.6078125 0.0359375 0.0375 
0 0.87265625 0.1453125 0.0359375 0.0375 
0 0.8203125 0.72734375 0.034375 0.0328125 
0 0.8015625 0.7703125 0.034375 0.034375 
0 0.90234375 0.64609375 0.0359375 0.0421875 
0 0.98125 0.6609375 0.028125 0.03125 
0 0.9421875 0.4546875 0.03125 0.0375 
0 0.96953125 0.41171875 0.0328125 0.0328125 
0 0.959375 0.4453125 0.028125 0.03125 
0 0.80390625 0.42109375 0.0328125 0.0359375 
1 0.28671875 0.3390625 0.0703125 0.0625 
