1 0.54453125 0.74609375 0.1046875 0.0703125 
1 0.25078125 0.57265625 0.1234375 0.0421875 
1 0.553125 0.59375 0.121875 0.06875 
1 0.54375 0.6375 0.13125 0.075 
1 0.2375 0.678125 0.1125 0.04375 
1 0.24453125 0.72421875 0.0890625 0.0390625 
1 0.240625 0.77265625 0.090625 0.0328125 
1 0.53828125 0.8046875 0.1078125 0.084375 
1 0.496875 0.9890625 0.071875 0.021875 
1 0.53515625 0.89609375 0.1359375 0.0953125 
1 0.246875 0.8296875 0.11875 0.046875 
1 0.259375 0.88671875 0.103125 0.0484375 
1 0.5015625 0.953125 0.134375 0.09375 
1 0.23671875 0.925 0.1015625 0.05 
1 0.2546875 0.97734375 0.109375 0.0453125 
0 0.75703125 0.74765625 0.0578125 0.0328125 
0 0.7546875 0.67421875 0.06875 0.0328125 
0 0.55625 0.24609375 0.04375 0.0984375 
0 0.5140625 0.23828125 0.03125 0.0734375 
1 0.64375 0.284375 0.04375 0.13125 
1 0.2875 0.4578125 0.115625 0.034375 
