1 0.41796875 0.6921875 0.1234375 0.11875 
1 0.5421875 0.62734375 0.121875 0.1234375 
1 0.54453125 0.68046875 0.1234375 0.1203125 
1 0.5484375 0.73515625 0.115625 0.1203125 
1 0.83046875 0.709375 0.1140625 0.11875 
1 0.5453125 0.79921875 0.11875 0.1203125 
1 0.528125 0.875 0.121875 0.115625 
1 0.55625 0.903125 0.121875 0.11875 
1 0.821875 0.83203125 0.121875 0.1171875 
1 0.41953125 0.96171875 0.1234375 0.0765625 
1 0.421875 0.9890625 0.121875 0.021875 
1 0.52734375 0.99375 0.1203125 0.0125 
1 0.82265625 0.971875 0.1234375 0.05625 
1 0.41796875 0.575 0.1203125 0.121875 
1 0.8171875 0.5484375 0.11875 0.115625 
1 0.83046875 0.4796875 0.1234375 0.11875 
1 0.28984375 0.06171875 0.0703125 0.1203125 
1 0.41796875 0.16328125 0.1203125 0.1203125 
1 0.825 0.07734375 0.128125 0.1234375 
1 0.53671875 0.2234375 0.1203125 0.121875 
1 0.41640625 0.22734375 0.1203125 0.1234375 
1 0.41328125 0.2890625 0.1203125 0.121875 
1 0.4171875 0.34453125 0.121875 0.1203125 
1 0.52109375 0.29765625 0.1171875 0.1203125 
1 0.5234375 0.3515625 0.121875 0.11875 
1 0.41484375 0.40234375 0.1203125 0.1203125 
1 0.415625 0.46328125 0.125 0.1234375 
1 0.51875 0.4125 0.125 0.11875 
1 0.5265625 0.465625 0.11875 0.11875 
1 0.41171875 0.525 0.1203125 0.121875 
1 0.83828125 0.35625 0.1234375 0.11875 
0 0.3953125 0.125 0.06875 0.059375 
1 0.93515625 0.9484375 0.1203125 0.103125 
1 0.92890625 0.43125 0.1140625 0.125 
1 0.93671875 0.97734375 0.1203125 0.0453125 
