0 0.84609375 0.7484375 0.0765625 0.034375 
0 0.84375 0.78359375 0.06875 0.0328125 
0 0.71328125 0.0796875 0.0515625 0.05 
0 0.74765625 0.1296875 0.0671875 0.0625 
0 0.7953125 0.16640625 0.053125 0.0515625 
0 0.81875 0.1921875 0.05625 0.046875 
0 0.8546875 0.24140625 0.05625 0.0515625 
1 0.5234375 0.3625 0.125 0.128125 
1 0.353125 0.24453125 0.121875 0.1265625 
1 0.20234375 0.38671875 0.1140625 0.1234375 
1 0.309375 0.3765625 0.11875 0.125 
1 0.415625 0.37421875 0.128125 0.1328125 
1 0.4640625 0.36640625 0.1125 0.1203125 
