1 0.62734375 0.45859375 0.1390625 0.1015625 
1 0.6078125 0.4921875 0.125 0.090625 
1 0.575 0.52109375 0.14375 0.1015625 
1 0.55703125 0.5546875 0.1453125 0.103125 
1 0.5328125 0.58359375 0.146875 0.1015625 
1 0.14921875 0.58984375 0.1640625 0.0515625 
1 0.515625 0.61875 0.140625 0.09375 
1 0.49765625 0.65390625 0.1390625 0.1015625 
1 0.47734375 0.68515625 0.1421875 0.1015625 
1 0.46015625 0.7171875 0.1421875 0.103125 
1 0.4390625 0.74921875 0.140625 0.1015625 
1 0.4203125 0.784375 0.146875 0.10625 
1 0.3984375 0.81796875 0.14375 0.1046875 
1 0.09140625 0.76640625 0.1265625 0.0515625 
0 0.25078125 0.0453125 0.0546875 0.075 
0 0.26328125 0.12734375 0.0484375 0.0734375 
0 0.21875 0.28828125 0.071875 0.0390625 
0 0.753125 0.31640625 0.096875 0.0765625 
0 0.78359375 0.25625 0.0953125 0.078125 
0 0.59296875 0.09765625 0.0765625 0.1078125 
0 0.54921875 0.08515625 0.0703125 0.0984375 
0 0.51328125 0.07265625 0.0734375 0.1046875 
0 0.47421875 0.06328125 0.0671875 0.0984375 
0 0.4359375 0.0515625 0.06875 0.1 
1 0.68515625 0.36171875 0.1390625 0.1078125 
