0 0.08671875 0.475 0.0140625 0.025 
0 0.0703125 0.4703125 0.0125 0.03125 
0 0.1453125 0.4828125 0.015625 0.028125 
0 0.11328125 0.4796875 0.0140625 0.028125 
0 0.16171875 0.484375 0.0140625 0.028125 
0 0.9859375 0.05625 0.015625 0.025 
0 0.9296875 0.678125 0.015625 0.03125 
0 0.9734375 0.20625 0.01875 0.03125 
0 0.96640625 0.28203125 0.0171875 0.0328125 
0 0.96171875 0.3203125 0.0171875 0.034375 
0 0.95625 0.3984375 0.01875 0.0375 
0 0.93359375 0.428125 0.0171875 0.028125 
0 0.95390625 0.43984375 0.0171875 0.0296875 
0 0.9484375 0.47734375 0.015625 0.0296875 
0 0.94453125 0.5328125 0.0171875 0.03125 
0 0.9375 0.6078125 0.01875 0.03125 
0 0.92265625 0.75703125 0.0171875 0.0328125 
0 0.190625 0.4859375 0.0125 0.025 
0 0.91875 0.80078125 0.01875 0.0328125 
0 0.58515625 0.49453125 0.0265625 0.0140625 
0 0.584375 0.51328125 0.028125 0.0203125 
0 0.51796875 0.515625 0.0171875 0.03125 
0 0.40390625 0.50546875 0.0140625 0.0265625 
0 0.303125 0.49140625 0.015625 0.0296875 
0 0.28828125 0.49375 0.0140625 0.028125 
0 0.27421875 0.49140625 0.0171875 0.0328125 
0 0.20390625 0.48828125 0.0140625 0.0234375 
