0 0.35546875 0.2015625 0.0390625 0.0375 
0 0.0390625 0.1890625 0.03125 0.0375 
0 0.053125 0.1984375 0.021875 0.034375 
0 0.071875 0.20625 0.025 0.034375 
0 0.12109375 0.225 0.0359375 0.03125 
0 0.12734375 0.21015625 0.0328125 0.0328125 
0 0.13671875 0.19609375 0.0359375 0.0328125 
0 0.1453125 0.18203125 0.034375 0.0265625 
0 0.21015625 0.19609375 0.0296875 0.0390625 
0 0.22421875 0.203125 0.0265625 0.0375 
0 0.23828125 0.21328125 0.0265625 0.0359375 
0 0.2515625 0.22109375 0.03125 0.0390625 
1 0.92421875 0.05234375 0.0796875 0.0859375 
1 0.68046875 0.29609375 0.0765625 0.0890625 
1 0.42265625 0.1453125 0.0953125 0.084375 
1 0.40703125 0.1703125 0.0953125 0.0875 
1 0.38515625 0.34765625 0.0828125 0.0953125 
1 0.55625 0.18671875 0.078125 0.0890625 
1 0.61015625 0.23359375 0.0796875 0.0890625 
1 0.62890625 0.24765625 0.0765625 0.0890625 
1 0.646875 0.26328125 0.078125 0.0890625 
1 0.73515625 0.3421875 0.0796875 0.0875 
1 0.85234375 0.01796875 0.0796875 0.0328125 
1 0.50390625 0.421875 0.0859375 0.096875 
1 0.6015625 0.51796875 0.084375 0.0953125 
0 0.26796875 0.22578125 0.0296875 0.0421875 
0 0.27890625 0.234375 0.0296875 0.040625 
0 0.29609375 0.24140625 0.0296875 0.0359375 
0 0.2203125 0.571875 0.0375 0.0375 
0 0.3890625 0.68203125 0.034375 0.0390625 
0 0.41640625 0.7078125 0.0296875 0.0375 
0 0.31171875 0.2484375 0.0296875 0.040625 
0 0.46015625 0.02265625 0.0296875 0.0296875 
0 0.1609375 0.534375 0.05625 0.053125 
0 0.1046875 0.475 0.021875 0.034375 
0 0.04609375 0.425 0.0265625 0.034375 
0 0.06953125 0.2625 0.0359375 0.03125 
0 0.32421875 0.2546875 0.0296875 0.04375 
0 0.33828125 0.2640625 0.0265625 0.0375 
0 0.3546875 0.2703125 0.025 0.040625 
0 0.36796875 0.27890625 0.0296875 0.0421875 
0 0.3109375 0.3390625 0.021875 0.034375 
0 0.29375 0.33671875 0.021875 0.0359375 
0 0.27890625 0.3265625 0.0203125 0.03125 
0 0.2625 0.325 0.021875 0.03125 
0 0.2484375 0.31640625 0.025 0.0328125 
0 0.23359375 0.30859375 0.0234375 0.0296875 
0 0.21875 0.30078125 0.025 0.0359375 
0 0.2015625 0.3015625 0.025 0.034375 
0 0.1859375 0.2953125 0.025 0.03125 
0 0.17109375 0.28828125 0.0234375 0.0328125 
0 0.15625 0.2796875 0.028125 0.0375 
