0 0.00625 0.7203125 0.009375 0.0375 
1 0.70703125 0.475 0.0921875 0.08125 
1 0.56015625 0.57109375 0.0796875 0.0859375 
0 0.184375 0.4359375 0.03125 0.03125 
1 0.31640625 0.81484375 0.0765625 0.0890625 
1 0.05859375 0.6640625 0.0953125 0.084375 
1 0.04609375 0.6890625 0.0890625 0.0875 
1 0.03203125 0.86640625 0.0609375 0.0953125 
1 0.1921875 0.70546875 0.078125 0.0890625 
1 0.24609375 0.75234375 0.0796875 0.0890625 
1 0.26484375 0.76640625 0.0765625 0.0890625 
1 0.2828125 0.78203125 0.078125 0.0890625 
1 0.37109375 0.8609375 0.0796875 0.0875 
1 0.48828125 0.509375 0.0796875 0.0875 
1 0.13984375 0.940625 0.0859375 0.096875 
1 0.2375 0.99453125 0.084375 0.0109375 
1 0.37578125 0.38671875 0.0859375 0.0921875 
1 0.38359375 0.41796875 0.0796875 0.0859375 
1 0.41875 0.4484375 0.078125 0.0875 
1 0.43671875 0.46328125 0.0765625 0.0890625 
1 0.49765625 0.45390625 0.0703125 0.1015625 
0 0.47734375 0.07265625 0.0265625 0.0359375 
0 0.43359375 0.0953125 0.0296875 0.040625 
0 0.38984375 0.07265625 0.0234375 0.0359375 
0 0.43515625 0.05 0.0265625 0.034375 
0 0.4625 0.08203125 0.025 0.0390625 
0 0.52734375 0.12421875 0.0359375 0.0234375 
0 0.528125 0.10546875 0.025 0.0171875 
0 0.25625 0.3546875 0.034375 0.034375 
0 0.24765625 0.36796875 0.0296875 0.0328125 
0 0.5484375 0.14453125 0.03125 0.0171875 
0 0.09609375 0.54140625 0.0296875 0.0296875 
0 0.22734375 0.39296875 0.0265625 0.0265625 
0 0.21640625 0.40390625 0.0265625 0.0265625 
0 0.01015625 0.79765625 0.0171875 0.0421875 
1 0.1703125 0.37109375 0.09375 0.0890625 
