1 0.14296875 0.5421875 0.1078125 0.15625 
1 0.17109375 0.621875 0.1015625 0.165625 
1 0.07265625 0.8953125 0.1421875 0.115625 
1 0.05625 0.94296875 0.109375 0.1109375 
1 0.0453125 0.96875 0.0875 0.0625 
1 0.0265625 0.9890625 0.05 0.021875 
1 0.1046875 0.40234375 0.10625 0.1609375 
1 0.07734375 0.3390625 0.1015625 0.15625 
1 0.00546875 0.0328125 0.0078125 0.0625 
1 0.346875 0.28828125 0.1 0.1609375 
1 0.25390625 0.0421875 0.1078125 0.08125 
1 0.01796875 0.06796875 0.0328125 0.1328125 
1 0.0296875 0.115625 0.05625 0.15625 
1 0.04140625 0.19296875 0.0796875 0.1546875 
1 0.053125 0.25625 0.1 0.1625 
1 0.27421875 0.07578125 0.1015625 0.1484375 
1 0.384375 0.0296875 0.1 0.05625 
1 0.4015625 0.06796875 0.109375 0.1328125 
1 0.43359375 0.11328125 0.1046875 0.1640625 
1 0.32109375 0.2109375 0.1046875 0.159375 
