1 0.93046875 0.47890625 0.1390625 0.1234375 
1 0.9046875 0.4390625 0.146875 0.13125 
1 0.86953125 0.403125 0.1421875 0.128125 
1 0.7828125 0.2859375 0.15625 0.1375 
1 0.96875 0.12890625 0.0625 0.1765625 
1 0.75703125 0.565625 0.1546875 0.1375 
1 0.79140625 0.59921875 0.1484375 0.1359375 
1 0.82109375 0.63671875 0.1546875 0.1359375 
1 0.91875 0.61875 0.1 0.090625 
1 0.98046875 0.59453125 0.0390625 0.1390625 
1 0.98203125 0.53203125 0.0359375 0.1046875 
1 0.553125 0.0546875 0.159375 0.10625 
1 0.72421875 0.528125 0.1515625 0.1375 
1 0.69140625 0.4921875 0.1578125 0.1375 
1 0.6640625 0.4546875 0.153125 0.1375 
1 0.628125 0.41875 0.153125 0.134375 
1 0.596875 0.38359375 0.153125 0.1359375 
1 0.56484375 0.34765625 0.1515625 0.1359375 
1 0.68828125 0.18125 0.1546875 0.134375 
1 0.6515625 0.15078125 0.153125 0.1328125 
1 0.62109375 0.10859375 0.1078125 0.1015625 
1 0.5875 0.06953125 0.10625 0.0921875 
1 0.53046875 0.3109375 0.1515625 0.134375 
1 0.5 0.27578125 0.153125 0.1359375 
1 0.465625 0.2390625 0.15625 0.1375 
1 0.44140625 0.1921875 0.1546875 0.1375 
