1 0.14375 0.97578125 0.13125 0.0484375 
1 0.10703125 0.9890625 0.1328125 0.021875 
1 0.071875 0.8578125 0.13125 0.146875 
1 0.09453125 0.809375 0.1390625 0.1625 
1 0.13203125 0.78359375 0.1359375 0.1578125 
1 0.18046875 0.54765625 0.1390625 0.1546875 
1 0.17890625 0.6125 0.1328125 0.15 
1 0.10625 0.59921875 0.140625 0.1640625 
1 0.01796875 0.65859375 0.0328125 0.1546875 
1 0.0109375 0.71484375 0.01875 0.1609375 
1 0.2234375 0.04453125 0.146875 0.0859375 
0 0.70859375 0.4015625 0.0828125 0.05625 
0 0.53125 0.046875 0.075 0.06875 
0 0.6265625 0.23671875 0.075 0.0578125 
0 0.609375 0.20546875 0.08125 0.0578125 
0 0.59765625 0.18046875 0.0734375 0.0515625 
0 0.58359375 0.146875 0.0828125 0.0625 
0 0.565625 0.11015625 0.065625 0.0546875 
0 0.53828125 0.08515625 0.0703125 0.0578125 
0 0.4828125 0.04375 0.096875 0.084375 
0 0.1796875 0.0140625 0.096875 0.025 
0 0.71640625 0.43125 0.0640625 0.046875 
0 0.65625 0.45859375 0.08125 0.0671875 
0 0.72734375 0.46015625 0.0734375 0.0546875 
0 0.66875 0.49375 0.075 0.0625 
0 0.8671875 0.7625 0.06875 0.05625 
0 0.7703125 0.72109375 0.09375 0.1046875 
0 0.85078125 0.70703125 0.0828125 0.0609375 
0 0.83046875 0.6828125 0.0765625 0.05625 
0 0.81953125 0.64921875 0.0703125 0.0578125 
0 0.8046875 0.61875 0.071875 0.053125 
0 0.69609375 0.6390625 0.0953125 0.103125 
0 0.78046875 0.590625 0.0640625 0.05625 
0 0.74140625 0.57421875 0.1078125 0.0734375 
0 0.6234375 0.5484375 0.096875 0.109375 
0 0.7203125 0.5390625 0.115625 0.075 
0 0.74296875 0.48828125 0.0703125 0.0546875 
0 0.68359375 0.51953125 0.0671875 0.0609375 
0 0.48984375 0.12421875 0.0671875 0.0640625 
1 0.33125 0.64921875 0.134375 0.1546875 
1 0.2421875 0.92578125 0.13125 0.1484375 
1 0.215625 0.94140625 0.14375 0.1171875 
1 0.6328125 0.8578125 0.146875 0.165625 
1 0.66796875 0.82890625 0.1515625 0.1671875 
1 0.4828125 0.61171875 0.15 0.1703125 
1 0.4234375 0.61484375 0.146875 0.1671875 
1 0.37421875 0.6265625 0.1359375 0.15 
1 0.2328125 0.75 0.140625 0.159375 
0 0.43515625 0.13125 0.1046875 0.096875 
1 0.48046875 0.38125 0.1484375 0.165625 
1 0.3984375 0.35546875 0.134375 0.1484375 
1 0.36640625 0.39609375 0.1390625 0.1578125 
1 0.27890625 0.43671875 0.1390625 0.1640625 
1 0.2515625 0.478125 0.134375 0.15 
1 0.21015625 0.50546875 0.1359375 0.1546875 
1 0.3453125 0.10078125 0.15 0.1359375 
0 0.3875 0.12578125 0.103125 0.0984375 
0 0.3578125 0.03828125 0.1 0.0734375 
0 0.25234375 0.0578125 0.0984375 0.09375 
1 0.40859375 0.984375 0.1296875 0.03125 
