1 0.17421875 0.78125 0.0453125 0.08125 
1 0.25078125 0.77890625 0.0515625 0.0828125 
1 0.275 0.775 0.053125 0.08125 
1 0.0859375 0.22109375 0.059375 0.0828125 
1 0.11328125 0.21796875 0.0578125 0.0828125 
1 0.16875 0.2140625 0.0625 0.08125 
1 0.19921875 0.2125 0.0640625 0.084375 
1 0.2296875 0.21015625 0.0625 0.0828125 
1 0.31640625 0.209375 0.0671875 0.0875 
1 0.34921875 0.2078125 0.0640625 0.08125 
1 0.3796875 0.20703125 0.0625 0.0828125 
1 0.40859375 0.20546875 0.0671875 0.0828125 
1 0.49921875 0.20703125 0.0703125 0.0890625 
1 0.43828125 0.20234375 0.0640625 0.0796875 
1 0.53515625 0.20625 0.0703125 0.084375 
0 0.7296875 0.3578125 0.01875 0.034375 
0 0.01328125 0.2015625 0.0234375 0.015625 
0 0.01484375 0.24140625 0.0265625 0.0171875 
0 0.0171875 0.275 0.03125 0.01875 
0 0.0140625 0.31015625 0.028125 0.0171875 
0 0.02109375 0.3265625 0.0296875 0.01875 
0 0.015625 0.34453125 0.025 0.0171875 
0 0.01953125 0.37734375 0.0328125 0.0234375 
0 0.128125 0.38359375 0.01875 0.0328125 
0 0.18046875 0.3875 0.0140625 0.03125 
0 0.228125 0.38125 0.021875 0.034375 
0 0.54765625 0.125 0.0265625 0.015625 
0 0.690625 0.35703125 0.015625 0.0296875 
0 0.70625 0.3546875 0.015625 0.03125 
1 0.56328125 0.20390625 0.0703125 0.0859375 
1 0.59375 0.20078125 0.06875 0.0828125 
1 0.6609375 0.2015625 0.071875 0.084375 
