1 0.81171875 0.4671875 0.1609375 0.146875 
1 0.7828125 0.43046875 0.15625 0.1453125 
1 0.84921875 0.24609375 0.1546875 0.1328125 
1 0.83046875 0.19140625 0.1484375 0.1359375 
1 0.6875 0.31640625 0.1625 0.1453125 
1 0.64921875 0.28671875 0.1515625 0.1328125 
1 0.62109375 0.24453125 0.1578125 0.1421875 
1 0.8484375 0.04609375 0.134375 0.0890625 
1 0.7 0.059375 0.146875 0.115625 
1 0.659375 0.0421875 0.153125 0.08125 
1 0.5546875 0.17421875 0.15 0.1359375 
1 0.49375 0.09140625 0.1625 0.1484375 
1 0.45546875 0.065625 0.1484375 0.128125 
1 0.3984375 0.02578125 0.153125 0.0484375 
1 0.89296875 0.271875 0.1578125 0.140625 
1 0.92578125 0.30234375 0.1484375 0.1421875 
1 0.9484375 0.33359375 0.103125 0.1421875 
0 0.91328125 0.4734375 0.1234375 0.115625 
0 0.6875 0.571875 0.06875 0.071875 
0 0.5703125 0.2171875 0.10625 0.09375 
0 0.64921875 0.14921875 0.1015625 0.0984375 
0 0.7375 0.0765625 0.1 0.090625 
0 0.63046875 0.01640625 0.1046875 0.0296875 
