1 0.53359375 0.0328125 0.1640625 0.0625 
1 0.55 0.0640625 0.165625 0.078125 
1 0.5625 0.10625 0.165625 0.078125 
1 0.5765625 0.1484375 0.1625 0.075 
1 0.875 0.0453125 0.134375 0.075 
1 0.89140625 0.084375 0.1296875 0.06875 
1 0.91484375 0.12109375 0.1453125 0.0703125 
1 0.928125 0.1609375 0.14375 0.075 
1 0.20703125 0.68515625 0.1671875 0.0796875 
1 0.19609375 0.64765625 0.1671875 0.0765625 
1 0.1828125 0.60625 0.1625 0.075 
1 0.01875 0.0609375 0.034375 0.11875 
1 0.06484375 0.15078125 0.1265625 0.0734375 
1 0.07109375 0.1921875 0.1390625 0.084375 
1 0.36640625 0.0703125 0.1640625 0.075 
1 0.37890625 0.11015625 0.1671875 0.0734375 
1 0.390625 0.153125 0.165625 0.071875 
1 0.07734375 0.23125 0.1515625 0.078125 
1 0.0828125 0.27578125 0.159375 0.0796875 
1 0.09609375 0.31640625 0.1640625 0.0765625 
1 0.1078125 0.35859375 0.1625 0.0734375 
1 0.1203125 0.39765625 0.165625 0.0734375 
1 0.13359375 0.440625 0.1640625 0.075 
1 0.14453125 0.48046875 0.1640625 0.0734375 
1 0.1578125 0.521875 0.165625 0.075 
1 0.16953125 0.5640625 0.1640625 0.08125 
1 0.934375 0.20234375 0.13125 0.0796875 
1 0.940625 0.240625 0.11875 0.075 
1 0.94609375 0.2765625 0.1078125 0.08125 
0 0.0765625 0.0546875 0.04375 0.06875 
0 0.6 0.81484375 0.05625 0.0328125 
0 0.6859375 0.79375 0.053125 0.03125 
0 0.684375 0.92109375 0.04375 0.0640625 
1 0.95234375 0.31875 0.0953125 0.075 
1 0.95703125 0.3578125 0.0859375 0.075 
1 0.9640625 0.39375 0.071875 0.08125 
1 0.66171875 0.43984375 0.1609375 0.0765625 
1 0.84765625 0.44140625 0.1359375 0.1359375 
1 0.496875 0.503125 0.1625 0.078125 
1 0.675 0.484375 0.159375 0.078125 
1 0.5109375 0.54609375 0.1625 0.0765625 
1 0.52265625 0.58515625 0.1640625 0.0765625 
1 0.68828125 0.5265625 0.1640625 0.078125 
1 0.70078125 0.56875 0.1640625 0.075 
1 0.53359375 0.6265625 0.1640625 0.078125 
1 0.73203125 0.60703125 0.1296875 0.0671875 
1 0.96875 0.4375 0.0625 0.08125 
1 0.9734375 0.47578125 0.053125 0.0734375 
1 0.98046875 0.51796875 0.0390625 0.0671875 
1 0.590625 0.7484375 0.1625 0.078125 
