1 0.44765625 0.2125 0.0671875 0.034375 
1 0.4328125 0.22734375 0.065625 0.0390625 
1 0.409375 0.23671875 0.065625 0.0421875 
1 0.39296875 0.2515625 0.0578125 0.04375 
1 0.37109375 0.25859375 0.0609375 0.0484375 
1 0.35625 0.2703125 0.059375 0.05 
1 0.33359375 0.28125 0.0609375 0.046875 
1 0.31640625 0.29609375 0.0609375 0.0453125 
1 0.28984375 0.30390625 0.0546875 0.0390625 
1 0.8296875 0.1109375 0.046875 0.040625 
0 0.13984375 0.2953125 0.0359375 0.028125 
1 0.8484375 0.14453125 0.053125 0.0421875 
1 0.89765625 0.22265625 0.0484375 0.0390625 
1 0.9046875 0.240625 0.05 0.040625 
1 0.2734375 0.315625 0.05625 0.0375 
1 0.55078125 0.07734375 0.0453125 0.0578125 
1 0.40234375 0.16796875 0.0453125 0.0609375 
1 0.328125 0.20546875 0.046875 0.0609375 
1 0.3 0.22421875 0.04375 0.0578125 
1 0.26640625 0.24453125 0.0484375 0.0609375 
1 0.46484375 0.20078125 0.0671875 0.0328125 
1 0.48671875 0.1890625 0.0578125 0.03125 
1 0.50703125 0.1765625 0.0578125 0.028125 
1 0.03515625 0.525 0.0390625 0.05 
1 0.2125 0.59765625 0.04375 0.0609375 
1 0.2 0.61171875 0.0375 0.0515625 
1 0.1671875 0.6296875 0.04375 0.059375 
1 0.15078125 0.6375 0.0421875 0.059375 
1 0.1328125 0.6484375 0.04375 0.0625 
1 0.59765625 0.3875 0.0390625 0.053125 
1 0.57890625 0.3953125 0.0390625 0.053125 
1 0.4890625 0.38203125 0.0625 0.0453125 
1 0.48359375 0.3609375 0.0546875 0.04375 
1 0.8046875 0.25546875 0.040625 0.0609375 
1 0.75859375 0.2765625 0.0578125 0.04375 
1 0.75078125 0.2546875 0.0578125 0.046875 
1 0.6140625 0.278125 0.0625 0.046875 
1 0.21640625 0.41171875 0.0484375 0.0640625 
1 0.16796875 0.4421875 0.0453125 0.0625 
1 0.1546875 0.45625 0.04375 0.0625 
1 0.11953125 0.4734375 0.0484375 0.059375 
1 0.07109375 0.50390625 0.0484375 0.0640625 
1 0.04609375 0.50390625 0.0421875 0.0515625 
1 0.28203125 0.2328125 0.0421875 0.0625 
1 0.24609375 0.253125 0.0484375 0.0625 
1 0.23046875 0.265625 0.0453125 0.059375 
1 0.06484375 0.20546875 0.0671875 0.0515625 
1 0.403125 0.009375 0.046875 0.015625 
1 0.38671875 0.01484375 0.0484375 0.0265625 
1 0.37109375 0.0203125 0.0484375 0.0375 
1 0.35546875 0.025 0.0484375 0.046875 
1 0.3375 0.0296875 0.05 0.05625 
1 0.32265625 0.034375 0.0484375 0.065625 
1 0.3078125 0.04375 0.046875 0.059375 
1 0.28828125 0.05 0.0484375 0.0625 
1 0.2703125 0.06015625 0.05 0.0640625 
1 0.25390625 0.0703125 0.0453125 0.0625 
1 0.23984375 0.08046875 0.0453125 0.0609375 
1 0.2234375 0.08828125 0.046875 0.0609375 
1 0.20625 0.09609375 0.04375 0.0546875 
1 0.18984375 0.10703125 0.0484375 0.0609375 
1 0.15859375 0.1265625 0.0484375 0.059375 
1 0.171875 0.1125 0.040625 0.05 
1 0.0859375 0.21640625 0.065625 0.0515625 
1 0.20859375 0.1640625 0.0640625 0.025 
1 0.215625 0.27578125 0.05 0.0640625 
1 0.3234375 0.09609375 0.0625 0.0140625 
1 0.88359375 0.2078125 0.0578125 0.04375 
1 0.87890625 0.190625 0.0515625 0.040625 
1 0.8671875 0.175 0.05625 0.040625 
1 0.8578125 0.15703125 0.05 0.0421875 
1 0.83828125 0.12734375 0.0515625 0.0453125 
1 0.8171875 0.09609375 0.059375 0.0484375 
1 0.77578125 0.03203125 0.0609375 0.0484375 
1 0.7671875 0.0203125 0.059375 0.0375 
1 0.4609375 0.015625 0.0625 0.025 
1 0.365625 0.07890625 0.065625 0.0171875 
1 0.23125 0.5890625 0.04375 0.059375 
1 0.2671875 0.5765625 0.0375 0.05 
1 0.2828125 0.5609375 0.04375 0.059375 
1 0.24921875 0.5859375 0.0390625 0.053125 
1 0.1828125 0.62109375 0.04375 0.0609375 
1 0.1984375 0.41953125 0.05 0.0640625 
1 0.1328125 0.45625 0.040625 0.05 
0 0.07890625 0.17109375 0.0359375 0.0296875 
0 0.94453125 0.265625 0.0328125 0.028125 
0 0.95859375 0.0359375 0.0234375 0.05 
0 0.8953125 0.09921875 0.046875 0.0390625 
0 0.8828125 0.08203125 0.034375 0.0328125 
0 0.87890625 0.065625 0.0390625 0.034375 
0 0.8734375 0.04921875 0.04375 0.0359375 
0 0.85859375 0.03359375 0.0390625 0.0328125 
0 0.85546875 0.015625 0.0359375 0.03125 
0 0.84609375 0.0078125 0.0421875 0.0125 
1 0.18046875 0.43046875 0.0484375 0.0640625 
1 0.1015625 0.48125 0.05 0.0625 
1 0.2984375 0.55234375 0.04375 0.0578125 
1 0.5296875 0.08125 0.040625 0.05 
1 0.49921875 0.10546875 0.0484375 0.0578125 
1 0.4828125 0.11640625 0.046875 0.0609375 
1 0.44765625 0.13515625 0.0421875 0.0640625 
1 0.434375 0.14375 0.046875 0.065625 
1 0.41796875 0.15390625 0.0484375 0.0609375 
1 0.38359375 0.17578125 0.0453125 0.0640625 
1 0.36484375 0.18203125 0.0453125 0.0640625 
1 0.55859375 0.1234375 0.0640625 0.01875 
1 0.77109375 0.296875 0.0578125 0.046875 
1 0.11328125 0.65703125 0.0421875 0.0578125 
1 0.33671875 0.50390625 0.0484375 0.0671875 
1 0.38828125 0.0609375 0.0578125 0.015625 
1 0.29140625 0.1140625 0.0578125 0.01875 
1 0.2609375 0.13046875 0.059375 0.0203125 
1 0.23125 0.1484375 0.065625 0.01875 
1 0.18125 0.1765625 0.065625 0.03125 
1 0.43046875 0.040625 0.0640625 0.01875 
1 0.3203125 0.51015625 0.04375 0.0578125 
1 0.31640625 0.5421875 0.0421875 0.05625 
1 0.51171875 0.090625 0.0390625 0.05 
1 0.56171875 0.05859375 0.0390625 0.0484375 
1 0.08515625 0.49140625 0.0484375 0.0640625 
1 0.58359375 0.0546875 0.0359375 0.05 
1 0.2578125 0.328125 0.0625 0.040625 
1 0.6078125 0.2578125 0.05625 0.046875 
1 0.625 0.359375 0.04375 0.053125 
1 0.6125 0.37578125 0.04375 0.0546875 
1 0.55 0.4125 0.034375 0.040625 
1 0.5625 0.40078125 0.034375 0.0421875 
1 0.5328125 0.41640625 0.034375 0.0390625 
1 0.521875 0.43671875 0.03125 0.0390625 
1 0.646875 0.35234375 0.034375 0.0421875 
1 0.78671875 0.0484375 0.0609375 0.046875 
1 0.79609375 0.06484375 0.0609375 0.0484375 
1 0.6203125 0.29921875 0.053125 0.0390625 
1 0.578125 0.225 0.0625 0.046875 
1 0.57734375 0.2015625 0.0546875 0.040625 
1 0.59296875 0.24296875 0.0609375 0.0484375 
1 0.46015625 0.3421875 0.0609375 0.046875 
1 0.5296875 0.159375 0.065625 0.028125 
1 0.55078125 0.14140625 0.0703125 0.0234375 
1 0.603125 0.1046875 0.05625 0.015625 
1 0.1390625 0.13359375 0.04375 0.0546875 
