1 0.9546875 0.871875 0.090625 0.1625 
1 0.9140625 0.890625 0.09375 0.165625 
1 0.8703125 0.903125 0.09375 0.16875 
1 0.8234375 0.91171875 0.090625 0.1671875 
1 0.78203125 0.928125 0.0953125 0.14375 
1 0.74140625 0.93515625 0.0890625 0.1296875 
1 0.69921875 0.94140625 0.0921875 0.1171875 
1 0.653125 0.94921875 0.09375 0.1015625 
1 0.61171875 0.95703125 0.0953125 0.0859375 
1 0.56953125 0.96484375 0.0921875 0.0703125 
1 0.525 0.9734375 0.096875 0.053125 
1 0.4859375 0.98125 0.090625 0.0375 
1 0.44296875 0.98984375 0.0890625 0.0203125 
