1 0.33671875 0.62734375 0.1546875 0.1328125 
1 0.36796875 0.665625 0.1546875 0.13125 
1 0.38984375 0.696875 0.1546875 0.128125 
1 0.4203125 0.73515625 0.153125 0.1265625 
1 0.45078125 0.77109375 0.1546875 0.1296875 
1 0.48125 0.80703125 0.15625 0.1296875 
1 0.53359375 0.875 0.1484375 0.13125 
1 0.5609375 0.90859375 0.15 0.1265625 
1 0.58984375 0.9390625 0.1546875 0.121875 
1 0.6140625 0.9578125 0.15 0.084375 
1 0.65078125 0.975 0.1546875 0.05 
1 0.16953125 0.97890625 0.1546875 0.0421875 
1 0.14453125 0.9625 0.1515625 0.075 
1 0.01484375 0.98359375 0.0265625 0.0328125 
1 0.1140625 0.94609375 0.153125 0.1078125 
1 0.0875 0.921875 0.153125 0.13125 
1 0.06640625 0.8859375 0.1296875 0.13125 
1 0.05234375 0.85078125 0.1015625 0.1296875 
1 0.03828125 0.809375 0.0734375 0.125 
1 0.025 0.77421875 0.046875 0.1296875 
0 0.80859375 0.06875 0.0421875 0.05625 
0 0.84140625 0.109375 0.0734375 0.0625 
0 0.1484375 0.46484375 0.0625 0.0515625 
0 0.20546875 0.49453125 0.0640625 0.0515625 
