1 0.2078125 0.0078125 0.0375 0.0125 
1 0.21796875 0.08046875 0.1296875 0.1390625 
1 0.4171875 0.084375 0.159375 0.04375 
1 0.4546875 0.04453125 0.15625 0.0421875 
1 0.49765625 0.0109375 0.1546875 0.01875 
1 0.41015625 0.00546875 0.1296875 0.0078125 
1 0.32265625 0.01328125 0.1265625 0.0234375 
1 0.16875 0.0296875 0.046875 0.05625 
1 0.0921875 0.07890625 0.040625 0.1546875 
0 0.4625 0.840625 0.053125 0.053125 
1 0.3875 0.1203125 0.165625 0.04375 
0 0.384375 0.75625 0.05625 0.059375 
0 0.09296875 0.6421875 0.0546875 0.046875 
0 0.20703125 0.52265625 0.0546875 0.0515625 
0 0.2625 0.46484375 0.0625 0.0546875 
0 0.284375 0.425 0.053125 0.053125 
0 0.41796875 0.290625 0.0671875 0.0625 
1 0.0109375 0.6703125 0.01875 0.134375 
1 0.0828125 0.540625 0.13125 0.134375 
1 0.228125 0.37734375 0.121875 0.1328125 
1 0.0203125 0.23515625 0.0375 0.1265625 
1 0.28828125 0.2375 0.1578125 0.04375 
1 0.31015625 0.196875 0.1578125 0.04375 
1 0.35 0.16171875 0.1625 0.0453125 
