1 0.80546875 0.425 0.0265625 0.0875 
1 0.78359375 0.41015625 0.0296875 0.0859375 
1 0.76171875 0.3984375 0.0296875 0.0875 
1 0.7390625 0.3796875 0.028125 0.084375 
1 0.7171875 0.36484375 0.028125 0.0890625 
1 0.95390625 0.2328125 0.0859375 0.028125 
1 0.8578125 0.22421875 0.0875 0.0265625 
1 0.95625 0.209375 0.0875 0.028125 
1 0.86015625 0.20078125 0.0859375 0.0265625 
1 0.95703125 0.18671875 0.0859375 0.0296875 
1 0.8625 0.1796875 0.0875 0.028125 
1 0.86171875 0.15546875 0.0890625 0.0265625 
1 0.875 0.43125 0.028125 0.0875 
1 0.95859375 0.1421875 0.0828125 0.028125 
1 0.959375 0.11796875 0.08125 0.0296875 
1 0.865625 0.1328125 0.0875 0.03125 
1 0.71484375 0.13046875 0.0296875 0.1328125 
1 0.68828125 0.1265625 0.0328125 0.13125 
1 0.6640625 0.12421875 0.0375 0.1328125 
1 0.63671875 0.12109375 0.0359375 0.1296875 
1 0.72890625 0.03046875 0.0328125 0.0578125 
1 0.703125 0.02890625 0.0375 0.0546875 
1 0.6765625 0.02890625 0.034375 0.0546875 
1 0.65234375 0.028125 0.0328125 0.053125 
1 0.87421875 0.03984375 0.0859375 0.0296875 
1 0.8515625 0.42890625 0.028125 0.0890625 
1 0.8984375 0.434375 0.028125 0.0875 
1 0.9703125 0.43984375 0.028125 0.0859375 
1 0.990625 0.44453125 0.01875 0.0859375 
1 0.9640625 0.02578125 0.071875 0.0265625 
1 0.94296875 0.009375 0.1140625 0.015625 
1 0.4859375 0.11328125 0.034375 0.1296875 
1 0.46015625 0.1078125 0.0328125 0.134375 
1 0.43515625 0.1 0.0328125 0.13125 
1 0.40859375 0.09921875 0.0359375 0.1296875 
1 0.30234375 0.02890625 0.0328125 0.0546875 
1 0.38984375 0.0515625 0.0359375 0.1 
1 0.525 0.021875 0.034375 0.040625 
1 0.5 0.021875 0.03125 0.040625 
1 0.475 0.01875 0.028125 0.034375 
1 0.45 0.0171875 0.03125 0.03125 
1 0.42421875 0.01484375 0.0328125 0.0265625 
1 0.2359375 0.00859375 0.0875 0.0140625 
1 0.51171875 0.11640625 0.0328125 0.1296875 
1 0.29453125 0.09453125 0.0203125 0.0671875 
1 0.309375 0.16015625 0.040625 0.0546875 
1 0.428125 0.24453125 0.125 0.0765625 
1 0.6109375 0.12109375 0.0375 0.1328125 
0 0.23828125 0.36640625 0.0203125 0.0390625 
0 0.2609375 0.36484375 0.01875 0.0390625 
0 0.59453125 0.41328125 0.0296875 0.0359375 
0 0.33984375 0.26484375 0.0203125 0.0328125 
0 0.015625 0.11328125 0.021875 0.0359375 
0 0.02109375 0.08125 0.0171875 0.03125 
