1 0.3859375 0.82578125 0.078125 0.0265625 
1 0.37578125 0.80546875 0.0734375 0.0265625 
1 0.36796875 0.7828125 0.0734375 0.028125 
1 0.3578125 0.76328125 0.075 0.0296875 
1 0.34921875 0.7421875 0.0734375 0.028125 
1 0.20546875 0.79296875 0.0640625 0.0609375 
1 0.1953125 0.771875 0.065625 0.0625 
1 0.18671875 0.75078125 0.0640625 0.0609375 
1 0.3390625 0.7203125 0.075 0.025 
1 0.33203125 0.6984375 0.0734375 0.025 
1 0.32421875 0.67890625 0.0765625 0.0265625 
1 0.3140625 0.6578125 0.075 0.028125 
1 0.178125 0.73046875 0.065625 0.0609375 
1 0.16796875 0.70859375 0.0640625 0.0609375 
1 0.16171875 0.68828125 0.0671875 0.0609375 
1 0.2125 0.8140625 0.0625 0.059375 
1 0.27890625 0.57578125 0.0734375 0.0234375 
1 0.2421875 0.3375 0.04375 0.071875 
1 0.22265625 0.34453125 0.0453125 0.0734375 
1 0.1296875 0.3796875 0.046875 0.071875 
1 0.2078125 0.14375 0.0375 0.05625 
1 0.21171875 0.2640625 0.0421875 0.071875 
1 0.190625 0.26953125 0.04375 0.0734375 
1 0.17109375 0.28125 0.0421875 0.071875 
1 0.13828125 0.2921875 0.0453125 0.075 
1 0.11796875 0.30234375 0.0453125 0.0703125 
1 0.0984375 0.30703125 0.046875 0.0765625 
1 0.1875 0.0890625 0.034375 0.05 
1 0.16484375 0.03515625 0.0390625 0.0578125 
0 0.58984375 0.8328125 0.0265625 0.034375 
0 0.5734375 0.840625 0.028125 0.0375 
0 0.0484375 0.33359375 0.03125 0.0265625 
0 0.09296875 0.4265625 0.0296875 0.025 
