1 0.3 0.59453125 0.215625 0.1859375 
1 0.2703125 0.55625 0.221875 0.1875 
1 0.2390625 0.5171875 0.21875 0.190625 
1 0.1484375 0.84921875 0.215625 0.1796875 
1 0.121875 0.80625 0.215625 0.1875 
1 0.09609375 0.775 0.1890625 0.1875 
1 0.08203125 0.734375 0.1609375 0.1875 
1 0.0640625 0.696875 0.125 0.184375 
1 0.04765625 0.66015625 0.0921875 0.1859375 
1 0.021875 0.96484375 0.040625 0.0703125 
0 0.79609375 0.8578125 0.0390625 0.071875 
0 0.7640625 0.88359375 0.034375 0.0703125 
0 0.7265625 0.909375 0.0375 0.06875 
0 0.859375 0.07109375 0.071875 0.0828125 
0 0.89453125 0.04296875 0.0765625 0.0828125 
1 0.00625 0.94453125 0.009375 0.1109375 
1 0.2421875 0.175 0.1 0.171875 
1 0.3359375 0.1453125 0.1 0.14375 
1 0.28671875 0.16015625 0.0984375 0.1671875 
1 0.20078125 0.19296875 0.0984375 0.1703125 
1 0.15703125 0.209375 0.0984375 0.171875 
1 0.11796875 0.22421875 0.0953125 0.1671875 
1 0.07578125 0.23984375 0.1015625 0.1703125 
1 0.040625 0.25546875 0.078125 0.1671875 
1 0.0203125 0.2703125 0.0375 0.171875 
