1 0.44296875 0.0609375 0.1296875 0.11875 
1 0.6421875 0.0546875 0.159375 0.04375 
1 0.6796875 0.01875 0.15625 0.034375 
1 0.39375 0.01484375 0.046875 0.0265625 
1 0.3171875 0.0640625 0.040625 0.125 
0 0.6875 0.8109375 0.053125 0.053125 
1 0.6125 0.090625 0.165625 0.04375 
0 0.609375 0.7265625 0.05625 0.059375 
0 0.31796875 0.6125 0.0546875 0.046875 
0 0.43203125 0.49296875 0.0546875 0.0515625 
0 0.4875 0.43515625 0.0625 0.0546875 
0 0.509375 0.3953125 0.053125 0.053125 
0 0.64296875 0.2609375 0.0671875 0.0625 
1 0.17890625 0.640625 0.1328125 0.134375 
1 0.3078125 0.5109375 0.13125 0.134375 
1 0.453125 0.34765625 0.121875 0.1328125 
1 0.19296875 0.20546875 0.1421875 0.1265625 
1 0.51328125 0.2078125 0.1578125 0.04375 
1 0.53515625 0.1671875 0.1578125 0.04375 
1 0.575 0.13203125 0.1625 0.0453125 
