1 0.3359375 0.58125 0.153125 0.13125 
1 0.19609375 0.6984375 0.1515625 0.134375 
1 0.0921875 0.60234375 0.18125 0.1828125 
1 0.28671875 0.42890625 0.2140625 0.1859375 
1 0.52578125 0.29375 0.2203125 0.190625 
1 0.50234375 0.25390625 0.2203125 0.1921875 
1 0.1484375 0.0484375 0.215625 0.09375 
1 0.121875 0.02890625 0.215625 0.0546875 
1 0.09609375 0.01328125 0.1890625 0.0234375 
1 0.021875 0.178125 0.040625 0.184375 
1 0.29609375 0.9 0.2140625 0.18125 
1 0.33046875 0.92421875 0.2140625 0.1515625 
1 0.50234375 0.66484375 0.2078125 0.1828125 
0 0.9375 0.428125 0.034375 0.06875 
0 0.4640625 0.98046875 0.065625 0.0390625 
0 0.44453125 0.96484375 0.0703125 0.0671875 
0 0.9171875 0.8390625 0.065625 0.065625 
0 0.8453125 0.85390625 0.0625 0.0578125 
0 0.8796875 0.7828125 0.065625 0.06875 
0 0.79609375 0.02578125 0.0390625 0.0484375 
1 0.53671875 0.7015625 0.2109375 0.178125 
0 0.7640625 0.03984375 0.034375 0.0703125 
0 0.7265625 0.065625 0.0375 0.06875 
1 0.6203125 0.3453125 0.15 0.1375 
1 0.7796875 0.57109375 0.2125 0.1828125 
1 0.73984375 0.53046875 0.2109375 0.1859375 
1 0.70703125 0.49453125 0.2109375 0.1796875 
1 0.5765625 0.73671875 0.2125 0.1796875 
1 0.00625 0.13984375 0.009375 0.1890625 
