1 0.2484375 0.7359375 0.034375 0.15 
1 0.21796875 0.92421875 0.1296875 0.1390625 
1 0.4171875 0.928125 0.159375 0.04375 
1 0.4546875 0.88828125 0.15625 0.0421875 
1 0.49765625 0.846875 0.1546875 0.034375 
1 0.5359375 0.80703125 0.15625 0.0359375 
1 0.60703125 0.72421875 0.1546875 0.0359375 
1 0.57265625 0.76640625 0.1578125 0.0359375 
1 0.41015625 0.7859375 0.1296875 0.134375 
1 0.32265625 0.80625 0.1265625 0.125 
1 0.28125 0.703125 0.040625 0.159375 
1 0.32265625 0.6609375 0.0484375 0.159375 
1 0.52734375 0.6640625 0.1359375 0.140625 
1 0.36015625 0.62734375 0.0578125 0.1609375 
1 0.45546875 0.67109375 0.1296875 0.1390625 
1 0.396875 0.575 0.046875 0.14375 
1 0.434375 0.55078125 0.046875 0.1515625 
1 0.64453125 0.53984375 0.1265625 0.1265625 
1 0.6140625 0.51953125 0.128125 0.1328125 
1 0.4734375 0.50234375 0.04375 0.1546875 
1 0.16875 0.825 0.046875 0.153125 
1 0.0921875 0.9125 0.040625 0.175 
1 0.3875 0.9640625 0.165625 0.04375 
0 0.1109375 0.675 0.05 0.046875 
0 0.153125 0.63046875 0.046875 0.0484375 
0 0.553125 0.4625 0.0625 0.084375 
0 0.5625 0.421875 0.05 0.046875 
1 0.715625 0.6015625 0.159375 0.034375 
1 0.69140625 0.64140625 0.1609375 0.0328125 
1 0.64375 0.68203125 0.153125 0.0390625 
1 0.35 0.99140625 0.1625 0.0171875 
1 0.51015625 0.47109375 0.0484375 0.1453125 
