1 0.97890625 0.7984375 0.0421875 0.13125 
1 0.9609375 0.759375 0.078125 0.13125 
1 0.91015625 0.7125 0.1640625 0.096875 
1 0.95625 0.54453125 0.0875 0.0609375 
1 0.746875 0.75234375 0.146875 0.1234375 
1 0.73359375 0.70546875 0.1578125 0.1296875 
1 0.69765625 0.67265625 0.1640625 0.1328125 
1 0.63203125 0.58984375 0.1515625 0.1234375 
1 0.80546875 0.375 0.0640625 0.165625 
1 0.50546875 0.38203125 0.1515625 0.1234375 
1 0.478125 0.34453125 0.13125 0.1109375 
1 0.4515625 0.30625 0.15625 0.125 
1 0.42578125 0.26328125 0.1546875 0.1203125 
1 0.371875 0.18671875 0.15 0.1203125 
1 0.325 0.11015625 0.146875 0.1203125 
1 0.29296875 0.06796875 0.1484375 0.1203125 
1 0.2640625 0.0484375 0.15625 0.09375 
1 0.94296875 0.4953125 0.1140625 0.05625 
0 0.52421875 0.01875 0.0734375 0.034375 
0 0.62421875 0.13359375 0.0671875 0.0765625 
0 0.6484375 0.10703125 0.06875 0.0828125 
0 0.0984375 0.2078125 0.053125 0.0625 
0 0.06640625 0.21328125 0.0484375 0.0515625 
0 0.5234375 0.41953125 0.065625 0.0609375 
0 0.565625 0.4453125 0.06875 0.059375 
0 0.59375 0.4875 0.06875 0.0625 
1 0.38359375 0.23359375 0.1265625 0.1046875 
0 0.1375 0.73203125 0.059375 0.0671875 
0 0.3046875 0.8359375 0.075 0.078125 
0 0.26953125 0.85625 0.0671875 0.078125 
0 0.91796875 0.459375 0.0921875 0.040625 
0 0.7703125 0.12109375 0.05 0.0546875 
0 0.91875 0.0171875 0.05625 0.03125 
0 0.94765625 0.19609375 0.0640625 0.0703125 
0 0.86953125 0.0421875 0.0546875 0.065625 
0 0.84453125 0.0609375 0.0640625 0.075 
0 0.8171875 0.08125 0.059375 0.06875 
0 0.67578125 0.19140625 0.0546875 0.0671875 
0 0.69609375 0.17578125 0.0609375 0.0640625 
0 0.74296875 0.1359375 0.0640625 0.071875 
0 0.74921875 0.0328125 0.0640625 0.0625 
0 0.70078125 0.0703125 0.0578125 0.0625 
0 0.67265625 0.0859375 0.0671875 0.075 
