1 0.66953125 0.990625 0.1546875 0.01875 
1 0.64140625 0.97265625 0.1515625 0.0546875 
1 0.61171875 0.95390625 0.1453125 0.0921875 
1 0.5796875 0.934375 0.153125 0.13125 
1 0.971875 0.8453125 0.05625 0.1375 
1 0.95546875 0.8046875 0.0890625 0.128125 
1 0.99375 0.69453125 0.0125 0.2203125 
1 0.92421875 0.72890625 0.1515625 0.1359375 
1 0.97578125 0.04921875 0.0484375 0.0953125 
1 0.9546875 0.05546875 0.090625 0.1078125 
1 0.9140625 0.065625 0.09375 0.128125 
1 0.8703125 0.07265625 0.09375 0.1421875 
1 0.8234375 0.0765625 0.090625 0.15 
1 0.78203125 0.09375 0.0953125 0.1625 
1 0.74140625 0.10859375 0.0890625 0.1640625 
1 0.69921875 0.1234375 0.0921875 0.16875 
1 0.653125 0.13984375 0.09375 0.1703125 
1 0.61171875 0.1546875 0.0953125 0.16875 
1 0.56953125 0.16953125 0.0921875 0.1671875 
1 0.525 0.1875 0.096875 0.16875 
1 0.4859375 0.2046875 0.090625 0.171875 
1 0.44296875 0.21953125 0.0890625 0.1671875 
1 0.4015625 0.2359375 0.09375 0.16875 
1 0.3578125 0.2515625 0.09375 0.171875 
1 0.3171875 0.26953125 0.09375 0.1703125 
1 0.2734375 0.28203125 0.09375 0.1734375 
1 0.19296875 0.48984375 0.1203125 0.1046875 
1 0.8953125 0.690625 0.15625 0.13125 
1 0.86328125 0.65390625 0.1515625 0.1328125 
1 0.51640625 0.86171875 0.1546875 0.1359375 
1 0.48671875 0.81953125 0.1546875 0.1359375 
1 0.45703125 0.78125 0.1453125 0.128125 
1 0.42421875 0.74140625 0.1515625 0.1265625 
1 0.39375 0.70703125 0.15 0.1328125 
1 0.3625 0.665625 0.146875 0.13125 
1 0.928125 0.43828125 0.14375 0.2046875 
1 0.23515625 0.51953125 0.1546875 0.1359375 
1 0.9125 0.48515625 0.175 0.2140625 
1 0.83515625 0.61484375 0.1546875 0.1328125 
1 0.80234375 0.5734375 0.1515625 0.13125 
1 0.771875 0.53828125 0.15625 0.1328125 
1 0.740625 0.5015625 0.153125 0.125 
1 0.68359375 0.41953125 0.1546875 0.1359375 
1 0.3421875 0.6234375 0.13125 0.115625 
1 0.3 0.59140625 0.146875 0.1234375 
1 0.26796875 0.55625 0.1546875 0.134375 
1 0.22421875 0.30234375 0.0953125 0.1734375 
