1 0.2171875 0.02578125 0.134375 0.0484375 
1 0.25 0.0390625 0.134375 0.075 
1 0.27109375 0.0546875 0.1296875 0.10625 
1 0.29453125 0.08359375 0.1328125 0.1140625 
1 0.3703125 0.17578125 0.128125 0.1140625 
1 0.39609375 0.203125 0.1328125 0.115625 
1 0.4421875 0.25234375 0.13125 0.1203125 
1 0.46484375 0.284375 0.1359375 0.11875 
1 0.48984375 0.31484375 0.1359375 0.1171875 
1 0.5125 0.35234375 0.134375 0.1203125 
1 0.71640625 0.03046875 0.1765625 0.0578125 
1 0.7703125 0.06484375 0.175 0.1265625 
1 0.74375 0.04609375 0.175 0.0890625 
1 0.7984375 0.08125 0.171875 0.159375 
1 0.82421875 0.1078125 0.1765625 0.178125 
1 0.58515625 0.44453125 0.1359375 0.1203125 
1 0.65859375 0.53828125 0.1203125 0.1046875 
1 0.94921875 0.28046875 0.1015625 0.1171875 
1 0.8953125 0.1546875 0.121875 0.125 
1 0.90859375 0.2625 0.1265625 0.13125 
