1 0.1703125 0.43046875 0.128125 0.1140625 
1 0.2171875 0.49453125 0.134375 0.1171875 
1 0.25 0.5203125 0.134375 0.11875 
1 0.27109375 0.55390625 0.1296875 0.1140625 
1 0.29453125 0.58671875 0.1328125 0.1140625 
1 0.3703125 0.67890625 0.128125 0.1140625 
1 0.640625 0.36640625 0.175 0.1765625 
1 0.39609375 0.70625 0.1328125 0.115625 
1 0.4421875 0.75546875 0.13125 0.1203125 
1 0.46484375 0.7875 0.1359375 0.11875 
1 0.48984375 0.81796875 0.1359375 0.1171875 
1 0.5125 0.85546875 0.134375 0.1203125 
1 0.71640625 0.4734375 0.1765625 0.178125 
1 0.665625 0.4 0.175 0.18125 
1 0.6140625 0.3296875 0.175 0.175 
1 0.7703125 0.54140625 0.175 0.1796875 
1 0.8265625 0.0140625 0.121875 0.025 
1 0.58984375 0.29609375 0.1796875 0.1765625 
1 0.4359375 0.04296875 0.1125 0.0828125 
1 0.453125 0.071875 0.1125 0.109375 
1 0.48359375 0.10234375 0.1109375 0.1109375 
1 0.5375 0.2296875 0.178125 0.178125 
1 0.190625 0.30078125 0.096875 0.1546875 
1 0.5609375 0.26796875 0.175 0.1765625 
1 0.74375 0.5046875 0.175 0.178125 
1 0.7984375 0.57421875 0.171875 0.1796875 
1 0.82421875 0.6109375 0.1765625 0.178125 
1 0.58515625 0.94375 0.1359375 0.1125 
1 0.65859375 0.99453125 0.1203125 0.0109375 
1 0.88984375 0.06796875 0.1203125 0.1328125 
1 0.9171875 0.096875 0.11875 0.134375 
1 0.98125 0.221875 0.0375 0.1375 
1 0.94921875 0.78359375 0.1015625 0.1171875 
1 0.8953125 0.6578125 0.121875 0.125 
1 0.90859375 0.765625 0.1265625 0.13125 
