1 0.79296875 0.93046875 0.0390625 0.0953125 
1 0.76640625 0.93203125 0.0296875 0.0640625 
1 0.74296875 0.928125 0.0328125 0.0625 
1 0.7015625 0.92421875 0.03125 0.0671875 
1 0.6796875 0.91015625 0.03125 0.0734375 
1 0.65703125 0.90625 0.0328125 0.075 
1 0.63125 0.91328125 0.028125 0.0609375 
1 0.61171875 0.9046875 0.0296875 0.071875 
1 0.5640625 0.8875 0.03125 0.065625 
1 0.58828125 0.89375 0.0359375 0.0875 
1 0.52109375 0.8859375 0.0265625 0.065625 
0 0.6046875 0.49140625 0.03125 0.0171875 
1 0.49921875 0.87734375 0.0359375 0.0859375 
1 0.478125 0.875 0.034375 0.090625 
1 0.45546875 0.86953125 0.0359375 0.0890625 
1 0.428125 0.8671875 0.0375 0.0875 
1 0.384375 0.8546875 0.0375 0.0875 
1 0.34140625 0.859375 0.0265625 0.0625 
1 0.32265625 0.84296875 0.0390625 0.0890625 
1 0.2953125 0.83671875 0.034375 0.0859375 
1 0.253125 0.83125 0.0375 0.09375 
1 0.2265625 0.82578125 0.04375 0.0890625 
1 0.8375 0.9390625 0.040625 0.09375 
1 0.85859375 0.96015625 0.0265625 0.0609375 
1 0.88125 0.9484375 0.025 0.05 
1 0.61953125 0.9953125 0.0515625 0.009375 
1 0.86015625 0.8359375 0.0546875 0.090625 
1 0.81484375 0.82734375 0.0546875 0.0921875 
1 0.76796875 0.81875 0.0515625 0.09375 
1 0.14375 0.49296875 0.028125 0.0859375 
1 0.03046875 0.46875 0.0265625 0.08125 
1 0.01171875 0.46328125 0.0203125 0.0859375 
1 0.16796875 0.496875 0.0296875 0.084375 
1 0.74296875 0.8140625 0.0546875 0.090625 
1 0.23359375 0.515625 0.0296875 0.09375 
1 0.69609375 0.803125 0.0515625 0.08125 
1 0.57890625 0.78046875 0.0578125 0.0921875 
1 0.46171875 0.7578125 0.0640625 0.09375 
1 0.415625 0.7515625 0.05 0.084375 
1 0.39375 0.74296875 0.05625 0.0921875 
1 0.3703125 0.73828125 0.053125 0.0890625 
1 0.34375 0.73515625 0.059375 0.0890625 
1 0.2515625 0.71796875 0.059375 0.0890625 
1 0.2078125 0.7109375 0.053125 0.08125 
1 0.1828125 0.70546875 0.05625 0.0859375 
1 0.13515625 0.6953125 0.0546875 0.0875 
1 0.90234375 0.64296875 0.0359375 0.0921875 
1 0.85546875 0.640625 0.0359375 0.09375 
1 0.7875 0.62265625 0.034375 0.0953125 
1 0.7171875 0.60703125 0.034375 0.0859375 
1 0.6234375 0.5875 0.034375 0.090625 
1 0.48515625 0.5625 0.0359375 0.09375 
1 0.43828125 0.55078125 0.0328125 0.0859375 
1 0.37265625 0.53828125 0.0296875 0.0921875 
1 0.30546875 0.528125 0.0265625 0.09375 
1 0.28046875 0.5234375 0.0296875 0.09375 
0 0.98671875 0.05703125 0.0203125 0.0390625 
0 0.96015625 0.05859375 0.0203125 0.0359375 
0 0.90546875 0.0625 0.0265625 0.034375 
0 0.80859375 0.0515625 0.0421875 0.025 
0 0.80546875 0.07265625 0.0359375 0.0234375 
0 0.78515625 0.3015625 0.0328125 0.04375 
0 0.76484375 0.0390625 0.0171875 0.034375 
0 0.74921875 0.034375 0.0203125 0.0375 
0 0.7328125 0.0328125 0.021875 0.0375 
0 0.7140625 0.03125 0.021875 0.0375 
0 0.69921875 0.26171875 0.0359375 0.0328125 
0 0.54609375 0.18203125 0.0390625 0.0296875 
0 0.60390625 0.47421875 0.0328125 0.0171875 
0 0.771875 0.51328125 0.028125 0.0203125 
0 0.99140625 0.19921875 0.0171875 0.0328125 
0 0.96796875 0.184375 0.0296875 0.040625 
0 0.9484375 0.16171875 0.034375 0.0390625 
0 0.1671875 0.79453125 0.025 0.0515625 
0 0.14609375 0.7875 0.0328125 0.05 
0 0.12265625 0.78203125 0.0296875 0.0515625 
0 0.09765625 0.78203125 0.0359375 0.0640625 
0 0.384375 0.34609375 0.03125 0.0234375 
0 0.40390625 0.203125 0.0390625 0.034375 
0 0.39453125 0.1890625 0.0328125 0.025 
0 0.3921875 0.1734375 0.0375 0.03125 
0 0.3828125 0.15625 0.040625 0.03125 
0 0.35625 0.1984375 0.0375 0.03125 
0 0.34765625 0.1796875 0.0328125 0.03125 
0 0.325 0.13359375 0.040625 0.0296875 
0 0.30546875 0.08359375 0.0328125 0.0296875 
0 0.26484375 0.065625 0.0203125 0.034375 
0 0.0125 0.76953125 0.021875 0.0546875 
