1 0.7921875 0.68203125 0.146875 0.1390625 
1 0.83203125 0.653125 0.1515625 0.14375 
1 0.9515625 0.7734375 0.096875 0.125 
1 0.89765625 0.5828125 0.1484375 0.140625 
1 0.92734375 0.546875 0.1453125 0.14375 
1 0.93828125 0.50390625 0.1234375 0.1546875 
1 0.95625 0.46796875 0.0875 0.1578125 
1 0.69921875 0.80234375 0.0890625 0.0890625 
1 0.6984375 0.253125 0.096875 0.090625 
1 0.415625 0.60234375 0.20625 0.1890625 
1 0.4515625 0.56328125 0.2 0.1953125 
1 0.4828125 0.52421875 0.2 0.1953125 
1 0.51328125 0.4921875 0.2046875 0.190625 
1 0.5125 0.42578125 0.153125 0.1328125 
1 0.578125 0.35546875 0.14375 0.1328125 
1 0.60625 0.3171875 0.1625 0.140625 
1 0.64765625 0.278125 0.1484375 0.1375 
1 0.7484375 0.18359375 0.15625 0.1453125 
1 0.77890625 0.140625 0.1546875 0.146875 
1 0.8140625 0.10546875 0.159375 0.1359375 
1 0.871875 0.04921875 0.146875 0.0953125 
1 0.90546875 0.03203125 0.1515625 0.0609375 
1 0.93359375 0.015625 0.1328125 0.028125 
1 0.3875 0.63984375 0.20625 0.1953125 
