0 0.05625 0.14296875 0.028125 0.0140625 
0 0.0546875 0.15859375 0.028125 0.0140625 
0 0.05078125 0.17265625 0.0328125 0.0140625 
0 0.05 0.1890625 0.03125 0.01875 
0 0.0484375 0.221875 0.03125 0.01875 
0 0.05 0.23828125 0.0375 0.0171875 
0 0.0421875 0.25390625 0.028125 0.0171875 
0 0.03984375 0.27109375 0.0328125 0.0203125 
0 0.04140625 0.28671875 0.0359375 0.0171875 
0 0.1234375 0.3390625 0.03125 0.0125 
0 0.1265625 0.3078125 0.034375 0.025 
0 0.1296875 0.29140625 0.028125 0.0171875 
0 0.13046875 0.271875 0.0328125 0.015625 
0 0.13359375 0.26015625 0.0296875 0.0140625 
0 0.13359375 0.24296875 0.0328125 0.0171875 
0 0.13671875 0.228125 0.0296875 0.01875 
0 0.14375 0.21328125 0.028125 0.0140625 
0 0.14609375 0.19765625 0.0328125 0.0171875 
0 0.065625 0.09296875 0.03125 0.0171875 
0 0.06796875 0.07890625 0.0296875 0.0171875 
0 0.06953125 0.06484375 0.0328125 0.0171875 
0 0.0734375 0.05078125 0.034375 0.0140625 
0 0.05546875 0.1265625 0.0328125 0.01875 
0 0.07265625 0.03046875 0.0296875 0.0203125 
0 0.14609375 0.18125 0.0296875 0.015625 
0 0.14765625 0.14765625 0.0296875 0.0140625 
0 0.15078125 0.1328125 0.0296875 0.01875 
0 0.15078125 0.115625 0.0296875 0.015625 
0 0.15390625 0.10078125 0.0265625 0.0171875 
0 0.1578125 0.0859375 0.028125 0.015625 
0 0.159375 0.06953125 0.03125 0.0140625 
0 0.1625 0.0546875 0.03125 0.01875 
0 0.165625 0.03671875 0.028125 0.0109375 
0 0.16796875 0.02109375 0.0296875 0.0203125 
0 0.17109375 0.00703125 0.0265625 0.0109375 
