1 0.25703125 0.58671875 0.0203125 0.1203125 
1 0.290625 0.5953125 0.015625 0.115625 
1 0.3390625 0.65234375 0.01875 0.1171875 
1 0.44921875 0.7421875 0.0140625 0.115625 
1 0.54375 0.53046875 0.021875 0.1171875 
1 0.56875 0.5328125 0.01875 0.115625 
1 0.58984375 0.53046875 0.0171875 0.1171875 
1 0.61328125 0.53125 0.0171875 0.11875 
1 0.6328125 0.56953125 0.015625 0.1171875 
1 0.1796875 0.00859375 0.01875 0.0140625 
1 0.34453125 0.00859375 0.0171875 0.0140625 
1 0.8828125 0.625 0.125 0.01875 
1 0.184375 0.30078125 0.01875 0.1171875 
1 0.571875 0.1453125 0.01875 0.115625 
1 0.54921875 0.11640625 0.0203125 0.1109375 
1 0.54453125 0.6609375 0.0296875 0.10625 
1 0.571875 0.67578125 0.04375 0.1109375 
0 0.7390625 0.61953125 0.04375 0.0171875 
1 0.13046875 0.58203125 0.0203125 0.1234375 
