0 0.50390625 0.0453125 0.0265625 0.04375 
0 0.5359375 0.03671875 0.025 0.0359375 
0 0.5546875 0.03203125 0.025 0.0359375 
0 0.56953125 0.03203125 0.0203125 0.0359375 
0 0.58984375 0.02734375 0.0234375 0.0421875 
0 0.60859375 0.025 0.0265625 0.040625 
0 0.63046875 0.0203125 0.0171875 0.034375 
0 0.65703125 0.103125 0.0265625 0.040625 
0 0.70390625 0.09140625 0.0234375 0.0390625 
0 0.72421875 0.08671875 0.0265625 0.0421875 
0 0.7421875 0.0828125 0.025 0.040625 
0 0.75859375 0.08203125 0.0265625 0.0421875 
0 0.775 0.0734375 0.021875 0.0375 
0 0.79375 0.07421875 0.025 0.0359375 
0 0.8109375 0.071875 0.025 0.0375 
0 0.57109375 0.1171875 0.0265625 0.040625 
0 0.51796875 0.12421875 0.0234375 0.0359375 
0 0.496875 0.1296875 0.028125 0.040625 
0 0.340625 0.1625 0.025 0.040625 
0 0.1859375 0.18671875 0.021875 0.0359375 
0 0.203125 0.18671875 0.028125 0.0390625 
0 0.22265625 0.1859375 0.0265625 0.0375 
0 0.24296875 0.17890625 0.0234375 0.0453125 
0 0.2734375 0.178125 0.025 0.0375 
0 0.29453125 0.1734375 0.0234375 0.0375 
0 0.3234375 0.16796875 0.028125 0.0390625 
0 0.37578125 0.15390625 0.0234375 0.0390625 
0 0.48203125 0.13671875 0.0234375 0.0390625 
0 0.23671875 0.24453125 0.0390625 0.0203125 
0 0.03046875 0.1984375 0.0390625 0.01875 
0 0.39453125 0.1546875 0.0203125 0.0375 
0 0.41328125 0.14765625 0.0234375 0.0359375 
0 0.42578125 0.1421875 0.0234375 0.040625 
0 0.44375 0.14140625 0.025 0.0421875 
0 0.46328125 0.13828125 0.0234375 0.0421875 
0 0.83984375 0.06796875 0.0203125 0.0359375 
0 0.8765625 0.0578125 0.025 0.04375 
0 0.8953125 0.05234375 0.021875 0.0390625 
0 0.715625 0.66953125 0.025 0.0390625 
0 0.5953125 0.69296875 0.025 0.0390625 
0 0.61015625 0.690625 0.0171875 0.034375 
0 0.62734375 0.6859375 0.0234375 0.040625 
0 0.64609375 0.68359375 0.0265625 0.0390625 
0 0.66328125 0.67890625 0.0234375 0.0359375 
0 0.68046875 0.67421875 0.0234375 0.0390625 
0 0.69765625 0.67265625 0.0265625 0.0421875 
0 0.73359375 0.665625 0.0203125 0.034375 
0 0.55859375 0.69765625 0.0203125 0.0390625 
0 0.75078125 0.66328125 0.0265625 0.0421875 
0 0.77109375 0.6578125 0.0265625 0.0375 
0 0.79453125 0.65390625 0.0203125 0.0296875 
0 0.821875 0.64765625 0.028125 0.0359375 
0 0.5171875 0.61328125 0.025 0.0421875 
0 0.53515625 0.6109375 0.0203125 0.0375 
0 0.55234375 0.60546875 0.0203125 0.0359375 
0 0.57734375 0.6953125 0.0265625 0.040625 
0 0.53984375 0.7046875 0.0265625 0.04375 
0 0.9125 0.0484375 0.025 0.0375 
0 0.40234375 0.41484375 0.0453125 0.0265625 
0 0.92890625 0.0421875 0.0265625 0.040625 
0 0.02578125 0.02734375 0.0421875 0.0265625 
0 0.06953125 0.0203125 0.0328125 0.021875 
0 0.071875 0.33359375 0.034375 0.0203125 
0 0.0796875 0.4328125 0.0375 0.021875 
0 0.1453125 0.46953125 0.040625 0.0234375 
0 0.30234375 0.43984375 0.0484375 0.0296875 
0 0.4671875 0.61953125 0.021875 0.0390625 
0 0.52109375 0.70546875 0.0265625 0.0421875 
0 0.48203125 0.61796875 0.0234375 0.0359375 
0 0.4984375 0.61953125 0.021875 0.0359375 
0 0.4828125 0.71640625 0.021875 0.0390625 
0 0.503125 0.71328125 0.025 0.0359375 
0 0.5046875 0.3984375 0.0375 0.01875 
0 0.49921875 0.36875 0.0390625 0.028125 
0 0.5578125 0.38984375 0.0375 0.0234375 
0 0.16953125 0.1921875 0.0296875 0.046875 
0 0.153125 0.20078125 0.025 0.0390625 
0 0.12734375 0.19921875 0.0390625 0.0390625 
1 0.83203125 0.81953125 0.0734375 0.0921875 
1 0.4578125 0.5484375 0.125 0.046875 
1 0.27578125 0.9828125 0.1484375 0.034375 
1 0.79140625 0.48125 0.1171875 0.04375 
1 0.76796875 0.41796875 0.0796875 0.0390625 
1 0.9671875 0.44140625 0.065625 0.0453125 
1 0.721875 0.83984375 0.103125 0.1328125 
1 0.7984375 0.8265625 0.1 0.134375 
1 0.865625 0.81796875 0.071875 0.0921875 
0 0.08359375 0.19140625 0.0453125 0.0265625 
0 0.315625 0.08203125 0.021875 0.0359375 
0 0.1890625 0.1078125 0.025 0.04375 
0 0.20703125 0.10234375 0.0234375 0.0390625 
0 0.22734375 0.1 0.0234375 0.0375 
0 0.24609375 0.0953125 0.0203125 0.0375 
0 0.2625 0.09140625 0.021875 0.0328125 
0 0.28125 0.090625 0.021875 0.034375 
0 0.296875 0.08359375 0.01875 0.0296875 
0 0.3328125 0.0796875 0.021875 0.034375 
0 0.14375 0.1125 0.025 0.0375 
0 0.353125 0.071875 0.028125 0.040625 
0 0.37109375 0.06796875 0.0234375 0.0390625 
0 0.390625 0.0625 0.025 0.040625 
0 0.4109375 0.059375 0.028125 0.040625 
0 0.42890625 0.05546875 0.0265625 0.0390625 
0 0.44921875 0.053125 0.0234375 0.040625 
0 0.46640625 0.0484375 0.0203125 0.034375 
0 0.16171875 0.109375 0.0296875 0.04375 
0 0.12734375 0.11640625 0.0234375 0.0390625 
0 0.09765625 0.1203125 0.0265625 0.0375 
0 0.03203125 0.13984375 0.0265625 0.0390625 
0 0.0578125 0.13203125 0.025 0.0390625 
0 0.07890625 0.1296875 0.0234375 0.0375 
0 0.56796875 0.60234375 0.0234375 0.0359375 
0 0.58984375 0.6 0.0234375 0.034375 
0 0.60703125 0.5953125 0.0203125 0.03125 
0 0.95234375 0.0390625 0.0265625 0.04375 
0 0.97265625 0.0375 0.0234375 0.0375 
0 0.98984375 0.034375 0.0203125 0.040625 
0 0.80078125 0.28046875 0.0328125 0.0203125 
0 0.62109375 0.5875 0.0234375 0.040625 
0 0.98984375 0.5203125 0.0203125 0.04375 
0 0.9203125 0.5328125 0.025 0.0375 
0 0.946875 0.5265625 0.021875 0.0375 
0 0.97421875 0.52421875 0.0234375 0.0359375 
0 0.984375 0.853125 0.025 0.04375 
0 0.990625 0.8921875 0.01875 0.0375 
0 0.97578125 0.8078125 0.0265625 0.0375 
0 0.790625 0.5578125 0.021875 0.034375 
0 0.64453125 0.58671875 0.0265625 0.0421875 
0 0.66875 0.57890625 0.025 0.0390625 
0 0.6859375 0.575 0.021875 0.03125 
0 0.7109375 0.575 0.025 0.040625 
0 0.7375 0.56796875 0.021875 0.0390625 
0 0.75234375 0.5640625 0.0203125 0.028125 
0 0.77109375 0.56015625 0.0265625 0.0390625 
0 0.8078125 0.55703125 0.025 0.0421875 
0 0.9671875 0.76328125 0.025 0.0390625 
0 0.8234375 0.55234375 0.021875 0.0359375 
0 0.83828125 0.55078125 0.0203125 0.0296875 
0 0.8578125 0.5484375 0.021875 0.0375 
0 0.875 0.54453125 0.025 0.0390625 
0 0.8921875 0.540625 0.021875 0.03125 
0 0.95078125 0.6796875 0.0265625 0.040625 
0 0.95859375 0.72265625 0.0234375 0.0359375 
1 0.375 0.5328125 0.096875 0.040625 
