0 0.0515625 0.05234375 0.021875 0.0390625 
0 0.06875 0.0484375 0.025 0.0375 
0 0.08515625 0.0421875 0.0265625 0.040625 
1 0.71328125 0.30703125 0.0953125 0.0484375 
1 0.7453125 0.67578125 0.075 0.0953125 
1 0.815625 0.66328125 0.1 0.1296875 
1 0.85703125 0.659375 0.0703125 0.09375 
1 0.69375 0.57421875 0.14375 0.0515625 
1 0.86484375 0.53984375 0.1453125 0.0515625 
1 0.9734375 0.51328125 0.053125 0.0390625 
1 0.65625 0.3171875 0.096875 0.05 
1 0.828125 0.28359375 0.09375 0.0484375 
1 0.66484375 0.69609375 0.0703125 0.0890625 
1 0.89375 0.275 0.09375 0.046875 
1 0.95390625 0.2640625 0.0921875 0.046875 
1 0.93828125 0.63515625 0.0734375 0.0921875 
1 0.965625 0.62421875 0.06875 0.1359375 
1 0.70390625 0.6875 0.0765625 0.090625 
1 0.59921875 0.70390625 0.1015625 0.1328125 
1 0.01328125 0.81953125 0.0234375 0.0921875 
1 0.1515625 0.44140625 0.121875 0.0453125 
1 0.0296875 0.81796875 0.05625 0.0921875 
1 0.53828125 0.3390625 0.0953125 0.053125 
1 0.21484375 0.78671875 0.0734375 0.0921875 
1 0.3 0.75703125 0.075 0.0921875 
1 0.3296875 0.7609375 0.0875 0.109375 
1 0.37109375 0.7453125 0.0734375 0.090625 
1 0.45703125 0.83046875 0.0953125 0.0421875 
1 0.44921875 0.73203125 0.0953125 0.1296875 
1 0.48203125 0.72890625 0.0640625 0.0859375 
0 0.8390625 0.484375 0.025 0.0375 
0 0.9609375 0.36484375 0.021875 0.0390625 
0 0.86796875 0.478125 0.0234375 0.0375 
0 0.88828125 0.471875 0.0234375 0.040625 
0 0.90625 0.46953125 0.021875 0.0390625 
0 0.92734375 0.4671875 0.0296875 0.040625 
0 0.95234375 0.46640625 0.0234375 0.0453125 
0 0.971875 0.45546875 0.025 0.0359375 
0 0.98984375 0.45625 0.0203125 0.040625 
0 0.98359375 0.3640625 0.0234375 0.040625 
0 0.94375 0.36875 0.021875 0.0375 
0 0.78828125 0.4015625 0.0234375 0.040625 
0 0.64453125 0.42578125 0.0203125 0.0359375 
0 0.6625 0.42421875 0.021875 0.0390625 
0 0.68515625 0.4203125 0.0203125 0.0375 
0 0.7125 0.41796875 0.021875 0.0359375 
0 0.7296875 0.41171875 0.025 0.0390625 
0 0.75078125 0.40703125 0.0203125 0.0359375 
0 0.77109375 0.40546875 0.0203125 0.0390625 
0 0.809375 0.39609375 0.021875 0.0390625 
0 0.9234375 0.371875 0.021875 0.034375 
0 0.80390625 0.49140625 0.0203125 0.0390625 
0 0.8203125 0.490625 0.021875 0.0375 
0 0.82734375 0.39375 0.0203125 0.040625 
0 0.8453125 0.3890625 0.025 0.0375 
0 0.86796875 0.38359375 0.0203125 0.0328125 
0 0.884375 0.38203125 0.021875 0.0359375 
0 0.90390625 0.37734375 0.0203125 0.0296875 
0 0.784375 0.49140625 0.021875 0.0265625 
0 0.884375 0.0109375 0.034375 0.021875 
0 0.10859375 0.0390625 0.0265625 0.04375 
0 0.12890625 0.0375 0.0234375 0.0375 
0 0.15 0.034375 0.028125 0.040625 
0 0.16796875 0.0328125 0.0234375 0.0375 
0 0.184375 0.02421875 0.028125 0.0453125 
0 0.2046875 0.0234375 0.025 0.04375 
0 0.61796875 0.146875 0.0421875 0.01875 
0 0.77421875 0.03203125 0.0421875 0.0203125 
0 0.634375 0.175 0.0375 0.01875 
0 0.99453125 0.9234375 0.0109375 0.01875 
0 0.1953125 0.2625 0.034375 0.021875 
0 0.96953125 0.9265625 0.0359375 0.021875 
0 0.909375 0.88671875 0.0375 0.0203125 
0 0.6265625 0.4296875 0.01875 0.034375 
0 0.765625 0.49921875 0.025 0.0328125 
0 0.1484375 0.5203125 0.025 0.04375 
0 0.17265625 0.99375 0.0234375 0.0125 
0 0.0765625 0.5328125 0.025 0.0375 
0 0.103125 0.5265625 0.021875 0.0375 
0 0.13046875 0.52421875 0.0234375 0.0359375 
0 0.165625 0.51328125 0.025 0.0390625 
0 0.140625 0.853125 0.025 0.04375 
0 0.1859375 0.5125 0.021875 0.0375 
0 0.20390625 0.51015625 0.0265625 0.0390625 
0 0.2328125 0.50390625 0.028125 0.0421875 
0 0.25078125 0.5 0.0234375 0.0375 
0 0.26875 0.496875 0.025 0.0375 
0 0.28671875 0.4953125 0.0265625 0.040625 
0 0.30546875 0.49296875 0.0265625 0.0390625 
0 0.15078125 0.8921875 0.0265625 0.0375 
0 0.13203125 0.8078125 0.0265625 0.0375 
0 0.34296875 0.4828125 0.0234375 0.034375 
0 0.1234375 0.76328125 0.025 0.0390625 
0 0.0140625 0.5484375 0.021875 0.0375 
0 0.03125 0.54453125 0.025 0.0390625 
0 0.0484375 0.540625 0.021875 0.03125 
0 0.10703125 0.6796875 0.0265625 0.040625 
0 0.11484375 0.72265625 0.0234375 0.0359375 
0 0.325 0.4875 0.021875 0.034375 
0 0.36484375 0.478125 0.0265625 0.0375 
0 0.746875 0.5046875 0.021875 0.040625 
0 0.56796875 0.53671875 0.0234375 0.0390625 
0 0.49375 0.4546875 0.025 0.040625 
0 0.5125 0.4515625 0.025 0.034375 
0 0.54140625 0.44609375 0.0203125 0.0359375 
0 0.559375 0.4421875 0.025 0.0375 
0 0.57890625 0.44140625 0.0234375 0.0390625 
0 0.5953125 0.43515625 0.025 0.0421875 
0 0.54609375 0.540625 0.0265625 0.04375 
0 0.5859375 0.53125 0.025 0.0375 
0 0.459375 0.4578125 0.021875 0.0375 
0 0.6046875 0.5296875 0.021875 0.040625 
0 0.62578125 0.5265625 0.0265625 0.040625 
0 0.64375 0.525 0.021875 0.034375 
0 0.665625 0.5140625 0.01875 0.03125 
0 0.68515625 0.509375 0.0265625 0.0375 
0 0.7046875 0.50859375 0.025 0.0359375 
0 0.728125 0.50546875 0.028125 0.0390625 
0 0.4765625 0.459375 0.025 0.040625 
0 0.4453125 0.3828125 0.040625 0.025 
0 0.3875 0.475 0.028125 0.040625 
0 0.35546875 0.58125 0.0234375 0.040625 
0 0.40859375 0.47265625 0.0234375 0.0390625 
0 0.2296875 0.5984375 0.028125 0.040625 
0 0.25 0.596875 0.01875 0.03125 
0 0.271875 0.59296875 0.025 0.0421875 
0 0.29140625 0.58984375 0.0265625 0.0390625 
0 0.31328125 0.5890625 0.0234375 0.040625 
0 0.334375 0.58046875 0.01875 0.0390625 
0 0.37578125 0.57265625 0.0234375 0.0359375 
0 0.4390625 0.465625 0.025 0.0375 
0 0.39375 0.575 0.021875 0.034375 
0 0.41328125 0.5703125 0.0234375 0.0375 
0 0.43046875 0.565625 0.0203125 0.034375 
0 0.45859375 0.56328125 0.0203125 0.0359375 
0 0.47578125 0.55546875 0.0234375 0.0359375 
0 0.49765625 0.55234375 0.0234375 0.0421875 
0 0.52421875 0.54609375 0.0234375 0.0328125 
