1 0.0953125 0.39140625 0.05 0.0859375 
1 0.11953125 0.40078125 0.0671875 0.1359375 
1 0.61640625 0.5078125 0.0515625 0.0875 
1 0.6796875 0.25234375 0.125 0.0640625 
1 0.69140625 0.28203125 0.1234375 0.0640625 
1 0.7046875 0.31484375 0.125 0.0640625 
1 0.50625 0.29375 0.065625 0.128125 
1 0.55 0.39453125 0.065625 0.1234375 
1 0.74921875 0.4125 0.1234375 0.0625 
1 0.63671875 0.5265625 0.0546875 0.090625 
1 0.65 0.18515625 0.125 0.0640625 
0 0.1390625 0.76640625 0.03125 0.0296875 
0 0.125 0.7546875 0.040625 0.040625 
0 0.0296875 0.7765625 0.0375 0.028125 
0 0.04609375 0.815625 0.0359375 0.028125 
0 0.75234375 0.65546875 0.0484375 0.0359375 
1 0.65859375 0.215625 0.1234375 0.0625 
1 0.478125 0.04453125 0.05 0.0765625 
1 0.13828125 0.42890625 0.0703125 0.1359375 
1 0.24140625 0.5921875 0.0703125 0.140625 
1 0.15234375 0.45859375 0.0671875 0.1390625 
1 0.29609375 0.3078125 0.0484375 0.084375 
1 0.34453125 0.396875 0.0671875 0.134375 
1 0.18515625 0.5171875 0.0703125 0.1375 
1 0.37734375 0.4609375 0.0703125 0.1375 
1 0.21640625 0.5828125 0.0703125 0.140625 
1 0.2515625 0.64140625 0.06875 0.1390625 
1 0.26953125 0.66796875 0.0703125 0.1390625 
1 0.39140625 0.496875 0.0671875 0.140625 
1 0.40546875 0.5265625 0.0671875 0.140625 
1 0.4359375 0.59453125 0.071875 0.1359375 
1 0.340625 0.89765625 0.05 0.0953125 
