1 0.79140625 0.80703125 0.1328125 0.0703125 
1 0.80390625 0.83828125 0.1359375 0.0671875 
1 0.8203125 0.871875 0.134375 0.06875 
1 0.79375 0.99296875 0.084375 0.0140625 
1 0.8265625 0.98671875 0.084375 0.0265625 
1 0.95234375 0.3796875 0.0890625 0.05625 
1 0.959375 0.4046875 0.08125 0.059375 
1 0.7046875 0.6171875 0.134375 0.06875 
1 0.69140625 0.58515625 0.1359375 0.0703125 
1 0.85390625 0.5625 0.0484375 0.0875 
1 0.3734375 0.3921875 0.06875 0.134375 
1 0.4328125 0.4703125 0.071875 0.1375 
1 0.47421875 0.5796875 0.0703125 0.1375 
1 0.49375 0.6 0.06875 0.1375 
1 0.509375 0.6265625 0.06875 0.134375 
1 0.58359375 0.784375 0.0671875 0.1375 
1 0.83515625 0.53125 0.0515625 0.090625 
1 0.96796875 0.040625 0.0578125 0.078125 
1 0.73515625 0.30078125 0.0515625 0.0890625 
1 0.6015625 0.39375 0.13125 0.0625 
1 0.61015625 0.42265625 0.1328125 0.0671875 
1 0.6484375 0.48984375 0.134375 0.0703125 
1 0.821875 0.4953125 0.053125 0.0875 
1 0.9640625 0.428125 0.071875 0.0625 
1 0.24921875 0.28984375 0.0890625 0.0546875 
