1 0.815625 0.49765625 0.1 0.1296875 
1 0.85703125 0.49375 0.0703125 0.09375 
1 0.69375 0.40859375 0.14375 0.0515625 
1 0.86484375 0.37421875 0.1453125 0.0515625 
1 0.9734375 0.34765625 0.053125 0.0390625 
1 0.65625 0.1515625 0.096875 0.05 
1 0.828125 0.11796875 0.09375 0.0484375 
1 0.66484375 0.53046875 0.0703125 0.0890625 
1 0.89375 0.109375 0.09375 0.046875 
1 0.95390625 0.0984375 0.0921875 0.046875 
1 0.93828125 0.46953125 0.0734375 0.0921875 
1 0.965625 0.45859375 0.06875 0.1359375 
1 0.70390625 0.521875 0.0765625 0.090625 
1 0.59921875 0.53828125 0.1015625 0.1328125 
1 0.01328125 0.65390625 0.0234375 0.0921875 
1 0.1515625 0.27578125 0.121875 0.0453125 
1 0.0296875 0.65234375 0.05625 0.0921875 
1 0.53828125 0.1734375 0.0953125 0.053125 
1 0.21484375 0.62109375 0.0734375 0.0921875 
1 0.3 0.59140625 0.075 0.0921875 
1 0.3296875 0.5953125 0.0875 0.109375 
1 0.37109375 0.5796875 0.0734375 0.090625 
1 0.45703125 0.66484375 0.0953125 0.0421875 
1 0.44921875 0.56640625 0.0953125 0.1296875 
1 0.48203125 0.56328125 0.0640625 0.0859375 
0 0.8390625 0.31875 0.025 0.0375 
0 0.9609375 0.19921875 0.021875 0.0390625 
0 0.86796875 0.3125 0.0234375 0.0375 
0 0.88828125 0.30625 0.0234375 0.040625 
0 0.90625 0.30390625 0.021875 0.0390625 
0 0.92734375 0.3015625 0.0296875 0.040625 
0 0.95234375 0.30078125 0.0234375 0.0453125 
0 0.971875 0.28984375 0.025 0.0359375 
0 0.98984375 0.290625 0.0203125 0.040625 
0 0.98359375 0.1984375 0.0234375 0.040625 
0 0.94375 0.203125 0.021875 0.0375 
0 0.78828125 0.2359375 0.0234375 0.040625 
0 0.64453125 0.26015625 0.0203125 0.0359375 
0 0.6625 0.25859375 0.021875 0.0390625 
0 0.68515625 0.2546875 0.0203125 0.0375 
0 0.7125 0.25234375 0.021875 0.0359375 
0 0.7296875 0.24609375 0.025 0.0390625 
0 0.75078125 0.24140625 0.0203125 0.0359375 
0 0.77109375 0.23984375 0.0203125 0.0390625 
0 0.809375 0.23046875 0.021875 0.0390625 
0 0.9234375 0.20625 0.021875 0.034375 
0 0.80390625 0.32578125 0.0203125 0.0390625 
0 0.8203125 0.325 0.021875 0.0375 
0 0.82734375 0.228125 0.0203125 0.040625 
0 0.8453125 0.2234375 0.025 0.0375 
0 0.86796875 0.21796875 0.0203125 0.0328125 
0 0.884375 0.21640625 0.021875 0.0359375 
0 0.90390625 0.21171875 0.0203125 0.0296875 
0 0.784375 0.32578125 0.021875 0.0265625 
0 0.634375 0.009375 0.0375 0.01875 
0 0.99453125 0.7578125 0.0109375 0.01875 
0 0.1953125 0.096875 0.034375 0.021875 
0 0.96953125 0.7609375 0.0359375 0.021875 
0 0.909375 0.72109375 0.0375 0.0203125 
0 0.6265625 0.2640625 0.01875 0.034375 
0 0.765625 0.33359375 0.025 0.0328125 
0 0.1484375 0.3546875 0.025 0.04375 
0 0.17265625 0.8390625 0.0234375 0.034375 
0 0.1796875 0.8828125 0.021875 0.0375 
0 0.1875 0.9265625 0.025 0.040625 
0 0.19375 0.96953125 0.025 0.0359375 
0 0.0765625 0.3671875 0.025 0.0375 
0 0.103125 0.3609375 0.021875 0.0375 
0 0.13046875 0.35859375 0.0234375 0.0359375 
0 0.165625 0.34765625 0.025 0.0390625 
0 0.140625 0.6875 0.025 0.04375 
0 0.1859375 0.346875 0.021875 0.0375 
0 0.20390625 0.34453125 0.0265625 0.0390625 
0 0.2328125 0.33828125 0.028125 0.0421875 
0 0.25078125 0.334375 0.0234375 0.0375 
0 0.26875 0.33125 0.025 0.0375 
0 0.28671875 0.3296875 0.0265625 0.040625 
0 0.30546875 0.32734375 0.0265625 0.0390625 
0 0.15078125 0.7265625 0.0265625 0.0375 
0 0.13203125 0.6421875 0.0265625 0.0375 
0 0.34296875 0.3171875 0.0234375 0.034375 
0 0.1234375 0.59765625 0.025 0.0390625 
0 0.0140625 0.3828125 0.021875 0.0375 
0 0.03125 0.37890625 0.025 0.0390625 
0 0.0484375 0.375 0.021875 0.03125 
0 0.10703125 0.5140625 0.0265625 0.040625 
0 0.11484375 0.55703125 0.0234375 0.0359375 
0 0.325 0.321875 0.021875 0.034375 
0 0.36484375 0.3125 0.0265625 0.0375 
0 0.746875 0.3390625 0.021875 0.040625 
0 0.56796875 0.37109375 0.0234375 0.0390625 
0 0.49375 0.2890625 0.025 0.040625 
0 0.5125 0.2859375 0.025 0.034375 
0 0.54140625 0.28046875 0.0203125 0.0359375 
0 0.559375 0.2765625 0.025 0.0375 
0 0.57890625 0.27578125 0.0234375 0.0390625 
0 0.5953125 0.26953125 0.025 0.0421875 
0 0.54609375 0.375 0.0265625 0.04375 
0 0.5859375 0.365625 0.025 0.0375 
0 0.459375 0.2921875 0.021875 0.0375 
0 0.6046875 0.3640625 0.021875 0.040625 
0 0.62578125 0.3609375 0.0265625 0.040625 
0 0.64375 0.359375 0.021875 0.034375 
0 0.665625 0.3484375 0.01875 0.03125 
0 0.68515625 0.34375 0.0265625 0.0375 
0 0.7046875 0.34296875 0.025 0.0359375 
0 0.728125 0.33984375 0.028125 0.0390625 
0 0.4765625 0.29375 0.025 0.040625 
0 0.4453125 0.2171875 0.040625 0.025 
0 0.3875 0.309375 0.028125 0.040625 
0 0.35546875 0.415625 0.0234375 0.040625 
0 0.40859375 0.30703125 0.0234375 0.0390625 
0 0.2296875 0.4328125 0.028125 0.040625 
0 0.25 0.43125 0.01875 0.03125 
0 0.271875 0.42734375 0.025 0.0421875 
0 0.29140625 0.42421875 0.0265625 0.0390625 
0 0.31328125 0.4234375 0.0234375 0.040625 
0 0.334375 0.41484375 0.01875 0.0390625 
0 0.37578125 0.40703125 0.0234375 0.0359375 
0 0.4390625 0.3 0.025 0.0375 
0 0.39375 0.409375 0.021875 0.034375 
0 0.41328125 0.4046875 0.0234375 0.0375 
0 0.43046875 0.4 0.0203125 0.034375 
0 0.45859375 0.39765625 0.0203125 0.0359375 
0 0.47578125 0.38984375 0.0234375 0.0359375 
0 0.49765625 0.38671875 0.0234375 0.0421875 
0 0.52421875 0.38046875 0.0234375 0.0328125 
