1 0.58671875 0.96015625 0.0703125 0.0328125 
0 0.7078125 0.0375 0.034375 0.01875 
1 0.4671875 0.84296875 0.06875 0.0359375 
1 0.546875 0.86171875 0.06875 0.0328125 
1 0.465625 0.8140625 0.071875 0.03125 
1 0.55078125 0.834375 0.0703125 0.034375 
1 0.5546875 0.81484375 0.071875 0.0359375 
1 0.471875 0.79453125 0.071875 0.0328125 
1 0.5625 0.7921875 0.065625 0.034375 
1 0.4796875 0.7734375 0.06875 0.03125 
1 0.56640625 0.765625 0.0703125 0.0375 
1 0.49140625 0.75 0.0734375 0.040625 
0 0.00546875 0.1984375 0.0078125 0.01875 
1 0.58046875 0.75 0.0609375 0.03125 
1 0.57578125 0.72578125 0.0703125 0.0328125 
1 0.4984375 0.72890625 0.071875 0.0359375 
1 0.23203125 0.7390625 0.0765625 0.0375 
1 0.071875 0.70234375 0.071875 0.0296875 
1 0.0171875 0.68515625 0.03125 0.0328125 
1 0.39609375 0.75390625 0.0703125 0.0359375 
1 0.3171875 0.73828125 0.06875 0.0328125 
1 0.24296875 0.7203125 0.0671875 0.0375 
1 0.15234375 0.6984375 0.0703125 0.034375 
1 0.07734375 0.68125 0.0703125 0.03125 
1 0.0203125 0.6640625 0.0375 0.0375 
1 0.4015625 0.72890625 0.071875 0.0359375 
1 0.3265625 0.7125 0.071875 0.034375 
1 0.2484375 0.69375 0.06875 0.0375 
1 0.1640625 0.67421875 0.065625 0.0359375 
1 0.08828125 0.65625 0.0734375 0.034375 
1 0.02421875 0.63828125 0.0453125 0.0328125 
1 0.40546875 0.70546875 0.0765625 0.0359375 
1 0.33046875 0.690625 0.0703125 0.034375 
1 0.2515625 0.67265625 0.065625 0.0359375 
1 0.16484375 0.65234375 0.0734375 0.0359375 
1 0.3515625 0.6734375 0.071875 0.0375 
1 0.275 0.653125 0.06875 0.0375 
1 0.109375 0.61640625 0.06875 0.0359375 
1 0.15078125 0.71953125 0.0734375 0.0359375 
1 0.30859375 0.75703125 0.0734375 0.0359375 
1 0.571875 0.69296875 0.059375 0.0328125 
1 0.3921875 0.7765625 0.075 0.034375 
1 0.06484375 0.74921875 0.0734375 0.0359375 
1 0.13984375 0.76640625 0.0734375 0.0359375 
1 0.22109375 0.78515625 0.0703125 0.0359375 
1 0.2875 0.821875 0.071875 0.03125 
1 0.37890625 0.82421875 0.0703125 0.0359375 
1 0.38046875 0.79453125 0.0734375 0.0390625 
1 0.3015625 0.77734375 0.075 0.0390625 
1 0.2234375 0.759375 0.071875 0.03125 
1 0.14453125 0.73984375 0.0734375 0.0359375 
1 0.07265625 0.721875 0.0734375 0.0375 
0 0.8140625 0.0625 0.0375 0.021875 
0 0.90234375 0.05859375 0.0359375 0.0203125 
0 0.93984375 0.06796875 0.0328125 0.0203125 
0 0.9890625 0.22890625 0.01875 0.0296875 
0 0.975 0.259375 0.025 0.034375 
0 0.95859375 0.2921875 0.0234375 0.028125 
0 0.9453125 0.32421875 0.028125 0.0359375 
0 0.90078125 0.38359375 0.0234375 0.0359375 
0 0.8921875 0.42265625 0.021875 0.0328125 
0 0.87890625 0.4625 0.0234375 0.034375 
0 0.88984375 0.50390625 0.0203125 0.0359375 
0 0.884375 0.5390625 0.01875 0.034375 
0 0.8796875 0.58359375 0.01875 0.0328125 
0 0.940625 0.68125 0.025 0.015625 
0 0.00625 0.18203125 0.009375 0.0203125 
0 0.01328125 0.1171875 0.0234375 0.021875 
0 0.01484375 0.1 0.0265625 0.025 
0 0.0171875 0.0828125 0.03125 0.025 
0 0.01640625 0.0609375 0.0328125 0.021875 
1 0.175 0.603125 0.065625 0.034375 
