1 0.14453125 0.56796875 0.0578125 0.0234375 
1 0.14375 0.5515625 0.0625 0.025 
1 0.14921875 0.65078125 0.0671875 0.0328125 
1 0.4140625 0.40703125 0.0625 0.0171875 
1 0.23671875 0.76875 0.0203125 0.053125 
1 0.2125 0.76875 0.021875 0.05625 
1 0.1828125 0.77109375 0.028125 0.0546875 
1 0.153125 0.7765625 0.01875 0.05625 
1 0.15078125 0.6296875 0.0609375 0.028125 
1 0.14296875 0.53125 0.0609375 0.025 
1 0.48984375 0.60546875 0.0671875 0.0171875 
1 0.41171875 0.625 0.0640625 0.01875 
1 0.4859375 0.5828125 0.065625 0.01875 
1 0.4890625 0.4765625 0.065625 0.021875 
1 0.49609375 0.409375 0.0640625 0.01875 
1 0.41015625 0.6484375 0.0609375 0.021875 
1 0.41015625 0.60078125 0.0640625 0.0203125 
1 0.41328125 0.58203125 0.0609375 0.0171875 
1 0.4125 0.56015625 0.0625 0.0203125 
1 0.4171875 0.540625 0.05625 0.01875 
1 0.41171875 0.51953125 0.0640625 0.0171875 
1 0.4125 0.4953125 0.059375 0.01875 
1 0.421875 0.453125 0.0375 0.0125 
1 0.2859375 0.80234375 0.015625 0.0828125 
1 0.490625 0.4984375 0.065625 0.01875 
0 0.46328125 0.8671875 0.0265625 0.0125 
0 0.5265625 0.24453125 0.03125 0.0140625 
0 0.46171875 0.85234375 0.0234375 0.0109375 
0 0.46015625 0.834375 0.0265625 0.0125 
0 0.4640625 0.78984375 0.028125 0.0109375 
0 0.40078125 0.71328125 0.0203125 0.0296875 
1 0.2734375 0.61640625 0.046875 0.0171875 
1 0.14140625 0.5140625 0.0640625 0.021875 
1 0.4921875 0.53984375 0.065625 0.0171875 
1 0.54609375 0.515625 0.0265625 0.071875 
0 0.1421875 0.46640625 0.0375 0.0171875 
0 0.52734375 0.29609375 0.0296875 0.0171875 
0 0.52734375 0.27890625 0.0296875 0.0171875 
0 0.52734375 0.23046875 0.0328125 0.0140625 
1 0.4875 0.45390625 0.06875 0.0203125 
0 0.49765625 0.2484375 0.0234375 0.0125 
0 0.49453125 0.26328125 0.0296875 0.0140625 
0 0.49140625 0.27890625 0.0296875 0.0140625 
0 0.4421875 0.30625 0.015625 0.03125 
0 0.52421875 0.3375 0.0328125 0.015625 
0 0.6046875 0.2484375 0.0125 0.03125 
0 0.66875 0.228125 0.028125 0.034375 
0 0.48203125 0.1703125 0.0140625 0.028125 
0 0.45859375 0.16953125 0.0171875 0.0265625 
0 0.440625 0.1765625 0.0125 0.03125 
1 0.4875 0.5609375 0.065625 0.01875 
1 0.4140625 0.4328125 0.05625 0.015625 
