1 0.01484375 0.20703125 0.0265625 0.0671875 
1 0.02265625 0.240625 0.0421875 0.06875 
1 0.01328125 0.36640625 0.0234375 0.0484375 
1 0.0296875 0.69375 0.05625 0.1375 
1 0.08671875 0.66796875 0.0671875 0.1359375 
1 0.20625 0.6375 0.046875 0.09375 
1 0.20703125 0.5625 0.0546875 0.09375 
0 0.403125 0.13515625 0.03125 0.0296875 
0 0.3890625 0.1234375 0.040625 0.040625 
0 0.29375 0.1453125 0.0375 0.028125 
0 0.31015625 0.184375 0.0359375 0.028125 
1 0.50546875 0.01640625 0.0703125 0.0296875 
1 0.48046875 0.01171875 0.0703125 0.0203125 
1 0.515625 0.040625 0.06875 0.078125 
1 0.3984375 0.55 0.05 0.090625 
1 0.53359375 0.05390625 0.0703125 0.1046875 
1 0.7 0.01640625 0.071875 0.0296875 
1 0.6046875 0.26640625 0.05 0.0953125 
1 0.303125 0.59375 0.05 0.09375 
