0 0.1609375 0.54375 0.04375 0.06875 
0 0.0375 0.665625 0.046875 0.08125 
0 0.06953125 0.6796875 0.0546875 0.08125 
0 0.17109375 0.6703125 0.0671875 0.05 
0 0.1421875 0.75546875 0.075 0.0484375 
0 0.12265625 0.79296875 0.0859375 0.0640625 
0 0.2671875 0.428125 0.0625 0.046875 
0 0.04765625 0.9953125 0.0671875 0.009375 
0 0.03046875 0.9109375 0.0390625 0.059375 
0 0.1765625 0.45703125 0.04375 0.0703125 
0 0.28359375 0.35546875 0.0765625 0.0609375 
0 0.29140625 0.31875 0.0765625 0.05625 
0 0.009375 0.04765625 0.015625 0.0703125 
0 0.0234375 0.05703125 0.046875 0.0609375 
0 0.3109375 0.2875 0.071875 0.053125 
1 0.14921875 0.96015625 0.1109375 0.0796875 
1 0.71953125 0.9234375 0.0859375 0.15 
1 0.71484375 0.57890625 0.0859375 0.1578125 
1 0.7515625 0.5953125 0.08125 0.15 
1 0.82578125 0.628125 0.0828125 0.153125 
1 0.65859375 0.73125 0.0828125 0.15 
1 0.73515625 0.76015625 0.0859375 0.1515625 
1 0.7703125 0.7734375 0.084375 0.15 
1 0.81015625 0.784375 0.0890625 0.15 
1 0.7625 0.928125 0.084375 0.14375 
1 0.68359375 0.9078125 0.0828125 0.153125 
1 0.33125 0.2421875 0.1 0.0625 
1 0.33359375 0.19609375 0.1328125 0.0765625 
1 0.34921875 0.1515625 0.0984375 0.05625 
1 0.37421875 0.0671875 0.1296875 0.059375 
0 0.99453125 0.39765625 0.0109375 0.0828125 
0 0.9640625 0.371875 0.053125 0.075 
0 0.83125 0.1640625 0.078125 0.05 
0 0.859375 0.0734375 0.06875 0.05 
0 0.8484375 0.1078125 0.06875 0.05 
0 0.8171875 0.18984375 0.059375 0.0453125 
0 0.91015625 0.353125 0.0546875 0.075 
0 0.80703125 0.22421875 0.0734375 0.0578125 
0 0.97421875 0.22578125 0.0515625 0.0765625 
0 0.990625 0.16171875 0.01875 0.0609375 
0 0.99296875 0.22890625 0.0140625 0.0671875 
0 0.81953125 0.31875 0.0453125 0.075 
0 0.846875 0.32890625 0.053125 0.0703125 
0 0.878125 0.33828125 0.05 0.0796875 
1 0.2296875 0.81015625 0.10625 0.2265625 
