0 0.29453125 0.33515625 0.0796875 0.0546875 
0 0.43828125 0.3828125 0.0953125 0.059375 
0 0.2796875 0.38515625 0.078125 0.0546875 
0 0.2609375 0.415625 0.065625 0.05 
0 0.25 0.45390625 0.08125 0.0609375 
0 0.0703125 0.40703125 0.040625 0.0671875 
0 0.03984375 0.39765625 0.0453125 0.0640625 
0 0.053125 0.553125 0.046875 0.065625 
0 0.02265625 0.54375 0.0421875 0.0625 
0 0.1609375 0.59453125 0.03125 0.0671875 
0 0.23125 0.6125 0.04375 0.071875 
0 0.30078125 0.72421875 0.0484375 0.0703125 
0 0.2640625 0.6203125 0.040625 0.071875 
0 0.2984375 0.63046875 0.0375 0.0703125 
0 0.33359375 0.64609375 0.0421875 0.0703125 
0 0.36875 0.65703125 0.05 0.0734375 
0 0.025 0.6390625 0.04375 0.065625 
0 0.0546875 0.64453125 0.0375 0.0640625 
0 0.115625 0.66640625 0.0375 0.0578125 
0 0.14453125 0.6796875 0.0359375 0.06875 
0 0.1765625 0.68671875 0.05 0.0703125 
0 0.23515625 0.70546875 0.0421875 0.0640625 
0 0.75390625 0.87734375 0.0484375 0.0703125 
0 0.965625 0.51953125 0.04375 0.0671875 
0 0.99140625 0.54375 0.0171875 0.06875 
0 0.88125 0.665625 0.046875 0.08125 
0 0.91328125 0.6796875 0.0546875 0.08125 
0 0.990625 0.6703125 0.01875 0.05 
0 0.72890625 0.7328125 0.0515625 0.075 
0 0.97421875 0.75546875 0.0515625 0.0484375 
0 0.96171875 0.79296875 0.0765625 0.0640625 
0 0.815625 0.9 0.046875 0.065625 
0 0.65703125 0.9796875 0.0765625 0.040625 
0 0.89140625 0.9953125 0.0671875 0.009375 
0 0.87421875 0.9109375 0.0390625 0.059375 
0 0.83515625 0.04765625 0.0515625 0.0703125 
0 0.8671875 0.05703125 0.046875 0.0609375 
0 0.66015625 0.1546875 0.0421875 0.071875 
0 0.4796875 0.08984375 0.0625 0.0765625 
0 0.40390625 0.6828125 0.0515625 0.078125 
0 0.51875 0.09765625 0.05 0.0796875 
1 0.96875 0.96015625 0.0625 0.0796875 
0 0.15 0.13828125 0.05625 0.0671875 
0 0.33515625 0.1328125 0.0546875 0.071875 
0 0.3734375 0.1375 0.046875 0.065625 
0 0.38984375 0.07421875 0.0421875 0.0671875 
0 0.421875 0.07734375 0.0375 0.0640625 
0 0.415625 0.1609375 0.053125 0.071875 
0 0.51796875 0.18359375 0.0453125 0.0703125 
0 0.340625 0.89453125 0.040625 0.0703125 
0 0.1921875 0.8515625 0.034375 0.059375 
0 0.12890625 0.83203125 0.0328125 0.0609375 
0 0.084375 0.8203125 0.0375 0.0625 
0 0.04921875 0.8078125 0.0359375 0.065625 
