0 0.7921875 0.96953125 0.028125 0.0234375 
0 0.96484375 0.878125 0.0203125 0.03125 
0 0.79921875 0.71953125 0.0265625 0.0203125 
0 0.753125 0.753125 0.025 0.034375 
0 0.86953125 0.7453125 0.0328125 0.01875 
0 0.6171875 0.3296875 0.015625 0.03125 
0 0.86953125 0.7625 0.0296875 0.01875 
0 0.534375 0.31796875 0.015625 0.0359375 
0 0.771875 0.26640625 0.015625 0.0296875 
0 0.7546875 0.26484375 0.015625 0.0328125 
0 0.73984375 0.26484375 0.0171875 0.0328125 
0 0.72265625 0.2640625 0.0171875 0.03125 
0 0.70859375 0.2625 0.0171875 0.03125 
0 0.5875 0.24765625 0.01875 0.0328125 
0 0.6796875 0.259375 0.01875 0.028125 
0 0.66328125 0.2546875 0.0171875 0.03125 
0 0.6328125 0.25234375 0.015625 0.0328125 
0 0.88125 0.36796875 0.01875 0.0328125 
0 0.60078125 0.32734375 0.0171875 0.0296875 
0 0.4703125 0.38828125 0.034375 0.0203125 
0 0.46640625 0.40625 0.0390625 0.015625 
0 0.3015625 0.496875 0.01875 0.034375 
0 0.36484375 0.503125 0.0203125 0.0375 
0 0.33359375 0.503125 0.0171875 0.028125 
0 0.5078125 0.68359375 0.015625 0.0359375 
0 0.49296875 0.68359375 0.0203125 0.0359375 
0 0.69375 0.7296875 0.025 0.034375 
0 0.62265625 0.78046875 0.0328125 0.0390625 
0 0.7890625 0.78203125 0.034375 0.0265625 
0 0.7953125 0.7515625 0.028125 0.021875 
0 0.86796875 0.79375 0.0296875 0.015625 
0 0.8 0.27421875 0.021875 0.0359375 
0 0.83203125 0.2796875 0.0140625 0.034375 
0 0.86328125 0.28046875 0.0140625 0.0328125 
0 0.8765625 0.28828125 0.015625 0.0296875 
0 0.86015625 0.0609375 0.0171875 0.028125 
0 0.84453125 0.059375 0.0140625 0.028125 
0 0.82890625 0.0578125 0.0171875 0.03125 
0 0.878125 0.06796875 0.0125 0.0296875 
0 0.85546875 0.09609375 0.0171875 0.0296875 
0 0.83984375 0.09140625 0.0171875 0.0359375 
0 0.7953125 0.08671875 0.015625 0.0328125 
0 0.91796875 0.3 0.0296875 0.034375 
