0 0.5828125 0.3015625 0.03125 0.021875 
0 0.10625 0.01640625 0.015625 0.0265625 
0 0.45234375 0.21953125 0.0171875 0.0359375 
0 0.46640625 0.22265625 0.0234375 0.0328125 
0 0.9578125 0.16953125 0.040625 0.0265625 
0 0.54765625 0.20859375 0.0171875 0.0328125 
0 0.98671875 0.42109375 0.0234375 0.0359375 
0 0.84375 0.84140625 0.028125 0.0359375 
0 0.81953125 0.81171875 0.0234375 0.0359375 
0 0.68671875 0.47578125 0.0265625 0.0421875 
0 0.7015625 0.5515625 0.021875 0.0375 
0 0.1703125 0.39921875 0.03125 0.0234375 
0 0.0171875 0.5640625 0.03125 0.015625 
0 0.71640625 0.8765625 0.0234375 0.040625 
1 0.10078125 0.1359375 0.0265625 0.046875 
0 0.00546875 0.0453125 0.0078125 0.034375 
