1 0.0171875 0.771875 0.03125 0.084375 
1 0.06953125 0.80546875 0.0953125 0.1515625 
1 0.0078125 0.80859375 0.0125 0.0859375 
1 0.09765625 0.92109375 0.1515625 0.1578125 
1 0.284375 0.9109375 0.14375 0.11875 
1 0.046875 0.6609375 0.090625 0.090625 
1 0.06484375 0.5890625 0.1265625 0.090625 
1 0.06953125 0.54765625 0.1359375 0.0890625 
1 0.0359375 0.325 0.06875 0.225 
1 0.00625 0.06796875 0.009375 0.1328125 
1 0.0546875 0.34453125 0.10625 0.2171875 
1 0.0828125 0.51328125 0.15 0.0859375 
1 0.2140625 0.253125 0.146875 0.08125 
1 0.36484375 0.1703125 0.0828125 0.153125 
1 0.1921875 0.28515625 0.146875 0.0859375 
1 0.29375 0.38671875 0.096875 0.1515625 
1 0.1796875 0.328125 0.15 0.084375 
1 0.15859375 0.3640625 0.1484375 0.08125 
1 0.13984375 0.40234375 0.1453125 0.0828125 
1 0.12109375 0.4359375 0.1484375 0.090625 
1 0.10703125 0.47890625 0.1546875 0.0890625 
1 0.4875 0.0265625 0.09375 0.05 
1 0.46171875 0.18359375 0.0953125 0.1578125 
1 0.37421875 0.0171875 0.1484375 0.03125 
0 0.35703125 0.03203125 0.0734375 0.0484375 
0 0.91953125 0.125 0.0796875 0.065625 
