1 0.759375 0.025 0.15625 0.046875 
1 0.73203125 0.0421875 0.1546875 0.08125 
1 0.9328125 0.1078125 0.134375 0.2125 
1 0.71484375 0.07578125 0.1515625 0.0953125 
1 0.69609375 0.1109375 0.1484375 0.096875 
1 0.6796875 0.14921875 0.153125 0.0953125 
1 0.65703125 0.18359375 0.1484375 0.0921875 
1 0.63828125 0.2234375 0.1515625 0.09375 
1 0.965625 0.325 0.06875 0.103125 
1 0.60859375 0.2984375 0.1515625 0.090625 
1 0.38125 0.4390625 0.146875 0.10625 
1 0.34609375 0.5796875 0.1546875 0.203125 
1 0.29921875 0.56953125 0.1109375 0.1359375 
1 0.2734375 0.53359375 0.1125 0.1421875 
1 0.35859375 0.63515625 0.1109375 0.1421875 
1 0.41015625 0.62578125 0.1546875 0.2078125 
1 0.48046875 0.68046875 0.1546875 0.2140625 
1 0.5421875 0.728125 0.159375 0.21875 
1 0.62109375 0.85546875 0.0609375 0.1609375 
1 0.8328125 0.88828125 0.15 0.1203125 
0 0.99453125 0.9890625 0.0109375 0.021875 
