0 0.87109375 0.30859375 0.0234375 0.0359375 
0 0.484375 0.009375 0.03125 0.015625 
0 0.89609375 0.07890625 0.0328125 0.0234375 
0 0.91953125 0.1265625 0.0359375 0.021875 
0 0.91796875 0.1421875 0.0265625 0.01875 
0 0.93984375 0.2703125 0.0234375 0.0375 
0 0.8953125 0.271875 0.01875 0.034375 
0 0.875 0.26875 0.01875 0.03125 
0 0.56640625 0.12421875 0.0328125 0.0359375 
0 0.5359375 0.125 0.0375 0.03125 
0 0.53828125 0.16484375 0.0359375 0.0296875 
0 0.28046875 0.4140625 0.0265625 0.015625 
0 0.18671875 0.4609375 0.0140625 0.028125 
0 0.1453125 0.46015625 0.0125 0.0296875 
0 0.8984375 0.21328125 0.034375 0.0203125 
0 0.48671875 0.20546875 0.0234375 0.0296875 
0 0.85 0.359375 0.03125 0.021875 
0 0.88671875 0.31640625 0.0171875 0.0359375 
0 0.465625 0.13828125 0.025 0.0328125 
0 0.37734375 0.0421875 0.0328125 0.025 
0 0.74921875 0.47890625 0.0265625 0.0203125 
0 0.47890625 0.234375 0.0203125 0.028125 
0 0.22734375 0.5703125 0.0171875 0.03125 
0 0.80625 0.61875 0.025 0.0375 
0 0.96953125 0.64296875 0.0171875 0.0421875 
0 0.10625 0.86015625 0.015625 0.0265625 
0 0.12890625 0.4625 0.0171875 0.028125 
0 0.11171875 0.46171875 0.0171875 0.0328125 
0 0.084375 0.46328125 0.015625 0.0296875 
1 0.10078125 0.978125 0.0265625 0.04375 
0 0.01328125 0.82109375 0.0234375 0.0328125 
0 0.00546875 0.8890625 0.0078125 0.034375 
0 0.0703125 0.46484375 0.0125 0.0328125 
0 0.07421875 0.39921875 0.0140625 0.0359375 
0 0.10078125 0.3953125 0.0171875 0.028125 
0 0.1625 0.39765625 0.01875 0.0328125 
0 0.08671875 0.39453125 0.0140625 0.0265625 
0 0.05859375 0.40078125 0.0171875 0.0359375 
0 0.04375 0.3984375 0.0125 0.034375 
0 0.02890625 0.4 0.0171875 0.034375 
0 0.1265625 0.5046875 0.015625 0.028125 
0 0.05390625 0.46484375 0.0140625 0.0296875 
0 0.03984375 0.46640625 0.0140625 0.0328125 
0 0.025 0.46875 0.015625 0.028125 
0 0.20078125 0.5046875 0.0140625 0.034375 
0 0.18515625 0.5046875 0.0171875 0.034375 
0 0.1703125 0.50546875 0.015625 0.0328125 
0 0.1546875 0.50625 0.015625 0.034375 
0 0.11171875 0.50546875 0.0171875 0.0328125 
0 0.09765625 0.50703125 0.0140625 0.0296875 
0 0.0828125 0.5046875 0.0125 0.028125 
0 0.06875 0.50625 0.015625 0.03125 
0 0.053125 0.50859375 0.015625 0.0296875 
0 0.0359375 0.51015625 0.015625 0.0234375 
0 0.0234375 0.5109375 0.015625 0.028125 
0 0.00859375 0.50859375 0.0140625 0.0265625 
0 0.0078125 0.60546875 0.0125 0.0171875 
0 0.009375 0.61875 0.015625 0.021875 
0 0.01171875 0.6328125 0.0203125 0.01875 
0 0.5078125 0.20703125 0.03125 0.0359375 
0 0.00703125 0.58828125 0.0109375 0.0140625 
0 0.48984375 0.240625 0.0203125 0.03125 
0 0.46484375 0.26484375 0.0296875 0.0265625 
0 0.4734375 0.29296875 0.025 0.0390625 
0 0.73203125 0.5546875 0.0328125 0.028125 
0 0.69453125 0.56640625 0.0390625 0.0296875 
0 0.28828125 0.51640625 0.0328125 0.0203125 
0 0.1671875 0.58203125 0.01875 0.0296875 
0 0.153125 0.58203125 0.01875 0.0328125 
0 0.13984375 0.58203125 0.0171875 0.0296875 
0 0.1234375 0.584375 0.01875 0.034375 
0 0.11171875 0.58828125 0.0171875 0.0359375 
0 0.09296875 0.59140625 0.0203125 0.0359375 
