0 0.9515625 0.2203125 0.025 0.034375 
0 0.51953125 0.01875 0.0203125 0.034375 
0 0.5015625 0.40859375 0.025 0.0421875 
0 0.39140625 0.4171875 0.0203125 0.040625 
0 0.7453125 0.39453125 0.021875 0.0421875 
0 0.596875 0.31484375 0.034375 0.0203125 
0 0.51484375 0.14140625 0.0234375 0.0453125 
0 0.628125 0.18359375 0.01875 0.0390625 
0 0.640625 0.1828125 0.015625 0.034375 
0 0.01328125 0.6984375 0.0234375 0.01875 
0 0.0125 0.74296875 0.021875 0.0171875 
0 0.1078125 0.703125 0.034375 0.040625 
0 0.5125 0.9625 0.03125 0.04375 
0 0.63359375 0.93984375 0.0453125 0.0171875 
0 0.7 0.96328125 0.040625 0.0390625 
0 0.5578125 0.86875 0.021875 0.034375 
