1 0.953125 0.4625 0.071875 0.06875 
1 0.975 0.4984375 0.05 0.065625 
1 0.9828125 0.515625 0.034375 0.065625 
1 0.9953125 0.52890625 0.009375 0.0578125 
1 0.865625 0.075 0.06875 0.065625 
1 0.38203125 0.040625 0.0578125 0.078125 
1 0.40703125 0.02890625 0.0453125 0.0546875 
1 0.62421875 0.03671875 0.0828125 0.0546875 
1 0.54453125 0.26796875 0.0546875 0.0765625 
1 0.56484375 0.25859375 0.0546875 0.0796875 
1 0.596875 0.23828125 0.05625 0.0828125 
1 0.61875 0.23046875 0.053125 0.0796875 
1 0.63828125 0.21953125 0.0546875 0.0796875 
1 0.80703125 0.32109375 0.0796875 0.0265625 
1 0.8484375 0.05703125 0.078125 0.0734375 
1 0.878125 0.09140625 0.075 0.0703125 
1 0.8984375 0.1078125 0.06875 0.065625 
1 0.92734375 0.146875 0.0734375 0.06875 
1 0.9078125 0.13203125 0.06875 0.0640625 
1 0.94375 0.16328125 0.071875 0.0671875 
1 0.96796875 0.2 0.0640625 0.06875 
1 0.97734375 0.215625 0.0453125 0.06875 
1 0.98515625 0.2328125 0.0296875 0.065625 
1 0.99375 0.24921875 0.0125 0.0640625 
0 0.50859375 0.0984375 0.0265625 0.0375 
0 0.56328125 0.07265625 0.0328125 0.0421875 
0 0.48515625 0.25234375 0.0328125 0.0359375 
0 0.44453125 0.21171875 0.0328125 0.0328125 
0 0.22421875 0.0109375 0.0328125 0.01875 
0 0.25390625 0.03125 0.0359375 0.034375 
0 0.28984375 0.08515625 0.0328125 0.0296875 
0 0.33359375 0.12890625 0.0390625 0.0453125 
0 0.34921875 0.14453125 0.0328125 0.0328125 
