0 0.9671875 0.56640625 0.03125 0.0171875 
0 0.953125 0.51953125 0.028125 0.0453125 
0 0.99140625 0.23984375 0.0171875 0.0171875 
1 0.990625 0.01796875 0.01875 0.0328125 
0 0.8484375 0.78125 0.034375 0.025 
0 0.65390625 0.8359375 0.0171875 0.034375 
0 0.6703125 0.840625 0.015625 0.034375 
0 0.6875 0.8375 0.015625 0.034375 
0 0.7546875 0.90703125 0.01875 0.0328125 
0 0.77109375 0.94140625 0.0296875 0.0296875 
0 0.84609375 0.96796875 0.0359375 0.0203125 
0 0.88203125 0.97109375 0.0328125 0.0171875 
0 0.9171875 0.971875 0.034375 0.01875 
0 0.9546875 0.97265625 0.028125 0.0171875 
0 0.9625 0.9203125 0.034375 0.028125 
0 0.9734375 0.8671875 0.0375 0.025 
0 0.971875 0.84765625 0.03125 0.0203125 
1 0.45390625 0.184375 0.0609375 0.071875 
1 0.92265625 0.01015625 0.0578125 0.0171875 
1 0.9203125 0.03359375 0.05625 0.0640625 
1 0.92109375 0.06640625 0.0609375 0.0734375 
1 0.91640625 0.10859375 0.0640625 0.0765625 
1 0.91328125 0.16953125 0.0578125 0.0734375 
1 0.915625 0.21171875 0.05625 0.0765625 
1 0.5203125 0.40625 0.08125 0.01875 
1 0.56484375 0.65 0.0359375 0.08125 
1 0.61953125 0.63203125 0.0265625 0.0828125 
1 0.6140625 0.54296875 0.025 0.0828125 
1 0.58671875 0.5515625 0.0265625 0.08125 
1 0.5375 0.534375 0.025 0.078125 
1 0.5140625 0.55234375 0.040625 0.0828125 
1 0.49140625 0.5578125 0.0359375 0.08125 
1 0.47265625 0.5640625 0.0359375 0.08125 
1 0.45234375 0.5703125 0.0359375 0.08125 
1 0.43203125 0.5765625 0.0390625 0.084375 
1 0.4109375 0.58203125 0.0375 0.0796875 
1 0.3921875 0.59375 0.040625 0.08125 
1 0.190625 0.371875 0.01875 0.08125 
1 0.21171875 0.37109375 0.0203125 0.0828125 
1 0.234375 0.3765625 0.01875 0.084375 
1 0.2578125 0.37265625 0.01875 0.0828125 
1 0.4484375 0.35625 0.0625 0.06875 
1 0.44921875 0.321875 0.0609375 0.071875 
1 0.45078125 0.2828125 0.0609375 0.071875 
1 0.45234375 0.2171875 0.0609375 0.071875 
0 0.68125 0.78828125 0.01875 0.0265625 
0 0.66171875 0.790625 0.0234375 0.03125 
0 0.2515625 0.3046875 0.0375 0.01875 
0 0.26796875 0.91875 0.0296875 0.034375 
0 0.33125 0.92265625 0.03125 0.0359375 
0 0.35234375 0.921875 0.0296875 0.034375 
0 0.36953125 0.9203125 0.0203125 0.03125 
0 0.4015625 0.92578125 0.01875 0.0359375 
0 0.6015625 0.8421875 0.028125 0.034375 
0 0.5859375 0.8453125 0.03125 0.034375 
0 0.56953125 0.8515625 0.0234375 0.03125 
0 0.55078125 0.85703125 0.0296875 0.0328125 
0 0.5375 0.86171875 0.028125 0.0359375 
0 0.48984375 0.88515625 0.0328125 0.0296875 
0 0.48046875 0.9234375 0.0359375 0.0375 
0 0.4984375 0.9265625 0.03125 0.040625 
0 0.521875 0.925 0.025 0.034375 
0 0.571875 0.92734375 0.025 0.0359375 
0 0.56484375 0.903125 0.0296875 0.015625 
0 0.59453125 0.8875 0.0359375 0.028125 
0 0.5953125 0.9125 0.028125 0.034375 
0 0.6125 0.91640625 0.021875 0.0328125 
0 0.61953125 0.890625 0.0265625 0.028125 
0 0.29765625 0.9203125 0.0359375 0.040625 
0 0.25390625 0.91171875 0.0296875 0.0328125 
0 0.23203125 0.91796875 0.0203125 0.0359375 
0 0.13984375 0.89140625 0.0328125 0.0171875 
0 0.140625 0.91171875 0.034375 0.0171875 
0 0.1703125 0.89296875 0.025 0.0171875 
0 0.1703125 0.90859375 0.028125 0.0171875 
0 0.19765625 0.9078125 0.0296875 0.0375 
0 0.03984375 0.9578125 0.0328125 0.01875 
0 0.2171875 0.9140625 0.021875 0.034375 
