1 0.4375 0.3734375 0.221875 0.04375 
1 0.4359375 0.334375 0.225 0.034375 
1 0.44140625 0.27890625 0.2265625 0.0421875 
1 0.42890625 0.23046875 0.2421875 0.0546875 
1 0.40234375 0.18125 0.2203125 0.053125 
1 0.4375 0.13203125 0.21875 0.0484375 
1 0.46015625 0.07890625 0.2328125 0.0515625 
1 0.44140625 0.03203125 0.2046875 0.0515625 
1 0.43203125 0.00546875 0.2296875 0.0078125 
1 0.43359375 0.4609375 0.2328125 0.04375 
1 0.3859375 0.57421875 0.234375 0.0703125 
1 0.4171875 0.615625 0.253125 0.071875 
0 0.94375 0.00703125 0.06875 0.0109375 
0 0.59140625 0.33359375 0.0328125 0.0703125 
1 0.97578125 0.725 0.0484375 0.25625 
1 0.9484375 0.72890625 0.08125 0.2484375 
1 0.90234375 0.74453125 0.0796875 0.2328125 
1 0.86953125 0.76796875 0.0703125 0.2015625 
1 0.8171875 0.7546875 0.06875 0.21875 
1 0.62265625 0.75546875 0.0703125 0.2421875 
1 0.48359375 0.74765625 0.1640625 0.2109375 
