0 0.02890625 0.76015625 0.0328125 0.0578125 
0 0.15390625 0.76015625 0.0328125 0.0640625 
0 0.009375 0.91953125 0.015625 0.0578125 
0 0.80078125 0.9296875 0.0609375 0.025 
0 0.88671875 0.37890625 0.0609375 0.0359375 
1 0.01796875 0.24453125 0.0328125 0.1453125 
1 0.0203125 0.00546875 0.0375 0.0078125 
1 0.01953125 0.0921875 0.0359375 0.15 
1 0.40625 0.87578125 0.040625 0.1453125 
1 0.44921875 0.87734375 0.0484375 0.1484375 
1 0.38515625 0.67890625 0.2109375 0.1171875 
1 0.16796875 0.2359375 0.0484375 0.15625 
