1 0.43203125 0.0125 0.0734375 0.021875 
1 0.78828125 0.009375 0.0890625 0.015625 
1 0.76640625 0.0296875 0.0765625 0.05625 
1 0.58359375 0.16484375 0.0734375 0.1203125 
1 0.4875 0.63125 0.075 0.125 
1 0.56484375 0.51953125 0.0703125 0.1203125 
1 0.5328125 0.503125 0.078125 0.125 
1 0.4640625 0.47265625 0.071875 0.1203125 
1 0.2328125 0.27890625 0.134375 0.0765625 
1 0.5796875 0.2421875 0.09375 0.115625 
1 0.6140625 0.15078125 0.078125 0.1234375 
1 0.75078125 0.0484375 0.0765625 0.09375 
1 0.64296875 0.13359375 0.0796875 0.1234375 
1 0.66640625 0.10625 0.0703125 0.125 
1 0.70390625 0.10625 0.0640625 0.125 
1 0.73046875 0.07578125 0.0734375 0.1234375 
1 0.646875 0.025 0.121875 0.046875 
1 0.64296875 0.00546875 0.1203125 0.0078125 
1 0.16171875 0.89921875 0.0734375 0.1265625 
1 0.04140625 0.6671875 0.0796875 0.071875 
1 0.1421875 0.7140625 0.125 0.08125 
1 0.2703125 0.915625 0.071875 0.121875 
1 0.07890625 0.8734375 0.0640625 0.115625 
1 0.01015625 0.8515625 0.0171875 0.109375 
0 0.89296875 0.86875 0.0328125 0.05 
1 0.30078125 0.93359375 0.0703125 0.1203125 
1 0.3671875 0.975 0.071875 0.05 
1 0.33203125 0.96875 0.0734375 0.0625 
1 0.52578125 0.94921875 0.1171875 0.0734375 
1 0.40703125 0.896875 0.1171875 0.078125 
1 0.59453125 0.5296875 0.0734375 0.121875 
