1 0.07734375 0.87890625 0.0578125 0.0234375 
1 0.14609375 0.8421875 0.0171875 0.065625 
1 0.17890625 0.84921875 0.0203125 0.0671875 
1 0.03203125 0.86015625 0.0640625 0.0203125 
1 0.0328125 0.840625 0.0625 0.01875 
1 0.0328125 0.82109375 0.0625 0.0171875 
1 0.03359375 0.80234375 0.0640625 0.0203125 
1 0.03359375 0.7796875 0.0640625 0.01875 
1 0.0328125 0.76015625 0.0625 0.0203125 
1 0.03359375 0.7421875 0.0640625 0.021875 
1 0.0328125 0.7203125 0.0625 0.01875 
1 0.034375 0.7015625 0.0625 0.01875 
1 0.0359375 0.68125 0.0625 0.01875 
1 0.03671875 0.66328125 0.0640625 0.0234375 
1 0.0375 0.603125 0.065625 0.01875 
1 0.01640625 0.41875 0.0171875 0.065625 
1 0.03671875 0.41875 0.0203125 0.06875 
1 0.05625 0.4203125 0.01875 0.065625 
1 0.07734375 0.421875 0.0203125 0.065625 
1 0.09765625 0.4203125 0.0171875 0.06875 
1 0.6171875 0.475 0.021875 0.06875 
1 0.6390625 0.47890625 0.021875 0.0640625 
1 0.6859375 0.475 0.021875 0.071875 
1 0.71015625 0.47890625 0.0203125 0.0640625 
1 0.7328125 0.47734375 0.01875 0.0703125 
1 0.75625 0.478125 0.01875 0.06875 
1 0.77734375 0.47734375 0.0171875 0.0703125 
1 0.03671875 0.62265625 0.0640625 0.0203125 
1 0.0375 0.58359375 0.0625 0.0203125 
0 0.7125 0.42578125 0.028125 0.0203125 
1 0.24296875 0.684375 0.0640625 0.01875 
1 0.23984375 0.64296875 0.0640625 0.0234375 
1 0.24140625 0.61953125 0.0640625 0.0203125 
1 0.24375 0.6 0.0625 0.01875 
1 0.2421875 0.5796875 0.065625 0.01875 
1 0.24296875 0.559375 0.0640625 0.01875 
1 0.24375 0.53671875 0.0625 0.0203125 
1 0.2421875 0.515625 0.065625 0.021875 
1 0.8078125 0.46640625 0.021875 0.1046875 
1 0.11015625 0.15703125 0.1296875 0.0203125 
1 0.0359375 0.6421875 0.065625 0.01875 
0 0.40625 0.2609375 0.015625 0.034375 
0 0.46328125 0.26484375 0.0140625 0.0328125 
0 0.48984375 0.26328125 0.0171875 0.0421875 
0 0.35078125 0.26171875 0.0171875 0.0359375 
0 0.3328125 0.2625 0.015625 0.034375 
0 0.27734375 0.2609375 0.0171875 0.034375 
0 0.840625 0.35859375 0.034375 0.0203125 
0 0.77578125 0.26796875 0.0171875 0.0390625 
0 0.234375 0.409375 0.01875 0.040625 
1 0.24140625 0.6625 0.0640625 0.021875 
1 0.240625 0.70546875 0.0625 0.0203125 
1 0.03828125 0.565625 0.0640625 0.021875 
1 0.23984375 0.76796875 0.0640625 0.0171875 
1 0.03828125 0.54609375 0.0671875 0.0203125 
1 0.1015625 0.5453125 0.059375 0.01875 
1 0.1015625 0.5640625 0.059375 0.021875 
1 0.1015625 0.58359375 0.059375 0.0203125 
1 0.103125 0.60234375 0.059375 0.0203125 
1 0.103125 0.6234375 0.0625 0.021875 
1 0.10078125 0.64140625 0.0609375 0.0234375 
1 0.1 0.65859375 0.0625 0.0234375 
1 0.09921875 0.68125 0.0578125 0.01875 
1 0.1 0.7 0.0625 0.01875 
1 0.0984375 0.7203125 0.059375 0.025 
1 0.09921875 0.73984375 0.0546875 0.0203125 
1 0.096875 0.759375 0.059375 0.021875 
1 0.09609375 0.78046875 0.0546875 0.0234375 
1 0.0953125 0.8015625 0.05625 0.01875 
1 0.09453125 0.81953125 0.0578125 0.0234375 
1 0.09609375 0.83828125 0.0578125 0.0203125 
1 0.096875 0.85703125 0.059375 0.0203125 
1 0.23515625 0.8765625 0.0640625 0.028125 
1 0.23828125 0.85390625 0.0671875 0.0203125 
1 0.2359375 0.8328125 0.0625 0.021875 
1 0.23828125 0.81328125 0.0671875 0.0203125 
1 0.23984375 0.79140625 0.0640625 0.0203125 
