1 0.434375 0.221875 0.0375 0.128125 
1 0.4 0.21953125 0.04375 0.1265625 
1 0.36328125 0.21875 0.0421875 0.128125 
1 0.325 0.21484375 0.046875 0.1265625 
1 0.28984375 0.2140625 0.0453125 0.128125 
1 0.2125 0.2078125 0.05 0.13125 
1 0.16953125 0.20546875 0.0421875 0.1296875 
1 0.50859375 0.2171875 0.0453125 0.128125 
0 0.6671875 0.18984375 0.0375 0.0796875 
0 0.6046875 0.09140625 0.06875 0.0359375 
0 0.52265625 0.04453125 0.0796875 0.0453125 
1 0.54921875 0.225 0.0421875 0.121875 
1 0.53359375 0.66328125 0.0359375 0.1203125 
1 0.10703125 0.6625 0.0453125 0.125 
1 0.49609375 0.65859375 0.0453125 0.1265625 
1 0.4578125 0.65859375 0.040625 0.1234375 
1 0.42265625 0.659375 0.0453125 0.121875 
1 0.38671875 0.65234375 0.0421875 0.1296875 
1 0.3453125 0.65546875 0.046875 0.1234375 
1 0.234375 0.64375 0.046875 0.14375 
1 0.19140625 0.65234375 0.0421875 0.1234375 
1 0.15 0.6515625 0.046875 0.125 
