1 0.39453125 0.2671875 0.1265625 0.01875 
1 0.37578125 0.24765625 0.1296875 0.0171875 
1 0.4828125 0.39375 0.09375 0.01875 
1 0.5 0.33125 0.125 0.015625 
1 0.5 0.31171875 0.121875 0.0171875 
1 0.5015625 0.29140625 0.125 0.0203125 
1 0.2609375 0.0953125 0.0375 0.128125 
1 0.37734375 0.39453125 0.0890625 0.0265625 
1 0.503125 0.16640625 0.121875 0.0203125 
1 0.7265625 0.309375 0.0625 0.01875 
1 0.728125 0.2671875 0.065625 0.015625 
1 0.73046875 0.24453125 0.0609375 0.0171875 
1 0.14375 0.5578125 0.121875 0.01875 
1 0.3890625 0.35234375 0.103125 0.0171875 
1 0.403125 0.74140625 0.021875 0.1265625 
1 0.16328125 0.453125 0.1265625 0.01875 
1 0.16640625 0.09609375 0.1296875 0.0171875 
1 0.16796875 0.17890625 0.0640625 0.0171875 
1 0.13515625 0.284375 0.0984375 0.015625 
1 0.14765625 0.3671875 0.1171875 0.01875 
1 0.1515625 0.40859375 0.121875 0.0171875 
1 0.15390625 0.43359375 0.1265625 0.0203125 
1 0.121875 0.4703125 0.09375 0.01875 
1 0.1453125 0.83046875 0.125 0.0171875 
1 0.146875 0.4921875 0.10625 0.01875 
1 0.140625 0.51328125 0.121875 0.0234375 
1 0.1453125 0.534375 0.11875 0.015625 
1 0.14921875 0.5765625 0.1171875 0.021875 
1 0.109375 0.61875 0.05625 0.01875 
1 0.1453125 0.703125 0.125 0.01875 
0 0.04140625 0.075 0.0140625 0.028125 
0 0.71796875 0.85703125 0.0171875 0.0296875 
0 0.8671875 0.8640625 0.015625 0.03125 
0 0.8203125 0.64765625 0.034375 0.0140625 
0 0.81328125 0.728125 0.0296875 0.015625 
0 0.8140625 0.7453125 0.028125 0.0125 
0 0.81640625 0.7609375 0.0265625 0.01875 
0 0.815625 0.77734375 0.025 0.0171875 
0 0.8140625 0.79375 0.028125 0.015625 
0 0.83671875 0.859375 0.0140625 0.03125 
0 0.94921875 0.83984375 0.0328125 0.0359375 
0 0.803125 0.85625 0.015625 0.0375 
0 0.78046875 0.86015625 0.0171875 0.0390625 
0 0.746875 0.8578125 0.015625 0.028125 
0 0.6875 0.8265625 0.03125 0.028125 
0 0.6640625 0.8453125 0.015625 0.034375 
0 0.66328125 0.884375 0.0265625 0.034375 
0 0.88203125 0.8640625 0.0140625 0.03125 
0 0.8203125 0.5421875 0.0375 0.021875 
0 0.9109375 0.3359375 0.0375 0.034375 
0 0.87890625 0.01328125 0.0359375 0.0234375 
0 0.928125 0.06484375 0.03125 0.0296875 
0 0.953125 0.0921875 0.03125 0.0375 
0 0.96328125 0.0671875 0.0296875 0.034375 
0 0.859375 0.2859375 0.025 0.034375 
0 0.84140625 0.36328125 0.0234375 0.0265625 
0 0.82421875 0.559375 0.0328125 0.01875 
0 0.84296875 0.29453125 0.0359375 0.0421875 
0 0.77421875 0.5296875 0.0203125 0.040625 
0 0.81953125 0.528125 0.0390625 0.01875 
0 0.93203125 0.5671875 0.0484375 0.0375 
0 0.81875 0.6296875 0.034375 0.01875 
0 0.8234375 0.60625 0.0375 0.015625 
1 0.15390625 0.01171875 0.1234375 0.0203125 
