1 0.44921875 0.77421875 0.0609375 0.0203125 
1 0.446875 0.79609375 0.0625 0.0203125 
1 0.45 0.8140625 0.059375 0.01875 
1 0.44765625 0.8359375 0.0578125 0.021875 
1 0.44765625 0.85390625 0.0578125 0.0234375 
1 0.446875 0.8734375 0.059375 0.025 
1 0.4484375 0.89453125 0.0625 0.0234375 
1 0.44765625 0.91328125 0.0578125 0.0234375 
1 0.628125 0.90859375 0.071875 0.0265625 
1 0.60234375 0.87890625 0.0578125 0.0234375 
1 0.67109375 0.8421875 0.0171875 0.065625 
1 0.70390625 0.84921875 0.0203125 0.0671875 
1 0.55703125 0.86015625 0.0640625 0.0203125 
1 0.5578125 0.840625 0.0625 0.01875 
1 0.55625 0.82109375 0.065625 0.0171875 
1 0.55859375 0.80234375 0.0640625 0.0203125 
1 0.55859375 0.7796875 0.0640625 0.01875 
1 0.5578125 0.76015625 0.0625 0.0203125 
1 0.55859375 0.7421875 0.0640625 0.021875 
1 0.5578125 0.7203125 0.0625 0.01875 
1 0.559375 0.7015625 0.0625 0.01875 
1 0.5609375 0.68125 0.0625 0.01875 
1 0.56171875 0.66328125 0.0640625 0.0234375 
1 0.45 0.75390625 0.0625 0.0203125 
1 0.45 0.71328125 0.05625 0.0203125 
1 0.5625 0.603125 0.065625 0.01875 
1 0.44921875 0.69140625 0.0578125 0.0203125 
1 0.42578125 0.4171875 0.0203125 0.065625 
1 0.446875 0.415625 0.021875 0.06875 
1 0.46484375 0.41875 0.0171875 0.06875 
1 0.48203125 0.41875 0.0171875 0.06875 
1 0.50234375 0.41796875 0.0171875 0.0671875 
1 0.52265625 0.4203125 0.0171875 0.065625 
1 0.54140625 0.41875 0.0171875 0.065625 
1 0.56171875 0.41875 0.0203125 0.06875 
1 0.58125 0.4203125 0.01875 0.065625 
1 0.60234375 0.421875 0.0203125 0.065625 
1 0.62265625 0.4203125 0.0171875 0.06875 
1 0.45546875 0.51328125 0.0578125 0.0203125 
1 0.45390625 0.5328125 0.0578125 0.021875 
1 0.45390625 0.5546875 0.0578125 0.01875 
1 0.453125 0.571875 0.059375 0.01875 
1 0.45234375 0.63125 0.0578125 0.01875 
1 0.56171875 0.62265625 0.0640625 0.0203125 
1 0.5625 0.58359375 0.0625 0.0203125 
1 0.76796875 0.684375 0.0640625 0.01875 
1 0.76484375 0.64296875 0.0640625 0.0234375 
1 0.76640625 0.61953125 0.0640625 0.0203125 
1 0.76875 0.6 0.0625 0.01875 
1 0.7671875 0.5796875 0.065625 0.01875 
1 0.76796875 0.559375 0.0640625 0.01875 
1 0.76875 0.53671875 0.0625 0.0203125 
1 0.7671875 0.515625 0.065625 0.021875 
1 0.63515625 0.15703125 0.1296875 0.0203125 
1 0.45390625 0.59453125 0.0578125 0.0203125 
1 0.45390625 0.61484375 0.0578125 0.0234375 
1 0.4515625 0.67421875 0.059375 0.0203125 
1 0.45234375 0.65078125 0.0578125 0.0203125 
1 0.5609375 0.6421875 0.065625 0.01875 
0 0.93125 0.2609375 0.015625 0.034375 
0 0.98828125 0.26484375 0.0140625 0.0328125 
0 0.87578125 0.26171875 0.0171875 0.0359375 
0 0.8578125 0.2625 0.015625 0.034375 
0 0.80234375 0.2609375 0.0171875 0.034375 
0 0.759375 0.409375 0.01875 0.040625 
1 0.76640625 0.6625 0.0640625 0.021875 
1 0.765625 0.70546875 0.0625 0.0203125 
1 0.56328125 0.565625 0.0640625 0.021875 
1 0.76484375 0.76796875 0.0640625 0.0171875 
1 0.56328125 0.54609375 0.0671875 0.0203125 
1 0.6265625 0.5453125 0.059375 0.01875 
1 0.6265625 0.5640625 0.059375 0.021875 
1 0.6265625 0.58359375 0.059375 0.0203125 
1 0.628125 0.60234375 0.059375 0.0203125 
1 0.628125 0.6234375 0.0625 0.021875 
1 0.62578125 0.64140625 0.0609375 0.0234375 
1 0.625 0.65859375 0.0625 0.0234375 
1 0.62421875 0.68125 0.0578125 0.01875 
1 0.625 0.7 0.0625 0.01875 
1 0.6234375 0.7203125 0.059375 0.025 
1 0.62421875 0.73984375 0.0546875 0.0203125 
1 0.621875 0.759375 0.059375 0.021875 
1 0.62109375 0.78046875 0.0546875 0.0234375 
1 0.6203125 0.8015625 0.05625 0.01875 
1 0.61953125 0.81953125 0.0578125 0.0234375 
1 0.62109375 0.83828125 0.0578125 0.0203125 
1 0.621875 0.85703125 0.059375 0.0203125 
1 0.76015625 0.8765625 0.0640625 0.028125 
1 0.76328125 0.85390625 0.0671875 0.0203125 
1 0.7609375 0.8328125 0.0625 0.021875 
1 0.76328125 0.81328125 0.0671875 0.0203125 
1 0.76484375 0.79140625 0.0640625 0.0203125 
1 0.4046875 0.4234375 0.01875 0.065625 
