1 0.44921875 0.76171875 0.0609375 0.0203125 
1 0.446875 0.78359375 0.0625 0.0203125 
1 0.45 0.8015625 0.059375 0.01875 
1 0.44765625 0.8234375 0.0578125 0.021875 
1 0.44765625 0.84140625 0.0578125 0.0234375 
1 0.446875 0.8609375 0.059375 0.025 
1 0.4484375 0.88203125 0.0625 0.0234375 
1 0.44765625 0.90078125 0.0578125 0.0234375 
1 0.628125 0.89609375 0.071875 0.0265625 
1 0.60234375 0.86640625 0.0578125 0.0234375 
1 0.67109375 0.8296875 0.0171875 0.065625 
1 0.70390625 0.83671875 0.0203125 0.0671875 
1 0.55703125 0.84765625 0.0640625 0.0203125 
1 0.5578125 0.828125 0.0625 0.01875 
1 0.55625 0.80859375 0.065625 0.0171875 
1 0.55859375 0.78984375 0.0640625 0.0203125 
1 0.55859375 0.7671875 0.0640625 0.01875 
1 0.5578125 0.74765625 0.0625 0.0203125 
1 0.55859375 0.7296875 0.0640625 0.021875 
1 0.5578125 0.7078125 0.0625 0.01875 
1 0.559375 0.6890625 0.0625 0.01875 
1 0.5609375 0.66875 0.0625 0.01875 
1 0.56171875 0.65078125 0.0640625 0.0234375 
1 0.45 0.74140625 0.0625 0.0203125 
1 0.45 0.70078125 0.05625 0.0203125 
1 0.5625 0.590625 0.065625 0.01875 
1 0.44921875 0.67890625 0.0578125 0.0203125 
1 0.42578125 0.4046875 0.0203125 0.065625 
1 0.446875 0.403125 0.021875 0.06875 
1 0.46484375 0.40625 0.0171875 0.06875 
1 0.48203125 0.40625 0.0171875 0.06875 
1 0.50234375 0.40546875 0.0171875 0.0671875 
1 0.52265625 0.4078125 0.0171875 0.065625 
1 0.54140625 0.40625 0.0171875 0.065625 
1 0.56171875 0.40625 0.0203125 0.06875 
1 0.58125 0.4078125 0.01875 0.065625 
1 0.60234375 0.409375 0.0203125 0.065625 
1 0.62265625 0.4078125 0.0171875 0.06875 
1 0.45546875 0.50078125 0.0578125 0.0203125 
1 0.45390625 0.5203125 0.0578125 0.021875 
1 0.45390625 0.5421875 0.0578125 0.01875 
1 0.453125 0.559375 0.059375 0.01875 
1 0.45234375 0.61875 0.0578125 0.01875 
1 0.56171875 0.61015625 0.0640625 0.0203125 
1 0.5625 0.57109375 0.0625 0.0203125 
1 0.76796875 0.671875 0.0640625 0.01875 
1 0.76484375 0.63046875 0.0640625 0.0234375 
1 0.76640625 0.60703125 0.0640625 0.0203125 
1 0.76875 0.5875 0.0625 0.01875 
1 0.7671875 0.5671875 0.065625 0.01875 
1 0.76796875 0.546875 0.0640625 0.01875 
1 0.76875 0.52421875 0.0625 0.0203125 
1 0.7671875 0.503125 0.065625 0.021875 
1 0.63515625 0.14453125 0.1296875 0.0203125 
1 0.45390625 0.58203125 0.0578125 0.0203125 
1 0.45390625 0.60234375 0.0578125 0.0234375 
1 0.4515625 0.66171875 0.059375 0.0203125 
1 0.45234375 0.63828125 0.0578125 0.0203125 
1 0.5609375 0.6296875 0.065625 0.01875 
0 0.93125 0.2484375 0.015625 0.034375 
0 0.98828125 0.25234375 0.0140625 0.0328125 
0 0.87578125 0.24921875 0.0171875 0.0359375 
0 0.8578125 0.25 0.015625 0.034375 
0 0.80234375 0.2484375 0.0171875 0.034375 
0 0.759375 0.396875 0.01875 0.040625 
1 0.76640625 0.65 0.0640625 0.021875 
1 0.765625 0.69296875 0.0625 0.0203125 
1 0.56328125 0.553125 0.0640625 0.021875 
1 0.76484375 0.75546875 0.0640625 0.0171875 
1 0.56328125 0.53359375 0.0671875 0.0203125 
1 0.6265625 0.5328125 0.059375 0.01875 
1 0.6265625 0.5515625 0.059375 0.021875 
1 0.6265625 0.57109375 0.059375 0.0203125 
1 0.628125 0.58984375 0.059375 0.0203125 
1 0.628125 0.6109375 0.0625 0.021875 
1 0.62578125 0.62890625 0.0609375 0.0234375 
1 0.625 0.64609375 0.0625 0.0234375 
1 0.62421875 0.66875 0.0578125 0.01875 
1 0.625 0.6875 0.0625 0.01875 
1 0.6234375 0.7078125 0.059375 0.025 
1 0.62421875 0.72734375 0.0546875 0.0203125 
1 0.621875 0.746875 0.059375 0.021875 
1 0.62109375 0.76796875 0.0546875 0.0234375 
1 0.6203125 0.7890625 0.05625 0.01875 
1 0.61953125 0.80703125 0.0578125 0.0234375 
1 0.62109375 0.82578125 0.0578125 0.0203125 
1 0.621875 0.84453125 0.059375 0.0203125 
1 0.76015625 0.8640625 0.0640625 0.028125 
1 0.76328125 0.84140625 0.0671875 0.0203125 
1 0.7609375 0.8203125 0.0625 0.021875 
1 0.76328125 0.80078125 0.0671875 0.0203125 
1 0.76484375 0.77890625 0.0640625 0.0203125 
1 0.4046875 0.4109375 0.01875 0.065625 
