0 0.9734375 0.68125 0.053125 0.065625 
0 0.9390625 0.69375 0.065625 0.071875 
0 0.9765625 0.74921875 0.046875 0.0640625 
0 0.953125 0.76640625 0.059375 0.0703125 
0 0.92734375 0.784375 0.0484375 0.05625 
0 0.9 0.79609375 0.05 0.0546875 
0 0.8109375 0.77578125 0.059375 0.0671875 
0 0.76796875 0.81484375 0.0671875 0.0671875 
0 0.82421875 0.86328125 0.0609375 0.0734375 
0 0.7984375 0.87890625 0.059375 0.0640625 
0 0.74296875 0.85078125 0.0640625 0.0734375 
0 0.84609375 0.04609375 0.0578125 0.0703125 
0 0.81875 0.0625 0.0625 0.075 
0 0.3875 0.3609375 0.0625 0.071875 
0 0.7921875 0.078125 0.05625 0.06875 
0 0.76328125 0.09453125 0.0515625 0.0640625 
0 0.7109375 0.13515625 0.05625 0.0703125 
0 0.659375 0.16640625 0.059375 0.0671875 
0 0.53046875 0.2640625 0.0578125 0.071875 
0 0.48203125 0.30234375 0.0515625 0.0546875 
0 0.4546875 0.3171875 0.05625 0.06875 
0 0.42109375 0.334375 0.0578125 0.071875 
0 0.92734375 0.1640625 0.0609375 0.071875 
0 0.6609375 0.615625 0.053125 0.0625 
0 0.8953125 0.4546875 0.05625 0.0625 
0 0.865625 0.46875 0.0625 0.075 
0 0.9078125 0.528125 0.053125 0.0625 
0 0.8828125 0.5421875 0.053125 0.0625 
0 0.85234375 0.5609375 0.0640625 0.075 
0 0.76796875 0.5453125 0.0609375 0.06875 
0 0.75078125 0.6375 0.0578125 0.065625 
0 0.60859375 0.66015625 0.0609375 0.0703125 
0 0.903125 0.18203125 0.05 0.0640625 
0 0.678125 0.703125 0.053125 0.059375 
0 0.93515625 0.50859375 0.0578125 0.0703125 
0 0.96171875 0.49375 0.0546875 0.0625 
0 0.98046875 0.478125 0.0390625 0.059375 
0 0.95234375 0.428125 0.0515625 0.059375 
0 0.97109375 0.22578125 0.0578125 0.0671875 
0 0.94375 0.246875 0.05625 0.065625 
0 0.91640625 0.26015625 0.0578125 0.0703125 
0 0.82734375 0.240625 0.0609375 0.06875 
0 0.8921875 0.2828125 0.053125 0.0625 
0 0.86796875 0.29765625 0.0609375 0.0703125 
0 0.8375 0.31640625 0.0625 0.0703125 
0 0.8140625 0.340625 0.059375 0.075 
0 0.7203125 0.3125 0.053125 0.059375 
0 0.671875 0.35625 0.053125 0.059375 
0 0.990625 0.39140625 0.01875 0.0546875 
0 0.9765625 0.4046875 0.046875 0.059375 
0 0.9953125 0.46171875 0.009375 0.0609375 
1 0.9953125 0.06484375 0.009375 0.1265625 
0 0.09375 0.925 0.025 0.05625 
0 0.13359375 0.9234375 0.0421875 0.06875 
