0 0.5515625 0.14921875 0.028125 0.0359375 
0 0.57109375 0.11796875 0.0265625 0.0328125 
0 0.4609375 0.41796875 0.03125 0.0296875 
0 0.0125 0.39921875 0.021875 0.0234375 
0 0.40078125 0.85625 0.0359375 0.03125 
0 0.35859375 0.7296875 0.0328125 0.034375 
1 0.39140625 0.7296875 0.0609375 0.078125 
1 0.9578125 0.8546875 0.03125 0.025 
1 0.92890625 0.83203125 0.0359375 0.0296875 
0 0.60078125 0.16875 0.0296875 0.034375 
0 0.41953125 0.01953125 0.0359375 0.0359375 
0 0.0125 0.9265625 0.021875 0.04375 
0 0.0203125 0.93515625 0.03125 0.0359375 
0 0.27890625 0.91640625 0.0328125 0.0359375 
0 0.07890625 0.2109375 0.0328125 0.0375 
