0 0.95 0.06171875 0.028125 0.0578125 
0 0.2953125 0.53515625 0.03125 0.0640625 
0 0.459375 0.4578125 0.03125 0.05625 
0 0.45625 0.53125 0.03125 0.06875 
0 0.42265625 0.53046875 0.0328125 0.0765625 
0 0.153125 0.6203125 0.028125 0.05625 
0 0.39140625 0.5328125 0.0296875 0.06875 
0 0.35859375 0.53125 0.0296875 0.0625 
0 0.32734375 0.53203125 0.0296875 0.0640625 
0 0.42421875 0.45078125 0.0296875 0.0609375 
0 0.39453125 0.446875 0.0328125 0.0625 
0 0.3609375 0.4625 0.025 0.059375 
0 0.3265625 0.45703125 0.03125 0.0578125 
0 0.29140625 0.46328125 0.0296875 0.0609375 
0 0.48828125 0.534375 0.0265625 0.059375 
0 0.5953125 0.21640625 0.028125 0.0609375 
0 0.465625 0.3 0.03125 0.0625 
0 0.43046875 0.2875 0.0265625 0.0625 
0 0.4015625 0.28359375 0.028125 0.0609375 
0 0.36953125 0.284375 0.0296875 0.06875 
0 0.33671875 0.28984375 0.0265625 0.0671875 
0 0.659375 0.21171875 0.025 0.0609375 
0 0.62578125 0.2203125 0.0265625 0.0625 
0 0.5625 0.22890625 0.028125 0.0578125 
0 0.5609375 0.28984375 0.028125 0.0578125 
0 0.5328125 0.22578125 0.028125 0.0609375 
0 0.50078125 0.221875 0.0265625 0.065625 
0 0.46640625 0.21640625 0.0328125 0.0703125 
0 0.4359375 0.21015625 0.028125 0.0609375 
0 0.40390625 0.20859375 0.0296875 0.0640625 
0 0.375 0.21796875 0.025 0.0609375 
0 0.34296875 0.209375 0.0296875 0.065625 
0 0.49765625 0.29453125 0.0296875 0.0578125 
0 0.5921875 0.284375 0.03125 0.059375 
0 0.97734375 0.29765625 0.0296875 0.0578125 
0 0.78203125 0.30703125 0.0296875 0.0671875 
0 0.94453125 0.3015625 0.0296875 0.0625 
0 0.9453125 0.22890625 0.028125 0.0609375 
0 0.9078125 0.30390625 0.0375 0.0640625 
0 0.884375 0.225 0.028125 0.071875 
0 0.87578125 0.30234375 0.0265625 0.0671875 
0 0.84375 0.30546875 0.028125 0.0609375 
0 0.81015625 0.3046875 0.0390625 0.0625 
0 0.7515625 0.2953125 0.028125 0.0625 
0 0.625 0.29375 0.028125 0.0625 
0 0.81640625 0.2296875 0.0296875 0.059375 
0 0.7796875 0.22578125 0.028125 0.0640625 
0 0.72109375 0.30234375 0.0265625 0.0671875 
0 0.72421875 0.2078125 0.0296875 0.053125 
0 0.690625 0.2875 0.028125 0.059375 
0 0.690625 0.21171875 0.028125 0.0609375 
0 0.65859375 0.28984375 0.0296875 0.0609375 
0 0.49140625 0.4578125 0.0296875 0.05625 
0 0.525 0.53359375 0.03125 0.0703125 
0 0.35546875 0.775 0.0296875 0.0625 
0 0.8 0.7171875 0.028125 0.059375 
0 0.64453125 0.70703125 0.0265625 0.0578125 
0 0.67734375 0.70703125 0.0296875 0.0671875 
0 0.709375 0.709375 0.025 0.071875 
0 0.8 0.784375 0.025 0.0625 
0 0.76796875 0.7859375 0.0265625 0.0625 
0 0.7578125 0.7046875 0.03125 0.0625 
0 0.9296875 0.73046875 0.028125 0.0671875 
0 0.83203125 0.78984375 0.0296875 0.0609375 
0 0.64453125 0.78203125 0.0265625 0.0609375 
0 0.86640625 0.78515625 0.0296875 0.0578125 
0 0.8984375 0.78671875 0.028125 0.0609375 
0 0.9640625 0.79296875 0.021875 0.0640625 
0 0.86875 0.70859375 0.03125 0.0671875 
0 0.89921875 0.71640625 0.0296875 0.0609375 
0 0.990625 0.71640625 0.01875 0.0578125 
0 0.61328125 0.7 0.0265625 0.059375 
0 0.70078125 0.79375 0.0328125 0.075 
0 0.38671875 0.70546875 0.0265625 0.0578125 
0 0.32421875 0.7765625 0.0296875 0.071875 
0 0.290625 0.78125 0.028125 0.065625 
0 0.25703125 0.69921875 0.0265625 0.0671875 
0 0.29140625 0.7 0.0265625 0.059375 
0 0.32265625 0.7015625 0.0265625 0.065625 
0 0.3546875 0.70078125 0.025 0.0609375 
0 0.38671875 0.7875 0.0296875 0.06875 
0 0.48125 0.775 0.028125 0.0625 
0 0.57890625 0.70625 0.0296875 0.075 
0 0.41796875 0.7859375 0.0265625 0.06875 
0 0.4171875 0.696875 0.03125 0.059375 
0 0.44921875 0.6984375 0.0296875 0.0625 
0 0.51484375 0.778125 0.0265625 0.065625 
0 0.51328125 0.70078125 0.0328125 0.0640625 
0 0.54609375 0.7 0.0265625 0.05625 
0 0.546875 0.78671875 0.028125 0.0703125 
0 0.52578125 0.4546875 0.0296875 0.06875 
0 0.67890625 0.5375 0.0328125 0.0625 
0 0.8390625 0.46796875 0.028125 0.0609375 
0 0.80625 0.54296875 0.028125 0.0640625 
0 0.80625 0.4671875 0.025 0.059375 
0 0.775 0.46875 0.028125 0.0625 
0 0.76640625 0.5390625 0.0296875 0.065625 
0 0.7390625 0.46953125 0.028125 0.0609375 
0 0.71171875 0.5421875 0.0296875 0.065625 
0 0.68515625 0.46328125 0.0296875 0.0609375 
0 0.8734375 0.46875 0.034375 0.071875 
0 0.646875 0.53515625 0.028125 0.0609375 
0 0.61796875 0.53984375 0.0265625 0.0546875 
0 0.65234375 0.45859375 0.0296875 0.0578125 
0 0.5859375 0.53125 0.03125 0.059375 
0 0.61953125 0.46484375 0.0296875 0.0640625 
0 0.5875 0.46640625 0.028125 0.0609375 
0 0.5578125 0.4578125 0.03125 0.065625 
0 0.8390625 0.5375 0.028125 0.05625 
0 0.87265625 0.53984375 0.0296875 0.0578125 
0 0.96875 0.475 0.028125 0.0625 
0 0.909375 0.5421875 0.028125 0.059375 
0 0.91015625 0.4703125 0.0296875 0.065625 
0 0.9703125 0.5546875 0.03125 0.071875 
0 0.99453125 0.4796875 0.0109375 0.065625 
0 0.22265625 0.11171875 0.0640625 0.0265625 
