0 0.1578125 0.79296875 0.01875 0.0109375 
0 0.1484375 0.76953125 0.0125 0.0171875 
0 0.10390625 0.7578125 0.0078125 0.0125 
0 0.1328125 0.7671875 0.0125 0.015625 
0 0.184375 0.79296875 0.015625 0.0109375 
0 0.08125 0.765625 0.009375 0.015625 
0 0.24921875 0.709375 0.0109375 0.01875 
0 0.2328125 0.74140625 0.0125 0.0171875 
0 0.24609375 0.75859375 0.0109375 0.0203125 
0 0.2578125 0.74921875 0.0125 0.0171875 
0 0.01953125 0.7 0.0109375 0.01875 
0 0.05 0.71015625 0.009375 0.0171875 
0 0.0140625 0.65 0.009375 0.01875 
0 0.00625 0.68203125 0.009375 0.0171875 
0 0.015625 0.68125 0.009375 0.01875 
0 0.059375 0.71328125 0.009375 0.0171875 
0 0.0703125 0.6984375 0.009375 0.015625 
0 0.05546875 0.6953125 0.0109375 0.015625 
0 0.265625 0.75 0.0125 0.01875 
0 0.2828125 0.753125 0.009375 0.01875 
0 0.27421875 0.71640625 0.0109375 0.0171875 
0 0.4515625 0.79453125 0.009375 0.0171875 
0 0.35703125 0.76953125 0.0078125 0.0203125 
0 0.3421875 0.78515625 0.009375 0.0171875 
0 0.35859375 0.7890625 0.0109375 0.01875 
0 0.36328125 0.825 0.0109375 0.021875 
0 0.40703125 0.8015625 0.0109375 0.021875 
0 0.41484375 0.80390625 0.0109375 0.0203125 
0 0.42578125 0.79140625 0.0109375 0.0171875 
0 0.43203125 0.8078125 0.0078125 0.015625 
0 0.4390625 0.81015625 0.009375 0.0171875 
0 0.44140625 0.790625 0.0109375 0.01875 
0 0.446875 0.8109375 0.009375 0.015625 
0 0.4546875 0.8125 0.009375 0.015625 
0 0.45859375 0.79453125 0.0078125 0.0171875 
0 0.4671875 0.796875 0.009375 0.01875 
0 0.47265625 0.815625 0.0078125 0.015625 
0 0.475 0.803125 0.00625 0.015625 
0 0.48203125 0.80546875 0.0109375 0.0171875 
0 0.478125 0.82109375 0.009375 0.0171875 
0 0.4953125 0.82421875 0.009375 0.0203125 
0 0.4984375 0.80859375 0.00625 0.0140625 
0 0.5140625 0.81328125 0.00625 0.0140625 
0 0.346875 0.7671875 0.0125 0.021875 
0 0.32734375 0.7796875 0.0078125 0.015625 
0 0.334375 0.7828125 0.009375 0.01875 
0 0.33125 0.76328125 0.0125 0.0171875 
0 0.8375 0.0078125 0.009375 0.0125 
0 0.83515625 0.0375 0.0109375 0.015625 
0 0.8421875 0.03984375 0.009375 0.0203125 
0 0.84921875 0.03984375 0.0078125 0.0171875 
0 0.8703125 0.046875 0.0125 0.01875 
0 0.87734375 0.0484375 0.0078125 0.015625 
0 0.88515625 0.05234375 0.0109375 0.0140625 
0 0.89140625 0.053125 0.0078125 0.015625 
0 0.9 0.0546875 0.00625 0.015625 
0 0.9109375 0.025 0.0125 0.021875 
0 0.925 0.028125 0.0125 0.021875 
0 0.9328125 0.028125 0.0125 0.021875 
0 0.371875 0.12109375 0.0125 0.0203125 
0 0.49140625 0.2484375 0.0203125 0.0125 
0 0.9703125 0.59375 0.0125 0.021875 
0 0.32265625 0.76171875 0.0109375 0.0203125 
0 0.9671875 0.70078125 0.0125 0.0203125 
0 0.5046875 0.82578125 0.009375 0.0171875 
0 0.5125 0.82734375 0.009375 0.0171875 
0 0.52109375 0.828125 0.0078125 0.01875 
0 0.84375 0.8609375 0.009375 0.015625 
0 0.81015625 0.853125 0.0109375 0.021875 
0 0.81796875 0.85390625 0.0109375 0.0171875 
0 0.8265625 0.85546875 0.009375 0.0171875 
0 0.70390625 0.86015625 0.0109375 0.0171875 
0 0.7375 0.834375 0.0125 0.021875 
0 0.940625 0.7890625 0.0125 0.025 
0 0.42109375 0.14609375 0.0109375 0.0171875 
0 0.5765625 0.884375 0.0125 0.021875 
0 0.58515625 0.88359375 0.0109375 0.0203125 
0 0.6015625 0.8875 0.009375 0.025 
0 0.61015625 0.8875 0.0109375 0.025 
0 0.653125 0.9109375 0.009375 0.015625 
0 0.53046875 0.8328125 0.0078125 0.01875 
0 0.3640625 0.77421875 0.009375 0.0203125 
0 0.93359375 0.7296875 0.0109375 0.021875 
0 0.92890625 0.75 0.0109375 0.021875 
0 0.5875 0.43671875 0.0125 0.0265625 
0 0.56484375 0.42890625 0.0109375 0.0234375 
0 0.38828125 0.1265625 0.0171875 0.021875 
0 0.85234375 0.86328125 0.0078125 0.0171875 
0 0.83046875 0.91171875 0.0109375 0.0203125 
0 0.53203125 0.815625 0.0078125 0.015625 
0 0.796875 0.903125 0.009375 0.01875 
0 0.515625 0.77734375 0.009375 0.0171875 
0 0.5328125 0.78046875 0.009375 0.0171875 
0 0.4453125 0.84765625 0.009375 0.0203125 
0 0.4609375 0.8515625 0.009375 0.01875 
0 0.47109375 0.853125 0.0078125 0.01875 
0 0.4796875 0.85390625 0.009375 0.0171875 
0 0.4890625 0.85625 0.009375 0.015625 
0 0.51171875 0.86484375 0.0078125 0.0171875 
0 0.51953125 0.865625 0.0109375 0.01875 
0 0.52890625 0.8671875 0.0109375 0.01875 
0 0.54375 0.871875 0.009375 0.01875 
0 0.5609375 0.875 0.009375 0.01875 
0 0.5921875 0.8421875 0.009375 0.015625 
0 0.6515625 0.8625 0.0125 0.021875 
0 0.65859375 0.86640625 0.0109375 0.0234375 
0 0.64765625 0.8453125 0.0109375 0.01875 
0 0.66328125 0.81640625 0.0109375 0.0203125 
0 0.634375 0.8953125 0.009375 0.01875 
0 0.715625 0.91484375 0.009375 0.0203125 
0 0.765625 0.8921875 0.0125 0.021875 
0 0.78203125 0.89609375 0.0109375 0.0171875 
0 0.29765625 0.721875 0.0109375 0.01875 
0 0.02421875 0.42421875 0.0140625 0.0234375 
0 0.01640625 0.42109375 0.0109375 0.0203125 
0 0.0515625 0.52109375 0.0125 0.0234375 
0 0.04921875 0.53828125 0.0140625 0.0171875 
0 0.01484375 0.45859375 0.0109375 0.0171875 
0 0.03359375 0.47734375 0.0109375 0.0203125 
0 0.15078125 0.45703125 0.0109375 0.0203125 
0 0.31328125 0.725 0.0078125 0.021875 
0 0.290625 0.75546875 0.009375 0.0171875 
0 0.3046875 0.75859375 0.009375 0.0203125 
0 0.3046875 0.7734375 0.009375 0.015625 
0 0.27734375 0.80234375 0.0109375 0.0171875 
0 0.2953125 0.80703125 0.009375 0.0171875 
0 0.3015625 0.8078125 0.009375 0.015625 
0 0.309375 0.8125 0.009375 0.01875 
0 0.31875 0.815625 0.009375 0.015625 
0 0.31875 0.77890625 0.009375 0.0140625 
0 0.00546875 0.56015625 0.0078125 0.0171875 
0 0.01953125 0.5640625 0.0109375 0.01875 
0 0.06328125 0.54140625 0.0140625 0.0203125 
0 0.07421875 0.52734375 0.0078125 0.0140625 
0 0.0828125 0.52734375 0.009375 0.0171875 
0 0.08984375 0.5296875 0.0078125 0.021875 
0 0.09140625 0.49375 0.0109375 0.015625 
0 0.10390625 0.4796875 0.0078125 0.01875 
0 0.11171875 0.48046875 0.0078125 0.0203125 
0 0.11953125 0.48203125 0.0078125 0.0171875 
