0 0.2078125 0.37734375 0.015625 0.0109375 
0 0.1984375 0.38046875 0.01875 0.0109375 
0 0.20546875 0.390625 0.0203125 0.0125 
0 0.1515625 0.3265625 0.01875 0.009375 
0 0.11015625 0.35859375 0.0203125 0.0140625 
0 0.1078125 0.36875 0.025 0.0125 
0 0.10703125 0.3796875 0.0234375 0.0125 
0 0.103125 0.4 0.021875 0.0125 
0 0.10234375 0.40703125 0.0171875 0.0109375 
0 0.1 0.41484375 0.01875 0.0109375 
0 0.09765625 0.421875 0.0203125 0.0125 
0 0.09765625 0.428125 0.0203125 0.0125 
0 0.05234375 0.4296875 0.0109375 0.01875 
0 0.046875 0.428125 0.0125 0.01875 
0 0.03984375 0.42421875 0.0109375 0.0171875 
0 0.03203125 0.4234375 0.0109375 0.01875 
0 0.0265625 0.42109375 0.0125 0.0171875 
0 0.01953125 0.4203125 0.0109375 0.01875 
0 0.00859375 0.41953125 0.0140625 0.0171875 
0 0.13828125 0.36796875 0.0203125 0.0078125 
0 0.1421875 0.36015625 0.01875 0.0109375 
0 0.14453125 0.3546875 0.0171875 0.0125 
0 0.1453125 0.346875 0.01875 0.009375 
0 0.146875 0.340625 0.01875 0.009375 
0 0.1484375 0.33359375 0.01875 0.0109375 
0 0.0734375 0.3203125 0.01875 0.025 
0 0.06171875 0.3171875 0.0171875 0.021875 
0 0.0078125 0.32734375 0.0125 0.0234375 
0 0.01484375 0.328125 0.0203125 0.021875 
0 0.02421875 0.32734375 0.0203125 0.0234375 
0 0.0328125 0.3234375 0.021875 0.025 
0 0.04375 0.32109375 0.01875 0.0234375 
0 0.053125 0.3203125 0.01875 0.021875 
0 0.19921875 0.46484375 0.0109375 0.0203125 
0 0.1375 0.44765625 0.015625 0.0234375 
0 0.440625 0.534375 0.0125 0.01875 
0 0.55859375 0.5671875 0.0109375 0.021875 
0 0.5640625 0.54296875 0.009375 0.0203125 
0 0.73125 0.58125 0.0125 0.01875 
0 0.93984375 0.67890625 0.0109375 0.0203125 
0 0.95234375 0.68125 0.0109375 0.021875 
0 0.96015625 0.74921875 0.0109375 0.0171875 
