0 0.8296875 0.14140625 0.0125 0.0296875 
0 0.81484375 0.13984375 0.0140625 0.0234375 
0 0.8 0.14140625 0.0125 0.0328125 
0 0.7859375 0.140625 0.0125 0.028125 
0 0.7703125 0.1390625 0.0125 0.03125 
0 0.73984375 0.13359375 0.0171875 0.0328125 
0 0.7546875 0.1390625 0.0125 0.034375 
0 0.72421875 0.1296875 0.0171875 0.03125 
0 0.71015625 0.128125 0.0171875 0.028125 
0 0.69453125 0.1265625 0.0203125 0.03125 
0 0.659375 0.1140625 0.021875 0.03125 
0 0.6453125 0.10703125 0.021875 0.0296875 
0 0.63203125 0.1015625 0.0203125 0.03125 
0 0.59296875 0.08125 0.0234375 0.03125 
0 0.74296875 0.2171875 0.0109375 0.028125 
0 0.49140625 0.128125 0.0140625 0.034375 
0 0.475 0.1234375 0.0125 0.03125 
0 0.45703125 0.12265625 0.0140625 0.0296875 
0 0.44140625 0.1234375 0.0140625 0.03125 
0 0.4265625 0.121875 0.015625 0.028125 
0 0.4109375 0.1203125 0.0125 0.028125 
0 0.72890625 0.21640625 0.0140625 0.0296875 
0 0.80625 0.22265625 0.015625 0.0328125 
0 0.5171875 0.2078125 0.015625 0.0375 
0 0.75859375 0.21796875 0.0171875 0.0328125 
0 0.50078125 0.2078125 0.0171875 0.0375 
0 0.75859375 0.025 0.0203125 0.034375 
1 0.47890625 0.21875 0.0203125 0.065625 
1 0.46015625 0.21796875 0.0203125 0.0703125 
1 0.44765625 0.21640625 0.0203125 0.0671875 
1 0.3875 0.20703125 0.034375 0.0671875 
1 0.43046875 0.2125 0.0203125 0.059375 
1 0.40859375 0.2125 0.0296875 0.0625 
0 0.59296875 0.20546875 0.0140625 0.0328125 
0 0.60859375 0.20625 0.0140625 0.03125 
0 0.653125 0.21328125 0.015625 0.0328125 
0 0.68359375 0.2171875 0.0140625 0.034375 
0 0.69921875 0.21796875 0.0171875 0.0359375 
0 0.77421875 0.21640625 0.0140625 0.0328125 
0 0.9 0.221875 0.015625 0.0375 
0 0.78984375 0.21875 0.0171875 0.03125 
0 0.821875 0.22265625 0.015625 0.0296875 
0 0.8515625 0.221875 0.01875 0.03125 
0 0.86796875 0.22265625 0.0140625 0.0296875 
0 0.20625 0.44296875 0.01875 0.0328125 
0 0.85390625 0.84296875 0.0140625 0.0359375 
0 0.87109375 0.8421875 0.0171875 0.034375 
0 0.88828125 0.84453125 0.0203125 0.0359375 
0 0.83671875 0.2203125 0.0140625 0.028125 
0 0.63828125 0.20859375 0.0109375 0.0265625 
0 0.978125 0.0203125 0.028125 0.025 
0 0.60546875 0.89921875 0.0140625 0.0296875 
0 0.615625 0.79375 0.0125 0.028125 
