0 0.2625 0.5015625 0.05625 0.03125 
0 0.26796875 0.46796875 0.0578125 0.0296875 
0 0.50390625 0.45390625 0.0609375 0.0296875 
0 0.43828125 0.4609375 0.0609375 0.028125 
0 0.496875 0.41875 0.059375 0.03125 
0 0.4328125 0.4296875 0.059375 0.028125 
0 0.275 0.4359375 0.0625 0.03125 
0 0.49375 0.38671875 0.059375 0.0296875 
0 0.425 0.3953125 0.053125 0.028125 
0 0.26953125 0.4015625 0.0734375 0.03125 
0 0.49375 0.35 0.0625 0.03125 
0 0.42265625 0.36015625 0.0578125 0.0265625 
0 0.48359375 0.3171875 0.0546875 0.028125 
0 0.41875 0.3296875 0.0625 0.03125 
0 0.440625 0.48984375 0.059375 0.0328125 
0 0.50625 0.48515625 0.059375 0.0265625 
0 0.44140625 0.525 0.0640625 0.03125 
0 0.51796875 0.65546875 0.0609375 0.0328125 
0 0.53515625 0.75859375 0.0578125 0.0265625 
0 0.46875 0.7625 0.0625 0.03125 
0 0.52734375 0.7234375 0.0609375 0.028125 
0 0.45703125 0.7296875 0.0578125 0.03125 
0 0.528125 0.6890625 0.059375 0.03125 
0 0.45625 0.69921875 0.059375 0.0328125 
0 0.45546875 0.6640625 0.0609375 0.028125 
0 0.509375 0.515625 0.059375 0.025 
0 0.51953125 0.6203125 0.0578125 0.028125 
0 0.453125 0.6328125 0.065625 0.034375 
0 0.5203125 0.58828125 0.0625 0.0328125 
0 0.453125 0.59375 0.0625 0.034375 
0 0.51953125 0.5546875 0.0609375 0.028125 
0 0.44921875 0.559375 0.0640625 0.03125 
0 0.26875 0.36875 0.0625 0.028125 
0 0.48046875 0.2859375 0.0546875 0.028125 
0 0.41015625 0.29296875 0.0578125 0.0265625 
0 0.45078125 0.01640625 0.0578125 0.0265625 
0 0.3859375 0.02265625 0.05625 0.0265625 
0 0.22578125 0.028125 0.0578125 0.03125 
0 0.3921875 0.053125 0.071875 0.034375 
0 0.22421875 0.06328125 0.0609375 0.0265625 
0 0.4640625 0.04921875 0.0625 0.0296875 
0 0.475 0.2546875 0.059375 0.028125 
0 0.234375 0.16875 0.059375 0.03125 
0 0.4078125 0.2640625 0.059375 0.03125 
0 0.2578125 0.33671875 0.059375 0.0296875 
0 0.24765625 0.3 0.0734375 0.034375 
0 0.25234375 0.26484375 0.0515625 0.0265625 
0 0.24453125 0.2359375 0.0578125 0.03125 
0 0.23984375 0.2 0.0578125 0.03125 
0 0.46875 0.14453125 0.059375 0.0296875 
0 0.2265625 0.09765625 0.05625 0.0296875 
0 0.40546875 0.153125 0.0578125 0.028125 
0 0.4625 0.11640625 0.05625 0.0296875 
0 0.403125 0.12578125 0.05625 0.0296875 
0 0.23203125 0.13359375 0.0609375 0.0296875 
0 0.46328125 0.084375 0.0578125 0.028125 
0 0.3921875 0.09140625 0.0625 0.0328125 
0 0.4703125 0.7984375 0.05625 0.028125 
0 0.4796875 0.83046875 0.053125 0.0296875 
0 0.86015625 0.24765625 0.0640625 0.0328125 
0 0.54609375 0.82421875 0.0578125 0.0296875 
0 0.90234375 0.65078125 0.0640625 0.0328125 
0 0.91015625 0.6828125 0.0609375 0.03125 
0 0.9765625 0.67421875 0.046875 0.0265625 
0 0.978125 0.7078125 0.04375 0.03125 
0 0.915625 0.715625 0.059375 0.03125 
0 0.921875 0.75234375 0.059375 0.0296875 
0 0.97890625 0.74375 0.0421875 0.028125 
0 0.98125 0.7765625 0.0375 0.028125 
0 0.92421875 0.78515625 0.0640625 0.0328125 
0 0.6015625 0.00625 0.05625 0.009375 
0 0.61015625 0.0296875 0.0578125 0.028125 
0 0.61640625 0.05859375 0.0609375 0.0296875 
0 0.971875 0.64296875 0.05625 0.0328125 
0 0.8875 0.48203125 0.071875 0.0328125 
0 0.87109375 0.27890625 0.0640625 0.0328125 
0 0.87734375 0.31015625 0.0578125 0.0296875 
0 0.86953125 0.3421875 0.0609375 0.03125 
0 0.884375 0.38046875 0.05625 0.0328125 
0 0.88671875 0.4109375 0.0578125 0.028125 
0 0.884375 0.44765625 0.059375 0.0265625 
0 0.95546875 0.4765625 0.0609375 0.03125 
0 0.96875 0.61171875 0.0625 0.0328125 
0 0.95625 0.5109375 0.059375 0.028125 
0 0.89375 0.55 0.0625 0.034375 
0 0.96640625 0.54375 0.0578125 0.028125 
0 0.890625 0.584375 0.05625 0.03125 
0 0.95703125 0.57890625 0.0609375 0.0265625 
0 0.89765625 0.61640625 0.0578125 0.0296875 
0 0.6265625 0.13125 0.0625 0.03125 
0 0.621875 0.09609375 0.059375 0.0296875 
0 0.69453125 0.12734375 0.0578125 0.0328125 
0 0.690625 0.70625 0.059375 0.028125 
0 0.675 0.571875 0.065625 0.03125 
0 0.6796875 0.6078125 0.059375 0.03125 
0 0.74453125 0.59765625 0.0578125 0.0296875 
0 0.74140625 0.6328125 0.0546875 0.028125 
0 0.753125 0.66640625 0.05625 0.0296875 
0 0.6859375 0.67265625 0.059375 0.0328125 
0 0.7609375 0.70234375 0.059375 0.0265625 
0 0.67109375 0.5359375 0.0609375 0.03125 
0 0.7 0.7390625 0.05625 0.028125 
0 0.7625 0.7328125 0.053125 0.028125 
0 0.76015625 0.76953125 0.0546875 0.0296875 
0 0.6984375 0.7734375 0.059375 0.028125 
0 0.7625 0.803125 0.053125 0.025 
0 0.70390625 0.81015625 0.0609375 0.0296875 
0 0.73671875 0.53359375 0.0578125 0.0296875 
0 0.73515625 0.5 0.0640625 0.028125 
0 0.70703125 0.23125 0.0546875 0.028125 
0 0.71640625 0.33125 0.0546875 0.025 
0 0.640625 0.2375 0.05625 0.03125 
0 0.65078125 0.271875 0.0609375 0.03125 
0 0.715625 0.26328125 0.05625 0.0296875 
0 0.65234375 0.30234375 0.0578125 0.0296875 
0 0.7171875 0.296875 0.065625 0.028125 
0 0.65234375 0.33671875 0.0546875 0.0265625 
0 0.6546875 0.3671875 0.05625 0.028125 
0 0.66953125 0.5015625 0.0546875 0.028125 
0 0.71796875 0.36484375 0.0546875 0.0203125 
0 0.6609375 0.434375 0.053125 0.028125 
0 0.65859375 0.403125 0.0578125 0.028125 
0 0.72734375 0.43046875 0.0578125 0.0265625 
0 0.67265625 0.465625 0.0640625 0.028125 
0 0.73828125 0.46328125 0.0578125 0.0234375 
