1 0.8984375 0.80546875 0.028125 0.0578125 
1 0.95703125 0.7890625 0.0296875 0.071875 
1 0.9765625 0.78203125 0.028125 0.0640625 
1 0.92890625 0.265625 0.0265625 0.0625 
1 0.8109375 0.1671875 0.075 0.03125 
1 0.81484375 0.2359375 0.0671875 0.03125 
1 0.81015625 0.18984375 0.0671875 0.0296875 
1 0.8171875 0.2578125 0.059375 0.03125 
1 0.815625 0.21328125 0.075 0.0328125 
1 0.8234375 0.2796875 0.06875 0.03125 
1 0.8296875 0.30078125 0.06875 0.0328125 
1 0.83125 0.3265625 0.065625 0.03125 
1 0.83671875 0.359375 0.0640625 0.028125 
1 0.840625 0.40078125 0.059375 0.0296875 
1 0.46796875 0.3578125 0.1265625 0.04375 
1 0.94921875 0.39453125 0.0234375 0.0578125 
1 0.91875 0.18984375 0.025 0.0546875 
1 0.70625 0.39921875 0.025 0.0734375 
0 0.3328125 0.1828125 0.0375 0.021875 
0 0.2734375 0.221875 0.053125 0.028125 
0 0.515625 0.44765625 0.01875 0.0328125 
1 0.85390625 0.81328125 0.0265625 0.0546875 
1 0.81328125 0.825 0.0234375 0.05625 
1 0.79375 0.83046875 0.025 0.0703125 
1 0.65 0.4125 0.03125 0.078125 
1 0.253125 0.325 0.034375 0.134375 
1 0.2984375 0.33046875 0.040625 0.1359375 
1 0.32265625 0.1546875 0.1453125 0.040625 
1 0.59765625 0.63671875 0.0421875 0.0671875 
1 0.65546875 0.24921875 0.0671875 0.0296875 
1 0.65703125 0.26875 0.0703125 0.03125 
1 0.665625 0.2921875 0.0625 0.028125 
1 0.66640625 0.32578125 0.0703125 0.0296875 
1 0.66953125 0.3453125 0.0703125 0.028125 
1 0.7125 0.6109375 0.03125 0.075 
1 0.7546875 0.8296875 0.028125 0.065625 
1 0.77734375 0.60234375 0.0265625 0.0609375 
1 0.8375 0.63984375 0.028125 0.0703125 
1 0.90234375 0.6265625 0.0265625 0.059375 
1 0.9234375 0.61171875 0.03125 0.0671875 
1 0.94375 0.60546875 0.03125 0.0578125 
1 0.9234375 0.53046875 0.03125 0.0640625 
1 0.940625 0.51875 0.034375 0.06875 
1 0.8703125 0.61796875 0.034375 0.0640625 
1 0.7359375 0.8296875 0.025 0.06875 
0 0.09140625 0.81328125 0.0328125 0.0265625 
0 0.175 0.87265625 0.01875 0.0328125 
0 0.6734375 0.19921875 0.028125 0.0171875 
0 0.17734375 0.80234375 0.0203125 0.0390625 
0 0.0453125 0.52734375 0.03125 0.0265625 
0 0.04375 0.50703125 0.03125 0.0234375 
0 0.03828125 0.4875 0.0265625 0.025 
1 0.0390625 0.465625 0.040625 0.028125 
1 0.034375 0.44375 0.040625 0.03125 
0 0.11484375 0.40234375 0.0203125 0.0328125 
0 0.09765625 0.40546875 0.0171875 0.0296875 
0 0.1015625 0.43515625 0.01875 0.0328125 
0 0.10859375 0.47265625 0.0203125 0.0359375 
0 0.11328125 0.5078125 0.0234375 0.034375 
0 0.11796875 0.54375 0.0203125 0.03125 
0 0.775 0.10546875 0.034375 0.0203125 
0 0.815625 0.096875 0.040625 0.025 
0 0.99140625 0.08984375 0.0171875 0.0390625 
0 0.98203125 0.9 0.0203125 0.03125 
0 0.97578125 0.87109375 0.0171875 0.0265625 
0 0.58984375 0.71171875 0.0171875 0.0359375 
0 0.04921875 0.55078125 0.0328125 0.0265625 
0 0.0546875 0.5734375 0.028125 0.021875 
0 0.05546875 0.5921875 0.0296875 0.028125 
0 0.525 0.7171875 0.03125 0.034375 
0 0.19375 0.7921875 0.021875 0.040625 
0 0.1890625 0.75 0.01875 0.0375 
0 0.17265625 0.7640625 0.0171875 0.034375 
0 0.15703125 0.78515625 0.0203125 0.0359375 
0 0.15078125 0.75390625 0.0203125 0.0328125 
0 0.14765625 0.71875 0.0171875 0.0375 
0 0.14140625 0.68359375 0.0171875 0.0328125 
0 0.16796875 0.72734375 0.0203125 0.0390625 
0 0.16171875 0.68828125 0.0203125 0.0359375 
0 0.209375 0.5828125 0.021875 0.034375 
0 0.05625 0.609375 0.028125 0.028125 
0 0.08984375 0.79296875 0.0328125 0.0234375 
0 0.07890625 0.721875 0.0296875 0.025 
0 0.075 0.703125 0.025 0.025 
0 0.0734375 0.6828125 0.03125 0.025 
0 0.0671875 0.66171875 0.034375 0.0265625 
0 0.0625 0.634375 0.03125 0.025 
0 0.13515625 0.65 0.0234375 0.0375 
0 0.1296875 0.61328125 0.01875 0.0359375 
0 0.125 0.57578125 0.021875 0.0359375 
1 0.16875 0.35 0.046875 0.146875 
