0 0.65546875 0.2734375 0.0546875 0.071875 
0 0.4921875 0.30703125 0.071875 0.0296875 
0 0.51015625 0.275 0.0640625 0.025 
0 0.609375 0.1296875 0.0625 0.028125 
0 0.51484375 0.13671875 0.0578125 0.0703125 
0 0.37421875 0.01796875 0.0515625 0.0328125 
0 0.35390625 0.0328125 0.0515625 0.065625 
0 0.16796875 0.096875 0.0609375 0.025 
0 0.9125 0.03125 0.06875 0.025 
0 0.8359375 0.02109375 0.05 0.0390625 
0 0.875 0.0890625 0.0625 0.03125 
0 0.73828125 0.15859375 0.0515625 0.0640625 
0 0.94140625 0.2015625 0.0484375 0.065625 
0 0.9609375 0.17109375 0.053125 0.0640625 
0 0.98828125 0.4546875 0.0234375 0.065625 
0 0.978125 0.484375 0.04375 0.059375 
0 0.9609375 0.5109375 0.05 0.059375 
0 0.75703125 0.46171875 0.0484375 0.0578125 
