1 0.94921875 0.51484375 0.0171875 0.0546875 
1 0.56171875 0.44765625 0.0703125 0.0203125 
1 0.56171875 0.42578125 0.0671875 0.0203125 
1 0.56015625 0.40546875 0.0671875 0.0234375 
1 0.56796875 0.3859375 0.0484375 0.015625 
1 0.57109375 0.36484375 0.0515625 0.0203125 
1 0.56328125 0.3234375 0.0671875 0.01875 
1 0.56484375 0.3015625 0.0671875 0.01875 
1 0.56171875 0.28046875 0.0671875 0.0203125 
1 0.57421875 0.2609375 0.0515625 0.01875 
1 0.46953125 0.28828125 0.0609375 0.0171875 
1 0.47734375 0.26640625 0.0671875 0.0203125 
1 0.47578125 0.23984375 0.0546875 0.0203125 
1 0.28203125 0.64296875 0.0546875 0.0203125 
1 0.340625 0.634375 0.040625 0.015625 
1 0.3453125 0.60703125 0.040625 0.0140625 
1 0.34921875 0.58515625 0.0359375 0.0171875 
1 0.88671875 0.5 0.0171875 0.071875 
1 0.7578125 0.4984375 0.01875 0.053125 
1 0.32421875 0.51015625 0.0609375 0.0171875 
1 0.69765625 0.4984375 0.0171875 0.053125 
1 0.8328125 0.38046875 0.01875 0.0734375 
1 0.853125 0.38046875 0.01875 0.0734375 
1 0.87265625 0.3796875 0.0171875 0.0625 
1 0.89296875 0.38125 0.0171875 0.065625 
1 0.91328125 0.3859375 0.0203125 0.065625 
1 0.934375 0.38203125 0.021875 0.0703125 
1 0.95234375 0.39140625 0.0203125 0.0671875 
1 0.97421875 0.38828125 0.0234375 0.0703125 
1 0.99375 0.3875 0.0125 0.065625 
1 0.70625 0.2125 0.01875 0.075 
1 0.72734375 0.21953125 0.0203125 0.0640625 
1 0.746875 0.221875 0.015625 0.065625 
1 0.76875 0.22109375 0.01875 0.0703125 
1 0.81015625 0.22265625 0.0203125 0.0703125 
1 0.89296875 0.22265625 0.0171875 0.0671875 
1 0.9125 0.23515625 0.015625 0.0515625 
1 0.934375 0.21953125 0.01875 0.0640625 
1 0.97421875 0.2296875 0.0203125 0.0625 
1 0.9921875 0.2328125 0.015625 0.0625 
1 0.31171875 0.56328125 0.0703125 0.0171875 
1 0.33359375 0.4765625 0.0578125 0.015625 
1 0.23671875 0.3265625 0.0390625 0.015625 
1 0.56953125 0.53515625 0.0578125 0.0171875 
1 0.47265625 0.3109375 0.0609375 0.015625 
1 0.928125 0.503125 0.01875 0.071875 
1 0.7171875 0.49921875 0.01875 0.0546875 
1 0.98984375 0.5 0.0203125 0.075 
0 0.35390625 0.21015625 0.0328125 0.0203125 
0 0.46953125 0.171875 0.0296875 0.01875 
0 0.26328125 0.50625 0.0203125 0.03125 
0 0.296875 0.578125 0.0375 0.01875 
0 0.29765625 0.59375 0.0390625 0.015625 
0 0.4515625 0.63984375 0.01875 0.0328125 
0 0.5984375 0.61875 0.015625 0.034375 
0 0.64375 0.61796875 0.0125 0.0328125 
0 0.6625 0.62109375 0.015625 0.0359375 
0 0.7375 0.6296875 0.01875 0.040625 
0 0.8734375 0.64140625 0.01875 0.0328125 
0 0.26796875 0.28984375 0.0265625 0.0296875 
1 0.23203125 0.19453125 0.0671875 0.0171875 
1 0.2375 0.240625 0.059375 0.025 
1 0.32109375 0.53203125 0.0734375 0.0171875 
1 0.56875 0.5109375 0.059375 0.015625 
1 0.325 0.4328125 0.0625 0.021875 
1 0.4828125 0.3828125 0.0625 0.01875 
1 0.33203125 0.34453125 0.0609375 0.0171875 
1 0.33125 0.31875 0.059375 0.015625 
1 0.328125 0.29921875 0.059375 0.0171875 
1 0.33671875 0.278125 0.0578125 0.01875 
1 0.33828125 0.25859375 0.0609375 0.0203125 
1 0.22890625 0.34609375 0.0484375 0.0203125 
1 0.22734375 0.28046875 0.0578125 0.0203125 
1 0.2265625 0.2578125 0.059375 0.01875 
1 0.84921875 0.22734375 0.0171875 0.0578125 
1 0.8703125 0.2296875 0.01875 0.05625 
1 0.95390625 0.23515625 0.0140625 0.0515625 
1 0.96953125 0.51484375 0.0140625 0.0546875 
1 0.76484375 0.37578125 0.0171875 0.0703125 
1 0.22890625 0.36953125 0.0609375 0.0171875 
1 0.47890625 0.50546875 0.0609375 0.0234375 
1 0.48046875 0.46953125 0.0609375 0.0171875 
1 0.47890625 0.428125 0.0640625 0.01875 
1 0.48125 0.4078125 0.0625 0.01875 
1 0.72109375 0.3765625 0.0171875 0.075 
