0 0.15234375 0.8890625 0.0578125 0.05 
0 0.1640625 0.8609375 0.0625 0.053125 
0 0.18828125 0.83046875 0.0609375 0.0546875 
0 0.196875 0.79765625 0.059375 0.0421875 
0 0.0265625 0.78046875 0.05 0.0515625 
0 0.034375 0.7484375 0.059375 0.05 
0 0.13046875 0.440625 0.0640625 0.05 
0 0.29140625 0.6421875 0.0640625 0.053125 
0 0.30546875 0.61171875 0.0640625 0.0484375 
0 0.1546875 0.5328125 0.078125 0.0625 
0 0.1125 0.4671875 0.0625 0.05 
0 0.17734375 0.5 0.0703125 0.05625 
0 0.2046875 0.4375 0.065625 0.05 
0 0.04921875 0.7171875 0.0640625 0.05 
0 0.1953125 0.4703125 0.065625 0.05 
0 0.3546875 0.67578125 0.06875 0.0515625 
0 0.371875 0.64609375 0.0625 0.0453125 
0 0.534375 0.5640625 0.05625 0.065625 
0 0.3359375 0.23671875 0.0625 0.0453125 
0 0.421875 0.55859375 0.06875 0.0515625 
0 0.328125 0.7078125 0.065625 0.053125 
0 0.2609375 0.6671875 0.0625 0.05 
0 0.13046875 0.55859375 0.0765625 0.0609375 
0 0.121875 0.59609375 0.0625 0.0515625 
0 0.06484375 0.5609375 0.0640625 0.05 
0 0.02890625 0.61015625 0.0546875 0.0578125 
0 0.109375 0.62734375 0.0625 0.0484375 
0 0.08671875 0.64921875 0.0546875 0.0421875 
0 0.07109375 0.678125 0.0734375 0.0625 
0 0.01875 0.64921875 0.034375 0.0453125 
0 0.01328125 0.678125 0.0234375 0.046875 
0 0.24921875 0.7015625 0.0671875 0.05 
0 0.2328125 0.7328125 0.06875 0.053125 
0 0.2953125 0.76796875 0.059375 0.0484375 
0 0.27734375 0.80234375 0.0546875 0.0453125 
0 0.2203125 0.7703125 0.0625 0.05 
