0 0.15 0.4453125 0.01875 0.034375 
0 0.13203125 0.453125 0.0171875 0.028125 
0 0.06953125 0.40625 0.0140625 0.028125 
0 0.12109375 0.1078125 0.0328125 0.03125 
0 0.00625 0.08984375 0.009375 0.0328125 
0 0.12734375 0.0703125 0.0359375 0.034375 
0 0.13359375 0.03515625 0.0328125 0.0296875 
0 0.19609375 0.43984375 0.0234375 0.0328125 
0 0.18046875 0.440625 0.0203125 0.034375 
0 0.2265625 0.4328125 0.021875 0.03125 
0 0.25546875 0.73984375 0.0203125 0.0328125 
0 0.13125 0.7578125 0.01875 0.034375 
0 0.16171875 0.753125 0.0171875 0.0375 
0 0.17890625 0.7546875 0.0171875 0.03125 
0 0.19609375 0.74921875 0.0171875 0.0328125 
0 0.2109375 0.74375 0.01875 0.0375 
0 0.19296875 0.5546875 0.0171875 0.03125 
0 0.2734375 0.42578125 0.01875 0.0328125 
0 0.2109375 0.5546875 0.01875 0.03125 
0 0.4078125 0.48046875 0.01875 0.0265625 
0 0.3453125 0.49140625 0.021875 0.0390625 
0 0.20625 0.5203125 0.021875 0.0375 
0 0.2359375 0.50859375 0.021875 0.0328125 
0 0.28671875 0.46953125 0.0328125 0.0171875 
0 0.39921875 0.40390625 0.0171875 0.0296875 
0 0.38359375 0.40859375 0.0171875 0.0328125 
0 0.36640625 0.4078125 0.0171875 0.03125 
0 0.30546875 0.4234375 0.0171875 0.03125 
