0 0.54140625 0.790625 0.0671875 0.053125 
0 0.77734375 0.8375 0.0609375 0.046875 
0 0.521875 0.81875 0.06875 0.05 
0 0.7015625 0.83828125 0.05625 0.0453125 
0 0.77109375 0.87421875 0.0640625 0.0546875 
0 0.6921875 0.87265625 0.065625 0.0484375 
0 0.55625 0.75390625 0.0625 0.0484375 
0 0.75546875 0.90625 0.0578125 0.046875 
0 0.49140625 0.8828125 0.0640625 0.05 
0 0.6796875 0.9046875 0.059375 0.05 
0 0.7359375 0.93671875 0.0625 0.0515625 
0 0.65625 0.928125 0.065625 0.053125 
0 0.7140625 0.96640625 0.065625 0.0515625 
0 0.496875 0.721875 0.065625 0.05 
0 0.796875 0.8078125 0.06875 0.053125 
0 0.94375 0.8890625 0.071875 0.05625 
0 0.79140625 0.68203125 0.0640625 0.0484375 
0 0.5828125 0.57265625 0.06875 0.0546875 
0 0.6484375 0.6078125 0.071875 0.059375 
0 0.83046875 0.61875 0.0609375 0.046875 
0 0.8140625 0.6515625 0.0625 0.05 
0 0.634375 0.63828125 0.078125 0.0609375 
0 0.54921875 0.63125 0.0640625 0.053125 
0 0.5296875 0.65625 0.0625 0.046875 
0 0.73984375 0.77421875 0.0578125 0.0484375 
0 0.58828125 0.68984375 0.0671875 0.0484375 
0 0.5125 0.68359375 0.0625 0.0453125 
0 0.58125 0.73046875 0.065625 0.0484375 
0 0.83828125 0.75234375 0.0765625 0.0609375 
0 0.75390625 0.74296875 0.0640625 0.0578125 
0 0.81328125 0.7734375 0.0671875 0.053125 
0 0.63125 0.95625 0.0625 0.046875 
0 0.5125 0.98984375 0.06875 0.0203125 
0 0.69609375 0.98515625 0.0671875 0.0296875 
0 0.8765625 0.68984375 0.0625 0.0515625 
0 0.89296875 0.50234375 0.0609375 0.0515625 
0 0.86796875 0.528125 0.0734375 0.053125 
0 0.91875 0.5890625 0.0625 0.05 
0 0.90234375 0.61953125 0.0671875 0.0578125 
0 0.609375 0.978125 0.06875 0.04375 
0 0.98828125 0.76484375 0.0234375 0.0578125 
0 0.9078125 0.4734375 0.065625 0.053125 
0 0.928125 0.43984375 0.065625 0.0546875 
0 0.98515625 0.4421875 0.0296875 0.05 
0 0.95703125 0.371875 0.0703125 0.059375 
0 0.60625 0.53828125 0.078125 0.0609375 
0 0.84296875 0.58359375 0.0640625 0.0546875 
0 0.85078125 0.55390625 0.0578125 0.0453125 
0 0.28828125 0.76953125 0.0671875 0.0515625 
1 0.1234375 0.6296875 0.071875 0.090625 
0 0.33515625 0.67109375 0.0609375 0.0453125 
0 0.253125 0.66953125 0.06875 0.0546875 
0 0.31796875 0.70390625 0.0640625 0.0515625 
0 0.23984375 0.70078125 0.0671875 0.0546875 
0 0.30625 0.73515625 0.06875 0.0546875 
0 0.2609375 0.7953125 0.0625 0.05625 
0 0.46328125 0.91953125 0.0609375 0.0515625 
0 0.24765625 0.834375 0.0640625 0.05 
0 0.44765625 0.8203125 0.0640625 0.053125 
0 0.4609375 0.78203125 0.0625 0.0515625 
0 0.428125 0.8515625 0.065625 0.053125 
0 0.40703125 0.88359375 0.0671875 0.0546875 
0 0.38515625 0.9109375 0.0609375 0.05 
0 0.27421875 0.6359375 0.0671875 0.05 
0 0.35234375 0.64140625 0.0578125 0.0453125 
0 0.29140625 0.60625 0.0640625 0.05 
0 0.36875 0.61171875 0.0625 0.0515625 
0 0.3078125 0.578125 0.065625 0.053125 
0 0.38359375 0.57890625 0.0640625 0.0515625 
0 0.32109375 0.5453125 0.0609375 0.053125 
0 0.39765625 0.54921875 0.0671875 0.0515625 
0 0.33984375 0.5125 0.0640625 0.046875 
0 0.42109375 0.5203125 0.0609375 0.05 
0 0.44453125 0.49296875 0.0765625 0.0609375 
0 0.453125 0.4578125 0.05625 0.046875 
0 0.36328125 0.48828125 0.0640625 0.0515625 
0 0.3796875 0.4546875 0.065625 0.053125 
0 0.396875 0.425 0.065625 0.05 
0 0.4078125 0.39140625 0.06875 0.0515625 
0 0.428125 0.35546875 0.0625 0.0484375 
0 0.15703125 0.99296875 0.0640625 0.0140625 
0 0.47421875 0.2671875 0.0671875 0.04375 
0 0.684375 0.54453125 0.059375 0.0484375 
0 0.67421875 0.4171875 0.0703125 0.053125 
0 0.4640625 0.3 0.0625 0.046875 
0 0.7078125 0.35625 0.065625 0.046875 
0 0.7703125 0.3890625 0.059375 0.05 
0 0.5125 0.365625 0.065625 0.05 
0 0.48984375 0.39609375 0.0671875 0.0515625 
0 0.6890625 0.3828125 0.0625 0.05 
0 0.7328125 0.45234375 0.065625 0.0546875 
0 0.4921875 0.2390625 0.06875 0.046875 
0 0.546875 0.44609375 0.0375 0.0640625 
0 0.653125 0.4484375 0.059375 0.046875 
0 0.71796875 0.48359375 0.0703125 0.0546875 
0 0.640625 0.47890625 0.0625 0.0453125 
0 0.696875 0.51328125 0.065625 0.0546875 
0 0.61953125 0.50703125 0.0671875 0.0515625 
0 0.528125 0.3328125 0.0625 0.05 
0 0.54375 0.29921875 0.06875 0.0484375 
0 0.7765625 0.35390625 0.0625 0.0484375 
0 0.7125 0.3171875 0.065625 0.05 
0 0.71640625 0.2828125 0.0640625 0.053125 
0 0.55703125 0.26875 0.0640625 0.05 
0 0.57890625 0.2421875 0.0671875 0.053125 
0 0.81640625 0.2953125 0.0671875 0.053125 
0 0.75078125 0.26171875 0.0640625 0.0546875 
0 0.8484375 0.23359375 0.065625 0.0515625 
0 0.78671875 0.2 0.0640625 0.053125 
0 0.640625 0.12109375 0.0625 0.0515625 
0 0.62265625 0.14765625 0.0609375 0.0484375 
0 0.6078125 0.18203125 0.06875 0.0515625 
0 0.54921875 0.1421875 0.0640625 0.046875 
0 0.53046875 0.1765625 0.0703125 0.053125 
0 0.51328125 0.21015625 0.0671875 0.0546875 
0 0.98828125 0.9234375 0.0234375 0.04375 
0 0.9359375 0.925 0.05625 0.04375 
0 0.88125 0.9953125 0.065625 0.009375 
0 0.896875 0.98046875 0.059375 0.0390625 
0 0.97109375 0.9828125 0.0578125 0.034375 
0 0.98046875 0.9546875 0.0390625 0.046875 
0 0.9125 0.953125 0.065625 0.053125 
0 0.44765625 0.32890625 0.0609375 0.0484375 
