0 0.15390625 0.7875 0.0640625 0.05 
0 0.04375 0.68125 0.075 0.059375 
0 0.021875 0.75234375 0.040625 0.0515625 
0 0.13828125 0.82578125 0.0578125 0.0453125 
0 0.40390625 0.8453125 0.0578125 0.05 
0 0.05390625 0.6484375 0.0640625 0.05 
0 0.171875 0.7625 0.059375 0.04375 
0 0.415625 0.8171875 0.0625 0.053125 
0 0.43984375 0.78671875 0.0609375 0.0546875 
0 0.4484375 0.75390625 0.059375 0.0421875 
0 0.271875 0.73671875 0.0625 0.0515625 
0 0.18828125 0.72578125 0.0671875 0.0578125 
0 0.00625 0.64453125 0.009375 0.0546875 
0 0.0140625 0.61640625 0.025 0.0484375 
0 0.06640625 0.49375 0.0609375 0.05 
0 0.1015625 0.4296875 0.05625 0.046875 
0 0.084375 0.45859375 0.0625 0.0515625 
0 0.1234375 0.52578125 0.065625 0.0546875 
0 0.0703125 0.6140625 0.05625 0.046875 
0 0.0515625 0.5203125 0.059375 0.05 
0 0.0296875 0.5546875 0.05625 0.05 
0 0.08828125 0.58515625 0.0578125 0.0484375 
0 0.021875 0.578125 0.040625 0.0625 
0 0.2125 0.703125 0.0625 0.05 
0 0.2859375 0.7046875 0.059375 0.05 
0 0.225 0.66875 0.0625 0.05 
0 0.38203125 0.396875 0.0640625 0.05 
0 0.54296875 0.5984375 0.0640625 0.053125 
0 0.55703125 0.56796875 0.0640625 0.0484375 
0 0.40625 0.4890625 0.078125 0.0625 
0 0.3640625 0.4234375 0.0625 0.05 
0 0.42890625 0.45625 0.0703125 0.05625 
0 0.215625 0.40390625 0.065625 0.0609375 
0 0.45625 0.39375 0.065625 0.05 
0 0.30078125 0.6734375 0.0640625 0.05 
0 0.446875 0.4265625 0.065625 0.05 
0 0.60625 0.63203125 0.06875 0.0515625 
0 0.6234375 0.60234375 0.0625 0.0453125 
0 0.7859375 0.5203125 0.05625 0.065625 
0 0.5875 0.19296875 0.0625 0.0453125 
0 0.6734375 0.51484375 0.06875 0.0515625 
0 0.5796875 0.6640625 0.065625 0.053125 
0 0.5125 0.6234375 0.0625 0.05 
0 0.16484375 0.4625 0.0703125 0.05 
0 0.38203125 0.51484375 0.0765625 0.0609375 
0 0.3734375 0.55234375 0.0625 0.0515625 
0 0.31640625 0.5171875 0.0640625 0.05 
0 0.275 0.56640625 0.065625 0.0578125 
0 0.3609375 0.58359375 0.0625 0.0484375 
0 0.33828125 0.60546875 0.0546875 0.0421875 
0 0.32265625 0.634375 0.0734375 0.0625 
0 0.25390625 0.60546875 0.0671875 0.0453125 
0 0.2421875 0.634375 0.06875 0.046875 
0 0.50078125 0.6578125 0.0671875 0.05 
0 0.484375 0.6890625 0.06875 0.053125 
0 0.546875 0.72421875 0.059375 0.0484375 
0 0.52890625 0.75859375 0.0546875 0.0453125 
0 0.471875 0.7265625 0.0625 0.05 
0 0.1328125 0.36171875 0.065625 0.0546875 
0 0.0296875 0.2203125 0.05625 0.05 
0 0.02109375 0.25625 0.0390625 0.05 
