0 0.2484375 0.1015625 0.01875 0.034375 
0 0.23046875 0.109375 0.0171875 0.028125 
0 0.096875 0.1171875 0.015625 0.034375 
0 0.16796875 0.0625 0.0140625 0.028125 
0 0.29453125 0.09609375 0.0234375 0.0328125 
0 0.27890625 0.096875 0.0203125 0.034375 
0 0.325 0.0890625 0.021875 0.03125 
0 0.35390625 0.39609375 0.0203125 0.0328125 
0 0.66484375 0.97109375 0.0265625 0.0171875 
0 0.21328125 0.96328125 0.0359375 0.0203125 
0 0.03671875 0.56328125 0.0359375 0.0171875 
0 0.0859375 0.44765625 0.015625 0.0359375 
0 0.2296875 0.4140625 0.01875 0.034375 
0 0.26015625 0.409375 0.0171875 0.0375 
0 0.27734375 0.4109375 0.0171875 0.03125 
0 0.29453125 0.40546875 0.0171875 0.0328125 
0 0.309375 0.4 0.01875 0.0375 
0 0.29140625 0.2109375 0.0171875 0.03125 
0 0.371875 0.08203125 0.01875 0.0328125 
0 0.309375 0.2109375 0.01875 0.03125 
0 0.50625 0.13671875 0.01875 0.0265625 
0 0.44375 0.14765625 0.021875 0.0390625 
0 0.3046875 0.1765625 0.021875 0.0375 
0 0.334375 0.16484375 0.021875 0.0328125 
0 0.38515625 0.12578125 0.0328125 0.0171875 
0 0.49765625 0.06015625 0.0171875 0.0296875 
0 0.48203125 0.06484375 0.0171875 0.0328125 
0 0.46484375 0.0640625 0.0171875 0.03125 
0 0.40390625 0.0796875 0.0171875 0.03125 
