1 0.22578125 0.2921875 0.0171875 0.065625 
1 0.24609375 0.2953125 0.0171875 0.065625 
1 0.309375 0.29921875 0.01875 0.0640625 
1 0.3296875 0.29921875 0.01875 0.0640625 
1 0.35078125 0.30234375 0.0171875 0.0640625 
1 0.36953125 0.3046875 0.0171875 0.065625 
1 0.3890625 0.30625 0.01875 0.0625 
1 0.409375 0.30703125 0.021875 0.0671875 
1 0.45078125 0.3109375 0.0171875 0.065625 
1 0.47265625 0.3125 0.0171875 0.0625 
1 0.49375 0.31484375 0.015625 0.0640625 
1 0.553125 0.3203125 0.01875 0.065625 
1 0.14609375 0.28359375 0.0203125 0.0671875 
1 0.08203125 0.27890625 0.0203125 0.0671875 
1 0.26328125 0.36875 0.0203125 0.065625 
1 0.06328125 0.2765625 0.0203125 0.065625 
1 0.303125 0.37265625 0.01875 0.0640625 
1 0.32265625 0.375 0.0171875 0.06875 
1 0.34375 0.375 0.021875 0.06875 
1 0.3640625 0.37734375 0.01875 0.0640625 
1 0.3875 0.3796875 0.021875 0.065625 
1 0.4046875 0.38046875 0.01875 0.0640625 
1 0.42578125 0.38125 0.0203125 0.0625 
1 0.446875 0.384375 0.021875 0.0625 
1 0.46640625 0.38671875 0.0234375 0.0671875 
1 0.48828125 0.38671875 0.0234375 0.0671875 
1 0.509375 0.3890625 0.01875 0.065625 
1 0.5265625 0.39140625 0.01875 0.0640625 
1 0.54921875 0.3953125 0.0203125 0.065625 
1 0.0203125 0.27265625 0.01875 0.0671875 
1 0.04140625 0.27578125 0.0203125 0.0671875 
1 0.01171875 0.13125 0.0234375 0.06875 
1 0.0328125 0.12890625 0.021875 0.0671875 
1 0.075 0.13515625 0.021875 0.0703125 
1 0.29921875 0.15234375 0.0234375 0.0671875 
1 0.0953125 0.134375 0.01875 0.06875 
1 0.11328125 0.1359375 0.0234375 0.06875 
1 0.1375 0.1375 0.015625 0.06875 
1 0.15859375 0.1390625 0.0203125 0.06875 
1 0.2171875 0.14140625 0.015625 0.0640625 
1 0.23671875 0.14453125 0.0203125 0.0703125 
1 0.34296875 0.153125 0.0203125 0.06875 
1 0.4875 0.16484375 0.015625 0.0671875 
1 0.3625 0.153125 0.015625 0.06875 
1 0.38203125 0.153125 0.0203125 0.06875 
1 0.4046875 0.15625 0.01875 0.06875 
1 0.42421875 0.1578125 0.0171875 0.071875 
1 0.4453125 0.16015625 0.021875 0.0703125 
1 0.4625 0.16328125 0.021875 0.0671875 
1 0.28125 0.36953125 0.01875 0.0671875 
1 0.240625 0.36640625 0.021875 0.0640625 
1 0.33203125 0.52578125 0.0203125 0.0671875 
1 0.39375 0.5296875 0.021875 0.065625 
1 0.45546875 0.53515625 0.0203125 0.0703125 
1 0.51328125 0.54296875 0.0171875 0.0671875 
1 0.55546875 0.5453125 0.0203125 0.071875 
1 0.01640625 0.59765625 0.0203125 0.0671875 
1 0.03828125 0.59609375 0.0203125 0.0703125 
1 0.0578125 0.59765625 0.021875 0.0703125 
1 0.07890625 0.60078125 0.0203125 0.0703125 
1 0.0984375 0.603125 0.01875 0.06875 
1 0.11953125 0.6046875 0.0203125 0.06875 
1 0.14140625 0.60703125 0.0234375 0.0703125 
1 0.18203125 0.61015625 0.0171875 0.0703125 
1 0.20078125 0.6125 0.0234375 0.06875 
1 0.22265625 0.61484375 0.0203125 0.0671875 
1 0.24375 0.615625 0.01875 0.06875 
1 0.35390625 0.5265625 0.0203125 0.06875 
1 0.3109375 0.52265625 0.021875 0.0703125 
1 0.22109375 0.3640625 0.0234375 0.065625 
1 0.475 0.534375 0.01875 0.071875 
1 0.025 0.49609375 0.015625 0.0671875 
1 0.04375 0.5 0.015625 0.065625 
1 0.065625 0.5 0.015625 0.065625 
1 0.08359375 0.503125 0.0171875 0.065625 
1 0.1046875 0.50625 0.01875 0.065625 
1 0.1265625 0.50625 0.01875 0.06875 
1 0.14609375 0.5078125 0.0171875 0.06875 
1 0.16796875 0.5109375 0.0203125 0.06875 
1 0.18671875 0.51171875 0.0203125 0.0671875 
1 0.2078125 0.5140625 0.015625 0.071875 
1 0.228125 0.515625 0.015625 0.06875 
1 0.290625 0.52109375 0.01875 0.0671875 
1 0.37265625 0.52890625 0.0171875 0.0640625 
1 0.4140625 0.5328125 0.01875 0.06875 
1 0.43359375 0.53359375 0.0171875 0.0703125 
1 0.30390625 0.621875 0.0203125 0.06875 
1 0.3859375 0.62890625 0.01875 0.0703125 
1 0.44765625 0.63359375 0.0203125 0.0671875 
1 0.46796875 0.634375 0.0234375 0.06875 
1 0.0421875 0.9609375 0.01875 0.0625 
1 0.25078125 0.8609375 0.0390625 0.015625 
1 0.4375 0.81640625 0.065625 0.0203125 
1 0.7296875 0.90703125 0.01875 0.0453125 
1 0.759375 0.60703125 0.01875 0.0609375 
1 0.7640625 0.48515625 0.01875 0.0640625 
1 0.01640625 0.3484375 0.0203125 0.065625 
1 0.03671875 0.3484375 0.0234375 0.065625 
1 0.05703125 0.3515625 0.0203125 0.065625 
1 0.0765625 0.353125 0.01875 0.0625 
1 0.159375 0.35703125 0.021875 0.0640625 
1 0.0984375 0.3546875 0.01875 0.065625 
1 0.11875 0.35546875 0.021875 0.0640625 
1 0.18046875 0.36328125 0.0203125 0.0640625 
1 0.2 0.3640625 0.021875 0.0625 
1 0.02109375 0.971875 0.0203125 0.05625 
1 0.11796875 0.7546875 0.0671875 0.021875 
1 0.28359375 0.61875 0.0203125 0.06875 
1 0.48984375 0.63671875 0.0203125 0.0671875 
1 0.5109375 0.6375 0.01875 0.06875 
1 0.034375 0.73125 0.065625 0.015625 
1 0.1609375 0.60859375 0.01875 0.0671875 
1 0.3453125 0.625 0.021875 0.06875 
1 0.16640625 0.80859375 0.0234375 0.0609375 
1 0.40703125 0.62890625 0.0203125 0.0671875 
1 0.3234375 0.62265625 0.01875 0.0703125 
1 0.01875 0.80078125 0.021875 0.0640625 
1 0.06171875 0.80078125 0.0171875 0.0609375 
1 0.10078125 0.80390625 0.0171875 0.0671875 
1 0.1390625 0.8046875 0.01875 0.059375 
0 0.225 0.99453125 0.015625 0.0109375 
0 0.2296875 0.978125 0.03125 0.025 
0 0.1921875 0.99375 0.015625 0.0125 
0 0.17578125 0.99296875 0.0171875 0.0140625 
0 0.140625 0.99375 0.015625 0.0125 
0 0.121875 0.99140625 0.015625 0.0171875 
1 0.00703125 0.49609375 0.0109375 0.0671875 
