1 0.48203125 0.128125 0.0203125 0.05625 
1 0.44296875 0.12421875 0.0171875 0.0609375 
0 0.7640625 0.6125 0.034375 0.021875 
0 0.6671875 0.671875 0.021875 0.0375 
0 0.6640625 0.54453125 0.01875 0.0359375 
0 0.584375 0.57109375 0.034375 0.0390625 
0 0.55390625 0.540625 0.0359375 0.03125 
0 0.7671875 0.44296875 0.015625 0.0328125 
0 0.78203125 0.44609375 0.0171875 0.0328125 
0 0.79765625 0.44609375 0.0140625 0.0296875 
0 0.81640625 0.4109375 0.0140625 0.03125 
0 0.46796875 0.4296875 0.0359375 0.034375 
1 0.3 0.00703125 0.0625 0.0109375 
0 0.5 0.31171875 0.015625 0.0328125 
1 0.425 0.92265625 0.01875 0.0609375 
1 0.446875 0.92421875 0.01875 0.0640625 
1 0.465625 0.9265625 0.01875 0.0625 
1 0.4875 0.9265625 0.01875 0.059375 
1 0.5078125 0.93125 0.01875 0.059375 
1 0.5296875 0.9328125 0.015625 0.059375 
1 0.5484375 0.9359375 0.015625 0.059375 
1 0.56875 0.93515625 0.01875 0.0609375 
1 0.5890625 0.93671875 0.015625 0.0640625 
1 0.609375 0.93671875 0.01875 0.0609375 
1 0.63046875 0.9421875 0.0171875 0.059375 
1 0.65078125 0.94375 0.0171875 0.0625 
0 0.6921875 0.7390625 0.040625 0.025 
0 0.43671875 0.30390625 0.0171875 0.0328125 
0 0.46796875 0.30859375 0.0140625 0.0328125 
0 0.84609375 0.4140625 0.0140625 0.028125 
0 0.878125 0.41484375 0.015625 0.0296875 
0 0.9078125 0.4203125 0.015625 0.03125 
0 0.7546875 0.409375 0.015625 0.03125 
0 0.903125 0.26328125 0.0125 0.0265625 
0 0.8859375 0.26015625 0.01875 0.0296875 
0 0.93046875 0.18359375 0.0265625 0.0203125 
0 0.8171875 0.196875 0.0375 0.01875 
0 0.71875 0.1703125 0.015625 0.034375 
0 0.70234375 0.1671875 0.0140625 0.034375 
0 0.6859375 0.16640625 0.015625 0.0421875 
0 0.690625 0.134375 0.03125 0.025 
0 0.6671875 0.1734375 0.015625 0.034375 
0 0.653125 0.16484375 0.015625 0.0421875 
0 0.63671875 0.1625 0.0171875 0.040625 
0 0.61875 0.1671875 0.0125 0.03125 
0 0.6015625 0.16171875 0.015625 0.0359375 
0 0.5828125 0.16171875 0.015625 0.0453125 
0 0.734375 0.25 0.015625 0.028125 
0 0.790625 0.24765625 0.01875 0.0359375 
0 0.54375 0.31328125 0.015625 0.0328125 
0 0.6625 0.39453125 0.0125 0.0328125 
0 0.73828125 0.40625 0.0140625 0.034375 
0 0.72265625 0.40390625 0.0140625 0.0296875 
0 0.709375 0.40625 0.01875 0.03125 
0 0.675 0.43359375 0.01875 0.0359375 
0 0.69140625 0.39609375 0.0171875 0.0359375 
0 0.64453125 0.428125 0.0140625 0.034375 
0 0.63125 0.396875 0.01875 0.0375 
0 0.56171875 0.3140625 0.0140625 0.03125 
0 0.60234375 0.3890625 0.0140625 0.03125 
0 0.69609375 0.33203125 0.0140625 0.0296875 
0 0.74375 0.33125 0.01875 0.034375 
0 0.759375 0.33359375 0.015625 0.0328125 
0 0.93984375 0.325 0.0296875 0.015625 
0 0.94765625 0.2609375 0.0296875 0.01875 
1 0.4046875 0.92109375 0.01875 0.0640625 
1 0.38359375 0.91875 0.0203125 0.0625 
1 0.36484375 0.91796875 0.0203125 0.0640625 
1 0.2828125 0.596875 0.021875 0.0625 
1 0.153125 0.60390625 0.059375 0.0203125 
1 0.15078125 0.64453125 0.0609375 0.0203125 
1 0.1484375 0.6640625 0.059375 0.01875 
1 0.14765625 0.68828125 0.0578125 0.0234375 
1 0.1453125 0.7078125 0.059375 0.01875 
1 0.140625 0.7484375 0.059375 0.021875 
1 0.1375 0.76875 0.0625 0.025 
1 0.134375 0.8296875 0.0625 0.021875 
1 0.1359375 0.81015625 0.059375 0.0171875 
1 0.3078125 0.52734375 0.021875 0.0640625 
1 0.33203125 0.53046875 0.0171875 0.0640625 
1 0.35078125 0.53125 0.0203125 0.0625 
1 0.36953125 0.5328125 0.0203125 0.0625 
1 0.39296875 0.53359375 0.0203125 0.0609375 
1 0.4125 0.53671875 0.01875 0.0609375 
1 0.1625 0.5453125 0.059375 0.040625 
1 0.1734375 0.52578125 0.059375 0.0421875 
1 0.1953125 0.490625 0.0625 0.04375 
1 0.28203125 0.2125 0.0609375 0.01875 
1 0.29921875 0.0234375 0.0640625 0.021875 
1 0.296875 0.04609375 0.0625 0.0203125 
1 0.29453125 0.065625 0.0640625 0.01875 
1 0.29375 0.084375 0.0625 0.01875 
1 0.2921875 0.1078125 0.065625 0.021875 
1 0.28984375 0.1265625 0.0640625 0.021875 
1 0.2828125 0.2328125 0.0625 0.01875 
1 0.20390625 0.47265625 0.0609375 0.0421875 
1 0.278125 0.2734375 0.0625 0.01875 
1 0.27421875 0.31640625 0.0640625 0.0265625 
1 0.2625 0.3640625 0.0625 0.046875 
1 0.25546875 0.3828125 0.0609375 0.040625 
1 0.24375 0.4 0.0625 0.04375 
1 0.2140625 0.45390625 0.059375 0.0421875 
1 0.43203125 0.540625 0.0171875 0.059375 
1 0.30390625 0.59609375 0.0140625 0.0515625 
1 0.34375 0.909375 0.01875 0.05 
1 0.325 0.59765625 0.01875 0.0546875 
1 0.3953125 0.7984375 0.021875 0.065625 
1 0.4359375 0.8 0.01875 0.0625 
1 0.45625 0.8015625 0.01875 0.0625 
1 0.47734375 0.80234375 0.0171875 0.0640625 
1 0.55 0.803125 0.01875 0.0625 
1 0.5703125 0.80078125 0.01875 0.0609375 
1 0.5921875 0.80234375 0.01875 0.0640625 
1 0.178125 0.90234375 0.021875 0.0609375 
1 0.19921875 0.9046875 0.0203125 0.059375 
1 0.2203125 0.90546875 0.021875 0.0609375 
1 0.24140625 0.90859375 0.0234375 0.0609375 
1 0.26171875 0.91015625 0.0203125 0.0609375 
1 0.28125 0.9125 0.01875 0.0625 
1 0.30234375 0.9125 0.0171875 0.0625 
1 0.32265625 0.91484375 0.0171875 0.0609375 
1 0.37578125 0.7953125 0.0203125 0.0625 
1 0.334375 0.790625 0.021875 0.0625 
1 0.31484375 0.78984375 0.0203125 0.0609375 
1 0.3796875 0.72734375 0.01875 0.0546875 
1 0.3453125 0.60078125 0.01875 0.0546875 
1 0.25703125 0.7140625 0.0203125 0.065625 
1 0.278125 0.71484375 0.01875 0.0640625 
1 0.296875 0.71640625 0.01875 0.0640625 
1 0.31875 0.71953125 0.021875 0.0640625 
1 0.359375 0.7265625 0.01875 0.053125 
1 0.4 0.72890625 0.01875 0.0546875 
1 0.29453125 0.7875 0.0203125 0.065625 
1 0.42109375 0.73125 0.0171875 0.053125 
1 0.440625 0.72890625 0.01875 0.0671875 
1 0.46171875 0.73046875 0.0203125 0.0640625 
1 0.4828125 0.73359375 0.021875 0.0671875 
1 0.25 0.784375 0.021875 0.065625 
1 0.27265625 0.78515625 0.0171875 0.0640625 
