0 0.434375 0.9546875 0.015625 0.034375 
0 0.45234375 0.95546875 0.0140625 0.0359375 
0 0.484375 0.95625 0.015625 0.034375 
0 0.50078125 0.96015625 0.0140625 0.0328125 
0 0.58203125 0.72890625 0.0265625 0.0328125 
0 0.7640625 0.2875 0.034375 0.021875 
0 0.6671875 0.346875 0.021875 0.0375 
0 0.6640625 0.21953125 0.01875 0.0359375 
0 0.584375 0.24609375 0.034375 0.0390625 
0 0.55390625 0.215625 0.0359375 0.03125 
0 0.7671875 0.11796875 0.015625 0.0328125 
0 0.78203125 0.12109375 0.0171875 0.0328125 
0 0.79765625 0.12109375 0.0140625 0.0296875 
0 0.81640625 0.0859375 0.0140625 0.03125 
0 0.39921875 0.953125 0.0171875 0.034375 
0 0.46796875 0.1046875 0.0359375 0.034375 
1 0.425 0.59765625 0.01875 0.0609375 
1 0.446875 0.59921875 0.01875 0.0640625 
1 0.465625 0.6015625 0.01875 0.0625 
1 0.4875 0.6015625 0.01875 0.059375 
1 0.5078125 0.60625 0.01875 0.059375 
1 0.5296875 0.6078125 0.015625 0.059375 
1 0.5484375 0.6109375 0.015625 0.059375 
1 0.56875 0.61015625 0.01875 0.0609375 
1 0.5890625 0.61171875 0.015625 0.0640625 
1 0.609375 0.61171875 0.01875 0.0609375 
1 0.63046875 0.6171875 0.0171875 0.059375 
1 0.65078125 0.61875 0.0171875 0.0625 
0 0.6921875 0.4140625 0.040625 0.025 
0 0.84609375 0.0890625 0.0140625 0.028125 
0 0.878125 0.08984375 0.015625 0.0296875 
0 0.9078125 0.0953125 0.015625 0.03125 
0 0.7546875 0.084375 0.015625 0.03125 
0 0.6625 0.06953125 0.0125 0.0328125 
0 0.73828125 0.08125 0.0140625 0.034375 
0 0.72265625 0.07890625 0.0140625 0.0296875 
0 0.709375 0.08125 0.01875 0.03125 
0 0.675 0.10859375 0.01875 0.0359375 
0 0.69140625 0.07109375 0.0171875 0.0359375 
0 0.64453125 0.103125 0.0140625 0.034375 
0 0.63125 0.071875 0.01875 0.0375 
0 0.60234375 0.0640625 0.0140625 0.03125 
0 0.69609375 0.01171875 0.0140625 0.0203125 
0 0.74375 0.0125 0.01875 0.021875 
0 0.759375 0.01328125 0.015625 0.0234375 
1 0.4046875 0.59609375 0.01875 0.0640625 
1 0.38359375 0.59375 0.0203125 0.0625 
1 0.36484375 0.59296875 0.0203125 0.0640625 
1 0.2828125 0.271875 0.021875 0.0625 
1 0.153125 0.27890625 0.059375 0.0203125 
1 0.15078125 0.31953125 0.0609375 0.0203125 
1 0.1484375 0.3390625 0.059375 0.01875 
1 0.14765625 0.36328125 0.0578125 0.0234375 
1 0.1453125 0.3828125 0.059375 0.01875 
1 0.140625 0.4234375 0.059375 0.021875 
1 0.1375 0.44375 0.0625 0.025 
1 0.134375 0.5046875 0.0625 0.021875 
1 0.1359375 0.48515625 0.059375 0.0171875 
1 0.3078125 0.20234375 0.021875 0.0640625 
1 0.33203125 0.20546875 0.0171875 0.0640625 
1 0.35078125 0.20625 0.0203125 0.0625 
1 0.36953125 0.2078125 0.0203125 0.0625 
1 0.39296875 0.20859375 0.0203125 0.0609375 
1 0.4125 0.21171875 0.01875 0.0609375 
1 0.1625 0.2203125 0.059375 0.040625 
1 0.1734375 0.20078125 0.059375 0.0421875 
1 0.1953125 0.165625 0.0625 0.04375 
1 0.20390625 0.14765625 0.0609375 0.0421875 
1 0.2625 0.0390625 0.0625 0.046875 
1 0.25546875 0.0578125 0.0609375 0.040625 
1 0.24375 0.075 0.0625 0.04375 
1 0.2140625 0.12890625 0.059375 0.0421875 
1 0.43203125 0.215625 0.0171875 0.059375 
1 0.30390625 0.27109375 0.0140625 0.0515625 
1 0.34375 0.584375 0.01875 0.05 
1 0.325 0.27265625 0.01875 0.0546875 
1 0.3953125 0.4734375 0.021875 0.065625 
1 0.4359375 0.475 0.01875 0.0625 
1 0.45625 0.4765625 0.01875 0.0625 
1 0.47734375 0.47734375 0.0171875 0.0640625 
1 0.55 0.478125 0.01875 0.0625 
1 0.5703125 0.47578125 0.01875 0.0609375 
1 0.5921875 0.47734375 0.01875 0.0640625 
1 0.178125 0.57734375 0.021875 0.0609375 
1 0.19921875 0.5796875 0.0203125 0.059375 
1 0.2203125 0.58046875 0.021875 0.0609375 
1 0.24140625 0.58359375 0.0234375 0.0609375 
1 0.26171875 0.58515625 0.0203125 0.0609375 
1 0.28125 0.5875 0.01875 0.0625 
1 0.30234375 0.5875 0.0171875 0.0625 
1 0.32265625 0.58984375 0.0171875 0.0609375 
1 0.37578125 0.4703125 0.0203125 0.0625 
1 0.334375 0.465625 0.021875 0.0625 
1 0.31484375 0.46484375 0.0203125 0.0609375 
1 0.3796875 0.40234375 0.01875 0.0546875 
1 0.3453125 0.27578125 0.01875 0.0546875 
1 0.25703125 0.3890625 0.0203125 0.065625 
1 0.278125 0.38984375 0.01875 0.0640625 
1 0.296875 0.39140625 0.01875 0.0640625 
1 0.31875 0.39453125 0.021875 0.0640625 
1 0.359375 0.4015625 0.01875 0.053125 
1 0.4 0.40390625 0.01875 0.0546875 
1 0.29453125 0.4625 0.0203125 0.065625 
1 0.42109375 0.40625 0.0171875 0.053125 
1 0.440625 0.40390625 0.01875 0.0671875 
1 0.46171875 0.40546875 0.0203125 0.0640625 
1 0.4828125 0.40859375 0.021875 0.0671875 
1 0.25 0.459375 0.021875 0.065625 
1 0.27265625 0.46015625 0.0171875 0.0640625 
