1 0.4265625 0.06328125 0.0375 0.0640625 
0 0.44453125 0.35 0.0296875 0.0125 
0 0.9578125 0.6671875 0.01875 0.03125 
0 0.56484375 0.34765625 0.0296875 0.0171875 
0 0.7859375 0.3375 0.03125 0.015625 
0 0.88203125 0.33828125 0.0265625 0.0140625 
0 0.21640625 0.4109375 0.0296875 0.025 
0 0.2359375 0.421875 0.028125 0.025 
0 0.24765625 0.44140625 0.0296875 0.0234375 
0 0.775 0.73984375 0.015625 0.0359375 
0 0.8953125 0.79609375 0.015625 0.0296875 
0 0.909375 0.79609375 0.0125 0.0328125 
0 0.95546875 0.74453125 0.0171875 0.0296875 
0 0.0265625 0.05859375 0.01875 0.0296875 
0 0.11796875 0.11171875 0.0203125 0.0328125 
0 0.23359375 0.146875 0.0140625 0.040625 
