1 0.99453125 0.4578125 0.0109375 0.015625 
1 0.85703125 0.54375 0.0140625 0.015625 
1 0.9078125 0.5125 0.0125 0.01875 
1 0.9203125 0.5046875 0.015625 0.01875 
1 0.90078125 0.51484375 0.0109375 0.0171875 
1 0.89375 0.52109375 0.009375 0.0171875 
1 0.88515625 0.52734375 0.0140625 0.0171875 
0 0.01953125 0.9109375 0.0171875 0.0125 
0 0.4984375 0.75078125 0.015625 0.0171875 
0 0.5265625 0.7875 0.0125 0.015625 
0 0.53515625 0.79921875 0.0140625 0.0171875 
0 0.5625 0.778125 0.0125 0.0125 
0 0.546875 0.76953125 0.015625 0.0171875 
0 0.5609375 0.82265625 0.015625 0.0171875 
0 0.56875 0.81796875 0.015625 0.0171875 
0 0.55390625 0.82734375 0.0140625 0.0171875 
0 0.5484375 0.83203125 0.0125 0.0171875 
0 0.540625 0.83515625 0.0125 0.0140625 
0 0.52890625 0.96015625 0.0203125 0.0171875 
0 0.49375 0.98359375 0.015625 0.0140625 
0 0.47890625 0.96640625 0.0140625 0.0140625 
0 0.4734375 0.96015625 0.015625 0.0140625 
0 0.4328125 0.80859375 0.015625 0.0109375 
0 0.4296875 0.80078125 0.01875 0.0140625 
0 0.3890625 0.81171875 0.015625 0.0140625 
0 0.3953125 0.81796875 0.015625 0.0140625 
0 0.396875 0.825 0.015625 0.0125 
0 0.48125 0.78203125 0.015625 0.0171875 
0 0.51953125 0.7421875 0.0140625 0.015625 
0 0.52734375 0.7359375 0.0140625 0.01875 
0 0.603125 0.6875 0.0125 0.015625 
0 0.67734375 0.64140625 0.0140625 0.0171875 
0 0.67109375 0.646875 0.0140625 0.015625 
0 0.665625 0.65234375 0.0125 0.0171875 
0 0.659375 0.65625 0.0125 0.015625 
0 0.6515625 0.6609375 0.015625 0.01875 
0 0.6453125 0.66328125 0.0125 0.0140625 
0 0.63828125 0.66796875 0.0140625 0.0171875 
0 0.62421875 0.678125 0.0140625 0.015625 
0 0.596875 0.69453125 0.015625 0.0171875 
0 0.534375 0.73125 0.015625 0.015625 
0 0.58203125 0.70234375 0.0140625 0.0171875 
0 0.5953125 0.5609375 0.015625 0.015625 
0 0.58515625 0.56875 0.0171875 0.0125 
0 0.578125 0.57734375 0.01875 0.0140625 
0 0.56640625 0.5859375 0.0203125 0.0125 
0 0.5421875 0.6 0.021875 0.0125 
0 0.55390625 0.71875 0.0140625 0.01875 
0 0.53984375 0.725 0.0140625 0.015625 
0 0.0375 0.90234375 0.01875 0.0140625 
0 0.05625 0.76484375 0.01875 0.0171875 
0 0.1640625 0.728125 0.0125 0.015625 
1 0.98828125 0.03359375 0.0234375 0.0453125 
1 0.92734375 0.071875 0.0296875 0.040625 
1 0.89765625 0.0953125 0.0328125 0.04375 
1 0.84375 0.1265625 0.034375 0.046875 
1 0.8125 0.14765625 0.034375 0.0453125 
1 0.6875 0.22578125 0.034375 0.0453125 
1 0.5328125 0.5078125 0.05625 0.01875 
1 0.4703125 0.540625 0.059375 0.025 
1 0.45859375 0.55078125 0.0546875 0.0203125 
1 0.45859375 0.5734375 0.0390625 0.0125 
1 0.27421875 0.50703125 0.0640625 0.0265625 
1 0.2609375 0.51640625 0.05 0.0234375 
1 0.2484375 0.52578125 0.05625 0.0265625 
0 0.05390625 0.53359375 0.0140625 0.0203125 
0 0.15390625 0.73046875 0.0109375 0.0140625 
0 0.0171875 0.59140625 0.0125 0.0171875 
1 0.1421875 0.64296875 0.021875 0.0296875 
1 0.02890625 0.61640625 0.0203125 0.0296875 
1 0.040625 0.615625 0.01875 0.028125 
1 0.0703125 0.60390625 0.021875 0.0296875 
0 0.040625 0.5765625 0.0125 0.01875 
0 0.04609375 0.53828125 0.0140625 0.0171875 
0 0.121875 0.51796875 0.01875 0.0265625 
0 0.6859375 0.6390625 0.0125 0.015625 
0 0.6921875 0.63359375 0.015625 0.0171875 
0 0.70078125 0.63125 0.0140625 0.015625 
0 0.77265625 0.6171875 0.0203125 0.015625 
0 0.97578125 0.84375 0.0203125 0.01875 
0 0.96015625 0.85390625 0.0203125 0.0171875 
0 0.9375 0.87578125 0.01875 0.0171875 
0 0.92421875 0.88828125 0.0171875 0.0171875 
0 0.9109375 0.90234375 0.01875 0.0171875 
0 0.9421875 0.91640625 0.01875 0.0203125 
0 0.9125 0.93125 0.015625 0.01875 
0 0.8671875 0.959375 0.015625 0.01875 
0 0.82734375 0.9859375 0.0171875 0.021875 
0 0.82578125 0.9640625 0.0203125 0.025 
0 0.784375 0.9078125 0.015625 0.01875 
0 0.66640625 0.94453125 0.0203125 0.0140625 
0 0.6609375 0.93515625 0.01875 0.0171875 
0 0.72734375 0.72265625 0.0140625 0.0171875 
0 0.75390625 0.70703125 0.0140625 0.0203125 
0 0.76328125 0.70234375 0.0140625 0.0203125 
0 0.70078125 0.740625 0.0140625 0.01875 
0 0.69140625 0.7453125 0.0140625 0.01875 
0 0.67890625 0.75234375 0.0140625 0.0171875 
0 0.99140625 0.83046875 0.0171875 0.0171875 
0 0.990625 0.79296875 0.01875 0.0171875 
0 0.97421875 0.80390625 0.0203125 0.0171875 
0 0.93671875 0.54296875 0.0140625 0.0171875 
0 0.99375 0.5046875 0.0125 0.015625 
0 0.91953125 0.55390625 0.0109375 0.0203125 
0 0.95625 0.81640625 0.01875 0.0171875 
0 0.91171875 0.55703125 0.0078125 0.0171875 
0 0.90703125 0.559375 0.0140625 0.015625 
0 0.89921875 0.56484375 0.0140625 0.0140625 
0 0.89296875 0.56796875 0.0140625 0.0171875 
0 0.8859375 0.5734375 0.0125 0.01875 
0 0.878125 0.57734375 0.015625 0.0203125 
0 0.73671875 0.834375 0.0140625 0.0125 
0 0.65859375 0.76484375 0.0140625 0.0171875 
0 0.65078125 0.76796875 0.0140625 0.0171875 
0 0.75 0.66640625 0.015625 0.0171875 
0 0.69296875 0.68046875 0.0140625 0.0203125 
0 0.68046875 0.70703125 0.0140625 0.0171875 
0 0.68671875 0.70234375 0.0140625 0.0171875 
0 0.69453125 0.6984375 0.0140625 0.01875 
0 0.70625 0.68828125 0.0125 0.0171875 
0 0.71484375 0.6875 0.0171875 0.01875 
0 0.728125 0.6765625 0.0125 0.015625 
0 0.75859375 0.66171875 0.0140625 0.0203125 
0 0.70703125 0.67265625 0.0140625 0.0171875 
0 0.67265625 0.69375 0.0140625 0.01875 
0 0.7140625 0.66796875 0.015625 0.0171875 
0 0.72578125 0.65859375 0.0140625 0.0171875 
0 0.734375 0.653125 0.0125 0.015625 
0 0.740625 0.65078125 0.0125 0.0171875 
0 0.74921875 0.6453125 0.0140625 0.01875 
0 0.79765625 0.65234375 0.0140625 0.0140625 
0 0.78515625 0.640625 0.0203125 0.015625 
0 0.77890625 0.6234375 0.0140625 0.0125 
0 0.6796875 0.68984375 0.0125 0.0171875 
0 0.66484375 0.6984375 0.0140625 0.01875 
0 0.6453125 0.775 0.0125 0.015625 
0 0.60859375 0.7296875 0.0140625 0.01875 
0 0.6375 0.77890625 0.0125 0.0171875 
0 0.63125 0.7828125 0.0125 0.015625 
0 0.6234375 0.7859375 0.015625 0.015625 
0 0.603125 0.79765625 0.015625 0.0171875 
0 0.58046875 0.81015625 0.0109375 0.0140625 
0 0.57578125 0.76953125 0.0140625 0.0203125 
0 0.58828125 0.74296875 0.0140625 0.0171875 
0 0.60234375 0.734375 0.0140625 0.01875 
0 0.6140625 0.72421875 0.015625 0.0203125 
0 0.65859375 0.70234375 0.0140625 0.0171875 
0 0.63125 0.73671875 0.015625 0.0203125 
0 0.63046875 0.71796875 0.0140625 0.0171875 
0 0.6390625 0.73203125 0.0125 0.0171875 
0 0.6375 0.7140625 0.0125 0.01875 
0 0.64609375 0.728125 0.0140625 0.015625 
0 0.6421875 0.70859375 0.0125 0.0171875 
0 0.66015625 0.72109375 0.0140625 0.0171875 
0 0.665625 0.715625 0.0125 0.015625 
1 0.23984375 0.5390625 0.0578125 0.025 
