1 0.58125 0.0921875 0.01875 0.06875 
1 0.60234375 0.0921875 0.0234375 0.06875 
1 0.6234375 0.09453125 0.01875 0.0703125 
1 0.64609375 0.09609375 0.0234375 0.0703125 
1 0.7078125 0.1015625 0.01875 0.06875 
1 0.73125 0.10234375 0.015625 0.0671875 
1 0.75390625 0.10078125 0.0203125 0.0703125 
1 0.7765625 0.10390625 0.01875 0.0703125 
1 0.79609375 0.10546875 0.0171875 0.0671875 
1 0.83984375 0.10625 0.0171875 0.06875 
1 0.8640625 0.11015625 0.015625 0.0703125 
1 0.85234375 0.00546875 0.0484375 0.0078125 
1 0.515625 0.08671875 0.025 0.0671875 
1 0.47265625 0.08359375 0.0171875 0.0703125 
1 0.45078125 0.0828125 0.0234375 0.06875 
1 0.42734375 0.0796875 0.0171875 0.06875 
1 0.14296875 0.05703125 0.0203125 0.0703125 
1 0.27421875 0.06953125 0.0234375 0.0671875 
1 0.296875 0.0703125 0.01875 0.06875 
1 0.31796875 0.071875 0.0171875 0.06875 
1 0.33984375 0.071875 0.0171875 0.06875 
1 0.384375 0.07421875 0.01875 0.0703125 
1 0.56015625 0.09140625 0.0234375 0.0671875 
1 0.82109375 0.10546875 0.0171875 0.0734375 
1 0.06328125 0.26015625 0.0203125 0.0703125 
1 0.0828125 0.26015625 0.01875 0.0703125 
1 0.1015625 0.26171875 0.015625 0.0671875 
1 0.12265625 0.26171875 0.0203125 0.0671875 
1 0.1421875 0.2625 0.015625 0.065625 
1 0.15859375 0.26328125 0.0171875 0.0640625 
1 0.19765625 0.265625 0.0171875 0.06875 
1 0.2171875 0.2640625 0.015625 0.05625 
1 0.25546875 0.26953125 0.0140625 0.0703125 
1 0.2765625 0.2734375 0.015625 0.065625 
1 0.296875 0.27578125 0.01875 0.0703125 
1 0.31640625 0.27890625 0.0171875 0.0703125 
1 0.05625 0.365625 0.01875 0.071875 
1 0.07734375 0.3703125 0.0171875 0.071875 
1 0.096875 0.37109375 0.01875 0.0671875 
1 0.11875 0.36796875 0.021875 0.0703125 
1 0.1515625 0.36328125 0.015625 0.0578125 
1 0.175 0.371875 0.01875 0.059375 
1 0.196875 0.3671875 0.015625 0.06875 
1 0.26328125 0.3578125 0.0171875 0.06875 
1 0.29140625 0.359375 0.0234375 0.071875 
1 0.31328125 0.359375 0.0171875 0.071875 
1 0.01328125 0.3046875 0.0234375 0.04375 
1 0.00625 0.33515625 0.009375 0.0421875 
1 0.0109375 0.35546875 0.01875 0.0453125 
0 0.421875 0.5734375 0.034375 0.03125 
0 0.16328125 0.7734375 0.0265625 0.0125 
0 0.115625 0.7953125 0.021875 0.0375 
0 0.1109375 0.83046875 0.021875 0.0328125 
0 0.10703125 0.86484375 0.0171875 0.0328125 
0 0.25234375 0.9265625 0.0328125 0.015625 
0 0.2484375 0.96171875 0.034375 0.0203125 
0 0.5671875 0.94765625 0.028125 0.0171875 
0 0.8234375 0.95625 0.01875 0.034375 
