1 0.23984375 0.890625 0.1203125 0.01875 
1 0.2515625 0.67734375 0.115625 0.0234375 
1 0.25234375 0.6203125 0.1140625 0.01875 
1 0.26640625 0.5015625 0.0828125 0.01875 
1 0.753125 0.475 0.13125 0.021875 
1 0.7671875 0.35 0.121875 0.021875 
1 0.63125 0.353125 0.128125 0.025 
1 0.76640625 0.3046875 0.1296875 0.021875 
1 0.62890625 0.309375 0.1265625 0.01875 
1 0.3640625 0.346875 0.128125 0.01875 
1 0.36796875 0.321875 0.1359375 0.015625 
1 0.37109375 0.25546875 0.1234375 0.0171875 
1 0.375 0.23125 0.13125 0.01875 
1 0.1875 0.2890625 0.025 0.125 
1 0.1609375 0.29296875 0.028125 0.1171875 
