1 0.04609375 0.21953125 0.0328125 0.0171875 
0 0.12421875 0.22109375 0.0359375 0.0203125 
0 0.1796875 0.265625 0.01875 0.03125 
0 0.24453125 0.26796875 0.0171875 0.0328125 
0 0.39453125 0.22578125 0.0296875 0.0171875 
0 0.4328125 0.228125 0.03125 0.015625 
0 0.58046875 0.2046875 0.0390625 0.028125 
0 0.53671875 0.2 0.0296875 0.01875 
0 0.534375 0.178125 0.03125 0.021875 
0 0.49609375 0.1703125 0.0265625 0.025 
0 0.4609375 0.1609375 0.034375 0.028125 
0 0.4296875 0.14921875 0.028125 0.0171875 
0 0.43203125 0.1015625 0.0359375 0.034375 
0 0.4265625 0.04921875 0.034375 0.0265625 
0 0.26328125 0.02734375 0.0171875 0.0328125 
0 0.7296875 0.0484375 0.01875 0.034375 
0 0.84765625 0.05 0.0140625 0.03125 
0 0.61484375 0.7515625 0.0359375 0.01875 
0 0.94609375 0.99296875 0.0328125 0.0140625 
0 0.94609375 0.96171875 0.0328125 0.0171875 
0 0.2953125 0.0265625 0.015625 0.03125 
0 0.28046875 0.025 0.0140625 0.03125 
0 0.24921875 0.021875 0.0171875 0.03125 
1 0.01328125 0.215625 0.0234375 0.015625 
