0 0.11796875 0.17734375 0.0359375 0.0328125 
0 0.18984375 0.16328125 0.0296875 0.0296875 
0 0.01640625 0.165625 0.0328125 0.03125 
0 0.02421875 0.12578125 0.0359375 0.0328125 
0 0.059375 0.12890625 0.03125 0.0265625 
0 0.96328125 0.96328125 0.0328125 0.0390625 
0 0.25078125 0.090625 0.0359375 0.034375 
0 0.55859375 0.121875 0.0359375 0.034375 
0 0.58359375 0.0875 0.0328125 0.034375 
0 0.67421875 0.07109375 0.0296875 0.0328125 
0 0.69765625 0.0421875 0.0328125 0.034375 
0 0.8390625 0.1765625 0.040625 0.0375 
0 0.96484375 0.43515625 0.0265625 0.0328125 
0 0.96796875 0.51328125 0.0359375 0.0421875 
0 0.84453125 0.5890625 0.0296875 0.034375 
0 0.90390625 0.59921875 0.0296875 0.0328125 
0 0.87734375 0.63359375 0.0328125 0.0421875 
0 0.81796875 0.621875 0.0328125 0.0375 
0 0.85390625 0.66171875 0.0328125 0.0359375 
0 0.71953125 0.759375 0.0328125 0.028125 
0 0.79140625 0.85546875 0.0296875 0.0328125 
0 0.81328125 0.8546875 0.0296875 0.03125 
0 0.7921875 0.87890625 0.03125 0.0296875 
0 0.9203125 0.80234375 0.034375 0.0296875 
0 0.94921875 0.82421875 0.0328125 0.0328125 
0 0.88359375 0.99140625 0.0328125 0.0171875 
0 0.92890625 0.94375 0.0328125 0.040625 
0 0.9453125 0.95390625 0.034375 0.0359375 
0 0.2765625 0.296875 0.03125 0.028125 
0 0.66796875 0.509375 0.0328125 0.03125 
0 0.70078125 0.35625 0.0359375 0.03125 
0 0.6296875 0.63984375 0.03125 0.0296875 
0 0.59296875 0.61171875 0.0328125 0.0328125 
0 0.4375 0.27734375 0.03125 0.0328125 
0 0.46640625 0.240625 0.0296875 0.034375 
0 0.54609375 0.2390625 0.0296875 0.034375 
