1 0.70234375 0.98984375 0.0328125 0.0171875 
0 0.99296875 0.6171875 0.0140625 0.03125 
0 0.84765625 0.9671875 0.0328125 0.015625 
0 0.053125 0.73515625 0.034375 0.0265625 
0 0.88203125 0.9609375 0.0359375 0.01875 
0 0.96171875 0.784375 0.0203125 0.03125 
0 0.9515625 0.74609375 0.01875 0.0359375 
0 0.903125 0.725 0.01875 0.03125 
0 0.93515625 0.8921875 0.0171875 0.03125 
1 0.7625 0.72109375 0.053125 0.0390625 
0 0.48515625 0.975 0.0203125 0.034375 
0 0.85390625 0.6390625 0.0328125 0.025 
0 0.79609375 0.66953125 0.0296875 0.0265625 
0 0.06796875 0.7703125 0.0234375 0.03125 
0 0.0359375 0.79140625 0.01875 0.0296875 
0 0.05625 0.778125 0.028125 0.034375 
