0 0.84140625 0.93671875 0.0078125 0.0171875 
0 0.8328125 0.94375 0.00625 0.015625 
0 0.82578125 0.93515625 0.0078125 0.0171875 
0 0.17578125 0.03984375 0.0203125 0.0140625 
0 0.13203125 0.1140625 0.0203125 0.00625 
0 0.128125 0.35078125 0.015625 0.0078125 
0 0.12890625 0.41015625 0.0140625 0.0078125 
0 0.13515625 0.63203125 0.0140625 0.0109375 
0 0.1359375 0.75234375 0.015625 0.0078125 
0 0.8109375 0.91484375 0.009375 0.0171875 
0 0.81796875 0.93671875 0.0078125 0.0171875 
0 0.80390625 0.93671875 0.0078125 0.0140625 
