0 0.178125 0.85234375 0.01875 0.0109375 
0 0.31171875 0.85390625 0.0171875 0.0078125 
0 0.1890625 0.8109375 0.01875 0.009375 
0 0.49921875 0.87578125 0.0203125 0.0109375 
0 0.234375 0.3390625 0.015625 0.01875 
0 0.22578125 0.3421875 0.0140625 0.015625 
0 0.21796875 0.34765625 0.0140625 0.0171875 
0 0.3203125 0.40625 0.01875 0.009375 
0 0.328125 0.39453125 0.01875 0.0109375 
0 0.325 0.378125 0.01875 0.00625 
0 0.32578125 0.3453125 0.0203125 0.009375 
0 0.33671875 0.32890625 0.0203125 0.0109375 
0 0.3375 0.3171875 0.015625 0.009375 
0 0.03515625 0.87265625 0.0171875 0.0109375 
0 0.33671875 0.30625 0.0171875 0.009375 
0 0.34609375 0.29609375 0.0234375 0.0109375 
0 0.32890625 0.35390625 0.0171875 0.0109375 
0 0.29375 0.03125 0.0125 0.015625 
0 0.2921875 0.08671875 0.0125 0.0203125 
0 0.28359375 0.08203125 0.0171875 0.0203125 
0 0.275 0.07734375 0.0125 0.0234375 
0 0.328125 0.0484375 0.009375 0.015625 
0 0.315625 0.0453125 0.0125 0.015625 
0 0.3078125 0.0421875 0.0125 0.015625 
0 0.284375 0.03046875 0.0125 0.0171875 
0 0.3078125 0.02109375 0.0125 0.0171875 
0 0.29921875 0.01796875 0.0109375 0.0140625 
0 0.33203125 0.03125 0.0109375 0.015625 
0 0.34375 0.03125 0.009375 0.0125 
0 0.3078125 0.09296875 0.0125 0.0171875 
0 0.32734375 0.36484375 0.0171875 0.0109375 
0 0.590625 0.82734375 0.015625 0.0078125 
0 0.85625 0.88125 0.01875 0.009375 
0 0.9515625 0.8734375 0.015625 0.009375 
