0 0.16875 0.6953125 0.00625 0.015625 
0 0.17890625 0.7015625 0.0078125 0.015625 
0 0.16953125 0.71015625 0.0078125 0.0140625 
0 0.15078125 0.84140625 0.0109375 0.0171875 
0 0.14375 0.87734375 0.009375 0.0140625 
0 0.1265625 0.9046875 0.009375 0.015625 
0 0.1421875 0.915625 0.009375 0.0125 
0 0.11796875 0.9859375 0.0109375 0.021875 
0 0.0328125 0.9484375 0.015625 0.01875 
0 0.01875 0.97109375 0.015625 0.0109375 
0 0.14921875 0.625 0.0171875 0.009375 
0 0.5859375 0.0421875 0.015625 0.009375 
0 0.15234375 0.10390625 0.0078125 0.0171875 
0 0.12265625 0.11328125 0.0078125 0.0171875 
0 0.0921875 0.05234375 0.021875 0.0171875 
0 0.08671875 0.06015625 0.0203125 0.0140625 
0 0.0828125 0.0671875 0.01875 0.0125 
0 0.08203125 0.07578125 0.0203125 0.0140625 
0 0.07890625 0.08203125 0.0171875 0.0109375 
0 0.0265625 0.0953125 0.015625 0.0125 
0 0.0234375 0.10390625 0.015625 0.0109375 
0 0.04765625 0.1046875 0.0140625 0.01875 
1 0.10234375 0.1 0.0109375 0.021875 
0 0.12109375 0.09140625 0.0078125 0.0171875 
0 0.115625 0.1375 0.00625 0.015625 
0 0.15546875 0.1640625 0.0078125 0.015625 
0 0.109375 0.14375 0.00625 0.015625 
0 0.1015625 0.1453125 0.00625 0.01875 
0 0.0859375 0.14921875 0.009375 0.0171875 
0 0.128125 0.19375 0.009375 0.015625 
0 0.12890625 0.21171875 0.0078125 0.0171875 
0 0.13046875 0.2296875 0.0078125 0.01875 
0 0.1328125 0.28515625 0.00625 0.0171875 
0 0.134375 0.3015625 0.009375 0.015625 
0 0.1140625 0.2859375 0.009375 0.01875 
0 0.159375 0.23671875 0.009375 0.0203125 
0 0.15625 0.18359375 0.009375 0.0171875 
0 0.91015625 0.8609375 0.0078125 0.01875 
0 0.9265625 0.859375 0.009375 0.01875 
0 0.93671875 0.86015625 0.0078125 0.0171875 
0 0.31640625 0.63671875 0.0140625 0.0078125 
0 0.48359375 0.6234375 0.0140625 0.00625 
0 0.48125 0.63359375 0.01875 0.0109375 
0 0.89765625 0.7 0.0078125 0.015625 
0 0.8640625 0.6328125 0.015625 0.00625 
0 0.928125 0.63515625 0.015625 0.0078125 
0 0.990625 0.63515625 0.01875 0.0078125 
