0 0.30859375 0.46953125 0.0171875 0.0171875 
0 0.32265625 0.459375 0.0171875 0.01875 
0 0.38984375 0.0171875 0.0078125 0.01875 
0 0.40625 0.015625 0.009375 0.01875 
0 0.41640625 0.01640625 0.0078125 0.0171875 
0 0.53515625 0.05859375 0.0078125 0.0171875 
0 0.54375 0.059375 0.009375 0.015625 
0 0.55234375 0.0609375 0.0109375 0.015625 
0 0.8328125 0.934375 0.009375 0.01875 
0 0.834375 0.90234375 0.009375 0.0203125 
0 0.85078125 0.84140625 0.0078125 0.0140625 
0 0.85859375 0.8421875 0.0078125 0.01875 
0 0.865625 0.84296875 0.00625 0.0171875 
0 0.8734375 0.84140625 0.009375 0.0171875 
0 0.96015625 0.1796875 0.0140625 0.009375 
0 0.94375 0.6171875 0.009375 0.015625 
0 0.928125 0.61640625 0.009375 0.0234375 
0 0.94453125 0.5046875 0.0078125 0.021875 
0 0.93671875 0.50625 0.0078125 0.01875 
0 0.6953125 0.31015625 0.021875 0.0109375 
0 0.73125 0.31171875 0.025 0.0109375 
0 0.678125 0.32734375 0.021875 0.0171875 
0 0.89453125 0.83125 0.0078125 0.021875 
0 0.83984375 0.740625 0.0078125 0.015625 
0 0.9109375 0.83046875 0.015625 0.0171875 
0 0.92890625 0.84296875 0.0078125 0.0140625 
0 0.93671875 0.8421875 0.0078125 0.01875 
0 0.95859375 0.84375 0.0078125 0.015625 
0 0.97265625 0.84375 0.0078125 0.015625 
0 0.9 0.765625 0.015625 0.01875 
0 0.9140625 0.765625 0.015625 0.01875 
0 0.9234375 0.76640625 0.0125 0.0171875 
0 0.928125 0.765625 0.0125 0.015625 
0 0.9359375 0.765625 0.0125 0.015625 
0 0.96328125 0.759375 0.0203125 0.015625 
0 0.84609375 0.74140625 0.0078125 0.0140625 
0 0.96171875 0.51015625 0.0078125 0.0171875 
0 0.83984375 0.71484375 0.0078125 0.0171875 
0 0.97578125 0.71796875 0.0078125 0.0171875 
0 0.9671875 0.7015625 0.009375 0.01875 
0 0.97421875 0.70078125 0.0078125 0.0171875 
0 0.89375 0.61640625 0.00625 0.0140625 
0 0.90390625 0.61640625 0.0078125 0.0171875 
0 0.96328125 0.61640625 0.0109375 0.0171875 
0 0.8609375 0.5609375 0.009375 0.01875 
0 0.8609375 0.5234375 0.00625 0.015625 
0 0.88984375 0.5046875 0.0109375 0.021875 
0 0.95390625 0.51015625 0.0078125 0.0171875 
0 0.7015625 0.10078125 0.009375 0.0171875 
0 0.70390625 0.071875 0.0078125 0.021875 
0 0.69140625 0.06875 0.0078125 0.01875 
0 0.69140625 0.0953125 0.0078125 0.015625 
0 0.71328125 0.825 0.0140625 0.00625 
0 0.715625 0.8546875 0.015625 0.009375 
0 0.67734375 0.871875 0.0203125 0.009375 
0 0.76953125 0.8109375 0.0171875 0.00625 
0 0.7703125 0.8171875 0.015625 0.009375 
0 0.71484375 0.81015625 0.0171875 0.0078125 
0 0.7140625 0.8171875 0.015625 0.00625 
0 0.71328125 0.796875 0.0171875 0.009375 
0 0.65703125 0.571875 0.0171875 0.015625 
0 0.81015625 0.0453125 0.0078125 0.01875 
0 0.80078125 0.27578125 0.0078125 0.0171875 
0 0.78828125 0.3625 0.0203125 0.009375 
0 0.6671875 0.3171875 0.021875 0.009375 
0 0.79609375 0.40859375 0.0171875 0.0109375 
0 0.77734375 0.484375 0.0109375 0.01875 
0 0.8234375 0.53828125 0.009375 0.0234375 
0 0.653125 0.5578125 0.015625 0.01875 
0 0.71640625 0.7796875 0.0171875 0.009375 
0 0.67890625 0.65625 0.0140625 0.009375 
0 0.6765625 0.67265625 0.015625 0.0078125 
0 0.7140625 0.69140625 0.01875 0.0109375 
0 0.6765625 0.76875 0.015625 0.009375 
0 0.67578125 0.7921875 0.0171875 0.009375 
0 0.67578125 0.80625 0.0171875 0.009375 
0 0.675 0.8140625 0.015625 0.009375 
0 0.73203125 0.6859375 0.0140625 0.009375 
0 0.73125 0.7 0.015625 0.009375 
0 0.73046875 0.70703125 0.0171875 0.0078125 
0 0.71328125 0.76796875 0.0203125 0.0078125 
