0 0.928125 0.240625 0.009375 0.01875 
0 0.9109375 0.24296875 0.009375 0.0140625 
0 0.46875 0.346875 0.009375 0.01875 
0 0.58125 0.5078125 0.021875 0.009375 
0 0.4375 0.53046875 0.028125 0.0140625 
1 0.5015625 0.65078125 0.015625 0.0265625 
0 0.8484375 0.3546875 0.0125 0.021875 
0 0.775 0.88984375 0.009375 0.0171875 
0 0.8 0.89453125 0.015625 0.0203125 
0 0.90390625 0.3015625 0.0078125 0.015625 
0 0.91875 0.3234375 0.009375 0.015625 
0 0.66875 0.7640625 0.01875 0.015625 
0 0.6796875 0.69453125 0.015625 0.0140625 
0 0.6546875 0.8078125 0.021875 0.015625 
0 0.40703125 0.77421875 0.0140625 0.0203125 
0 0.39609375 0.77265625 0.0140625 0.0203125 
0 0.3609375 0.72734375 0.015625 0.0140625 
0 0.36796875 0.7625 0.0140625 0.01875 
0 0.3078125 0.77890625 0.01875 0.0171875 
0 0.303125 0.77109375 0.01875 0.0171875 
0 0.68671875 0.6515625 0.0140625 0.0125 
1 0.45859375 0.9484375 0.0171875 0.025 
1 0.45 0.94453125 0.015625 0.0265625 
1 0.4328125 0.93828125 0.015625 0.0234375 
1 0.4546875 0.8453125 0.034375 0.025 
1 0.4859375 0.86328125 0.028125 0.0203125 
1 0.40703125 0.8953125 0.0296875 0.025 
1 0.4015625 0.8875 0.028125 0.025 
1 0.3953125 0.8796875 0.028125 0.025 
1 0.390625 0.87109375 0.028125 0.0265625 
1 0.378125 0.85625 0.028125 0.025 
1 0.37265625 0.84921875 0.0296875 0.0234375 
1 0.36875 0.8421875 0.028125 0.025 
1 0.3625 0.83515625 0.028125 0.0265625 
1 0.35703125 0.82890625 0.0265625 0.0265625 
1 0.3515625 0.8203125 0.03125 0.028125 
1 0.465625 0.95234375 0.015625 0.0234375 
1 0.47578125 0.953125 0.0140625 0.025 
1 0.4859375 0.9546875 0.015625 0.025 
1 0.528125 0.96484375 0.009375 0.0234375 
1 0.51875 0.9625 0.0125 0.021875 
1 0.50234375 0.95859375 0.0140625 0.0234375 
1 0.49296875 0.95703125 0.0140625 0.0265625 
0 0.48671875 0.35703125 0.0171875 0.0296875 
0 0.6375 0.50546875 0.021875 0.0109375 
0 0.665625 0.7734375 0.015625 0.00625 
0 0.66171875 0.78125 0.0171875 0.0125 
0 0.68828125 0.746875 0.0171875 0.0125 
0 0.88203125 0.3390625 0.0109375 0.021875 
0 0.81875 0.36171875 0.0125 0.0234375 
0 0.8703125 0.703125 0.0125 0.01875 
0 0.865625 0.728125 0.01875 0.0125 
