0 0.5375 0.153125 0.0125 0.015625 
0 0.51328125 0.1484375 0.0109375 0.015625 
0 0.3515625 0.3515625 0.025 0.0125 
0 0.0296875 0.4015625 0.01875 0.015625 
0 0.07734375 0.5078125 0.0109375 0.01875 
0 0.06484375 0.428125 0.0140625 0.01875 
0 0.06484375 0.475 0.0203125 0.015625 
0 0.06015625 0.48359375 0.0171875 0.0109375 
0 0.028125 0.49375 0.0125 0.01875 
0 0.0203125 0.49140625 0.0125 0.0203125 
0 0.06796875 0.5046875 0.0109375 0.015625 
0 0.44609375 0.6390625 0.0203125 0.0125 
0 0.44140625 0.615625 0.0140625 0.01875 
0 0.46953125 0.6328125 0.0171875 0.015625 
