0 0.584375 0.06953125 0.015625 0.0171875 
0 0.5453125 0.0390625 0.01875 0.015625 
0 0.4234375 0.04921875 0.0125 0.0140625 
0 0.4078125 0.0390625 0.015625 0.0125 
0 0.46640625 0.0890625 0.0140625 0.015625 
0 0.48125 0.1 0.01875 0.01875 
0 0.52421875 0.1234375 0.0109375 0.015625 
0 0.553125 0.1515625 0.015625 0.021875 
0 0.60859375 0.08828125 0.0140625 0.0140625 
0 0.71796875 0.184375 0.0140625 0.015625 
0 0.73125 0.30859375 0.0125 0.0171875 
0 0.7546875 0.32578125 0.015625 0.0203125 
0 0.21328125 0.6875 0.0203125 0.021875 
0 0.0421875 0.89140625 0.015625 0.0078125 
0 0.07578125 0.87578125 0.0203125 0.0109375 
0 0.1125 0.94296875 0.01875 0.0109375 
0 0.11171875 0.96796875 0.0203125 0.0109375 
0 0.77421875 0.3515625 0.0140625 0.01875 
0 0.7921875 0.3703125 0.0125 0.01875 
0 0.80546875 0.38046875 0.0171875 0.0171875 
0 0.81953125 0.390625 0.0171875 0.021875 
0 0.90390625 0.45703125 0.0203125 0.0203125 
0 0.20390625 0.140625 0.0171875 0.015625 
