1 0.6328125 0.4234375 0.1375 0.034375 
1 0.6375 0.38203125 0.1375 0.0328125 
1 0.640625 0.33671875 0.1375 0.0359375 
1 0.64296875 0.296875 0.1359375 0.03125 
1 0.64921875 0.25234375 0.1359375 0.0328125 
1 0.65234375 0.21015625 0.1390625 0.0328125 
1 0.65625 0.16875 0.1375 0.0375 
1 0.6578125 0.12890625 0.134375 0.0328125 
1 0.6609375 0.08359375 0.1375 0.0328125 
1 0.66328125 0.04140625 0.1359375 0.0328125 
1 0.659375 0.0125 0.140625 0.021875 
1 0.39453125 0.02421875 0.1421875 0.0359375 
1 0.3921875 0.07265625 0.140625 0.0328125 
1 0.390625 0.11328125 0.140625 0.0390625 
1 0.3890625 0.15625 0.140625 0.03125 
1 0.3796875 0.61640625 0.14375 0.0328125 
1 0.3671875 0.57421875 0.140625 0.0359375 
1 0.3859375 0.19765625 0.140625 0.0359375 
1 0.37109375 0.53125 0.1421875 0.0375 
1 0.37109375 0.4890625 0.1421875 0.034375 
1 0.37109375 0.44765625 0.1328125 0.0359375 
1 0.375 0.40546875 0.140625 0.0390625 
1 0.3796875 0.3234375 0.140625 0.034375 
1 0.38125 0.28203125 0.14375 0.0421875 
1 0.77890625 0.5140625 0.1390625 0.03125 
1 0.78125 0.4703125 0.1375 0.028125 
1 0.79921875 0.17578125 0.1390625 0.0296875 
1 0.78203125 0.42578125 0.1390625 0.0390625 
1 0.78515625 0.3875 0.1390625 0.03125 
1 0.78828125 0.34609375 0.1390625 0.0359375 
1 0.79140625 0.3015625 0.1390625 0.03125 
1 0.79375 0.26015625 0.140625 0.0390625 
1 0.79609375 0.21796875 0.1390625 0.0328125 
1 0.80234375 0.134375 0.1390625 0.034375 
1 0.80703125 0.09296875 0.1390625 0.0328125 
1 0.8125 0.05 0.1375 0.034375 
1 0.81328125 0.0125 0.1390625 0.021875 
