1 0.675 0.8859375 0.1375 0.03125 
1 0.6828125 0.840625 0.1375 0.03125 
1 0.403125 0.98984375 0.140625 0.0203125 
1 0.40625 0.909375 0.140625 0.03125 
1 0.4140625 0.7859375 0.1375 0.03125 
1 0.41328125 0.74296875 0.1421875 0.0390625 
1 0.41875 0.70234375 0.140625 0.0296875 
1 0.42109375 0.65703125 0.1390625 0.0359375 
1 0.425 0.61484375 0.140625 0.0390625 
1 0.42578125 0.5734375 0.1421875 0.03125 
1 0.42734375 0.53125 0.1390625 0.034375 
1 0.43359375 0.490625 0.1390625 0.034375 
1 0.4328125 0.44921875 0.140625 0.0390625 
1 0.68203125 0.7578125 0.1390625 0.034375 
1 0.690625 0.71875 0.1375 0.0375 
1 0.69453125 0.675 0.1359375 0.03125 
1 0.6953125 0.63046875 0.1375 0.0296875 
1 0.69921875 0.5875 0.1359375 0.03125 
1 0.70078125 0.546875 0.1359375 0.034375 
0 0.9671875 0.04921875 0.040625 0.0671875 
0 0.984375 0.07421875 0.03125 0.0609375 
1 0.85859375 0.5546875 0.1390625 0.03125 
1 0.82890625 0.80625 0.1390625 0.040625 
1 0.84296875 0.7671875 0.1390625 0.034375 
1 0.8453125 0.721875 0.1375 0.040625 
1 0.8484375 0.68203125 0.1375 0.0296875 
1 0.85234375 0.63984375 0.1359375 0.0359375 
1 0.85625 0.59140625 0.1375 0.0328125 
1 0.82421875 0.890625 0.1390625 0.03125 
1 0.825 0.84765625 0.1375 0.0328125 
1 0.82265625 0.93125 0.1390625 0.034375 
1 0.8203125 0.975 0.1375 0.034375 
1 0.43515625 0.403125 0.1421875 0.040625 
