0 0.12421875 0.540625 0.0078125 0.015625 
0 0.11484375 0.540625 0.0078125 0.015625 
0 0.10078125 0.53984375 0.0078125 0.0140625 
0 0.0859375 0.5390625 0.009375 0.0125 
0 0.06171875 0.54140625 0.0078125 0.0140625 
0 0.04921875 0.5390625 0.0078125 0.0125 
0 0.03359375 0.5390625 0.0078125 0.015625 
0 0.09296875 0.57421875 0.0078125 0.0140625 
0 0.1078125 0.5734375 0.00625 0.0125 
0 0.1703125 0.5375 0.0125 0.00625 
0 0.21015625 0.61796875 0.0140625 0.0140625 
0 0.13671875 0.67734375 0.0078125 0.0140625 
0 0.209375 0.64609375 0.0125 0.0140625 
0 0.20078125 0.64609375 0.0109375 0.0140625 
0 0.1921875 0.6453125 0.0125 0.015625 
0 0.184375 0.64453125 0.0125 0.0140625 
0 0.17578125 0.64296875 0.0140625 0.0140625 
0 0.1359375 0.64140625 0.009375 0.0171875 
0 0.12265625 0.64140625 0.0078125 0.0140625 
0 0.1375 0.62421875 0.00625 0.0140625 
0 0.13046875 0.625 0.0078125 0.0125 
0 0.12109375 0.62421875 0.0078125 0.0140625 
0 0.175 0.61640625 0.0125 0.0140625 
0 0.1921875 0.61640625 0.009375 0.0140625 
0 0.2015625 0.61796875 0.0125 0.0109375 
0 0.21875 0.61796875 0.0125 0.0140625 
0 0.1703125 0.5453125 0.0125 0.00625 
0 0.05 0.6234375 0.00625 0.0125 
0 0.084375 0.59140625 0.009375 0.0140625 
0 0.09296875 0.59140625 0.0078125 0.0140625 
0 0.10703125 0.59140625 0.0078125 0.0140625 
0 0.12109375 0.5921875 0.0078125 0.015625 
0 0.1296875 0.5921875 0.00625 0.015625 
0 0.13671875 0.5921875 0.0046875 0.015625 
0 0.16953125 0.59140625 0.0140625 0.0078125 
0 0.17109375 0.584375 0.0140625 0.00625 
0 0.12265625 0.5734375 0.0046875 0.0125 
0 0.13125 0.571875 0.009375 0.015625 
0 0.16875 0.5703125 0.0125 0.00625 
0 0.16796875 0.5640625 0.0109375 0.00625 
0 0.1703125 0.55234375 0.015625 0.0078125 
0 0.01171875 0.53671875 0.0078125 0.0140625 
0 0.1390625 0.52265625 0.009375 0.0140625 
0 0.23984375 0.4875 0.0078125 0.0125 
0 0.08671875 0.4875 0.0109375 0.015625 
0 0.09609375 0.4890625 0.0078125 0.015625 
0 0.115625 0.4890625 0.009375 0.0125 
0 0.12421875 0.4890625 0.0078125 0.0125 
0 0.13125 0.4890625 0.00625 0.0125 
0 0.13828125 0.48984375 0.0078125 0.0140625 
0 0.17421875 0.48671875 0.0078125 0.0140625 
0 0.18125 0.48828125 0.00625 0.0140625 
0 0.1875 0.48828125 0.00625 0.0140625 
0 0.19453125 0.48828125 0.0078125 0.0140625 
0 0.20625 0.48984375 0.009375 0.0140625 
0 0.21328125 0.4890625 0.0078125 0.0125 
0 0.22109375 0.4890625 0.0078125 0.015625 
0 0.228125 0.48984375 0.00625 0.0140625 
0 0.246875 0.4875 0.00625 0.0125 
0 0.07109375 0.48828125 0.0078125 0.0171875 
0 0.253125 0.48671875 0.009375 0.0140625 
0 0.28125 0.48671875 0.0125 0.0078125 
0 0.28125 0.49453125 0.0125 0.0078125 
0 0.31171875 0.49375 0.0171875 0.00625 
0 0.3109375 0.4859375 0.015625 0.00625 
0 0.2796875 0.47265625 0.00625 0.0140625 
0 0.2953125 0.46484375 0.0125 0.0109375 
0 0.00546875 0.46796875 0.0078125 0.0140625 
0 0.01328125 0.46796875 0.0078125 0.0140625 
0 0.01875 0.46953125 0.00625 0.0140625 
0 0.03359375 0.47109375 0.0078125 0.0140625 
0 0.0421875 0.46953125 0.00625 0.0140625 
0 0.05078125 0.4703125 0.0078125 0.0125 
0 0.06328125 0.46953125 0.0078125 0.0140625 
0 0.07890625 0.4875 0.0078125 0.015625 
0 0.0640625 0.4875 0.00625 0.015625 
0 0.13125 0.5234375 0.00625 0.0125 
0 0.04921875 0.5203125 0.0078125 0.015625 
0 0.1234375 0.52265625 0.00625 0.0140625 
0 0.115625 0.5203125 0.00625 0.015625 
0 0.10859375 0.521875 0.0078125 0.015625 
0 0.1015625 0.52265625 0.00625 0.0140625 
0 0.09453125 0.5203125 0.0078125 0.0125 
0 0.08671875 0.52109375 0.0078125 0.0140625 
0 0.0796875 0.5203125 0.00625 0.015625 
0 0.17109375 0.5171875 0.0078125 0.015625 
0 0.19140625 0.51953125 0.0078125 0.0171875 
0 0.2 0.51953125 0.00625 0.0171875 
0 0.20546875 0.51875 0.0046875 0.015625 
0 0.2125 0.51875 0.00625 0.015625 
0 0.071875 0.5203125 0.00625 0.015625 
0 0.06328125 0.521875 0.0078125 0.015625 
0 0.0421875 0.521875 0.00625 0.015625 
0 0.0421875 0.48828125 0.009375 0.0140625 
0 0.03359375 0.5203125 0.0078125 0.015625 
0 0.02578125 0.52109375 0.0078125 0.0140625 
0 0.01328125 0.5203125 0.0078125 0.015625 
0 0.0125 0.48671875 0.00625 0.0140625 
0 0.01953125 0.4875 0.0078125 0.0125 
0 0.0265625 0.4875 0.00625 0.0125 
0 0.034375 0.4875 0.009375 0.015625 
0 0.12890625 0.67734375 0.0078125 0.0140625 
0 0.12109375 0.67578125 0.0078125 0.0140625 
0 0.1140625 0.67578125 0.00625 0.0140625 
0 0.00703125 0.153125 0.0109375 0.009375 
0 0.00625 0.1453125 0.009375 0.009375 
0 0.0078125 0.1609375 0.0125 0.009375 
0 0.015625 0.22890625 0.00625 0.0140625 
0 0.009375 0.1671875 0.0125 0.009375 
0 0.0296875 0.1234375 0.0125 0.009375 
0 0.02734375 0.11640625 0.0140625 0.0109375 
0 0.02421875 0.10703125 0.0140625 0.0078125 
0 0.0234375 0.1 0.015625 0.009375 
0 0.02109375 0.09296875 0.0140625 0.0078125 
0 0.01015625 0.0578125 0.0171875 0.0125 
0 0.00859375 0.05078125 0.0140625 0.0109375 
0 0.01484375 0.0703125 0.0171875 0.0125 
0 0.015625 0.07890625 0.015625 0.0109375 
0 0.11875 0.1140625 0.009375 0.015625 
0 0.1265625 0.1171875 0.009375 0.015625 
0 0.0390625 0.14921875 0.015625 0.0078125 
0 0.01171875 0.1734375 0.0140625 0.009375 
0 0.0234375 0.22890625 0.00625 0.0140625 
0 0.00703125 0.228125 0.0078125 0.015625 
0 0.01875 0.1890625 0.015625 0.009375 
0 0.01484375 0.18125 0.0140625 0.009375 
0 0.01796875 0.19453125 0.0140625 0.0078125 
0 0.10703125 0.6765625 0.0078125 0.015625 
0 0.00625 0.31328125 0.00625 0.0140625 
0 0.0140625 0.31328125 0.009375 0.0140625 
0 0.021875 0.3140625 0.00625 0.0125 
0 0.0375 0.315625 0.00625 0.015625 
0 0.00703125 0.33046875 0.0078125 0.0171875 
0 0.01171875 0.26484375 0.0078125 0.0140625 
0 0.0140625 0.3296875 0.009375 0.01875 
0 0.02109375 0.33125 0.0078125 0.01875 
0 0.028125 0.33125 0.00625 0.015625 
0 0.04453125 0.33203125 0.0078125 0.0140625 
0 0.05234375 0.33359375 0.0078125 0.0140625 
0 0.0203125 0.96796875 0.009375 0.0140625 
0 0.00546875 0.78046875 0.0078125 0.0140625 
0 0.14921875 0.7234375 0.0078125 0.015625 
0 0.075 0.67421875 0.009375 0.0140625 
0 0.0203125 0.26484375 0.009375 0.0140625 
0 0.01875 0.20234375 0.015625 0.0078125 
0 0.1609375 0.21484375 0.00625 0.0140625 
0 0.0203125 0.209375 0.015625 0.00625 
0 0.109375 0.20234375 0.009375 0.0140625 
0 0.090625 0.15390625 0.015625 0.0109375 
0 0.11953125 0.16953125 0.0078125 0.0140625 
0 0.1265625 0.1734375 0.009375 0.0125 
0 0.134375 0.175 0.009375 0.0125 
0 0.14140625 0.1765625 0.0109375 0.0125 
0 0.1625 0.1828125 0.009375 0.015625 
0 0.1703125 0.18515625 0.0125 0.0171875 
0 0.12265625 0.20546875 0.0109375 0.0171875 
0 0.13046875 0.20546875 0.0109375 0.0140625 
0 0.1375 0.21015625 0.009375 0.0171875 
0 0.14375 0.21015625 0.009375 0.0140625 
0 0.1515625 0.21171875 0.009375 0.0171875 
0 0.16796875 0.21796875 0.0109375 0.0171875 
0 0.0265625 0.26484375 0.00625 0.0171875 
0 0.18046875 0.2234375 0.0078125 0.015625 
0 0.1875 0.2234375 0.009375 0.015625 
0 0.1953125 0.22578125 0.009375 0.0171875 
0 0.01015625 0.28046875 0.0078125 0.0171875 
0 0.01875 0.27890625 0.00625 0.0171875 
0 0.071875 0.46953125 0.00625 0.0140625 
0 0.0796875 0.46953125 0.00625 0.0140625 
0 0.08671875 0.4703125 0.0078125 0.015625 
0 0.3140625 0.35234375 0.015625 0.0078125 
0 0.134375 0.334375 0.00625 0.015625 
0 0.1421875 0.334375 0.009375 0.015625 
0 0.15625 0.334375 0.00625 0.015625 
0 0.1640625 0.33359375 0.00625 0.0140625 
0 0.19375 0.3359375 0.009375 0.015625 
0 0.2078125 0.33515625 0.00625 0.0140625 
0 0.215625 0.33359375 0.00625 0.0140625 
0 0.22890625 0.33671875 0.0078125 0.0140625 
0 0.23828125 0.3375 0.0078125 0.015625 
0 0.25390625 0.3359375 0.0078125 0.0125 
0 0.26796875 0.33515625 0.0078125 0.0140625 
0 0.27578125 0.33515625 0.0078125 0.0140625 
0 0.28359375 0.33515625 0.0078125 0.0140625 
0 0.315625 0.36015625 0.015625 0.0078125 
0 0.3140625 0.34609375 0.015625 0.0078125 
0 0.11171875 0.33359375 0.0078125 0.0140625 
0 0.31484375 0.3390625 0.0140625 0.00625 
0 0.315625 0.3328125 0.015625 0.00625 
0 0.315625 0.3265625 0.015625 0.00625 
0 0.31484375 0.3203125 0.0140625 0.00625 
0 0.315625 0.31328125 0.015625 0.0078125 
0 0.08046875 0.315625 0.0078125 0.0125 
0 0.090625 0.31640625 0.009375 0.0140625 
0 0.09765625 0.3171875 0.0046875 0.0125 
0 0.10546875 0.3171875 0.0078125 0.015625 
0 0.1265625 0.31640625 0.009375 0.0140625 
0 0.14140625 0.3171875 0.0078125 0.015625 
0 0.14921875 0.3171875 0.0078125 0.015625 
0 0.15625 0.3171875 0.00625 0.015625 
0 0.16328125 0.3171875 0.0078125 0.0125 
0 0.11875 0.33359375 0.009375 0.0140625 
0 0.1046875 0.3328125 0.00625 0.015625 
0 0.17890625 0.31875 0.0078125 0.0125 
0 0.07265625 0.36796875 0.0078125 0.0171875 
0 0.2578125 0.37109375 0.00625 0.0140625 
0 0.24921875 0.37109375 0.0078125 0.0140625 
0 0.23984375 0.36953125 0.0078125 0.0140625 
0 0.2140625 0.36953125 0.00625 0.0140625 
0 0.20546875 0.36796875 0.0078125 0.0140625 
0 0.00625 0.36875 0.00625 0.015625 
0 0.0140625 0.36640625 0.009375 0.0171875 
0 0.028125 0.36640625 0.009375 0.0140625 
0 0.03671875 0.3671875 0.0078125 0.015625 
0 0.04375 0.3671875 0.00625 0.015625 
0 0.0515625 0.36796875 0.009375 0.0140625 
0 0.0640625 0.3671875 0.00625 0.015625 
0 0.08046875 0.36875 0.0078125 0.015625 
0 0.09765625 0.33203125 0.0078125 0.0171875 
0 0.08671875 0.36796875 0.0078125 0.0171875 
0 0.0953125 0.36875 0.009375 0.015625 
0 0.1046875 0.36796875 0.00625 0.0140625 
0 0.11328125 0.36875 0.0078125 0.0125 
0 0.12265625 0.36796875 0.0078125 0.0140625 
0 0.13828125 0.36796875 0.0078125 0.0140625 
0 0.14765625 0.36875 0.0078125 0.0125 
0 0.15625 0.36796875 0.009375 0.0140625 
0 0.165625 0.36875 0.00625 0.0125 
0 0.175 0.36953125 0.00625 0.0140625 
0 0.1921875 0.36953125 0.00625 0.0140625 
0 0.0671875 0.33359375 0.009375 0.0140625 
0 0.08125 0.3328125 0.009375 0.015625 
0 0.08984375 0.3328125 0.0078125 0.015625 
0 0.17109375 0.31875 0.0078125 0.0125 
0 0.18671875 0.31953125 0.0078125 0.0140625 
0 0.26875 0.38828125 0.00625 0.0140625 
0 0.60625 0.6625 0.009375 0.0125 
0 0.4546875 0.92578125 0.015625 0.0140625 
0 0.46015625 0.91484375 0.0140625 0.0140625 
0 0.46640625 0.90234375 0.0171875 0.0109375 
0 0.46796875 0.8890625 0.0171875 0.0125 
0 0.47265625 0.88125 0.0171875 0.0125 
0 0.48828125 0.85546875 0.0171875 0.0109375 
0 0.490625 0.8484375 0.01875 0.0125 
0 0.496875 0.8328125 0.01875 0.0125 
0 0.4515625 0.85625 0.01875 0.0125 
0 0.45390625 0.8484375 0.0203125 0.0125 
0 0.45859375 0.84140625 0.0171875 0.0109375 
0 0.465625 0.8234375 0.015625 0.0125 
0 0.46875 0.815625 0.01875 0.0125 
0 0.4390625 0.8828125 0.015625 0.0125 
0 0.6015625 0.64375 0.009375 0.015625 
0 0.2046875 0.1921875 0.015625 0.015625 
0 0.4328125 0.38828125 0.009375 0.0171875 
0 0.42890625 0.1515625 0.0171875 0.0125 
0 0.41796875 0.14453125 0.0109375 0.0078125 
0 0.42421875 0.11953125 0.0203125 0.0140625 
0 0.48125 0.1 0.0125 0.015625 
0 0.475 0.1171875 0.0125 0.015625 
0 0.43515625 0.1015625 0.0140625 0.0125 
1 0.45234375 0.08125 0.0265625 0.01875 
1 0.44609375 0.071875 0.0296875 0.015625 
0 0.69375 0.95078125 0.015625 0.0109375 
0 0.4515625 0.9328125 0.0125 0.009375 
0 0.33125 0.2375 0.0125 0.00625 
0 0.19375 0.31953125 0.009375 0.0171875 
0 0.15 0.28125 0.00625 0.0125 
0 0.21484375 0.31953125 0.0078125 0.0140625 
0 0.225 0.31953125 0.009375 0.0171875 
0 0.2390625 0.31875 0.009375 0.0125 
0 0.24609375 0.3203125 0.0078125 0.0125 
0 0.253125 0.31953125 0.009375 0.0140625 
0 0.275 0.32109375 0.009375 0.0140625 
0 0.0640625 0.2828125 0.00625 0.015625 
0 0.08203125 0.2828125 0.0046875 0.015625 
0 0.0890625 0.28203125 0.009375 0.0171875 
0 0.09765625 0.28125 0.0078125 0.015625 
0 0.10546875 0.28203125 0.0078125 0.0171875 
0 0.1203125 0.28203125 0.009375 0.0171875 
0 0.134375 0.28125 0.009375 0.015625 
0 0.14296875 0.28125 0.0078125 0.015625 
0 0.15625 0.28203125 0.00625 0.0140625 
0 0.22421875 0.23515625 0.0109375 0.0140625 
0 0.16484375 0.2828125 0.0078125 0.015625 
0 0.17265625 0.28359375 0.0078125 0.0140625 
0 0.1953125 0.28359375 0.009375 0.0140625 
0 0.209375 0.284375 0.009375 0.015625 
0 0.2234375 0.2828125 0.00625 0.015625 
0 0.23125 0.284375 0.009375 0.015625 
0 0.2390625 0.28515625 0.00625 0.0140625 
0 0.24609375 0.28671875 0.0078125 0.0171875 
0 0.25390625 0.28671875 0.0078125 0.0140625 
0 0.2609375 0.28515625 0.00625 0.0171875 
0 0.26953125 0.28671875 0.0078125 0.0140625 
0 0.27734375 0.2859375 0.0078125 0.015625 
0 0.284375 0.2859375 0.009375 0.015625 
0 0.20234375 0.22890625 0.0078125 0.0171875 
0 0.2734375 0.3703125 0.00625 0.015625 
0 0.26171875 0.38828125 0.0078125 0.0140625 
0 0.09453125 0.46953125 0.0078125 0.0140625 
0 0.1921875 0.4390625 0.00625 0.0125 
0 0.0875 0.43671875 0.00625 0.0140625 
0 0.09453125 0.4359375 0.0078125 0.015625 
0 0.10234375 0.4375 0.0078125 0.015625 
0 0.109375 0.43828125 0.00625 0.0140625 
0 0.11640625 0.4375 0.0078125 0.015625 
0 0.12578125 0.43828125 0.0078125 0.0140625 
0 0.1328125 0.43828125 0.00625 0.0109375 
0 0.1390625 0.4375 0.00625 0.0125 
0 0.146875 0.43828125 0.00625 0.0140625 
0 0.1546875 0.43828125 0.00625 0.0171875 
0 0.16171875 0.43984375 0.0078125 0.0140625 
0 0.16875 0.4390625 0.00625 0.015625 
0 0.17578125 0.43828125 0.0078125 0.0140625 
0 0.18359375 0.43828125 0.0078125 0.0140625 
0 0.2046875 0.4390625 0.00625 0.015625 
0 0.07265625 0.4375 0.0078125 0.015625 
0 0.2125 0.43828125 0.00625 0.0140625 
0 0.2203125 0.4390625 0.009375 0.0125 
0 0.22890625 0.43828125 0.0078125 0.0140625 
0 0.23515625 0.4390625 0.0078125 0.015625 
0 0.24296875 0.4390625 0.0078125 0.015625 
0 0.24921875 0.43828125 0.0078125 0.0140625 
0 0.26640625 0.43984375 0.0078125 0.0171875 
0 0.27421875 0.4390625 0.0078125 0.015625 
0 0.28203125 0.43984375 0.0078125 0.0140625 
0 0.26640625 0.421875 0.0078125 0.015625 
0 0.2578125 0.421875 0.00625 0.015625 
0 0.31171875 0.4453125 0.0140625 0.00625 
0 0.31171875 0.43828125 0.0140625 0.0046875 
0 0.3140625 0.40546875 0.015625 0.0078125 
0 0.0796875 0.4359375 0.00625 0.015625 
0 0.06484375 0.4375 0.0078125 0.015625 
0 0.215625 0.471875 0.00625 0.015625 
0 0.1015625 0.4703125 0.00625 0.0125 
0 0.10859375 0.47109375 0.0078125 0.0140625 
0 0.11640625 0.4703125 0.0078125 0.015625 
0 0.12421875 0.47109375 0.0078125 0.0140625 
0 0.13203125 0.47109375 0.0078125 0.0171875 
0 0.1390625 0.471875 0.00625 0.015625 
0 0.16484375 0.4609375 0.0109375 0.015625 
0 0.271875 0.47109375 0.009375 0.0140625 
0 0.2609375 0.4703125 0.00625 0.015625 
0 0.25390625 0.471875 0.0078125 0.0125 
0 0.246875 0.4703125 0.009375 0.015625 
0 0.23984375 0.47109375 0.0078125 0.0140625 
0 0.2265625 0.471875 0.00625 0.015625 
0 0.2203125 0.47265625 0.00625 0.0140625 
0 0.17421875 0.471875 0.0078125 0.015625 
0 0.05078125 0.43671875 0.0078125 0.0140625 
0 0.18046875 0.471875 0.0078125 0.015625 
0 0.18828125 0.47265625 0.0078125 0.0171875 
0 0.19453125 0.47109375 0.0046875 0.0140625 
0 0.20703125 0.47109375 0.0078125 0.0140625 
0 0.2 0.47109375 0.00625 0.0171875 
0 0.3109375 0.45234375 0.015625 0.0078125 
0 0.00546875 0.43515625 0.0078125 0.0140625 
0 0.01171875 0.4359375 0.0078125 0.015625 
0 0.01953125 0.4359375 0.0078125 0.0125 
0 0.02734375 0.4359375 0.0078125 0.0125 
0 0.03515625 0.43671875 0.0078125 0.0140625 
0 0.04296875 0.4375 0.0078125 0.015625 
0 0.3140625 0.4125 0.015625 0.00625 
0 0.25390625 0.3890625 0.0078125 0.015625 
0 0.1171875 0.38359375 0.00625 0.0140625 
0 0.00703125 0.38359375 0.0078125 0.0140625 
0 0.01484375 0.384375 0.0078125 0.0125 
0 0.02109375 0.384375 0.0078125 0.015625 
0 0.028125 0.38359375 0.00625 0.0140625 
0 0.0359375 0.38203125 0.00625 0.0140625 
0 0.0421875 0.38359375 0.00625 0.0140625 
0 0.05234375 0.38359375 0.0109375 0.0140625 
0 0.06328125 0.384375 0.0078125 0.015625 
0 0.07265625 0.38515625 0.0078125 0.0171875 
0 0.08046875 0.3859375 0.0078125 0.015625 
0 0.0875 0.3859375 0.00625 0.015625 
0 0.09609375 0.384375 0.0078125 0.0125 
0 0.10234375 0.384375 0.0078125 0.015625 
0 0.1109375 0.38359375 0.00625 0.0140625 
0 0.125 0.38359375 0.00625 0.0140625 
0 0.13125 0.38515625 0.00625 0.0140625 
0 0.13828125 0.384375 0.0078125 0.0125 
0 0.146875 0.384375 0.00625 0.0125 
0 0.1546875 0.384375 0.00625 0.015625 
0 0.16328125 0.38515625 0.0078125 0.0140625 
0 0.1703125 0.3859375 0.00625 0.015625 
0 0.17734375 0.3859375 0.0078125 0.015625 
0 0.19296875 0.38671875 0.0078125 0.0140625 
0 0.2140625 0.3875 0.00625 0.0125 
0 0.2046875 0.3859375 0.00625 0.0125 
0 0.22265625 0.3875 0.0078125 0.0125 
0 0.23046875 0.3875 0.0078125 0.0125 
0 0.2390625 0.3875 0.009375 0.015625 
0 0.246875 0.3875 0.00625 0.015625 
0 0.25078125 0.42265625 0.0078125 0.0140625 
0 0.00546875 0.4171875 0.0078125 0.015625 
0 0.125 0.42109375 0.00625 0.0140625 
0 0.01328125 0.4171875 0.0078125 0.015625 
0 0.0203125 0.41875 0.00625 0.0125 
0 0.02890625 0.41953125 0.0078125 0.0140625 
0 0.03671875 0.41796875 0.0078125 0.0140625 
0 0.04453125 0.4171875 0.0078125 0.015625 
0 0.05234375 0.41796875 0.0078125 0.0140625 
0 0.06328125 0.41796875 0.0078125 0.0140625 
0 0.07109375 0.41796875 0.0078125 0.0171875 
0 0.08046875 0.41796875 0.0078125 0.0140625 
0 0.08828125 0.41875 0.0078125 0.0125 
0 0.0953125 0.41953125 0.00625 0.0140625 
0 0.103125 0.41875 0.00625 0.015625 
0 0.11171875 0.41875 0.0078125 0.015625 
0 0.11796875 0.42109375 0.0078125 0.0140625 
0 0.13203125 0.42109375 0.0078125 0.0140625 
0 0.2453125 0.42265625 0.00625 0.0140625 
0 0.13984375 0.42109375 0.0078125 0.0140625 
0 0.14765625 0.42109375 0.0078125 0.0140625 
0 0.1546875 0.4203125 0.00625 0.015625 
0 0.16328125 0.41953125 0.0078125 0.0140625 
0 0.17109375 0.4203125 0.0078125 0.0125 
0 0.17734375 0.41875 0.0078125 0.0125 
0 0.18515625 0.41953125 0.0046875 0.0140625 
0 0.1921875 0.41875 0.00625 0.0125 
0 0.20625 0.41953125 0.009375 0.0140625 
0 0.25859375 0.4375 0.0078125 0.015625 
0 0.2140625 0.4203125 0.009375 0.015625 
0 0.221875 0.41953125 0.00625 0.0140625 
0 0.2296875 0.4203125 0.00625 0.0125 
0 0.23828125 0.4203125 0.0078125 0.015625 
