0 0.00625 0.8328125 0.009375 0.009375 
0 0.0078125 0.8484375 0.0125 0.009375 
0 0.015625 0.91640625 0.00625 0.0140625 
0 0.009375 0.8546875 0.0125 0.009375 
0 0.0296875 0.8109375 0.0125 0.009375 
0 0.02734375 0.80390625 0.0140625 0.0109375 
0 0.02421875 0.79453125 0.0140625 0.0078125 
0 0.0234375 0.7875 0.015625 0.009375 
0 0.02109375 0.78046875 0.0140625 0.0078125 
0 0.01015625 0.7453125 0.0171875 0.0125 
0 0.00859375 0.73828125 0.0140625 0.0109375 
0 0.01484375 0.7578125 0.0171875 0.0125 
0 0.015625 0.76640625 0.015625 0.0109375 
0 0.11875 0.8015625 0.009375 0.015625 
0 0.1265625 0.8046875 0.009375 0.015625 
0 0.0390625 0.83671875 0.015625 0.0078125 
0 0.01171875 0.8609375 0.0140625 0.009375 
0 0.0234375 0.91640625 0.00625 0.0140625 
0 0.00703125 0.915625 0.0078125 0.015625 
0 0.01875 0.8765625 0.015625 0.009375 
0 0.01484375 0.86875 0.0140625 0.009375 
0 0.01796875 0.88203125 0.0140625 0.0078125 
0 0.01171875 0.95234375 0.0078125 0.0140625 
0 0.0203125 0.95234375 0.009375 0.0140625 
0 0.01875 0.88984375 0.015625 0.0078125 
0 0.1609375 0.90234375 0.00625 0.0140625 
0 0.0203125 0.896875 0.015625 0.00625 
0 0.109375 0.88984375 0.009375 0.0140625 
0 0.090625 0.84140625 0.015625 0.0109375 
0 0.11953125 0.85703125 0.0078125 0.0140625 
0 0.1265625 0.8609375 0.009375 0.0125 
0 0.134375 0.8625 0.009375 0.0125 
0 0.14140625 0.8640625 0.0109375 0.0125 
0 0.1625 0.8703125 0.009375 0.015625 
0 0.1703125 0.87265625 0.0125 0.0171875 
0 0.12265625 0.89296875 0.0109375 0.0171875 
0 0.13046875 0.89296875 0.0109375 0.0140625 
0 0.1375 0.89765625 0.009375 0.0171875 
0 0.14375 0.89765625 0.009375 0.0140625 
0 0.1515625 0.89921875 0.009375 0.0171875 
0 0.16796875 0.90546875 0.0109375 0.0171875 
0 0.0265625 0.95234375 0.00625 0.0171875 
0 0.18046875 0.9109375 0.0078125 0.015625 
0 0.1875 0.9109375 0.009375 0.015625 
0 0.1953125 0.91328125 0.009375 0.0171875 
0 0.01015625 0.96796875 0.0078125 0.0171875 
0 0.01875 0.96640625 0.00625 0.0171875 
0 0.2046875 0.8796875 0.015625 0.015625 
0 0.42890625 0.8390625 0.0171875 0.0125 
0 0.41796875 0.83203125 0.0109375 0.0078125 
0 0.42421875 0.80703125 0.0203125 0.0140625 
0 0.48125 0.7875 0.0125 0.015625 
0 0.475 0.8046875 0.0125 0.015625 
0 0.43515625 0.7890625 0.0140625 0.0125 
1 0.45234375 0.76875 0.0265625 0.01875 
1 0.44609375 0.759375 0.0296875 0.015625 
0 0.596875 0.66875 0.015625 0.015625 
0 0.6171875 0.6421875 0.015625 0.015625 
0 0.73359375 0.5421875 0.0171875 0.015625 
0 0.33125 0.925 0.0125 0.00625 
0 0.15 0.96875 0.00625 0.0125 
0 0.0640625 0.9703125 0.00625 0.015625 
0 0.08203125 0.9703125 0.0046875 0.015625 
0 0.0890625 0.96953125 0.009375 0.0171875 
0 0.09765625 0.96875 0.0078125 0.015625 
0 0.10546875 0.96953125 0.0078125 0.0171875 
0 0.1203125 0.96953125 0.009375 0.0171875 
0 0.134375 0.96875 0.009375 0.015625 
0 0.14296875 0.96875 0.0078125 0.015625 
0 0.15625 0.96953125 0.00625 0.0140625 
0 0.22421875 0.92265625 0.0109375 0.0140625 
0 0.16484375 0.9703125 0.0078125 0.015625 
0 0.17265625 0.97109375 0.0078125 0.0140625 
0 0.1953125 0.97109375 0.009375 0.0140625 
0 0.209375 0.971875 0.009375 0.015625 
0 0.2234375 0.9703125 0.00625 0.015625 
0 0.23125 0.971875 0.009375 0.015625 
0 0.2390625 0.97265625 0.00625 0.0140625 
0 0.24609375 0.97421875 0.0078125 0.0171875 
0 0.25390625 0.97421875 0.0078125 0.0140625 
0 0.2609375 0.97265625 0.00625 0.0171875 
0 0.26953125 0.97421875 0.0078125 0.0140625 
0 0.27734375 0.9734375 0.0078125 0.015625 
0 0.284375 0.9734375 0.009375 0.015625 
0 0.20234375 0.91640625 0.0078125 0.0171875 
