1 0.903125 0.13515625 0.0125 0.0265625 
1 0.8921875 0.12734375 0.009375 0.0203125 
1 0.8578125 0.1109375 0.0125 0.028125 
1 0.82890625 0.1 0.0140625 0.0375 
1 0.8171875 0.0984375 0.015625 0.0375 
0 0.99453125 0.10078125 0.0109375 0.0109375 
0 0.9921875 0.1078125 0.015625 0.0125 
0 0.98984375 0.11484375 0.0171875 0.0109375 
0 0.98515625 0.1203125 0.0140625 0.0125 
0 0.9796875 0.125 0.0125 0.0125 
0 0.93984375 0.08984375 0.0171875 0.0140625 
0 0.9359375 0.09609375 0.015625 0.0109375 
0 0.99375 0.06484375 0.0125 0.0140625 
0 0.99140625 0.0734375 0.0109375 0.0125 
0 0.9890625 0.0796875 0.015625 0.015625 
0 0.9859375 0.0859375 0.015625 0.0125 
0 0.98046875 0.0921875 0.0140625 0.0125 
0 0.94921875 0.0765625 0.0140625 0.0125 
0 0.9453125 0.0828125 0.015625 0.015625 
0 0.95234375 0.071875 0.0171875 0.0125 
0 0.8875 0.03125 0.015625 0.0125 
0 0.86640625 0.00703125 0.0140625 0.0109375 
0 0.8609375 0.0125 0.015625 0.0125 
0 0.85703125 0.0203125 0.0140625 0.0125 
0 0.85390625 0.02421875 0.0140625 0.0140625 
0 0.84921875 0.03125 0.0140625 0.0125 
0 0.84375 0.0359375 0.015625 0.0125 
0 0.9046875 0.00625 0.015625 0.0125 
0 0.89140625 0.025 0.0140625 0.0125 
0 0.8734375 0.05625 0.015625 0.0125 
0 0.9609375 0.06015625 0.0125 0.0109375 
0 0.95625 0.03203125 0.015625 0.0140625 
0 0.95078125 0.03671875 0.0140625 0.0140625 
0 0.94609375 0.04296875 0.0140625 0.0140625 
0 0.9390625 0.05625 0.015625 0.0125 
0 0.99453125 0.00703125 0.0109375 0.0109375 
0 0.9921875 0.01171875 0.015625 0.0140625 
0 0.98671875 0.0234375 0.0109375 0.0125 
0 0.98125 0.0296875 0.015625 0.015625 
0 0.9765625 0.03515625 0.015625 0.0109375 
0 0.971875 0.0421875 0.015625 0.0125 
0 0.96796875 0.046875 0.0140625 0.0125 
0 0.9640625 0.053125 0.015625 0.0125 
0 0.9109375 0.03828125 0.015625 0.0140625 
0 0.92109375 0.01953125 0.0171875 0.0140625 
0 0.91953125 0.02578125 0.0140625 0.0109375 
0 0.91484375 0.0328125 0.0140625 0.0125 
0 0.90546875 0.0421875 0.0140625 0.0125 
0 0.90234375 0.05 0.0140625 0.0125 
0 0.8984375 0.0546875 0.015625 0.0125 
0 0.89375 0.0609375 0.015625 0.0125 
0 0.89140625 0.06640625 0.0140625 0.0140625 
