0 0.56171875 0.8328125 0.0078125 0.01875 
0 0.43984375 0.90546875 0.0109375 0.0140625 
0 0.41328125 0.26015625 0.0171875 0.0171875 
0 0.50078125 0.85390625 0.0140625 0.0171875 
0 0.3890625 0.2359375 0.015625 0.015625 
0 0.40859375 0.253125 0.0140625 0.015625 
0 0.3609375 0.13984375 0.015625 0.0140625 
0 0.33046875 0.0125 0.0140625 0.00625 
0 0.33203125 0.0328125 0.0171875 0.00625 
0 0.5828125 0.83671875 0.00625 0.0171875 
0 0.59140625 0.8390625 0.0078125 0.015625 
0 0.59765625 0.8390625 0.0046875 0.015625 
0 0.6046875 0.8390625 0.009375 0.015625 
0 0.44609375 0.903125 0.0109375 0.015625 
0 0.6265625 0.80703125 0.009375 0.0140625 
0 0.8640625 0.909375 0.0125 0.01875 
0 0.85234375 0.9 0.0140625 0.01875 
0 0.80859375 0.8359375 0.0109375 0.015625 
0 0.80078125 0.8328125 0.0109375 0.015625 
0 0.13984375 0.98984375 0.0140625 0.0109375 
0 0.23125 0.9703125 0.015625 0.0125 
0 0.1859375 0.91328125 0.0125 0.0171875 
0 0.16015625 0.9328125 0.0140625 0.0125 
0 0.07734375 0.7703125 0.0140625 0.0125 
0 0.1296875 0.72265625 0.0125 0.0078125 
0 0.16015625 0.68359375 0.0078125 0.0140625 
0 0.14765625 0.68046875 0.0078125 0.0140625 
0 0.1140625 0.70546875 0.0125 0.0109375 
0 0.09140625 0.74453125 0.0078125 0.0140625 
0 0.07734375 0.73203125 0.0078125 0.0140625 
