0 0.03515625 0.8328125 0.0078125 0.01875 
0 0.05625 0.83671875 0.00625 0.0171875 
0 0.06484375 0.8390625 0.0078125 0.015625 
0 0.07109375 0.8390625 0.0046875 0.015625 
0 0.61328125 0.84765625 0.0140625 0.0140625 
0 0.778125 0.7671875 0.0125 0.015625 
0 0.69375 0.815625 0.015625 0.009375 
0 0.87578125 0.7671875 0.0140625 0.01875 
0 0.79140625 0.7625 0.0109375 0.015625 
0 0.66796875 0.81015625 0.0140625 0.0171875 
0 0.078125 0.8390625 0.009375 0.015625 
0 0.1 0.80703125 0.009375 0.0140625 
0 0.3375 0.909375 0.0125 0.01875 
0 0.32578125 0.9 0.0140625 0.01875 
0 0.28203125 0.8359375 0.0109375 0.015625 
0 0.27421875 0.8328125 0.0109375 0.015625 
