0 0.25859375 0.9484375 0.0140625 0.0125 
0 0.04609375 0.08828125 0.0109375 0.0140625 
0 0.30078125 0.93828125 0.0140625 0.0140625 
0 0.309375 0.92734375 0.015625 0.0109375 
0 0.271875 0.93046875 0.015625 0.0109375 
0 0.34453125 0.871875 0.0140625 0.0125 
0 0.3234375 0.846875 0.0125 0.0125 
0 0.3203125 0.853125 0.0125 0.0125 
0 0.31484375 0.85859375 0.0140625 0.0109375 
0 0.36875 0.8328125 0.015625 0.0125 
0 0.3609375 0.84609375 0.015625 0.0140625 
0 0.35390625 0.8578125 0.0203125 0.015625 
0 0.34921875 0.86484375 0.0171875 0.0140625 
0 0.24765625 0.86640625 0.0171875 0.0140625 
0 0.27421875 0.92109375 0.0140625 0.0109375 
0 0.3390625 0.87734375 0.01875 0.0140625 
0 0.31328125 0.91953125 0.0140625 0.0109375 
0 0.290625 0.89609375 0.015625 0.0140625 
0 0.26171875 0.90390625 0.0140625 0.0140625 
0 0.25390625 0.91640625 0.0171875 0.0140625 
0 0.28359375 0.91015625 0.0171875 0.0140625 
0 0.2796875 0.9171875 0.0125 0.0125 
0 0.3265625 0.83984375 0.015625 0.0140625 
0 0.34453125 0.815625 0.0140625 0.0125 
0 0.3953125 0.28984375 0.009375 0.0140625 
0 0.53984375 0.27265625 0.0078125 0.0171875 
0 0.5328125 0.271875 0.00625 0.015625 
0 0.52578125 0.27109375 0.0078125 0.0171875 
0 0.51015625 0.26796875 0.0078125 0.0171875 
1 0.56015625 0.63046875 0.0140625 0.0140625 
1 0.60625 0.63828125 0.015625 0.0109375 
1 0.62890625 0.65 0.0171875 0.009375 
1 0.66640625 0.67265625 0.0140625 0.0109375 
1 0.65625 0.6703125 0.015625 0.0125 
1 0.65234375 0.69296875 0.0171875 0.0140625 
1 0.64375 0.72109375 0.009375 0.0171875 
1 0.61796875 0.79296875 0.0171875 0.0140625 
1 0.059375 0.74921875 0.0125 0.0265625 
1 0.0484375 0.74140625 0.009375 0.0203125 
1 0.0140625 0.725 0.0125 0.028125 
0 0.55625 0.275 0.009375 0.015625 
0 0.403125 0.2890625 0.009375 0.015625 
0 0.29921875 0.8484375 0.0109375 0.0125 
0 0.41875 0.29375 0.009375 0.015625 
0 0.43984375 0.06171875 0.0109375 0.0140625 
0 0.55390625 0.3109375 0.0078125 0.015625 
0 0.54765625 0.3109375 0.0078125 0.015625 
0 0.53984375 0.30859375 0.0078125 0.0140625 
0 0.53203125 0.3078125 0.0078125 0.015625 
0 0.525 0.3078125 0.00625 0.015625 
0 0.5171875 0.30703125 0.00625 0.0140625 
0 0.5109375 0.30703125 0.00625 0.0140625 
0 0.5046875 0.30625 0.00625 0.0125 
0 0.49609375 0.30234375 0.0078125 0.0171875 
0 0.47578125 0.303125 0.0078125 0.0125 
0 0.4828125 0.30234375 0.00625 0.0140625 
0 0.4671875 0.3 0.009375 0.015625 
0 0.440625 0.2953125 0.009375 0.015625 
0 0.44921875 0.29765625 0.0078125 0.0171875 
0 0.503125 0.2671875 0.00625 0.015625 
0 0.4953125 0.2671875 0.00625 0.015625 
0 0.4890625 0.265625 0.00625 0.015625 
0 0.48359375 0.265625 0.0078125 0.015625 
0 0.39296875 0.24921875 0.0109375 0.0171875 
0 0.38671875 0.24765625 0.0109375 0.0171875 
0 0.3796875 0.24609375 0.009375 0.0171875 
0 0.371875 0.24609375 0.009375 0.0140625 
0 0.3640625 0.24296875 0.009375 0.0140625 
0 0.3578125 0.2421875 0.0125 0.015625 
0 0.35078125 0.23828125 0.0109375 0.0171875 
0 0.34296875 0.2375 0.0109375 0.015625 
0 0.3359375 0.234375 0.0125 0.015625 
0 0.29140625 0.17421875 0.0140625 0.0171875 
0 0.4140625 0.7125 0.015625 0.0125 
0 0.3625 0.65234375 0.01875 0.0109375 
0 0.4015625 0.634375 0.015625 0.0125 
0 0.24453125 0.63359375 0.0171875 0.0140625 
0 0.29140625 0.49921875 0.0140625 0.0140625 
0 0.284375 0.49453125 0.0125 0.0140625 
0 0.27890625 0.490625 0.0140625 0.01875 
0 0.4078125 0.2546875 0.009375 0.015625 
0 0.41484375 0.25390625 0.0078125 0.0140625 
0 0.42265625 0.25625 0.0078125 0.0125 
0 0.4734375 0.2640625 0.00625 0.015625 
0 0.45859375 0.2625 0.0078125 0.015625 
0 0.4453125 0.259375 0.009375 0.015625 
0 0.51484375 0.17578125 0.0203125 0.0078125 
0 0.50078125 0.01015625 0.0140625 0.0171875 
0 0.4375 0.25703125 0.00625 0.0171875 
0 0.73671875 0.30859375 0.0046875 0.0171875 
0 0.9875 0.21796875 0.01875 0.0140625 
0 0.9640625 0.2109375 0.01875 0.0125 
0 0.73984375 0.7265625 0.0140625 0.015625 
0 0.6984375 0.65703125 0.009375 0.0171875 
0 0.8125 0.315625 0.00625 0.015625 
0 0.80546875 0.3140625 0.0078125 0.015625 
0 0.7828125 0.3109375 0.009375 0.01875 
0 0.76015625 0.309375 0.0078125 0.015625 
0 0.1296875 0.5515625 0.015625 0.0125 
0 0.23515625 0.59375 0.0171875 0.015625 
0 0.74375 0.31015625 0.00625 0.0140625 
0 0.72109375 0.31015625 0.0078125 0.0140625 
0 0.71171875 0.30859375 0.0078125 0.0140625 
0 0.73828125 0.27265625 0.0046875 0.0140625 
0 0.71640625 0.27265625 0.0078125 0.0171875 
0 0.70859375 0.27265625 0.0078125 0.0140625 
0 0.7015625 0.27265625 0.00625 0.0140625 
0 0.69453125 0.27265625 0.0078125 0.0140625 
0 0.6875 0.271875 0.00625 0.0125 
0 0.68046875 0.271875 0.0078125 0.0125 
0 0.671875 0.271875 0.00625 0.0125 
0 0.66484375 0.27265625 0.0078125 0.0140625 
0 0.6578125 0.2734375 0.009375 0.015625 
0 0.65 0.27265625 0.00625 0.0171875 
0 0.64296875 0.2734375 0.0078125 0.015625 
0 0.6359375 0.2734375 0.00625 0.015625 
0 0.628125 0.2734375 0.00625 0.015625 
0 0.6671875 0.19921875 0.021875 0.0078125 
0 0.44609375 0.059375 0.0109375 0.015625 
0 0.74453125 0.27265625 0.0078125 0.0140625 
0 0.7609375 0.28984375 0.015625 0.0078125 
0 0.79765625 0.2765625 0.0078125 0.01875 
0 0.64609375 0.3109375 0.0078125 0.015625 
0 0.69765625 0.31171875 0.0078125 0.0140625 
0 0.690625 0.31171875 0.009375 0.0140625 
0 0.68359375 0.3125 0.0078125 0.015625 
0 0.67578125 0.31015625 0.0078125 0.0171875 
0 0.6671875 0.3109375 0.00625 0.015625 
0 0.66015625 0.31015625 0.0078125 0.0140625 
0 0.653125 0.3109375 0.00625 0.015625 
0 0.6390625 0.3109375 0.00625 0.015625 
0 0.82578125 0.28125 0.0078125 0.0125 
0 0.93671875 0.21484375 0.0140625 0.0078125 
0 0.8640625 0.065625 0.0125 0.01875 
0 0.85234375 0.05625 0.0140625 0.01875 
0 0.84140625 0.28203125 0.0109375 0.0171875 
0 0.83359375 0.28125 0.0109375 0.015625 
0 0.27265625 0.4859375 0.0140625 0.015625 
0 0.26640625 0.48203125 0.0140625 0.0140625 
0 0.25859375 0.4796875 0.0140625 0.015625 
0 0.19140625 0.75625 0.0140625 0.015625 
0 0.16796875 0.6984375 0.0140625 0.0125 
0 0.1625 0.70390625 0.0125 0.0140625 
0 0.1578125 0.71015625 0.015625 0.0140625 
0 0.153125 0.71484375 0.015625 0.0109375 
0 0.1484375 0.721875 0.015625 0.0125 
0 0.14609375 0.72890625 0.0171875 0.0109375 
0 0.14140625 0.734375 0.0140625 0.0125 
0 0.1359375 0.7390625 0.0125 0.0125 
0 0.20859375 0.6890625 0.0140625 0.0125 
0 0.1984375 0.7046875 0.0125 0.0125 
0 0.19375 0.71015625 0.015625 0.0140625 
0 0.18984375 0.71484375 0.0140625 0.0109375 
0 0.1859375 0.71953125 0.015625 0.0140625 
0 0.2421875 0.678125 0.01875 0.015625 
0 0.165625 0.75546875 0.0125 0.0140625 
0 0.1625 0.76171875 0.0125 0.0140625 
0 0.184375 0.77265625 0.015625 0.0109375 
0 0.171875 0.69296875 0.015625 0.0140625 
0 0.17578125 0.6875 0.0140625 0.015625 
0 0.1796875 0.68125 0.015625 0.0125 
0 0.15625 0.6734375 0.015625 0.0125 
0 0.09609375 0.70390625 0.0171875 0.0140625 
0 0.0921875 0.71015625 0.015625 0.0109375 
0 0.19296875 0.61875 0.0171875 0.0125 
0 0.18828125 0.62421875 0.0140625 0.0109375 
0 0.184375 0.63046875 0.015625 0.0109375 
0 0.17890625 0.6359375 0.0140625 0.0125 
0 0.1765625 0.64375 0.015625 0.0125 
0 0.15078125 0.67890625 0.0140625 0.0140625 
0 0.1859375 0.67109375 0.015625 0.0140625 
0 0.14765625 0.6875 0.0109375 0.0125 
0 0.1453125 0.69375 0.015625 0.015625 
0 0.1421875 0.7 0.015625 0.0125 
0 0.13671875 0.70625 0.0140625 0.0125 
0 0.20546875 0.64140625 0.0140625 0.0109375 
0 0.2 0.64921875 0.015625 0.0140625 
0 0.18984375 0.6625 0.0140625 0.0125 
0 0.18671875 0.7640625 0.0140625 0.0125 
0 0.19765625 0.74609375 0.0140625 0.0140625 
0 0.10546875 0.690625 0.0140625 0.0125 
0 0.20234375 0.740625 0.0171875 0.0125 
0 0.225 0.7640625 0.0125 0.0125 
0 0.22109375 0.7703125 0.0140625 0.0125 
0 0.2171875 0.77578125 0.0125 0.0109375 
0 0.2140625 0.78125 0.0125 0.009375 
0 0.209375 0.78671875 0.015625 0.0109375 
0 0.24609375 0.7703125 0.0171875 0.0125 
0 0.25078125 0.76328125 0.0171875 0.0140625 
0 0.23828125 0.78203125 0.0171875 0.0140625 
0 0.2359375 0.7890625 0.0125 0.0125 
0 0.23125 0.79375 0.015625 0.0125 
0 0.22578125 0.8 0.0109375 0.0125 
0 0.35078125 0.70625 0.0140625 0.0125 
0 0.2640625 0.79921875 0.015625 0.0140625 
0 0.2609375 0.80625 0.0125 0.0125 
0 0.25703125 0.8125 0.0140625 0.0125 
0 0.2890625 0.8046875 0.015625 0.0125 
0 0.2703125 0.82890625 0.015625 0.0140625 
0 0.22890625 0.75859375 0.0140625 0.0140625 
0 0.2328125 0.75078125 0.015625 0.0140625 
0 0.23828125 0.7453125 0.0140625 0.0125 
0 0.13984375 0.14609375 0.0140625 0.0109375 
0 0.20859375 0.734375 0.0109375 0.0125 
0 0.21484375 0.721875 0.0140625 0.0125 
0 0.24453125 0.73203125 0.0140625 0.0109375 
0 0.2421875 0.73671875 0.015625 0.0109375 
0 0.23125 0.1265625 0.015625 0.0125 
0 0.1859375 0.06953125 0.0125 0.0171875 
0 0.16015625 0.0890625 0.0140625 0.0125 
0 0.12265625 0.17890625 0.0171875 0.0140625 
0 0.1015625 0.696875 0.015625 0.015625 
0 0.10859375 0.6859375 0.0171875 0.0125 
0 0.1671875 0.41640625 0.009375 0.0140625 
0 0.04375 0.6453125 0.015625 0.0125 
0 0.08203125 0.52890625 0.0140625 0.0109375 
0 0.06640625 0.5546875 0.0171875 0.0125 
0 0.04609375 0.58359375 0.0171875 0.0140625 
0 0.0421875 0.590625 0.015625 0.0125 
0 0.04140625 0.59921875 0.0140625 0.0109375 
0 0.03359375 0.60234375 0.0171875 0.0140625 
0 0.03125 0.609375 0.015625 0.015625 
0 0.02265625 0.62109375 0.0140625 0.0109375 
0 0.0171875 0.6265625 0.015625 0.0125 
0 0.01328125 0.634375 0.0140625 0.0125 
0 0.01015625 0.63828125 0.0140625 0.0140625 
0 0.00703125 0.6453125 0.0109375 0.0125 
0 0.090625 0.578125 0.015625 0.0125 
0 0.09375 0.56953125 0.015625 0.0140625 
0 0.10078125 0.5609375 0.0171875 0.0125 
0 0.0609375 0.6203125 0.015625 0.0125 
0 0.09140625 0.51796875 0.0203125 0.0140625 
0 0.09921875 0.50703125 0.0171875 0.0140625 
0 0.15546875 0.47265625 0.0171875 0.0140625 
0 0.31484375 0.62890625 0.0171875 0.0140625 
0 0.38125 0.6203125 0.015625 0.0125 
0 0.40390625 0.68671875 0.0140625 0.0109375 
0 0.37890625 0.671875 0.0140625 0.0125 
0 0.3859375 0.6578125 0.015625 0.0125 
0 0.353125 0.61171875 0.015625 0.0140625 
0 0.34921875 0.61875 0.0171875 0.0125 
0 0.33125 0.640625 0.015625 0.0125 
0 0.30703125 0.58125 0.0140625 0.0125 
0 0.134375 0.51015625 0.015625 0.0140625 
0 0.27109375 0.59453125 0.0171875 0.0109375 
0 0.24609375 0.5765625 0.0140625 0.0125 
0 0.259375 0.565625 0.015625 0.0125 
0 0.14140625 0.540625 0.0140625 0.0125 
0 0.19375 0.55859375 0.015625 0.0109375 
0 0.21015625 0.54140625 0.0171875 0.0109375 
0 0.221875 0.51484375 0.015625 0.0140625 
0 0.04765625 0.6390625 0.0140625 0.0125 
0 0.0296875 0.6703125 0.015625 0.0125 
0 0.1171875 0.67421875 0.0125 0.0109375 
0 0.1234375 0.56328125 0.015625 0.0140625 
0 0.1125 0.64609375 0.015625 0.0140625 
0 0.10703125 0.65078125 0.0140625 0.0140625 
0 0.10234375 0.65703125 0.0140625 0.0140625 
0 0.0953125 0.6703125 0.015625 0.0125 
0 0.17578125 0.58984375 0.0140625 0.0109375 
0 0.16875 0.59296875 0.015625 0.0140625 
0 0.16796875 0.603125 0.0140625 0.0125 
0 0.16171875 0.6078125 0.0140625 0.0125 
0 0.15625 0.615625 0.015625 0.0125 
0 0.153125 0.6203125 0.015625 0.0125 
0 0.1484375 0.62578125 0.015625 0.0140625 
0 0.14296875 0.6375 0.0109375 0.0125 
0 0.1375 0.64375 0.015625 0.015625 
0 0.1328125 0.64921875 0.015625 0.0109375 
0 0.128125 0.65625 0.015625 0.0125 
0 0.12421875 0.6609375 0.0140625 0.0125 
0 0.1203125 0.6671875 0.015625 0.0125 
0 0.1296875 0.61328125 0.015625 0.0140625 
0 0.13671875 0.60859375 0.0140625 0.0140625 
0 0.13984375 0.603125 0.0140625 0.0125 
0 0.0671875 0.65234375 0.015625 0.0140625 
0 0.1203125 0.57109375 0.015625 0.0140625 
0 0.11484375 0.5765625 0.0140625 0.0125 
0 0.109375 0.58203125 0.015625 0.0140625 
0 0.0984375 0.60078125 0.015625 0.0140625 
0 0.07734375 0.63359375 0.0171875 0.0140625 
0 0.07578125 0.63984375 0.0140625 0.0109375 
0 0.07109375 0.646875 0.0140625 0.0125 
0 0.06171875 0.65625 0.0140625 0.0125 
0 0.14375 0.596875 0.015625 0.0125 
0 0.05859375 0.6640625 0.0140625 0.0125 
0 0.0546875 0.66875 0.015625 0.0125 
0 0.05 0.675 0.015625 0.0125 
0 0.04765625 0.68046875 0.0140625 0.0140625 
0 0.15546875 0.57734375 0.0171875 0.0140625 
0 0.1515625 0.5828125 0.015625 0.015625 
0 0.1484375 0.58984375 0.015625 0.0140625 
