0 0.38671875 0.6 0.0296875 0.028125 
0 0.36796875 0.53359375 0.0171875 0.0328125 
0 0.21015625 0.01484375 0.0140625 0.0265625 
0 0.2421875 0.01484375 0.015625 0.0296875 
0 0.22734375 0.0140625 0.0140625 0.025 
0 0.24375 0.08046875 0.01875 0.0390625 
0 0.13046875 0.08671875 0.0203125 0.0359375 
0 0.109375 0.0859375 0.01875 0.034375 
0 0.353125 0.5296875 0.015625 0.028125 
0 0.290625 0.65 0.015625 0.03125 
0 0.32109375 0.64609375 0.0171875 0.0296875 
0 0.38828125 0.65390625 0.0203125 0.0328125 
0 0.4203125 0.6515625 0.01875 0.028125 
0 0.3171875 0.52890625 0.01875 0.0296875 
0 0.33515625 0.52890625 0.0171875 0.0296875 
