0 0.24140625 0.43828125 0.0140625 0.0078125 
0 0.24296875 0.44609375 0.0140625 0.0078125 
0 0.24296875 0.45234375 0.0140625 0.0078125 
0 0.26953125 0.296875 0.0109375 0.0125 
0 0.378125 0.3046875 0.0125 0.015625 
0 0.4359375 0.53203125 0.0125 0.0140625 
0 0.446875 0.540625 0.0125 0.015625 
0 0.45078125 0.58515625 0.0140625 0.0171875 
0 0.76015625 0.4796875 0.0109375 0.015625 
0 0.84453125 0.5140625 0.0203125 0.01875 
0 0.7984375 0.66015625 0.015625 0.0140625 
0 0.81171875 0.64140625 0.0140625 0.0140625 
0 0.83046875 0.6140625 0.0140625 0.015625 
0 0.85390625 0.671875 0.0140625 0.015625 
0 0.84921875 0.68046875 0.0140625 0.0140625 
0 0.86484375 0.71015625 0.0140625 0.0140625 
0 0.85546875 0.71875 0.0140625 0.015625 
0 0.8765625 0.6453125 0.015625 0.015625 
0 0.86953125 0.615625 0.0140625 0.0125 
0 0.86640625 0.56484375 0.0140625 0.0109375 
0 0.9609375 0.69921875 0.01875 0.0203125 
0 0.47890625 0.56171875 0.0140625 0.0140625 
0 0.50546875 0.5828125 0.0171875 0.01875 
0 0.56328125 0.67421875 0.0203125 0.0234375 
0 0.58984375 0.6453125 0.0171875 0.015625 
0 0.79140625 0.4921875 0.0109375 0.0125 
0 0.7 0.45859375 0.009375 0.0140625 
0 0.4609375 0.55234375 0.015625 0.0140625 
0 0.69140625 0.45703125 0.0078125 0.0140625 
0 0.49453125 0.5765625 0.0140625 0.015625 
0 0.5390625 0.60859375 0.0125 0.0140625 
0 0.546875 0.615625 0.0125 0.0125 
0 0.55859375 0.625 0.0140625 0.0125 
0 0.63515625 0.690625 0.0140625 0.015625 
0 0.54453125 0.6578125 0.0171875 0.015625 
0 0.55546875 0.66640625 0.0171875 0.0171875 
0 0.4921875 0.678125 0.015625 0.015625 
0 0.5890625 0.6984375 0.015625 0.01875 
0 0.59921875 0.7015625 0.0140625 0.015625 
0 0.615625 0.71640625 0.015625 0.0171875 
0 0.625 0.71953125 0.015625 0.0171875 
0 0.66328125 0.746875 0.0078125 0.015625 
0 0.6859375 0.75234375 0.009375 0.0171875 
0 0.70234375 0.75078125 0.0078125 0.0140625 
0 0.64609375 0.696875 0.0140625 0.015625 
0 0.746875 0.75234375 0.009375 0.0171875 
0 0.809375 0.7875 0.01875 0.009375 
0 0.78515625 0.065625 0.0171875 0.00625 
0 0.53046875 0.38828125 0.0140625 0.0109375 
0 0.61484375 0.41953125 0.0140625 0.0109375 
0 0.65703125 0.44375 0.0109375 0.015625 
0 0.67265625 0.44921875 0.0078125 0.0140625 
