0 0.76875 0.8234375 0.015625 0.03125 
0 0.7421875 0.83203125 0.015625 0.0328125 
0 0.72890625 0.8296875 0.0140625 0.03125 
0 0.7140625 0.83203125 0.01875 0.0328125 
0 0.69765625 0.8296875 0.0171875 0.03125 
0 0.68125 0.83203125 0.01875 0.0328125 
0 0.665625 0.83203125 0.01875 0.0359375 
0 0.65 0.83515625 0.015625 0.0328125 
0 0.6375 0.83515625 0.0125 0.0328125 
0 0.81484375 0.75390625 0.0171875 0.0328125 
0 0.79765625 0.75625 0.0171875 0.034375 
0 0.78125 0.753125 0.015625 0.03125 
0 0.74140625 0.7546875 0.0171875 0.034375 
0 0.72578125 0.75703125 0.0171875 0.0328125 
0 0.71171875 0.75703125 0.0171875 0.0328125 
0 0.69609375 0.7546875 0.0171875 0.03125 
0 0.67890625 0.7609375 0.0171875 0.0375 
0 0.6515625 0.75703125 0.01875 0.0328125 
0 0.62265625 0.7578125 0.0171875 0.034375 
1 0.60703125 0.75703125 0.0140625 0.0296875 
0 0.59140625 0.759375 0.0140625 0.034375 
0 0.5734375 0.7640625 0.021875 0.040625 
1 0.64375 0.70078125 0.059375 0.0203125 
1 0.6296875 0.659375 0.0375 0.01875 
