0 0.19375 0.5609375 0.0375 0.028125 
0 0.45234375 0.4140625 0.0171875 0.034375 
0 0.4703125 0.39296875 0.015625 0.0328125 
0 0.26171875 0.54453125 0.0296875 0.0234375 
0 0.2625 0.5140625 0.034375 0.028125 
0 0.2625 0.496875 0.03125 0.025 
0 0.259375 0.48125 0.03125 0.025 
0 0.25859375 0.46640625 0.0296875 0.0265625 
0 0.25546875 0.45078125 0.0359375 0.0296875 
0 0.25546875 0.434375 0.0328125 0.025 
0 0.1578125 0.46484375 0.04375 0.0265625 
0 0.2609375 0.559375 0.034375 0.03125 
0 0.26171875 0.5796875 0.0328125 0.028125 
0 0.1546875 0.49921875 0.03125 0.0234375 
0 0.1515625 0.5140625 0.03125 0.021875 
0 0.1515625 0.53125 0.034375 0.025 
0 0.153125 0.5671875 0.034375 0.028125 
0 0.1921875 0.48984375 0.034375 0.0234375 
0 0.1921875 0.509375 0.034375 0.025 
0 0.19296875 0.525 0.0328125 0.021875 
0 0.190625 0.54453125 0.034375 0.0265625 
