0 0.30078125 0.50703125 0.0296875 0.0359375 
0 0.328125 0.49609375 0.028125 0.0296875 
0 0.28203125 0.459375 0.0296875 0.03125 
0 0.3515625 0.51328125 0.028125 0.0296875 
0 0.346875 0.54765625 0.03125 0.0359375 
0 0.29921875 0.6046875 0.0328125 0.034375 
0 0.275 0.49140625 0.028125 0.0296875 
0 0.2640625 0.4828125 0.025 0.03125 
0 0.2515625 0.47421875 0.03125 0.0328125 
0 0.2671875 0.45234375 0.03125 0.0296875 
0 0.06484375 0.584375 0.0328125 0.028125 
0 0.08359375 0.559375 0.0296875 0.025 
0 0.09296875 0.54921875 0.0296875 0.0265625 
0 0.11015625 0.52421875 0.0265625 0.0296875 
0 0.13203125 0.50078125 0.0328125 0.0296875 
0 0.1421875 0.490625 0.028125 0.025 
0 0.15078125 0.475 0.0296875 0.028125 
0 0.1578125 0.459375 0.0375 0.034375 
0 0.18984375 0.43125 0.0328125 0.03125 
0 0.20078125 0.4140625 0.0359375 0.034375 
