0 0.57421875 0.99453125 0.0140625 0.0109375 
0 0.63046875 0.99375 0.0171875 0.0125 
0 0.55546875 0.99375 0.0171875 0.0125 
0 0.5265625 0.99296875 0.015625 0.0140625 
0 0.50703125 0.99296875 0.0140625 0.0140625 
0 0.48984375 0.99375 0.0140625 0.0125 
0 0.3328125 0.9703125 0.034375 0.021875 
0 0.3328125 0.953125 0.0375 0.025 
0 0.334375 0.98671875 0.034375 0.0234375 
0 0.36875 0.990625 0.034375 0.01875 
0 0.36875 0.975 0.034375 0.028125 
0 0.3703125 0.95625 0.034375 0.028125 
0 0.4515625 0.9703125 0.015625 0.028125 
0 0.4734375 0.99140625 0.015625 0.0171875 
0 0.42109375 0.78203125 0.0234375 0.0421875 
0 0.2890625 0.93515625 0.025 0.0296875 
0 0.26953125 0.94765625 0.0328125 0.0296875 
0 0.26796875 0.96640625 0.0296875 0.0265625 
0 0.2671875 0.984375 0.03125 0.025 
0 0.26484375 0.9921875 0.0359375 0.015625 
