0 0.19921875 0.0546875 0.0171875 0.009375 
0 0.1984375 0.0609375 0.0125 0.00625 
0 0.19453125 0.06796875 0.0140625 0.0078125 
0 0.22421875 0.025 0.0140625 0.009375 
0 0.22421875 0.03515625 0.0171875 0.0078125 
0 0.22265625 0.0421875 0.0140625 0.00625 
0 0.22421875 0.0484375 0.0203125 0.009375 
0 0.22265625 0.05546875 0.0171875 0.0078125 
0 0.21953125 0.06328125 0.0171875 0.0078125 
0 0.22109375 0.06953125 0.0171875 0.0078125 
0 0.2203125 0.08359375 0.015625 0.0078125 
0 0.1984375 0.034375 0.015625 0.009375 
0 0.21953125 0.09140625 0.0171875 0.0078125 
0 0.215625 0.1 0.015625 0.00625 
0 0.1953125 0.103125 0.01875 0.009375 
0 0.2140625 0.11796875 0.015625 0.0078125 
0 0.1609375 0.06484375 0.015625 0.0078125 
0 0.159375 0.071875 0.01875 0.00625 
0 0.1578125 0.07890625 0.015625 0.0078125 
0 0.1578125 0.0859375 0.015625 0.00625 
0 0.15703125 0.09296875 0.0171875 0.0109375 
0 0.15 0.13046875 0.01875 0.0078125 
0 0.20234375 0.046875 0.0203125 0.009375 
0 0.20078125 0.02265625 0.0203125 0.0109375 
0 0.14765625 0.1515625 0.0171875 0.009375 
0 0.26328125 0.02109375 0.0140625 0.0078125 
0 0.26484375 0.0078125 0.0171875 0.00625 
0 0.2640625 0.01328125 0.015625 0.0078125 
0 0.2625 0.0265625 0.015625 0.009375 
0 0.253125 0.115625 0.015625 0.00625 
0 0.26328125 0.03359375 0.0140625 0.0078125 
0 0.25859375 0.0453125 0.0140625 0.00625 
0 0.259375 0.0515625 0.0125 0.009375 
0 0.25703125 0.05859375 0.0140625 0.0078125 
0 0.25625 0.0640625 0.015625 0.00625 
0 0.25390625 0.0703125 0.0203125 0.009375 
0 0.25390625 0.078125 0.0203125 0.009375 
0 0.253125 0.08984375 0.01875 0.0078125 
0 0.253125 0.0984375 0.01875 0.009375 
0 0.2546875 0.10703125 0.01875 0.0109375 
0 0.15 0.14375 0.015625 0.009375 
0 0.190625 0.1453125 0.015625 0.009375 
0 0.22265625 0.82421875 0.0203125 0.0078125 
0 0.2171875 0.3359375 0.009375 0.01875 
0 0.04453125 0.334375 0.0078125 0.0125 
0 0.03828125 0.4109375 0.0078125 0.015625 
0 0.17109375 0.5328125 0.0203125 0.0125 
0 0.46875 0.3875 0.0125 0.00625 
0 0.1078125 0.82890625 0.00625 0.0140625 
0 0.31328125 0.68125 0.0140625 0.009375 
0 0.278125 0.6796875 0.015625 0.00625 
0 0.27578125 0.69765625 0.0171875 0.0078125 
0 0.2828125 0.71484375 0.015625 0.0109375 
0 0.0671875 0.6609375 0.009375 0.01875 
0 0.23125 0.32578125 0.0125 0.0078125 
0 0.25 0.13125 0.015625 0.00625 
0 0.24140625 0.2171875 0.0109375 0.00625 
0 0.24765625 0.13671875 0.0171875 0.0078125 
0 0.25078125 0.15859375 0.0171875 0.0109375 
0 0.24609375 0.16640625 0.0140625 0.0078125 
0 0.24609375 0.1734375 0.0140625 0.00625 
0 0.24609375 0.18203125 0.0140625 0.0109375 
0 0.08828125 0.09609375 0.0140625 0.0265625 
0 0.0578125 0.028125 0.009375 0.015625 
0 0.053125 0.071875 0.009375 0.015625 
0 0.05 0.1015625 0.009375 0.015625 
0 0.2375 0.2421875 0.0125 0.009375 
0 0.2390625 0.2234375 0.0125 0.00625 
0 0.27421875 0.27421875 0.0078125 0.0171875 
0 0.1765625 0.290625 0.01875 0.0125 
0 0.2328125 0.2953125 0.015625 0.009375 
0 0.23203125 0.3171875 0.0171875 0.009375 
0 0.04921875 0.2 0.0109375 0.015625 
0 0.16640625 0.00625 0.0171875 0.00625 
0 0.16640625 0.0140625 0.0140625 0.00625 
0 0.1640625 0.025 0.01875 0.009375 
0 0.13203125 0.8328125 0.0078125 0.021875 
0 0.90078125 0.13828125 0.0078125 0.0171875 
0 0.11796875 0.9859375 0.0109375 0.015625 
0 0.7328125 0.02421875 0.0125 0.0078125 
0 0.71875 0.01640625 0.015625 0.0046875 
0 0.7203125 0.0109375 0.015625 0.00625 
0 0.83125 0.196875 0.028125 0.009375 
0 0.93203125 0.13984375 0.0078125 0.0140625 
0 0.88359375 0.1375 0.0078125 0.015625 
0 0.88515625 0.121875 0.0078125 0.015625 
0 0.875 0.13359375 0.00625 0.0171875 
0 0.86484375 0.12890625 0.0078125 0.0140625 
0 0.85703125 0.12890625 0.0109375 0.0140625 
0 0.84296875 0.1375 0.0078125 0.015625 
0 0.85546875 0.19453125 0.0171875 0.0171875 
0 0.8265625 0.20390625 0.015625 0.0078125 
0 0.8265625 0.18828125 0.01875 0.0078125 
0 0.834375 0.2359375 0.015625 0.009375 
0 0.94609375 0.1578125 0.0078125 0.01875 
0 0.85390625 0.25859375 0.0078125 0.0140625 
0 0.86171875 0.259375 0.0078125 0.015625 
0 0.85078125 0.228125 0.0140625 0.009375 
0 0.8359375 0.22734375 0.015625 0.0109375 
0 0.82265625 0.21875 0.0171875 0.009375 
0 0.82421875 0.17421875 0.0078125 0.0140625 
0 0.825 0.1609375 0.009375 0.015625 
0 0.82578125 0.14609375 0.0078125 0.0140625 
0 0.828125 0.13125 0.009375 0.01875 
0 0.83046875 0.1 0.0078125 0.01875 
0 0.93828125 0.1578125 0.0046875 0.015625 
0 0.93203125 0.15703125 0.0078125 0.0171875 
0 0.86015625 0.1140625 0.0078125 0.015625 
0 0.8921875 0.13828125 0.009375 0.0171875 
0 0.85859375 0.24609375 0.0171875 0.0078125 
0 0.83984375 0.2453125 0.0203125 0.009375 
0 0.93203125 0.021875 0.0203125 0.0125 
0 0.9265625 0.10078125 0.009375 0.0203125 
0 0.90390625 0.0984375 0.0078125 0.01875 
0 0.946875 0.084375 0.021875 0.021875 
0 0.890625 0.05703125 0.021875 0.0203125 
0 0.8859375 0.0734375 0.015625 0.015625 
0 0.84765625 0.10859375 0.0109375 0.0140625 
0 0.86171875 0.09921875 0.0078125 0.0171875 
0 0.9234375 0.15703125 0.00625 0.0140625 
0 0.86484375 0.0828125 0.0109375 0.015625 
0 0.8984375 0.1546875 0.009375 0.015625 
0 0.90703125 0.15546875 0.0078125 0.0171875 
0 0.8828125 0.2 0.009375 0.021875 
0 0.92890625 0.1921875 0.0140625 0.015625 
0 0.91953125 0.1921875 0.0078125 0.015625 
0 0.91171875 0.18984375 0.0109375 0.0171875 
0 0.9046875 0.1890625 0.009375 0.015625 
0 0.95078125 0.140625 0.0078125 0.015625 
0 0.91640625 0.15546875 0.0078125 0.0171875 
0 0.8515625 0.09375 0.009375 0.015625 
0 0.8515625 0.078125 0.009375 0.015625 
0 0.85234375 0.04296875 0.0078125 0.0171875 
0 0.76796875 0.0625 0.0140625 0.00625 
0 0.7703125 0.03671875 0.01875 0.0078125 
0 0.76953125 0.02734375 0.0171875 0.0078125 
0 0.7703125 0.01015625 0.015625 0.0109375 
0 0.79765625 0.021875 0.0140625 0.028125 
0 0.84609375 0.02734375 0.0109375 0.0203125 
0 0.759375 0.14609375 0.0125 0.0078125 
0 0.7609375 0.13359375 0.015625 0.0078125 
0 0.753125 0.18203125 0.015625 0.0109375 
0 0.75234375 0.190625 0.0140625 0.00625 
0 0.84375 0.05390625 0.009375 0.0203125 
0 0.8359375 0.040625 0.00625 0.021875 
0 0.87578125 0.26171875 0.0078125 0.0140625 
0 0.8890625 0.259375 0.015625 0.009375 
0 0.9265625 0.26796875 0.009375 0.0140625 
0 0.93828125 0.26875 0.0078125 0.015625 
0 0.94375 0.26875 0.00625 0.015625 
0 0.93359375 0.29453125 0.0140625 0.0109375 
0 0.91953125 0.29296875 0.0140625 0.0078125 
0 0.90546875 0.29296875 0.0140625 0.0078125 
0 0.94609375 0.3015625 0.0171875 0.009375 
0 0.94765625 0.2953125 0.0171875 0.00625 
0 0.96015625 0.29453125 0.0109375 0.0078125 
0 0.9609375 0.303125 0.0125 0.00625 
0 0.959375 0.30859375 0.015625 0.0078125 
0 0.9578125 0.31640625 0.015625 0.0078125 
0 0.94296875 0.31640625 0.0140625 0.0078125 
0 0.93203125 0.309375 0.0109375 0.00625 
0 0.91875 0.3078125 0.015625 0.009375 
0 0.9 0.3078125 0.015625 0.009375 
0 0.78359375 0.16640625 0.0078125 0.0140625 
0 0.6484375 0.41484375 0.01875 0.0078125 
0 0.58984375 0.40859375 0.0171875 0.0078125 
0 0.75546875 0.3921875 0.0140625 0.015625 
