0 0.04609375 0.44140625 0.0296875 0.0140625 
0 0.04765625 0.4234375 0.0359375 0.015625 
0 0.5640625 0.2828125 0.0375 0.01875 
0 0.9828125 0.30703125 0.03125 0.0140625 
0 0.9359375 0.39609375 0.034375 0.0171875 
0 0.9359375 0.42578125 0.03125 0.0171875 
0 0.93515625 0.446875 0.0296875 0.015625 
0 0.29453125 0.21640625 0.0359375 0.0203125 
0 0.4109375 0.66796875 0.01875 0.0390625 
0 0.046875 0.40625 0.03125 0.015625 
0 0.05234375 0.371875 0.0359375 0.01875 
0 0.04921875 0.35 0.0359375 0.015625 
0 0.1375 0.4703125 0.028125 0.01875 
0 0.09375 0.246875 0.028125 0.015625 
0 0.13125 0.43203125 0.0375 0.0203125 
0 0.1359375 0.41484375 0.03125 0.0203125 
0 0.12578125 0.38515625 0.0359375 0.0234375 
0 0.1203125 0.36171875 0.034375 0.0234375 
0 0.1078125 0.3109375 0.0375 0.01875 
0 0.14609375 0.26484375 0.0359375 0.0265625 
0 0.1 0.26328125 0.03125 0.0203125 
