0 0.7390625 0.409375 0.015625 0.025 
0 0.709375 0.409375 0.015625 0.025 
0 0.725 0.40859375 0.0125 0.0234375 
0 0.63671875 0.42265625 0.0140625 0.0265625 
0 0.40859375 0.27578125 0.0421875 0.0171875 
0 0.3171875 0.32890625 0.028125 0.0140625 
0 0.32578125 0.25390625 0.0359375 0.0171875 
0 0.80390625 0.41171875 0.0140625 0.0265625 
0 0.7671875 0.4828125 0.015625 0.025 
0 0.7875 0.48125 0.015625 0.028125 
0 0.8375 0.48359375 0.0125 0.0234375 
0 0.70859375 0.9296875 0.0171875 0.025 
0 0.7453125 0.73984375 0.015625 0.0359375 
0 0.63046875 0.6921875 0.0171875 0.03125 
0 0.6296875 0.63671875 0.01875 0.0265625 
0 0.6265625 0.57109375 0.015625 0.0265625 
0 0.90078125 0.484375 0.0171875 0.028125 
0 0.9171875 0.4828125 0.015625 0.028125 
0 0.8671875 0.48359375 0.015625 0.0265625 
0 0.85078125 0.4828125 0.0140625 0.025 
0 0.328125 0.84375 0.01875 0.034375 
0 0.1609375 0.34375 0.028125 0.0125 
0 0.803125 0.48203125 0.015625 0.0296875 
0 0.953125 0.4140625 0.0125 0.028125 
0 0.853125 0.41328125 0.0125 0.0234375 
