0 0.9921875 0.97421875 0.015625 0.0078125 
0 0.99140625 0.9953125 0.0171875 0.009375 
0 0.99296875 0.9875 0.0140625 0.009375 
0 0.93203125 0.93984375 0.0140625 0.0265625 
0 0.9015625 0.871875 0.009375 0.015625 
0 0.896875 0.915625 0.009375 0.015625 
0 0.89375 0.9453125 0.009375 0.015625 
0 0.8140625 0.97421875 0.009375 0.0140625 
0 0.91953125 0.71328125 0.0078125 0.0171875 
0 0.91953125 0.6953125 0.0078125 0.015625 
0 0.9234375 0.66484375 0.009375 0.0203125 
0 0.91640625 0.76171875 0.0109375 0.0171875 
0 0.90703125 0.82734375 0.0109375 0.0171875 
0 0.96484375 0.6953125 0.0078125 0.028125 
0 0.9625 0.72734375 0.009375 0.0234375 
0 0.91796875 0.7296875 0.0078125 0.015625 
