0 0.9921875 0.13046875 0.015625 0.0078125 
0 0.99140625 0.1515625 0.0171875 0.009375 
0 0.99296875 0.14375 0.0140625 0.009375 
0 0.83046875 0.503125 0.0203125 0.009375 
0 0.88828125 0.334375 0.0078125 0.0125 
0 0.8390625 0.27578125 0.021875 0.0078125 
0 0.81953125 0.3234375 0.0078125 0.015625 
0 0.8125 0.32109375 0.00625 0.0140625 
0 0.7390625 0.3875 0.01875 0.009375 
0 0.76015625 0.38984375 0.0078125 0.0140625 
0 0.88203125 0.4109375 0.0078125 0.015625 
0 0.83359375 0.4890625 0.0140625 0.009375 
0 0.8265625 0.52734375 0.01875 0.0078125 
0 0.8203125 0.5875 0.0125 0.009375 
0 0.82109375 0.61015625 0.0171875 0.0078125 
0 0.81953125 0.61796875 0.0171875 0.0109375 
0 0.9515625 0.82890625 0.00625 0.0140625 
0 0.9109375 0.6609375 0.009375 0.01875 
0 0.81484375 0.67578125 0.0171875 0.0078125 
0 0.8375 0.2671875 0.01875 0.009375 
0 0.93203125 0.09609375 0.0140625 0.0265625 
0 0.9015625 0.028125 0.009375 0.015625 
0 0.896875 0.071875 0.009375 0.015625 
0 0.89375 0.1015625 0.009375 0.015625 
0 0.8140625 0.13046875 0.009375 0.0140625 
0 0.8390625 0.2625 0.015625 0.009375 
0 0.89296875 0.2 0.0109375 0.015625 
0 0.79375 0.2609375 0.015625 0.015625 
0 0.76875 0.25703125 0.009375 0.0109375 
0 0.746875 0.28046875 0.0125 0.0140625 
0 0.8390625 0.2546875 0.01875 0.00625 
0 0.73515625 0.69296875 0.0109375 0.0265625 
0 0.97578125 0.8328125 0.0078125 0.021875 
0 0.96171875 0.9859375 0.0109375 0.015625 
0 0.73828125 0.98671875 0.0171875 0.0078125 
0 0.7421875 0.97265625 0.015625 0.0078125 
0 0.7734375 0.953125 0.015625 0.009375 
0 0.784375 0.85390625 0.025 0.0109375 
0 0.78359375 0.8609375 0.0234375 0.009375 
0 0.78203125 0.86953125 0.0203125 0.0109375 
0 0.78203125 0.896875 0.0203125 0.0125 
0 0.78125 0.90546875 0.01875 0.0109375 
0 0.78125 0.91796875 0.015625 0.0078125 
0 0.78046875 0.9265625 0.0171875 0.00625 
0 0.7765625 0.93359375 0.015625 0.0109375 
0 0.77578125 0.946875 0.0140625 0.009375 
0 0.77578125 0.96171875 0.0171875 0.0078125 
0 0.73984375 0.95859375 0.0140625 0.0078125 
0 0.7765625 0.96796875 0.01875 0.0078125 
0 0.77734375 0.97578125 0.0171875 0.0078125 
0 0.76875 0.98203125 0.025 0.0109375 
0 0.7703125 0.9890625 0.021875 0.009375 
0 0.7453125 0.9 0.015625 0.009375 
0 0.74453125 0.92265625 0.0171875 0.0109375 
0 0.7421875 0.9296875 0.015625 0.0125 
0 0.74140625 0.94375 0.0140625 0.00625 
