0 0.3765625 0.83671875 0.040625 0.0296875 
0 0.36484375 0.9484375 0.0171875 0.025 
0 0.32421875 0.76875 0.0390625 0.015625 
0 0.2828125 0.6921875 0.025 0.0125 
0 0.28046875 0.6328125 0.0296875 0.015625 
0 0.1140625 0.3390625 0.040625 0.015625 
1 0.56171875 0.6046875 0.0671875 0.0375 
0 0.66640625 0.7734375 0.0234375 0.03125 
0 0.64609375 0.778125 0.0203125 0.028125 
0 0.675 0.85390625 0.028125 0.0328125 
0 0.93984375 0.5890625 0.0171875 0.028125 
0 0.69296875 0.159375 0.0171875 0.03125 
0 0.709375 0.16171875 0.015625 0.0265625 
0 0.76328125 0.159375 0.0171875 0.03125 
0 0.79375 0.1578125 0.015625 0.034375 
0 0.81015625 0.1578125 0.0140625 0.03125 
0 0.88203125 0.159375 0.0171875 0.0375 
0 0.8765625 0.06796875 0.015625 0.0265625 
0 0.85859375 0.06875 0.0171875 0.028125 
0 0.83515625 0.0703125 0.0171875 0.034375 
0 0.81875 0.06953125 0.015625 0.0328125 
0 0.79453125 0.06328125 0.0203125 0.0265625 
0 0.77890625 0.06484375 0.0140625 0.0265625 
0 0.76171875 0.0640625 0.0140625 0.03125 
0 0.51796875 0.6125 0.0296875 0.0375 
0 0.19609375 0.95390625 0.0296875 0.0296875 
0 0.47421875 0.65703125 0.0296875 0.0171875 
0 0.4140625 0.95234375 0.015625 0.0328125 
0 0.2296875 0.7671875 0.040625 0.025 
0 0.2234375 0.74921875 0.0375 0.0265625 
0 0.203125 0.7109375 0.03125 0.025 
0 0.1890625 0.6546875 0.034375 0.021875 
0 0.2828125 0.66484375 0.025 0.0109375 
0 0.16875 0.625 0.028125 0.015625 
0 0.2734375 0.59140625 0.034375 0.0171875 
0 0.2828125 0.559375 0.034375 0.015625 
0 0.02578125 0.625 0.0359375 0.021875 
0 0.10390625 0.771875 0.0265625 0.03125 
0 0.428125 0.5828125 0.0375 0.015625 
0 0.00703125 0.15859375 0.0109375 0.0171875 
0 0.0453125 0.15390625 0.034375 0.0359375 
0 0.08515625 0.16953125 0.0265625 0.0265625 
0 0.10703125 0.1671875 0.0296875 0.028125 
0 0.1296875 0.165625 0.028125 0.028125 
0 0.21875 0.1703125 0.03125 0.03125 
0 0.24140625 0.16953125 0.0265625 0.0265625 
0 0.25 0.06015625 0.015625 0.0265625 
0 0.26484375 0.05390625 0.0203125 0.0328125 
0 0.28203125 0.04375 0.0171875 0.028125 
0 0.2953125 0.040625 0.021875 0.03125 
0 0.2296875 0.05625 0.021875 0.028125 
0 0.46171875 0.0625 0.0390625 0.015625 
