0 0.9765625 0.0359375 0.028125 0.028125 
0 0.428125 0.0875 0.028125 0.0375 
0 0.36796875 0.21484375 0.0234375 0.0296875 
0 0.19765625 0.578125 0.0265625 0.034375 
0 0.0515625 0.8125 0.028125 0.03125 
0 0.80625 0.01875 0.034375 0.0375 
0 0.86171875 0.084375 0.0296875 0.015625 
1 0.70078125 0.67265625 0.0984375 0.0953125 
1 0.728125 0.24921875 0.1 0.1078125 
1 0.7796875 0.16171875 0.1 0.1015625 
1 0.990625 0.1640625 0.01875 0.1 
0 0.578125 0.07109375 0.028125 0.0359375 
0 0.425 0.30859375 0.025 0.0359375 
0 0.39609375 0.36796875 0.0296875 0.0390625 
0 0.7140625 0.9078125 0.028125 0.03125 
0 0.3640625 0.45390625 0.034375 0.0484375 
0 0.32890625 0.54140625 0.0171875 0.0296875 
0 0.509375 0.6625 0.025 0.028125 
0 0.49296875 0.753125 0.0296875 0.028125 
0 0.41796875 0.74765625 0.0296875 0.0328125 
0 0.421875 0.71171875 0.040625 0.0171875 
0 0.46015625 0.71328125 0.0296875 0.0140625 
0 0.9890625 0.784375 0.021875 0.03125 
0 0.93359375 0.75625 0.0328125 0.03125 
1 0.92421875 0.784375 0.0484375 0.053125 
1 0.828125 0.7671875 0.103125 0.103125 
1 0.98515625 0.678125 0.0296875 0.10625 
1 0.91875 0.67734375 0.103125 0.1015625 
1 0.8859375 0.68203125 0.1 0.1015625 
1 0.80859375 0.671875 0.1046875 0.1 
1 0.75625 0.76484375 0.10625 0.1015625 
1 0.64765625 0.76015625 0.1015625 0.1015625 
1 0.54453125 0.76171875 0.1046875 0.1109375 
1 0.62734375 0.50859375 0.0984375 0.1015625 
1 0.72265625 0.4203125 0.1046875 0.103125 
1 0.7546875 0.42421875 0.103125 0.1015625 
1 0.56171875 0.50390625 0.0984375 0.1015625 
1 0.61484375 0.4140625 0.1015625 0.1 
1 0.57734375 0.41640625 0.1046875 0.1015625 
1 0.534375 0.4203125 0.103125 0.1 
1 0.7921875 0.4234375 0.103125 0.1 
1 0.940625 0.425 0.103125 0.1 
1 0.959375 0.4296875 0.08125 0.103125 
1 0.98046875 0.42734375 0.0390625 0.0984375 
1 0.98515625 0.52265625 0.0296875 0.0984375 
1 0.471875 0.2125 0.071875 0.11875 
1 0.31328125 0.9875 0.1296875 0.025 
1 0.3171875 0.9765625 0.13125 0.046875 
1 0.49609375 0.9328125 0.0890625 0.115625 
1 0.52734375 0.9265625 0.0859375 0.1125 
1 0.54453125 0.94453125 0.0859375 0.1109375 
1 0.95234375 0.51171875 0.0953125 0.0984375 
1 0.9203125 0.26875 0.1 0.103125 
1 0.8390625 0.2578125 0.1 0.10625 
1 0.7984375 0.2546875 0.1 0.103125 
1 0.76640625 0.2546875 0.0984375 0.103125 
1 0.68359375 0.24453125 0.0953125 0.1015625 
1 0.70546875 0.15859375 0.0921875 0.0984375 
1 0.821875 0.16953125 0.09375 0.1015625 
1 0.8515625 0.16796875 0.096875 0.1046875 
1 0.8921875 0.16953125 0.103125 0.1046875 
1 0.9734375 0.16484375 0.053125 0.1015625 
1 0.7796875 0.0265625 0.1 0.05 
1 0.86484375 0.025 0.1046875 0.046875 
1 0.95078125 0.26328125 0.0984375 0.1046875 
1 0.521875 0.1125 0.05 0.071875 
