0 0.6359375 0.628125 0.03125 0.015625 
0 0.6359375 0.6453125 0.034375 0.015625 
0 0.6375 0.6609375 0.03125 0.015625 
0 0.63515625 0.67578125 0.0296875 0.0171875 
0 0.63203125 0.69296875 0.0296875 0.0171875 
0 0.63515625 0.71875 0.0328125 0.01875 
0 0.63515625 0.7359375 0.0296875 0.015625 
0 0.63203125 0.75 0.0328125 0.015625 
0 0.6328125 0.76640625 0.03125 0.0171875 
0 0.728125 0.46171875 0.03125 0.0171875 
0 0.72578125 0.475 0.0296875 0.015625 
0 0.72578125 0.53671875 0.0328125 0.0171875 
0 0.725 0.51953125 0.034375 0.0171875 
0 0.728125 0.55078125 0.03125 0.0140625 
0 0.72734375 0.61640625 0.0296875 0.0171875 
0 0.72578125 0.6484375 0.0390625 0.01875 
0 0.89296875 0.48515625 0.0328125 0.0140625 
0 0.6359375 0.6125 0.034375 0.01875 
0 0.63671875 0.5953125 0.0296875 0.0125 
0 0.6375 0.578125 0.03125 0.015625 
0 0.6359375 0.42265625 0.03125 0.0140625 
0 0.57421875 0.18125 0.0140625 0.028125 
0 0.63046875 0.18359375 0.0171875 0.0359375 
0 0.53671875 0.26328125 0.0171875 0.0296875 
0 0.55390625 0.2640625 0.0171875 0.034375 
0 0.56875 0.26328125 0.015625 0.0359375 
0 0.58515625 0.2625 0.0171875 0.028125 
0 0.61796875 0.26484375 0.0171875 0.0328125 
0 0.6390625 0.4390625 0.034375 0.015625 
0 0.63828125 0.56484375 0.0359375 0.0140625 
0 0.63828125 0.4546875 0.0296875 0.015625 
0 0.63828125 0.46875 0.0328125 0.0125 
0 0.640625 0.48515625 0.034375 0.0140625 
0 0.6390625 0.50078125 0.03125 0.0171875 
0 0.6375 0.5171875 0.03125 0.015625 
0 0.63515625 0.53359375 0.0359375 0.0171875 
0 0.6359375 0.54921875 0.034375 0.0140625 
0 0.89140625 0.4609375 0.0296875 0.01875 
0 0.88984375 0.44140625 0.0296875 0.0140625 
0 0.89140625 0.4234375 0.0359375 0.015625 
0 0.890625 0.40625 0.03125 0.015625 
0 0.72109375 0.8140625 0.0421875 0.01875 
0 0.89609375 0.371875 0.0359375 0.01875 
0 0.89296875 0.35 0.0359375 0.015625 
0 0.7234375 0.72421875 0.034375 0.0140625 
0 0.72109375 0.73671875 0.0359375 0.0140625 
0 0.721875 0.7515625 0.0375 0.01875 
0 0.721875 0.76796875 0.034375 0.0171875 
0 0.721875 0.78359375 0.03125 0.0171875 
0 0.98125 0.4703125 0.028125 0.01875 
0 0.9375 0.246875 0.028125 0.015625 
0 0.975 0.43203125 0.0375 0.0203125 
0 0.9796875 0.41484375 0.03125 0.0203125 
0 0.96953125 0.38515625 0.0359375 0.0234375 
0 0.9640625 0.36171875 0.034375 0.0234375 
0 0.9515625 0.3109375 0.0375 0.01875 
0 0.9859375 0.26484375 0.028125 0.0265625 
0 0.94375 0.26328125 0.03125 0.0203125 
0 0.55546875 0.1796875 0.0171875 0.028125 
0 0.5265625 0.1796875 0.015625 0.03125 
0 0.50703125 0.17890625 0.0140625 0.0296875 
0 0.05703125 0.846875 0.0359375 0.0125 
0 0.48984375 0.1796875 0.0140625 0.028125 
0 0.3328125 0.1484375 0.034375 0.021875 
0 0.37578125 0.26171875 0.0171875 0.0296875 
0 0.38984375 0.26015625 0.0203125 0.0359375 
0 0.421875 0.26328125 0.01875 0.0328125 
0 0.4390625 0.26484375 0.015625 0.0296875 
0 0.5046875 0.26015625 0.01875 0.0359375 
0 0.52109375 0.2640625 0.0171875 0.034375 
0 0.3328125 0.13125 0.0375 0.025 
0 0.334375 0.16484375 0.034375 0.0234375 
0 0.34296875 0.2578125 0.0171875 0.03125 
0 0.33828125 0.1828125 0.0359375 0.021875 
0 0.36875 0.18828125 0.028125 0.0234375 
0 0.36875 0.17109375 0.034375 0.0234375 
0 0.36875 0.153125 0.034375 0.028125 
0 0.3703125 0.134375 0.034375 0.028125 
0 0.4515625 0.1484375 0.015625 0.028125 
0 0.4734375 0.1765625 0.015625 0.03125 
0 0.36015625 0.25625 0.0171875 0.040625 
0 0.32734375 0.25703125 0.0171875 0.0296875 
0 0.13515625 0.85234375 0.0421875 0.0171875 
0 0.11171875 0.38359375 0.0203125 0.0453125 
0 0.09375 0.3859375 0.01875 0.04375 
0 0.125 0.3203125 0.015625 0.034375 
0 0.02578125 0.26796875 0.0171875 0.0359375 
0 0.11171875 0.24921875 0.0359375 0.0171875 
0 0.0078125 0.26328125 0.0125 0.0390625 
0 0.2890625 0.11328125 0.025 0.0296875 
0 0.309375 0.2578125 0.015625 0.03125 
0 0.26953125 0.12578125 0.0328125 0.0296875 
0 0.26796875 0.14453125 0.0296875 0.0265625 
0 0.2671875 0.1625 0.03125 0.025 
0 0.26484375 0.17734375 0.0359375 0.0296875 
0 0.265625 0.1953125 0.034375 0.028125 
0 0.27890625 0.2578125 0.0171875 0.034375 
0 0.29375 0.25703125 0.015625 0.0328125 
