0 0.21953125 0.225 0.0265625 0.0125 
0 0.3078125 0.67890625 0.0125 0.0265625 
0 0.2625 0.6828125 0.021875 0.03125 
0 0.246875 0.67734375 0.015625 0.0265625 
0 0.22890625 0.678125 0.0140625 0.025 
0 0.1953125 0.6203125 0.025 0.01875 
0 0.2015625 0.6890625 0.0125 0.025 
0 0.15546875 0.70234375 0.0234375 0.0265625 
0 0.3078125 0.57890625 0.025 0.0171875 
0 0.2875 0.55859375 0.021875 0.0109375 
0 0.26640625 0.46640625 0.0140625 0.0265625 
0 0.18046875 0.31875 0.0328125 0.0125 
0 0.16875 0.27109375 0.025 0.0140625 
0 0.18046875 0.25625 0.0296875 0.0125 
0 0.26640625 0.04296875 0.0203125 0.0359375 
0 0.29453125 0.04921875 0.0109375 0.0296875 
0 0.37578125 0.67890625 0.0109375 0.0265625 
0 0.83046875 0.6234375 0.0078125 0.028125 
0 0.84921875 0.6265625 0.0109375 0.025 
0 0.18984375 0.4421875 0.0296875 0.0125 
0 0.78828125 0.53671875 0.0203125 0.0296875 
0 0.81171875 0.51640625 0.0140625 0.0296875 
0 0.82265625 0.546875 0.0140625 0.021875 
0 0.94765625 0.62265625 0.0140625 0.0265625 
0 0.9265625 0.61953125 0.015625 0.0296875 
0 0.91328125 0.63125 0.0109375 0.021875 
0 0.89453125 0.6234375 0.0109375 0.021875 
0 0.87734375 0.628125 0.0109375 0.025 
0 0.92421875 0.5078125 0.0296875 0.025 
