0 0.06796875 0.1109375 0.0109375 0.025 
0 0.08203125 0.1078125 0.0140625 0.025 
0 0.0953125 0.1078125 0.009375 0.021875 
0 0.11171875 0.10546875 0.0109375 0.0234375 
0 0.12734375 0.109375 0.0140625 0.028125 
0 0.159375 0.1140625 0.015625 0.025 
0 0.1625 0.17265625 0.028125 0.0140625 
0 0.20078125 0.11796875 0.0109375 0.0265625 
0 0.21796875 0.11953125 0.0109375 0.0203125 
0 0.234375 0.1234375 0.0125 0.021875 
0 0.2484375 0.121875 0.0125 0.028125 
0 0.26484375 0.1796875 0.0328125 0.021875 
0 0.00546875 0.2125 0.0078125 0.028125 
0 0.1078125 0.35234375 0.028125 0.0109375 
0 0.13046875 0.3328125 0.0109375 0.021875 
0 0.1046875 0.36796875 0.021875 0.0109375 
0 0.1046875 0.3828125 0.028125 0.015625 
0 0.1921875 0.34375 0.0125 0.021875 
0 0.209375 0.34375 0.0125 0.025 
0 0.340625 0.3609375 0.009375 0.021875 
0 0.253125 0.346875 0.0125 0.021875 
0 0.265625 0.3515625 0.0125 0.025 
0 0.175 0.4171875 0.0125 0.01875 
0 0.190625 0.41796875 0.0125 0.0203125 
0 0.20625 0.41875 0.009375 0.021875 
0 0.2359375 0.42265625 0.009375 0.0265625 
0 0.25 0.42109375 0.0125 0.0234375 
0 0.26484375 0.42578125 0.0109375 0.0234375 
0 0.28046875 0.42734375 0.0109375 0.0265625 
0 0.44375 0.69921875 0.0125 0.0296875 
0 0.4140625 0.6984375 0.0125 0.028125 
0 0.4015625 0.69921875 0.0125 0.0296875 
0 0.38828125 0.67421875 0.0109375 0.0234375 
0 0.43515625 0.6671875 0.0296875 0.028125 
0 0.4359375 0.51015625 0.021875 0.0296875 
0 0.42421875 0.51640625 0.0171875 0.0296875 
0 0.39453125 0.5296875 0.0171875 0.025 
0 0.3828125 0.53828125 0.01875 0.0265625 
0 0.36640625 0.5421875 0.0171875 0.028125 
0 0.35234375 0.54921875 0.0171875 0.0234375 
0 0.3390625 0.55859375 0.01875 0.0265625 
0 0.32265625 0.565625 0.0203125 0.028125 
0 0.303125 0.571875 0.01875 0.028125 
0 0.28671875 0.578125 0.0171875 0.025 
0 0.2765625 0.5859375 0.01875 0.028125 
0 0.26328125 0.5921875 0.0203125 0.025 
0 0.24609375 0.6015625 0.0203125 0.028125 
0 0.20546875 0.65234375 0.0265625 0.0140625 
0 0.20234375 0.66953125 0.0296875 0.0140625 
0 0.20546875 0.6828125 0.0328125 0.015625 
0 0.1984375 0.70078125 0.028125 0.0140625 
0 0.1890625 0.7171875 0.025 0.009375 
0 0.19140625 0.73203125 0.0328125 0.0140625 
0 0.18984375 0.76328125 0.0328125 0.0109375 
0 0.18671875 0.7828125 0.0265625 0.0125 
0 0.18203125 0.796875 0.0265625 0.0125 
0 0.18203125 0.81328125 0.0265625 0.0109375 
0 0.17890625 0.828125 0.0328125 0.0125 
0 0.459375 0.70546875 0.015625 0.0265625 
0 0.396875 0.73125 0.0125 0.028125 
0 0.4125 0.73046875 0.0125 0.0265625 
0 0.36015625 0.496875 0.0203125 0.025 
0 0.2921875 0.42890625 0.0125 0.0234375 
0 0.309375 0.43046875 0.0125 0.0234375 
0 0.16953125 0.44453125 0.0140625 0.0234375 
0 0.1875 0.44765625 0.015625 0.0328125 
0 0.20078125 0.45 0.0109375 0.025 
0 0.215625 0.45078125 0.0125 0.0265625 
0 0.23125 0.453125 0.009375 0.025 
0 0.246875 0.45390625 0.0125 0.0203125 
0 0.26171875 0.45703125 0.0109375 0.0234375 
0 0.28984375 0.4609375 0.0109375 0.025 
0 0.3015625 0.5265625 0.01875 0.025 
0 0.31328125 0.51796875 0.0203125 0.0296875 
0 0.33046875 0.51484375 0.0203125 0.0296875 
0 0.3734375 0.49296875 0.01875 0.0265625 
0 0.42578125 0.7328125 0.0140625 0.028125 
0 0.38515625 0.48515625 0.0234375 0.0296875 
0 0.40234375 0.478125 0.0203125 0.03125 
0 0.603125 0.3203125 0.021875 0.034375 
0 0.4578125 0.2828125 0.025 0.01875 
0 0.47578125 0.3390625 0.0265625 0.01875 
0 0.48203125 0.353125 0.0265625 0.015625 
0 0.4953125 0.36171875 0.025 0.0171875 
0 0.4984375 0.39296875 0.03125 0.0203125 
0 0.50859375 0.41171875 0.0265625 0.0203125 
0 0.509375 0.4296875 0.025 0.015625 
0 0.51953125 0.45390625 0.0265625 0.0171875 
0 0.62734375 0.63984375 0.0265625 0.0140625 
0 0.4453125 0.734375 0.015625 0.028125 
0 0.7703125 0.784375 0.028125 0.01875 
0 0.27109375 0.7625 0.0234375 0.015625 
0 0.26171875 0.85078125 0.0296875 0.0140625 
0 0.25390625 0.88125 0.0328125 0.015625 
0 0.17421875 0.9140625 0.0328125 0.01875 
