0 0.99453125 0.23515625 0.0109375 0.0109375 
0 0.61640625 0.35234375 0.0140625 0.0265625 
0 0.60234375 0.35546875 0.0109375 0.0265625 
0 0.5828125 0.35546875 0.009375 0.0296875 
0 0.55546875 0.3546875 0.0109375 0.025 
0 0.5 0.35546875 0.009375 0.0234375 
0 0.46484375 0.35703125 0.0109375 0.0234375 
0 0.45078125 0.35546875 0.0109375 0.0234375 
0 0.35 0.33125 0.025 0.009375 
0 0.34921875 0.2859375 0.0234375 0.0125 
0 0.34765625 0.26875 0.0203125 0.009375 
0 0.3484375 0.22421875 0.021875 0.0078125 
0 0.9921875 0.51875 0.015625 0.0125 
0 0.084375 0.84296875 0.009375 0.0265625 
0 0.73671875 0.33359375 0.0109375 0.0203125 
0 0.13046875 0.965625 0.0140625 0.021875 
0 0.04609375 0.84296875 0.0109375 0.0203125 
0 0.06328125 0.8453125 0.0140625 0.028125 
0 0.2640625 0.88046875 0.021875 0.0234375 
0 0.33515625 0.72421875 0.0140625 0.0296875 
0 0.06171875 0.465625 0.0140625 0.03125 
0 0.990625 0.8171875 0.01875 0.0125 
0 0.9921875 0.76796875 0.015625 0.0140625 
0 0.99296875 0.5359375 0.0140625 0.015625 
