0 0.4140625 0.19765625 0.0125 0.0046875 
0 0.41640625 0.20390625 0.0109375 0.0078125 
0 0.41796875 0.2265625 0.0140625 0.00625 
0 0.3578125 0.23671875 0.00625 0.0140625 
0 0.36484375 0.234375 0.0046875 0.0125 
0 0.371875 0.23359375 0.00625 0.0140625 
0 0.37890625 0.234375 0.0046875 0.0125 
0 0.3859375 0.23515625 0.00625 0.0140625 
0 0.3921875 0.23671875 0.00625 0.0140625 
0 0.39921875 0.23671875 0.0046875 0.0109375 
0 0.4046875 0.23515625 0.00625 0.0171875 
0 0.42109375 0.23671875 0.0078125 0.0140625 
0 0.0546875 0.371875 0.0125 0.00625 
0 0.79609375 0.12109375 0.0140625 0.0140625 
0 0.69375 0.1234375 0.009375 0.015625 
0 0.58046875 0.1734375 0.0109375 0.015625 
0 0.5890625 0.17421875 0.009375 0.0140625 
0 0.59921875 0.2765625 0.0078125 0.015625 
0 0.6109375 0.278125 0.00625 0.015625 
0 0.6421875 0.26953125 0.015625 0.0078125 
0 0.64296875 0.28046875 0.0140625 0.0046875 
0 0.6421875 0.2875 0.0125 0.00625 
0 0.64296875 0.31328125 0.0140625 0.0078125 
0 0.6875 0.4 0.00625 0.0125 
0 0.70390625 0.39921875 0.0046875 0.0140625 
0 0.36171875 0.1703125 0.0046875 0.0125 
0 0.3546875 0.1703125 0.00625 0.0125 
0 0.340625 0.21875 0.0125 0.00625 
0 0.34140625 0.21171875 0.0140625 0.0046875 
0 0.30390625 0.16796875 0.0078125 0.0140625 
0 0.31328125 0.1828125 0.0046875 0.015625 
0 0.3015625 0.2375 0.00625 0.0125 
0 0.2921875 0.25703125 0.00625 0.0140625 
0 0.3015625 0.30234375 0.009375 0.0171875 
0 0.25234375 0.26015625 0.0078125 0.0171875 
0 0.25390625 0.3140625 0.0078125 0.015625 
0 0.47734375 0.02109375 0.0171875 0.0078125 
0 0.5 0.03671875 0.009375 0.0140625 
0 0.49140625 0.0359375 0.0078125 0.015625 
0 0.48515625 0.0359375 0.0109375 0.015625 
0 0.46875 0.04375 0.0125 0.009375 
0 0.45 0.040625 0.00625 0.015625 
0 0.4578125 0.05859375 0.01875 0.0078125 
0 0.4109375 0.059375 0.015625 0.00625 
0 0.340625 0.16796875 0.0125 0.0046875 
0 0.340625 0.175 0.0125 0.003125 
0 0.34140625 0.18046875 0.0109375 0.0046875 
0 0.34140625 0.1875 0.0109375 0.00625 
0 0.34140625 0.19296875 0.0109375 0.0046875 
0 0.34140625 0.19921875 0.0140625 0.0046875 
0 0.34140625 0.20703125 0.0140625 0.0046875 
0 0.5921875 0.40234375 0.00625 0.0109375 
0 0.5828125 0.40234375 0.00625 0.0140625 
0 0.57421875 0.4015625 0.0046875 0.015625 
0 0.0890625 0.234375 0.009375 0.015625 
0 0.221875 0.38515625 0.0125 0.0078125 
0 0.2015625 0.4 0.00625 0.0125 
0 0.18984375 0.4 0.0078125 0.015625 
0 0.1828125 0.39921875 0.009375 0.0140625 
0 0.1734375 0.39921875 0.00625 0.0140625 
0 0.159375 0.4 0.00625 0.015625 
0 0.15703125 0.38203125 0.0140625 0.0109375 
0 0.1140625 0.4 0.00625 0.0125 
0 0.10546875 0.3984375 0.0046875 0.0125 
0 0.09765625 0.39765625 0.0046875 0.0140625 
0 0.09140625 0.4 0.0078125 0.015625 
0 0.0828125 0.3984375 0.00625 0.015625 
0 0.075 0.39765625 0.00625 0.0140625 
0 0.0671875 0.3984375 0.00625 0.015625 
0 0.05546875 0.2640625 0.0140625 0.00625 
0 0.05703125 0.2765625 0.0140625 0.00625 
0 0.05703125 0.29296875 0.0109375 0.0078125 
0 0.05703125 0.3015625 0.0109375 0.00625 
0 0.05703125 0.31015625 0.0109375 0.0046875 
0 0.0546875 0.3171875 0.0125 0.00625 
0 0.05546875 0.32421875 0.0140625 0.0046875 
0 0.05390625 0.33125 0.0109375 0.003125 
0 0.05546875 0.33828125 0.0109375 0.0046875 
0 0.05546875 0.34609375 0.0140625 0.0046875 
0 0.05546875 0.353125 0.0140625 0.00625 
0 0.11953125 0.2515625 0.0109375 0.0125 
0 0.1046875 0.23203125 0.009375 0.0140625 
0 0.5671875 0.4 0.00625 0.0125 
0 0.121875 0.2328125 0.009375 0.0125 
0 0.55859375 0.4 0.0078125 0.0125 
0 0.55 0.4015625 0.00625 0.0125 
0 0.5421875 0.403125 0.00625 0.0125 
0 0.5359375 0.403125 0.00625 0.0125 
0 0.5265625 0.40234375 0.00625 0.0140625 
0 0.51796875 0.40234375 0.0046875 0.0140625 
0 0.5125 0.4015625 0.00625 0.0125 
0 0.50390625 0.40078125 0.0046875 0.0109375 
0 0.4953125 0.4015625 0.00625 0.0125 
0 0.4875 0.40390625 0.00625 0.0140625 
0 0.47890625 0.403125 0.0078125 0.015625 
0 0.41640625 0.38828125 0.0140625 0.0046875 
0 0.290625 0.3640625 0.00625 0.015625 
0 0.240625 0.37890625 0.00625 0.0140625 
0 0.2515625 0.403125 0.00625 0.015625 
0 0.29921875 0.4734375 0.0078125 0.015625 
0 0.321875 0.46171875 0.00625 0.0171875 
0 0.2890625 0.503125 0.00625 0.015625 
0 0.20234375 0.23359375 0.0078125 0.0140625 
0 0.2078125 0.25625 0.0125 0.0125 
0 0.178125 0.23359375 0.009375 0.0140625 
0 0.15859375 0.25390625 0.0109375 0.0140625 
0 0.15 0.25234375 0.0125 0.0140625 
0 0.1375 0.2515625 0.0125 0.0125 
0 0.13671875 0.23515625 0.0078125 0.0109375 
0 0.29296875 0.1609375 0.0078125 0.015625 
0 0.21875 0.121875 0.015625 0.00625 
0 0.221875 0.1046875 0.015625 0.00625 
0 0.221875 0.0953125 0.015625 0.00625 
0 0.08984375 0.00546875 0.0109375 0.0078125 
0 0.06171875 0.0171875 0.0140625 0.009375 
0 0.2953125 0.0359375 0.00625 0.015625 
0 0.2625 0.0796875 0.00625 0.015625 
0 0.3046875 0.08828125 0.00625 0.0171875 
0 0.29453125 0.103125 0.0078125 0.015625 
0 0.30234375 0.1234375 0.0078125 0.015625 
0 0.0546875 0.3625 0.015625 0.00625 
0 0.06328125 0.58515625 0.0046875 0.0140625 
0 0.9953125 0.05546875 0.009375 0.0109375 
0 0.95703125 0.0046875 0.0140625 0.009375 
0 0.07109375 0.58671875 0.0046875 0.0109375 
0 0.80703125 0.07109375 0.0140625 0.0078125 
0 0.9546875 0.13828125 0.009375 0.0171875 
0 0.840625 0.175 0.0125 0.015625 
0 0.8515625 0.175 0.0125 0.015625 
0 0.825 0.04296875 0.015625 0.0109375 
0 0.8921875 0.0609375 0.015625 0.00625 
0 0.9015625 0.00625 0.0125 0.009375 
0 0.86484375 0.178125 0.0140625 0.015625 
0 0.8734375 0.17421875 0.0125 0.0171875 
0 0.88359375 0.175 0.0140625 0.0125 
0 0.97578125 0.0984375 0.0078125 0.015625 
0 0.96328125 0.1 0.0078125 0.015625 
0 0.96640625 0.1171875 0.0109375 0.0125 
0 0.903125 0.17734375 0.0125 0.0140625 
0 0.9140625 0.18046875 0.015625 0.0171875 
0 0.93359375 0.190625 0.0109375 0.0125 
0 0.95234375 0.2078125 0.0171875 0.0125 
0 0.95703125 0.21640625 0.0140625 0.0078125 
0 0.959375 0.22578125 0.015625 0.0109375 
0 0.9609375 0.24375 0.015625 0.009375 
0 0.94765625 0.23828125 0.0109375 0.0171875 
0 0.9390625 0.240625 0.009375 0.015625 
0 0.9453125 0.26796875 0.0125 0.0171875 
0 0.93828125 0.26796875 0.0109375 0.0140625 
0 0.9296875 0.26875 0.0125 0.01875 
0 0.97421875 0.26953125 0.0171875 0.0109375 
0 0.96796875 0.30546875 0.0140625 0.0078125 
0 0.99296875 0.32109375 0.0140625 0.0109375 
0 0.82265625 0.83125 0.0078125 0.015625 
0 0.84375 0.77734375 0.01875 0.0109375 
0 0.78984375 0.81875 0.0140625 0.00625 
0 0.17265625 0.7921875 0.0140625 0.0125 
0 0.1703125 0.81796875 0.0125 0.0109375 
0 0.16796875 0.85 0.0140625 0.0125 
0 0.18359375 0.85625 0.0078125 0.01875 
0 0.19140625 0.85390625 0.0078125 0.0140625 
0 0.2 0.8515625 0.00625 0.0125 
0 0.3734375 0.72578125 0.00625 0.0140625 
0 0.38046875 0.72578125 0.0046875 0.0140625 
0 0.40546875 0.7265625 0.0046875 0.015625 
0 0.446875 0.46328125 0.00625 0.0171875 
0 0.50234375 0.6328125 0.0078125 0.015625 
0 0.50390625 0.69609375 0.0078125 0.0140625 
0 0.52109375 0.69921875 0.0078125 0.0140625 
0 0.5265625 0.60859375 0.0125 0.0078125 
0 0.54140625 0.60859375 0.0109375 0.0046875 
0 0.58671875 0.71328125 0.0109375 0.0046875 
0 0.5765625 0.7578125 0.0125 0.009375 
0 0.5515625 0.7375 0.015625 0.00625 
0 0.5609375 0.7453125 0.0125 0.00625 
0 0.52890625 0.7421875 0.0078125 0.015625 
0 0.559375 0.70546875 0.015625 0.0046875 
0 0.5578125 0.61484375 0.015625 0.0078125 
0 0.57109375 0.61484375 0.0140625 0.0046875 
0 0.5875 0.61640625 0.009375 0.0078125 
0 0.52890625 0.62265625 0.0140625 0.0078125 
0 0.54140625 0.6234375 0.0140625 0.00625 
0 0.1703125 0.8 0.0125 0.009375 
0 0.2953125 0.64296875 0.009375 0.0140625 
0 0.5734375 0.6234375 0.0125 0.00625 
0 0.334375 0.72109375 0.0125 0.0109375 
0 0.10625 0.58828125 0.009375 0.0171875 
0 0.11484375 0.5875 0.0078125 0.015625 
0 0.12890625 0.6046875 0.0140625 0.015625 
0 0.12578125 0.62265625 0.0140625 0.0140625 
0 0.125 0.64609375 0.015625 0.0140625 
0 0.1265625 0.65390625 0.015625 0.0140625 
0 0.12734375 0.66171875 0.0140625 0.0109375 
0 0.1265625 0.675 0.01875 0.015625 
0 0.125 0.69296875 0.015625 0.0140625 
0 0.05 0.646875 0.00625 0.01875 
0 0.04921875 0.6671875 0.0078125 0.0125 
0 0.04921875 0.690625 0.0078125 0.015625 
0 0.21015625 0.6578125 0.0140625 0.00625 
0 0.21015625 0.6640625 0.0140625 0.00625 
0 0.21015625 0.67109375 0.0109375 0.0046875 
0 0.2078125 0.6875 0.0125 0.00625 
0 0.20859375 0.6953125 0.0109375 0.00625 
0 0.209375 0.71640625 0.0125 0.0078125 
0 0.2078125 0.7328125 0.015625 0.009375 
0 0.2375 0.70859375 0.009375 0.0140625 
0 0.1359375 0.7515625 0.015625 0.009375 
0 0.24609375 0.8203125 0.0046875 0.015625 
0 0.25546875 0.846875 0.0078125 0.015625 
0 0.284375 0.85859375 0.00625 0.0171875 
0 0.33125 0.7390625 0.015625 0.00625 
0 0.55703125 0.6234375 0.0140625 0.00625 
0 0.5875 0.62265625 0.0125 0.0046875 
0 0.77265625 0.81015625 0.0140625 0.0078125 
0 0.50390625 0.815625 0.0078125 0.015625 
0 0.51875 0.81484375 0.00625 0.0140625 
0 0.5296875 0.8140625 0.00625 0.0125 
0 0.53828125 0.81484375 0.0046875 0.0140625 
0 0.5453125 0.81484375 0.00625 0.0140625 
0 0.47890625 0.8421875 0.0140625 0.00625 
0 0.47265625 0.86171875 0.0140625 0.0046875 
0 0.47109375 0.87578125 0.0140625 0.0046875 
0 0.48515625 0.86171875 0.0078125 0.0171875 
0 0.4921875 0.8453125 0.003125 0.015625 
0 0.4984375 0.8453125 0.003125 0.015625 
0 0.49921875 0.86328125 0.0078125 0.0140625 
0 0.50546875 0.8453125 0.0046875 0.0125 
0 0.5125 0.84765625 0.00625 0.0109375 
0 0.5203125 0.84921875 0.003125 0.0109375 
0 0.53203125 0.865625 0.0046875 0.015625 
0 0.5390625 0.86484375 0.00625 0.0140625 
0 0.54609375 0.8640625 0.0046875 0.0125 
0 0.55859375 0.865625 0.0046875 0.015625 
0 0.584375 0.84140625 0.0125 0.0078125 
0 0.58203125 0.86171875 0.0109375 0.0078125 
0 0.60078125 0.85859375 0.0140625 0.0046875 
0 0.67734375 0.8625 0.0171875 0.00625 
0 0.6765625 0.86953125 0.0125 0.0046875 
0 0.69375 0.87109375 0.015625 0.0078125 
0 0.690625 0.88046875 0.01875 0.0078125 
0 0.51015625 0.8140625 0.0046875 0.0125 
0 0.4890625 0.8125 0.00625 0.0125 
0 0.52890625 0.65078125 0.0109375 0.0046875 
0 0.4640625 0.81484375 0.00625 0.0140625 
0 0.5421875 0.6515625 0.0125 0.00625 
0 0.55859375 0.6515625 0.0109375 0.00625 
0 0.57265625 0.6515625 0.0109375 0.00625 
0 0.58671875 0.6515625 0.0078125 0.003125 
0 0.58671875 0.64375 0.0109375 0.00625 
0 0.5296875 0.66015625 0.0125 0.0046875 
0 0.5453125 0.66015625 0.0125 0.0046875 
0 0.5609375 0.659375 0.009375 0.003125 
0 0.57421875 0.65859375 0.0109375 0.0046875 
0 0.58671875 0.66015625 0.0109375 0.0046875 
0 0.55625 0.6671875 0.0125 0.00625 
0 0.52890625 0.67421875 0.0140625 0.0078125 
0 0.5421875 0.68125 0.0125 0.00625 
0 0.5578125 0.68046875 0.0125 0.0078125 
0 0.5578125 0.6890625 0.0125 0.003125 
0 0.58671875 0.6953125 0.0140625 0.00625 
0 0.6234375 0.34921875 0.00625 0.0140625 
0 0.62890625 0.509375 0.0078125 0.015625 
0 0.6953125 0.53671875 0.00625 0.0171875 
0 0.3046875 0.7609375 0.00625 0.0125 
0 0.478125 0.79609375 0.00625 0.0140625 
0 0.52890625 0.79296875 0.0109375 0.0140625 
0 0.44296875 0.8265625 0.0140625 0.00625 
0 0.440625 0.84140625 0.015625 0.0078125 
0 0.4765625 0.81484375 0.00625 0.0140625 
1 0.9046875 0.4734375 0.0125 0.059375 
1 0.86953125 0.4796875 0.0109375 0.053125 
1 0.79453125 0.53671875 0.0296875 0.0078125 
1 0.79453125 0.54453125 0.0296875 0.0078125 
1 0.88828125 0.5859375 0.0265625 0.015625 
1 0.78984375 0.58125 0.0234375 0.009375 
1 0.7890625 0.5921875 0.028125 0.009375 
1 0.7890625 0.6015625 0.0375 0.0125 
1 0.73984375 0.6796875 0.0296875 0.0125 
1 0.97734375 0.3484375 0.0265625 0.0125 
1 0.9265625 0.3359375 0.0125 0.028125 
1 0.865625 0.3453125 0.0125 0.034375 
1 0.82734375 0.31875 0.0234375 0.009375 
1 0.25078125 0.5328125 0.0109375 0.053125 
1 0.240625 0.49140625 0.009375 0.0578125 
1 0.2375 0.625 0.0125 0.053125 
1 0.24765625 0.67421875 0.0109375 0.0546875 
0 0.84921875 0.8265625 0.0078125 0.01875 
0 0.6015625 0.86875 0.015625 0.00625 
0 0.603125 0.88046875 0.015625 0.0046875 
0 0.584375 0.88359375 0.0125 0.0078125 
0 0.76484375 0.83125 0.0078125 0.0125 
0 0.80859375 0.83046875 0.0078125 0.0140625 
0 0.7640625 0.0171875 0.015625 0.0125 
