0 0.17734375 0.42578125 0.0046875 0.0140625 
0 0.16015625 0.4265625 0.0046875 0.0125 
0 0.15390625 0.42734375 0.0078125 0.0109375 
0 0.14609375 0.425 0.0046875 0.0125 
0 0.13671875 0.41328125 0.0078125 0.0140625 
0 0.128125 0.42265625 0.009375 0.0140625 
0 0.1203125 0.42421875 0.00625 0.0140625 
0 0.11171875 0.42265625 0.0078125 0.0140625 
0 0.259375 0.471875 0.00625 0.015625 
0 0.2515625 0.471875 0.00625 0.0125 
0 0.15703125 0.49921875 0.0109375 0.0140625 
0 0.1859375 0.5015625 0.0125 0.015625 
0 0.1953125 0.503125 0.0125 0.015625 
0 0.2484375 0.50078125 0.01875 0.0078125 
0 0.33984375 0.52421875 0.0078125 0.0171875 
0 0.21953125 0.51640625 0.0078125 0.0171875 
0 0.22734375 0.5171875 0.0046875 0.015625 
0 0.2359375 0.5171875 0.00625 0.015625 
0 0.2484375 0.5203125 0.009375 0.015625 
0 0.25703125 0.5234375 0.0078125 0.01875 
0 0.2828125 0.540625 0.009375 0.01875 
0 0.29921875 0.56328125 0.0078125 0.0203125 
0 0.33828125 0.63203125 0.0078125 0.0203125 
0 0.328125 0.72890625 0.00625 0.0140625 
0 0.3265625 0.79765625 0.00625 0.0140625 
0 0.2875 0.7984375 0.00625 0.015625 
0 0.16875 0.42578125 0.00625 0.0109375 
0 0.18359375 0.425 0.0046875 0.0125 
0 0.23125 0.58671875 0.015625 0.0078125 
0 0.190625 0.42734375 0.00625 0.0140625 
0 0.2296875 0.33125 0.0125 0.00625 
0 0.2296875 0.340625 0.0125 0.00625 
0 0.23046875 0.35625 0.0140625 0.00625 
0 0.21328125 0.39765625 0.0140625 0.0078125 
0 0.228125 0.3796875 0.0125 0.00625 
0 0.228125 0.38671875 0.0125 0.0078125 
0 0.22890625 0.39609375 0.0109375 0.0078125 
0 0.15625 0.3765625 0.00625 0.0125 
0 0.15 0.37734375 0.00625 0.0109375 
0 0.259375 0.29921875 0.0125 0.0140625 
0 0.259375 0.3078125 0.0125 0.009375 
0 0.2578125 0.31953125 0.0125 0.0109375 
0 0.2578125 0.3328125 0.015625 0.00625 
0 0.25703125 0.34375 0.0140625 0.0125 
0 0.25703125 0.35703125 0.0140625 0.0140625 
0 0.2609375 0.36953125 0.0125 0.0109375 
0 0.25859375 0.37734375 0.0140625 0.0109375 
0 0.2578125 0.384375 0.015625 0.0125 
0 0.2578125 0.39609375 0.0125 0.0109375 
0 0.25703125 0.40859375 0.0140625 0.0140625 
0 0.25625 0.42109375 0.0125 0.0140625 
0 0.234375 0.42890625 0.015625 0.0140625 
0 0.2203125 0.42578125 0.00625 0.0140625 
0 0.20859375 0.4265625 0.0078125 0.0125 
0 0.2015625 0.42734375 0.00625 0.0140625 
0 0.29453125 0.97265625 0.0078125 0.0203125 
0 0.17890625 0.53984375 0.0046875 0.0140625 
0 0.2296875 0.3171875 0.0125 0.00625 
1 0.2 0.59609375 0.009375 0.0390625 
0 0.24296875 0.65234375 0.0140625 0.0109375 
0 0.24140625 0.6796875 0.0109375 0.00625 
0 0.25 0.71953125 0.0125 0.0078125 
0 0.25 0.7265625 0.0125 0.00625 
0 0.25078125 0.73515625 0.0171875 0.0078125 
0 0.24765625 0.74921875 0.0140625 0.0078125 
0 0.24921875 0.803125 0.0140625 0.009375 
0 0.2484375 0.81953125 0.015625 0.0078125 
0 0.2234375 0.9140625 0.0125 0.009375 
0 0.0953125 0.8703125 0.0125 0.015625 
0 0.15546875 0.99453125 0.0078125 0.0109375 
0 0.16171875 0.9953125 0.0078125 0.009375 
0 0.175 0.99375 0.009375 0.0125 
0 0.18203125 0.99453125 0.0078125 0.0109375 
0 0.1890625 0.99453125 0.009375 0.0109375 
0 0.19609375 0.99453125 0.0078125 0.0109375 
0 0.225 0.95859375 0.015625 0.0109375 
0 0.22265625 0.98984375 0.0140625 0.0078125 
0 0.23046875 0.3234375 0.0140625 0.00625 
0 0.215625 0.37421875 0.015625 0.0078125 
0 0.2140625 0.36484375 0.009375 0.0046875 
0 0.1796875 0.23828125 0.00625 0.0140625 
0 0.06640625 0.284375 0.0046875 0.0125 
0 0.06015625 0.284375 0.0046875 0.0125 
0 0.05234375 0.29921875 0.0078125 0.0140625 
0 0.1046875 0.3265625 0.0125 0.00625 
0 0.10390625 0.3640625 0.0140625 0.00625 
0 0.13828125 0.25859375 0.0046875 0.0140625 
0 0.15546875 0.26171875 0.0046875 0.0140625 
0 0.178125 0.25859375 0.009375 0.0140625 
0 0.1890625 0.25703125 0.0125 0.0140625 
0 0.2 0.25546875 0.009375 0.0140625 
0 0.2125 0.2578125 0.0125 0.015625 
0 0.23125 0.25703125 0.0125 0.0140625 
0 0.2515625 0.2796875 0.0125 0.015625 
0 0.2578125 0.28984375 0.0125 0.0140625 
0 0.0890625 0.28984375 0.0125 0.0078125 
0 0.22890625 0.30078125 0.0140625 0.0140625 
0 0.284375 0.33046875 0.00625 0.0140625 
0 0.3015625 0.37109375 0.00625 0.0140625 
0 0.2171875 0.30703125 0.00625 0.0140625 
0 0.215625 0.3171875 0.0125 0.00625 
0 0.2140625 0.32578125 0.009375 0.0046875 
0 0.21328125 0.3328125 0.0109375 0.00625 
0 0.2140625 0.33984375 0.015625 0.0046875 
0 0.21328125 0.35 0.0140625 0.00625 
0 0.2140625 0.35625 0.015625 0.00625 
0 0.17265625 0.23828125 0.0078125 0.0140625 
0 0.18671875 0.23984375 0.0046875 0.0140625 
0 0.20546875 0.240625 0.0078125 0.015625 
0 0.296875 0.01171875 0.00625 0.0171875 
0 0.33515625 0.03359375 0.0046875 0.0140625 
0 0.34921875 0.04609375 0.0046875 0.0140625 
0 0.3359375 0.084375 0.00625 0.015625 
0 0.30703125 0.11015625 0.0046875 0.0171875 
0 0.29609375 0.11015625 0.0078125 0.0140625 
0 0.26171875 0.059375 0.0140625 0.015625 
0 0.26015625 0.09296875 0.0140625 0.0140625 
0 0.259375 0.18359375 0.01875 0.0171875 
0 0.334375 0.2703125 0.00625 0.015625 
0 0.07734375 0.0484375 0.0171875 0.009375 
0 0.1078125 0.05 0.015625 0.00625 
0 0.1421875 0.1125 0.00625 0.015625 
0 0.10234375 0.19921875 0.0046875 0.0171875 
0 0.2484375 0.240625 0.00625 0.015625 
0 0.2390625 0.240625 0.00625 0.01875 
0 0.23046875 0.2390625 0.0078125 0.015625 
0 0.22265625 0.23984375 0.0078125 0.0140625 
