0 0.11328125 0.7640625 0.0140625 0.009375 
0 0.11484375 0.64609375 0.0171875 0.0109375 
0 0.11640625 0.653125 0.0171875 0.0125 
0 0.12578125 0.66796875 0.0140625 0.0109375 
0 0.14140625 0.66328125 0.0140625 0.0078125 
0 0.1375 0.65703125 0.0125 0.0109375 
0 0.13125 0.6890625 0.0125 0.009375 
0 0.134375 0.696875 0.015625 0.0125 
0 0.1375 0.70546875 0.015625 0.0109375 
0 0.14296875 0.7265625 0.0140625 0.009375 
0 0.1453125 0.68359375 0.0125 0.0078125 
0 0.15 0.69296875 0.0125 0.0078125 
0 0.16328125 0.7796875 0.0109375 0.015625 
0 0.25703125 0.79453125 0.0140625 0.0109375 
0 0.165625 0.75703125 0.009375 0.0140625 
0 0.18359375 0.7546875 0.0109375 0.015625 
0 0.321875 0.746875 0.015625 0.0125 
0 0.453125 0.59140625 0.0125 0.0140625 
0 0.45 0.62109375 0.0125 0.0140625 
0 0.4375 0.60703125 0.015625 0.0140625 
0 0.39609375 0.6515625 0.0109375 0.0125 
0 0.1109375 0.89765625 0.009375 0.0171875 
0 0.0078125 0.934375 0.0125 0.015625 
0 0.109375 0.75703125 0.015625 0.0109375 
0 0.10703125 0.74609375 0.0171875 0.0109375 
0 0.103125 0.7328125 0.015625 0.009375 
0 0.09609375 0.7140625 0.0171875 0.0125 
0 0.06171875 0.5953125 0.0140625 0.009375 
0 0.06328125 0.60390625 0.0140625 0.0109375 
0 0.06875 0.61953125 0.0125 0.0109375 
0 0.0484375 0.8203125 0.015625 0.00625 
0 0.0578125 0.765625 0.0125 0.009375 
0 0.0578125 0.75625 0.0125 0.009375 
0 0.05625 0.7109375 0.0125 0.009375 
0 0.05546875 0.69765625 0.0140625 0.0140625 
0 0.05859375 0.65546875 0.0140625 0.0078125 
0 0.071875 0.62734375 0.0125 0.0078125 
0 0.07421875 0.640625 0.0140625 0.009375 
0 0.078125 0.64765625 0.015625 0.0109375 
0 0.0796875 0.65703125 0.015625 0.0078125 
0 0.0796875 0.6625 0.015625 0.009375 
0 0.08203125 0.67109375 0.0171875 0.0109375 
0 0.08515625 0.6765625 0.0171875 0.0125 
0 0.08828125 0.68359375 0.0140625 0.0109375 
0 0.02109375 0.9375 0.0140625 0.015625 
0 0.0296875 0.93359375 0.0125 0.0171875 
0 0.03984375 0.934375 0.0140625 0.0125 
0 0.196875 0.9703125 0.01875 0.009375 
0 0.16328125 0.97109375 0.0109375 0.0171875 
0 0.13203125 0.8578125 0.0078125 0.015625 
0 0.11953125 0.859375 0.0078125 0.015625 
0 0.12265625 0.8765625 0.0109375 0.0125 
0 0.3453125 0.88828125 0.00625 0.0171875 
0 0.059375 0.93671875 0.0125 0.0140625 
0 0.0703125 0.93984375 0.015625 0.0171875 
0 0.08984375 0.95 0.0109375 0.0125 
0 0.10859375 0.9671875 0.0171875 0.0125 
0 0.11328125 0.97578125 0.0140625 0.0078125 
0 0.115625 0.98515625 0.015625 0.0109375 
0 0.10390625 0.99453125 0.0109375 0.0109375 
1 0.203125 0.98671875 0.015625 0.0265625 
1 0.34375 0.9484375 0.01875 0.03125 
1 0.1796875 0.86953125 0.028125 0.0109375 
1 0.1765625 0.87890625 0.028125 0.0109375 
0 0.56328125 0.94375 0.0078125 0.015625 
0 0.603125 0.91328125 0.0125 0.0171875 
0 0.6109375 0.9140625 0.009375 0.015625 
0 0.62109375 0.91953125 0.0109375 0.0171875 
0 0.59609375 0.92734375 0.0140625 0.0109375 
0 0.58125 0.91796875 0.015625 0.0109375 
0 0.55078125 0.909375 0.0171875 0.0125 
0 0.60234375 0.95 0.0109375 0.015625 
0 0.60859375 0.96640625 0.0078125 0.0140625 
0 0.6 0.965625 0.009375 0.015625 
0 0.590625 0.9625 0.00625 0.0125 
0 0.58203125 0.95546875 0.0046875 0.0140625 
0 0.571875 0.94609375 0.00625 0.0140625 
0 0.55703125 0.9375 0.0046875 0.015625 
0 0.54765625 0.93203125 0.0078125 0.0140625 
0 0.53828125 0.9234375 0.0078125 0.0125 
0 0.52890625 0.91328125 0.0046875 0.0140625 
0 0.52109375 0.9109375 0.0078125 0.0125 
0 0.5125 0.90546875 0.009375 0.0171875 
0 0.58359375 0.99140625 0.0078125 0.0140625 
0 0.57421875 0.9859375 0.0078125 0.015625 
0 0.565625 0.97890625 0.00625 0.0140625 
0 0.5578125 0.97265625 0.00625 0.0171875 
0 0.54921875 0.96640625 0.0078125 0.0171875 
0 0.5390625 0.96015625 0.00625 0.0140625 
0 0.525 0.9484375 0.00625 0.015625 
0 0.59453125 0.90859375 0.0109375 0.0140625 
0 0.584375 0.903125 0.009375 0.015625 
0 0.575 0.9 0.0125 0.015625 
0 0.56796875 0.9 0.0078125 0.0125 
0 0.45625 0.93671875 0.015625 0.0140625 
0 0.46171875 0.921875 0.0171875 0.0125 
0 0.46484375 0.915625 0.0140625 0.009375 
0 0.47421875 0.90390625 0.0171875 0.0140625 
0 0.546875 0.88671875 0.0125 0.0140625 
0 0.55546875 0.890625 0.0046875 0.0125 
0 0.5609375 0.89609375 0.0125 0.0140625 
0 0.5171875 0.9421875 0.009375 0.015625 
0 0.5078125 0.9359375 0.00625 0.015625 
0 0.5 0.92890625 0.009375 0.0171875 
0 0.93125 0.596875 0.01875 0.0125 
0 0.95390625 0.8265625 0.0140625 0.009375 
0 0.890625 0.8125 0.0125 0.0125 
0 0.846875 0.82890625 0.0125 0.0109375 
0 0.8421875 0.83671875 0.0125 0.0109375 
0 0.834375 0.84296875 0.015625 0.0140625 
0 0.8546875 0.8703125 0.0125 0.015625 
0 0.84609375 0.8734375 0.0140625 0.015625 
0 0.88359375 0.91015625 0.0171875 0.0140625 
0 0.88984375 0.91875 0.0140625 0.0125 
0 0.89453125 0.9265625 0.0171875 0.009375 
0 0.540625 0.99375 0.0125 0.0125 
0 0.50703125 0.97265625 0.0078125 0.0171875 
0 0.49375 0.9625 0.009375 0.015625 
0 0.48515625 0.95546875 0.0109375 0.0171875 
0 0.48203125 0.9890625 0.0109375 0.015625 
0 0.4640625 0.971875 0.00625 0.015625 
0 0.26171875 0.74296875 0.0078125 0.0140625 
0 0.24765625 0.740625 0.0078125 0.015625 
0 0.17421875 0.64453125 0.0140625 0.0046875 
0 0.17734375 0.6515625 0.0140625 0.009375 
0 0.21015625 0.68515625 0.0140625 0.0078125 
0 0.40703125 0.61328125 0.0140625 0.0140625 
