0 0.35078125 0.91484375 0.0140625 0.0140625 
0 0.36328125 0.90234375 0.0171875 0.0171875 
0 0.36640625 0.89609375 0.0171875 0.0171875 
0 0.378125 0.8828125 0.015625 0.0125 
0 0.38125 0.875 0.015625 0.0125 
0 0.3875 0.87265625 0.015625 0.0140625 
0 0.39140625 0.86640625 0.0140625 0.0140625 
0 0.50625 0.60390625 0.009375 0.0171875 
0 0.47578125 0.64296875 0.0171875 0.0078125 
0 0.47734375 0.63515625 0.0140625 0.0078125 
0 0.48828125 0.60234375 0.0046875 0.0140625 
0 0.48046875 0.60078125 0.0078125 0.0140625 
0 0.471875 0.60234375 0.00625 0.0140625 
0 0.46484375 0.6015625 0.0078125 0.0125 
0 0.45625 0.6015625 0.00625 0.0125 
0 0.446875 0.6015625 0.00625 0.015625 
0 0.33046875 0.65234375 0.0140625 0.0078125 
0 0.66953125 0.3125 0.0109375 0.009375 
0 0.66328125 0.303125 0.0109375 0.009375 
0 0.51328125 0.29296875 0.0140625 0.0140625 
0 0.52421875 0.2953125 0.0109375 0.0125 
0 0.6203125 0.49921875 0.0125 0.0109375 
0 0.61328125 0.50703125 0.0109375 0.0109375 
0 0.6875 0.5421875 0.00625 0.0125 
0 0.61640625 0.6515625 0.0109375 0.009375 
0 0.25390625 0.97265625 0.0078125 0.0171875 
0 0.34140625 0.92578125 0.0140625 0.0140625 
0 0.33671875 0.93046875 0.0140625 0.0140625 
0 0.4125 0.9421875 0.0125 0.015625 
0 0.38203125 0.978125 0.0140625 0.015625 
0 0.24609375 0.94453125 0.0140625 0.0171875 
