0 0.4140625 0.95703125 0.0125 0.0046875 
0 0.41640625 0.96328125 0.0109375 0.0078125 
0 0.41796875 0.9859375 0.0140625 0.00625 
0 0.3578125 0.99453125 0.00625 0.0109375 
0 0.36484375 0.99375 0.0046875 0.0125 
0 0.371875 0.99296875 0.00625 0.0140625 
0 0.37890625 0.99375 0.0046875 0.0125 
0 0.3859375 0.99375 0.00625 0.0125 
0 0.3921875 0.99453125 0.00625 0.0109375 
0 0.39921875 0.9953125 0.0046875 0.009375 
0 0.4046875 0.99296875 0.00625 0.0140625 
0 0.42109375 0.99453125 0.0078125 0.0109375 
0 0.79609375 0.88046875 0.0140625 0.0140625 
0 0.69375 0.8828125 0.009375 0.015625 
0 0.58046875 0.9328125 0.0109375 0.015625 
0 0.5890625 0.93359375 0.009375 0.0140625 
0 0.36171875 0.9296875 0.0046875 0.0125 
0 0.3546875 0.9296875 0.00625 0.0125 
0 0.340625 0.978125 0.0125 0.00625 
0 0.34140625 0.97109375 0.0140625 0.0046875 
0 0.30390625 0.92734375 0.0078125 0.0140625 
0 0.31328125 0.9421875 0.0046875 0.015625 
0 0.3015625 0.9953125 0.00625 0.009375 
0 0.46484375 0.72265625 0.0046875 0.0171875 
0 0.47421875 0.72109375 0.0078125 0.0171875 
0 0.4828125 0.72109375 0.00625 0.0171875 
0 0.47734375 0.78046875 0.0171875 0.0078125 
0 0.5 0.79609375 0.009375 0.0140625 
0 0.49140625 0.7953125 0.0078125 0.015625 
0 0.48515625 0.7953125 0.0109375 0.015625 
0 0.46875 0.803125 0.0125 0.009375 
0 0.45 0.8 0.00625 0.015625 
0 0.4578125 0.81796875 0.01875 0.0078125 
0 0.4109375 0.81875 0.015625 0.00625 
0 0.340625 0.92734375 0.0125 0.0046875 
0 0.340625 0.934375 0.0125 0.003125 
0 0.34140625 0.93984375 0.0109375 0.0046875 
0 0.34140625 0.946875 0.0109375 0.00625 
0 0.34140625 0.95234375 0.0109375 0.0046875 
0 0.34140625 0.95859375 0.0140625 0.0046875 
0 0.34140625 0.96640625 0.0140625 0.0046875 
0 0.0890625 0.99296875 0.009375 0.0140625 
0 0.1046875 0.99140625 0.009375 0.0140625 
0 0.121875 0.9921875 0.009375 0.0125 
0 0.20234375 0.99296875 0.0078125 0.0140625 
0 0.178125 0.99296875 0.009375 0.0140625 
0 0.13671875 0.99453125 0.0078125 0.0109375 
0 0.29296875 0.9203125 0.0078125 0.015625 
0 0.21875 0.88125 0.015625 0.00625 
0 0.221875 0.8640625 0.015625 0.00625 
0 0.275 0.00625 0.00625 0.009375 
0 0.2765625 0.03125 0.00625 0.01875 
0 0.28515625 0.04375 0.0078125 0.015625 
0 0.25546875 0.01015625 0.0078125 0.0171875 
0 0.265625 0.009375 0.00625 0.0125 
0 0.25546875 0.03671875 0.0046875 0.0140625 
0 0.2546875 0.05390625 0.00625 0.0140625 
0 0.26484375 0.0515625 0.0046875 0.0125 
0 0.28125 0.09921875 0.015625 0.0109375 
0 0.27578125 0.053125 0.0046875 0.0125 
0 0.221875 0.8546875 0.015625 0.00625 
0 0.28984375 0.47578125 0.0078125 0.0140625 
0 0.29296875 0.53125 0.0078125 0.01875 
0 0.30703125 0.5453125 0.0046875 0.0125 
0 0.29609375 0.59296875 0.0078125 0.0140625 
0 0.30625 0.61015625 0.009375 0.0140625 
0 0.30703125 0.6578125 0.0046875 0.0125 
0 0.296875 0.653125 0.00625 0.0125 
0 0.40390625 0.6171875 0.0078125 0.015625 
0 0.37890625 0.66171875 0.0078125 0.0140625 
0 0.36328125 0.665625 0.0046875 0.015625 
0 0.30625 0.72578125 0.00625 0.0140625 
0 0.30625 0.76015625 0.00625 0.0109375 
0 0.2953125 0.734375 0.009375 0.015625 
0 0.27421875 0.696875 0.0078125 0.0125 
0 0.27578125 0.7140625 0.0078125 0.0125 
0 0.27578125 0.73359375 0.0078125 0.0140625 
0 0.275 0.75390625 0.009375 0.0140625 
0 0.25625 0.75546875 0.009375 0.0140625 
0 0.08984375 0.76171875 0.0109375 0.0140625 
0 0.06015625 0.74765625 0.0140625 0.0078125 
0 0.06171875 0.7765625 0.0140625 0.009375 
0 0.2953125 0.7953125 0.00625 0.015625 
0 0.2625 0.8390625 0.00625 0.015625 
0 0.3046875 0.84765625 0.00625 0.0171875 
0 0.29453125 0.8625 0.0078125 0.015625 
0 0.30234375 0.8828125 0.0078125 0.015625 
0 0.30859375 0.4984375 0.0109375 0.01875 
0 0.30234375 0.2984375 0.0078125 0.0125 
0 0.26640625 0.03359375 0.0046875 0.0140625 
0 0.30859375 0.45390625 0.0078125 0.0140625 
0 0.8890625 0.20859375 0.01875 0.0109375 
0 0.81640625 0.18828125 0.0171875 0.0109375 
0 0.1171875 0.125 0.015625 0.00625 
0 0.10078125 0.04375 0.0109375 0.015625 
0 0.07421875 0.06015625 0.0171875 0.0078125 
0 0.0859375 0.084375 0.00625 0.015625 
0 0.03203125 0.10859375 0.0171875 0.0109375 
0 0.29375 0.1734375 0.00625 0.015625 
0 0.31171875 0.1859375 0.0078125 0.0125 
0 0.29296875 0.2 0.0078125 0.015625 
0 0.3015625 0.2078125 0.00625 0.015625 
0 0.32265625 0.2515625 0.0078125 0.015625 
0 0.29296875 0.22109375 0.0078125 0.0140625 
0 0.3109375 0.2296875 0.00625 0.0125 
0 0.29140625 0.24375 0.0078125 0.015625 
0 0.29375 0.2625 0.00625 0.0125 
0 0.2921875 0.28046875 0.00625 0.0109375 
0 0.3109375 0.25625 0.00625 0.015625 
0 0.19609375 0.128125 0.0140625 0.00625 
0 0.6671875 0.14453125 0.0125 0.0109375 
0 0.29140625 0.34296875 0.0078125 0.0140625 
0 0.31015625 0.36015625 0.0078125 0.0171875 
0 0.3 0.36875 0.00625 0.0125 
0 0.30859375 0.39609375 0.0078125 0.0140625 
0 0.30859375 0.42578125 0.0078125 0.0140625 
0 0.9953125 0.81484375 0.009375 0.0109375 
0 0.95703125 0.7640625 0.0140625 0.009375 
0 0.95859375 0.64609375 0.0171875 0.0109375 
0 0.96015625 0.653125 0.0171875 0.0125 
0 0.96953125 0.66796875 0.0140625 0.0109375 
0 0.98515625 0.66328125 0.0140625 0.0078125 
0 0.98125 0.65703125 0.0125 0.0109375 
0 0.975 0.6890625 0.0125 0.009375 
0 0.978125 0.696875 0.015625 0.0125 
0 0.98125 0.70546875 0.015625 0.0109375 
0 0.98671875 0.7265625 0.0140625 0.009375 
0 0.9890625 0.68359375 0.0125 0.0078125 
0 0.99375 0.69296875 0.0125 0.0078125 
0 0.80703125 0.83046875 0.0140625 0.0078125 
0 0.9546875 0.89765625 0.009375 0.0171875 
0 0.840625 0.934375 0.0125 0.015625 
0 0.8515625 0.934375 0.0125 0.015625 
0 0.953125 0.75703125 0.015625 0.0109375 
0 0.95078125 0.74609375 0.0171875 0.0109375 
0 0.946875 0.7328125 0.015625 0.009375 
0 0.93984375 0.7140625 0.0171875 0.0125 
0 0.68046875 0.6984375 0.0078125 0.0125 
0 0.90546875 0.5953125 0.0140625 0.009375 
0 0.90703125 0.60390625 0.0140625 0.0109375 
0 0.9125 0.61953125 0.0125 0.0109375 
0 0.765625 0.67734375 0.0125 0.0109375 
0 0.76484375 0.690625 0.0140625 0.009375 
0 0.76640625 0.7 0.0171875 0.0125 
0 0.76640625 0.70625 0.0140625 0.009375 
0 0.765625 0.71328125 0.0125 0.0109375 
0 0.7671875 0.72265625 0.015625 0.0109375 
0 0.825 0.80234375 0.015625 0.0109375 
0 0.8921875 0.8203125 0.015625 0.00625 
0 0.9015625 0.765625 0.0125 0.009375 
0 0.9015625 0.75625 0.0125 0.009375 
0 0.9 0.7109375 0.0125 0.009375 
0 0.89921875 0.69765625 0.0140625 0.0140625 
0 0.90234375 0.65546875 0.0140625 0.0078125 
0 0.915625 0.62734375 0.0125 0.0078125 
0 0.91796875 0.640625 0.0140625 0.009375 
0 0.921875 0.64765625 0.015625 0.0109375 
0 0.9234375 0.65703125 0.015625 0.0078125 
0 0.9234375 0.6625 0.015625 0.009375 
0 0.92578125 0.67109375 0.0171875 0.0109375 
0 0.92890625 0.6765625 0.0171875 0.0125 
0 0.93203125 0.68359375 0.0140625 0.0109375 
0 0.86484375 0.9375 0.0140625 0.015625 
0 0.8734375 0.93359375 0.0125 0.0171875 
0 0.88359375 0.934375 0.0140625 0.0125 
0 0.97578125 0.8578125 0.0078125 0.015625 
0 0.96328125 0.859375 0.0078125 0.015625 
0 0.96640625 0.8765625 0.0109375 0.0125 
0 0.903125 0.93671875 0.0125 0.0140625 
0 0.9140625 0.93984375 0.015625 0.0171875 
0 0.93359375 0.95 0.0109375 0.0125 
0 0.95234375 0.9671875 0.0171875 0.0125 
0 0.95703125 0.97578125 0.0140625 0.0078125 
0 0.959375 0.98515625 0.015625 0.0109375 
0 0.94765625 0.99453125 0.0109375 0.0109375 
0 0.7640625 0.7765625 0.015625 0.0125 
