0 0.53046875 0.065625 0.0234375 0.021875 
0 0.67734375 0.1953125 0.0203125 0.01875 
0 0.64921875 0.171875 0.0234375 0.021875 
0 0.62734375 0.15078125 0.0203125 0.0203125 
0 0.75234375 0.30703125 0.0234375 0.0234375 
0 0.7984375 0.46015625 0.0125 0.0265625 
0 0.77421875 0.278125 0.0234375 0.025 
0 0.75234375 0.25859375 0.0265625 0.0265625 
0 0.7984375 0.24375 0.021875 0.021875 
0 0.76875 0.21875 0.021875 0.01875 
0 0.7484375 0.19921875 0.01875 0.0171875 
0 0.61328125 0.328125 0.0234375 0.021875 
0 0.55625 0.41328125 0.021875 0.0171875 
0 0.6125 0.465625 0.025 0.021875 
0 0.64453125 0.43203125 0.0265625 0.0234375 
0 0.72421875 0.35546875 0.0234375 0.0171875 
0 0.7640625 0.340625 0.021875 0.028125 
0 0.78203125 0.3234375 0.0203125 0.021875 
0 0.740625 0.3265625 0.025 0.01875 
0 0.66640625 0.1296875 0.0171875 0.021875 
0 0.5984375 0.065625 0.025 0.025 
0 0.5078125 0.046875 0.025 0.025 
0 0.47265625 0.02109375 0.0265625 0.0140625 
0 0.41640625 0.01328125 0.0234375 0.0234375 
0 0.6484375 0.11328125 0.025 0.0234375 
0 0.6875 0.1484375 0.025 0.025 
0 0.7078125 0.1671875 0.025 0.025 
0 0.9921875 0.40625 0.015625 0.025 
0 0.97421875 0.38828125 0.0265625 0.0265625 
0 0.30078125 0.2453125 0.0265625 0.025 
0 0.30390625 0.2 0.0203125 0.025 
0 0.86875 0.48203125 0.028125 0.0234375 
0 0.834375 0.4875 0.021875 0.025 
0 0.640625 0.44921875 0.03125 0.0203125 
0 0.65859375 0.41953125 0.0234375 0.0234375 
0 0.60390625 0.34453125 0.0265625 0.0234375 
0 0.57578125 0.384375 0.0265625 0.025 
0 0.546875 0.42734375 0.021875 0.0203125 
0 0.78828125 0.41484375 0.0296875 0.0234375 
0 0.81484375 0.43046875 0.0328125 0.0265625 
0 0.73125 0.33984375 0.028125 0.0234375 
0 0.65078125 0.28203125 0.0265625 0.0234375 
0 0.825 0.2671875 0.025 0.021875 
0 0.728125 0.23984375 0.03125 0.0234375 
0 0.70234375 0.21875 0.0265625 0.025 
0 0.72734375 0.184375 0.0234375 0.021875 
