0 0.0265625 0.959375 0.0125 0.00625 
0 0.08203125 0.9328125 0.0140625 0.00625 
0 0.12265625 0.9421875 0.0140625 0.00625 
0 0.215625 0.1328125 0.009375 0.015625 
0 0.0390625 0.734375 0.003125 0.0125 
0 0.02734375 0.7328125 0.0046875 0.009375 
0 0.34296875 0.96953125 0.0140625 0.0046875 
0 0.2 0.96484375 0.0125 0.0046875 
0 0.3203125 0.9078125 0.00625 0.015625 
0 0.07265625 0.96015625 0.0140625 0.0046875 
0 0.07890625 0.96875 0.0140625 0.00625 
0 0.00625 0.278125 0.009375 0.0125 
0 0.02734375 0.74765625 0.0046875 0.0140625 
0 0.03359375 0.746875 0.0046875 0.0125 
0 0.02109375 0.74765625 0.0078125 0.0109375 
0 0.01328125 0.74765625 0.0046875 0.0109375 
0 0.02421875 0.9828125 0.0140625 0.00625 
0 0.12109375 0.971875 0.0140625 0.00625 
0 0.01328125 0.93828125 0.0140625 0.0078125 
0 0.040625 0.9296875 0.0125 0.00625 
0 0.02578125 0.9171875 0.0140625 0.00625 
0 0.2640625 0.96640625 0.0125 0.0078125 
0 0.009375 0.70390625 0.00625 0.0109375 
0 0.03359375 0.6875 0.0046875 0.009375 
0 0.0203125 0.68828125 0.00625 0.0109375 
0 0.0078125 0.68828125 0.00625 0.0140625 
0 0.4203125 0.97265625 0.015625 0.0046875 
0 0.1140625 0.91875 0.015625 0.003125 
0 0.13203125 0.91953125 0.0140625 0.0046875 
0 0.17578125 0.90234375 0.0046875 0.0109375 
0 0.221875 0.684375 0.0125 0.00625 
0 0.16875 0.90234375 0.00625 0.0109375 
0 0.24765625 0.9015625 0.0046875 0.0125 
0 0.0625 0.91796875 0.015625 0.0046875 
0 0.25390625 0.89921875 0.0046875 0.0109375 
0 0.23984375 0.90078125 0.0046875 0.0109375 
0 0.225 0.87890625 0.00625 0.0109375 
0 0.2390625 0.87421875 0.00625 0.0109375 
0 0.2390625 0.86171875 0.00625 0.0109375 
0 0.24609375 0.8640625 0.0046875 0.009375 
