0 0.94140625 0.62734375 0.0234375 0.0296875 
0 0.953125 0.60390625 0.021875 0.0265625 
0 0.87734375 0.515625 0.0203125 0.028125 
0 0.828125 0.39453125 0.021875 0.0296875 
0 0.790625 0.36875 0.021875 0.03125 
0 0.6921875 0.27109375 0.025 0.0203125 
0 0.68359375 0.259375 0.0265625 0.021875 
0 0.66796875 0.234375 0.0296875 0.021875 
0 0.55390625 0.26171875 0.0234375 0.0296875 
0 0.64140625 0.07265625 0.0234375 0.0296875 
0 0.62265625 0.0765625 0.0234375 0.03125 
0 0.83515625 0.75390625 0.0265625 0.0328125 
0 0.90625 0.88984375 0.025 0.0328125 
