1 0.27734375 0.94140625 0.0546875 0.0453125 
0 0.721875 0.84921875 0.0125 0.0109375 
0 0.7796875 0.89609375 0.0125 0.0109375 
0 0.89921875 0.99140625 0.0109375 0.0109375 
0 0.465625 0.99296875 0.009375 0.0140625 
0 0.9546875 0.9875 0.015625 0.015625 
0 0.2984375 0.91484375 0.0125 0.0140625 
0 0.396875 0.9953125 0.015625 0.009375 
0 0.09453125 0.79609375 0.0140625 0.0140625 
0 0.9609375 0.06796875 0.009375 0.0140625 
0 0.91875 0.11796875 0.00625 0.0140625 
0 0.92578125 0.1203125 0.0109375 0.0125 
0 0.91015625 0.1140625 0.0109375 0.0125 
0 0.9546875 0.1328125 0.009375 0.015625 
0 0.990625 0.09921875 0.009375 0.0140625 
0 0.9765625 0.07421875 0.009375 0.0140625 
0 0.8578125 0.025 0.009375 0.015625 
0 0.8734375 0.0125 0.009375 0.0125 
0 0.96796875 0.13515625 0.0109375 0.0171875 
0 0.18515625 0.88046875 0.0140625 0.0140625 
0 0.25078125 0.40390625 0.0109375 0.0140625 
0 0.21640625 0.515625 0.0171875 0.01875 
0 0.34375 0.53203125 0.0125 0.0140625 
0 0.26953125 0.5765625 0.0140625 0.015625 
0 0.203125 0.590625 0.0125 0.0125 
0 0.290625 0.74140625 0.015625 0.0109375 
0 0.37265625 0.6984375 0.0140625 0.015625 
0 0.44296875 0.75 0.0140625 0.0125 
0 0.8765625 0.06875 0.009375 0.0125 
0 0.903125 0.11015625 0.009375 0.0140625 
0 0.83671875 0.05 0.0109375 0.0125 
0 0.83046875 0.046875 0.0109375 0.015625 
0 0.13984375 0.23984375 0.0140625 0.0171875 
0 0.81015625 0.03515625 0.0109375 0.0140625 
0 0.8171875 0.03828125 0.009375 0.0171875 
0 0.11796875 0.39921875 0.0140625 0.0140625 
0 0.09921875 0.84296875 0.0171875 0.0203125 
0 0.01796875 0.409375 0.0078125 0.015625 
0 0.07109375 0.3859375 0.0109375 0.015625 
0 0.0328125 0.38046875 0.00625 0.0171875 
0 0.034375 0.284375 0.00625 0.0125 
0 0.00625 0.1234375 0.009375 0.015625 
0 0.09296875 0.1171875 0.0109375 0.015625 
0 0.01640625 0.21640625 0.0078125 0.0140625 
