0 0.11796875 0.47734375 0.0109375 0.0171875 
0 0.1 0.534375 0.0125 0.015625 
0 0.10625 0.51640625 0.0125 0.0171875 
0 0.08515625 0.53046875 0.0078125 0.0171875 
0 0.0125 0.64140625 0.01875 0.0109375 
0 0.0296875 0.64140625 0.015625 0.0109375 
0 0.00703125 0.67265625 0.0109375 0.0078125 
0 0.0328125 0.69453125 0.009375 0.0171875 
0 0.08125 0.5109375 0.009375 0.015625 
0 0.0609375 0.50546875 0.009375 0.0140625 
0 0.06328125 0.52578125 0.0078125 0.0140625 
0 0.0515625 0.50078125 0.009375 0.0171875 
0 0.0421875 0.4984375 0.0125 0.01875 
0 0.03671875 0.51796875 0.0109375 0.0171875 
0 0.04609375 0.5203125 0.0078125 0.015625 
0 0.053125 0.52109375 0.009375 0.0140625 
0 0.06875 0.7046875 0.009375 0.01875 
0 0.08515625 0.675 0.0109375 0.015625 
0 0.05390625 0.7015625 0.0140625 0.01875 
0 0.07265625 0.63984375 0.0140625 0.0171875 
0 0.09921875 0.00546875 0.0078125 0.0078125 
1 0.1671875 0.921875 0.034375 0.05625 
1 0.99140625 0.09765625 0.0171875 0.0453125 
0 0.91796875 0.03671875 0.0140625 0.0140625 
0 0.975 0.9921875 0.0125 0.009375 
0 0.44921875 0.59765625 0.0140625 0.0078125 
0 0.33359375 0.659375 0.0109375 0.015625 
0 0.33671875 0.70546875 0.0109375 0.0140625 
0 0.30703125 0.7203125 0.0109375 0.015625 
0 0.24609375 0.6953125 0.0109375 0.015625 
0 0.22109375 0.73125 0.0109375 0.015625 
0 0.2546875 0.7328125 0.009375 0.015625 
0 0.4515625 0.58203125 0.015625 0.0078125 
0 0.45 0.59140625 0.0125 0.0078125 
0 0.44453125 0.6046875 0.0140625 0.009375 
0 0.39375 0.59765625 0.0125 0.0203125 
0 0.44140625 0.61875 0.0140625 0.009375 
0 0.4359375 0.63359375 0.015625 0.0078125 
0 0.4328125 0.6421875 0.015625 0.009375 
0 0.43203125 0.6515625 0.0171875 0.009375 
0 0.428125 0.66328125 0.015625 0.0109375 
0 0.421875 0.678125 0.015625 0.009375 
0 0.42109375 0.6875 0.0140625 0.009375 
0 0.41953125 0.69375 0.0140625 0.009375 
0 0.36328125 0.64296875 0.0140625 0.0171875 
0 0.3640625 0.58671875 0.009375 0.0140625 
0 0.4140625 0.709375 0.0125 0.009375 
0 0.51640625 0.24375 0.0109375 0.015625 
0 0.3390625 0.2125 0.009375 0.015625 
0 0.12578125 0.178125 0.0078125 0.0125 
0 0.13671875 0.1828125 0.0109375 0.015625 
0 0.14921875 0.18359375 0.0109375 0.0140625 
0 0.16953125 0.1859375 0.0109375 0.015625 
0 0.40234375 0.26796875 0.0109375 0.0171875 
0 0.40078125 0.32734375 0.0109375 0.0171875 
0 0.44140625 0.25078125 0.0109375 0.0171875 
0 0.48203125 0.33125 0.0109375 0.015625 
0 0.3921875 0.546875 0.0125 0.015625 
0 0.56328125 0.340625 0.0171875 0.01875 
0 0.44453125 0.45078125 0.0109375 0.0171875 
0 0.36015625 0.41953125 0.0109375 0.0171875 
0 0.403125 0.50234375 0.0125 0.0171875 
0 0.28046875 0.61640625 0.0109375 0.0171875 
0 0.28203125 0.5796875 0.0109375 0.01875 
0 0.4234375 0.4984375 0.0125 0.015625 
0 0.42265625 0.528125 0.0109375 0.015625 
0 0.41640625 0.703125 0.0140625 0.009375 
0 0.48671875 0.753125 0.0109375 0.01875 
0 0.68125 0.99453125 0.009375 0.0109375 
0 0.66328125 0.9921875 0.0078125 0.015625 
0 0.5421875 0.97890625 0.00625 0.0140625 
0 0.5203125 0.9734375 0.00625 0.0125 
0 0.4109375 0.7234375 0.0125 0.009375 
0 0.24375 0.90234375 0.009375 0.0140625 
0 0.409375 0.7328125 0.015625 0.009375 
0 0.40390625 0.74765625 0.0140625 0.0109375 
0 0.39375 0.784375 0.015625 0.009375 
1 0.35390625 0.63984375 0.0203125 0.0328125 
1 0.228125 0.76640625 0.015625 0.0203125 
0 0.315625 0.740625 0.009375 0.015625 
0 0.2875 0.8140625 0.009375 0.015625 
0 0.16328125 0.86328125 0.0109375 0.0171875 
0 0.63125 0.93359375 0.015625 0.0109375 
0 0.65078125 0.95390625 0.0078125 0.0140625 
0 0.68046875 0.94609375 0.0140625 0.0109375 
0 0.55390625 0.92890625 0.0078125 0.0171875 
0 0.21875 0.95625 0.009375 0.015625 
0 0.22109375 0.975 0.0078125 0.0125 
0 0.2234375 0.9171875 0.009375 0.0125 
0 0.29375 0.9640625 0.009375 0.015625 
0 0.97734375 0.4328125 0.0078125 0.015625 
0 0.940625 0.3640625 0.00625 0.015625 
0 0.4328125 0.21953125 0.0125 0.0203125 
0 0.51953125 0.18671875 0.0109375 0.0171875 
0 0.57734375 0.07265625 0.0109375 0.0140625 
0 0.11640625 0.9453125 0.0140625 0.01875 
0 0.58359375 0.125 0.0109375 0.015625 
0 0.01015625 0.00625 0.0109375 0.009375 
0 0.83203125 0.00546875 0.0171875 0.0078125 
0 0.61953125 0.02734375 0.0109375 0.0171875 
0 0.25546875 0.08125 0.0140625 0.009375 
0 0.50625 0.10234375 0.009375 0.0140625 
0 0.47421875 0.10390625 0.0109375 0.0171875 
0 0.59609375 0.0546875 0.0109375 0.015625 
