1 0.2921875 0.02578125 0.034375 0.0140625 
0 0.43359375 0.1 0.0109375 0.015625 
0 0.465625 0.0953125 0.0125 0.01875 
0 0.4765625 0.16875 0.009375 0.015625 
0 0.4703125 0.22734375 0.009375 0.0140625 
0 0.09375 0.5359375 0.0125 0.015625 
0 0.5015625 0.02421875 0.01875 0.0078125 
0 0.6375 0.0125 0.015625 0.009375 
0 0.6515625 0.621875 0.0125 0.01875 
0 0.8015625 0.58515625 0.0125 0.0171875 
0 0.83125 0.6296875 0.0125 0.015625 
0 0.81640625 0.67109375 0.0140625 0.0171875 
0 0.9234375 0.8640625 0.0125 0.015625 
0 0.965625 0.93203125 0.0125 0.0171875 
0 0.7421875 0.90390625 0.0125 0.0140625 
0 0.74296875 0.8734375 0.0109375 0.015625 
1 0.42734375 0.940625 0.0296875 0.0625 
0 0.6796875 0.8890625 0.0125 0.01875 
0 0.35 0.75078125 0.009375 0.0171875 
0 0.08046875 0.796875 0.0140625 0.015625 
0 0.0859375 0.5328125 0.0125 0.015625 
0 0.61328125 0.58671875 0.0140625 0.0171875 
0 0.62734375 0.55546875 0.0109375 0.0140625 
0 0.5734375 0.41953125 0.0125 0.0140625 
0 0.83125 0.1921875 0.015625 0.0125 
0 0.8015625 0.07734375 0.0125 0.0078125 
0 0.8015625 0.0859375 0.0125 0.00625 
0 0.79375 0.12265625 0.00625 0.0171875 
0 0.81171875 0.15 0.0140625 0.009375 
0 0.81953125 0.1625 0.0109375 0.009375 
0 0.82265625 0.16953125 0.0109375 0.0109375 
0 0.825 0.1765625 0.0125 0.0125 
0 0.74921875 0.43203125 0.0109375 0.0171875 
0 0.16328125 0.33828125 0.0109375 0.0078125 
0 0.29765625 0.38359375 0.0109375 0.0109375 
0 0.68828125 0.3 0.0140625 0.01875 
0 0.70625 0.37890625 0.009375 0.0140625 
0 0.525 0.315625 0.009375 0.015625 
0 0.521875 0.334375 0.009375 0.015625 
0 0.51640625 0.35703125 0.0109375 0.0171875 
0 0.41875 0.48515625 0.009375 0.0171875 
0 0.45 0.43203125 0.009375 0.0203125 
0 0.05078125 0.5203125 0.0109375 0.015625 
0 0.10390625 0.540625 0.0109375 0.015625 
0 0.53046875 0.6421875 0.0078125 0.015625 
0 0.96015625 0.1 0.0140625 0.0125 
0 0.9546875 0.0875 0.015625 0.0125 
0 0.92265625 0.021875 0.0140625 0.0125 
