0 0.48828125 0.37890625 0.0140625 0.0078125 
0 0.4890625 0.3875 0.0125 0.009375 
0 0.50546875 0.38125 0.0140625 0.009375 
0 0.54453125 0.25546875 0.0078125 0.0140625 
0 0.5421875 0.27421875 0.00625 0.0140625 
0 0.5421875 0.29140625 0.00625 0.0140625 
0 0.540625 0.30859375 0.009375 0.0109375 
0 0.55 0.31796875 0.009375 0.0171875 
0 0.55078125 0.27265625 0.0078125 0.0171875 
0 0.5515625 0.25703125 0.009375 0.0140625 
0 0.5625 0.21484375 0.009375 0.0109375 
0 0.56796875 0.19609375 0.0109375 0.0140625 
0 0.57421875 0.17578125 0.0109375 0.0140625 
0 0.575 0.153125 0.0125 0.01875 
0 0.5875 0.11875 0.0125 0.015625 
0 0.609375 0.10625 0.0125 0.015625 
0 0.62421875 0.0890625 0.0109375 0.015625 
0 0.63828125 0.0734375 0.0109375 0.0125 
0 0.65234375 0.0578125 0.0140625 0.015625 
1 0.1390625 0.64140625 0.021875 0.0296875 
1 0.4515625 0.3625 0.028125 0.01875 
1 0.59140625 0.140625 0.0203125 0.028125 
0 0.7140625 0.29921875 0.015625 0.0109375 
0 0.43359375 0.39453125 0.0140625 0.0109375 
0 0.31484375 0.4140625 0.0171875 0.015625 
0 0.31875 0.434375 0.015625 0.0125 
0 0.04765625 0.81328125 0.0109375 0.0171875 
0 0.16875 0.5828125 0.0125 0.015625 
0 0.16875 0.60625 0.015625 0.015625 
0 0.228125 0.51328125 0.0125 0.0171875 
0 0.28515625 0.44921875 0.0171875 0.0140625 
0 0.0171875 0.87734375 0.0125 0.0140625 
0 0.55078125 0.35390625 0.0140625 0.0140625 
0 0.19609375 0.51875 0.0109375 0.0125 
0 0.19296875 0.540625 0.0109375 0.0125 
0 0.20703125 0.51796875 0.0109375 0.0140625 
0 0.2265625 0.5 0.009375 0.0125 
0 0.215625 0.38046875 0.0125 0.0046875 
0 0.2125 0.3640625 0.0125 0.009375 
0 0.2125 0.3578125 0.0125 0.00625 
0 0.203125 0.30390625 0.0125 0.0046875 
0 0.196875 0.215625 0.00625 0.0125 
0 0.22109375 0.140625 0.0046875 0.0125 
