0 0.39609375 0.790625 0.0265625 0.03125 
0 0.5515625 0.7390625 0.021875 0.028125 
0 0.51171875 0.70078125 0.0234375 0.0296875 
0 0.22734375 0.19375 0.0234375 0.03125 
0 0.44140625 0.52734375 0.0265625 0.0328125 
0 0.4109375 0.509375 0.025 0.03125 
0 0.3484375 0.41015625 0.021875 0.0296875 
0 0.234375 0.47578125 0.025 0.0328125 
0 0.20234375 0.38828125 0.0234375 0.0265625 
0 0.153125 0.31171875 0.028125 0.0296875 
0 0.08984375 0.23359375 0.0234375 0.0265625 
0 0.015625 0.084375 0.021875 0.028125 
0 0.1140625 0.0328125 0.021875 0.025 
