0 0.43515625 0.065625 0.0140625 0.009375 
0 0.940625 0.21171875 0.015625 0.0078125 
0 0.97734375 0.22421875 0.0140625 0.0078125 
0 0.9703125 0.09921875 0.00625 0.0140625 
0 0.95390625 0.128125 0.0046875 0.015625 
0 0.59296875 0.09140625 0.0140625 0.0109375 
0 0.59453125 0.13515625 0.0140625 0.0078125 
0 0.58671875 0.11796875 0.0171875 0.0109375 
0 0.64609375 0.12890625 0.0140625 0.0109375 
0 0.7015625 0.146875 0.0125 0.009375 
0 0.9609375 0.08671875 0.00625 0.0140625 
0 0.9 0.21953125 0.015625 0.0109375 
0 0.86015625 0.20078125 0.0109375 0.0109375 
0 0.803125 0.190625 0.021875 0.0125 
0 0.3 0.61640625 0.009375 0.0140625 
0 0.3984375 0.76328125 0.0125 0.0109375 
0 0.375 0.734375 0.015625 0.009375 
0 0.61015625 0.66640625 0.0140625 0.0109375 
0 0.61171875 0.66015625 0.0140625 0.0109375 
0 0.6703125 0.65625 0.00625 0.0125 
0 0.68046875 0.66328125 0.0078125 0.0109375 
0 0.6890625 0.6625 0.009375 0.0125 
0 0.70234375 0.67734375 0.0078125 0.0140625 
0 0.71171875 0.68125 0.0046875 0.015625 
0 0.72109375 0.6875 0.0078125 0.015625 
0 0.73203125 0.69296875 0.0078125 0.0109375 
0 0.74296875 0.6984375 0.0078125 0.0125 
0 0.7328125 0.67421875 0.0125 0.0140625 
0 0.72578125 0.66953125 0.0109375 0.0140625 
0 0.71875 0.6671875 0.0125 0.015625 
0 0.70546875 0.65859375 0.0109375 0.0140625 
0 0.70078125 0.653125 0.0109375 0.0125 
0 0.69296875 0.64765625 0.0109375 0.0140625 
0 0.68515625 0.64765625 0.0109375 0.0109375 
0 0.68046875 0.64140625 0.0109375 0.0140625 
0 0.67265625 0.6390625 0.0109375 0.0125 
0 0.6609375 0.61875 0.0125 0.015625 
0 0.7 0.61171875 0.0125 0.0140625 
0 0.26875 0.8265625 0.015625 0.009375 
0 0.25546875 0.865625 0.0140625 0.009375 
0 0.221875 0.86328125 0.0125 0.0109375 
0 0.40390625 0.9484375 0.0078125 0.015625 
0 0.35 0.89453125 0.0125 0.0140625 
0 0.4765625 0.9765625 0.009375 0.0125 
0 0.2203125 0.87109375 0.0125 0.0109375 
0 0.4484375 0.96484375 0.009375 0.0171875 
0 0.4328125 0.9578125 0.009375 0.01875 
0 0.60859375 0.98671875 0.0109375 0.0140625 
0 0.4828125 0.940625 0.009375 0.0125 
0 0.46953125 0.93515625 0.0109375 0.0140625 
0 0.446875 0.92890625 0.0125 0.0140625 
0 0.425 0.91953125 0.0125 0.0140625 
0 0.834375 0.90390625 0.015625 0.0109375 
0 0.809375 0.89140625 0.015625 0.0140625 
0 0.22890625 0.84140625 0.0109375 0.0078125 
0 0.15625 0.61875 0.0125 0.01875 
0 0.309375 0.57734375 0.009375 0.0171875 
0 0.3640625 0.0796875 0.009375 0.015625 
0 0.36875 0.6140625 0.0125 0.009375 
0 0.30859375 0.49140625 0.0140625 0.0109375 
0 0.31015625 0.48203125 0.0140625 0.0109375 
0 0.31171875 0.47109375 0.0140625 0.0109375 
0 0.31640625 0.4578125 0.0140625 0.009375 
0 0.4140625 0.45625 0.015625 0.0125 
0 0.49140625 0.47734375 0.0203125 0.0109375 
0 0.69453125 0.54765625 0.0140625 0.0109375 
0 0.703125 0.5609375 0.015625 0.0125 
0 0.82265625 0.60234375 0.0140625 0.0109375 
0 0.9765625 0.64296875 0.015625 0.0109375 
0 0.24140625 0.44609375 0.0109375 0.0171875 
0 0.14921875 0.371875 0.0140625 0.009375 
0 0.17734375 0.36953125 0.0140625 0.0078125 
0 0.20703125 0.3890625 0.0140625 0.009375 
0 0.24140625 0.39375 0.0140625 0.009375 
0 0.26328125 0.41015625 0.0171875 0.0109375 
0 0.253125 0.3484375 0.0125 0.01875 
0 0.2640625 0.32578125 0.009375 0.0140625 
0 0.26796875 0.2796875 0.0109375 0.015625 
0 0.3296875 0.146875 0.009375 0.015625 
0 0.3390625 0.12265625 0.0125 0.0203125 
0 0.34921875 0.0953125 0.0109375 0.015625 
0 0.35625 0.07578125 0.009375 0.0140625 
0 0.30390625 0.50078125 0.0140625 0.0109375 
0 0.29921875 0.5109375 0.0140625 0.009375 
0 0.35546875 0.47421875 0.0078125 0.0140625 
0 0.40859375 0.53359375 0.0109375 0.0140625 
0 0.36640625 0.59921875 0.0078125 0.0140625 
0 0.37265625 0.5828125 0.0109375 0.015625 
0 0.34375 0.57265625 0.0125 0.0171875 
0 0.34296875 0.53046875 0.0109375 0.0171875 
0 0.35625 0.53671875 0.0125 0.0140625 
0 0.3640625 0.53984375 0.009375 0.0171875 
0 0.3796875 0.54375 0.009375 0.015625 
0 0.38671875 0.546875 0.0109375 0.015625 
0 0.39453125 0.55078125 0.0109375 0.0140625 
0 0.4015625 0.55390625 0.009375 0.0140625 
0 0.40078125 0.53125 0.0109375 0.015625 
0 0.375 0.48125 0.009375 0.015625 
0 0.39296875 0.528125 0.0078125 0.0125 
0 0.38515625 0.52734375 0.0109375 0.0140625 
0 0.3796875 0.5234375 0.009375 0.015625 
0 0.37109375 0.51875 0.0109375 0.015625 
0 0.3578125 0.5140625 0.009375 0.0125 
0 0.35078125 0.51328125 0.0078125 0.0140625 
0 0.3421875 0.50859375 0.009375 0.0140625 
0 0.40546875 0.490625 0.0078125 0.015625 
0 0.39140625 0.48515625 0.0109375 0.0140625 
0 0.38359375 0.4828125 0.0109375 0.015625 
