0 0.95546875 0.3609375 0.0171875 0.01875 
0 0.98203125 0.3328125 0.0171875 0.015625 
0 0.81484375 0.1078125 0.0171875 0.01875 
0 0.83671875 0.1203125 0.0171875 0.01875 
0 0.85546875 0.14296875 0.0203125 0.0171875 
0 0.86875 0.6421875 0.01875 0.01875 
0 0.7671875 0.68671875 0.01875 0.0171875 
0 0.8015625 0.6375 0.01875 0.01875 
0 0.33359375 0.70703125 0.0171875 0.0171875 
0 0.5234375 0.93359375 0.015625 0.0171875 
0 0.2796875 0.68046875 0.015625 0.0203125 
0 0.2890625 0.67578125 0.015625 0.0203125 
0 0.31796875 0.68828125 0.0203125 0.0171875 
0 0.3234375 0.69453125 0.01875 0.0171875 
0 0.32890625 0.7015625 0.0171875 0.015625 
0 0.34140625 0.71328125 0.0140625 0.0140625 
0 0.7703125 0.61484375 0.015625 0.0140625 
0 0.35078125 0.72734375 0.0140625 0.0140625 
0 0.365625 0.75 0.015625 0.015625 
0 0.2828125 0.70546875 0.01875 0.0171875 
0 0.28828125 0.71171875 0.0171875 0.0171875 
0 0.29296875 0.71796875 0.0171875 0.0171875 
0 0.2984375 0.725 0.01875 0.015625 
0 0.55234375 0.96875 0.0171875 0.015625 
0 0.55703125 0.975 0.0171875 0.015625 
0 0.565625 0.98203125 0.015625 0.0140625 
0 0.5703125 0.9890625 0.015625 0.015625 
0 0.49765625 0.96953125 0.0171875 0.0171875 
0 0.50390625 0.9765625 0.0171875 0.015625 
0 0.5203125 0.4015625 0.015625 0.015625 
0 0.58515625 0.39296875 0.0171875 0.0171875 
0 0.6296875 0.43359375 0.015625 0.0171875 
0 0.6203125 0.47265625 0.015625 0.0171875 
0 0.6328125 0.53515625 0.015625 0.0171875 
0 0.80703125 0.5109375 0.0171875 0.015625 
0 0.8234375 0.4953125 0.015625 0.015625 
0 0.8859375 0.4296875 0.01875 0.015625 
0 0.74375 0.65078125 0.015625 0.0140625 
0 0.7546875 0.63671875 0.01875 0.0140625 
0 0.7640625 0.62109375 0.01875 0.0171875 
0 0.30390625 0.73125 0.0171875 0.015625 
0 0.309375 0.7375 0.01875 0.01875 
0 0.31484375 0.74609375 0.0171875 0.0171875 
0 0.3203125 0.753125 0.01875 0.015625 
0 0.240625 0.00859375 0.015625 0.0140625 
0 0.28515625 0.03515625 0.0203125 0.0171875 
0 0.3078125 0.03046875 0.01875 0.0171875 
0 0.23359375 0.03984375 0.0171875 0.0109375 
0 0.30078125 0.08046875 0.0140625 0.0171875 
0 0.32890625 0.1171875 0.0171875 0.01875 
0 0.10546875 0.621875 0.0140625 0.01875 
0 0.15078125 0.75078125 0.0109375 0.0203125 
0 0.2921875 0.96953125 0.015625 0.0171875 
0 0.2984375 0.97578125 0.01875 0.0171875 
0 0.3078125 0.859375 0.015625 0.015625 
0 0.4109375 0.859375 0.01875 0.01875 
0 0.42890625 0.88125 0.0171875 0.01875 
