0 0.02109375 0.0390625 0.0171875 0.015625 
0 0.01328125 0.05234375 0.0140625 0.0140625 
0 0.0453125 0.021875 0.015625 0.01875 
0 0.03671875 0.02578125 0.0171875 0.0171875 
0 0.0515625 0.01484375 0.015625 0.0171875 
0 0.0640625 0.00625 0.015625 0.009375 
0 0.00546875 0.009375 0.0078125 0.015625 
0 0.17109375 0.00546875 0.0109375 0.0078125 
0 0.66171875 0.34375 0.0140625 0.01875 
0 0.55546875 0.41953125 0.0171875 0.0171875 
0 0.49375 0.3828125 0.015625 0.015625 
0 0.5125 0.3796875 0.015625 0.015625 
0 0.73671875 0.4109375 0.0171875 0.0125 
0 0.69453125 0.3890625 0.0171875 0.015625 
0 0.68984375 0.396875 0.0171875 0.015625 
0 0.57734375 0.33828125 0.0140625 0.0171875 
0 0.61953125 0.45390625 0.0203125 0.0140625 
0 0.5671875 0.33125 0.0125 0.01875 
0 0.55234375 0.32265625 0.0140625 0.0171875 
0 0.54375 0.31640625 0.0125 0.0171875 
0 0.6140625 0.30859375 0.0125 0.0171875 
0 0.5953125 0.2984375 0.0125 0.015625 
0 0.5875 0.2953125 0.009375 0.015625 
0 0.53828125 0.446875 0.0171875 0.0125 
0 0.68984375 0.4734375 0.0171875 0.009375 
0 0.475 0.1 0.0125 0.015625 
0 0.17578125 0.08046875 0.0171875 0.0171875 
0 0.209375 0.1171875 0.01875 0.01875 
0 0.203125 0.11171875 0.01875 0.0171875 
0 0.19765625 0.10546875 0.0171875 0.0171875 
0 0.19140625 0.09921875 0.0171875 0.0171875 
0 0.18515625 0.09296875 0.0171875 0.0171875 
0 0.18203125 0.08515625 0.0171875 0.0171875 
0 0.16875 0.07421875 0.01875 0.0171875 
0 0.72890625 0.48046875 0.0171875 0.0109375 
0 0.16328125 0.06640625 0.0171875 0.0171875 
0 0.15625 0.0609375 0.01875 0.01875 
0 0.15078125 0.05390625 0.0171875 0.0171875 
0 0.1453125 0.04765625 0.01875 0.0171875 
0 0.13984375 0.04140625 0.0171875 0.0171875 
0 0.765625 0.48828125 0.015625 0.0078125 
0 0.58125 0.28984375 0.0125 0.0171875 
0 0.57421875 0.28671875 0.0140625 0.0171875 
0 0.565625 0.28203125 0.0125 0.0171875 
0 0.4359375 0.1453125 0.0125 0.01875 
0 0.46171875 0.18125 0.0140625 0.015625 
0 0.46328125 0.16171875 0.0109375 0.0171875 
0 0.52109375 0.0703125 0.0109375 0.015625 
0 0.4546875 0.175 0.009375 0.0125 
0 0.45703125 0.15859375 0.0109375 0.0171875 
0 0.44921875 0.15546875 0.0109375 0.0171875 
0 0.4265625 0.14140625 0.015625 0.0203125 
0 0.54609375 0.2703125 0.0140625 0.015625 
0 0.4125 0.134375 0.0125 0.015625 
0 0.4171875 0.11015625 0.0125 0.0171875 
0 0.46953125 0.121875 0.0140625 0.015625 
0 0.43515625 0.09921875 0.0140625 0.0171875 
0 0.42734375 0.09453125 0.0140625 0.0171875 
0 0.41953125 0.08984375 0.0140625 0.0140625 
0 0.4109375 0.1984375 0.015625 0.015625 
0 0.41640625 0.20390625 0.0171875 0.0171875 
0 0.434375 0.22109375 0.0125 0.0140625 
0 0.3859375 0.24296875 0.015625 0.0171875 
0 0.3453125 0.20078125 0.01875 0.0171875 
0 0.328125 0.20078125 0.0125 0.0171875 
0 0.44609375 0.23359375 0.0171875 0.0171875 
0 0.453125 0.240625 0.015625 0.015625 
0 0.4625 0.25078125 0.015625 0.0171875 
0 0.46875 0.26015625 0.015625 0.0171875 
0 0.48046875 0.27265625 0.0171875 0.0171875 
0 0.4328125 0.31328125 0.015625 0.0171875 
0 0.46328125 0.32734375 0.0171875 0.0171875 
0 0.4578125 0.340625 0.015625 0.015625 
0 0.51484375 0.29921875 0.0140625 0.0171875 
0 0.53671875 0.3125 0.0109375 0.015625 
0 0.53515625 0.26328125 0.0109375 0.0140625 
0 0.21640625 0.12421875 0.0203125 0.0203125 
0 0.2234375 0.13203125 0.01875 0.0171875 
0 0.23046875 0.1375 0.0203125 0.01875 
0 0.3640625 0.2875 0.015625 0.015625 
0 0.41484375 0.409375 0.0140625 0.015625 
0 0.40703125 0.39140625 0.0171875 0.0140625 
0 0.4 0.3859375 0.015625 0.015625 
0 0.39453125 0.37890625 0.0171875 0.0171875 
0 0.38984375 0.3734375 0.0140625 0.015625 
0 0.36953125 0.29375 0.0171875 0.015625 
0 0.35859375 0.28046875 0.0140625 0.0140625 
0 0.31171875 0.23125 0.0171875 0.015625 
0 0.34375 0.28359375 0.015625 0.0140625 
0 0.34609375 0.27109375 0.0171875 0.0140625 
0 0.34296875 0.26015625 0.0171875 0.0171875 
0 0.33359375 0.2578125 0.0171875 0.015625 
0 0.32734375 0.2515625 0.0171875 0.015625 
0 0.321875 0.24453125 0.01875 0.0171875 
0 0.38125 0.41796875 0.015625 0.0140625 
0 0.40390625 0.4265625 0.0140625 0.01875 
0 0.4265625 0.35390625 0.015625 0.0171875 
0 0.43125 0.35859375 0.015625 0.0140625 
0 0.4359375 0.36640625 0.015625 0.0140625 
0 0.42890625 0.396875 0.0171875 0.01875 
0 0.3921875 0.44296875 0.015625 0.0171875 
0 0.4390625 0.421875 0.015625 0.01875 
0 0.44296875 0.3890625 0.0171875 0.009375 
0 0.4625 0.3953125 0.01875 0.015625 
0 0.48046875 0.4125 0.0140625 0.01875 
0 0.9078125 0.5078125 0.01875 0.009375 
0 0.98671875 0.53203125 0.0203125 0.0109375 
0 0.31640625 0.23828125 0.0171875 0.0171875 
0 0.30703125 0.22421875 0.0140625 0.0140625 
0 0.2359375 0.14375 0.01875 0.01875 
0 0.1140625 0.07734375 0.01875 0.0171875 
0 0.1984375 0.1671875 0.01875 0.01875 
0 0.17578125 0.14375 0.0171875 0.015625 
0 0.14296875 0.10546875 0.0171875 0.0171875 
0 0.1328125 0.09765625 0.015625 0.0171875 
0 0.12578125 0.08984375 0.0171875 0.0140625 
0 0.12109375 0.0828125 0.0171875 0.015625 
0 0.25859375 0.23359375 0.0171875 0.0171875 
0 0.30078125 0.21796875 0.0140625 0.0140625 
0 0.25390625 0.228125 0.0171875 0.01875 
0 0.2703125 0.21171875 0.015625 0.0171875 
0 0.25234375 0.1953125 0.0109375 0.01875 
0 0.26796875 0.171875 0.0171875 0.015625 
0 0.246875 0.159375 0.01875 0.01875 
0 0.2421875 0.15078125 0.01875 0.0171875 
0 0.20390625 0.1734375 0.0171875 0.01875 
0 0.21015625 0.178125 0.0171875 0.01875 
0 0.21640625 0.184375 0.0171875 0.01875 
0 0.2234375 0.19453125 0.01875 0.0171875 
0 0.1953125 0.26171875 0.015625 0.0140625 
0 0.1828125 0.27578125 0.015625 0.0171875 
0 0.29921875 0.27578125 0.0171875 0.0171875 
0 0.3046875 0.2828125 0.015625 0.015625 
0 0.32421875 0.3 0.0171875 0.015625 
0 0.3296875 0.3078125 0.015625 0.015625 
0 0.33359375 0.315625 0.0171875 0.01875 
0 0.39140625 0.35078125 0.0109375 0.0171875 
0 0.403125 0.32890625 0.015625 0.0171875 
0 0.4109375 0.33515625 0.015625 0.0140625 
0 0.2828125 0.19921875 0.015625 0.0140625 
0 0.2875 0.2046875 0.015625 0.015625 
0 0.29609375 0.21171875 0.0140625 0.0140625 
0 0.48046875 0.10625 0.0078125 0.015625 
0 0.4453125 0.08359375 0.0125 0.0171875 
0 0.12265625 0.02109375 0.0171875 0.0171875 
0 0.43671875 0.0796875 0.0140625 0.015625 
0 0.33828125 0.1140625 0.0140625 0.015625 
0 0.3515625 0.09765625 0.0125 0.0171875 
0 0.32734375 0.13046875 0.0140625 0.0171875 
0 0.340625 0.08203125 0.015625 0.0171875 
0 0.31328125 0.14140625 0.0171875 0.0171875 
0 0.290625 0.13984375 0.01875 0.0203125 
0 0.24140625 0.08828125 0.0171875 0.0171875 
0 0.128125 0.0328125 0.015625 0.015625 
0 0.33515625 0.01484375 0.0140625 0.0171875 
0 0.3453125 0.021875 0.015625 0.01875 
0 0.35546875 0.02578125 0.0140625 0.0171875 
0 0.39296875 0.09765625 0.0171875 0.0140625 
0 0.53515625 0.03046875 0.0140625 0.0140625 
0 0.52734375 0.02578125 0.0140625 0.0171875 
0 0.54453125 0.01640625 0.0140625 0.0171875 
0 0.5375 0.0109375 0.015625 0.01875 
0 0.4859375 0.00546875 0.015625 0.0078125 
0 0.4375 0.01328125 0.0125 0.0171875 
0 0.46484375 0.0078125 0.0109375 0.0125 
0 0.390625 0.1234375 0.0125 0.015625 
0 0.39765625 0.07734375 0.0140625 0.0171875 
0 0.40703125 0.08046875 0.0140625 0.0171875 
0 0.42265625 0.07265625 0.0140625 0.0171875 
0 0.45546875 0.0484375 0.0140625 0.01875 
0 0.44765625 0.0453125 0.0109375 0.015625 
0 0.45 0.021875 0.015625 0.01875 
0 0.4578125 0.0265625 0.015625 0.01875 
0 0.4640625 0.03125 0.0125 0.01875 
0 0.471875 0.0375 0.015625 0.01875 
0 0.478125 0.06171875 0.015625 0.0171875 
0 0.49765625 0.07421875 0.0140625 0.0171875 
0 0.48828125 0.06953125 0.0140625 0.0171875 
0 0.49609375 0.04921875 0.0140625 0.0203125 
0 0.50390625 0.059375 0.0109375 0.015625 
0 0.50546875 0.0796875 0.0109375 0.01875 
0 0.43125 0.99140625 0.0125 0.0171875 
0 0.09453125 0.90078125 0.0078125 0.0171875 
0 0.0875 0.896875 0.009375 0.01875 
0 0.11171875 0.909375 0.0171875 0.01875 
0 0.24375 0.671875 0.015625 0.015625 
0 0.23671875 0.6796875 0.0171875 0.015625 
0 0.221875 0.69296875 0.01875 0.0171875 
0 0.27265625 0.69296875 0.0203125 0.0203125 
0 0.25390625 0.71796875 0.0171875 0.0171875 
0 0.13828125 0.88125 0.0171875 0.015625 
0 0.01171875 0.69140625 0.0203125 0.0171875 
0 0.0421875 0.978125 0.01875 0.015625 
1 0.29453125 0.66953125 0.0234375 0.0234375 
0 0.3890625 0.60234375 0.015625 0.0171875 
0 0.23984375 0.53046875 0.0171875 0.0171875 
0 0.17421875 0.38125 0.0171875 0.015625 
0 0.01953125 0.29765625 0.0203125 0.0109375 
0 0.03203125 0.3109375 0.0171875 0.009375 
0 0.04609375 0.32734375 0.0171875 0.0078125 
0 0.05234375 0.33359375 0.0171875 0.0078125 
0 0.06171875 0.34296875 0.0203125 0.0109375 
0 0.07109375 0.35234375 0.0171875 0.0078125 
0 0.18046875 0.3875 0.0171875 0.015625 
0 0.12578125 0.40078125 0.0203125 0.0203125 
0 0.2203125 0.5359375 0.015625 0.015625 
0 0.2390625 0.58984375 0.015625 0.0109375 
0 0.28046875 0.634375 0.0171875 0.0125 
0 0.275 0.62578125 0.01875 0.0140625 
0 0.26875 0.61796875 0.01875 0.0109375 
0 0.259375 0.61171875 0.015625 0.0109375 
0 0.25234375 0.603125 0.0140625 0.009375 
0 0.24765625 0.5953125 0.0171875 0.009375 
0 0.23359375 0.5828125 0.0171875 0.009375 
0 0.1171875 0.409375 0.01875 0.021875 
0 0.228125 0.575 0.015625 0.009375 
0 0.2375 0.546875 0.015625 0.015625 
0 0.2328125 0.55546875 0.015625 0.0171875 
0 0.20625 0.55703125 0.015625 0.0140625 
0 0.2109375 0.55078125 0.01875 0.0171875 
0 0.21640625 0.54296875 0.0140625 0.0140625 
0 0.25 0.578125 0.015625 0.015625 
0 0.26796875 0.5953125 0.0171875 0.015625 
0 0.275 0.58515625 0.015625 0.0171875 
0 0.28125 0.61171875 0.015625 0.0109375 
0 0.28515625 0.6046875 0.0140625 0.0125 
0 0.28671875 0.5953125 0.0140625 0.009375 
0 0.32265625 0.559375 0.0203125 0.01875 
0 0.35 0.5921875 0.01875 0.015625 
0 0.3578125 0.584375 0.01875 0.0125 
0 0.36328125 0.575 0.0203125 0.009375 
0 0.3703125 0.5671875 0.015625 0.009375 
0 0.36953125 0.55625 0.0140625 0.009375 
0 0.3578125 0.54453125 0.015625 0.0078125 
0 0.35 0.53515625 0.015625 0.0078125 
0 0.3796875 0.52109375 0.015625 0.0171875 
0 0.39765625 0.51640625 0.0171875 0.0109375 
0 0.334375 0.46171875 0.01875 0.0171875 
1 0.84609375 0.440625 0.0328125 0.028125 
