0 0.6078125 0.3640625 0.00625 0.015625 
0 0.5984375 0.3640625 0.00625 0.015625 
0 0.58828125 0.36328125 0.0078125 0.0171875 
0 0.56484375 0.3578125 0.0078125 0.015625 
0 0.5890625 0.7625 0.01875 0.009375 
0 0.57109375 0.3734375 0.0171875 0.009375 
0 0.56796875 0.38125 0.0203125 0.009375 
0 0.56796875 0.3921875 0.0171875 0.009375 
0 0.59921875 0.38515625 0.0078125 0.0171875 
0 0.61796875 0.365625 0.0078125 0.015625 
0 0.62578125 0.36640625 0.0078125 0.0171875 
0 0.5875 0.7703125 0.01875 0.009375 
0 0.590625 0.75390625 0.01875 0.0109375 
0 0.49765625 0.3734375 0.0171875 0.009375 
0 0.565625 0.6890625 0.0125 0.01875 
0 0.60703125 0.62265625 0.0140625 0.0171875 
0 0.6375 0.60390625 0.01875 0.0171875 
0 0.63984375 0.6171875 0.0171875 0.0125 
0 0.63671875 0.63046875 0.0171875 0.0140625 
0 0.634375 0.64375 0.01875 0.015625 
0 0.63515625 0.6625 0.0171875 0.015625 
0 0.57890625 0.68984375 0.0140625 0.0203125 
0 0.60546875 0.728125 0.0171875 0.009375 
0 0.5890625 0.68515625 0.0125 0.0203125 
0 0.59375 0.675 0.0125 0.01875 
0 0.60546875 0.67734375 0.0078125 0.0171875 
0 0.6140625 0.67890625 0.009375 0.0171875 
0 0.62265625 0.68046875 0.0078125 0.0171875 
0 0.48828125 0.7296875 0.0171875 0.009375 
0 0.63515625 0.36640625 0.0078125 0.0171875 
0 0.64765625 0.371875 0.0140625 0.015625 
0 0.6453125 0.384375 0.01875 0.015625 
0 0.54921875 0.39296875 0.0140625 0.0078125 
0 0.5640625 0.43359375 0.015625 0.0078125 
0 0.56796875 0.403125 0.0171875 0.009375 
0 0.5671875 0.4125 0.01875 0.009375 
0 0.5484375 0.4203125 0.015625 0.009375 
0 0.5484375 0.4109375 0.015625 0.009375 
0 0.54921875 0.4015625 0.0171875 0.009375 
0 0.546875 0.37734375 0.015625 0.0078125 
0 0.64296875 0.39609375 0.0171875 0.0140625 
0 0.546875 0.36953125 0.015625 0.0078125 
0 0.5453125 0.3546875 0.00625 0.015625 
0 0.4984375 0.3484375 0.015625 0.009375 
0 0.515625 0.3578125 0.01875 0.009375 
0 0.51640625 0.34921875 0.0203125 0.0109375 
0 0.49921875 0.365625 0.0171875 0.009375 
0 0.56484375 0.44375 0.0171875 0.009375 
0 0.56171875 0.45859375 0.0171875 0.0171875 
0 0.58671875 0.4671875 0.0109375 0.015625 
0 0.59921875 0.47109375 0.0109375 0.0171875 
0 0.6109375 0.47109375 0.0125 0.0171875 
0 0.62578125 0.47734375 0.0140625 0.0171875 
0 0.6375 0.4765625 0.015625 0.015625 
0 0.6390625 0.459375 0.01875 0.015625 
0 0.6203125 0.453125 0.01875 0.009375 
0 0.6421875 0.44765625 0.015625 0.0140625 
0 0.62109375 0.43828125 0.0171875 0.0078125 
0 0.64375 0.43671875 0.01875 0.0140625 
0 0.6421875 0.42109375 0.01875 0.0171875 
0 0.64453125 0.41015625 0.0171875 0.0140625 
0 0.621875 0.41796875 0.015625 0.0078125 
0 0.62421875 0.40703125 0.0171875 0.0078125 
0 0.625 0.39609375 0.015625 0.0078125 
0 0.5921875 0.634375 0.015625 0.01875 
0 0.42890625 0.7234375 0.0171875 0.021875 
0 0.40625 0.72109375 0.0125 0.0203125 
0 0.21015625 0.871875 0.0109375 0.01875 
0 0.11796875 0.8578125 0.0140625 0.01875 
0 0.13984375 0.8640625 0.0078125 0.015625 
0 0.165625 0.86953125 0.009375 0.0203125 
0 0.184375 0.87109375 0.009375 0.0171875 
0 0.1921875 0.8734375 0.009375 0.015625 
0 0.20078125 0.8734375 0.0078125 0.015625 
0 0.2953125 0.7703125 0.01875 0.0125 
0 0.25 0.8203125 0.01875 0.009375 
0 0.34296875 0.7890625 0.0203125 0.0125 
0 0.34296875 0.79921875 0.0171875 0.0078125 
0 0.34140625 0.8109375 0.0171875 0.009375 
0 0.31328125 0.7890625 0.0171875 0.009375 
0 0.29296875 0.8 0.0171875 0.009375 
0 0.30546875 0.81875 0.0203125 0.009375 
0 0.10703125 0.86171875 0.0109375 0.0203125 
0 0.096875 0.86640625 0.00625 0.0171875 
0 0.08828125 0.8640625 0.0109375 0.01875 
0 0.078125 0.86015625 0.0125 0.0171875 
0 0.06328125 0.853125 0.0078125 0.015625 
0 0.0546875 0.8546875 0.009375 0.01875 
0 0.09453125 0.8171875 0.0078125 0.015625 
0 0.08515625 0.81796875 0.0078125 0.0140625 
0 0.07578125 0.81640625 0.0078125 0.0140625 
0 0.06484375 0.8171875 0.0109375 0.015625 
0 0.05390625 0.81015625 0.0078125 0.0171875 
0 0.04453125 0.80703125 0.0078125 0.0140625 
0 0.03515625 0.80546875 0.0078125 0.0203125 
0 0.06953125 0.8015625 0.0078125 0.015625 
0 0.0796875 0.8015625 0.009375 0.015625 
0 0.090625 0.79921875 0.009375 0.0171875 
0 0.00703125 0.74921875 0.0109375 0.0171875 
0 0.2859375 0.8234375 0.01875 0.009375 
0 0.25078125 0.809375 0.0203125 0.009375 
0 0.39609375 0.7234375 0.0140625 0.01875 
0 0.25546875 0.7125 0.0109375 0.01875 
0 0.17421875 0.7 0.0140625 0.021875 
0 0.184375 0.6984375 0.0125 0.01875 
0 0.19453125 0.6984375 0.0109375 0.01875 
0 0.2046875 0.7 0.0125 0.015625 
0 0.21640625 0.70078125 0.0109375 0.0171875 
0 0.22734375 0.7015625 0.0140625 0.01875 
0 0.26484375 0.7109375 0.0109375 0.01875 
0 0.25234375 0.8015625 0.0171875 0.009375 
0 0.275 0.7125 0.009375 0.01875 
0 0.296875 0.7046875 0.0125 0.01875 
0 0.3109375 0.703125 0.0125 0.01875 
0 0.3234375 0.70546875 0.0125 0.0203125 
0 0.36640625 0.71875 0.0171875 0.0125 
0 0.3859375 0.7234375 0.0125 0.015625 
0 0.15 0.7 0.015625 0.009375 
0 0.15 0.68828125 0.021875 0.0140625 
0 0.15 0.67734375 0.015625 0.0109375 
0 0.1375 0.71875 0.015625 0.009375 
0 0.1359375 0.73046875 0.015625 0.0109375 
0 0.134375 0.74765625 0.01875 0.0109375 
0 0.11484375 0.7671875 0.0234375 0.01875 
0 0.12734375 0.78046875 0.0171875 0.0078125 
0 0.12734375 0.79609375 0.0140625 0.0109375 
0 0.12265625 0.81171875 0.0171875 0.0078125 
0 0.1671875 0.8296875 0.01875 0.009375 
0 0.1984375 0.8265625 0.0125 0.015625 
0 0.209375 0.82890625 0.015625 0.0171875 
0 0.2609375 0.7515625 0.01875 0.009375 
0 0.2578125 0.759375 0.01875 0.009375 
0 0.2546875 0.77265625 0.01875 0.0078125 
0 0.2546875 0.7828125 0.015625 0.009375 
0 0.5171875 0.37421875 0.015625 0.0078125 
0 0.49765625 0.38203125 0.0171875 0.0078125 
0 0.49609375 0.38984375 0.0171875 0.0078125 
0 0.67890625 0.3484375 0.0171875 0.015625 
0 0.465625 0.346875 0.015625 0.009375 
0 0.6671875 0.478125 0.009375 0.015625 
0 0.66953125 0.46328125 0.0171875 0.0171875 
0 0.67421875 0.4234375 0.0171875 0.01875 
0 0.67734375 0.39765625 0.0171875 0.0171875 
0 0.6765625 0.37421875 0.015625 0.0140625 
0 0.67890625 0.328125 0.0171875 0.015625 
0 0.6796875 0.31328125 0.01875 0.0171875 
0 0.68125 0.3015625 0.015625 0.015625 
0 0.68125 0.2890625 0.015625 0.0125 
0 0.6828125 0.278125 0.01875 0.015625 
0 0.4671875 0.31484375 0.01875 0.0078125 
0 0.56328125 0.33046875 0.0203125 0.0109375 
0 0.46328125 0.3625 0.0171875 0.00625 
0 0.4609375 0.37109375 0.015625 0.0078125 
0 0.465625 0.37890625 0.01875 0.0078125 
0 0.4640625 0.38828125 0.01875 0.0109375 
0 0.4640625 0.396875 0.015625 0.009375 
0 0.46015625 0.4125 0.0171875 0.009375 
0 0.459375 0.4296875 0.015625 0.009375 
0 0.43515625 0.44453125 0.0203125 0.0109375 
0 0.5109375 0.4421875 0.01875 0.009375 
0 0.51015625 0.44921875 0.0171875 0.0078125 
0 0.52265625 0.46640625 0.0171875 0.0109375 
0 0.49296875 0.42265625 0.0140625 0.0078125 
0 0.5109375 0.43359375 0.015625 0.0078125 
0 0.51015625 0.42421875 0.0140625 0.0078125 
0 0.5109375 0.41640625 0.015625 0.0078125 
0 0.5109375 0.4 0.015625 0.009375 
0 0.5125 0.390625 0.015625 0.009375 
0 0.75 0.00546875 0.01875 0.0078125 
0 0.49296875 0.0578125 0.0203125 0.009375 
0 0.1296875 0.69140625 0.01875 0.0140625 
0 0.05 0.61015625 0.009375 0.0171875 
0 0.0109375 0.60703125 0.009375 0.0203125 
0 0.02265625 0.6609375 0.0078125 0.015625 
0 0.0453125 0.665625 0.0125 0.015625 
0 0.05390625 0.6640625 0.0109375 0.015625 
0 0.0640625 0.66796875 0.0125 0.0171875 
0 0.07578125 0.66796875 0.0109375 0.0171875 
0 0.084375 0.5953125 0.01875 0.009375 
0 0.06484375 0.6453125 0.0171875 0.0125 
0 0.1203125 0.5984375 0.009375 0.01875 
0 0.23515625 0.6328125 0.0078125 0.01875 
0 0.2640625 0.63515625 0.0125 0.0203125 
0 0.08671875 0.58828125 0.0171875 0.0109375 
0 0.0875 0.5796875 0.01875 0.009375 
0 0.0921875 0.5125 0.01875 0.015625 
0 0.10234375 0.4546875 0.0171875 0.009375 
0 0.121875 0.3609375 0.015625 0.015625 
0 0.159375 0.3234375 0.009375 0.015625 
0 0.159375 0.25 0.009375 0.015625 
