0 0.73359375 0.95703125 0.0078125 0.0171875 
0 0.74453125 0.9609375 0.0109375 0.01875 
1 0.97265625 0.240625 0.0546875 0.04375 
0 0.653125 0.9921875 0.015625 0.009375 
0 0.65703125 0.97421875 0.0171875 0.0109375 
0 0.5796875 0.0328125 0.01875 0.009375 
0 0.43828125 0.13515625 0.0109375 0.0171875 
1 0.70390625 0.01875 0.0328125 0.034375 
0 0.296875 0.21796875 0.0125 0.0171875 
0 0.30703125 0.215625 0.0140625 0.01875 
0 0.31796875 0.21171875 0.0171875 0.0171875 
0 0.32890625 0.23671875 0.0203125 0.0109375 
0 0.328125 0.24609375 0.01875 0.0078125 
1 0.31953125 0.0671875 0.0265625 0.05625 
0 0.04140625 0.453125 0.0171875 0.0125 
0 0.1484375 0.5234375 0.021875 0.015625 
0 0.209375 0.54453125 0.01875 0.0140625 
0 0.50078125 0.6703125 0.0078125 0.015625 
0 0.4765625 0.753125 0.009375 0.01875 
0 0.503125 0.846875 0.0125 0.021875 
0 0.25 0.8390625 0.015625 0.009375 
0 0.31953125 0.95703125 0.0171875 0.0078125 
1 0.51640625 0.58125 0.0546875 0.021875 
1 0.10625 0.159375 0.034375 0.05625 
1 0.15078125 0.16484375 0.0265625 0.0578125 
1 0.1796875 0.1421875 0.034375 0.05625 
1 0.0984375 0.0109375 0.03125 0.01875 
1 0.090625 0.00546875 0.03125 0.0078125 
