0 0.7203125 0.08203125 0.0125 0.0171875 
0 0.67265625 0.98828125 0.0140625 0.0109375 
1 0.2703125 0.21640625 0.015625 0.0203125 
1 0.5453125 0.6578125 0.021875 0.009375 
1 0.23125 0.3 0.01875 0.025 
0 0.6390625 0.9875 0.015625 0.009375 
0 0.69296875 0.99140625 0.0140625 0.0078125 
0 0.74375 0.99296875 0.015625 0.0109375 
0 0.8140625 0.99453125 0.015625 0.0078125 
0 0.79375 0.99140625 0.01875 0.0109375 
0 0.77578125 0.99140625 0.0140625 0.0078125 
0 0.759375 0.99140625 0.015625 0.0078125 
0 0.78046875 0.08515625 0.0171875 0.0109375 
0 0.58203125 0.6453125 0.0171875 0.015625 
0 0.76875 0.61015625 0.015625 0.0109375 
0 0.72890625 0.603125 0.0171875 0.0125 
0 0.7078125 0.6125 0.01875 0.0125 
0 0.290625 0.78828125 0.015625 0.0140625 
