1 0.84765625 0.465625 0.0109375 0.015625 
1 0.6171875 0.36015625 0.015625 0.0140625 
1 0.81328125 0.43125 0.0265625 0.021875 
1 0.84765625 0.6203125 0.0265625 0.0125 
1 0.29453125 0.99453125 0.0234375 0.0109375 
1 0.18046875 0.5515625 0.0140625 0.0125 
1 0.19375 0.540625 0.015625 0.0125 
1 0.2171875 0.5234375 0.01875 0.015625 
1 0.278125 0.47578125 0.025 0.0203125 
1 0.30546875 0.91328125 0.0265625 0.0140625 
1 0.3671875 0.98984375 0.0125 0.0203125 
1 0.3140625 0.98359375 0.021875 0.0171875 
1 0.29921875 0.825 0.0171875 0.028125 
