0 0.7890625 0.69765625 0.015625 0.0109375 
0 0.8234375 0.69453125 0.015625 0.0078125 
0 0.3640625 0.05078125 0.01875 0.0140625 
0 0.34765625 0.48984375 0.0109375 0.0171875 
0 0.35234375 0.4328125 0.0078125 0.015625 
0 0.38671875 0.303125 0.0109375 0.015625 
0 0.38984375 0.28515625 0.0109375 0.0171875 
0 0.39140625 0.265625 0.0109375 0.01875 
1 0.41484375 0.10625 0.0109375 0.01875 
0 0.35078125 0.4484375 0.0078125 0.0125 
0 0.34609375 0.51484375 0.0078125 0.0171875 
1 0.34375 0.621875 0.009375 0.01875 
0 0.75859375 0.2453125 0.0171875 0.009375 
0 0.68203125 0.23203125 0.0140625 0.0078125 
0 0.34375 0.63984375 0.009375 0.0140625 
0 0.34140625 0.66328125 0.0078125 0.0171875 
0 0.51875 0.73984375 0.015625 0.0078125 
1 0.56328125 0.409375 0.0140625 0.01875 
1 0.34453125 0.559375 0.0078125 0.021875 
1 0.3625 0.946875 0.009375 0.01875 
1 0.34375 0.70625 0.009375 0.021875 
0 0.36015625 0.8875 0.0078125 0.015625 
0 0.3546875 0.98828125 0.009375 0.0140625 
0 0.3625 0.90625 0.00625 0.015625 
0 0.3296875 0.90234375 0.01875 0.0078125 
0 0.33125 0.91171875 0.015625 0.0046875 
0 0.33125 0.92265625 0.015625 0.0078125 
0 0.3453125 0.9671875 0.009375 0.015625 
0 0.34609375 0.98515625 0.0078125 0.0140625 
