0 0.09375 0.921875 0.015625 0.0125 
0 0.51328125 0.64765625 0.0171875 0.0140625 
0 0.60703125 0.809375 0.0109375 0.015625 
0 0.634375 0.81875 0.0125 0.015625 
1 0.1140625 0.9125 0.01875 0.0125 
1 0.2046875 0.83046875 0.01875 0.0140625 
1 0.74140625 0.58671875 0.0203125 0.0171875 
1 0.78125 0.1765625 0.01875 0.01875 
0 0.178125 0.78203125 0.0125 0.0140625 
0 0.171875 0.7578125 0.015625 0.01875 
0 0.17890625 0.80625 0.0140625 0.009375 
0 0.18828125 0.79453125 0.0171875 0.0109375 
0 0.7375 0.5390625 0.015625 0.0125 
0 0.6265625 0.403125 0.00625 0.0125 
0 0.65390625 0.3671875 0.0078125 0.0125 
0 0.69140625 0.29296875 0.0171875 0.0203125 
0 0.77265625 0.21640625 0.0171875 0.0140625 
0 0.73046875 0.23671875 0.0171875 0.0140625 
0 0.0765625 0.92890625 0.0125 0.0109375 
0 0.034375 0.95078125 0.01875 0.0140625 
1 0.94375 0.01484375 0.015625 0.0234375 
1 0.96875 0.07421875 0.0125 0.0203125 
0 0.9640625 0.47421875 0.01875 0.0140625 
0 0.93046875 0.43671875 0.0171875 0.0140625 
0 0.7453125 0.7125 0.0125 0.0125 
0 0.8390625 0.78984375 0.015625 0.0140625 
1 0.83984375 0.5171875 0.0546875 0.034375 
1 0.01328125 0.9625 0.0203125 0.0125 
0 0.90703125 0.01953125 0.0078125 0.0171875 
0 0.91484375 0.1671875 0.0109375 0.009375 
0 0.90078125 0.1546875 0.0171875 0.0125 
0 0.93125 0.125 0.015625 0.009375 
1 0.01875 0.17578125 0.015625 0.0140625 
1 0.0484375 0.15390625 0.01875 0.0171875 
0 0.75234375 0.5640625 0.0203125 0.0125 
0 0.63046875 0.5109375 0.0078125 0.015625 
0 0.0671875 0.14296875 0.015625 0.0140625 
0 0.25703125 0.80078125 0.0140625 0.0109375 
0 0.33671875 0.74375 0.0171875 0.015625 
0 0.4421875 0.690625 0.01875 0.015625 
0 0.46875 0.6859375 0.01875 0.0125 
1 0.1296875 0.121875 0.025 0.01875 
0 0.31015625 0.7734375 0.0140625 0.009375 
