0 0.09375 0.50625 0.015625 0.0125 
0 0.51328125 0.23203125 0.0171875 0.0140625 
0 0.60703125 0.39375 0.0109375 0.015625 
0 0.634375 0.403125 0.0125 0.015625 
1 0.57265625 0.9828125 0.0265625 0.01875 
1 0.7375 0.8140625 0.021875 0.01875 
1 0.77421875 0.78046875 0.0140625 0.0109375 
1 0.725 0.8109375 0.015625 0.015625 
1 0.1140625 0.496875 0.01875 0.0125 
1 0.2046875 0.41484375 0.01875 0.0140625 
1 0.74140625 0.17109375 0.0203125 0.0171875 
0 0.178125 0.36640625 0.0125 0.0140625 
0 0.171875 0.3421875 0.015625 0.01875 
0 0.17890625 0.390625 0.0140625 0.009375 
0 0.18828125 0.37890625 0.0171875 0.0109375 
0 0.7375 0.1234375 0.015625 0.0125 
0 0.0765625 0.51328125 0.0125 0.0109375 
0 0.034375 0.53515625 0.01875 0.0140625 
0 0.9640625 0.05859375 0.01875 0.0140625 
0 0.93046875 0.02109375 0.0171875 0.0140625 
0 0.7453125 0.296875 0.0125 0.0125 
0 0.8390625 0.37421875 0.015625 0.0140625 
1 0.83984375 0.1015625 0.0546875 0.034375 
1 0.01328125 0.546875 0.0203125 0.0125 
0 0.99375 0.81640625 0.0125 0.0109375 
0 0.75234375 0.1484375 0.0203125 0.0125 
0 0.63046875 0.0953125 0.0078125 0.015625 
0 0.25703125 0.38515625 0.0140625 0.0109375 
0 0.33671875 0.328125 0.0171875 0.015625 
0 0.4421875 0.275 0.01875 0.015625 
0 0.46875 0.2703125 0.01875 0.0125 
0 0.31015625 0.3578125 0.0140625 0.009375 
