0 0.26640625 0.15625 0.0078125 0.015625 
0 0.10625 0.33203125 0.025 0.0109375 
0 0.009375 0.35234375 0.01875 0.0203125 
0 0.00859375 0.34375 0.0140625 0.021875 
0 0.00625 0.3375 0.009375 0.021875 
0 0.034375 0.21484375 0.01875 0.0109375 
0 0.0359375 0.20703125 0.0125 0.0046875 
0 0.0359375 0.19921875 0.015625 0.0109375 
0 0.034375 0.16796875 0.015625 0.0140625 
0 0.3046875 0.03203125 0.015625 0.0078125 
0 0.30625 0.02265625 0.015625 0.0109375 
0 0.46640625 0.0453125 0.0171875 0.009375 
0 0.47109375 0.03046875 0.0171875 0.0078125 
0 0.63203125 0.05078125 0.0234375 0.0140625 
0 0.64140625 0.14296875 0.0171875 0.0140625 
0 0.6296875 0.18515625 0.01875 0.0078125 
0 0.15859375 0.43984375 0.0203125 0.0140625 
0 0.3765625 0.17734375 0.009375 0.0203125 
0 0.44140625 0.128125 0.0140625 0.009375 
0 0.44921875 0.09765625 0.0140625 0.0078125 
0 0.45703125 0.0640625 0.0265625 0.0125 
0 0.38828125 0.56640625 0.0078125 0.0171875 
0 0.415625 0.5640625 0.0125 0.009375 
0 0.41328125 0.55625 0.0140625 0.0125 
0 0.21015625 0.2859375 0.0078125 0.0125 
0 0.23203125 0.3859375 0.0078125 0.021875 
0 0.1875 0.453125 0.009375 0.01875 
0 0.27734375 0.54140625 0.0078125 0.0140625 
1 0.39765625 0.5328125 0.0328125 0.009375 
0 0.4625 0.05390625 0.01875 0.0109375 
