0 0.63359375 0.046875 0.0171875 0.021875 
0 0.6515625 0.01171875 0.0125 0.0171875 
1 0.17109375 0.14453125 0.0234375 0.0578125 
0 0.625 0.06953125 0.01875 0.0234375 
0 0.59921875 0.1359375 0.0109375 0.015625 
0 0.184375 0.4421875 0.015625 0.009375 
0 0.24140625 0.45546875 0.0171875 0.0078125 
0 0.24296875 0.44296875 0.0171875 0.0109375 
0 0.2046875 0.4453125 0.015625 0.00625 
0 0.20546875 0.43671875 0.0140625 0.0078125 
0 0.20703125 0.4265625 0.0171875 0.00625 
0 0.2046875 0.4171875 0.0125 0.00625 
0 0.18671875 0.4265625 0.0140625 0.00625 
0 0.18828125 0.4203125 0.0171875 0.00625 
0 0.18828125 0.41171875 0.0171875 0.0078125 
0 0.1890625 0.40078125 0.01875 0.0109375 
0 0.19140625 0.39140625 0.0171875 0.0078125 
0 0.1515625 0.39453125 0.015625 0.0078125 
0 0.15078125 0.4046875 0.0171875 0.00625 
0 0.15078125 0.4125 0.0140625 0.00625 
0 0.14921875 0.42109375 0.0171875 0.0078125 
0 0.15 0.4296875 0.01875 0.009375 
0 0.48046875 0.4296875 0.0109375 0.015625 
0 0.503125 0.39765625 0.009375 0.0171875 
0 0.5171875 0.34453125 0.0125 0.0171875 
0 0.52265625 0.2953125 0.0109375 0.015625 
0 0.56015625 0.23359375 0.0140625 0.0171875 
0 0.14765625 0.2828125 0.0171875 0.009375 
0 0.18046875 0.46015625 0.0171875 0.0078125 
0 0.17890625 0.46953125 0.0171875 0.0109375 
0 0.17890625 0.478125 0.0140625 0.00625 
0 0.39140625 0.965625 0.0078125 0.015625 
0 0.38984375 0.9828125 0.0109375 0.015625 
0 0.38359375 0.915625 0.0078125 0.01875 
0 0.17734375 0.4859375 0.0171875 0.009375 
0 0.41796875 0.7484375 0.0078125 0.015625 
0 0.428125 0.69609375 0.009375 0.0171875 
0 0.42890625 0.62734375 0.0078125 0.0171875 
0 0.465625 0.528125 0.009375 0.015625 
0 0.47578125 0.4875 0.0109375 0.015625 
0 0.17109375 0.54140625 0.0171875 0.0109375 
0 0.171875 0.53125 0.015625 0.009375 
0 0.1375 0.5140625 0.01875 0.009375 
0 0.171875 0.51484375 0.01875 0.0109375 
0 0.17421875 0.5078125 0.0171875 0.009375 
