0 0.25078125 0.3765625 0.0078125 0.015625 
0 0.24296875 0.35859375 0.0078125 0.0140625 
0 0.253125 0.35546875 0.009375 0.0171875 
0 0.26171875 0.35390625 0.0078125 0.0171875 
0 0.2890625 0.32109375 0.0125 0.0078125 
0 0.28828125 0.33671875 0.0171875 0.0078125 
0 0.1546875 0.38828125 0.009375 0.0203125 
0 0.025 0.446875 0.009375 0.01875 
0 0.1453125 0.390625 0.009375 0.021875 
0 0.084375 0.43828125 0.009375 0.0171875 
0 0.07578125 0.43984375 0.0109375 0.0171875 
0 0.06875 0.440625 0.009375 0.015625 
0 0.059375 0.4421875 0.009375 0.01875 
0 0.05078125 0.44609375 0.0078125 0.0171875 
0 0.04296875 0.44609375 0.0078125 0.0171875 
0 0.27109375 0.35546875 0.0078125 0.0171875 
0 0.72734375 0.3046875 0.0109375 0.01875 
0 0.721875 0.26640625 0.009375 0.0171875 
0 0.4109375 0.25 0.015625 0.009375 
0 0.3015625 0.97421875 0.01875 0.0171875 
0 0.76171875 0.8890625 0.0171875 0.009375 
0 0.75625 0.83203125 0.01875 0.0109375 
0 0.753125 0.825 0.01875 0.00625 
0 0.75390625 0.81484375 0.0203125 0.0109375 
0 0.7515625 0.803125 0.01875 0.009375 
0 0.74296875 0.75703125 0.0203125 0.0109375 
0 0.034375 0.44609375 0.009375 0.0171875 
0 0.015625 0.4484375 0.00625 0.015625 
0 0.08671875 0.396875 0.0078125 0.015625 
0 0.0765625 0.39921875 0.009375 0.0171875 
0 0.14375 0.328125 0.00625 0.015625 
0 0.15234375 0.32734375 0.0078125 0.0171875 
0 0.16015625 0.3265625 0.0078125 0.015625 
0 0.18515625 0.321875 0.0078125 0.015625 
0 0.1953125 0.3203125 0.00625 0.015625 
0 0.21484375 0.31640625 0.0078125 0.0140625 
0 0.22265625 0.315625 0.0078125 0.015625 
0 0.23203125 0.315625 0.0078125 0.01875 
0 0.25390625 0.3140625 0.0078125 0.015625 
0 0.2625 0.3125 0.009375 0.01875 
