0 0.21015625 0.44453125 0.0328125 0.0296875 
0 0.246875 0.421875 0.028125 0.025 
0 0.26953125 0.40546875 0.0328125 0.0296875 
0 0.3015625 0.384375 0.034375 0.03125 
0 0.225 0.634375 0.025 0.03125 
0 0.20390625 0.63984375 0.0265625 0.0328125 
0 0.46796875 0.6515625 0.0296875 0.025 
0 0.46015625 0.634375 0.0359375 0.03125 
0 0.39375 0.3390625 0.0375 0.03125 
0 0.30703125 0.42890625 0.0328125 0.0265625 
0 0.2171875 0.4859375 0.03125 0.025 
0 0.25234375 0.659375 0.0234375 0.034375 
0 0.29296875 0.6859375 0.0421875 0.03125 
0 0.57890625 0.21796875 0.0359375 0.0328125 
0 0.7375 0.15234375 0.034375 0.0296875 
0 0.77734375 0.12578125 0.0296875 0.0265625 
0 0.6359375 0.18046875 0.034375 0.0328125 
0 0.6390625 0.22265625 0.028125 0.0296875 
0 0.70703125 0.97265625 0.0328125 0.0390625 
0 0.46640625 0.88828125 0.0296875 0.0234375 
0 0.4484375 0.85703125 0.0375 0.0296875 
0 0.4359375 0.8359375 0.028125 0.028125 
0 0.4265625 0.8234375 0.028125 0.021875 
0 0.40625 0.790625 0.034375 0.025 
0 0.46953125 0.74140625 0.0390625 0.0296875 
0 0.2453125 0.75 0.0375 0.03125 
0 0.3703125 0.8203125 0.034375 0.025 
0 0.4171875 0.8046875 0.03125 0.025 
0 0.34375 0.671875 0.0375 0.034375 
0 0.35078125 0.6875 0.0328125 0.03125 
0 0.3625 0.703125 0.03125 0.028125 
0 0.33203125 0.65703125 0.0328125 0.0265625 
0 0.321875 0.73046875 0.034375 0.0296875 
0 0.31015625 0.715625 0.0421875 0.028125 
0 0.3046875 0.696875 0.0375 0.03125 
