0 0.07109375 0.36953125 0.0421875 0.0671875 
0 0.15703125 0.33828125 0.0359375 0.0640625 
0 0.1875 0.33125 0.0375 0.05625 
0 0.215625 0.32421875 0.040625 0.0671875 
0 0.24765625 0.31171875 0.0359375 0.0546875 
0 0.2734375 0.303125 0.0375 0.05625 
0 0.30390625 0.30078125 0.0390625 0.0671875 
0 0.33125 0.28828125 0.040625 0.0515625 
0 0.44296875 0.409375 0.0390625 0.05625 
0 0.4734375 0.40390625 0.034375 0.0546875 
0 0.2484375 0.4640625 0.0375 0.05625 
0 0.27734375 0.4578125 0.0359375 0.05625 
0 0.3875 0.428125 0.040625 0.05625 
0 0.359375 0.28125 0.040625 0.05625 
0 0.5 0.39375 0.0375 0.05625 
0 0.5828125 0.37109375 0.040625 0.0578125 
0 0.16328125 0.4921875 0.0390625 0.059375 
0 0.19453125 0.48046875 0.0390625 0.0578125 
0 0.178125 0.61796875 0.053125 0.0359375 
0 0.1890625 0.646875 0.059375 0.0375 
0 0.0171875 0.534375 0.03125 0.0375 
0 0.02421875 0.5671875 0.0453125 0.04375 
0 0.05546875 0.6859375 0.0578125 0.0375 
0 0.209375 0.70546875 0.053125 0.0359375 
0 0.2109375 0.734375 0.05625 0.0375 
0 0.2265625 0.76796875 0.059375 0.0453125 
0 0.07109375 0.740625 0.0578125 0.0375 
0 0.3875 0.27109375 0.04375 0.0640625 
0 0.09453125 0.83671875 0.0640625 0.0421875 
1 0.553125 0.375 0.04375 0.059375 
0 0.446875 0.2578125 0.040625 0.065625 
0 0.71015625 0.253125 0.0515625 0.05625 
0 0.5640625 0.225 0.040625 0.059375 
0 0.5046875 0.240625 0.04375 0.0625 
0 0.4734375 0.24296875 0.0375 0.0578125 
0 0.08046875 0.8046875 0.0609375 0.0375 
0 0.1421875 0.98046875 0.059375 0.0390625 
0 0.275 0.94140625 0.053125 0.0390625 
0 0.28671875 0.971875 0.0578125 0.04375 
0 0.29140625 0.99140625 0.0609375 0.0171875 
