0 0.065625 0.02734375 0.04375 0.0515625 
0 0.0890625 0.01640625 0.040625 0.0296875 
0 0.11640625 0.01328125 0.0421875 0.0234375 
0 0.14765625 0.009375 0.0453125 0.015625 
0 0.2828125 0.13828125 0.0625 0.0484375 
0 0.2890625 0.1796875 0.053125 0.040625 
1 0.82734375 0.31796875 0.1390625 0.0703125 
1 0.928125 0.24140625 0.14375 0.0796875 
1 0.75859375 0.34765625 0.1421875 0.0671875 
1 0.896875 0.28203125 0.1375 0.0828125 
1 0.3984375 0.44296875 0.10625 0.0796875 
1 0.58515625 0.95859375 0.0703125 0.0828125 
1 0.959375 0.20703125 0.08125 0.0796875 
1 0.803125 0.703125 0.053125 0.065625 
0 0.47890625 0.86484375 0.0453125 0.0640625 
0 0.3875 0.9109375 0.046875 0.059375 
0 0.38984375 0.73515625 0.0421875 0.0515625 
0 0.3328125 0.76328125 0.040625 0.0546875 
0 0.3015625 0.76953125 0.040625 0.0546875 
0 0.5859375 0.6671875 0.0625 0.046875 
0 0.74140625 0.56171875 0.0546875 0.0640625 
0 0.60625 0.71171875 0.0625 0.0484375 
0 0.67109375 0.715625 0.0578125 0.04375 
0 0.21171875 0.97265625 0.0421875 0.0546875 
0 0.4171875 0.90078125 0.046875 0.0609375 
0 0.78671875 0.66796875 0.0453125 0.0640625 
0 0.84609375 0.81171875 0.0515625 0.0609375 
0 0.70078125 0.79453125 0.0640625 0.0484375 
0 0.63046875 0.7875 0.0640625 0.040625 
0 0.653125 0.82890625 0.053125 0.0390625 
0 0.5625 0.940625 0.046875 0.059375 
