1 0.88984375 0.4828125 0.0640625 0.053125 
0 0.9484375 0.41875 0.0625 0.0625 
0 0.82265625 0.58828125 0.0359375 0.0515625 
0 0.62578125 0.9921875 0.0515625 0.015625 
0 0.59921875 0.953125 0.0453125 0.053125 
0 0.59140625 0.91953125 0.0453125 0.0515625 
0 0.54453125 0.88125 0.0296875 0.059375 
0 0.4984375 0.9171875 0.05 0.071875 
0 0.40078125 0.77109375 0.0515625 0.0390625 
0 0.390625 0.74609375 0.053125 0.0390625 
0 0.34765625 0.634375 0.0453125 0.0375 
0 0.48671875 0.11796875 0.0578125 0.0359375 
0 0.48125 0.08515625 0.0625 0.0359375 
0 0.4703125 0.053125 0.059375 0.040625 
0 0.4546875 0.0078125 0.05625 0.0125 
