0 0.24296875 0.990625 0.0484375 0.01875 
0 0.93671875 0.7546875 0.0453125 0.065625 
0 0.90546875 0.76875 0.0546875 0.075 
0 0.990625 0.72734375 0.01875 0.0671875 
0 0.28828125 0.984375 0.0453125 0.03125 
0 0.95 0.64140625 0.05 0.0671875 
0 0.87109375 0.78515625 0.0421875 0.0640625 
0 0.8171875 0.8015625 0.05 0.071875 
0 0.6828125 0.85 0.046875 0.06875 
0 0.64375 0.8609375 0.05 0.06875 
0 0.60546875 0.88515625 0.0421875 0.0609375 
0 0.553125 0.903125 0.053125 0.06875 
0 0.5125 0.9203125 0.046875 0.06875 
0 0.47890625 0.9234375 0.0453125 0.065625 
0 0.4125 0.9546875 0.05 0.078125 
0 0.384375 0.96640625 0.046875 0.0671875 
0 0.3484375 0.97578125 0.040625 0.0484375 
