0 0.03359375 0.28515625 0.0515625 0.0703125 
0 0.234375 0.20703125 0.04375 0.0578125 
0 0.2046875 0.22109375 0.046875 0.0671875 
0 0.15546875 0.23671875 0.0453125 0.0671875 
0 0.121875 0.24921875 0.046875 0.0609375 
0 0.09609375 0.2671875 0.0484375 0.06875 
0 0.065625 0.8671875 0.04375 0.059375 
0 0.0890625 0.84765625 0.040625 0.0546875 
0 0.11640625 0.8390625 0.0421875 0.059375 
0 0.14765625 0.8296875 0.0453125 0.0625 
0 0.2828125 0.97890625 0.0625 0.0421875 
0 0.2015625 0.80078125 0.04375 0.0578125 
0 0.31015625 0.759375 0.0390625 0.059375 
0 0.06953125 0.27734375 0.0484375 0.0703125 
0 0.01484375 0.30546875 0.0265625 0.0734375 
0 0.071875 0.203125 0.046875 0.059375 
0 0.040625 0.21015625 0.046875 0.0734375 
0 0.103125 0.1921875 0.040625 0.0625 
0 0.1328125 0.171875 0.05 0.065625 
0 0.16484375 0.1578125 0.0453125 0.071875 
0 0.19765625 0.15 0.0453125 0.06875 
0 0.6578125 0.10546875 0.040625 0.0578125 
0 0.01640625 0.225 0.0296875 0.059375 
1 0.78203125 0.01015625 0.0734375 0.0171875 
1 0.2390625 0.7984375 0.053125 0.075 
1 0.8984375 0.5984375 0.06875 0.046875 
1 0.30078125 0.40078125 0.0515625 0.0828125 
1 0.28125 0.78046875 0.05 0.0765625 
