1 0.5109375 0.28125 0.04375 0.05 
1 0.54296875 0.38046875 0.0671875 0.0640625 
0 0.52421875 0.56328125 0.0609375 0.0484375 
0 0.4453125 0.45390625 0.059375 0.0546875 
0 0.434375 0.634375 0.065625 0.05625 
0 0.32421875 0.4109375 0.0484375 0.053125 
0 0.353125 0.396875 0.05 0.05625 
0 0.2578125 0.3125 0.065625 0.059375 
0 0.40625 0.3546875 0.05625 0.0625 
0 0.43828125 0.3359375 0.0515625 0.065625 
0 0.5828125 0.21796875 0.05625 0.0671875 
0 0.49140625 0.41484375 0.0640625 0.0609375 
0 0.59296875 0.33359375 0.0640625 0.0609375 
0 0.303125 0.434375 0.053125 0.0625 
0 0.6484375 0.28828125 0.05625 0.0609375 
0 0.5484375 0.06171875 0.025 0.0578125 
0 0.5546875 0.2421875 0.059375 0.078125 
