0 0.8625 0.26640625 0.0625 0.0421875 
0 0.8515625 0.22421875 0.0625 0.0453125 
0 0.8390625 0.17734375 0.046875 0.0328125 
0 0.6890625 0.20859375 0.05625 0.0359375 
0 0.67890625 0.175 0.0484375 0.028125 
0 0.6703125 0.1109375 0.059375 0.04375 
0 0.665625 0.084375 0.053125 0.03125 
0 0.796875 0.03046875 0.059375 0.0390625 
0 0.79921875 0.00703125 0.0578125 0.0109375 
0 0.653125 0.0265625 0.05625 0.03125 
0 0.6703125 0.1421875 0.046875 0.03125 
0 0.75859375 0.53515625 0.0609375 0.0390625 
0 0.7265625 0.97890625 0.04375 0.0421875 
