0 0.90546875 0.00703125 0.0546875 0.0109375 
0 0.28828125 0.20859375 0.0453125 0.0671875 
0 0.87109375 0.0125 0.0421875 0.021875 
0 0.8171875 0.02265625 0.05 0.0421875 
0 0.6828125 0.05625 0.046875 0.06875 
0 0.64375 0.0671875 0.05 0.06875 
0 0.60546875 0.09140625 0.0421875 0.0609375 
0 0.553125 0.109375 0.053125 0.06875 
0 0.5125 0.1265625 0.046875 0.06875 
0 0.47890625 0.1296875 0.0453125 0.065625 
0 0.4125 0.1609375 0.05 0.078125 
0 0.384375 0.17265625 0.046875 0.0671875 
0 0.3484375 0.1890625 0.040625 0.0625 
