1 0.7703125 0.2703125 0.1875 0.103125 
1 0.1796875 0.6734375 0.078125 0.0625 
1 0.49609375 0.83828125 0.0578125 0.0421875 
0 0.490625 0.98046875 0.046875 0.0390625 
0 0.5109375 0.871875 0.059375 0.04375 
0 0.3890625 0.91171875 0.05 0.0421875 
0 0.35703125 0.74921875 0.0515625 0.0578125 
0 0.27734375 0.6390625 0.0515625 0.05625 
0 0.2359375 0.7734375 0.0625 0.053125 
0 0.24453125 0.4421875 0.0546875 0.0375 
0 0.453125 0.36953125 0.05625 0.0328125 
0 0.50703125 0.35625 0.0609375 0.040625 
0 0.63828125 0.20078125 0.0515625 0.0515625 
0 0.62578125 0.16796875 0.0515625 0.0546875 
0 0.59921875 0.109375 0.0453125 0.053125 
0 0.59140625 0.07578125 0.0453125 0.0515625 
0 0.54453125 0.0375 0.0296875 0.059375 
0 0.4984375 0.0734375 0.05 0.071875 
