1 0.28828125 0.725 0.0859375 0.05 
1 0.5125 0.68203125 0.06875 0.0609375 
0 0.01171875 0.56484375 0.0203125 0.0359375 
0 0.26484375 0.61640625 0.0453125 0.0578125 
0 0.34609375 0.63046875 0.0484375 0.0453125 
0 0.62265625 0.53515625 0.0453125 0.0546875 
0 0.8 0.5546875 0.053125 0.034375 
0 0.86796875 0.51484375 0.0484375 0.0546875 
0 0.98515625 0.5671875 0.0296875 0.05625 
0 0.75703125 0.26171875 0.0546875 0.0609375 
0 0.04921875 0.88203125 0.0578125 0.0390625 
0 0.0578125 0.91171875 0.05625 0.0359375 
0 0.0640625 0.93984375 0.053125 0.0359375 
0 0.06953125 0.96953125 0.0546875 0.0359375 
0 0.08359375 0.9859375 0.0609375 0.028125 
