0 0.18515625 0.125 0.0640625 0.03125 
0 0.34375 0.10859375 0.053125 0.0328125 
0 0.4046875 0.10078125 0.05625 0.0328125 
0 0.4828125 0.0953125 0.059375 0.03125 
0 0.5578125 0.090625 0.0625 0.0375 
0 0.371875 0.50234375 0.03125 0.0640625 
0 0.63125 0.084375 0.06875 0.034375 
1 0.04609375 0.4828125 0.0640625 0.053125 
1 0.1734375 0.915625 0.05 0.065625 
1 0.2640625 0.1171875 0.0625 0.03125 
1 0.28515625 0.3890625 0.0640625 0.065625 
0 0.87890625 0.434375 0.0421875 0.0625 
0 0.81171875 0.08046875 0.0609375 0.0265625 
0 0.95859375 0.07734375 0.0546875 0.0296875 
0 0.890625 0.08046875 0.053125 0.0265625 
0 0.1046875 0.41875 0.0625 0.0625 
0 0.175 0.39921875 0.053125 0.0640625 
0 0.20390625 0.39375 0.0453125 0.05625 
0 0.2390625 0.3953125 0.059375 0.071875 
0 0.4 0.5 0.03125 0.071875 
