0 0.771875 0.29296875 0.059375 0.0640625 
0 0.7875 0.4359375 0.059375 0.03125 
0 0.746875 0.278125 0.05625 0.0625 
0 0.73046875 0.31796875 0.0609375 0.0578125 
0 0.6546875 0.29921875 0.05625 0.0578125 
0 0.63515625 0.3203125 0.0578125 0.0625 
0 0.60859375 0.33828125 0.0609375 0.0671875 
0 0.58828125 0.359375 0.0578125 0.0625 
0 0.5671875 0.3765625 0.0625 0.065625 
0 0.7453125 0.4375 0.04375 0.059375 
0 0.4 0.5671875 0.040625 0.06875 
0 0.0734375 0.634375 0.059375 0.0625 
0 0.35546875 0.74609375 0.0578125 0.0328125 
0 0.403125 0.71875 0.034375 0.05625 
0 0.25234375 0.65078125 0.0421875 0.0640625 
0 0.28359375 0.63203125 0.0359375 0.0640625 
0 0.3109375 0.60078125 0.046875 0.0703125 
0 0.3421875 0.58984375 0.04375 0.0671875 
0 0.37265625 0.57421875 0.0453125 0.0703125 
1 0.46953125 0.72109375 0.0421875 0.0921875 
1 0.54296875 0.39453125 0.0703125 0.0703125 
1 0.50234375 0.0125 0.0703125 0.021875 
1 0.68046875 0.27421875 0.0703125 0.0703125 
1 0.67734375 0.44609375 0.0421875 0.0546875 
1 0.79140625 0.85 0.0734375 0.053125 
1 0.7765625 0.9765625 0.040625 0.04375 
1 0.94296875 0.428125 0.0703125 0.0625 
0 0.21015625 0.19140625 0.0546875 0.0609375 
0 0.165625 0.13125 0.05625 0.065625 
0 0.10546875 0.0515625 0.0546875 0.05625 
0 0.0671875 0.01328125 0.053125 0.0234375 
0 0.8171875 0.334375 0.05 0.0625 
0 0.8421875 0.35625 0.05 0.046875 
