0 0.51953125 0.46171875 0.0546875 0.0421875 
0 0.49296875 0.49140625 0.0609375 0.0421875 
0 0.52109375 0.61484375 0.0359375 0.0578125 
0 0.546875 0.640625 0.04375 0.0625 
0 0.5640625 0.6828125 0.04375 0.071875 
1 0.74765625 0.58828125 0.0765625 0.0421875 
1 0.8625 0.77578125 0.065625 0.0421875 
1 0.63984375 0.79453125 0.0421875 0.0640625 
1 0.596875 0.41328125 0.06875 0.0453125 
1 0.609375 0.07578125 0.065625 0.0734375 
0 0.59296875 0.71640625 0.0390625 0.0609375 
0 0.61171875 0.7640625 0.0390625 0.065625 
0 0.67578125 0.56796875 0.0578125 0.0453125 
0 0.7296875 0.54609375 0.053125 0.0359375 
0 0.8359375 0.74140625 0.059375 0.0390625 
0 0.8546875 0.8671875 0.059375 0.04375 
0 0.91171875 0.84609375 0.0609375 0.0359375 
0 0.84140625 0.83203125 0.0609375 0.0421875 
0 0.88515625 0.81015625 0.0640625 0.0390625 
0 0.80859375 0.79609375 0.0671875 0.0421875 
0 0.7828125 0.7609375 0.05 0.034375 
0 0.76484375 0.72265625 0.0609375 0.0421875 
0 0.8171875 0.7015625 0.065625 0.040625 
0 0.74296875 0.68359375 0.0609375 0.0421875 
0 0.8 0.66640625 0.05625 0.0390625 
0 0.73046875 0.6484375 0.0515625 0.034375 
0 0.76796875 0.62421875 0.0609375 0.0421875 
0 0.70234375 0.61015625 0.0609375 0.0453125 
0 0.928125 0.88203125 0.0625 0.0390625 
0 0.87578125 0.9015625 0.0640625 0.04375 
0 0.94296875 0.91484375 0.0578125 0.0359375 
0 0.9078125 0.9390625 0.0625 0.040625 
0 0.96953125 0.953125 0.0609375 0.04375 
0 0.91484375 0.9703125 0.0609375 0.034375 
0 0.71484375 0.93203125 0.0421875 0.0578125 
0 0.74296875 0.9703125 0.0359375 0.059375 
0 0.7640625 0.9875 0.04375 0.025 
