1 0.02734375 0.97734375 0.0515625 0.0453125 
1 0.05 0.965625 0.096875 0.06875 
1 0.08203125 0.9609375 0.1453125 0.078125 
1 0.15390625 0.96171875 0.1421875 0.0765625 
1 0.2296875 0.971875 0.128125 0.05625 
1 0.296875 0.965625 0.14375 0.06875 
1 0.34453125 0.9609375 0.1390625 0.078125 
1 0.38828125 0.94609375 0.1359375 0.1078125 
1 0.28125 0.84609375 0.14375 0.1515625 
1 0.23671875 0.86796875 0.1265625 0.1296875 
1 0.1765625 0.86953125 0.134375 0.1484375 
1 0.10859375 0.86484375 0.1390625 0.1546875 
1 0.05859375 0.875 0.1140625 0.146875 
1 0.02421875 0.8828125 0.0453125 0.128125 
1 0.17421875 0.2125 0.2171875 0.11875 
1 0.58984375 0.70546875 0.0859375 0.1265625 
1 0.8828125 0.978125 0.175 0.040625 
1 0.88515625 0.93515625 0.1703125 0.0453125 
1 0.875 0.88515625 0.165625 0.0453125 
1 0.890625 0.81328125 0.178125 0.0484375 
1 0.73125 0.7453125 0.075 0.15 
1 0.65859375 0.7375 0.0828125 0.153125 
1 0.52421875 0.6921875 0.0828125 0.134375 
1 0.465625 0.65546875 0.08125 0.1171875 
1 0.4 0.6234375 0.084375 0.125 
1 0.3203125 0.60234375 0.090625 0.1546875 
1 0.259375 0.58046875 0.096875 0.1515625 
1 0.19453125 0.54453125 0.0796875 0.1296875 
1 0.13203125 0.52421875 0.0859375 0.1546875 
1 0.071875 0.52109375 0.0625 0.1203125 
1 0.02421875 0.4890625 0.0453125 0.15 
0 0.63359375 0.52421875 0.0734375 0.0453125 
0 0.9921875 0.5328125 0.015625 0.0375 
0 0.82890625 0.4078125 0.0328125 0.065625 
0 0.07265625 0.2984375 0.0734375 0.04375 
0 0.14140625 0.32265625 0.0671875 0.0578125 
0 0.20078125 0.35078125 0.0671875 0.0484375 
0 0.25703125 0.37265625 0.0609375 0.0453125 
0 0.01171875 0.11875 0.0203125 0.053125 
0 0.77421875 0.43203125 0.0609375 0.0484375 
0 0.709375 0.54921875 0.06875 0.0421875 
0 0.01875 0.26796875 0.034375 0.0546875 
0 0.0484375 0.14609375 0.0625 0.0515625 
0 0.10078125 0.04296875 0.0671875 0.0609375 
0 0.190625 0.08203125 0.0625 0.0484375 
0 0.77890625 0.3015625 0.0703125 0.0625 
0 0.8453125 0.33046875 0.075 0.0609375 
0 0.9 0.628125 0.0625 0.053125 
0 0.9640625 0.65078125 0.071875 0.0609375 
0 0.7125 0.4078125 0.059375 0.05625 
