0 0.19765625 0.88203125 0.0328125 0.0734375 
0 0.25078125 0.8328125 0.0796875 0.059375 
0 0.2515625 0.87109375 0.071875 0.0546875 
0 0.25234375 0.90625 0.0671875 0.046875 
0 0.24375 0.94609375 0.06875 0.0484375 
0 0.24296875 0.98203125 0.0703125 0.0359375 
0 0.2453125 0.44609375 0.071875 0.0578125 
0 0.06953125 0.98671875 0.0640625 0.0265625 
0 0.0859375 0.96328125 0.0625 0.0578125 
0 0.03359375 0.92578125 0.0609375 0.0609375 
0 0.03359375 0.77734375 0.0640625 0.0640625 
0 0.06796875 0.7296875 0.0515625 0.0625 
0 0.02109375 0.80390625 0.0390625 0.0578125 
0 0.1015625 0.9375 0.0625 0.0625 
0 0.01015625 0.83359375 0.0171875 0.0546875 
0 0.00625 0.87109375 0.009375 0.0546875 
0 0.12890625 0.778125 0.0546875 0.065625 
0 0.1015625 0.709375 0.05 0.065625 
0 0.0921875 0.84140625 0.053125 0.0609375 
0 0.10625 0.8 0.05625 0.065625 
0 0.06640625 0.86328125 0.0671875 0.0671875 
0 0.0515625 0.8953125 0.065625 0.0625 
0 0.165625 0.85625 0.040625 0.065625 
0 0.1203125 0.8890625 0.028125 0.053125 
0 0.765625 0.09921875 0.065625 0.0515625 
1 0.46875 0.909375 0.0375 0.078125 
