1 0.4078125 0.75390625 0.05 0.1390625 
1 0.52421875 0.80859375 0.0453125 0.0984375 
1 0.4671875 0.725 0.04375 0.128125 
1 0.5703125 0.7203125 0.046875 0.13125 
1 0.61953125 0.71796875 0.0515625 0.1265625 
1 0.67421875 0.71640625 0.0484375 0.1265625 
1 0.78359375 0.759375 0.0578125 0.221875 
1 0.8359375 0.7109375 0.053125 0.13125 
1 0.89296875 0.7578125 0.0546875 0.225 
1 0.02734375 0.55390625 0.0421875 0.0796875 
1 0.02421875 0.46640625 0.0390625 0.0828125 
1 0.021875 0.33203125 0.034375 0.0796875 
1 0.01796875 0.225 0.0328125 0.078125 
1 0.015625 0.14140625 0.028125 0.0828125 
1 0.98515625 0.7078125 0.0296875 0.134375 
