1 0.978125 0.41328125 0.04375 0.0484375 
1 0.959375 0.4546875 0.08125 0.05 
1 0.92109375 0.49375 0.1078125 0.053125 
1 0.3421875 0.5796875 0.06875 0.10625 
1 0.26640625 0.7921875 0.0609375 0.090625 
1 0.22890625 0.9125 0.0640625 0.096875 
1 0.20546875 0.98515625 0.0609375 0.0296875 
1 0.8859375 0.0484375 0.115625 0.084375 
1 0.98828125 0.51953125 0.0234375 0.0515625 
1 0.9078125 0.546875 0.175 0.06875 
1 0.84609375 0.8609375 0.0890625 0.08125 
1 0.38046875 0.98359375 0.1046875 0.0328125 
1 0.4171875 0.9421875 0.10625 0.0375 
1 0.69921875 0.97578125 0.0859375 0.0484375 
1 0.76640625 0.9265625 0.0953125 0.09375 
1 0.48359375 0.9890625 0.1046875 0.021875 
1 0.52265625 0.9515625 0.0859375 0.034375 
1 0.853125 0.58828125 0.175 0.0703125 
1 0.71796875 0.76953125 0.0828125 0.0390625 
1 0.9546875 0.628125 0.090625 0.084375 
1 0.80703125 0.63046875 0.1765625 0.0609375 
1 0.76171875 0.67734375 0.1765625 0.0578125 
1 0.86796875 0.70703125 0.0765625 0.0703125 
1 0.7640625 0.728125 0.084375 0.0375 
1 0.8078125 0.7625 0.090625 0.078125 
1 0.64609375 0.7125 0.0984375 0.040625 
1 0.45625 0.8984375 0.1 0.040625 
1 0.61328125 0.75625 0.1078125 0.053125 
1 0.65234375 0.81328125 0.1046875 0.0421875 
1 0.5515625 0.80078125 0.09375 0.0453125 
1 0.60859375 0.86171875 0.1015625 0.0390625 
1 0.51015625 0.85234375 0.0953125 0.0390625 
1 0.56171875 0.9078125 0.0953125 0.040625 
1 0.37109375 0.4828125 0.0640625 0.1 
