0 0.625 0.01484375 0.03125 0.0265625 
0 0.6578125 0.01171875 0.034375 0.0203125 
1 0.3875 0.74765625 0.04375 0.1640625 
1 0.6328125 0.98046875 0.06875 0.0390625 
1 0.6796875 0.975 0.06875 0.05 
1 0.725 0.9640625 0.071875 0.071875 
1 0.875 0.978125 0.065625 0.04375 
1 0.94765625 0.9625 0.0734375 0.075 
1 0.128125 0.74609375 0.046875 0.1234375 
1 0.234375 0.753125 0.046875 0.153125 
1 0.28359375 0.7359375 0.0453125 0.121875 
1 0.33359375 0.73515625 0.0421875 0.1265625 
1 0.434375 0.7390625 0.046875 0.153125 
1 0.50390625 0.83515625 0.0609375 0.1640625 
1 0.5421875 0.71796875 0.05 0.1296875 
1 0.59296875 0.7265625 0.0546875 0.15 
1 0.746875 0.715625 0.046875 0.15 
1 0.796875 0.7 0.04375 0.125 
1 0.84921875 0.69609375 0.0484375 0.1265625 
1 0.8984375 0.69140625 0.04375 0.1265625 
0 0.99375 0.7046875 0.0125 0.0625 
