1 0.15 0.7078125 0.046875 0.134375 
1 0.2546875 0.71484375 0.04375 0.1359375 
1 0.30078125 0.7046875 0.0421875 0.134375 
1 0.34375 0.70390625 0.040625 0.1296875 
1 0.3890625 0.70703125 0.04375 0.1328125 
1 0.61875 0.73828125 0.046875 0.2234375 
1 0.6875 0.68203125 0.046875 0.1140625 
1 0.69453125 0.80703125 0.0484375 0.1234375 
1 0.75703125 0.73359375 0.0484375 0.2203125 
1 0.81953125 0.76640625 0.0484375 0.1359375 
1 0.859375 0.67890625 0.0375 0.1171875 
1 0.91015625 0.6859375 0.0453125 0.125 
1 0.9734375 0.6828125 0.046875 0.128125 
1 0.97890625 0.9953125 0.0421875 0.009375 
