0 0.10234375 0.6390625 0.0546875 0.05625 
0 0.13515625 0.59921875 0.0578125 0.0484375 
0 0.071875 0.66171875 0.05 0.0515625 
0 0.390625 0.33515625 0.053125 0.0609375 
0 0.553125 0.1765625 0.06875 0.065625 
0 0.17890625 0.45703125 0.0578125 0.0515625 
0 0.39453125 0.9 0.0265625 0.0625 
0 0.43203125 0.8828125 0.0234375 0.06875 
0 0.4640625 0.86171875 0.028125 0.0640625 
0 0.5296875 0.81640625 0.025 0.0640625 
0 0.496875 0.8453125 0.028125 0.0625 
0 0.56875 0.79375 0.028125 0.059375 
0 0.6046875 0.76640625 0.028125 0.0609375 
0 0.6375 0.83203125 0.028125 0.0671875 
0 0.68125 0.87734375 0.05625 0.0234375 
0 0.70234375 0.9109375 0.0671875 0.03125 
0 0.73671875 0.94140625 0.0578125 0.0265625 
0 0.765625 0.978125 0.06875 0.028125 
