0 0.53671875 0.06640625 0.0546875 0.0484375 
0 0.6078125 0.14921875 0.04375 0.0421875 
0 0.62734375 0.17265625 0.0515625 0.0484375 
0 0.640625 0.2046875 0.059375 0.053125 
0 0.66484375 0.2265625 0.0671875 0.059375 
0 0.68515625 0.25078125 0.0546875 0.0484375 
0 0.7 0.28046875 0.065625 0.0578125 
0 0.7328125 0.30703125 0.05 0.0453125 
0 0.97421875 0.23359375 0.0515625 0.0640625 
0 0.58671875 0.109375 0.0765625 0.071875 
0 0.91484375 0.27421875 0.0640625 0.0796875 
0 0.9859375 0.20625 0.028125 0.071875 
0 0.99453125 0.18125 0.0109375 0.071875 
0 0.98046875 0.946875 0.0390625 0.075 
0 0.87109375 0.98515625 0.0734375 0.0296875 
1 0.753125 0.34765625 0.109375 0.0953125 
0 0.94453125 0.2546875 0.0609375 0.071875 
