0 0.94296875 0.4265625 0.0640625 0.071875 
0 0.96796875 0.40078125 0.0640625 0.0765625 
0 0.9890625 0.38125 0.021875 0.05625 
0 0.5109375 0.88515625 0.06875 0.0640625 
0 0.53671875 0.91015625 0.0546875 0.0484375 
0 0.6078125 0.9859375 0.04375 0.028125 
0 0.86171875 0.45859375 0.0515625 0.0640625 
0 0.81015625 0.5046875 0.0515625 0.05625 
0 0.73515625 0.57109375 0.0515625 0.0546875 
0 0.70859375 0.590625 0.0515625 0.059375 
0 0.4421875 0.2078125 0.053125 0.05625 
0 0.4796875 0.1875 0.053125 0.05625 
0 0.50390625 0.1609375 0.0546875 0.05625 
0 0.5359375 0.134375 0.053125 0.059375 
0 0.5625 0.1046875 0.05 0.059375 
0 0.596875 0.08515625 0.05 0.0578125 
0 0.64765625 0.03828125 0.0484375 0.0546875 
0 0.70546875 0.00859375 0.0515625 0.0140625 
0 0.65703125 0.62578125 0.0578125 0.0671875 
0 0.68125 0.60546875 0.053125 0.0609375 
0 0.81171875 0.7234375 0.0515625 0.059375 
0 0.784375 0.74609375 0.05 0.0578125 
0 0.759375 0.76796875 0.05 0.0546875 
0 0.765625 0.54921875 0.05625 0.0734375 
0 0.67421875 0.02265625 0.0515625 0.0421875 
0 0.61953125 0.05703125 0.0515625 0.0640625 
0 0.7921875 0.52265625 0.053125 0.0640625 
0 0.9921875 0.575 0.015625 0.078125 
0 0.9765625 0.60390625 0.046875 0.0703125 
0 0.73359375 0.7875 0.0609375 0.06875 
0 0.58671875 0.953125 0.0765625 0.071875 
0 0.99453125 0.99453125 0.0109375 0.0109375 
0 0.35078125 0.2171875 0.0453125 0.0625 
