1 0.24140625 0.9375 0.1046875 0.125 
1 0.303125 0.9296875 0.103125 0.128125 
1 0.36796875 0.925 0.0953125 0.128125 
1 0.42734375 0.915625 0.1109375 0.146875 
1 0.49453125 0.91875 0.0953125 0.125 
1 0.55390625 0.90703125 0.1140625 0.1421875 
1 0.61640625 0.90546875 0.1140625 0.1421875 
1 0.68203125 0.89765625 0.1109375 0.1546875 
1 0.81015625 0.88671875 0.1078125 0.1265625 
0 0.98203125 0.496875 0.0328125 0.05625 
1 0.95234375 0.90703125 0.0953125 0.1421875 
0 0.93671875 0.571875 0.0640625 0.025 
0 0.9484375 0.61015625 0.059375 0.0328125 
1 0.1140625 0.9421875 0.10625 0.115625 
1 0.053125 0.9453125 0.103125 0.109375 
1 0.02265625 0.94140625 0.0421875 0.1171875 
0 0.94609375 0.64765625 0.0578125 0.0328125 
1 0.0359375 0.59921875 0.05 0.1390625 
1 0.090625 0.59609375 0.053125 0.1484375 
1 0.16640625 0.58671875 0.0578125 0.1421875 
1 0.22421875 0.58359375 0.0515625 0.1421875 
1 0.2796875 0.58046875 0.05 0.1453125 
1 0.44765625 0.5671875 0.0546875 0.140625 
0 0.97734375 0.42265625 0.0296875 0.0578125 
0 0.9703125 0.3625 0.03125 0.059375 
0 0.96171875 0.28359375 0.0390625 0.0703125 
1 0.746875 0.55703125 0.05 0.1609375 
