0 0.48828125 0.30390625 0.0515625 0.0328125 
0 0.47890625 0.384375 0.0640625 0.03125 
0 0.47265625 0.47109375 0.0609375 0.0265625 
0 0.4703125 0.55234375 0.065625 0.0328125 
0 0.47265625 0.63046875 0.0671875 0.0296875 
0 0.4546875 0.871875 0.065625 0.03125 
0 0.6609375 0.59609375 0.05625 0.0265625 
0 0.66875 0.38828125 0.065625 0.0265625 
0 0.66953125 0.46796875 0.0609375 0.0234375 
0 0.6609375 0.55390625 0.0625 0.0265625 
0 0.665625 0.5046875 0.065625 0.0375 
0 0.359375 0.3265625 0.040625 0.075 
0 0.3390625 0.609375 0.075 0.034375 
0 0.8671875 0.90703125 0.078125 0.0421875 
0 0.49140625 0.265625 0.0546875 0.028125 
