0 0.978125 0.55 0.04375 0.0625 
0 0.95390625 0.57265625 0.0546875 0.0640625 
0 0.74921875 0.7296875 0.0453125 0.05625 
0 0.86171875 0.33515625 0.0484375 0.0546875 
0 0.834375 0.353125 0.05 0.05625 
0 0.74453125 0.42421875 0.0546875 0.0640625 
0 0.15625 0.35703125 0.0625 0.0546875 
0 0.1890625 0.42734375 0.059375 0.0515625 
0 0.2140625 0.45859375 0.059375 0.0515625 
0 0.23515625 0.49140625 0.0515625 0.0484375 
0 0.2515625 0.525 0.071875 0.059375 
0 0.2046875 0.16796875 0.046875 0.0578125 
0 0.17109375 0.39296875 0.0578125 0.0515625 
0 0.1296875 0.33125 0.065625 0.05625 
0 0.109375 0.29921875 0.0625 0.0515625 
0 0.0078125 0.4234375 0.0125 0.059375 
0 0.03203125 0.5234375 0.0578125 0.05 
0 0.0328125 0.66484375 0.0625 0.0578125 
0 0.0734375 0.58984375 0.046875 0.0484375 
0 0.09921875 0.6203125 0.0640625 0.053125 
0 0.12890625 0.6890625 0.0578125 0.053125 
0 0.14765625 0.72265625 0.0546875 0.0484375 
0 0.05078125 0.20703125 0.0609375 0.0546875 
0 0.8015625 0.37578125 0.05625 0.0640625 
0 0.79921875 0.6828125 0.0515625 0.059375 
0 0.93203125 0.28828125 0.0703125 0.0859375 
0 0.98359375 0.43125 0.0328125 0.078125 
0 0.00859375 0.6 0.0140625 0.053125 
0 0.55625 0.63828125 0.05 0.0671875 
0 0.42734375 0.4671875 0.0640625 0.084375 
0 0.32734375 0.34375 0.0609375 0.08125 
0 0.5171875 0.5796875 0.059375 0.065625 
0 0.83125 0.665625 0.065625 0.075 
0 0.86328125 0.640625 0.0546875 0.065625 
0 0.1515625 0.103125 0.06875 0.075 
0 0.0328125 0.15859375 0.0625 0.0640625 
0 0.065625 0.23359375 0.06875 0.0546875 
0 0.2484375 0.22578125 0.0625 0.0703125 
0 0.03125 0.48359375 0.059375 0.0578125 
0 0.28515625 0.58046875 0.0703125 0.0578125 
0 0.30390625 0.6125 0.0859375 0.071875 
0 0.5765625 0.44921875 0.06875 0.0734375 
0 0.628125 0.5109375 0.05 0.059375 
0 0.66171875 0.4984375 0.0671875 0.075 
0 0.6859375 0.478125 0.065625 0.06875 
0 0.71640625 0.45 0.0609375 0.071875 
0 0.99453125 0.2140625 0.0109375 0.078125 
0 0.8625 0.86484375 0.078125 0.0640625 
0 0.93046875 0.80546875 0.0359375 0.0890625 
1 0.98125 0.765625 0.0375 0.071875 
