0 0.96796875 0.13203125 0.0328125 0.0765625 
0 0.88828125 0.12578125 0.0296875 0.0640625 
0 0.721875 0.13046875 0.034375 0.0734375 
0 0.68359375 0.1265625 0.0390625 0.08125 
0 0.978125 0.325 0.03125 0.0625 
0 0.890625 0.05 0.03125 0.06875 
0 0.765625 0.04140625 0.03125 0.0765625 
0 0.68203125 0.0296875 0.0328125 0.05625 
0 0.42890625 0.0140625 0.0640625 0.025 
0 0.42734375 0.0546875 0.0671875 0.028125 
0 0.565625 0.3078125 0.028125 0.065625 
0 0.484375 0.303125 0.03125 0.071875 
0 0.1796875 0.115625 0.03125 0.065625 
0 0.1625 0.190625 0.034375 0.0625 
0 0.30234375 0.01015625 0.0390625 0.0171875 
0 0.7265625 0.03515625 0.0375 0.0671875 
0 0.4265625 0.14921875 0.0875 0.0359375 
