0 0.71015625 0.0390625 0.0484375 0.05625 
0 0.65390625 0.0828125 0.0515625 0.059375 
0 0.5984375 0.1265625 0.04375 0.053125 
0 0.840625 0.0484375 0.05 0.059375 
0 0.81015625 0.06875 0.0515625 0.0625 
0 0.73203125 0.12890625 0.0484375 0.0578125 
0 0.65703125 0.1875 0.0546875 0.059375 
0 0.62734375 0.2078125 0.0546875 0.0625 
0 0.5984375 0.23359375 0.05625 0.0578125 
0 0.53515625 0.26796875 0.0578125 0.0640625 
0 0.6265625 0.10546875 0.053125 0.0578125 
0 0.97578125 0.23046875 0.0484375 0.0515625 
0 0.2046875 0.99140625 0.046875 0.0171875 
0 0.26484375 0.7546875 0.0609375 0.06875 
0 0.36328125 0.68203125 0.0546875 0.0609375 
0 0.25859375 0.48828125 0.0609375 0.0703125 
0 0.29296875 0.4703125 0.0484375 0.053125 
0 0.31875 0.446875 0.053125 0.0625 
0 0.3453125 0.4265625 0.046875 0.05625 
0 0.13125 0.23359375 0.053125 0.0640625 
0 0.3671875 0.04140625 0.05625 0.0609375 
0 0.2359375 0.4 0.053125 0.059375 
0 0.828125 0.3 0.05625 0.0625 
0 0.07109375 0.27421875 0.0640625 0.0796875 
0 0.15859375 0.20625 0.0609375 0.071875 
0 0.17734375 0.18125 0.0640625 0.071875 
0 0.21171875 0.1625 0.0703125 0.084375 
0 0.29921875 0.72890625 0.0765625 0.0828125 
0 0.3265625 0.70234375 0.06875 0.0765625 
0 0.56328125 0.6078125 0.0640625 0.075 
0 0.9796875 0.26015625 0.040625 0.0609375 
0 0.9375 0.19296875 0.04375 0.0671875 
0 0.784375 0.0828125 0.05625 0.065625 
0 0.75703125 0.10390625 0.0546875 0.0546875 
0 0.709375 0.14453125 0.053125 0.0609375 
0 0.68828125 0.16171875 0.0546875 0.0671875 
0 0.54765625 0.171875 0.0578125 0.06875 
0 0.49375 0.21171875 0.065625 0.0703125 
0 0.59609375 0.58984375 0.0640625 0.0703125 
0 0.4 0.3953125 0.065625 0.075 
0 0.1515625 0.946875 0.06875 0.075 
0 0.0328125 0.98515625 0.0625 0.0296875 
1 0.37734375 0.30078125 0.0640625 0.0734375 
0 0.315625 0.3375 0.065625 0.071875 
1 0.35078125 0.328125 0.0703125 0.084375 
1 0.42734375 0.36328125 0.0640625 0.0765625 
0 0.10078125 0.2546875 0.0609375 0.071875 
0 0.51796875 0.1921875 0.0609375 0.065625 
0 0.5765625 0.15078125 0.0625 0.0703125 
0 0.66875 0.4203125 0.059375 0.06875 
0 0.728125 0.3734375 0.06875 0.071875 
