1 0.5109375 0.990625 0.05 0.01875 
1 0.55234375 0.98828125 0.0546875 0.0234375 
1 0.5953125 0.98515625 0.053125 0.0296875 
1 0.63359375 0.98125 0.0546875 0.0375 
1 0.6734375 0.978125 0.05625 0.04375 
1 0.7140625 0.97421875 0.05625 0.0515625 
1 0.3546875 0.91796875 0.053125 0.1484375 
1 0.39609375 0.9109375 0.0578125 0.15 
1 0.61015625 0.86953125 0.0609375 0.1515625 
1 0.090625 0.6046875 0.06875 0.21875 
1 0.13515625 0.59296875 0.0703125 0.2171875 
1 0.1796875 0.58984375 0.06875 0.2171875 
1 0.265625 0.57578125 0.065625 0.2171875 
1 0.2203125 0.5828125 0.0625 0.221875 
1 0.3078125 0.56640625 0.071875 0.2234375 
0 0.8796875 0.18984375 0.03125 0.0515625 
1 0.14765625 0.0546875 0.2328125 0.06875 
1 0.50859375 0.01640625 0.2265625 0.0296875 
0 0.9875 0.1765625 0.025 0.053125 
0 0.9453125 0.20625 0.040625 0.065625 
0 0.9125 0.2 0.028125 0.046875 
0 0.84921875 0.203125 0.0328125 0.05625 
0 0.803125 0.20078125 0.0375 0.0578125 
0 0.86171875 0.440625 0.0359375 0.06875 
0 0.89765625 0.43671875 0.0390625 0.0734375 
0 0.9359375 0.434375 0.046875 0.071875 
1 0.09453125 0.01484375 0.1546875 0.0265625 
1 0.34765625 0.5609375 0.0640625 0.221875 
1 0.05078125 0.365625 0.0671875 0.221875 
1 0.39453125 0.553125 0.0703125 0.21875 
1 0.48125 0.5390625 0.071875 0.221875 
1 0.5265625 0.5328125 0.075 0.221875 
1 0.52734375 0.29375 0.0765625 0.221875 
1 0.35546875 0.3140625 0.0734375 0.221875 
1 0.309375 0.321875 0.06875 0.221875 
1 0.265625 0.3328125 0.071875 0.221875 
1 0.225 0.33828125 0.06875 0.2234375 
1 0.1796875 0.346875 0.06875 0.225 
1 0.13828125 0.3546875 0.0734375 0.221875 
1 0.09453125 0.36015625 0.0703125 0.2234375 
