0 0.759375 0.3296875 0.01875 0.00625 
0 0.7609375 0.32109375 0.021875 0.0078125 
0 0.765625 0.2921875 0.01875 0.00625 
0 0.76640625 0.28515625 0.0203125 0.0078125 
0 0.75 0.365625 0.025 0.009375 
0 0.7484375 0.37734375 0.025 0.0109375 
0 0.72890625 0.26796875 0.0234375 0.0109375 
0 0.72265625 0.2796875 0.0203125 0.00625 
0 0.721875 0.29375 0.015625 0.00625 
0 0.72109375 0.3046875 0.0171875 0.009375 
0 0.71796875 0.31640625 0.0203125 0.0078125 
0 0.715625 0.32578125 0.021875 0.0078125 
0 0.7078125 0.2828125 0.01875 0.00625 
0 0.70390625 0.290625 0.0234375 0.00625 
0 0.7015625 0.30078125 0.01875 0.0078125 
0 0.7734375 0.2640625 0.021875 0.009375 
0 0.7703125 0.27578125 0.021875 0.0109375 
0 0.76328125 0.3046875 0.0203125 0.009375 
0 0.7625 0.31015625 0.01875 0.0046875 
0 0.753125 0.34921875 0.021875 0.0109375 
0 0.71484375 0.34140625 0.0203125 0.0109375 
0 0.6609375 0.32109375 0.025 0.0078125 
0 0.6546875 0.5578125 0.01875 0.0125 
0 0.66015625 0.53515625 0.0203125 0.0109375 
0 0.6796875 0.53828125 0.01875 0.0109375 
0 0.65859375 0.54375 0.0171875 0.00625 
0 0.67734375 0.54765625 0.0203125 0.0078125 
0 0.6546875 0.54921875 0.01875 0.0078125 
0 0.671875 0.55546875 0.015625 0.0078125 
0 0.67109375 0.56640625 0.0203125 0.0078125 
0 0.6484375 0.5703125 0.015625 0.009375 
0 0.65859375 0.33671875 0.0234375 0.0078125 
0 0.66953125 0.5765625 0.0203125 0.009375 
0 0.64765625 0.57890625 0.0171875 0.0078125 
0 0.66796875 0.584375 0.0203125 0.009375 
0 0.66640625 0.59296875 0.0171875 0.0109375 
0 0.64765625 0.58984375 0.0171875 0.0078125 
0 0.646875 0.6 0.015625 0.00625 
0 0.64453125 0.60703125 0.0203125 0.0078125 
0 0.68203125 0.52890625 0.0203125 0.0109375 
0 0.66171875 0.52421875 0.0203125 0.0078125 
0 0.603125 0.640625 0.01875 0.009375 
0 0.59921875 0.64921875 0.0203125 0.0109375 
0 0.609375 0.5828125 0.021875 0.009375 
0 0.609375 0.5921875 0.021875 0.009375 
0 0.60859375 0.60234375 0.0171875 0.0078125 
0 0.58984375 0.5984375 0.0203125 0.0125 
0 0.6046875 0.6125 0.021875 0.009375 
0 0.5875 0.61796875 0.01875 0.0078125 
0 0.60703125 0.6234375 0.0203125 0.0125 
0 0.58515625 0.62734375 0.0171875 0.0078125 
0 0.603125 0.63203125 0.01875 0.0078125 
0 0.58125 0.634375 0.021875 0.009375 
0 0.58046875 0.64375 0.0171875 0.009375 
0 0.578125 0.653125 0.01875 0.009375 
0 0.57734375 0.6640625 0.0203125 0.0125 
0 0.59765625 0.66875 0.0203125 0.009375 
0 0.5984375 0.65859375 0.01875 0.0078125 
0 0.665625 0.60390625 0.01875 0.0109375 
0 0.66484375 0.6140625 0.0171875 0.009375 
0 0.66171875 0.62109375 0.0234375 0.0109375 
0 0.66875 0.47734375 0.01875 0.0109375 
0 0.67109375 0.46875 0.0203125 0.0125 
0 0.6765625 0.45859375 0.021875 0.0078125 
0 0.67421875 0.4484375 0.0203125 0.00625 
0 0.696875 0.45390625 0.01875 0.0109375 
0 0.696875 0.4453125 0.015625 0.009375 
0 0.67734375 0.440625 0.0203125 0.0125 
0 0.68046875 0.42109375 0.0203125 0.0078125 
0 0.70234375 0.41484375 0.0234375 0.0109375 
0 0.70234375 0.4265625 0.0203125 0.009375 
0 0.7015625 0.4375 0.021875 0.009375 
0 0.73671875 0.440625 0.0234375 0.00625 
0 0.73515625 0.44921875 0.0203125 0.0078125 
0 0.73359375 0.45859375 0.0234375 0.0109375 
0 0.7296875 0.46796875 0.021875 0.0078125 
0 0.728125 0.47734375 0.021875 0.0078125 
0 0.690625 0.47109375 0.01875 0.0109375 
0 0.61015625 0.46953125 0.0203125 0.0109375 
0 0.6421875 0.6171875 0.015625 0.009375 
0 0.6359375 0.47265625 0.021875 0.0078125 
0 0.6609375 0.63125 0.025 0.0125 
0 0.63984375 0.63671875 0.0171875 0.0078125 
0 0.65859375 0.64140625 0.0203125 0.0078125 
0 0.6578125 0.6515625 0.01875 0.00625 
0 0.63828125 0.64453125 0.0171875 0.0078125 
0 0.6359375 0.65390625 0.01875 0.0078125 
0 0.65625 0.6578125 0.01875 0.00625 
0 0.63359375 0.66328125 0.0171875 0.0078125 
0 0.6546875 0.6671875 0.01875 0.0125 
0 0.634375 0.675 0.021875 0.009375 
0 0.653125 0.67890625 0.01875 0.0078125 
0 0.540625 0.45234375 0.021875 0.0078125 
0 0.5765625 0.46015625 0.021875 0.0078125 
0 0.6140625 0.4578125 0.01875 0.00625 
0 0.6359375 0.46171875 0.021875 0.0078125 
0 0.7015625 0.63828125 0.021875 0.0078125 
0 0.19453125 0.75625 0.0140625 0.025 
0 0.696875 0.65703125 0.01875 0.0078125 
0 0.57890625 0.70390625 0.0109375 0.0203125 
0 0.55859375 0.7 0.0078125 0.015625 
0 0.46953125 0.64609375 0.0203125 0.0109375 
0 0.46875 0.65625 0.021875 0.00625 
0 0.4703125 0.63515625 0.021875 0.0109375 
0 0.6640625 0.5140625 0.025 0.0125 
0 0.47578125 0.615625 0.0171875 0.00625 
0 0.478125 0.60625 0.01875 0.009375 
0 0.48359375 0.58984375 0.0171875 0.0078125 
0 0.5125 0.509375 0.021875 0.0125 
0 0.52421875 0.48828125 0.0234375 0.0109375 
0 0.571875 0.49921875 0.021875 0.0109375 
0 0.60625 0.50546875 0.01875 0.0078125 
0 0.628125 0.509375 0.021875 0.009375 
0 0.68515625 0.51875 0.0203125 0.0125 
0 0.553125 0.6015625 0.021875 0.00625 
0 0.61953125 0.52734375 0.0203125 0.0078125 
0 0.61875 0.5375 0.01875 0.009375 
0 0.61640625 0.54609375 0.0203125 0.0078125 
0 0.6125 0.5546875 0.01875 0.009375 
0 0.6125 0.565625 0.025 0.009375 
0 0.61015625 0.57265625 0.0203125 0.0078125 
0 0.55546875 0.59375 0.0203125 0.009375 
0 0.5484375 0.60859375 0.021875 0.0140625 
0 0.5671875 0.528125 0.01875 0.009375 
0 0.54921875 0.61875 0.0203125 0.009375 
0 0.5453125 0.628125 0.01875 0.00625 
0 0.54296875 0.6390625 0.0203125 0.009375 
0 0.54453125 0.6484375 0.0234375 0.009375 
0 0.540625 0.659375 0.01875 0.009375 
0 0.540625 0.69765625 0.009375 0.0171875 
0 0.5484375 0.6984375 0.009375 0.01875 
0 0.6234375 0.51953125 0.021875 0.0109375 
0 0.5921875 0.55 0.01875 0.009375 
0 0.53046875 0.69609375 0.0078125 0.0140625 
0 0.50625 0.690625 0.009375 0.01875 
0 0.5640625 0.54609375 0.015625 0.0109375 
0 0.56015625 0.55625 0.0203125 0.009375 
0 0.5609375 0.5640625 0.021875 0.00625 
0 0.56171875 0.57421875 0.0203125 0.0078125 
0 0.559375 0.58359375 0.01875 0.0109375 
0 0.5359375 0.58828125 0.01875 0.0109375 
0 0.53203125 0.596875 0.0171875 0.00625 
0 0.52890625 0.60703125 0.0203125 0.0109375 
0 0.52890625 0.61640625 0.0203125 0.0109375 
0 0.525 0.6265625 0.01875 0.009375 
0 0.525 0.6359375 0.01875 0.009375 
0 0.52265625 0.64296875 0.0171875 0.0078125 
0 0.515625 0.6515625 0.01875 0.009375 
0 0.48515625 0.68828125 0.0078125 0.0171875 
0 0.496875 0.68828125 0.009375 0.0171875 
