1 0.44296875 0.62890625 0.0296875 0.0546875 
1 0.4234375 0.63203125 0.040625 0.0609375 
0 0.7484375 0.7546875 0.021875 0.015625 
0 0.72421875 0.7640625 0.0171875 0.015625 
0 0.7 0.77109375 0.01875 0.0109375 
0 0.6875 0.77734375 0.021875 0.0109375 
0 0.76328125 0.74921875 0.0234375 0.0140625 
0 0.6734375 0.7796875 0.021875 0.01875 
0 0.65390625 0.77890625 0.0203125 0.0140625 
0 0.609375 0.73359375 0.021875 0.0140625 
0 0.4046875 0.8546875 0.0125 0.021875 
0 0.41171875 0.85078125 0.0140625 0.0203125 
0 0.42265625 0.84609375 0.0140625 0.0203125 
0 0.43046875 0.8453125 0.0109375 0.01875 
0 0.4359375 0.8421875 0.0125 0.01875 
0 0.4453125 0.83984375 0.015625 0.0203125 
0 0.45703125 0.83828125 0.0109375 0.0171875 
0 0.4671875 0.83359375 0.009375 0.0171875 
0 0.51484375 0.81171875 0.0140625 0.0171875 
0 0.46875 0.79609375 0.015625 0.0078125 
0 0.46640625 0.78671875 0.0171875 0.0109375 
0 0.46328125 0.77734375 0.0203125 0.0109375 
0 0.6484375 0.71953125 0.01875 0.0140625 
0 0.63671875 0.72578125 0.0234375 0.0171875 
0 0.6234375 0.7296875 0.01875 0.0125 
0 0.1421875 0.7578125 0.01875 0.015625 
0 0.1328125 0.73984375 0.01875 0.0109375 
0 0.12421875 0.70703125 0.0171875 0.0140625 
0 0.1 0.64453125 0.025 0.0171875 
0 0.44375 0.703125 0.015625 0.021875 
0 0.4515625 0.55859375 0.0125 0.0140625 
0 0.465625 0.6 0.015625 0.025 
0 0.496875 0.7015625 0.025 0.015625 
1 0.45234375 0.60234375 0.0359375 0.0640625 
1 0.46328125 0.6796875 0.0171875 0.028125 
1 0.45234375 0.69375 0.0203125 0.03125 
1 0.49765625 0.7140625 0.0296875 0.015625 
1 0.3890625 0.5421875 0.025 0.015625 
1 0.44453125 0.53671875 0.0171875 0.0234375 
1 0.39765625 0.86171875 0.0203125 0.0296875 
1 0.315625 0.89453125 0.05625 0.0171875 
0 0.43515625 0.92421875 0.0234375 0.0140625 
0 0.38046875 0.86640625 0.0171875 0.0234375 
0 0.34921875 0.875 0.0140625 0.021875 
0 0.18984375 0.8453125 0.0234375 0.015625 
0 0.4375 0.715625 0.015625 0.01875 
0 0.41953125 0.4828125 0.0171875 0.015625 
