0 0.29453125 0.18359375 0.0296875 0.0453125 
1 0.5328125 0.8859375 0.071875 0.13125 
1 0.69453125 0.95 0.0640625 0.1 
1 0.44609375 0.63671875 0.0609375 0.1078125 
1 0.54609375 0.525 0.0765625 0.14375 
1 0.22578125 0.01796875 0.0671875 0.0328125 
0 0.38203125 0.44921875 0.0265625 0.0421875 
0 0.2671875 0.0109375 0.025 0.01875 
0 0.3 0.10703125 0.021875 0.0390625 
0 0.38984375 0.3640625 0.0296875 0.046875 
0 0.43203125 0.50078125 0.0234375 0.0390625 
0 0.51953125 0.54453125 0.0296875 0.0453125 
0 0.50078125 0.7125 0.0265625 0.040625 
0 0.48125 0.6296875 0.025 0.0375 
0 0.5734375 0.9015625 0.0375 0.0625 
