0 0.99296875 0.8609375 0.0140625 0.034375 
0 0.98984375 0.83984375 0.0203125 0.0359375 
0 0.98671875 0.8234375 0.0265625 0.0375 
0 0.978125 0.228125 0.040625 0.059375 
0 0.8515625 0.053125 0.040625 0.046875 
0 0.87265625 0.02109375 0.0359375 0.0390625 
0 0.9015625 0.0078125 0.04375 0.0125 
0 0.9390625 0.91484375 0.03125 0.0515625 
1 0.071875 0.7578125 0.08125 0.1375 
1 0.015625 0.89296875 0.028125 0.1953125 
0 0.50625 0.53828125 0.025 0.0453125 
0 0.0125 0.8765625 0.021875 0.034375 
0 0.37109375 0.3171875 0.0390625 0.059375 
