0 0.6765625 0.55078125 0.084375 0.0609375 
0 0.596875 0.58203125 0.09375 0.0640625 
0 0.95625 0.58203125 0.0875 0.0640625 
0 0.87265625 0.6109375 0.0828125 0.059375 
0 0.790625 0.63828125 0.084375 0.0640625 
0 0.709375 0.665625 0.084375 0.0625 
0 0.63125 0.69765625 0.078125 0.0546875 
0 0.56484375 0.71953125 0.0765625 0.0578125 
0 0.4890625 0.7421875 0.090625 0.065625 
0 0.36015625 0.66484375 0.0859375 0.0640625 
0 0.03203125 0.78203125 0.0609375 0.0609375 
0 0.21484375 0.8375 0.0796875 0.05625 
0 0.140625 0.87109375 0.078125 0.0578125 
0 0.03359375 0.91015625 0.0640625 0.0640625 
