0 0.20859375 0.82890625 0.0234375 0.0390625 
0 0.209375 0.45703125 0.01875 0.0078125 
0 0.20703125 0.46875 0.0203125 0.009375 
0 0.24921875 0.46484375 0.0203125 0.0109375 
0 0.24765625 0.4734375 0.0203125 0.00625 
0 0.24453125 0.49296875 0.0203125 0.0078125 
0 0.20703125 0.4796875 0.0203125 0.009375 
0 0.240625 0.51328125 0.028125 0.0140625 
0 0.1984375 0.525 0.021875 0.0125 
0 0.2375 0.53984375 0.021875 0.0078125 
0 0.2296875 0.5671875 0.03125 0.0125 
0 0.228125 0.60859375 0.021875 0.0078125 
0 0.18515625 0.61875 0.0234375 0.0125 
0 0.1875 0.58203125 0.021875 0.0109375 
0 0.1921875 0.57265625 0.025 0.0140625 
0 0.196875 0.54453125 0.021875 0.0109375 
0 0.19765625 0.53515625 0.0203125 0.0109375 
0 0.79375 0.4875 0.025 0.009375 
0 0.7984375 0.58125 0.0125 0.021875 
0 0.840625 0.5953125 0.0125 0.021875 
0 0.36640625 0.3453125 0.0140625 0.021875 
0 0.378125 0.34609375 0.0125 0.0203125 
0 0.40703125 0.346875 0.0140625 0.01875 
0 0.4875 0.32890625 0.01875 0.0109375 
0 0.4921875 0.32109375 0.025 0.0109375 
0 0.49375 0.28984375 0.01875 0.0078125 
0 0.4828125 0.3546875 0.021875 0.0125 
1 0.421875 0.2875 0.0625 0.040625 
