0 0.4296875 0.8484375 0.04375 0.021875 
0 0.4296875 0.8234375 0.04375 0.01875 
0 0.42734375 0.79375 0.0515625 0.025 
0 0.42109375 0.753125 0.0453125 0.021875 
0 0.41875 0.72421875 0.046875 0.0234375 
0 0.4203125 0.69765625 0.053125 0.0265625 
0 0.42109375 0.67265625 0.0515625 0.0296875 
0 0.415625 0.646875 0.05 0.025 
0 0.40625 0.5515625 0.05 0.025 
0 0.4 0.48984375 0.046875 0.0234375 
0 0.4015625 0.42421875 0.059375 0.0296875 
0 0.38828125 0.328125 0.0578125 0.021875 
0 0.37421875 0.234375 0.0546875 0.028125 
0 0.37265625 0.14765625 0.0515625 0.0265625 
