0 0.5359375 0.1515625 0.015625 0.00625 
0 0.90546875 0.1546875 0.0078125 0.015625 
0 0.53671875 0.22734375 0.0140625 0.0203125 
0 0.53359375 0.1453125 0.0140625 0.00625 
0 0.5328125 0.1390625 0.015625 0.00625 
0 0.984375 0.3484375 0.009375 0.01875 
0 0.70078125 0.9953125 0.0140625 0.009375 
0 0.69609375 0.990625 0.0171875 0.015625 
0 0.69140625 0.9859375 0.0171875 0.015625 
0 0.68671875 0.97890625 0.0140625 0.0140625 
0 0.67734375 0.9671875 0.0171875 0.015625 
0 0.42734375 0.38046875 0.0109375 0.0203125 
0 0.88984375 0.515625 0.0078125 0.021875 
0 0.89140625 0.47265625 0.0109375 0.0234375 
0 0.89765625 0.32265625 0.0109375 0.0171875 
0 0.53359375 0.13125 0.0171875 0.009375 
