1 0.125 0.89921875 0.0375 0.0484375 
1 0.13046875 0.81796875 0.0359375 0.0453125 
1 0.071875 0.82890625 0.0125 0.0390625 
1 0.08984375 0.73828125 0.0328125 0.0484375 
1 0.153125 0.67890625 0.040625 0.0515625 
1 0.2796875 0.01953125 0.05625 0.0359375 
1 0.27890625 0.08046875 0.0578125 0.0796875 
1 0.240625 0.1375 0.015625 0.046875 
1 0.05703125 0.21484375 0.0109375 0.0703125 
1 0.27578125 0.1609375 0.0359375 0.046875 
1 0.27578125 0.275 0.0328125 0.04375 
1 0.0140625 0.334375 0.0125 0.046875 
1 0.14140625 0.62890625 0.0328125 0.0421875 
1 0.12109375 0.79609375 0.0578125 0.0765625 
0 0.08515625 0.16953125 0.0140625 0.0046875 
0 0.1890625 0.165625 0.01875 0.00625 
0 0.1875 0.17421875 0.01875 0.0078125 
0 0.1875 0.18125 0.015625 0.00625 
0 0.0875 0.128125 0.021875 0.0125 
0 0.08671875 0.13359375 0.0171875 0.0078125 
0 0.08515625 0.146875 0.0171875 0.009375 
0 0.084375 0.15625 0.01875 0.00625 
0 0.084375 0.1640625 0.015625 0.00625 
0 0.08515625 0.17734375 0.0171875 0.0078125 
0 0.1421875 0.19609375 0.00625 0.0140625 
0 0.08359375 0.1828125 0.0140625 0.00625 
0 0.084375 0.18984375 0.015625 0.0078125 
0 0.0828125 0.196875 0.015625 0.00625 
0 0.08359375 0.2046875 0.0171875 0.009375 
0 0.08046875 0.2140625 0.0203125 0.00625 
0 0.11484375 0.19765625 0.0078125 0.0140625 
0 0.121875 0.19609375 0.00625 0.0140625 
0 0.13046875 0.19453125 0.0109375 0.0171875 
0 0.1890625 0.1578125 0.015625 0.00625 
0 0.1875 0.14609375 0.015625 0.0046875 
0 0.18984375 0.1375 0.0171875 0.00625 
0 0.16328125 0.1375 0.0171875 0.00625 
0 0.090625 0.05703125 0.01875 0.0046875 
0 0.090625 0.05 0.015625 0.00625 
0 0.090625 0.04296875 0.015625 0.0046875 
0 0.09296875 0.0359375 0.0171875 0.00625 
0 0.13125 0.1640625 0.00625 0.015625 
0 0.13828125 0.16484375 0.0078125 0.0140625 
0 0.146875 0.1640625 0.009375 0.015625 
0 0.153125 0.16484375 0.00625 0.0140625 
0 0.16015625 0.16640625 0.0078125 0.0171875 
0 0.16015625 0.14921875 0.0078125 0.0140625 
0 0.1515625 0.14921875 0.009375 0.0140625 
0 0.1390625 0.14921875 0.00625 0.0140625 
0 0.13046875 0.14765625 0.0078125 0.0171875 
0 0.1234375 0.1484375 0.00625 0.015625 
0 0.11640625 0.1484375 0.0078125 0.015625 
0 0.11640625 0.1671875 0.0078125 0.015625 
0 0.14140625 0.1359375 0.0140625 0.00625 
0 0.1359375 0.19609375 0.00625 0.0140625 
0 0.15 0.19765625 0.009375 0.0140625 
0 0.178125 0.38515625 0.015625 0.0046875 
0 0.11953125 0.25859375 0.0046875 0.0171875 
0 0.08046875 0.246875 0.0171875 0.009375 
0 0.08125 0.25625 0.015625 0.00625 
0 0.1828125 0.29453125 0.015625 0.0078125 
0 0.184375 0.26484375 0.015625 0.0078125 
0 0.1828125 0.2578125 0.01875 0.00625 
0 0.1484375 0.2609375 0.00625 0.0125 
0 0.13359375 0.26015625 0.0078125 0.0171875 
0 0.1265625 0.25859375 0.00625 0.0140625 
0 0.11015625 0.2578125 0.0078125 0.015625 
0 0.159375 0.19609375 0.00625 0.0140625 
0 0.0828125 0.2765625 0.015625 0.00625 
0 0.153125 0.30703125 0.009375 0.0140625 
0 0.13125 0.30703125 0.009375 0.0171875 
0 0.1453125 0.30625 0.00625 0.015625 
0 0.109375 0.3046875 0.009375 0.01875 
0 0.1796875 0.33046875 0.015625 0.0078125 
0 0.18125 0.3578125 0.0125 0.00625 
0 0.17890625 0.3640625 0.0140625 0.00625 
0 0.08203125 0.23203125 0.0171875 0.0078125 
0 0.0828125 0.22109375 0.01875 0.0078125 
0 0.1203125 0.29453125 0.009375 0.0171875 
0 0.1109375 0.2390625 0.00625 0.0125 
0 0.18671875 0.19296875 0.0171875 0.0078125 
0 0.1875 0.2015625 0.015625 0.00625 
0 0.18515625 0.20859375 0.0171875 0.0046875 
0 0.18671875 0.215625 0.0203125 0.00625 
0 0.15625 0.2140625 0.00625 0.015625 
0 0.14921875 0.21171875 0.0046875 0.0171875 
0 0.14296875 0.21015625 0.0078125 0.0171875 
0 0.134375 0.2125 0.00625 0.01875 
0 0.1140625 0.21171875 0.009375 0.0171875 
0 0.18359375 0.2296875 0.0171875 0.00625 
0 0.18515625 0.2375 0.0203125 0.009375 
0 0.18359375 0.24453125 0.0171875 0.0078125 
0 0.14921875 0.2453125 0.0078125 0.015625 
0 0.13984375 0.2453125 0.0046875 0.015625 
0 0.13359375 0.24375 0.0078125 0.015625 
0 0.1265625 0.24375 0.00625 0.0125 
0 0.11875 0.24140625 0.00625 0.0140625 
0 0.090625 0.065625 0.01875 0.00625 
0 0.08984375 0.0734375 0.0171875 0.00625 
0 0.08984375 0.08203125 0.0171875 0.0078125 
0 0.15546875 0.0109375 0.0140625 0.00625 
0 0.15390625 0.0046875 0.0171875 0.009375 
0 0.165625 0.02421875 0.00625 0.0140625 
0 0.08984375 0.0890625 0.0140625 0.00625 
0 0.15703125 0.0234375 0.0078125 0.015625 
0 0.15 0.0234375 0.00625 0.015625 
0 0.14296875 0.02421875 0.0078125 0.0171875 
0 0.1375 0.02265625 0.009375 0.0171875 
0 0.13046875 0.021875 0.0078125 0.01875 
0 0.1234375 0.0203125 0.00625 0.015625 
0 0.11640625 0.02109375 0.0078125 0.0171875 
0 0.10625 0.02109375 0.00625 0.0171875 
0 0.12109375 0.053125 0.0078125 0.01875 
0 0.12734375 0.05546875 0.0078125 0.0140625 
0 0.1421875 0.05546875 0.00625 0.0140625 
0 0.1625 0.11953125 0.00625 0.0140625 
0 0.140625 0.11796875 0.00625 0.0109375 
0 0.1328125 0.1171875 0.00625 0.0125 
0 0.1265625 0.11796875 0.00625 0.0140625 
0 0.11796875 0.11640625 0.0078125 0.0140625 
0 0.19453125 0.06640625 0.0171875 0.0078125 
0 0.19453125 0.0609375 0.0171875 0.00625 
0 0.19375 0.053125 0.015625 0.00625 
0 0.19375 0.0453125 0.015625 0.00625 
0 0.1953125 0.03671875 0.01875 0.0078125 
0 0.1953125 0.03203125 0.015625 0.0046875 
0 0.1953125 0.025 0.015625 0.00625 
0 0.1953125 0.01796875 0.015625 0.0078125 
0 0.1953125 0.0109375 0.015625 0.00625 
0 0.0890625 0.09765625 0.015625 0.0078125 
0 0.1484375 0.1171875 0.00625 0.015625 
0 0.19375 0.075 0.015625 0.00625 
0 0.1484375 0.0546875 0.009375 0.015625 
0 0.1921875 0.08125 0.015625 0.00625 
0 0.15546875 0.05703125 0.0078125 0.0140625 
0 0.165625 0.05390625 0.00625 0.0171875 
0 0.1640625 0.0734375 0.00625 0.015625 
0 0.15625 0.07109375 0.00625 0.0140625 
0 0.14921875 0.0703125 0.0078125 0.015625 
0 0.14140625 0.0703125 0.0046875 0.015625 
0 0.134375 0.06953125 0.00625 0.0171875 
0 0.128125 0.0703125 0.00625 0.015625 
0 0.11953125 0.0703125 0.0078125 0.015625 
0 0.15703125 0.103125 0.0078125 0.015625 
0 0.16171875 0.1046875 0.0078125 0.015625 
0 0.13984375 0.103125 0.0078125 0.015625 
0 0.13515625 0.10234375 0.0046875 0.0140625 
0 0.1265625 0.103125 0.00625 0.015625 
0 0.11796875 0.10234375 0.0078125 0.0140625 
0 0.19140625 0.09453125 0.0140625 0.0046875 
0 0.19140625 0.08828125 0.0140625 0.0078125 
0 0.17890625 0.37265625 0.0140625 0.0078125 
0 0.17734375 0.39453125 0.0171875 0.0078125 
0 0.1484375 0.40078125 0.009375 0.0140625 
0 0.1296875 0.43515625 0.00625 0.0140625 
0 0.07734375 0.36171875 0.0140625 0.0078125 
0 0.0765625 0.37734375 0.015625 0.0078125 
0 0.07578125 0.3859375 0.0171875 0.00625 
0 0.0765625 0.39765625 0.015625 0.0078125 
0 0.0765625 0.40625 0.01875 0.00625 
0 0.0765625 0.41640625 0.015625 0.0078125 
0 0.14453125 0.434375 0.0109375 0.01875 
0 0.13671875 0.434375 0.0078125 0.015625 
0 0.1234375 0.43515625 0.00625 0.0140625 
0 0.11328125 0.43515625 0.0078125 0.0140625 
0 0.10625 0.4328125 0.009375 0.015625 
0 0.09921875 0.4328125 0.0046875 0.0125 
0 0.09140625 0.434375 0.0109375 0.01875 
0 0.446875 0.48125 0.015625 0.009375 
0 0.4484375 0.47109375 0.01875 0.0078125 
0 0.4484375 0.46328125 0.01875 0.0109375 
0 0.42734375 0.47109375 0.0078125 0.0203125 
0 0.07734375 0.353125 0.0171875 0.00625 
0 0.0765625 0.346875 0.01875 0.009375 
0 0.07890625 0.334375 0.0171875 0.00625 
0 0.11484375 0.33671875 0.0078125 0.0171875 
0 0.13984375 0.39921875 0.0078125 0.0140625 
0 0.1328125 0.4 0.00625 0.015625 
0 0.1265625 0.39921875 0.00625 0.0171875 
0 0.1203125 0.39765625 0.00625 0.0140625 
0 0.1125 0.39765625 0.00625 0.0140625 
0 0.10546875 0.39921875 0.0078125 0.0171875 
0 0.15 0.38515625 0.009375 0.0140625 
0 0.1421875 0.3828125 0.00625 0.015625 
0 0.1328125 0.38203125 0.00625 0.0140625 
0 0.12734375 0.38046875 0.0046875 0.0171875 
0 0.10546875 0.38125 0.0109375 0.015625 
0 0.14453125 0.3375 0.0109375 0.015625 
0 0.1515625 0.35390625 0.00625 0.0171875 
0 0.13828125 0.35390625 0.0078125 0.0171875 
0 0.11640625 0.3515625 0.0078125 0.015625 
0 0.10859375 0.35234375 0.0078125 0.0140625 
0 0.12265625 0.33671875 0.0078125 0.0140625 
0 0.41640625 0.55546875 0.0140625 0.0171875 
0 0.40234375 0.54140625 0.0171875 0.0171875 
0 0.4796875 0.61328125 0.00625 0.0171875 
0 0.02890625 0.0203125 0.0109375 0.01875 
0 0.47265625 0.61328125 0.0078125 0.0171875 
0 0.4640625 0.6109375 0.00625 0.015625 
0 0.471875 0.6625 0.01875 0.00625 
0 0.21015625 0.5109375 0.0078125 0.01875 
