0 0.71484375 0.21875 0.0203125 0.015625 
0 0.75390625 0.22421875 0.0171875 0.0140625 
0 0.74609375 0.20703125 0.0203125 0.0171875 
0 0.7671875 0.2453125 0.021875 0.01875 
0 0.8015625 0.26015625 0.021875 0.0234375 
0 0.825 0.28984375 0.021875 0.0171875 
0 0.85234375 0.28515625 0.0203125 0.0171875 
0 0.846875 0.296875 0.01875 0.015625 
0 0.834375 0.30859375 0.021875 0.0171875 
0 0.8828125 0.27109375 0.01875 0.0171875 
0 0.934375 0.26328125 0.01875 0.0171875 
0 0.9875 0.340625 0.021875 0.01875 
0 0.91640625 0.33515625 0.0203125 0.0171875 
0 0.9140625 0.34609375 0.021875 0.0171875 
0 0.93984375 0.3765625 0.0203125 0.015625 
0 0.99140625 0.415625 0.0171875 0.01875 
0 0.6984375 0.18203125 0.01875 0.0140625 
0 0.8390625 0.225 0.01875 0.015625 
0 0.84296875 0.20546875 0.0171875 0.0140625 
0 0.8046875 0.1890625 0.01875 0.015625 
0 0.2515625 0.0078125 0.01875 0.0125 
0 0.4328125 0.00703125 0.021875 0.0109375 
0 0.52734375 0.025 0.0203125 0.015625 
0 0.54296875 0.08671875 0.0171875 0.0171875 
0 0.33359375 0.1640625 0.0109375 0.01875 
0 0.24921875 0.66171875 0.0109375 0.0203125 
0 0.3421875 0.35625 0.00625 0.021875 
0 0.3203125 0.45859375 0.0125 0.0203125 
0 0.56953125 0.05625 0.0171875 0.015625 
0 0.56953125 0.07421875 0.0140625 0.0109375 
0 0.58046875 0.11640625 0.0171875 0.0140625 
0 0.60078125 0.10859375 0.0203125 0.0171875 
0 0.6125 0.090625 0.021875 0.01875 
0 0.63515625 0.121875 0.0171875 0.015625 
0 0.6609375 0.12890625 0.01875 0.0140625 
0 0.65234375 0.16015625 0.0234375 0.0171875 
0 0.653125 0.14765625 0.01875 0.0171875 
0 0.6625 0.178125 0.021875 0.01875 
0 0.71171875 0.1390625 0.0203125 0.01875 
1 0.53125 0.0546875 0.071875 0.059375 
1 0.9171875 0.28671875 0.046875 0.0390625 
0 0.16015625 0.93515625 0.0109375 0.0203125 
0 0.05859375 0.62734375 0.0140625 0.0078125 
