0 0.434375 0.91328125 0.009375 0.0171875 
0 0.44140625 0.95859375 0.0109375 0.0203125 
0 0.49453125 0.93984375 0.0140625 0.0171875 
0 0.4890625 0.9734375 0.01875 0.015625 
0 0.52109375 0.6421875 0.0109375 0.015625 
0 0.61484375 0.33671875 0.0078125 0.0171875 
0 0.6078125 0.14375 0.009375 0.01875 
0 0.81484375 0.06640625 0.0203125 0.0171875 
0 0.88515625 0.0703125 0.0171875 0.015625 
0 0.8734375 0.08828125 0.01875 0.0171875 
0 0.853125 0.096875 0.01875 0.015625 
0 0.90859375 0.1 0.0171875 0.015625 
0 0.934375 0.1078125 0.01875 0.015625 
0 0.9828125 0.1203125 0.015625 0.015625 
0 0.97109375 0.16171875 0.0171875 0.0140625 
0 0.98203125 0.18359375 0.0203125 0.0171875 
0 0.925 0.1390625 0.021875 0.01875 
0 0.93515625 0.15703125 0.0234375 0.0171875 
