0 0.74453125 0.615625 0.0203125 0.0125 
0 0.740625 0.62890625 0.015625 0.0109375 
0 0.76640625 0.65859375 0.0171875 0.0078125 
0 0.76484375 0.67265625 0.0171875 0.0078125 
0 0.76171875 0.6796875 0.0203125 0.009375 
0 0.7734375 0.634375 0.015625 0.009375 
0 0.79609375 0.4125 0.0078125 0.01875 
0 0.81328125 0.42109375 0.0203125 0.0109375 
0 0.81796875 0.40078125 0.0171875 0.0109375 
0 0.8203125 0.3921875 0.01875 0.009375 
0 0.82265625 0.38515625 0.0234375 0.0109375 
0 0.821875 0.375 0.021875 0.0125 
0 0.865625 0.215625 0.01875 0.009375 
0 0.87734375 0.1703125 0.0171875 0.009375 
0 0.9125 0.2125 0.0125 0.021875 
0 0.96484375 0.1890625 0.0203125 0.009375 
0 0.98984375 0.19453125 0.0203125 0.0109375 
0 0.83515625 0.1453125 0.0203125 0.009375 
0 0.83671875 0.1078125 0.0140625 0.00625 
0 0.8984375 0.0734375 0.021875 0.009375 
0 0.896875 0.08359375 0.015625 0.0078125 
