0 0.890625 0.76953125 0.015625 0.0046875 
0 0.8359375 0.8078125 0.01875 0.00625 
0 0.834375 0.83203125 0.01875 0.0046875 
0 0.9 0.70625 0.015625 0.009375 
0 0.89765625 0.73125 0.0171875 0.00625 
0 0.89453125 0.7390625 0.0140625 0.00625 
0 0.8953125 0.74765625 0.015625 0.0046875 
0 0.89453125 0.753125 0.0140625 0.00625 
0 0.89140625 0.76171875 0.0171875 0.0046875 
0 0.88203125 0.821875 0.0171875 0.00625 
0 0.8859375 0.8078125 0.015625 0.00625 
0 0.88125 0.83203125 0.015625 0.0078125 
0 0.88046875 0.84453125 0.0171875 0.0046875 
0 0.878125 0.853125 0.015625 0.00625 
0 0.87578125 0.86328125 0.0140625 0.0046875 
0 0.87421875 0.8703125 0.0140625 0.00625 
0 0.8515625 0.79453125 0.015625 0.0046875 
0 0.853125 0.78671875 0.015625 0.0046875 
0 0.8515625 0.7796875 0.01875 0.009375 
0 0.8546875 0.77109375 0.015625 0.0078125 
0 0.87578125 0.6421875 0.0171875 0.009375 
0 0.8734375 0.64765625 0.015625 0.0078125 
0 0.8734375 0.6546875 0.015625 0.00625 
0 0.871875 0.6640625 0.015625 0.009375 
0 0.871875 0.67421875 0.015625 0.0046875 
0 0.8546875 0.67734375 0.015625 0.0078125 
0 0.8671875 0.6953125 0.01875 0.00625 
0 0.865625 0.7046875 0.015625 0.00625 
0 0.86484375 0.7109375 0.0171875 0.00625 
0 0.86171875 0.71953125 0.0171875 0.0046875 
0 0.86328125 0.72578125 0.0171875 0.0078125 
0 0.86171875 0.73515625 0.0203125 0.0109375 
0 0.86015625 0.74140625 0.0203125 0.0109375 
0 0.8375 0.7859375 0.015625 0.009375 
0 0.8390625 0.76171875 0.015625 0.0046875 
0 0.85859375 0.753125 0.0171875 0.009375 
0 0.85390625 0.7640625 0.0140625 0.003125 
0 0.85625 0.66171875 0.0125 0.0078125 
0 0.85546875 0.64609375 0.0140625 0.0078125 
0 0.0984375 0.596875 0.015625 0.00625 
0 0.08359375 0.59453125 0.0140625 0.0078125 
0 0.1015625 0.58828125 0.015625 0.0078125 
0 0.1 0.56171875 0.015625 0.0109375 
0 0.1375 0.57578125 0.015625 0.0078125 
0 0.13515625 0.58359375 0.0171875 0.0078125 
0 0.1328125 0.5921875 0.01875 0.009375 
0 0.0703125 0.5359375 0.009375 0.015625 
0 0.0953125 0.521875 0.009375 0.015625 
0 0.096875 0.60390625 0.015625 0.0078125 
0 0.078125 0.60234375 0.015625 0.0109375 
0 0.078125 0.60859375 0.015625 0.0078125 
0 0.0953125 0.6125 0.015625 0.00625 
0 0.07421875 0.65546875 0.0171875 0.0078125 
0 0.11875 0.68515625 0.021875 0.0109375 
0 0.12265625 0.66875 0.0171875 0.009375 
0 0.1265625 0.65546875 0.01875 0.0078125 
0 0.07421875 0.64765625 0.0171875 0.0078125 
0 0.090625 0.64921875 0.015625 0.0078125 
0 0.08828125 0.65703125 0.0140625 0.0078125 
0 0.078125 0.640625 0.0125 0.00625 
0 0.0734375 0.63125 0.01875 0.009375 
0 0.09140625 0.63515625 0.0140625 0.0109375 
0 0.09296875 0.628125 0.0140625 0.009375 
0 0.07890625 0.625 0.0140625 0.009375 
0 0.078125 0.615625 0.015625 0.00625 
0 0.08125 0.421875 0.01875 0.009375 
0 0.090625 0.4125 0.01875 0.00625 
0 0.1515625 0.421875 0.015625 0.00625 
0 0.171875 0.4265625 0.015625 0.00625 
0 0.2046875 0.440625 0.01875 0.00625 
0 0.209375 0.46015625 0.01875 0.0078125 
0 0.271875 0.47109375 0.015625 0.0078125 
0 0.2828125 0.44296875 0.01875 0.0078125 
0 0.23203125 0.43515625 0.0171875 0.0078125 
0 0.8578125 0.6390625 0.015625 0.00625 
0 0.42734375 0.05078125 0.0109375 0.0203125 
0 0.46171875 0.04921875 0.0078125 0.0171875 
0 0.49453125 0.053125 0.0078125 0.015625 
0 0.50390625 0.05390625 0.0078125 0.0171875 
0 0.521875 0.05625 0.009375 0.01875 
0 0.821875 0.6578125 0.015625 0.009375 
0 0.8171875 0.6734375 0.01875 0.009375 
0 0.815625 0.68046875 0.01875 0.0078125 
0 0.8140625 0.6875 0.015625 0.00625 
0 0.81484375 0.6953125 0.0171875 0.00625 
0 0.81484375 0.70390625 0.0140625 0.0046875 
0 0.81328125 0.7109375 0.0171875 0.00625 
0 0.81171875 0.71953125 0.0171875 0.0078125 
0 0.81015625 0.73515625 0.0171875 0.0078125 
0 0.8109375 0.7421875 0.015625 0.00625 
0 0.81015625 0.7484375 0.0171875 0.00625 
0 0.8078125 0.75703125 0.015625 0.0046875 
0 0.80390625 0.78828125 0.0171875 0.0078125 
0 0.79765625 0.8015625 0.0171875 0.00625 
0 0.79765625 0.8109375 0.0171875 0.009375 
0 0.796875 0.81875 0.01875 0.009375 
0 0.7953125 0.84921875 0.01875 0.0078125 
0 0.7921875 0.85703125 0.01875 0.0078125 
0 0.81953125 0.66484375 0.0171875 0.0078125 
0 0.82265625 0.65078125 0.0171875 0.0078125 
0 0.82421875 0.6421875 0.0140625 0.00625 
0 0.76796875 0.6890625 0.0078125 0.01875 
0 0.775 0.63203125 0.00625 0.0171875 
0 0.7609375 0.73359375 0.009375 0.0203125 
0 0.7515625 0.796875 0.009375 0.01875 
0 0.825 0.6265625 0.015625 0.00625 
0 0.82578125 0.6359375 0.0140625 0.00625 
0 0.053125 0.17578125 0.015625 0.0046875 
0 0.046875 0.20625 0.01875 0.00625 
0 0.0453125 0.21328125 0.01875 0.0078125 
0 0.0453125 0.22109375 0.015625 0.0078125 
0 0.04375 0.22734375 0.015625 0.0046875 
0 0.040625 0.23671875 0.01875 0.0109375 
0 0.03828125 0.24375 0.0203125 0.009375 
0 0.03671875 0.25234375 0.0203125 0.0078125 
0 0.0359375 0.2578125 0.01875 0.00625 
0 0.03359375 0.26640625 0.0203125 0.0109375 
0 0.37265625 0.4578125 0.0171875 0.00625 
0 0.2984375 0.5421875 0.009375 0.015625 
0 0.29609375 0.559375 0.0078125 0.01875 
0 0.29375 0.57578125 0.00625 0.0140625 
0 0.06171875 0.584375 0.0078125 0.015625 
0 0.06328125 0.56875 0.0078125 0.0125 
0 0.06640625 0.5546875 0.0078125 0.01875 
0 0.28671875 0.6234375 0.0078125 0.015625 
0 0.05078125 0.18359375 0.0171875 0.0078125 
0 0.05546875 0.1609375 0.0171875 0.009375 
0 0.24140625 0.6921875 0.0078125 0.015625 
0 0.0625 0.1375 0.015625 0.00625 
0 0.0734375 0.09296875 0.015625 0.0078125 
0 0.06953125 0.109375 0.0140625 0.00625 
0 0.284375 0.64453125 0.009375 0.0171875 
0 0.24921875 0.68984375 0.0078125 0.0140625 
0 0.23203125 0.9875 0.0078125 0.015625 
0 0.52734375 0.98671875 0.0171875 0.0078125 
0 0.50703125 0.93828125 0.0109375 0.0171875 
0 0.23515625 0.97265625 0.0109375 0.0171875 
0 0.275 0.68984375 0.009375 0.0140625 
0 0.215625 0.953125 0.015625 0.00625 
0 0.25546875 0.71015625 0.0078125 0.0203125 
0 0.2296875 0.74609375 0.00625 0.0171875 
0 0.2390625 0.7890625 0.009375 0.01875 
0 0.29296875 0.75390625 0.0109375 0.0171875 
0 0.55078125 0.64296875 0.0078125 0.0171875 
0 0.528125 0.65625 0.01875 0.009375 
0 0.53046875 0.6734375 0.0078125 0.015625 
0 0.5421875 0.70234375 0.009375 0.0203125 
0 0.51796875 0.7546875 0.0078125 0.015625 
0 0.5171875 0.76875 0.009375 0.015625 
0 0.53359375 0.759375 0.0078125 0.015625 
0 0.5015625 0.8234375 0.00625 0.01875 
0 0.503125 0.859375 0.00625 0.015625 
0 0.25390625 0.85078125 0.0078125 0.0171875 
0 0.24609375 0.90859375 0.0078125 0.0171875 
0 0.2203125 0.9296875 0.015625 0.009375 
0 0.2203125 0.9375 0.0125 0.00625 
