1 0.225 0.34609375 0.015625 0.0453125 
1 0.21328125 0.34375 0.0140625 0.05 
1 0.19921875 0.34609375 0.0171875 0.0546875 
1 0.3328125 0.49921875 0.046875 0.0109375 
1 0.86796875 0.2109375 0.0546875 0.015625 
0 0.17265625 0.6203125 0.0078125 0.0125 
0 0.18203125 0.6203125 0.0078125 0.015625 
0 0.19140625 0.62265625 0.0078125 0.0171875 
0 0.0484375 0.6375 0.0125 0.01875 
0 0.17890625 0.46640625 0.0078125 0.0171875 
0 0.21640625 0.49609375 0.0171875 0.0078125 
0 0.2609375 0.4328125 0.01875 0.009375 
0 0.20625 0.51875 0.015625 0.015625 
0 0.3359375 0.6203125 0.015625 0.015625 
0 0.00546875 0.63125 0.0078125 0.015625 
0 0.0125 0.6328125 0.0125 0.015625 
0 0.0578125 0.63828125 0.0125 0.0171875 
0 0.07109375 0.5390625 0.0109375 0.01875 
0 0.0625 0.5390625 0.009375 0.015625 
0 0.05234375 0.5390625 0.0078125 0.015625 
0 0.0453125 0.5359375 0.00625 0.015625 
0 0.00625 0.528125 0.009375 0.015625 
0 0.015625 0.53046875 0.009375 0.0140625 
0 0.02578125 0.53125 0.0109375 0.01875 
0 0.03515625 0.534375 0.0109375 0.015625 
