0 0.98046875 0.74765625 0.0140625 0.0140625 
0 0.60625 0.88984375 0.015625 0.0140625 
0 0.60234375 0.88046875 0.0171875 0.0140625 
0 0.596875 0.875 0.015625 0.0125 
0 0.5921875 0.8671875 0.015625 0.0125 
0 0.5859375 0.8625 0.015625 0.0125 
0 0.58125 0.85546875 0.0125 0.0140625 
0 0.78828125 0.9765625 0.0140625 0.015625 
0 0.78046875 0.98203125 0.0140625 0.0140625 
0 0.77421875 0.9859375 0.0171875 0.01875 
0 0.7671875 0.990625 0.015625 0.015625 
0 0.7609375 0.99375 0.0125 0.0125 
0 0.75390625 0.9953125 0.0140625 0.009375 
0 0.609375 0.94453125 0.015625 0.0171875 
0 0.7359375 0.9171875 0.015625 0.015625 
0 0.72890625 0.9234375 0.0140625 0.01875 
0 0.60390625 0.909375 0.0171875 0.01875 
0 0.59765625 0.91328125 0.0140625 0.0171875 
0 0.590625 0.91875 0.015625 0.015625 
0 0.584375 0.921875 0.0125 0.015625 
0 0.46953125 0.99296875 0.0140625 0.0140625 
0 0.48828125 0.98359375 0.0203125 0.0140625 
0 0.49765625 0.97890625 0.0140625 0.0171875 
0 0.503125 0.971875 0.0125 0.015625 
0 0.51328125 0.96953125 0.0140625 0.0171875 
0 0.52109375 0.96640625 0.0171875 0.0171875 
0 0.5265625 0.96171875 0.0125 0.0171875 
0 0.53125 0.959375 0.015625 0.01875 
0 0.53984375 0.9546875 0.0140625 0.01875 
0 0.5375 0.93046875 0.0125 0.0140625 
0 0.54609375 0.95 0.0140625 0.015625 
0 0.55234375 0.94453125 0.0140625 0.0171875 
0 0.559375 0.94140625 0.0125 0.0171875 
0 0.56640625 0.93515625 0.0140625 0.0171875 
0 0.57734375 0.9265625 0.0140625 0.015625 
