0 0.38984375 0.85390625 0.0078125 0.0140625 
0 0.4328125 0.89140625 0.009375 0.0171875 
0 0.63515625 0.953125 0.0109375 0.01875 
0 0.05859375 0.8765625 0.0109375 0.015625 
0 0.05 0.8734375 0.009375 0.015625 
0 0.20703125 0.8046875 0.0078125 0.01875 
0 0.21484375 0.75390625 0.0109375 0.0203125 
0 0.48828125 0.04140625 0.0171875 0.0078125 
0 0.48359375 0.05 0.0171875 0.0125 
0 0.1 0.325 0.01875 0.0125 
0 0.125 0.3234375 0.01875 0.0125 
0 0.43515625 0.5921875 0.0078125 0.01875 
0 0.44140625 0.6765625 0.0078125 0.021875 
0 0.221875 0.71171875 0.00625 0.0171875 
0 0.21953125 0.728125 0.0078125 0.015625 
0 0.85703125 0.15 0.0109375 0.01875 
0 0.93671875 0.06015625 0.0171875 0.0140625 
0 0.903125 0.10703125 0.01875 0.0109375 
0 0.90234375 0.1171875 0.0171875 0.00625 
0 0.9 0.1265625 0.015625 0.009375 
0 0.896875 0.13515625 0.015625 0.0109375 
0 0.8671875 0.20703125 0.0125 0.0203125 
0 0.88046875 0.27578125 0.0203125 0.0078125 
0 0.87890625 0.2859375 0.0171875 0.009375 
0 0.8765625 0.29375 0.015625 0.009375 
0 0.87421875 0.3046875 0.0171875 0.009375 
0 0.87421875 0.31171875 0.0171875 0.0078125 
0 0.871875 0.31953125 0.01875 0.0078125 
0 0.871875 0.328125 0.01875 0.009375 
0 0.8703125 0.334375 0.015625 0.009375 
0 0.86875 0.34140625 0.01875 0.0078125 
0 0.86796875 0.35 0.0203125 0.009375 
0 0.86640625 0.35859375 0.0171875 0.0109375 
0 0.8640625 0.3671875 0.01875 0.009375 
0 0.96171875 0.51953125 0.0109375 0.0203125 
1 0.5609375 0.13203125 0.015625 0.0515625 
