0 0.0875 0.22265625 0.0625 0.0484375 
0 0.58828125 0.30078125 0.0703125 0.0515625 
0 0.6015625 0.21875 0.053125 0.034375 
0 0.503125 0.48203125 0.059375 0.0453125 
0 0.52890625 0.4234375 0.0609375 0.046875 
0 0.27109375 0.35078125 0.0671875 0.0515625 
0 0.4859375 0.5453125 0.06875 0.05 
0 0.40390625 0.59921875 0.0453125 0.0640625 
0 0.3703125 0.5890625 0.04375 0.0625 
0 0.25234375 0.7765625 0.0703125 0.05 
0 0.3421875 0.575 0.05 0.06875 
0 0.315625 0.40546875 0.065625 0.0515625 
0 0.31015625 0.56640625 0.0421875 0.0546875 
0 0.2859375 0.54921875 0.05625 0.0734375 
0 0.25234375 0.5390625 0.0453125 0.06875 
0 0.22421875 0.52109375 0.0546875 0.0734375 
0 0.16171875 0.49453125 0.0453125 0.0609375 
0 0.10234375 0.46015625 0.0484375 0.0671875 
0 0.25390625 0.3828125 0.0578125 0.046875 
0 0.07265625 0.25546875 0.0640625 0.0546875 
0 0.05078125 0.31484375 0.0640625 0.0515625 
0 0.03828125 0.346875 0.0640625 0.05 
0 0.0265625 0.375 0.05 0.046875 
0 0.071875 0.45078125 0.046875 0.0640625 
0 0.02109375 0.62578125 0.0390625 0.0515625 
0 0.071875 0.653125 0.0625 0.046875 
1 0.36328125 0.01875 0.0828125 0.034375 
1 0.29921875 0.2921875 0.0890625 0.065625 
1 0.359375 0.17421875 0.096875 0.0640625 
0 0.01796875 0.12265625 0.0328125 0.0515625 
0 0.02734375 0.0921875 0.0515625 0.05 
0 0.02890625 0.0546875 0.0546875 0.05 
1 0.3453125 0.24296875 0.103125 0.0703125 
