1 0.090625 0.11640625 0.11875 0.0703125 
1 0.13359375 0.03515625 0.0609375 0.0671875 
1 0.66328125 0.81171875 0.1390625 0.0984375 
0 0.98828125 0.76484375 0.0234375 0.0609375 
0 0.95625 0.784375 0.03125 0.0625 
0 0.31328125 0.7203125 0.0578125 0.034375 
0 0.06640625 0.6703125 0.0578125 0.071875 
0 0.05390625 0.50859375 0.0484375 0.0640625 
0 0.03203125 0.60078125 0.0546875 0.0671875 
0 0.02109375 0.56640625 0.0390625 0.0640625 
0 0.15078125 0.659375 0.0546875 0.071875 
0 0.12578125 0.63515625 0.0546875 0.0703125 
0 0.10703125 0.6078125 0.0546875 0.06875 
0 0.08828125 0.57265625 0.0546875 0.0671875 
0 0.07109375 0.54296875 0.0484375 0.0640625 
0 0.03125 0.47890625 0.046875 0.0546875 
0 0.01484375 0.53203125 0.0265625 0.0640625 
0 0.00625 0.503125 0.009375 0.065625 
0 0.02421875 0.44140625 0.0453125 0.0671875 
0 0.0125 0.41171875 0.021875 0.0640625 
0 0.07890625 0.2828125 0.0609375 0.025 
0 0.2078125 0.50703125 0.0625 0.0328125 
0 0.11875 0.4625 0.059375 0.0625 
0 0.171875 0.44296875 0.059375 0.0234375 
0 0.15 0.409375 0.059375 0.028125 
0 0.13125 0.37890625 0.0625 0.0265625 
0 0.1109375 0.34765625 0.059375 0.0265625 
0 0.090625 0.31171875 0.06875 0.0359375 
0 0.06328125 0.246875 0.0640625 0.03125 
0 0.00625 0.371875 0.009375 0.05625 
0 0.38359375 0.18359375 0.0578125 0.0609375 
0 0.74453125 0.89296875 0.0296875 0.0640625 
0 0.77734375 0.8734375 0.0296875 0.059375 
0 0.8109375 0.86015625 0.028125 0.0515625 
0 0.8484375 0.84296875 0.034375 0.0671875 
0 0.88359375 0.8234375 0.0328125 0.065625 
0 0.91875 0.80078125 0.028125 0.0640625 
0 0.2625 0.6171875 0.0625 0.03125 
0 0.303125 0.684375 0.05625 0.025 
0 0.70703125 0.9140625 0.0296875 0.0625 
0 0.67109375 0.93359375 0.0296875 0.0609375 
0 0.20078125 0.9140625 0.0671875 0.05625 
0 0.196875 0.88046875 0.059375 0.0453125 
0 0.1765625 0.853125 0.06875 0.05625 
0 0.23671875 0.79609375 0.0546875 0.0484375 
0 0.05 0.640625 0.05625 0.06875 
0 0.01484375 0.8359375 0.0265625 0.025 
0 0.00703125 0.803125 0.0109375 0.028125 
