0 0.97109375 0.70859375 0.0484375 0.0640625 
0 0.94921875 0.73203125 0.0515625 0.0578125 
0 0.75625 0.99140625 0.065625 0.0171875 
0 0.59375 0.6203125 0.05625 0.040625 
0 0.584375 0.64609375 0.065625 0.0515625 
0 0.76953125 0.62109375 0.0640625 0.0515625 
0 0.87890625 0.7484375 0.0578125 0.05 
0 0.87109375 0.828125 0.0640625 0.05 
0 0.86328125 0.784375 0.0640625 0.046875 
0 0.7078125 0.7578125 0.06875 0.046875 
0 0.6078125 0.5875 0.0625 0.05 
0 0.66796875 0.4921875 0.0546875 0.0625 
0 0.63125 0.52734375 0.05625 0.0484375 
0 0.82734375 0.57734375 0.0609375 0.0640625 
0 0.98515625 0.43671875 0.0296875 0.0640625 
0 0.97421875 0.46015625 0.0515625 0.0578125 
0 0.9828125 0.534375 0.034375 0.0625 
0 0.9109375 0.2859375 0.05625 0.059375 
0 0.88203125 0.3015625 0.0484375 0.053125 
0 0.84375 0.34296875 0.053125 0.0609375 
0 0.81328125 0.3625 0.0515625 0.059375 
0 0.7640625 0.40234375 0.053125 0.0546875 
0 0.7421875 0.428125 0.053125 0.059375 
0 0.87109375 0.53515625 0.0515625 0.0546875 
0 0.85 0.55859375 0.05625 0.0609375 
0 0.71484375 0.45234375 0.0578125 0.0609375 
0 0.6921875 0.47265625 0.05625 0.0609375 
0 0.73828125 0.73125 0.0609375 0.05 
0 0.640625 0.9296875 0.078125 0.053125 
0 0.571875 0.68046875 0.071875 0.0546875 
