1 0.9734375 0.03515625 0.053125 0.0671875 
0 0.31640625 0.26640625 0.0484375 0.0640625 
0 0.42890625 0.40546875 0.0515625 0.0671875 
0 0.371875 0.440625 0.053125 0.06875 
0 0.31171875 0.46640625 0.0453125 0.0546875 
0 0.28046875 0.48671875 0.0453125 0.0609375 
0 0.2015625 0.33359375 0.046875 0.0609375 
0 0.2296875 0.31328125 0.04375 0.0640625 
0 0.28828125 0.2875 0.0421875 0.059375 
0 0.37890625 0.23984375 0.0515625 0.0703125 
0 0.48671875 0.3765625 0.0484375 0.065625 
0 0.4046875 0.221875 0.040625 0.059375 
0 0.63125 0.30234375 0.05 0.0671875 
0 0.7875 0.43671875 0.059375 0.0671875 
0 0.77421875 0.4015625 0.0515625 0.059375 
0 0.73671875 0.3421875 0.0515625 0.0625 
0 0.715625 0.31484375 0.059375 0.0703125 
0 0.70390625 0.27109375 0.0484375 0.0546875 
0 0.4546875 0.390625 0.05 0.06875 
0 0.6046875 0.37265625 0.05625 0.0296875 
0 0.91015625 0.6703125 0.0578125 0.071875 
0 0.89765625 0.50859375 0.0484375 0.0640625 
0 0.87578125 0.60078125 0.0546875 0.0671875 
0 0.86015625 0.56640625 0.0484375 0.0640625 
0 0.98359375 0.659375 0.0328125 0.071875 
0 0.96953125 0.63515625 0.0546875 0.0703125 
0 0.95078125 0.6078125 0.0546875 0.06875 
0 0.93203125 0.57265625 0.0546875 0.0671875 
0 0.91484375 0.54296875 0.0484375 0.0640625 
0 0.6953125 0.5640625 0.065625 0.028125 
0 0.62421875 0.44140625 0.0671875 0.0296875 
0 0.68203125 0.53203125 0.0609375 0.0296875 
0 0.665625 0.50078125 0.059375 0.0265625 
0 0.875 0.47890625 0.046875 0.0546875 
0 0.84375 0.53203125 0.05625 0.0640625 
0 0.825 0.503125 0.059375 0.065625 
0 0.8046875 0.4703125 0.05625 0.0625 
0 0.64140625 0.47109375 0.0546875 0.0265625 
0 0.67265625 0.25234375 0.0578125 0.0703125 
0 0.8640625 0.44140625 0.053125 0.0671875 
0 0.84296875 0.41171875 0.0484375 0.0640625 
0 0.92265625 0.2828125 0.0609375 0.025 
0 0.9625 0.4625 0.059375 0.0625 
0 0.99296875 0.44296875 0.0140625 0.0234375 
0 0.98203125 0.409375 0.0359375 0.028125 
0 0.971875 0.37890625 0.05625 0.0265625 
0 0.9546875 0.34765625 0.059375 0.0265625 
0 0.934375 0.31171875 0.06875 0.0359375 
0 0.90703125 0.246875 0.0640625 0.03125 
0 0.83203125 0.371875 0.0453125 0.05625 
0 0.8078125 0.35234375 0.046875 0.0546875 
0 0.78984375 0.3203125 0.0453125 0.053125 
0 0.77578125 0.27578125 0.0484375 0.0640625 
0 0.7546875 0.25 0.05 0.059375 
0 0.734375 0.21953125 0.046875 0.0609375 
0 0.5015625 0.23828125 0.065625 0.0390625 
0 0.4875 0.20234375 0.065625 0.0359375 
0 0.48515625 0.16875 0.0609375 0.034375 
0 0.575 0.1328125 0.04375 0.0625 
0 0.6046875 0.11640625 0.046875 0.0640625 
0 0.63203125 0.09375 0.0453125 0.0625 
0 0.99296875 0.853125 0.0140625 0.05625 
0 0.89375 0.640625 0.05625 0.06875 
0 0.72734375 0.62265625 0.0640625 0.0265625 
0 0.7390625 0.65390625 0.059375 0.0265625 
0 0.84609375 0.8359375 0.0515625 0.025 
0 0.82578125 0.803125 0.0609375 0.028125 
0 0.80390625 0.77265625 0.0546875 0.0265625 
0 0.78671875 0.7421875 0.0546875 0.025 
0 0.7765625 0.7125 0.05625 0.025 
0 0.7625 0.684375 0.0625 0.025 
