0 0.7578125 0.6234375 0.059375 0.05 
0 0.91953125 0.5703125 0.0671875 0.040625 
0 0.71015625 0.8859375 0.0703125 0.05625 
0 0.17265625 0.95546875 0.0265625 0.0671875 
1 0.20234375 0.81171875 0.1390625 0.0984375 
0 0.6 0.73203125 0.025 0.0640625 
0 0.565625 0.7515625 0.03125 0.0625 
0 0.53125 0.76484375 0.03125 0.0609375 
0 0.4953125 0.784375 0.03125 0.0625 
0 0.28359375 0.89296875 0.0296875 0.0640625 
0 0.31640625 0.8734375 0.0296875 0.059375 
0 0.35 0.86015625 0.028125 0.0515625 
0 0.3875 0.84296875 0.034375 0.0671875 
0 0.42265625 0.8234375 0.0328125 0.065625 
0 0.4578125 0.80078125 0.028125 0.0640625 
0 0.24609375 0.9140625 0.0296875 0.0625 
0 0.21015625 0.93359375 0.0296875 0.0609375 
