1 0.05859375 0.340625 0.0265625 0.0375 
0 0.34609375 0.36640625 0.0265625 0.0234375 
0 0.0703125 0.34765625 0.01875 0.0296875 
0 0.04375 0.33359375 0.025 0.0296875 
0 0.0859375 0.3609375 0.021875 0.03125 
0 0.10078125 0.3640625 0.0203125 0.03125 
0 0.11484375 0.37265625 0.0171875 0.0296875 
0 0.0140625 0.203125 0.025 0.028125 
0 0.24296875 0.35703125 0.0328125 0.0265625 
0 0.26953125 0.3734375 0.0296875 0.025 
0 0.3203125 0.39765625 0.034375 0.0234375 
0 0.359375 0.4203125 0.028125 0.025 
0 0.32421875 0.35546875 0.0328125 0.0234375 
0 0.12265625 0.2203125 0.0296875 0.021875 
0 0.36640625 0.34609375 0.0171875 0.0328125 
0 0.2296875 0.14296875 0.03125 0.0203125 
0 0.19765625 0.21328125 0.0296875 0.0234375 
0 0.3703125 0.378125 0.028125 0.021875 
0 0.2703125 0.3265625 0.03125 0.025 
0 0.33671875 0.33671875 0.0234375 0.0328125 
0 0.4515625 0.4171875 0.034375 0.021875 
0 0.41640625 0.36953125 0.0203125 0.0296875 
0 0.55703125 0.1390625 0.0265625 0.01875 
0 0.92578125 0.31796875 0.0328125 0.0234375 
0 0.9515625 0.290625 0.03125 0.025 
0 0.81796875 0.46171875 0.0234375 0.0296875 
0 0.871875 0.3578125 0.021875 0.03125 
0 0.8296875 0.4359375 0.021875 0.028125 
0 0.79609375 0.50390625 0.0203125 0.0265625 
0 0.784375 0.53046875 0.01875 0.0296875 
0 0.8125 0.59296875 0.03125 0.0265625 
0 0.8046875 0.60703125 0.03125 0.0265625 
0 0.9546875 0.66640625 0.03125 0.0265625 
0 0.88515625 0.63046875 0.0234375 0.0140625 
0 0.9109375 0.64453125 0.025 0.0203125 
0 0.70234375 0.58828125 0.0296875 0.0234375 
0 0.21171875 0.3453125 0.0265625 0.021875 
0 0.3078125 0.24453125 0.021875 0.0328125 
0 0.3484375 0.15 0.034375 0.028125 
0 0.2203125 0.3046875 0.03125 0.025 
0 0.471875 0.475 0.025 0.021875 
0 0.521875 0.49765625 0.034375 0.0265625 
0 0.5796875 0.5265625 0.028125 0.021875 
0 0.28515625 0.23671875 0.0203125 0.0359375 
0 0.29609375 0.34140625 0.0296875 0.0234375 
0 0.4578125 0.35078125 0.0125 0.0265625 
0 0.0359375 0.21953125 0.028125 0.0203125 
0 0.39375 0.4359375 0.028125 0.021875 
0 0.553125 0.46640625 0.034375 0.0234375 
0 0.57734375 0.47734375 0.0296875 0.0234375 
0 0.671875 0.46796875 0.021875 0.0296875 
0 0.5734375 0.203125 0.01875 0.028125 
0 0.35390625 0.340625 0.0234375 0.03125 
0 0.325 0.32890625 0.021875 0.0328125 
0 0.37890625 0.275 0.0234375 0.034375 
0 0.13359375 0.209375 0.0265625 0.021875 
0 0.1625 0.14609375 0.028125 0.0234375 
0 0.29453125 0.121875 0.0328125 0.025 
0 0.56484375 0.09296875 0.0359375 0.0234375 
0 0.571875 0.1078125 0.028125 0.015625 
0 0.60234375 0.140625 0.0234375 0.03125 
0 0.59375 0.15625 0.021875 0.028125 
0 0.76015625 0.29453125 0.0203125 0.0296875 
0 0.27265625 0.165625 0.0171875 0.028125 
0 0.28515625 0.1734375 0.0203125 0.03125 
0 0.30703125 0.18203125 0.0171875 0.0265625 
0 0.20546875 0.2671875 0.0234375 0.03125 
0 0.2296875 0.27734375 0.025 0.0328125 
0 0.2796875 0.3046875 0.025 0.034375 
0 0.23203125 0.03828125 0.0203125 0.0296875 
