0 0.78828125 0.0453125 0.0265625 0.021875 
0 0.78125 0.05859375 0.028125 0.0234375 
0 0.81171875 0.01328125 0.0296875 0.0234375 
0 0.83125 0.16015625 0.028125 0.0203125 
0 0.8203125 0.00625 0.028125 0.009375 
0 0.80625 0.15078125 0.028125 0.0171875 
0 0.6375 0.0984375 0.025 0.015625 
0 0.7 0.1203125 0.028125 0.01875 
0 0.73046875 0.12890625 0.0296875 0.0203125 
0 0.609375 0.1609375 0.028125 0.021875 
0 0.86015625 0.16796875 0.0234375 0.0203125 
0 0.91171875 0.01171875 0.0296875 0.0234375 
0 0.88984375 0.17734375 0.0265625 0.0203125 
0 0.940625 0.1921875 0.03125 0.021875 
0 0.971875 0.2 0.025 0.01875 
0 0.99140625 0.2125 0.0171875 0.01875 
0 0.85078125 0.10859375 0.0203125 0.0265625 
0 0.871875 0.11171875 0.021875 0.0296875 
0 0.909375 0.11953125 0.021875 0.0328125 
0 0.9765625 0.2703125 0.03125 0.01875 
0 0.92578125 0.25234375 0.0234375 0.0203125 
0 0.89296875 0.24296875 0.0328125 0.0234375 
1 0.3953125 0.40546875 0.021875 0.0359375 
1 0.24765625 0.54296875 0.0234375 0.0390625 
1 0.66484375 0.17734375 0.0640625 0.0296875 
1 0.57890625 0.0984375 0.0421875 0.025 
0 0.3859375 0.4375 0.021875 0.028125 
0 0.06796875 0.7578125 0.0234375 0.021875 
0 0.0578125 0.6796875 0.01875 0.025 
0 0.1921875 0.68515625 0.01875 0.0296875 
0 0.29609375 0.75078125 0.0171875 0.0265625 
0 0.3140625 0.6828125 0.021875 0.028125 
0 0.325 0.653125 0.01875 0.025 
0 0.33359375 0.62109375 0.0203125 0.0296875 
0 0.33984375 0.5859375 0.0203125 0.028125 
0 0.3765625 0.465625 0.015625 0.025 
0 0.403125 0.3703125 0.021875 0.034375 
0 0.41171875 0.33828125 0.0203125 0.0265625 
0 0.43125 0.27421875 0.021875 0.0296875 
0 0.4375 0.24609375 0.01875 0.0265625 
0 0.4453125 0.21875 0.021875 0.028125 
0 0.3671875 0.2234375 0.021875 0.028125 
0 0.42109375 0.30078125 0.0171875 0.0265625 
0 0.7421875 0.1984375 0.03125 0.021875 
0 0.78046875 0.20859375 0.0328125 0.0234375 
0 0.80703125 0.21875 0.0296875 0.025 
0 0.83828125 0.2234375 0.0328125 0.01875 
0 0.39609375 0.13359375 0.0171875 0.0265625 
0 0.5375 0.13984375 0.028125 0.0234375 
0 0.08671875 0.99296875 0.0234375 0.0140625 
