0 0.628125 0.15859375 0.021875 0.0328125 
0 0.7359375 0.01171875 0.025 0.0203125 
0 0.71015625 0.00625 0.0265625 0.009375 
0 0.696875 0.0203125 0.025 0.028125 
0 0.1265625 0.10078125 0.034375 0.0234375 
0 0.13203125 0.0828125 0.0328125 0.025 
0 0.68203125 0.05 0.0265625 0.028125 
0 0.6671875 0.0796875 0.021875 0.03125 
0 0.64140625 0.12578125 0.0203125 0.0265625 
0 0.64609375 0.18515625 0.0203125 0.0265625 
0 0.1 0.16484375 0.025 0.0328125 
0 0.05859375 0.040625 0.0390625 0.025 
0 0.12109375 0.1125 0.0296875 0.025 
0 0.6625 0.15390625 0.01875 0.0296875 
0 0.8515625 0.009375 0.034375 0.015625 
0 0.9953125 0.5125 0.009375 0.021875 
0 0.98203125 0.07109375 0.0359375 0.0234375 
0 0.9859375 0.33671875 0.021875 0.0296875 
0 0.97421875 0.0296875 0.0296875 0.025 
0 0.98828125 0.55 0.0234375 0.028125 
0 0.94921875 0.6203125 0.0328125 0.028125 
0 0.984375 0.56328125 0.03125 0.0265625 
0 0.090625 0.15703125 0.021875 0.0296875 
0 0.07890625 0.18984375 0.0234375 0.0234375 
0 0.0765625 0.20546875 0.03125 0.0234375 
