1 0.1359375 0.7328125 0.021875 0.04375 
1 0.11875 0.7078125 0.021875 0.040625 
1 0.153125 0.8109375 0.021875 0.04375 
1 0.15703125 0.79140625 0.0203125 0.0328125 
1 0.07265625 0.5796875 0.0203125 0.0375 
1 0.04453125 0.4796875 0.0203125 0.034375 
1 0.17421875 0.83671875 0.0203125 0.0359375 
1 0.19765625 0.87734375 0.0265625 0.0328125 
1 0.5609375 0.8828125 0.03125 0.01875 
1 0.5625 0.890625 0.03125 0.01875 
1 0.60078125 0.97890625 0.0296875 0.0171875 
1 0.60546875 0.98828125 0.0328125 0.0203125 
1 0.51796875 0.87109375 0.0203125 0.0359375 
1 0.54140625 0.8625 0.0203125 0.034375 
1 0.61015625 0.884375 0.0203125 0.0375 
1 0.43984375 0.98828125 0.0203125 0.0234375 
1 0.45078125 0.98828125 0.0171875 0.0234375 
1 0.46953125 0.98046875 0.0171875 0.0296875 
1 0.478125 0.971875 0.01875 0.03125 
1 0.490625 0.9 0.034375 0.01875 
1 0.49375 0.91015625 0.034375 0.0203125 
1 0.47421875 0.81328125 0.0328125 0.0203125 
1 0.57890625 0.7703125 0.0328125 0.01875 
