0 0.90078125 0.540625 0.0203125 0.034375 
0 0.91640625 0.4828125 0.0203125 0.03125 
0 0.68125 0.29765625 0.03125 0.0296875 
0 0.80078125 0.25078125 0.0296875 0.0265625 
0 0.95 0.14609375 0.015625 0.0328125 
0 0.90546875 0.159375 0.0140625 0.028125 
0 0.9515625 0.19609375 0.03125 0.0265625 
0 0.9390625 0.2046875 0.03125 0.028125 
0 0.87890625 0.2234375 0.0296875 0.025 
0 0.853125 0.2375 0.025 0.028125 
0 0.64765625 0.30625 0.0296875 0.025 
0 0.6671875 0.30546875 0.028125 0.0296875 
0 0.45078125 0.43125 0.0265625 0.034375 
0 0.71328125 0.28828125 0.0328125 0.0265625 
0 0.78515625 0.25859375 0.0328125 0.0296875 
0 0.7703125 0.2625 0.03125 0.028125 
0 0.74140625 0.2796875 0.0296875 0.028125 
0 0.696875 0.29375 0.03125 0.028125 
0 0.96484375 0.140625 0.0140625 0.025 
0 0.95625 0.115625 0.015625 0.03125 
0 0.9375 0.12265625 0.01875 0.0328125 
0 0.57890625 0.2140625 0.0296875 0.028125 
0 0.40546875 0.2703125 0.0296875 0.034375 
0 0.3078125 0.1390625 0.025 0.028125 
0 0.51484375 0.459375 0.0234375 0.034375 
0 0.59765625 0.49140625 0.0234375 0.0296875 
0 0.621875 0.3640625 0.03125 0.021875 
0 0.628125 0.33984375 0.028125 0.0234375 
0 0.65859375 0.328125 0.0296875 0.021875 
0 0.68671875 0.31796875 0.0296875 0.0171875 
0 0.83828125 0.26484375 0.0328125 0.0234375 
0 0.89765625 0.265625 0.0265625 0.021875 
0 0.93125 0.23125 0.028125 0.015625 
0 0.865625 0.25625 0.028125 0.01875 
0 0.6109375 0.20390625 0.03125 0.0296875 
0 0.63671875 0.19375 0.0296875 0.028125 
0 0.72578125 0.20234375 0.0140625 0.0234375 
0 0.72109375 0.23046875 0.0140625 0.0296875 
0 0.70625 0.234375 0.015625 0.025 
0 0.67578125 0.24375 0.0140625 0.025 
0 0.66328125 0.25 0.0140625 0.03125 
0 0.771875 0.1859375 0.015625 0.025 
0 0.7953125 0.20078125 0.01875 0.0265625 
0 0.83125 0.16171875 0.015625 0.0234375 
0 0.828125 0.1921875 0.015625 0.025 
0 0.84296875 0.18125 0.0109375 0.028125 
0 0.8890625 0.1671875 0.0125 0.03125 
0 0.87734375 0.14609375 0.0171875 0.0265625 
0 0.91796875 0.15625 0.0140625 0.025 
0 0.934375 0.1546875 0.015625 0.025 
0 0.96875 0.1921875 0.028125 0.03125 
0 0.7125 0.20625 0.015625 0.021875 
0 0.69609375 0.2109375 0.0171875 0.028125 
0 0.6828125 0.2203125 0.0125 0.025 
0 0.82890625 0.1171875 0.0265625 0.025 
0 0.65 0.18828125 0.03125 0.0265625 
0 0.67890625 0.1765625 0.0296875 0.025 
0 0.73046875 0.1578125 0.0265625 0.025 
0 0.78828125 0.13359375 0.0296875 0.0234375 
0 0.80234375 0.1296875 0.0296875 0.025 
0 0.81796875 0.125 0.0234375 0.021875 
0 0.87734375 0.103125 0.0265625 0.021875 
0 0.66640625 0.22578125 0.0140625 0.0265625 
0 0.92734375 0.084375 0.0265625 0.028125 
0 0.93984375 0.0796875 0.0265625 0.025 
0 0.953125 0.075 0.021875 0.025 
0 0.96875 0.06875 0.021875 0.028125 
0 0.6328125 0.240625 0.0125 0.034375 
0 0.64375 0.259375 0.015625 0.028125 
0 0.9109375 0.21171875 0.03125 0.0265625 
0 0.15546875 0.0359375 0.0328125 0.028125 
0 0.18828125 0.1234375 0.0296875 0.025 
0 0.4328125 0.1265625 0.028125 0.021875 
0 0.9203125 0.20625 0.03125 0.028125 
0 0.89375 0.21875 0.028125 0.021875 
0 0.92265625 0.12578125 0.0171875 0.0265625 
0 0.45859375 0.2640625 0.0234375 0.03125 
0 0.15859375 0.15625 0.0359375 0.03125 
0 0.3625 0.015625 0.021875 0.028125 
0 0.5453125 0.803125 0.01875 0.028125 
0 0.678125 0.70390625 0.01875 0.0328125 
0 0.4609375 0.58046875 0.025 0.0359375 
0 0.475 0.60859375 0.015625 0.0265625 
0 0.68984375 0.2390625 0.0140625 0.028125 
0 0.740625 0.1984375 0.015625 0.028125 
0 0.75546875 0.19375 0.0140625 0.03125 
0 0.81640625 0.1671875 0.0140625 0.03125 
0 0.8015625 0.175 0.0125 0.028125 
0 0.7875 0.18046875 0.01875 0.0296875 
0 0.78046875 0.209375 0.0140625 0.028125 
0 0.76640625 0.215625 0.0171875 0.03125 
0 0.75078125 0.221875 0.0140625 0.028125 
0 0.7375 0.225 0.015625 0.028125 
0 0.85078125 0.1546875 0.0140625 0.028125 
0 0.8578125 0.18046875 0.01875 0.0359375 
0 0.871875 0.17578125 0.015625 0.0328125 
0 0.8921875 0.13828125 0.015625 0.0265625 
0 0.90703125 0.1328125 0.0171875 0.028125 
0 0.64921875 0.23203125 0.0171875 0.0265625 
0 0.6671875 0.18359375 0.03125 0.0265625 
0 0.696875 0.17265625 0.028125 0.0296875 
0 0.615625 0.8515625 0.021875 0.034375 
0 0.484375 0.6390625 0.01875 0.03125 
0 0.49609375 0.66953125 0.0203125 0.0296875 
0 0.5109375 0.6953125 0.021875 0.03125 
0 0.5171875 0.7234375 0.01875 0.028125 
0 0.52734375 0.7546875 0.0203125 0.0375 
0 0.5328125 0.7796875 0.015625 0.028125 
0 0.71484375 0.165625 0.0296875 0.025 
0 0.84765625 0.11171875 0.0296875 0.0203125 
0 0.86328125 0.10546875 0.0296875 0.0234375 
0 0.8921875 0.09296875 0.028125 0.0265625 
0 0.90703125 0.0890625 0.0234375 0.021875 
0 0.7765625 0.13984375 0.03125 0.0265625 
0 0.7421875 0.153125 0.028125 0.025 
0 0.8359375 0.240625 0.025 0.028125 
0 0.821875 0.2453125 0.028125 0.025 
