0 0.0203125 0.065625 0.03125 0.025 
0 0.00625 0.1046875 0.009375 0.028125 
0 0.3015625 0.24140625 0.03125 0.0265625 
0 0.12109375 0.609375 0.0359375 0.03125 
0 0.2640625 0.45625 0.03125 0.025 
0 0.87109375 0.3546875 0.0234375 0.025 
0 0.15703125 0.9859375 0.0296875 0.028125 
0 0.34296875 0.40625 0.0296875 0.025 
0 0.31875 0.421875 0.028125 0.025 
0 0.22734375 0.4828125 0.0296875 0.028125 
0 0.04296875 0.8 0.0265625 0.028125 
0 0.0515625 0.59921875 0.028125 0.0265625 
0 0.1609375 0.5265625 0.028125 0.021875 
0 0.190625 0.50703125 0.03125 0.0296875 
0 0.05 0.77890625 0.03125 0.0296875 
0 0.01015625 0.8140625 0.0171875 0.03125 
0 0.06953125 0.80703125 0.0265625 0.0296875 
0 0.36796875 0.38515625 0.0328125 0.0296875 
0 0.29453125 0.49453125 0.0328125 0.0328125 
