0 0.38828125 0.83203125 0.0296875 0.0234375 
0 0.1125 0.828125 0.0125 0.021875 
0 0.29140625 0.53125 0.0296875 0.01875 
0 0.3671875 0.4484375 0.025 0.015625 
0 0.19375 0.52890625 0.0125 0.0265625 
0 0.11875 0.78515625 0.025 0.0234375 
0 0.44765625 0.828125 0.0296875 0.025 
0 0.48046875 0.84296875 0.0234375 0.0203125 
0 0.51875 0.8609375 0.028125 0.025 
0 0.4390625 0.93984375 0.034375 0.0265625 
0 0.54765625 0.8765625 0.0265625 0.021875 
0 0.60625 0.93359375 0.03125 0.0234375 
0 0.6375 0.965625 0.028125 0.021875 
0 0.5125 0.9734375 0.03125 0.025 
0 0.52421875 0.38828125 0.0328125 0.0234375 
0 0.3015625 0.475 0.01875 0.028125 
0 0.271875 0.47578125 0.01875 0.0265625 
0 0.23671875 0.50390625 0.0296875 0.0234375 
0 0.5875 0.03984375 0.03125 0.0234375 
0 0.178125 0.45859375 0.025 0.0265625 
0 0.6921875 0.740625 0.03125 0.021875 
0 0.9921875 0.990625 0.015625 0.01875 
0 0.89296875 0.1359375 0.0234375 0.01875 
0 0.12109375 0.703125 0.0296875 0.025 
0 0.1359375 0.6796875 0.03125 0.025 
0 0.09140625 0.6640625 0.0296875 0.021875 
0 0.00703125 0.64921875 0.0109375 0.0234375 
0 0.70625 0.01953125 0.015625 0.0234375 
0 0.67109375 0.08828125 0.0265625 0.0203125 
0 0.7421875 0.1109375 0.028125 0.01875 
0 0.32578125 0.1921875 0.0265625 0.0125 
0 0.19140625 0.4609375 0.0203125 0.025 
0 0.2015625 0.46953125 0.01875 0.0265625 
0 0.32109375 0.45546875 0.0234375 0.0109375 
0 0.2921875 0.45546875 0.025 0.0140625 
0 0.31953125 0.47734375 0.0171875 0.0296875 
0 0.74921875 0.13046875 0.0296875 0.0203125 
0 0.82734375 0.1671875 0.0265625 0.01875 
0 0.915625 0.14453125 0.025 0.0203125 
