0 0.91171875 0.81328125 0.0171875 0.0296875 
0 0.85703125 0.7828125 0.0171875 0.028125 
0 0.86796875 0.7890625 0.0203125 0.03125 
0 0.878125 0.79609375 0.021875 0.0296875 
0 0.88671875 0.80546875 0.0203125 0.0296875 
0 0.90078125 0.809375 0.0203125 0.028125 
0 0.64296875 0.459375 0.0265625 0.03125 
0 0.509375 0.52578125 0.025 0.0265625 
0 0.58671875 0.3796875 0.0234375 0.03125 
0 0.57265625 0.41015625 0.0234375 0.0296875 
0 0.55703125 0.434375 0.0234375 0.028125 
0 0.54140625 0.47109375 0.0265625 0.0328125 
0 0.50859375 0.6 0.0265625 0.03125 
0 0.57265625 0.5890625 0.0234375 0.028125 
0 0.59609375 0.55078125 0.0234375 0.0265625 
0 0.65625 0.43359375 0.021875 0.0296875 
0 0.52578125 0.496875 0.0234375 0.028125 
0 0.79765625 0.76875 0.0328125 0.025 
0 0.6578125 0.6296875 0.034375 0.025 
0 0.6390625 0.66875 0.03125 0.021875 
0 0.4984375 0.74453125 0.025 0.0296875 
0 0.36953125 0.8109375 0.0171875 0.025 
0 0.35859375 0.83671875 0.0234375 0.0359375 
0 0.34375 0.8625 0.025 0.034375 
0 0.33203125 0.88984375 0.0234375 0.0296875 
0 0.31875 0.921875 0.021875 0.034375 
0 0.30078125 0.94765625 0.0234375 0.0328125 
0 0.2859375 0.9796875 0.021875 0.03125 
0 0.415625 0.89140625 0.021875 0.0265625 
0 0.38671875 0.78125 0.0203125 0.03125 
0 0.396875 0.7578125 0.021875 0.03125 
0 0.41328125 0.7234375 0.0203125 0.028125 
0 0.478125 0.778125 0.025 0.034375 
0 0.44140625 0.83984375 0.0234375 0.0328125 
0 0.7828125 0.8171875 0.034375 0.025 
0 0.428125 0.69375 0.021875 0.025 
0 0.75546875 0.74375 0.0359375 0.025 
0 0.7234375 0.71328125 0.03125 0.0203125 
0 0.60234375 0.34921875 0.0234375 0.0328125 
0 0.615625 0.31953125 0.021875 0.0296875 
0 0.64609375 0.259375 0.0234375 0.03125 
0 0.6625 0.22890625 0.025 0.0296875 
0 0.6890625 0.16953125 0.021875 0.0296875 
0 0.67421875 0.2 0.0234375 0.03125 
0 0.63125 0.2875 0.021875 0.025 
0 0.8390625 0.065625 0.021875 0.03125 
0 0.81953125 0.07890625 0.0234375 0.0296875 
0 0.7765625 0.19140625 0.021875 0.0265625 
0 0.87265625 0.04140625 0.0359375 0.0265625 
0 0.7765625 0.00546875 0.025 0.0078125 
0 0.76328125 0.0234375 0.0203125 0.028125 
0 0.8125 0.11796875 0.025 0.0328125 
0 0.734375 0.08125 0.025 0.034375 
0 0.790625 0.1671875 0.03125 0.021875 
0 0.76484375 0.2171875 0.0265625 0.03125 
0 0.70703125 0.13984375 0.0203125 0.0265625 
0 0.71640625 0.11484375 0.0203125 0.0234375 
0 0.7578125 0.10234375 0.025 0.0296875 
0 0.74921875 0.0515625 0.0234375 0.028125 
0 0.91640625 0.98125 0.0234375 0.03125 
0 0.871875 0.96953125 0.03125 0.0171875 
0 0.871875 0.95 0.034375 0.021875 
