0 0.48515625 0.29140625 0.0265625 0.0265625 
0 0.3921875 0.2546875 0.025 0.028125 
0 0.40234375 0.2453125 0.0234375 0.025 
0 0.428125 0.23671875 0.025 0.0265625 
0 0.43828125 0.22890625 0.0234375 0.0296875 
0 0.3890625 0.2203125 0.021875 0.03125 
0 0.25859375 0.2171875 0.0265625 0.03125 
0 0.271875 0.20859375 0.025 0.0296875 
0 0.29765625 0.1953125 0.0265625 0.028125 
0 0.30625 0.18984375 0.021875 0.0296875 
0 0.33125 0.1734375 0.025 0.03125 
0 0.36796875 0.1546875 0.0234375 0.03125 
0 0.27578125 0.16328125 0.0296875 0.0296875 
0 0.26484375 0.1703125 0.0234375 0.028125 
0 0.2515625 0.178125 0.025 0.028125 
0 0.21640625 0.19921875 0.0265625 0.0296875 
0 0.62578125 0.16484375 0.0296875 0.0265625 
0 0.11484375 0.80078125 0.0234375 0.0265625 
0 0.06953125 0.72421875 0.0265625 0.0359375 
0 0.053125 0.69453125 0.025 0.0328125 
0 0.0625 0.59296875 0.028125 0.0328125 
0 0.03125 0.6625 0.025 0.03125 
0 0.3828125 0.35078125 0.028125 0.0234375 
0 0.35703125 0.3703125 0.0265625 0.025 
0 0.3296875 0.384375 0.028125 0.025 
0 0.621875 0.9390625 0.01875 0.028125 
0 0.6078125 0.94375 0.021875 0.03125 
0 0.6125 0.9 0.025 0.03125 
0 0.62734375 0.8953125 0.0234375 0.03125 
0 0.64453125 0.92421875 0.0203125 0.0265625 
0 0.6578125 0.91640625 0.025 0.0296875 
0 0.66875 0.90703125 0.025 0.0296875 
0 0.70390625 0.88984375 0.0234375 0.0328125 
0 0.728125 0.8703125 0.025 0.03125 
0 0.696875 0.84921875 0.025 0.0296875 
0 0.74453125 0.821875 0.0265625 0.03125 
0 0.7578125 0.81484375 0.025 0.0265625 
0 0.70859375 0.7546875 0.0265625 0.03125 
0 0.65390625 0.74921875 0.0265625 0.0296875 
0 0.64609375 0.7921875 0.0234375 0.03125 
0 0.634375 0.8 0.021875 0.025 
0 0.571875 0.7984375 0.025 0.03125 
0 0.61015625 0.81171875 0.0234375 0.0296875 
0 0.59375 0.9515625 0.025 0.03125 
0 0.35546875 0.24140625 0.0296875 0.0328125 
0 0.23671875 0.34609375 0.0265625 0.0296875 
0 0.18203125 0.25703125 0.0234375 0.0296875 
0 0.1765625 0.22578125 0.01875 0.0296875 
0 0.1640625 0.278125 0.025 0.028125 
0 0.3015625 0.15 0.021875 0.028125 
0 0.209375 0.24765625 0.025 0.0328125 
0 0.17421875 0.2671875 0.0234375 0.03125 
0 0.25703125 0.38828125 0.0265625 0.0234375 
0 0.28671875 0.3734375 0.0265625 0.021875 
0 0.3125 0.3578125 0.028125 0.025 
0 0.3390625 0.340625 0.028125 0.025 
0 0.3625 0.325 0.025 0.021875 
0 0.203125 0.3671875 0.025 0.03125 
0 0.26015625 0.3296875 0.0203125 0.028125 
0 0.2265625 0.3546875 0.025 0.028125 
0 0.22109375 0.23984375 0.0234375 0.0296875 
0 0.19375 0.334375 0.025 0.03125 
0 0.21953125 0.31953125 0.0234375 0.0296875 
0 0.2421875 0.30078125 0.028125 0.0328125 
0 0.25234375 0.2953125 0.0234375 0.03125 
0 0.303125 0.3078125 0.025 0.028125 
0 0.27890625 0.2796875 0.0234375 0.03125 
0 0.29140625 0.27421875 0.0234375 0.0328125 
0 0.31484375 0.26171875 0.0234375 0.0265625 
0 0.32890625 0.25625 0.0234375 0.03125 
0 0.321875 0.29609375 0.025 0.0265625 
0 0.33515625 0.2890625 0.0265625 0.03125 
0 0.35859375 0.27421875 0.0234375 0.0265625 
0 0.3390625 0.24609375 0.025 0.0328125 
0 0.19453125 0.25390625 0.0234375 0.0296875 
0 0.23046875 0.23203125 0.0234375 0.0296875 
0 0.6296875 0.9265625 0.025 0.03125 
0 0.63125 0.7640625 0.025 0.03125 
0 0.71328125 0.878125 0.0234375 0.03125 
0 0.68984375 0.89296875 0.0234375 0.0390625 
0 0.73203125 0.828125 0.0203125 0.03125 
0 0.7203125 0.83515625 0.025 0.0265625 
0 0.71015625 0.8421875 0.0234375 0.028125 
0 0.65859375 0.86796875 0.0171875 0.0234375 
0 0.64765625 0.8765625 0.0171875 0.025 
0 0.58984375 0.91328125 0.0234375 0.0265625 
0 0.56640625 0.92265625 0.0203125 0.0296875 
0 0.59765625 0.81796875 0.0203125 0.0296875 
0 0.58203125 0.790625 0.0203125 0.03125 
0 0.603125 0.77421875 0.01875 0.0265625 
0 0.6234375 0.80625 0.021875 0.028125 
0 0.6421875 0.753125 0.025 0.028125 
0 0.24609375 0.2265625 0.0265625 0.03125 
0 0.70078125 0.71796875 0.0234375 0.0296875 
0 0.6890625 0.72890625 0.025 0.0328125 
0 0.678125 0.73515625 0.021875 0.0328125 
0 0.665625 0.740625 0.021875 0.028125 
0 0.6828125 0.765625 0.021875 0.03125 
0 0.52890625 0.27109375 0.0359375 0.0296875 
0 0.55859375 0.2515625 0.0328125 0.03125 
0 0.58515625 0.2328125 0.0328125 0.028125 
0 0.20859375 0.3265625 0.0265625 0.03125 
0 0.26796875 0.28828125 0.0265625 0.0328125 
0 0.38203125 0.2640625 0.0234375 0.03125 
0 0.4 0.2109375 0.021875 0.03125 
0 0.3515625 0.121875 0.021875 0.03125 
0 0.86171875 0.4734375 0.0296875 0.034375 
0 0.83203125 0.56484375 0.0359375 0.0265625 
0 0.9 0.2296875 0.028125 0.021875 
0 0.8453125 0.2625 0.03125 0.021875 
