0 0.9203125 0.06484375 0.025 0.0328125 
0 0.36953125 0.071875 0.0234375 0.03125 
0 0.33671875 0.09375 0.0296875 0.025 
0 0.33984375 0.08046875 0.0234375 0.0265625 
0 0.34375 0.065625 0.028125 0.025 
0 0.2109375 0.3609375 0.021875 0.028125 
0 0.1734375 0.4296875 0.01875 0.028125 
0 0.1515625 0.46796875 0.021875 0.0296875 
0 0.7359375 0.4265625 0.01875 0.028125 
0 0.74296875 0.5171875 0.0296875 0.028125 
0 0.7328125 0.5265625 0.025 0.021875 
0 0.7203125 0.55078125 0.034375 0.0234375 
0 0.71484375 0.56328125 0.0296875 0.0203125 
0 0.48515625 0.19140625 0.0328125 0.0234375 
0 0.421875 0.10390625 0.028125 0.0234375 
0 0.4296875 0.08828125 0.03125 0.0234375 
0 0.4609375 0.034375 0.025 0.021875 
0 0.36796875 0.04296875 0.0296875 0.0234375 
0 0.7078125 0.578125 0.0375 0.025 
0 0.659375 0.6515625 0.021875 0.028125 
0 0.6328125 0.63671875 0.025 0.0328125 
0 0.890625 0.825 0.025 0.025 
0 0.9703125 0.94453125 0.034375 0.0234375 
0 0.97578125 0.9265625 0.0328125 0.025 
0 0.91015625 0.83515625 0.0265625 0.0296875 
0 0.90234375 0.884375 0.0390625 0.025 
0 0.96484375 0.95625 0.0296875 0.025 
1 0.86484375 0.5703125 0.0453125 0.04375 
1 0.75078125 0.70234375 0.0328125 0.0484375 
0 0.8765625 0.815625 0.03125 0.028125 
0 0.9171875 0.45703125 0.028125 0.0234375 
0 0.79296875 0.3046875 0.0234375 0.03125 
0 0.934375 0.99296875 0.021875 0.0140625 
0 0.8609375 0.809375 0.034375 0.028125 
0 0.73515625 0.75546875 0.0296875 0.0265625 
0 0.71953125 0.74609375 0.0328125 0.0203125 
0 0.44375 0.06171875 0.025 0.0234375 
0 0.37109375 0.02578125 0.0296875 0.0265625 
0 0.43515625 0.0734375 0.0296875 0.021875 
0 0.82734375 0.31640625 0.0234375 0.0359375 
0 0.69140625 0.7328125 0.0265625 0.025 
0 0.8578125 0.24765625 0.028125 0.0359375 
0 0.76796875 0.43046875 0.0234375 0.0265625 
0 0.7140625 0.475 0.025 0.03125 
0 0.27265625 0.4 0.0296875 0.021875 
0 0.67890625 0.6125 0.0234375 0.03125 
0 0.63515625 0.659375 0.0265625 0.034375 
