0 0.43984375 0.3671875 0.0296875 0.040625 
0 0.428125 0.3734375 0.025 0.03125 
0 0.415625 0.38046875 0.025 0.0296875 
0 0.40390625 0.38671875 0.0265625 0.0296875 
0 0.29140625 0.37578125 0.0328125 0.0234375 
0 0.31953125 0.43046875 0.0234375 0.0328125 
0 0.35625 0.41484375 0.021875 0.0328125 
0 0.3421875 0.4203125 0.025 0.03125 
0 0.671875 0.48046875 0.03125 0.0265625 
0 0.55 0.54921875 0.03125 0.0234375 
0 0.57734375 0.5359375 0.0328125 0.028125 
0 0.55703125 0.475 0.0265625 0.03125 
0 0.5203125 0.49375 0.025 0.03125 
0 0.4859375 0.33359375 0.025 0.0328125 
0 0.50625 0.503125 0.021875 0.03125 
0 0.4953125 0.50703125 0.025 0.0328125 
0 0.48359375 0.5171875 0.0234375 0.028125 
0 0.44921875 0.53671875 0.0265625 0.0359375 
0 0.43203125 0.54609375 0.0234375 0.0265625 
0 0.01796875 0.4734375 0.0296875 0.034375 
0 0.8859375 0.94140625 0.021875 0.0328125 
0 0.471875 0.34140625 0.025 0.0328125 
0 0.4984375 0.3265625 0.025 0.03125 
0 0.6375 0.17421875 0.03125 0.0296875 
0 0.05625 0.2296875 0.028125 0.021875 
0 0.009375 0.2625 0.015625 0.021875 
0 0.64609375 0.18203125 0.0328125 0.0328125 
0 0.5765625 0.28671875 0.025 0.0359375 
0 0.521875 0.31171875 0.021875 0.0296875 
0 0.603125 0.44609375 0.025 0.0296875 
0 0.7109375 0.37734375 0.015625 0.0328125 
0 0.803125 0.403125 0.03125 0.025 
0 0.83046875 0.38203125 0.0296875 0.0265625 
0 0.753125 0.25546875 0.025 0.0359375 
0 0.74296875 0.24375 0.0234375 0.028125 
0 0.74296875 0.21796875 0.0296875 0.0109375 
0 0.90859375 0.33984375 0.0296875 0.0234375 
0 0.69765625 0.340625 0.0296875 0.03125 
0 0.771875 0.27578125 0.03125 0.0296875 
0 0.8078125 0.2296875 0.040625 0.028125 
0 0.8375 0.278125 0.01875 0.034375 
0 0.821875 0.28515625 0.015625 0.0328125 
