0 0.30390625 0.54609375 0.0296875 0.0140625 
0 0.3953125 0.5578125 0.025 0.0125 
0 0.78984375 0.60625 0.0265625 0.015625 
0 0.878125 0.98828125 0.01875 0.0234375 
0 0.94765625 0.60703125 0.0265625 0.0171875 
0 0.7453125 0.603125 0.028125 0.015625 
0 0.1546875 0.64140625 0.01875 0.0296875 
0 0.51875 0.440625 0.0125 0.025 
0 0.53828125 0.24921875 0.0109375 0.0265625 
0 0.5296875 0.4125 0.0125 0.028125 
0 0.58359375 0.378125 0.0265625 0.025 
0 0.58125 0.42890625 0.025 0.0234375 
0 0.978125 0.19140625 0.03125 0.0171875 
0 0.96796875 0.653125 0.0234375 0.028125 
0 0.6671875 0.86328125 0.01875 0.0328125 
0 0.5328125 0.38359375 0.015625 0.0265625 
0 0.5484375 0.40859375 0.01875 0.0296875 
