0 0.78671875 0.90234375 0.0203125 0.0265625 
0 0.87421875 0.7484375 0.0140625 0.028125 
0 0.884375 0.6734375 0.015625 0.025 
0 0.88828125 0.64609375 0.0171875 0.0265625 
0 0.8015625 0.55859375 0.021875 0.0109375 
0 0.67890625 0.55390625 0.0296875 0.0171875 
0 0.83046875 0.5578125 0.0203125 0.009375 
0 0.85625 0.559375 0.021875 0.0125 
0 0.91796875 0.6109375 0.0296875 0.01875 
0 0.45703125 0.96796875 0.0171875 0.0234375 
0 0.525 0.76953125 0.01875 0.0265625 
0 0.57265625 0.6640625 0.0171875 0.03125 
0 0.2 0.73359375 0.015625 0.0296875 
0 0.19375 0.7859375 0.025 0.025 
0 0.1640625 0.72421875 0.01875 0.0265625 
0 0.32890625 0.5734375 0.0265625 0.015625 
0 0.325 0.58828125 0.025 0.0171875 
0 0.1671875 0.5203125 0.028125 0.0125 
0 0.00625 0.1484375 0.009375 0.021875 
0 0.178125 0.209375 0.0125 0.025 
0 0.1546875 0.21484375 0.0125 0.0265625 
0 0.22109375 0.52265625 0.0265625 0.0109375 
0 0.31015625 0.528125 0.0234375 0.015625 
0 0.19609375 0.58203125 0.0234375 0.0109375 
0 0.1953125 0.565625 0.028125 0.0125 
0 0.19765625 0.59453125 0.0234375 0.0109375 
0 0.19453125 0.61015625 0.0234375 0.0109375 
0 0.18984375 0.65078125 0.0265625 0.0140625 
0 0.13046875 0.67421875 0.0265625 0.0140625 
0 0.1296875 0.6609375 0.028125 0.0125 
0 0.140625 0.56328125 0.028125 0.0140625 
0 0.30234375 0.628125 0.0265625 0.01875 
