1 0.33515625 0.340625 0.0265625 0.0375 
0 0.62265625 0.36640625 0.0265625 0.0234375 
0 0.22578125 0.2875 0.0234375 0.034375 
0 0.23984375 0.29453125 0.0265625 0.0328125 
0 0.346875 0.34765625 0.01875 0.0296875 
0 0.22421875 0.37734375 0.0234375 0.0328125 
0 0.3203125 0.33359375 0.025 0.0296875 
0 0.3625 0.3609375 0.021875 0.03125 
0 0.37734375 0.3640625 0.0203125 0.03125 
0 0.39140625 0.37265625 0.0171875 0.0296875 
0 0.05703125 0.20625 0.0234375 0.03125 
0 0.28671875 0.203125 0.0328125 0.028125 
0 0.51953125 0.35703125 0.0328125 0.0265625 
0 0.54609375 0.3734375 0.0296875 0.025 
0 0.596875 0.39765625 0.034375 0.0234375 
0 0.6359375 0.4203125 0.028125 0.025 
0 0.60078125 0.35546875 0.0328125 0.0234375 
0 0.209375 0.27578125 0.025 0.0359375 
0 0.39921875 0.2203125 0.0296875 0.021875 
0 0.64296875 0.34609375 0.0171875 0.0328125 
0 0.50625 0.14296875 0.03125 0.0203125 
0 0.16015625 0.203125 0.0234375 0.028125 
0 0.17734375 0.21015625 0.0203125 0.0265625 
0 0.2109375 0.16875 0.034375 0.025 
0 0.47421875 0.21328125 0.0296875 0.0234375 
0 0.03046875 0.18984375 0.0203125 0.0296875 
0 0.00546875 0.17890625 0.0078125 0.0359375 
0 0.0734375 0.21015625 0.01875 0.0296875 
0 0.26875 0.3125 0.021875 0.03125 
0 0.19609375 0.2703125 0.0234375 0.028125 
0 0.04453125 0.1984375 0.0203125 0.028125 
0 0.08515625 0.215625 0.0203125 0.03125 
0 0.0140625 0.18515625 0.01875 0.0359375 
0 0.646875 0.378125 0.028125 0.021875 
0 0.546875 0.3265625 0.03125 0.025 
0 0.61328125 0.33671875 0.0234375 0.0328125 
0 0.728125 0.4171875 0.034375 0.021875 
0 0.69296875 0.36953125 0.0203125 0.0296875 
0 0.83359375 0.1390625 0.0265625 0.01875 
0 0.97890625 0.58828125 0.0296875 0.0234375 
0 0.48828125 0.3453125 0.0265625 0.021875 
0 0.584375 0.24453125 0.021875 0.0328125 
0 0.625 0.15 0.034375 0.028125 
0 0.496875 0.3046875 0.03125 0.025 
0 0.7484375 0.475 0.025 0.021875 
0 0.7984375 0.49765625 0.034375 0.0265625 
0 0.85625 0.5265625 0.028125 0.021875 
0 0.05 0.275 0.0125 0.028125 
0 0.56171875 0.23671875 0.0203125 0.0359375 
0 0.57265625 0.34140625 0.0296875 0.0234375 
0 0.734375 0.35078125 0.0125 0.0265625 
0 0.3125 0.21953125 0.028125 0.0203125 
0 0.6703125 0.4359375 0.028125 0.021875 
0 0.8296875 0.46640625 0.034375 0.0234375 
0 0.85390625 0.47734375 0.0296875 0.0234375 
0 0.9484375 0.46796875 0.021875 0.0296875 
0 0.85 0.203125 0.01875 0.028125 
0 0.63046875 0.340625 0.0234375 0.03125 
0 0.6015625 0.32890625 0.021875 0.0328125 
0 0.05625 0.09296875 0.028125 0.0234375 
0 0.65546875 0.275 0.0234375 0.034375 
0 0.0859375 0.10546875 0.025 0.0203125 
0 0.1609375 0.14609375 0.03125 0.0265625 
0 0.41015625 0.209375 0.0265625 0.021875 
0 0.4390625 0.14609375 0.028125 0.0234375 
0 0.57109375 0.121875 0.0328125 0.025 
0 0.84140625 0.09296875 0.0359375 0.0234375 
0 0.8484375 0.1078125 0.028125 0.015625 
0 0.87890625 0.140625 0.0234375 0.03125 
0 0.8703125 0.15625 0.021875 0.028125 
0 0.54921875 0.165625 0.0171875 0.028125 
0 0.56171875 0.1734375 0.0203125 0.03125 
0 0.58359375 0.18203125 0.0171875 0.0265625 
0 0.48203125 0.2671875 0.0234375 0.03125 
0 0.50625 0.27734375 0.025 0.0328125 
0 0.55625 0.3046875 0.025 0.034375 
0 0.025 0.03125 0.021875 0.025 
0 0.1109375 0.12109375 0.028125 0.0203125 
0 0.13515625 0.134375 0.0296875 0.021875 
0 0.50859375 0.03828125 0.0203125 0.0296875 
0 0.03359375 0.0125 0.0265625 0.021875 
