0 0.57265625 0.17734375 0.0390625 0.0265625 
0 0.53828125 0.15625 0.0328125 0.025 
0 0.50390625 0.1375 0.0359375 0.028125 
0 0.4171875 0.09765625 0.0375 0.0265625 
0 0.359375 0.06796875 0.034375 0.0265625 
0 0.309375 0.0421875 0.03125 0.025 
0 0.9796875 0.37734375 0.028125 0.0203125 
0 0.51015625 0.03984375 0.0203125 0.0296875 
0 0.74765625 0.2640625 0.0328125 0.021875 
0 0.98515625 0.33828125 0.0296875 0.0234375 
0 0.7046875 0.19140625 0.03125 0.0234375 
0 0.8109375 0.2875 0.034375 0.025 
0 0.66796875 0.19375 0.0265625 0.025 
0 0.6453125 0.1765625 0.028125 0.021875 
0 0.65 0.16171875 0.03125 0.0234375 
0 0.65859375 0.03203125 0.0203125 0.0265625 
0 0.41796875 0.04765625 0.0265625 0.0234375 
0 0.3890625 0.03515625 0.03125 0.0234375 
0 0.99453125 0.39296875 0.0109375 0.0296875 
0 0.6328125 0.2078125 0.040625 0.034375 
