0 0.0671875 0.01875 0.025 0.034375 
0 0.05546875 0.04609375 0.0234375 0.0296875 
0 0.0421875 0.078125 0.021875 0.034375 
0 0.02421875 0.10390625 0.0234375 0.0328125 
0 0.0109375 0.1359375 0.01875 0.03125 
0 0.1390625 0.04765625 0.021875 0.0265625 
0 0.0796875 0.196875 0.025 0.03125 
0 0.78359375 0.10703125 0.0234375 0.0296875 
0 0.81796875 0.12265625 0.0234375 0.0296875 
0 0.79375 0.1140625 0.028125 0.03125 
0 0.16484375 0.00703125 0.0234375 0.0109375 
0 0.94453125 0.11640625 0.0234375 0.0296875 
0 0.9703125 0.12890625 0.01875 0.0296875 
0 0.94296875 0.146875 0.0140625 0.028125 
0 0.771875 0.1015625 0.025 0.028125 
0 0.8671875 0.14296875 0.021875 0.0296875 
0 0.63984375 0.1375 0.0234375 0.03125 
0 0.5953125 0.12578125 0.03125 0.0171875 
0 0.5953125 0.10625 0.034375 0.021875 
0 0.2296875 0.98671875 0.03125 0.0203125 
0 0.55703125 0.9828125 0.0265625 0.01875 
0 0.3484375 0.98984375 0.034375 0.0203125 
0 0.53125 0.24609375 0.028125 0.0203125 
0 0.48359375 0.6734375 0.0328125 0.025 
0 0.675 0.7296875 0.034375 0.025 
0 0.7109375 0.78828125 0.03125 0.0234375 
0 0.8015625 0.78828125 0.03125 0.0234375 
0 0.90234375 0.8 0.0140625 0.028125 
0 0.50703125 0.64375 0.0328125 0.025 
0 0.49296875 0.4625 0.0296875 0.021875 
0 0.4703125 0.496875 0.0375 0.03125 
0 0.76015625 0.76953125 0.0296875 0.0203125 
0 0.28046875 0.73671875 0.0328125 0.0234375 
0 0.2515625 0.66171875 0.028125 0.0234375 
0 0.22421875 0.6453125 0.0296875 0.021875 
0 0.1421875 0.6046875 0.028125 0.021875 
0 0.40234375 0.375 0.0359375 0.025 
0 0.3453125 0.346875 0.028125 0.021875 
0 0.19609375 0.48984375 0.0296875 0.0203125 
0 0.55625 0.203125 0.028125 0.021875 
0 0.5484375 0.35234375 0.03125 0.0234375 
0 0.56171875 0.32421875 0.0296875 0.0265625 
0 0.3734375 0.359375 0.028125 0.021875 
0 0.52578125 0.4109375 0.0296875 0.021875 
0 0.05703125 0.4625 0.0296875 0.021875 
0 0.43671875 0.43671875 0.0234375 0.0328125 
0 0.5234375 0.25859375 0.028125 0.0234375 
0 0.14453125 0.4640625 0.0296875 0.021875 
0 0.1703125 0.47734375 0.025 0.0203125 
0 0.2546875 0.51640625 0.03125 0.0265625 
0 0.28125 0.5328125 0.028125 0.021875 
0 0.1625 0.9890625 0.028125 0.021875 
0 0.29453125 0.965625 0.0328125 0.025 
0 0.56484375 0.93671875 0.0359375 0.0234375 
0 0.571875 0.9515625 0.028125 0.015625 
0 0.60234375 0.984375 0.0234375 0.03125 
0 0.59375 0.99296875 0.021875 0.0140625 
0 0.32421875 0.81484375 0.0328125 0.0234375 
0 0.25546875 0.796875 0.0265625 0.021875 
0 0.23203125 0.88203125 0.0203125 0.0296875 
0 0.3328125 0.78046875 0.03125 0.0234375 
0 0.3390625 0.76875 0.034375 0.025 
