0 0.03046875 0.98984375 0.0328125 0.0203125 
0 0.021875 0.978125 0.03125 0.025 
0 0.1453125 0.9921875 0.025 0.015625 
0 0.12578125 0.96953125 0.0265625 0.0328125 
0 0.01796875 0.96171875 0.0265625 0.0234375 
1 0.71328125 0.746875 0.0828125 0.059375 
1 0.5546875 0.82890625 0.05625 0.0421875 
1 0.48125 0.78984375 0.084375 0.0546875 
1 0.39375 0.734375 0.084375 0.0625 
1 0.30390625 0.67265625 0.0734375 0.0546875 
1 0.78671875 0.31171875 0.0734375 0.0453125 
1 0.76484375 0.3453125 0.0703125 0.046875 
1 0.64453125 0.23828125 0.0734375 0.0453125 
1 0.534375 0.19140625 0.078125 0.0265625 
1 0.2296875 0.62734375 0.08125 0.0578125 
1 0.1421875 0.5796875 0.084375 0.053125 
1 0.06640625 0.54296875 0.0578125 0.0421875 
1 0.03046875 0.4890625 0.0578125 0.053125 
0 0.04609375 0.93203125 0.0265625 0.0203125 
0 0.04140625 0.9109375 0.0328125 0.021875 
0 0.01640625 0.9265625 0.0296875 0.025 
0 0.00859375 0.865625 0.0140625 0.028125 
0 0.16015625 0.2359375 0.0234375 0.03125 
0 0.0671875 0.2875 0.025 0.028125 
0 0.2875 0.05078125 0.034375 0.0265625 
