0 0.38984375 0.353125 0.0203125 0.034375 
0 0.18359375 0.3515625 0.0328125 0.03125 
0 0.1078125 0.36640625 0.03125 0.0234375 
0 0.55078125 0.42421875 0.0328125 0.0234375 
0 0.44296875 0.38046875 0.0234375 0.0359375 
0 0.5390625 0.54296875 0.034375 0.0265625 
0 0.1359375 0.37734375 0.028125 0.0203125 
0 0.2546875 0.39296875 0.03125 0.0234375 
0 0.36953125 0.44375 0.0296875 0.025 
0 0.5171875 0.359375 0.025 0.01875 
0 0.50078125 0.39375 0.0328125 0.025 
0 0.50390625 0.38359375 0.0328125 0.0265625 
0 0.509375 0.36953125 0.03125 0.0203125 
0 0.4109375 0.43984375 0.025 0.0328125 
0 0.3859375 0.42734375 0.025 0.0296875 
0 0.37265625 0.4203125 0.0234375 0.03125 
0 0.40234375 0.359375 0.0265625 0.03125 
0 0.35859375 0.41328125 0.0265625 0.0328125 
0 0.3359375 0.428125 0.034375 0.028125 
0 0.2828125 0.40390625 0.028125 0.0203125 
0 0.52890625 0.65625 0.0234375 0.03125 
0 0.14296875 0.33828125 0.0328125 0.0234375 
0 0.3390625 0.4796875 0.028125 0.021875 
0 0.31171875 0.46484375 0.0296875 0.0234375 
0 0.284375 0.4515625 0.03125 0.01875 
0 0.2078125 0.4125 0.03125 0.025 
0 0.1625 0.39296875 0.034375 0.0296875 
0 0.23359375 0.4265625 0.0296875 0.028125 
0 0.25625 0.440625 0.028125 0.025 
0 0.9875 0.78671875 0.025 0.0203125 
0 0.73359375 0.24375 0.0328125 0.021875 
0 0.7734375 0.6921875 0.028125 0.025 
0 0.74375 0.68203125 0.028125 0.0234375 
0 0.81640625 0.815625 0.0265625 0.025 
0 0.8796875 0.31171875 0.03125 0.0234375 
0 0.83515625 0.67109375 0.0359375 0.0171875 
0 0.7890625 0.65625 0.03125 0.021875 
0 0.734375 0.62890625 0.028125 0.0234375 
0 0.64921875 0.665625 0.0140625 0.034375 
0 0.63359375 0.71484375 0.0265625 0.0296875 
0 0.6265625 0.6546875 0.01875 0.03125 
0 0.5359375 0.36171875 0.01875 0.0328125 
0 0.74375 0.27265625 0.028125 0.0171875 
0 0.73828125 0.25703125 0.0296875 0.0234375 
0 0.7296875 0.22890625 0.03125 0.0234375 
0 0.6875 0.653125 0.028125 0.021875 
0 0.91875 0.10078125 0.028125 0.0234375 
0 0.6375 0.05234375 0.034375 0.0234375 
0 0.62265625 0.02421875 0.0265625 0.0203125 
0 0.8296875 0.253125 0.034375 0.021875 
0 0.82109375 0.221875 0.0265625 0.015625 
0 0.646875 0.075 0.028125 0.021875 
0 0.5140625 0.64609375 0.025 0.0328125 
0 0.54453125 0.6671875 0.0234375 0.0375 
0 0.55234375 0.6125 0.0203125 0.034375 
0 0.5671875 0.621875 0.015625 0.03125 
0 0.5015625 0.63671875 0.028125 0.0328125 
0 0.5546875 0.4109375 0.028125 0.025 
0 0.640625 0.63515625 0.034375 0.0265625 
0 0.80234375 0.7109375 0.0296875 0.025 
0 0.990625 0.77265625 0.01875 0.0234375 
0 0.75390625 0.78671875 0.0265625 0.0328125 
0 0.93125 0.80625 0.01875 0.025 
0 0.94375 0.809375 0.01875 0.028125 
0 0.9875 0.803125 0.025 0.025 
0 0.98046875 0.8140625 0.0328125 0.025 
0 0.83359375 0.7109375 0.0296875 0.01875 
0 0.9703125 0.83828125 0.034375 0.0203125 
0 0.94140625 0.78515625 0.0234375 0.0328125 
0 0.93203125 0.77421875 0.0171875 0.0296875 
0 0.90625 0.7640625 0.01875 0.0375 
0 0.89296875 0.759375 0.0203125 0.034375 
0 0.903125 0.79609375 0.021875 0.0296875 
0 0.8375 0.76015625 0.01875 0.0328125 
0 0.73125 0.703125 0.015625 0.034375 
0 0.7140625 0.6921875 0.015625 0.028125 
0 0.91640625 0.80234375 0.0171875 0.0296875 
0 0.91875 0.77109375 0.01875 0.0296875 
0 0.87890625 0.78671875 0.0234375 0.0265625 
0 0.78671875 0.7390625 0.0171875 0.028125 
