0 0.146875 0.85859375 0.025 0.0203125 
0 0.28984375 0.8953125 0.0328125 0.01875 
0 0.178125 0.8703125 0.028125 0.01875 
0 0.12265625 0.84453125 0.0265625 0.0203125 
0 0.0296875 0.8015625 0.03125 0.021875 
0 0.48125 0.98046875 0.015625 0.0265625 
0 0.02890625 0.6859375 0.0296875 0.021875 
0 0.06953125 0.68515625 0.0203125 0.0265625 
0 0.08125 0.6890625 0.021875 0.028125 
0 0.1265625 0.57265625 0.0125 0.0265625 
0 0.10234375 0.48984375 0.0234375 0.0296875 
0 0.13203125 0.546875 0.0140625 0.025 
0 0.140625 0.51328125 0.01875 0.0359375 
0 0.15234375 0.4796875 0.0171875 0.03125 
0 0.44375 0.959375 0.015625 0.021875 
1 0.5640625 0.98359375 0.0375 0.0265625 
1 0.53671875 0.83515625 0.0234375 0.0390625 
1 0.59296875 0.6515625 0.0203125 0.0375 
0 0.8171875 0.1375 0.025 0.01875 
0 0.840625 0.1484375 0.028125 0.021875 
0 0.7140625 0.27421875 0.021875 0.0296875 
0 0.64921875 0.48515625 0.0203125 0.0328125 
0 0.6359375 0.52421875 0.021875 0.0265625 
0 0.6515625 0.5828125 0.025 0.021875 
0 0.49765625 0.6625 0.0203125 0.03125 
0 0.46953125 0.759375 0.0171875 0.028125 
0 0.82265625 0.54296875 0.0109375 0.0234375 
0 0.97421875 0.67421875 0.0265625 0.0140625 
0 0.9734375 0.6609375 0.028125 0.0125 
0 0.984375 0.56328125 0.028125 0.0140625 
