0 0.4703125 0.58515625 0.028125 0.0171875 
0 0.5375 0.64296875 0.01875 0.0234375 
0 0.6390625 0.1046875 0.01875 0.03125 
0 0.66796875 0.0234375 0.0203125 0.03125 
0 0.653125 0.0625 0.01875 0.025 
0 0.6171875 0.1734375 0.025 0.034375 
0 0.603125 0.59609375 0.025 0.0171875 
0 0.60703125 0.621875 0.0234375 0.01875 
0 0.6921875 0.6265625 0.025 0.01875 
0 0.71484375 0.5703125 0.0203125 0.028125 
0 0.728125 0.57578125 0.01875 0.0265625 
0 0.75234375 0.57734375 0.0171875 0.0265625 
0 0.684375 0.66796875 0.028125 0.0203125 
0 0.81328125 0.496875 0.0171875 0.028125 
0 0.8765625 0.496875 0.021875 0.028125 
0 0.9 0.5171875 0.01875 0.025 
0 0.76328125 0.5515625 0.0203125 0.03125 
0 0.7359375 0.54765625 0.015625 0.0265625 
0 0.921875 0.44765625 0.025 0.0296875 
0 0.8171875 0.98125 0.025 0.01875 
0 0.840625 0.990625 0.028125 0.01875 
0 0.28046875 0.16640625 0.0296875 0.0171875 
0 0.5296875 0.6640625 0.015625 0.025 
0 0.1515625 0.46796875 0.028125 0.0203125 
0 0.15859375 0.4265625 0.0265625 0.01875 
0 0.0640625 0.26875 0.015625 0.028125 
0 0.0765625 0.15625 0.015625 0.025 
0 0.11484375 0.009375 0.0171875 0.015625 
0 0.1984375 0.1140625 0.028125 0.015625 
0 0.31328125 0.17421875 0.0265625 0.0140625 
0 0.5265625 0.2421875 0.03125 0.021875 
0 0.478125 0.23046875 0.028125 0.0171875 
0 0.0171875 0.06015625 0.03125 0.0203125 
