0 0.89375 0.6046875 0.025 0.03125 
0 0.9140625 0.5890625 0.021875 0.028125 
0 0.928125 0.57890625 0.021875 0.0328125 
0 0.5953125 0.8046875 0.028125 0.021875 
0 0.88203125 0.61015625 0.0234375 0.0296875 
0 0.86875 0.61875 0.025 0.034375 
0 0.85703125 0.62578125 0.0265625 0.0296875 
0 0.8296875 0.4625 0.03125 0.034375 
0 0.790625 0.484375 0.025 0.03125 
0 0.80390625 0.475 0.0296875 0.03125 
0 0.67421875 0.5578125 0.0265625 0.03125 
0 0.6859375 0.546875 0.025 0.028125 
0 0.69765625 0.540625 0.0265625 0.028125 
0 0.70859375 0.5328125 0.0296875 0.03125 
0 0.7546875 0.50625 0.028125 0.03125 
0 0.76796875 0.4984375 0.0265625 0.028125 
0 0.8171875 0.47109375 0.021875 0.0296875 
0 0.9921875 0.36171875 0.015625 0.0328125 
0 0.490625 0.5921875 0.028125 0.021875 
0 0.84609375 0.634375 0.0265625 0.028125 
0 0.640625 0.7546875 0.021875 0.034375 
0 0.653125 0.74921875 0.025 0.0328125 
0 0.52265625 0.85234375 0.0296875 0.0265625 
0 0.61875 0.79296875 0.028125 0.0203125 
0 0.784375 0.73671875 0.034375 0.0265625 
0 0.7484375 0.690625 0.025 0.034375 
0 0.759375 0.684375 0.025 0.034375 
0 0.77265625 0.67578125 0.0296875 0.0359375 
0 0.78515625 0.66484375 0.0265625 0.0328125 
0 0.7953125 0.65859375 0.025 0.0296875 
0 0.81015625 0.65390625 0.0234375 0.0296875 
0 0.821875 0.64765625 0.025 0.0296875 
0 0.8328125 0.6421875 0.025 0.03125 
0 0.30546875 0.97734375 0.0328125 0.0203125 
0 0.74375 0.5109375 0.028125 0.03125 
0 0.29921875 0.4765625 0.0234375 0.034375 
0 0.31171875 0.47109375 0.0203125 0.0296875 
0 0.3265625 0.46171875 0.021875 0.0328125 
0 0.0703125 0.03359375 0.03125 0.0234375 
0 0.04609375 0.04921875 0.0296875 0.0234375 
0 0.02578125 0.0265625 0.0359375 0.028125 
0 0.47734375 0.00625 0.0265625 0.009375 
0 0.46015625 0.00703125 0.0265625 0.0109375 
0 0.4484375 0.0125 0.021875 0.021875 
0 0.33203125 0.17421875 0.0328125 0.0296875 
0 0.275 0.20859375 0.03125 0.0265625 
0 0.49453125 0.321875 0.0296875 0.025 
0 0.67734375 0.44609375 0.0296875 0.0328125 
0 0.33203125 0.96328125 0.0265625 0.0234375 
0 0.08984375 0.90546875 0.0265625 0.0296875 
0 0.01796875 0.946875 0.0234375 0.034375 
0 0.0296875 0.94140625 0.021875 0.0296875 
0 0.04296875 0.93515625 0.0234375 0.0296875 
0 0.10390625 0.89921875 0.0265625 0.0328125 
0 0.1140625 0.8921875 0.021875 0.03125 
0 0.2546875 0.78046875 0.03125 0.0265625 
0 0.02890625 0.59296875 0.0296875 0.0265625 
0 0.13125 0.5296875 0.03125 0.028125 
0 0.10546875 0.53515625 0.0296875 0.0265625 
