0 0.42265625 0.6875 0.0203125 0.028125 
0 0.43359375 0.69765625 0.0140625 0.0234375 
0 0.7359375 0.7734375 0.03125 0.01875 
0 0.14609375 0.528125 0.0265625 0.01875 
0 0.1203125 0.51640625 0.028125 0.0234375 
0 0.05859375 0.44765625 0.0296875 0.0265625 
0 0.05078125 0.4796875 0.0296875 0.025 
0 0.36875 0.5359375 0.028125 0.025 
0 0.00546875 0.29609375 0.0078125 0.0234375 
0 0.053125 0.28203125 0.021875 0.0234375 
0 0.03203125 0.24375 0.0203125 0.028125 
0 0.28828125 0.2421875 0.0296875 0.021875 
0 0.20234375 0.203125 0.0265625 0.021875 
0 0.4046875 0.684375 0.01875 0.028125 
0 0.39140625 0.6796875 0.0234375 0.03125 
0 0.3421875 0.621875 0.025 0.01875 
0 0.01640625 0.27109375 0.0203125 0.0265625 
0 0.31328125 0.6078125 0.0296875 0.01875 
0 0.046875 0.21484375 0.01875 0.0265625 
0 0.50625 0.33828125 0.028125 0.0203125 
0 0.1390625 0.0578125 0.01875 0.028125 
0 0.8921875 0.73828125 0.028125 0.0203125 
0 0.9390625 0.571875 0.028125 0.01875 
0 0.92890625 0.61484375 0.0265625 0.0109375 
0 0.9359375 0.58671875 0.025 0.0171875 
0 0.92890625 0.6 0.0203125 0.0125 
0 0.89140625 0.5984375 0.0234375 0.0125 
0 0.95234375 0.60859375 0.0203125 0.0265625 
0 0.83203125 0.68203125 0.0203125 0.0265625 
0 0.8078125 0.6765625 0.01875 0.028125 
0 0.81875 0.67890625 0.01875 0.0265625 
0 0.6890625 0.55546875 0.025 0.0296875 
0 0.6875 0.66328125 0.028125 0.0203125 
0 0.4625 0.49140625 0.025 0.0234375 
