0 0.659375 0.89453125 0.03125 0.0203125 
0 0.2859375 0.54609375 0.034375 0.0171875 
0 0.16015625 0.37578125 0.0265625 0.0203125 
0 0.33828125 0.34375 0.0234375 0.03125 
0 0.31640625 0.359375 0.0234375 0.028125 
0 0.30703125 0.36640625 0.0234375 0.0296875 
0 0.29453125 0.3703125 0.0234375 0.03125 
0 0.2796875 0.378125 0.025 0.03125 
0 0.2390625 0.40703125 0.021875 0.0296875 
0 0.22890625 0.41171875 0.0203125 0.0296875 
0 0.21796875 0.4203125 0.0265625 0.03125 
0 0.19453125 0.434375 0.0203125 0.028125 
0 0.10390625 0.41171875 0.0265625 0.0265625 
0 0.02265625 0.45703125 0.0234375 0.0234375 
0 0.0328125 0.4875 0.03125 0.025 
0 0.01015625 0.503125 0.0171875 0.021875 
0 0.61328125 0.29140625 0.0234375 0.0328125 
0 0.6 0.2484375 0.021875 0.028125 
0 0.54140625 0.084375 0.0234375 0.034375 
0 0.390625 0.2359375 0.028125 0.021875 
0 0.353125 0.3375 0.025 0.03125 
0 0.33125 0.3515625 0.025 0.03125 
0 0.253125 0.4 0.025 0.03125 
0 0.5578125 0.7765625 0.03125 0.025 
0 0.58359375 0.7703125 0.0296875 0.021875 
0 0.61015625 0.7578125 0.0328125 0.021875 
0 0.71796875 0.721875 0.0296875 0.028125 
0 0.6875 0.73203125 0.034375 0.0265625 
0 0.81953125 0.95546875 0.0234375 0.0328125 
0 0.79921875 0.896875 0.0265625 0.021875 
0 0.73671875 0.85390625 0.0296875 0.0203125 
0 0.63203125 0.9046875 0.0296875 0.01875 
0 0.40390625 0.915625 0.0296875 0.015625 
0 0.39609375 0.90390625 0.0265625 0.0171875 
0 0.378125 0.94375 0.021875 0.03125 
0 0.3515625 0.8765625 0.03125 0.025 
0 0.38203125 0.74921875 0.0203125 0.0328125 
0 0.40703125 0.8171875 0.0234375 0.03125 
0 0.2078125 0.4265625 0.028125 0.03125 
0 0.17421875 0.5875 0.0328125 0.021875 
0 0.18359375 0.440625 0.0234375 0.028125 
0 0.171875 0.44921875 0.025 0.0328125 
0 0.159375 0.45703125 0.025 0.0328125 
0 0.14765625 0.46484375 0.0234375 0.0296875 
0 0.13046875 0.39765625 0.0265625 0.0265625 
0 0.0078125 0.46875 0.0125 0.021875 
0 0.5390625 0.459375 0.03125 0.021875 
0 0.43359375 0.5671875 0.0328125 0.01875 
0 0.35546875 0.52265625 0.0328125 0.0234375 
0 0.315625 0.5375 0.03125 0.021875 
0 0.23046875 0.5671875 0.0296875 0.01875 
0 0.2046875 0.578125 0.03125 0.021875 
0 0.09453125 0.61640625 0.0328125 0.0171875 
0 0.534375 0.73515625 0.0375 0.0203125 
0 0.06015625 0.62890625 0.0265625 0.0203125 
0 0.125 0.60703125 0.03125 0.0203125 
0 0.5671875 0.44609375 0.03125 0.0171875 
0 0.51171875 0.465625 0.0296875 0.015625 
0 0.4828125 0.47578125 0.03125 0.0203125 
0 0.42265625 0.49921875 0.0328125 0.0203125 
0 0.840625 0.628125 0.021875 0.034375 
0 0.78203125 0.58359375 0.0359375 0.0203125 
0 0.7765625 0.85 0.03125 0.025 
0 0.778125 0.9390625 0.021875 0.028125 
0 0.7375 0.71171875 0.040625 0.0265625 
0 0.6609375 0.7375 0.034375 0.025 
0 0.6328125 0.75 0.034375 0.021875 
