0 0.6890625 0.03046875 0.0625 0.0578125 
0 0.66484375 0.01875 0.0703125 0.034375 
0 0.865625 0.16640625 0.08125 0.0890625 
0 0.01640625 0.61875 0.0296875 0.075 
0 0.11015625 0.92734375 0.0953125 0.0890625 
0 0.2890625 0.96640625 0.075 0.0671875 
0 0.26328125 0.9796875 0.0734375 0.040625 
0 0.23515625 0.99296875 0.0796875 0.0140625 
0 0.71796875 0.0421875 0.0703125 0.075 
0 0.74765625 0.06171875 0.0640625 0.0671875 
0 0.78359375 0.0859375 0.0640625 0.071875 
0 0.81171875 0.10703125 0.0671875 0.0734375 
0 0.83359375 0.15 0.0640625 0.065625 
0 0.96484375 0.2109375 0.0578125 0.065625 
0 0.984375 0.21484375 0.03125 0.0765625 
