0 0.98671875 0.57109375 0.0265625 0.0703125 
0 0.97578125 0.53828125 0.0484375 0.0703125 
1 0.12578125 0.84453125 0.1234375 0.1578125 
1 0.15546875 0.7984375 0.1015625 0.125 
1 0.246875 0.66328125 0.121875 0.1421875 
1 0.128125 0.70546875 0.13125 0.1046875 
1 0.10078125 0.66484375 0.1296875 0.0984375 
1 0.1390625 0.265625 0.115625 0.15625 
1 0.13203125 0.33671875 0.1015625 0.1296875 
1 0.1078125 0.38984375 0.125 0.1671875 
1 0.053125 0.3828125 0.103125 0.159375 
1 0.0265625 0.38125 0.05 0.15625 
1 0.01796875 0.44296875 0.0328125 0.1546875 
1 0.16640625 0.22109375 0.1015625 0.1234375 
1 0.3828125 0.24921875 0.08125 0.0984375 
1 0.6125 0.3015625 0.18125 0.140625 
1 0.9578125 0.178125 0.084375 0.184375 
1 0.67578125 0.37890625 0.1765625 0.1359375 
1 0.64453125 0.3375 0.1828125 0.1375 
1 0.58515625 0.25859375 0.1828125 0.1390625 
1 0.55390625 0.21484375 0.1890625 0.1390625 
1 0.5265625 0.17265625 0.178125 0.1296875 
1 0.49609375 0.13359375 0.1609375 0.1265625 
1 0.475 0.08828125 0.165625 0.1328125 
1 0.44765625 0.05546875 0.1703125 0.1078125 
1 0.4265625 0.0359375 0.18125 0.06875 
1 0.39609375 0.0140625 0.1734375 0.025 
0 0.94609375 0.40859375 0.0640625 0.0734375 
