0 0.45546875 0.13828125 0.0453125 0.0734375 
1 0.45234375 0.97734375 0.1421875 0.0453125 
1 0.8484375 0.83046875 0.11875 0.1609375 
1 0.88984375 0.746875 0.0921875 0.15 
1 0.93046875 0.72578125 0.0984375 0.1359375 
1 0.80625 0.9875 0.19375 0.025 
1 0.7390625 0.83515625 0.159375 0.2328125 
0 0.41171875 0.1609375 0.0453125 0.065625 
0 0.37265625 0.19296875 0.0390625 0.0640625 
0 0.3328125 0.2203125 0.040625 0.071875 
0 0.29375 0.246875 0.040625 0.071875 
0 0.25546875 0.271875 0.0421875 0.078125 
0 0.165625 0.34140625 0.040625 0.0796875 
0 0.12578125 0.371875 0.0484375 0.08125 
0 0.0828125 0.40390625 0.040625 0.0734375 
0 0.04296875 0.42578125 0.0359375 0.0703125 
0 0.01328125 0.4515625 0.0234375 0.071875 
0 0.4890625 0.2671875 0.071875 0.059375 
0 0.55 0.234375 0.065625 0.05 
0 0.35703125 0.3453125 0.0765625 0.059375 
0 0.2921875 0.38671875 0.065625 0.0515625 
0 0.23125 0.42265625 0.0625 0.0484375 
1 0.5765625 0.93046875 0.090625 0.1046875 
