0 0.87734375 0.2078125 0.0578125 0.06875 
0 0.77890625 0.1859375 0.0703125 0.078125 
0 0.7625 0.1453125 0.084375 0.08125 
0 0.73515625 0.1078125 0.0765625 0.06875 
0 0.6875 0.0515625 0.078125 0.06875 
0 0.83984375 0.1890625 0.0578125 0.078125 
0 0.596875 0.63125 0.075 0.065625 
0 0.58828125 0.57734375 0.0796875 0.0765625 
0 0.2859375 0.51171875 0.065625 0.0828125 
0 0.2015625 0.27734375 0.084375 0.0703125 
0 0.1734375 0.2109375 0.09375 0.078125 
0 0.15078125 0.178125 0.0890625 0.075 
1 0.56328125 0.3171875 0.1015625 0.0875 
1 0.4546875 0.04453125 0.115625 0.0859375 
1 0.4765625 0.10625 0.146875 0.115625 
1 0.415625 0.025 0.125 0.046875 
