1 0.21640625 0.228125 0.0796875 0.03125 
0 0.81796875 0.67421875 0.0265625 0.0265625 
0 0.95625 0.56953125 0.03125 0.0296875 
0 0.94375 0.63203125 0.028125 0.0296875 
0 0.80390625 0.51328125 0.0328125 0.0359375 
0 0.828125 0.4984375 0.03125 0.03125 
0 0.78828125 0.52421875 0.0328125 0.0328125 
0 0.7734375 0.5359375 0.03125 0.03125 
0 0.84296875 0.48046875 0.0328125 0.0328125 
0 0.86328125 0.45390625 0.0390625 0.0390625 
0 0.71953125 0.578125 0.0484375 0.05 
0 0.740625 0.571875 0.034375 0.034375 
0 0.7796875 0.59453125 0.03125 0.0328125 
0 0.84140625 0.53515625 0.0296875 0.0296875 
0 0.85546875 0.52421875 0.0296875 0.0296875 
0 0.88984375 0.60703125 0.0421875 0.0421875 
0 0.64375 0.871875 0.034375 0.034375 
0 0.67109375 0.9046875 0.0359375 0.034375 
0 0.71015625 0.95078125 0.0328125 0.0328125 
0 0.69921875 0.93515625 0.0359375 0.0328125 
0 0.725 0.9625 0.034375 0.034375 
0 0.84296875 0.64765625 0.0296875 0.0328125 
0 0.79296875 0.684375 0.0328125 0.034375 
0 0.89296875 0.778125 0.0296875 0.028125 
0 0.09296875 0.32734375 0.0359375 0.0265625 
0 0.1625 0.29375 0.025 0.03125 
0 0.20859375 0.26953125 0.0265625 0.0328125 
0 0.22421875 0.2625 0.0203125 0.025 
0 0.24453125 0.25859375 0.0234375 0.0265625 
0 0.41015625 0.33515625 0.0296875 0.0296875 
0 0.475 0.28515625 0.021875 0.0234375 
0 0.54375 0.64921875 0.0375 0.0328125 
0 0.70390625 0.65546875 0.0359375 0.0328125 
0 0.72734375 0.6359375 0.0296875 0.028125 
0 0.740625 0.628125 0.03125 0.028125 
0 0.7546875 0.61640625 0.03125 0.0328125 
0 0.7296875 0.75234375 0.034375 0.0328125 
0 0.74296875 0.7640625 0.0328125 0.03125 
0 0.75 0.78359375 0.03125 0.0296875 
0 0.76171875 0.796875 0.0328125 0.028125 
0 0.76953125 0.8109375 0.0296875 0.028125 
0 0.78203125 0.821875 0.0328125 0.034375 
0 0.8109375 0.7484375 0.03125 0.03125 
0 0.8578125 0.70625 0.034375 0.03125 
0 0.89453125 0.67421875 0.0328125 0.0328125 
0 0.91484375 0.75390625 0.0296875 0.0328125 
0 0.83359375 0.83515625 0.0296875 0.0296875 
0 0.846875 0.825 0.028125 0.03125 
0 0.85859375 0.8125 0.0296875 0.03125 
0 0.87265625 0.80390625 0.0296875 0.0296875 
0 0.88203125 0.7890625 0.0328125 0.03125 
