1 0.36328125 0.67109375 0.1984375 0.1515625 
1 0.49453125 0.88515625 0.2046875 0.1515625 
1 0.44296875 0.7984375 0.1953125 0.146875 
1 0.4 0.71015625 0.184375 0.1390625 
1 0.41640625 0.759375 0.1953125 0.146875 
1 0.3359375 0.6296875 0.190625 0.14375 
1 0.29296875 0.60390625 0.1984375 0.1421875 
1 0.26796875 0.5546875 0.2015625 0.15 
1 0.240625 0.515625 0.2 0.153125 
1 0.215625 0.4703125 0.20625 0.15 
1 0.17421875 0.37578125 0.1953125 0.1515625 
1 0.1453125 0.33359375 0.196875 0.1484375 
1 0.11796875 0.23515625 0.2046875 0.1546875 
1 0.09921875 0.190625 0.1953125 0.15625 
1 0.0828125 0.1484375 0.1625 0.159375 
1 0.0734375 0.103125 0.14375 0.15625 
1 0.0515625 0.075 0.1 0.146875 
1 0.0328125 0.0296875 0.0625 0.05625 
1 0.01953125 0.00546875 0.0359375 0.0078125 
