1 0.58984375 0.959375 0.0515625 0.053125 
0 0.4046875 0.7421875 0.028125 0.028125 
0 0.23125 0.80625 0.034375 0.025 
0 0.21015625 0.76875 0.0328125 0.01875 
0 0.253125 0.76171875 0.03125 0.0421875 
0 0.73671875 0.49921875 0.0265625 0.0234375 
0 0.8203125 0.44765625 0.025 0.0296875 
0 0.74921875 0.4890625 0.0359375 0.034375 
0 0.96875 0.04375 0.015625 0.03125 
0 0.99140625 0.021875 0.0171875 0.034375 
0 0.99375 0.55625 0.0125 0.034375 
0 0.9875 0.56796875 0.025 0.0359375 
0 0.92890625 0.5125 0.0484375 0.053125 
