0 0.990625 0.0625 0.01875 0.034375 
0 0.99375 0.203125 0.0125 0.028125 
0 0.9515625 0.14609375 0.0375 0.0328125 
0 0.89765625 0.090625 0.0359375 0.028125 
0 0.97421875 0.6859375 0.0203125 0.03125 
0 0.99375 0.7078125 0.0125 0.03125 
0 0.98359375 0.71328125 0.0203125 0.0296875 
0 0.96875 0.721875 0.021875 0.03125 
0 0.9546875 0.72734375 0.021875 0.0328125 
0 0.94140625 0.73359375 0.0203125 0.0265625 
0 0.9265625 0.740625 0.01875 0.028125 
0 0.55625 0.95546875 0.025 0.0296875 
0 0.521875 0.9265625 0.034375 0.03125 
0 0.73828125 0.87265625 0.0296875 0.0328125 
0 0.7234375 0.8796875 0.028125 0.034375 
0 0.840625 0.84453125 0.03125 0.0328125 
0 0.834375 0.81640625 0.034375 0.0296875 
0 0.8171875 0.859375 0.025 0.03125 
0 0.98671875 0.86796875 0.0265625 0.0234375 
0 0.7765625 0.978125 0.034375 0.03125 
0 0.85078125 0.990625 0.0328125 0.01875 
0 0.89375 0.74609375 0.015625 0.0265625 
0 0.91015625 0.74375 0.0234375 0.025 
0 0.88046875 0.75234375 0.0203125 0.0296875 
0 0.70078125 0.12421875 0.0296875 0.0265625 
0 0.70625 0.2515625 0.021875 0.028125 
0 0.690625 0.25859375 0.021875 0.0328125 
0 0.63046875 0.16796875 0.0265625 0.0328125 
0 0.83671875 0.26953125 0.0328125 0.0328125 
0 0.803125 0.23671875 0.03125 0.0328125 
0 0.74453125 0.16953125 0.0359375 0.0328125 
0 0.68203125 0.096875 0.0265625 0.025 
0 0.7234375 0.5953125 0.01875 0.028125 
0 0.675 0.1875 0.021875 0.034375 
0 0.64765625 0.203125 0.0234375 0.0375 
0 0.56171875 0.196875 0.0234375 0.03125 
0 0.50078125 0.21875 0.0265625 0.034375 
0 0.53046875 0.2109375 0.0171875 0.025 
0 0.5625 0.09296875 0.021875 0.0265625 
0 0.74296875 0.3421875 0.0171875 0.03125 
0 0.628125 0.38359375 0.021875 0.0296875 
0 0.609375 0.384375 0.025 0.034375 
0 0.58203125 0.3953125 0.0203125 0.03125 
0 0.5328125 0.4484375 0.025 0.034375 
0 0.684375 0.465625 0.025 0.034375 
0 0.7 0.4609375 0.025 0.0375 
0 0.76015625 0.440625 0.0265625 0.034375 
0 0.846875 0.41015625 0.025 0.0296875 
0 0.86015625 0.44375 0.0234375 0.034375 
0 0.45234375 0.60625 0.0296875 0.028125 
0 0.59375 0.72421875 0.03125 0.0359375 
0 0.634375 0.628125 0.021875 0.028125 
0 0.64765625 0.621875 0.0203125 0.028125 
0 0.66484375 0.6140625 0.0234375 0.028125 
0 0.678125 0.60859375 0.021875 0.0328125 
0 0.69609375 0.60703125 0.0203125 0.0328125 
0 0.64140625 0.30546875 0.0203125 0.0328125 
0 0.58203125 0.32578125 0.0171875 0.0265625 
0 0.52578125 0.34609375 0.0234375 0.0296875 
0 0.4453125 0.3421875 0.03125 0.0375 
0 0.32890625 0.29609375 0.0328125 0.0328125 
0 0.340625 0.209375 0.028125 0.03125 
0 0.3578125 0.2 0.021875 0.025 
0 0.4359375 0.25234375 0.025 0.0265625 
0 0.45078125 0.26015625 0.0234375 0.0265625 
0 0.70625 0.6015625 0.01875 0.028125 
0 0.73515625 0.59140625 0.0203125 0.0296875 
0 0.8375 0.76640625 0.021875 0.0296875 
0 0.97734375 0.61328125 0.0234375 0.0328125 
0 0.93203125 0.62890625 0.0234375 0.0296875 
0 0.990625 0.60703125 0.01875 0.0328125 
0 0.91875 0.63359375 0.021875 0.0296875 
0 0.75546875 0.58671875 0.0203125 0.0296875 
0 0.90234375 0.6390625 0.0203125 0.028125 
0 0.890625 0.6453125 0.021875 0.03125 
0 0.8765625 0.64921875 0.021875 0.0328125 
0 0.85859375 0.653125 0.0171875 0.028125 
0 0.84453125 0.65859375 0.0203125 0.0265625 
0 0.83046875 0.66484375 0.0203125 0.0296875 
0 0.94609375 0.621875 0.0265625 0.034375 
0 0.75390625 0.76015625 0.0203125 0.0296875 
0 0.72421875 0.76953125 0.0203125 0.0296875 
0 0.73984375 0.76640625 0.0203125 0.0296875 
0 0.76640625 0.753125 0.0234375 0.03125 
0 0.78203125 0.7484375 0.0234375 0.034375 
0 0.79765625 0.7453125 0.0203125 0.03125 
0 0.81171875 0.74140625 0.0171875 0.0265625 
0 0.82734375 0.7359375 0.0203125 0.03125 
0 0.8421875 0.7328125 0.01875 0.028125 
0 0.85703125 0.7265625 0.0203125 0.028125 
0 0.87109375 0.72265625 0.0203125 0.0265625 
0 0.88828125 0.71953125 0.0234375 0.0296875 
0 0.90234375 0.71484375 0.0203125 0.0265625 
0 0.91796875 0.71484375 0.0171875 0.0296875 
0 0.79453125 0.77890625 0.0203125 0.0265625 
0 0.81171875 0.7796875 0.0203125 0.03125 
0 0.80078125 0.671875 0.0203125 0.025 
0 0.7875 0.678125 0.021875 0.03125 
0 0.76875 0.68046875 0.021875 0.0265625 
0 0.73125 0.659375 0.01875 0.03125 
0 0.8234375 0.56015625 0.021875 0.0328125 
0 0.83828125 0.5546875 0.0203125 0.028125 
0 0.81171875 0.56875 0.0203125 0.028125 
0 0.853125 0.55234375 0.01875 0.0265625 
0 0.86953125 0.54609375 0.0234375 0.0296875 
0 0.884375 0.53828125 0.021875 0.0328125 
0 0.89765625 0.5328125 0.0171875 0.03125 
0 0.9421875 0.52109375 0.01875 0.0296875 
0 0.95625 0.5125 0.01875 0.028125 
0 0.684375 0.71328125 0.021875 0.0328125 
0 0.78046875 0.57734375 0.0203125 0.0296875 
0 0.79609375 0.5734375 0.0203125 0.03125 
0 0.69765625 0.7109375 0.0203125 0.03125 
0 0.71171875 0.70625 0.0203125 0.028125 
0 0.76171875 0.653125 0.0203125 0.028125 
0 0.9796875 0.578125 0.03125 0.0375 
0 0.775 0.65078125 0.025 0.0328125 
0 0.79140625 0.64609375 0.0203125 0.0296875 
0 0.8078125 0.640625 0.01875 0.028125 
0 0.8359375 0.6296875 0.01875 0.03125 
0 0.8515625 0.62578125 0.01875 0.0296875 
0 0.8640625 0.62109375 0.021875 0.0296875 
0 0.878125 0.615625 0.021875 0.025 
0 0.89375 0.609375 0.021875 0.028125 
0 0.9046875 0.603125 0.028125 0.028125 
0 0.9234375 0.6 0.021875 0.028125 
0 0.953125 0.58828125 0.021875 0.0328125 
0 0.99296875 0.57421875 0.0140625 0.0359375 
0 0.86796875 0.05546875 0.0265625 0.0296875 
0 0.91875 0.115625 0.028125 0.028125 
0 0.9296875 0.125 0.028125 0.028125 
0 0.98125 0.184375 0.03125 0.028125 
0 0.9625 0.61484375 0.025 0.0328125 
0 0.9625 0.69296875 0.025 0.0296875 
0 0.94453125 0.69453125 0.0171875 0.0328125 
0 0.93125 0.7015625 0.021875 0.034375 
0 0.9875 0.68203125 0.025 0.0296875 
0 0.86328125 0.75546875 0.0203125 0.0296875 
0 0.85078125 0.759375 0.0203125 0.034375 
0 0.58203125 0.93359375 0.0296875 0.0296875 
0 0.61875 0.903125 0.028125 0.03125 
0 0.64296875 0.8859375 0.0265625 0.028125 
0 0.6546875 0.87578125 0.025 0.0296875 
0 0.6984375 0.9875 0.034375 0.025 
0 0.47578125 0.1484375 0.0203125 0.03125 
0 0.4921875 0.1421875 0.025 0.034375 
0 0.48515625 0.46015625 0.0234375 0.0390625 
0 0.57265625 0.225 0.0234375 0.0375 
0 0.7375 0.55 0.034375 0.0375 
