1 0.05546875 0.62890625 0.0328125 0.0484375 
0 0.26171875 0.76484375 0.0203125 0.0328125 
0 0.37734375 0.82265625 0.0328125 0.0234375 
0 0.5296875 0.8203125 0.021875 0.034375 
0 0.490625 0.828125 0.021875 0.034375 
0 0.3265625 0.7390625 0.028125 0.0375 
0 0.309375 0.7453125 0.025 0.034375 
0 0.2765625 0.75859375 0.025 0.0359375 
0 0.3734375 0.6 0.021875 0.040625 
1 0.0734375 0.615625 0.0375 0.053125 
1 0.2046875 0.853125 0.071875 0.046875 
1 0.6890625 0.42109375 0.028125 0.0734375 
1 0.49375 0.4296875 0.04375 0.065625 
1 0.46796875 0.45625 0.0484375 0.075 
1 0.27265625 0.52265625 0.0359375 0.0578125 
1 0.15234375 0.57734375 0.0328125 0.0484375 
1 0.16328125 0.61796875 0.0578125 0.0359375 
