0 0.990625 0.0140625 0.01875 0.025 
0 0.98671875 0.00625 0.0265625 0.009375 
0 0.9484375 0.625 0.03125 0.021875 
0 0.93984375 0.7953125 0.0234375 0.034375 
0 0.93671875 0.61328125 0.0390625 0.0265625 
0 0.934375 0.59140625 0.028125 0.0234375 
0 0.9671875 0.68203125 0.0375 0.0265625 
0 0.98359375 0.71484375 0.0328125 0.0265625 
0 0.99453125 0.77578125 0.0109375 0.0265625 
0 0.8515625 0.88828125 0.021875 0.0296875 
0 0.834375 0.903125 0.021875 0.028125 
0 0.49296875 0.7703125 0.0203125 0.028125 
0 0.91328125 0.31328125 0.0296875 0.0203125 
0 0.91875 0.3296875 0.025 0.021875 
0 0.85546875 0.33828125 0.0359375 0.0234375 
0 0.94375 0.19453125 0.028125 0.0359375 
0 0.9640625 0.22265625 0.021875 0.0328125 
