0 0.9171875 0.05546875 0.025 0.0296875 
0 0.8953125 0.0140625 0.028125 0.025 
0 0.90703125 0.0234375 0.0265625 0.03125 
0 0.93203125 0.0875 0.0234375 0.03125 
0 0.9484375 0.12109375 0.03125 0.0328125 
0 0.9703125 0.16484375 0.028125 0.0296875 
0 0.8984375 0.4609375 0.040625 0.028125 
0 0.99375 0.415625 0.0125 0.028125 
0 0.98984375 0.39921875 0.0203125 0.0265625 
0 0.928125 0.40078125 0.034375 0.0234375 
0 0.91796875 0.37890625 0.0328125 0.0234375 
0 0.9828125 0.084375 0.034375 0.025 
0 0.98046875 0.06640625 0.0359375 0.0203125 
0 0.975 0.0453125 0.0375 0.01875 
0 0.99453125 0.0140625 0.0109375 0.021875 
0 0.9 0.3484375 0.03125 0.021875 
0 0.9890625 0.21875 0.021875 0.03125 
0 0.94453125 0.28125 0.0328125 0.028125 
0 0.8875 0.303125 0.03125 0.021875 
0 0.89140625 0.3203125 0.0359375 0.028125 
