0 0.74453125 0.30703125 0.0265625 0.0296875 
0 0.7203125 0.2453125 0.028125 0.03125 
0 0.88203125 0.2515625 0.0296875 0.03125 
0 0.86953125 0.2234375 0.0296875 0.03125 
0 0.859375 0.209375 0.034375 0.034375 
0 0.78828125 0.271875 0.0359375 0.015625 
0 0.79921875 0.296875 0.0296875 0.0125 
0 0.8140625 0.31328125 0.03125 0.0171875 
0 0.81484375 0.3265625 0.0328125 0.01875 
0 0.82265625 0.34296875 0.0328125 0.0171875 
0 0.82890625 0.284375 0.0359375 0.01875 
0 0.73046875 0.25859375 0.0234375 0.0234375 
0 0.9890625 0.48671875 0.021875 0.0328125 
0 0.87578125 0.37578125 0.0328125 0.0234375 
0 0.8921875 0.40546875 0.03125 0.0234375 
0 0.940625 0.3703125 0.021875 0.03125 
0 0.9578125 0.4109375 0.028125 0.028125 
0 0.9640625 0.43359375 0.034375 0.0390625 
0 0.78984375 0.40625 0.0390625 0.0375 
0 0.84375 0.38984375 0.03125 0.0140625 
0 0.8828125 0.4796875 0.028125 0.015625 
0 0.89453125 0.49453125 0.0296875 0.0140625 
0 0.81796875 0.46640625 0.0328125 0.0359375 
0 0.75859375 0.33984375 0.0234375 0.0296875 
0 0.93515625 0.5140625 0.0265625 0.01875 
0 0.95078125 0.54609375 0.0265625 0.0171875 
0 0.93046875 0.571875 0.0296875 0.015625 
0 0.90390625 0.51015625 0.0265625 0.0140625 
0 0.90859375 0.52421875 0.0265625 0.0203125 
0 0.95 0.39921875 0.025 0.0296875 
0 0.91484375 0.3296875 0.0265625 0.03125 
0 0.92109375 0.340625 0.0265625 0.028125 
0 0.66328125 0.13125 0.0390625 0.034375 
0 0.6859375 0.17109375 0.03125 0.0296875 
0 0.6953125 0.184375 0.03125 0.028125 
0 0.74609375 0.16484375 0.0234375 0.0171875 
0 0.7375 0.15 0.028125 0.015625 
0 0.7515625 0.17734375 0.025 0.0109375 
0 0.7625 0.19296875 0.03125 0.0140625 
0 0.8078125 0.0859375 0.03125 0.034375 
0 0.89375 0.27890625 0.028125 0.0296875 
0 0.65703125 0.1109375 0.0234375 0.028125 
0 0.65390625 0.09453125 0.0234375 0.0265625 
0 0.71640625 0.11640625 0.0328125 0.0140625 
0 0.6765625 0.15859375 0.028125 0.0296875 
0 0.890625 0.26171875 0.025 0.0296875 
0 0.64609375 0.08203125 0.0265625 0.0296875 
0 0.97578125 0.8296875 0.0265625 0.025 
0 0.990625 0.85546875 0.01875 0.0296875 
0 0.98671875 0.83984375 0.0265625 0.0296875 
0 0.97421875 0.81015625 0.0296875 0.0328125 
0 0.9625 0.8 0.025 0.028125 
0 0.95703125 0.78203125 0.0234375 0.0234375 
0 0.95 0.765625 0.025 0.025 
0 0.9640625 0.66015625 0.03125 0.0140625 
0 0.99140625 0.72109375 0.0171875 0.0140625 
0 0.91875 0.69140625 0.03125 0.0359375 
0 0.940625 0.59921875 0.034375 0.0203125 
0 0.853125 0.403125 0.03125 0.015625 
0 0.8578125 0.41875 0.03125 0.015625 
0 0.85859375 0.434375 0.0265625 0.01875 
0 0.87734375 0.46015625 0.0390625 0.0234375 
0 0.8453125 0.521875 0.025 0.03125 
0 0.87109375 0.58125 0.0296875 0.03125 
0 0.91328125 0.540625 0.0328125 0.0125 
0 0.92109375 0.55625 0.0359375 0.015625 
0 0.95078125 0.6296875 0.0359375 0.015625 
0 0.95703125 0.6453125 0.0359375 0.0125 
0 0.9734375 0.675 0.034375 0.015625 
0 0.7140625 0.08828125 0.025 0.0171875 
0 0.75 0.07734375 0.028125 0.0171875 
0 0.309375 0.1640625 0.025 0.03125 
0 0.2921875 0.15546875 0.028125 0.0296875 
0 0.28125 0.15 0.021875 0.028125 
0 0.265625 0.14296875 0.028125 0.0265625 
0 0.25234375 0.1359375 0.0234375 0.028125 
0 0.2390625 0.1265625 0.025 0.028125 
0 0.22421875 0.11953125 0.0234375 0.0265625 
0 0.21015625 0.11015625 0.0234375 0.0265625 
0 0.196875 0.0390625 0.021875 0.03125 
0 0.2125 0.034375 0.021875 0.034375 
0 0.28046875 0.04609375 0.0296875 0.0203125 
0 0.2875 0.05859375 0.028125 0.0234375 
0 0.29375 0.0734375 0.034375 0.025 
0 0.3078125 0.090625 0.021875 0.03125 
0 0.19609375 0.10546875 0.0234375 0.0296875 
0 0.18515625 0.096875 0.0234375 0.025 
0 0.16796875 0.0875 0.0234375 0.028125 
0 0.34375 0.01875 0.028125 0.025 
0 0.3390625 0.00859375 0.03125 0.0140625 
0 0.35078125 0.03046875 0.0296875 0.0234375 
0 0.1546875 0.07734375 0.025 0.0265625 
0 0.38359375 0.1109375 0.0296875 0.025 
0 0.36875 0.14375 0.025 0.03125 
0 0.33984375 0.15859375 0.0265625 0.0328125 
0 0.353125 0.15078125 0.025 0.0296875 
0 0.0625 0.00546875 0.03125 0.0078125 
0 0.0703125 0.0109375 0.025 0.01875 
0 0.08046875 0.0203125 0.0234375 0.025 
0 0.0921875 0.03046875 0.021875 0.0265625 
0 0.1046875 0.03828125 0.01875 0.0296875 
0 0.1203125 0.0453125 0.025 0.03125 
0 0.128125 0.0578125 0.025 0.025 
0 0.13984375 0.06953125 0.0265625 0.0296875 
0 0.61640625 0.69609375 0.0234375 0.0328125 
0 0.7 0.48984375 0.025 0.0234375 
0 0.70234375 0.50859375 0.0328125 0.0234375 
0 0.7109375 0.52421875 0.03125 0.0234375 
0 0.26171875 0.0078125 0.0328125 0.0125 
0 0.2640625 0.01640625 0.034375 0.0234375 
0 0.271875 0.03359375 0.0375 0.0265625 
0 0.35234375 0.0453125 0.0296875 0.021875 
0 0.3578125 0.059375 0.034375 0.021875 
0 0.3640625 0.07421875 0.034375 0.0296875 
0 0.72109375 0.53984375 0.0296875 0.0234375 
0 0.29140625 0.2953125 0.0265625 0.025 
0 0.57578125 0.22890625 0.0296875 0.0328125 
0 0.59453125 0.265625 0.0203125 0.028125 
0 0.60859375 0.31171875 0.0296875 0.0421875 
0 0.61875 0.32734375 0.025 0.0328125 
0 0.5671875 0.353125 0.03125 0.021875 
0 0.59609375 0.42734375 0.0328125 0.0265625 
0 0.6046875 0.45 0.0375 0.03125 
0 0.64453125 0.39296875 0.0296875 0.0390625 
0 0.6515625 0.41328125 0.021875 0.0296875 
0 0.721875 0.559375 0.034375 0.028125 
0 0.1875 0.0078125 0.0375 0.0125 
0 0.83203125 0.49296875 0.0265625 0.0296875 
