0 0.19140625 0.00859375 0.0265625 0.0140625 
0 0.1796875 0.01328125 0.028125 0.0234375 
0 0.165625 0.02109375 0.025 0.0296875 
0 0.15234375 0.02734375 0.0234375 0.0296875 
0 0.13984375 0.03515625 0.0265625 0.0296875 
0 0.12734375 0.04765625 0.0234375 0.0328125 
0 0.11484375 0.05234375 0.0234375 0.0265625 
0 0.0828125 0.065625 0.025 0.028125 
0 0.07265625 0.115625 0.0296875 0.034375 
0 0.07109375 0.075 0.0265625 0.03125 
0 0.05390625 0.08671875 0.0265625 0.0296875 
0 0.05234375 0.13203125 0.0265625 0.0359375 
0 0.0390625 0.13828125 0.025 0.0328125 
0 0.07109375 0.01171875 0.0265625 0.0203125 
0 0.0546875 0.0140625 0.028125 0.025 
0 0.040625 0.0203125 0.028125 0.028125 
0 0.08515625 0.00625 0.0265625 0.009375 
0 0.0875 0.10546875 0.03125 0.0296875 
0 0.1 0.0953125 0.028125 0.03125 
0 0.25 0.0078125 0.025 0.0125 
0 0.23828125 0.0140625 0.0265625 0.025 
0 0.22265625 0.01875 0.0296875 0.03125 
0 0.209375 0.0265625 0.028125 0.03125 
0 0.196875 0.0375 0.028125 0.028125 
0 0.1875 0.046875 0.03125 0.034375 
0 0.17109375 0.05703125 0.0265625 0.0328125 
0 0.1578125 0.0625 0.028125 0.034375 
0 0.14140625 0.0703125 0.0265625 0.03125 
0 0.13046875 0.08359375 0.0296875 0.0359375 
0 0.11640625 0.08515625 0.0203125 0.0265625 
0 0.88046875 0.87109375 0.0296875 0.0203125 
0 0.72578125 0.8078125 0.0703125 0.04375 
0 0.628125 0.74140625 0.03125 0.0265625 
0 0.4 0.6765625 0.034375 0.025 
0 0.40234375 0.646875 0.0328125 0.025 
0 0.2828125 0.62890625 0.03125 0.0234375 
0 0.98125 0.03671875 0.03125 0.0234375 
0 0.99453125 0.0828125 0.0109375 0.025 
0 0.990625 0.0671875 0.01875 0.025 
0 0.9875 0.05078125 0.025 0.0234375 
0 0.46015625 0.3953125 0.0328125 0.03125 
0 0.47421875 0.38671875 0.0328125 0.0359375 
0 0.5125 0.2984375 0.028125 0.034375 
0 0.378125 0.00546875 0.025 0.0078125 
0 0.36640625 0.0109375 0.0296875 0.01875 
0 0.35625 0.01640625 0.028125 0.0296875 
0 0.34296875 0.025 0.0203125 0.028125 
0 0.3296875 0.034375 0.028125 0.03125 
0 0.3125 0.0375 0.03125 0.034375 
0 0.2984375 0.04765625 0.025 0.0328125 
0 0.2859375 0.05703125 0.03125 0.0328125 
0 0.27109375 0.065625 0.0265625 0.03125 
0 0.259375 0.0765625 0.028125 0.03125 
0 0.2453125 0.08203125 0.025 0.0265625 
0 0.2359375 0.09296875 0.025 0.0296875 
0 0.22265625 0.10078125 0.0265625 0.0328125 
0 0.42265625 0.009375 0.0296875 0.015625 
0 0.19296875 0.11875 0.0296875 0.034375 
0 0.384375 0.03125 0.025 0.025 
0 0.4828125 0.08515625 0.021875 0.0265625 
0 0.521875 0.0609375 0.028125 0.034375 
0 0.57109375 0.103125 0.0296875 0.034375 
0 0.6046875 0.125 0.025 0.03125 
0 0.596875 0.084375 0.028125 0.03125 
0 0.5796875 0.0296875 0.025 0.028125 
0 0.63359375 0.22265625 0.0265625 0.0328125 
0 0.6703125 0.19609375 0.025 0.0296875 
0 0.6046875 0.01328125 0.028125 0.0234375 
0 0.4078125 0.01328125 0.025 0.0234375 
0 0.3984375 0.02421875 0.021875 0.0296875 
0 0.37265625 0.03984375 0.0203125 0.0296875 
0 0.2109375 0.14375 0.028125 0.03125 
0 0.35859375 0.0484375 0.0234375 0.03125 
0 0.3453125 0.05703125 0.025 0.0265625 
0 0.33046875 0.0671875 0.0234375 0.03125 
0 0.315625 0.07578125 0.025 0.0296875 
0 0.303125 0.0859375 0.025 0.03125 
0 0.2875 0.08828125 0.028125 0.0296875 
0 0.2765625 0.0984375 0.021875 0.028125 
0 0.2640625 0.1125 0.025 0.034375 
0 0.2515625 0.1203125 0.028125 0.034375 
0 0.23828125 0.12578125 0.0265625 0.0296875 
0 0.22578125 0.1359375 0.0265625 0.03125 
0 0.20546875 0.109375 0.0296875 0.03125 
0 0.18515625 0.16328125 0.0265625 0.0328125 
0 0.48359375 0.2015625 0.0296875 0.03125 
0 0.075 0.19375 0.025 0.025 
0 0.0609375 0.20078125 0.025 0.0296875 
0 0.04453125 0.20703125 0.0296875 0.0296875 
0 0.034375 0.215625 0.028125 0.03125 
0 0.028125 0.03046875 0.021875 0.0265625 
0 0.09921875 0.17421875 0.0265625 0.0328125 
0 0.08828125 0.184375 0.0265625 0.03125 
0 0.115625 0.16484375 0.028125 0.0296875 
0 0.19609375 0.15078125 0.0234375 0.0265625 
0 0.19453125 0.22734375 0.0296875 0.0359375 
0 0.18203125 0.12421875 0.0296875 0.0328125 
0 0.16796875 0.134375 0.0296875 0.0375 
0 0.153125 0.14140625 0.028125 0.0265625 
0 0.16953125 0.17109375 0.0296875 0.0359375 
0 0.15546875 0.18046875 0.0265625 0.0359375 
0 0.14375 0.29921875 0.025 0.0265625 
0 0.159375 0.29375 0.028125 0.034375 
0 0.1734375 0.28515625 0.028125 0.0359375 
0 0.18125 0.27109375 0.025 0.0296875 
0 0.1984375 0.265625 0.025 0.03125 
0 0.2125 0.25625 0.025 0.028125 
0 0.17734375 0.234375 0.0265625 0.03125 
0 0.09375 0.21640625 0.028125 0.0296875 
0 0.1640625 0.24453125 0.028125 0.0296875 
0 0.15234375 0.2546875 0.0265625 0.028125 
0 0.14375 0.26796875 0.025 0.0265625 
0 0.12890625 0.275 0.0234375 0.025 
0 0.1375 0.15078125 0.028125 0.0328125 
0 0.13046875 0.190625 0.0265625 0.03125 
0 0.115625 0.2 0.021875 0.03125 
0 0.10390625 0.20703125 0.0265625 0.0265625 
0 0.078125 0.2265625 0.028125 0.03125 
0 0.06796875 0.2375 0.0296875 0.034375 
0 0.053125 0.2421875 0.025 0.028125 
0 0.50546875 0.18125 0.0265625 0.03125 
0 0.5203125 0.253125 0.03125 0.03125 
0 0.4125 0.134375 0.028125 0.034375 
0 0.44140625 0.115625 0.0234375 0.03125 
0 0.43046875 0.1234375 0.0265625 0.034375 
0 0.384375 0.14609375 0.028125 0.0296875 
0 0.3734375 0.15625 0.03125 0.034375 
0 0.35625 0.165625 0.03125 0.03125 
0 0.3421875 0.1734375 0.021875 0.028125 
0 0.33125 0.18203125 0.021875 0.0265625 
0 0.31796875 0.19140625 0.0265625 0.0359375 
0 0.30625 0.203125 0.025 0.028125 
0 0.29140625 0.20859375 0.0265625 0.0296875 
0 0.275 0.21484375 0.021875 0.0265625 
0 0.45 0.0703125 0.021875 0.028125 
0 0.43828125 0.07890625 0.0234375 0.0296875 
0 0.42578125 0.08671875 0.0265625 0.0296875 
0 0.39453125 0.1 0.0296875 0.034375 
0 0.97734375 0.02421875 0.0328125 0.0265625 
0 0.409375 0.09765625 0.028125 0.0359375 
0 0.38125 0.11171875 0.025 0.0296875 
0 0.484375 0.28046875 0.03125 0.0328125 
0 0.4296875 0.34765625 0.03125 0.0328125 
0 0.34375 0.28828125 0.028125 0.0296875 
0 0.328125 0.29453125 0.025 0.0265625 
0 0.31796875 0.30390625 0.0265625 0.0265625 
0 0.29609375 0.275 0.0328125 0.0375 
0 0.28046875 0.33046875 0.0203125 0.0265625 
0 0.29453125 0.31796875 0.0203125 0.0296875 
0 0.2765625 0.29296875 0.028125 0.0359375 
0 0.2609375 0.29921875 0.028125 0.0328125 
0 0.25 0.3125 0.028125 0.03125 
0 0.2375 0.31796875 0.025 0.0328125 
0 0.2234375 0.32734375 0.028125 0.0328125 
0 0.4125 0.35234375 0.025 0.0296875 
0 0.328125 0.2640625 0.025 0.034375 
0 0.39765625 0.36484375 0.0265625 0.0328125 
0 0.38046875 0.3796875 0.0265625 0.03125 
0 0.425 0.3125 0.028125 0.034375 
0 0.41015625 0.31953125 0.0265625 0.0359375 
0 0.3953125 0.32578125 0.028125 0.0328125 
0 0.3828125 0.33671875 0.025 0.0296875 
0 0.3609375 0.35234375 0.028125 0.0359375 
0 0.34921875 0.36171875 0.0234375 0.0328125 
0 0.52734375 0.3546875 0.0265625 0.03125 
0 0.4421875 0.30859375 0.025 0.0328125 
0 0.453125 0.2953125 0.025 0.025 
0 0.31484375 0.27109375 0.0265625 0.0296875 
0 0.33828125 0.25078125 0.0328125 0.0359375 
0 0.37109375 0.12109375 0.0265625 0.0296875 
0 0.24375 0.2 0.028125 0.034375 
0 0.35546875 0.13125 0.0265625 0.03125 
0 0.34296875 0.13828125 0.0265625 0.0359375 
0 0.3265625 0.14609375 0.028125 0.0328125 
0 0.31875 0.15625 0.028125 0.03125 
0 0.29921875 0.16171875 0.0296875 0.0296875 
0 0.2859375 0.17109375 0.03125 0.0328125 
0 0.2734375 0.18046875 0.025 0.0328125 
0 0.25625 0.19140625 0.03125 0.0359375 
0 0.2609375 0.225 0.025 0.028125 
0 0.24453125 0.23046875 0.0234375 0.0265625 
0 0.2328125 0.2421875 0.025 0.028125 
0 0.23125 0.20546875 0.028125 0.0390625 
0 0.35078125 0.24140625 0.0296875 0.0296875 
0 0.21796875 0.21796875 0.0296875 0.0359375 
0 0.5 0.3703125 0.028125 0.0375 
0 0.421875 0.1984375 0.025 0.034375 
0 0.40859375 0.2046875 0.0296875 0.0375 
0 0.39296875 0.2140625 0.0265625 0.03125 
0 0.4 0.2515625 0.021875 0.028125 
0 0.3875 0.2625 0.025 0.03125 
0 0.3703125 0.26484375 0.021875 0.0328125 
0 0.3546875 0.2765625 0.025 0.034375 
0 0.38671875 0.22734375 0.0265625 0.0296875 
0 0.3671875 0.23203125 0.028125 0.0328125 
