0 0.91484375 0.26015625 0.0203125 0.0265625 
0 0.60859375 0.99375 0.0421875 0.0125 
0 0.7453125 0.98515625 0.025 0.0296875 
0 0.76484375 0.8875 0.0296875 0.028125 
0 0.2015625 0.06875 0.03125 0.01875 
0 0.8578125 0.27578125 0.0375 0.0328125 
0 0.90625 0.22578125 0.01875 0.0359375 
0 0.9015625 0.18828125 0.01875 0.0359375 
0 0.85078125 0.2484375 0.0328125 0.028125 
0 0.91171875 0.428125 0.0265625 0.0125 
0 0.98984375 0.46796875 0.0171875 0.0328125 
0 0.9125 0.47734375 0.03125 0.0328125 
0 0.89140625 0.5078125 0.0296875 0.028125 
0 0.21953125 0.6390625 0.0484375 0.0375 
0 0.77890625 0.89609375 0.0296875 0.0296875 
0 0.7546875 0.9953125 0.03125 0.009375 
0 0.5640625 0.9390625 0.03125 0.03125 
0 0.51953125 0.90546875 0.0359375 0.0328125 
0 0.88671875 0.3015625 0.0328125 0.034375 
