0 0.971875 0.3234375 0.05625 0.109375 
0 0.89296875 0.53359375 0.1421875 0.1046875 
0 0.015625 0.29140625 0.028125 0.1015625 
0 0.86875 0.57421875 0.146875 0.1046875 
0 0.84375 0.61015625 0.140625 0.1109375 
0 0.96875 0.8453125 0.0625 0.1 
0 0.99453125 0.75390625 0.0109375 0.1078125 
0 0.0296875 0.9 0.05625 0.125 
0 0.15625 0.0515625 0.103125 0.1 
0 0.04140625 0.65703125 0.0796875 0.1234375 
0 0.0453125 0.20546875 0.0875 0.1015625 
0 0.1 0.1265625 0.1 0.10625 
0 0.296875 0.95 0.1375 0.1 
0 0.40703125 0.99453125 0.1453125 0.0109375 
0 0.9265625 0.93203125 0.115625 0.1296875 
