0 0.96796875 0.40859375 0.0640625 0.1296875 
0 0.86328125 0.80078125 0.1390625 0.0953125 
0 0.61875 0.25859375 0.165625 0.1203125 
0 0.44453125 0.1921875 0.0984375 0.125 
0 0.38515625 0.08125 0.0984375 0.1125 
0 0.73515625 0.4875 0.1328125 0.1 
0 0.75234375 0.54921875 0.1703125 0.1046875 
0 0.81171875 0.66953125 0.1734375 0.1203125 
0 0.63984375 0.32578125 0.1328125 0.0828125 
0 0.85234375 0.7296875 0.1640625 0.10625 
0 0.89609375 0.85390625 0.1390625 0.1015625 
0 0.7828125 0.8953125 0.121875 0.15 
0 0.7234375 0.7703125 0.11875 0.146875 
0 0.5328125 0.38203125 0.13125 0.1546875 
0 0.6703125 0.38046875 0.146875 0.0890625 
0 0.921875 0.27890625 0.109375 0.1296875 
0 0.54453125 0.10234375 0.1515625 0.1015625 
0 0.78203125 0.61640625 0.1390625 0.0984375 
0 0.51171875 0.0515625 0.1421875 0.0875 
