0 0.59296875 0.50390625 0.0734375 0.1203125 
0 0.6046875 0.3625 0.075 0.103125 
0 0.10546875 0.59375 0.0609375 0.09375 
0 0.60546875 0.85390625 0.0578125 0.0921875 
0 0.17578125 0.85625 0.0578125 0.103125 
0 0.61796875 0.2375 0.0609375 0.090625 
0 0.65 0.01484375 0.06875 0.0265625 
0 0.80703125 0.02734375 0.0609375 0.0515625 
0 0.4421875 0.05078125 0.090625 0.0984375 
0 0.621875 0.95078125 0.075 0.0984375 
0 0.634375 0.09375 0.06875 0.096875 
0 0.8 0.09765625 0.059375 0.0859375 
0 0.78359375 0.20078125 0.0671875 0.1046875 
0 0.771875 0.31875 0.078125 0.103125 
0 0.83671875 0.97734375 0.0953125 0.0453125 
