0 0.446875 0.15625 0.04375 0.015625 
0 0.3265625 0.1609375 0.034375 0.0125 
0 0.296875 0.17578125 0.03125 0.0171875 
0 0.01171875 0.24765625 0.0203125 0.0140625 
0 0.35390625 0.50078125 0.0328125 0.0328125 
0 0.31171875 0.503125 0.0265625 0.03125 
0 0.009375 0.3234375 0.015625 0.015625 
0 0.178125 0.02734375 0.01875 0.0296875 
0 0.3140625 0.4234375 0.03125 0.0375 
0 0.86484375 0.559375 0.0359375 0.0125 
0 0.82109375 0.5578125 0.0328125 0.015625 
0 0.67890625 0.475 0.0328125 0.015625 
0 0.90390625 0.15078125 0.0234375 0.0453125 
0 0.8203125 0.26484375 0.01875 0.0296875 
0 0.865625 0.546875 0.034375 0.0125 
0 0.0796875 0.0203125 0.01875 0.028125 
