0 0.91953125 0.4609375 0.0359375 0.01875 
0 0.70390625 0.02421875 0.0140625 0.0265625 
0 0.9265625 0.1609375 0.034375 0.0125 
0 0.896875 0.17578125 0.03125 0.0171875 
0 0.6046875 0.24765625 0.034375 0.0140625 
0 0.53125 0.2484375 0.034375 0.0125 
0 0.5828125 0.3953125 0.040625 0.021875 
0 0.95390625 0.50078125 0.0328125 0.0328125 
0 0.91171875 0.503125 0.0265625 0.03125 
0 0.14296875 0.7671875 0.0421875 0.025 
0 0.3625 0.5875 0.01875 0.028125 
0 0.59765625 0.3234375 0.0390625 0.015625 
0 0.778125 0.02734375 0.01875 0.0296875 
0 0.9140625 0.4234375 0.03125 0.0375 
0 0.6796875 0.0203125 0.01875 0.028125 
