1 0.45703125 0.05859375 0.0328125 0.0359375 
0 0.57109375 0.921875 0.0359375 0.025 
0 0.54296875 0.92578125 0.0328125 0.0234375 
0 0.66015625 0.68046875 0.0171875 0.0328125 
0 0.51875 0.740625 0.028125 0.028125 
0 0.12578125 0.096875 0.0265625 0.034375 
0 0.14296875 0.06640625 0.0265625 0.0328125 
0 0.31796875 0.0265625 0.0296875 0.0375 
0 0.55234375 0.2515625 0.0265625 0.034375 
0 0.7140625 0.2859375 0.025 0.034375 
0 0.91484375 0.27421875 0.0359375 0.0203125 
0 0.91953125 0.17421875 0.0296875 0.0359375 
0 0.8765625 0.1953125 0.025 0.028125 
0 0.48671875 0.0578125 0.0296875 0.03125 
0 0.59765625 0.09765625 0.0234375 0.0265625 
0 0.44296875 0.08671875 0.0234375 0.0265625 
0 0.31796875 0.54765625 0.0234375 0.0265625 
0 0.5703125 0.2640625 0.028125 0.03125 
0 0.1640625 0.5203125 0.01875 0.028125 
0 0.315625 0.68359375 0.025 0.0265625 
0 0.325 0.65703125 0.021875 0.0265625 
0 0.64296875 0.67109375 0.0171875 0.0296875 
0 0.909375 0.75625 0.034375 0.028125 
0 0.759375 0.93125 0.040625 0.025 
0 0.7296875 0.915625 0.0375 0.025 
0 0.9328125 0.13359375 0.03125 0.0328125 
