0 0.378125 0.47890625 0.03125 0.0234375 
0 0.72578125 0.096875 0.0265625 0.034375 
0 0.74296875 0.06640625 0.0265625 0.0328125 
0 0.91796875 0.0265625 0.0296875 0.0375 
0 0.346875 0.4859375 0.034375 0.025 
0 0.91796875 0.54765625 0.0234375 0.0265625 
0 0.4328125 0.43984375 0.01875 0.0328125 
0 0.3125 0.4890625 0.0375 0.025 
0 0.29140625 0.51953125 0.0390625 0.0203125 
0 0.240625 0.51953125 0.05 0.0234375 
0 0.275 0.55390625 0.028125 0.0328125 
0 0.7640625 0.5203125 0.01875 0.028125 
0 0.915625 0.68359375 0.025 0.0265625 
0 0.925 0.65703125 0.021875 0.0265625 
