0 0.64453125 0.95 0.0984375 0.05625 
0 0.7578125 0.9640625 0.0875 0.053125 
0 0.87109375 0.97890625 0.1078125 0.0421875 
0 0.88359375 0.4609375 0.0984375 0.04375 
0 0.91796875 0.3734375 0.0765625 0.0375 
0 0.728125 0.3421875 0.090625 0.05 
0 0.709375 0.3671875 0.0875 0.05 
0 0.690625 0.390625 0.0875 0.05 
0 0.6921875 0.41953125 0.128125 0.0765625 
0 0.671875 0.45234375 0.0875 0.0515625 
0 0.65625 0.48203125 0.096875 0.0546875 
0 0.6421875 0.50859375 0.090625 0.0515625 
0 0.634375 0.53984375 0.090625 0.0515625 
0 0.84375 0.55703125 0.09375 0.0484375 
0 0.86015625 0.525 0.1015625 0.040625 
0 0.88046875 0.49296875 0.0828125 0.0390625 
0 0.8984375 0.43125 0.103125 0.046875 
0 0.90546875 0.3984375 0.1140625 0.05625 
0 0.9890625 0.4140625 0.021875 0.059375 
0 0.98203125 0.44921875 0.0359375 0.0640625 
0 0.97890625 0.475 0.0421875 0.053125 
0 0.96953125 0.50546875 0.0609375 0.0578125 
0 0.96171875 0.53828125 0.0765625 0.0609375 
0 0.959375 0.5671875 0.08125 0.053125 
0 0.77734375 0.225 0.0640625 0.075 
0 0.82421875 0.2296875 0.0546875 0.071875 
0 0.8765625 0.23671875 0.05625 0.0734375 
0 0.91875 0.24921875 0.059375 0.0765625 
