0 0.9953125 0.14453125 0.009375 0.0515625 
0 0.634375 0.77109375 0.06875 0.0796875 
0 0.6140625 0.83828125 0.065625 0.0828125 
0 0.88515625 0.6875 0.1015625 0.05625 
0 0.9890625 0.1921875 0.021875 0.046875 
0 0.684375 0.61875 0.059375 0.08125 
0 0.9765625 0.2984375 0.046875 0.059375 
0 0.96796875 0.33828125 0.0640625 0.0578125 
0 0.9609375 0.37265625 0.078125 0.0578125 
0 0.9625 0.41015625 0.075 0.0484375 
0 0.95546875 0.44765625 0.0859375 0.0546875 
0 0.9375 0.48359375 0.096875 0.0578125 
0 0.9234375 0.56171875 0.096875 0.0609375 
0 0.9109375 0.6015625 0.109375 0.05625 
0 0.6546875 0.6953125 0.059375 0.075 
0 0.70234375 0.53984375 0.0640625 0.0703125 
0 0.72734375 0.46484375 0.0671875 0.0859375 
0 0.87265625 0.7265625 0.1265625 0.0625 
0 0.74921875 0.3859375 0.0640625 0.071875 
0 0.7921875 0.24921875 0.05625 0.0640625 
0 0.9859375 0.89921875 0.028125 0.1421875 
