0 0.2796875 0.559375 0.059375 0.075 
0 0.00546875 0.24765625 0.0078125 0.0703125 
0 0.03203125 0.25234375 0.0609375 0.0734375 
0 0.08203125 0.2625 0.0734375 0.08125 
0 0.18671875 0.27109375 0.0578125 0.0734375 
0 0.23671875 0.284375 0.0609375 0.059375 
0 0.228125 0.35390625 0.0625 0.0734375 
0 0.07421875 0.33203125 0.0671875 0.0765625 
0 0.5546875 0.24765625 0.05625 0.0609375 
0 0.46328125 0.47421875 0.0578125 0.0609375 
0 0.52890625 0.31484375 0.0671875 0.0671875 
0 0.14453125 0.9015625 0.0640625 0.075 
0 0.2078125 0.7375 0.08125 0.103125 
