0 0.15625 0.98125 0.121875 0.0375 
0 0.04140625 0.97890625 0.0796875 0.0421875 
0 0.68671875 0.51953125 0.0765625 0.0828125 
0 0.0453125 0.4609375 0.0875 0.04375 
0 0.07421875 0.3734375 0.0765625 0.0375 
0 0.02421875 0.55703125 0.0453125 0.0484375 
0 0.034375 0.525 0.065625 0.040625 
0 0.03984375 0.49296875 0.0765625 0.0390625 
0 0.0546875 0.43125 0.103125 0.046875 
0 0.27109375 0.26875 0.0515625 0.071875 
0 0.2171875 0.26328125 0.059375 0.0734375 
0 0.06171875 0.3984375 0.1140625 0.05625 
0 0.20234375 0.38828125 0.0984375 0.0546875 
0 0.184375 0.4140625 0.1 0.059375 
0 0.175 0.44921875 0.109375 0.0640625 
0 0.15703125 0.475 0.0859375 0.053125 
0 0.146875 0.50546875 0.103125 0.0578125 
0 0.13203125 0.53828125 0.1046875 0.0609375 
0 0.1203125 0.5671875 0.090625 0.053125 
0 0.0328125 0.23671875 0.05625 0.0734375 
0 0.075 0.24921875 0.059375 0.0765625 
0 0.3140625 0.27890625 0.059375 0.0828125 
0 0.171875 0.25390625 0.046875 0.0703125 
