0 0.028125 0.965625 0.053125 0.06875 
0 0.3078125 0.64609375 0.046875 0.0703125 
0 0.30078125 0.75625 0.0515625 0.08125 
0 0.290625 0.91953125 0.05 0.0671875 
0 0.05 0.609375 0.053125 0.08125 
0 0.0828125 0.03671875 0.05 0.0703125 
0 0.07578125 0.1171875 0.0546875 0.084375 
0 0.071875 0.24296875 0.059375 0.0921875 
0 0.15546875 0.24765625 0.0453125 0.0765625 
0 0.06484375 0.340625 0.0578125 0.0875 
0 0.0546875 0.44765625 0.053125 0.0765625 
0 0.34921875 0.0390625 0.0484375 0.075 
0 0.31484375 0.38203125 0.0515625 0.0859375 
0 0.30703125 0.46484375 0.0515625 0.0703125 
0 0.31015625 0.55703125 0.0453125 0.0703125 
