0 0.55078125 0.490625 0.0203125 0.009375 
0 0.03671875 0.446875 0.0140625 0.01875 
0 0.0171875 0.409375 0.01875 0.01875 
0 0.62109375 0.4609375 0.0265625 0.009375 
0 0.475 0.7375 0.01875 0.015625 
0 0.45546875 0.7640625 0.0265625 0.01875 
0 0.446875 0.76953125 0.025 0.0234375 
0 0.4390625 0.7765625 0.021875 0.01875 
0 0.42734375 0.77890625 0.0234375 0.0171875 
0 0.56875 0.48125 0.03125 0.0125 
0 0.46640625 0.7578125 0.0234375 0.01875 
0 0.41796875 0.7859375 0.0234375 0.01875 
0 0.40703125 0.7890625 0.0203125 0.01875 
0 0.3953125 0.79296875 0.025 0.0234375 
0 0.51328125 0.7234375 0.0234375 0.021875 
0 0.52421875 0.71640625 0.0265625 0.0203125 
0 0.5 0.73125 0.021875 0.01875 
0 0.48828125 0.734375 0.0234375 0.01875 
0 0.08515625 0.8671875 0.0171875 0.01875 
0 0.07265625 0.86875 0.0171875 0.021875 
0 0.384375 0.853125 0.01875 0.015625 
0 0.53515625 0.775 0.0265625 0.01875 
0 0.52578125 0.78359375 0.0203125 0.0171875 
0 0.46796875 0.81015625 0.0171875 0.0171875 
0 0.51640625 0.7890625 0.0203125 0.01875 
0 0.5609375 0.77109375 0.03125 0.0265625 
0 0.428125 0.98984375 0.021875 0.0203125 
0 0.28515625 0.35 0.0140625 0.021875 
0 0.3234375 0.32421875 0.025 0.0171875 
0 0.32109375 0.41953125 0.0140625 0.0171875 
0 0.3609375 0.4390625 0.01875 0.015625 
0 0.77890625 0.44296875 0.0234375 0.0203125 
1 0.3484375 0.9859375 0.0375 0.028125 
1 0.01328125 0.8 0.0234375 0.03125 
