0 0.19921875 0.81875 0.0171875 0.01875 
0 0.540625 0.89296875 0.0125 0.0140625 
0 0.121875 0.7546875 0.01875 0.015625 
0 0.08359375 0.72578125 0.0203125 0.0171875 
0 0.84375 0.12109375 0.028125 0.0140625 
0 0.90625 0.1359375 0.03125 0.015625 
0 0.90078125 0.1203125 0.0203125 0.0125 
0 0.88359375 0.0953125 0.0203125 0.0125 
0 0.8703125 0.08125 0.028125 0.015625 
0 0.80234375 0.1109375 0.0234375 0.015625 
0 0.9046875 0.1265625 0.025 0.015625 
0 0.890625 0.10703125 0.025 0.0140625 
0 0.828125 0.10546875 0.025 0.0140625 
0 0.10859375 0.74375 0.0171875 0.015625 
0 0.096875 0.734375 0.015625 0.009375 
