0 0.83125 0.09609375 0.01875 0.0140625 
0 0.86953125 0.06796875 0.0171875 0.0171875 
0 0.93125 0.0453125 0.01875 0.015625 
0 0.90703125 0.046875 0.0203125 0.01875 
0 0.90234375 0.06796875 0.0171875 0.0140625 
0 0.9765625 0.05546875 0.015625 0.0140625 
0 0.9046875 0.0828125 0.015625 0.015625 
0 0.89609375 0.08671875 0.0171875 0.0203125 
0 0.884375 0.1046875 0.015625 0.01875 
0 0.875 0.090625 0.01875 0.021875 
0 0.9203125 0.090625 0.015625 0.01875 
0 0.80703125 0.09140625 0.0140625 0.0140625 
0 0.98515625 0.0515625 0.0171875 0.01875 
0 0.984375 0.0671875 0.01875 0.015625 
0 0.86953125 0.09765625 0.0140625 0.0171875 
0 0.92109375 0.103125 0.0171875 0.01875 
0 0.93125 0.1046875 0.015625 0.015625 
0 0.934375 0.06328125 0.01875 0.0171875 
0 0.93125 0.028125 0.01875 0.015625 
0 0.82265625 0.08359375 0.0171875 0.0140625 
0 0.8859375 0.0921875 0.015625 0.015625 
0 0.9484375 0.096875 0.01875 0.021875 
0 0.878125 0.1109375 0.01875 0.015625 
0 0.86796875 0.1125 0.0171875 0.01875 
0 0.84765625 0.11796875 0.0171875 0.0140625 
0 0.93828125 0.0265625 0.0171875 0.01875 
0 0.9578125 0.034375 0.01875 0.01875 
0 0.98671875 0.08515625 0.0171875 0.0171875 
0 0.99375 0.06640625 0.0125 0.0203125 
0 0.9015625 0.05234375 0.01875 0.0140625 
0 0.85703125 0.1296875 0.0171875 0.0125 
0 0.91171875 0.09140625 0.0140625 0.0171875 
0 0.87421875 0.18125 0.0203125 0.0125 
0 0.91796875 0.14453125 0.0296875 0.0203125 
0 0.93359375 0.16328125 0.0265625 0.0203125 
0 0.7984375 0.17421875 0.015625 0.0109375 
0 0.89296875 0.0703125 0.0171875 0.015625 
0 0.85546875 0.15078125 0.0203125 0.0140625 
0 0.88203125 0.15 0.0234375 0.015625 
0 0.87421875 0.165625 0.0203125 0.015625 
0 0.8703125 0.03359375 0.028125 0.0203125 
0 0.8625 0.15703125 0.01875 0.0140625 
0 0.89375 0.15625 0.025 0.015625 
0 0.90859375 0.17734375 0.0265625 0.0203125 
0 0.9140625 0.15859375 0.01875 0.0140625 
0 0.89296875 0.13828125 0.0265625 0.0171875 
0 0.89609375 0.17421875 0.0296875 0.0171875 
0 0.86953125 0.17421875 0.0265625 0.0171875 
0 0.9953125 0.11015625 0.009375 0.0171875 
0 0.86953125 0.14375 0.0171875 0.015625 
0 0.915625 0.13125 0.01875 0.0125 
0 0.83359375 0.12890625 0.0171875 0.0171875 
0 0.8796875 0.08046875 0.015625 0.0140625 
0 0.7265625 0.06875 0.015625 0.01875 
0 0.74609375 0.0421875 0.0140625 0.01875 
0 0.7359375 0.0640625 0.015625 0.015625 
0 0.71015625 0.06875 0.0203125 0.01875 
0 0.78203125 0.06796875 0.0203125 0.0171875 
0 0.8015625 0.06015625 0.025 0.0140625 
0 0.81328125 0.07109375 0.0203125 0.0140625 
0 0.75546875 0.05625 0.0140625 0.01875 
0 0.7453125 0.05859375 0.015625 0.0203125 
0 0.72734375 0.04765625 0.0171875 0.0203125 
0 0.7171875 0.0515625 0.01875 0.01875 
0 0.709375 0.053125 0.0125 0.01875 
0 0.97890625 0.0296875 0.0140625 0.01875 
0 0.73671875 0.04453125 0.0171875 0.0234375 
0 0.99375 0.05 0.0125 0.015625 
0 0.6921875 0.06015625 0.0125 0.0171875 
0 0.80703125 0.109375 0.0171875 0.01875 
0 0.8171875 0.12109375 0.015625 0.0171875 
0 0.83203125 0.10703125 0.0171875 0.0140625 
0 0.81640625 0.1046875 0.0171875 0.01875 
0 0.8421875 0.10625 0.01875 0.015625 
0 0.7 0.05390625 0.015625 0.0171875 
0 0.79765625 0.09609375 0.0171875 0.0203125 
0 0.85 0.09921875 0.01875 0.0171875 
0 0.84453125 0.13046875 0.0171875 0.0171875 
0 0.846875 0.04296875 0.025 0.0171875 
0 0.80859375 0.184375 0.0265625 0.015625 
0 0.9015625 0.009375 0.028125 0.015625 
0 0.8828125 0.01328125 0.021875 0.0203125 
0 0.86640625 0.1265625 0.0171875 0.015625 
0 0.9859375 0.02265625 0.021875 0.0234375 
0 0.90390625 0.1140625 0.0203125 0.01875 
0 0.97265625 0.009375 0.0171875 0.015625 
0 0.96171875 0.009375 0.0171875 0.015625 
0 0.84375 0.02109375 0.025 0.0171875 
0 0.95390625 0.01015625 0.0171875 0.0171875 
0 0.9359375 0.09765625 0.015625 0.0171875 
0 0.85078125 0.028125 0.0265625 0.01875 
0 0.9140625 0.11171875 0.01875 0.0203125 
0 0.96796875 0.08984375 0.0171875 0.0203125 
0 0.94296875 0.0609375 0.0171875 0.01875 
0 0.99296875 0.07890625 0.0140625 0.0140625 
0 0.965625 0.075 0.01875 0.021875 
0 0.95546875 0.0765625 0.0203125 0.01875 
0 0.94765625 0.078125 0.0171875 0.01875 
0 0.95234375 0.05859375 0.0203125 0.0203125 
0 0.7390625 0.1546875 0.01875 0.0125 
0 0.975 0.06953125 0.01875 0.0203125 
0 0.8125 0.24375 0.025 0.01875 
0 0.91015625 0.065625 0.0140625 0.01875 
0 0.92421875 0.04765625 0.0140625 0.0140625 
0 0.915625 0.0359375 0.015625 0.01875 
0 0.9390625 0.08046875 0.01875 0.0140625 
0 0.92578125 0.071875 0.0171875 0.01875 
0 0.80546875 0.2328125 0.0234375 0.021875 
0 0.9609375 0.05546875 0.01875 0.0203125 
0 0.75703125 0.14765625 0.0203125 0.0140625 
0 0.9578125 0.09375 0.01875 0.015625 
0 0.759375 0.17578125 0.028125 0.0171875 
0 0.76875 0.13359375 0.021875 0.0109375 
0 0.75078125 0.13984375 0.0203125 0.0109375 
0 0.73359375 0.14609375 0.0203125 0.0171875 
0 0.725 0.13125 0.021875 0.0125 
0 0.83359375 0.2734375 0.0203125 0.015625 
0 0.8 0.225 0.025 0.01875 
0 0.78359375 0.209375 0.0234375 0.015625 
0 0.82734375 0.259375 0.0234375 0.01875 
0 0.77734375 0.13984375 0.0234375 0.0171875 
0 0.81875 0.2515625 0.021875 0.01875 
0 0.790625 0.215625 0.025 0.01875 
0 0.778125 0.20078125 0.025 0.0171875 
0 0.8515625 0.290625 0.01875 0.01875 
0 0.84453125 0.28515625 0.0203125 0.0234375 
0 0.76796875 0.1859375 0.0234375 0.015625 
0 0.8390625 0.27890625 0.021875 0.0171875 
0 0.7703125 0.19296875 0.025 0.0171875 
0 0.94921875 0.03984375 0.0171875 0.0203125 
0 0.92890625 0.08359375 0.0203125 0.0140625 
0 0.940625 0.04296875 0.01875 0.0203125 
0 0.9671875 0.3921875 0.025 0.0125 
0 0.8765625 0.328125 0.025 0.015625 
0 0.9015625 0.271875 0.021875 0.015625 
0 0.92890625 0.21953125 0.0234375 0.0171875 
0 0.91484375 0.37890625 0.0203125 0.0109375 
0 0.96875 0.21484375 0.021875 0.0234375 
0 0.890625 0.34375 0.021875 0.015625 
0 0.925 0.38671875 0.025 0.0171875 
0 0.95390625 0.37734375 0.0234375 0.0140625 
0 0.9734375 0.4 0.021875 0.015625 
0 0.98984375 0.1921875 0.0171875 0.01875 
0 0.86796875 0.26484375 0.0234375 0.0171875 
0 0.8828125 0.28046875 0.021875 0.0171875 
0 0.83203125 0.21015625 0.0265625 0.0171875 
0 0.9203125 0.296875 0.01875 0.015625 
0 0.90546875 0.2765625 0.0203125 0.015625 
0 0.9203125 0.209375 0.021875 0.01875 
0 0.97421875 0.453125 0.0203125 0.0125 
0 0.903125 0.21953125 0.025 0.0171875 
0 0.8859375 0.25390625 0.021875 0.0171875 
0 0.8484375 0.23359375 0.021875 0.0140625 
0 0.90859375 0.28203125 0.0203125 0.0171875 
0 0.84140625 0.22578125 0.0234375 0.0171875 
0 0.9796875 0.409375 0.021875 0.015625 
0 0.9875 0.421875 0.021875 0.015625 
0 0.9921875 0.48828125 0.015625 0.0203125 
0 0.92734375 0.340625 0.0234375 0.0125 
0 0.93671875 0.3546875 0.0234375 0.015625 
0 0.98671875 0.47109375 0.0234375 0.0171875 
0 0.90078125 0.30546875 0.0234375 0.0140625 
0 0.8890625 0.290625 0.021875 0.015625 
0 0.978125 0.46171875 0.021875 0.0171875 
0 0.96171875 0.4390625 0.0265625 0.015625 
0 0.9453125 0.41796875 0.021875 0.0171875 
0 0.9421875 0.4125 0.01875 0.015625 
0 0.87421875 0.26953125 0.0234375 0.0171875 
0 0.8921875 0.26328125 0.021875 0.0140625 
0 0.8609375 0.25234375 0.021875 0.0140625 
0 0.95 0.21171875 0.01875 0.0140625 
0 0.9953125 0.3078125 0.009375 0.015625 
0 0.96171875 0.29375 0.0203125 0.0125 
0 0.93203125 0.25703125 0.0171875 0.0140625 
0 0.91328125 0.23125 0.0234375 0.01875 
0 0.97578125 0.271875 0.0171875 0.015625 
0 0.953125 0.24453125 0.015625 0.0171875 
0 0.96796875 0.26484375 0.0171875 0.0171875 
0 0.9265625 0.246875 0.021875 0.01875 
0 0.95703125 0.25078125 0.0203125 0.0171875 
0 0.91953125 0.23828125 0.0203125 0.0171875 
0 0.95859375 0.22421875 0.0203125 0.0171875 
0 0.98203125 0.2546875 0.0234375 0.025 
0 0.94765625 0.26953125 0.0203125 0.0171875 
0 0.99140625 0.3375 0.0171875 0.015625 
0 0.9640625 0.29921875 0.021875 0.0171875 
0 0.93515625 0.22578125 0.0171875 0.0140625 
0 0.93984375 0.23125 0.0203125 0.015625 
0 0.95390625 0.278125 0.0265625 0.015625 
0 0.96640625 0.2578125 0.0203125 0.015625 
0 0.940625 0.26328125 0.025 0.0203125 
0 0.94609375 0.240625 0.0203125 0.01875 
0 0.99296875 0.29765625 0.0140625 0.0171875 
0 0.97109375 0.30625 0.0203125 0.015625 
0 0.98984375 0.290625 0.0203125 0.015625 
0 0.92421875 0.3046875 0.0203125 0.015625 
0 0.94921875 0.3359375 0.0203125 0.01875 
0 0.93828125 0.32578125 0.0234375 0.0203125 
0 0.9765625 0.2078125 0.015625 0.01875 
0 0.9953125 0.20625 0.009375 0.01875 
0 0.9875 0.21796875 0.01875 0.0171875 
0 0.9828125 0.19765625 0.01875 0.0203125 
0 0.9765625 0.375 0.025 0.01875 
0 0.946875 0.36796875 0.021875 0.0109375 
0 0.96171875 0.35078125 0.0203125 0.0171875 
0 0.96953125 0.3640625 0.0234375 0.01875 
0 0.96875 0.2375 0.021875 0.01875 
0 0.99453125 0.346875 0.0109375 0.015625 
0 0.98984375 0.33125 0.0203125 0.0125 
0 0.98515625 0.23203125 0.0203125 0.0171875 
0 0.821875 0.2 0.025 0.015625 
0 0.9828125 0.2859375 0.025 0.0125 
0 0.97734375 0.31328125 0.0203125 0.0140625 
0 0.99375 0.4078125 0.0125 0.01875 
0 0.98359375 0.321875 0.0203125 0.015625 
0 0.9546875 0.34140625 0.01875 0.0171875 
1 0.2859375 0.90390625 0.05 0.0421875 
