0 0.37734375 0.653125 0.0078125 0.015625 
0 0.3203125 0.625 0.015625 0.021875 
0 0.36640625 0.6203125 0.0171875 0.01875 
0 0.05625 0.4203125 0.021875 0.015625 
0 0.04140625 0.39140625 0.0203125 0.0171875 
0 0.1 0.42109375 0.040625 0.0203125 
0 0.1078125 0.428125 0.0375 0.0125 
0 0.071875 0.49453125 0.021875 0.0234375 
0 0.2953125 0.640625 0.025 0.0125 
0 0.38125 0.59453125 0.025 0.0109375 
0 0.43203125 0.58984375 0.0234375 0.0109375 
0 0.48125 0.665625 0.009375 0.01875 
0 0.3484375 0.67265625 0.015625 0.0234375 
0 0.503125 0.66328125 0.009375 0.0203125 
0 0.51484375 0.6640625 0.0109375 0.01875 
0 0.39296875 0.67109375 0.0171875 0.0203125 
0 0.46875 0.66640625 0.0125 0.0234375 
0 0.52421875 0.66171875 0.0109375 0.0171875 
0 0.44453125 0.66953125 0.0140625 0.0171875 
0 0.53671875 0.6640625 0.0140625 0.021875 
0 0.49140625 0.66484375 0.0140625 0.0203125 
0 0.3703125 0.67578125 0.0125 0.0203125 
0 0.38125 0.671875 0.009375 0.01875 
0 0.87578125 0.70078125 0.0109375 0.0171875 
0 0.94921875 0.60078125 0.0140625 0.0234375 
0 0.953125 0.7578125 0.0125 0.01875 
0 0.94453125 0.7265625 0.0109375 0.015625 
0 0.60703125 0.65859375 0.0171875 0.0296875 
0 0.55859375 0.66015625 0.0109375 0.0171875 
0 0.8828125 0.734375 0.0125 0.01875 
0 0.871875 0.7359375 0.0125 0.01875 
0 0.8515625 0.734375 0.009375 0.015625 
0 0.7234375 0.71328125 0.01875 0.0203125 
0 0.7015625 0.67265625 0.025 0.0265625 
0 0.56953125 0.65859375 0.0109375 0.0203125 
0 0.96171875 0.8265625 0.0109375 0.015625 
0 0.5453125 0.6609375 0.015625 0.021875 
0 0.303125 0.68203125 0.0125 0.0203125 
0 0.9609375 0.8078125 0.0125 0.015625 
0 0.58125 0.65859375 0.015625 0.0171875 
0 0.359375 0.67265625 0.009375 0.0171875 
0 0.33828125 0.675 0.0140625 0.021875 
0 0.25859375 0.68828125 0.0296875 0.0265625 
0 0.328125 0.65625 0.009375 0.015625 
0 0.43359375 0.5984375 0.0296875 0.015625 
0 0.4671875 0.61953125 0.015625 0.0265625 
0 0.8390625 0.7359375 0.009375 0.015625 
0 0.93828125 0.35625 0.0203125 0.01875 
0 0.9171875 0.246875 0.021875 0.025 
0 0.76796875 0.17265625 0.0203125 0.0171875 
0 0.325 0.678125 0.009375 0.021875 
0 0.38359375 0.60703125 0.0234375 0.0078125 
0 0.24140625 0.6984375 0.0328125 0.028125 
0 0.31640625 0.67734375 0.0109375 0.0203125 
0 0.27265625 0.68359375 0.0296875 0.0296875 
1 0.58359375 0.7421875 0.0140625 0.05 
1 0.434375 0.75390625 0.028125 0.0453125 
