0 0.97734375 0.77109375 0.0171875 0.0203125 
0 0.99140625 0.82265625 0.0171875 0.0171875 
0 0.99140625 0.65234375 0.0171875 0.0171875 
0 0.99296875 0.796875 0.0140625 0.021875 
0 0.98203125 0.79453125 0.0203125 0.0203125 
0 0.99453125 0.81796875 0.0109375 0.0203125 
0 0.96015625 0.7421875 0.0203125 0.01875 
0 0.9296875 0.7296875 0.015625 0.015625 
0 0.87265625 0.67734375 0.0171875 0.0140625 
0 0.86171875 0.6609375 0.0203125 0.025 
0 0.9703125 0.77890625 0.01875 0.0234375 
0 0.86171875 0.6203125 0.0171875 0.01875 
0 0.89765625 0.68125 0.0140625 0.0125 
0 0.98359375 0.78203125 0.0171875 0.0140625 
0 0.875 0.6453125 0.015625 0.015625 
0 0.9921875 0.80546875 0.0125 0.0140625 
0 0.86796875 0.63515625 0.0140625 0.0171875 
0 0.84921875 0.60859375 0.0203125 0.0203125 
0 0.9484375 0.7484375 0.01875 0.01875 
0 0.94140625 0.73515625 0.0171875 0.0203125 
0 0.9640625 0.7625 0.01875 0.01875 
0 0.9625 0.7296875 0.015625 0.015625 
0 0.9921875 0.75859375 0.015625 0.0171875 
0 0.98828125 0.85078125 0.0203125 0.0203125 
0 0.98203125 0.809375 0.0171875 0.015625 
0 0.98359375 0.8265625 0.0203125 0.01875 
0 0.96875 0.80390625 0.015625 0.0171875 
0 0.9765625 0.8546875 0.015625 0.01875 
0 0.88828125 0.69765625 0.0171875 0.0140625 
0 0.9828125 0.73984375 0.01875 0.0203125 
0 0.9234375 0.753125 0.021875 0.021875 
0 0.97265625 0.73046875 0.0171875 0.0171875 
0 0.971875 0.74609375 0.01875 0.0203125 
0 0.93515625 0.69921875 0.0171875 0.0140625 
0 0.92421875 0.79140625 0.0171875 0.0203125 
0 0.96953125 0.82109375 0.0203125 0.0234375 
0 0.93203125 0.75078125 0.0171875 0.0203125 
0 0.94765625 0.7625 0.0203125 0.01875 
0 0.95078125 0.7765625 0.0140625 0.0125 
0 0.95625 0.8046875 0.015625 0.01875 
0 0.9796875 0.83828125 0.015625 0.0171875 
0 0.90078125 0.7515625 0.0171875 0.01875 
0 0.8921875 0.67109375 0.0125 0.0171875 
0 0.90625 0.68984375 0.015625 0.0171875 
0 0.975 0.675 0.015625 0.015625 
0 0.86015625 0.67734375 0.0171875 0.0140625 
0 0.83984375 0.64453125 0.0171875 0.0171875 
0 0.925 0.6046875 0.01875 0.021875 
0 0.91484375 0.703125 0.0203125 0.01875 
0 0.940625 0.6265625 0.015625 0.015625 
0 0.903125 0.65078125 0.015625 0.0171875 
0 0.99375 0.72890625 0.0125 0.0203125 
0 0.87109375 0.68984375 0.0171875 0.0140625 
0 0.959375 0.65390625 0.01875 0.0171875 
0 0.83125 0.6125 0.021875 0.021875 
0 0.84921875 0.67734375 0.0171875 0.0140625 
0 0.89453125 0.6390625 0.0171875 0.01875 
0 0.9484375 0.640625 0.015625 0.021875 
0 0.8859375 0.62734375 0.01875 0.0171875 
0 0.8765625 0.615625 0.01875 0.015625 
0 0.84140625 0.62890625 0.0171875 0.0140625 
0 0.98359375 0.6859375 0.0140625 0.015625 
0 0.96640625 0.6625 0.0171875 0.0125 
0 0.85 0.659375 0.01875 0.01875 
0 0.9921875 0.8640625 0.015625 0.01875 
0 0.85078125 0.64140625 0.0171875 0.0171875 
0 0.86015625 0.6921875 0.0203125 0.021875 
0 0.91875 0.67734375 0.015625 0.0171875 
0 0.98515625 0.8796875 0.0203125 0.01875 
0 0.9625 0.828125 0.021875 0.01875 
0 0.934375 0.79140625 0.021875 0.0203125 
0 0.86875 0.70625 0.01875 0.0125 
0 0.9265625 0.6875 0.0125 0.015625 
0 0.99140625 0.84296875 0.0171875 0.0203125 
0 0.83046875 0.6296875 0.0171875 0.01875 
0 0.8953125 0.70859375 0.01875 0.0171875 
0 0.88125 0.70546875 0.01875 0.0234375 
0 0.9125 0.7375 0.01875 0.021875 
0 0.9015625 0.7390625 0.015625 0.015625 
0 0.9140625 0.7734375 0.021875 0.01875 
0 0.93828125 0.81171875 0.0234375 0.0265625 
0 0.94921875 0.83046875 0.0203125 0.0265625 
0 0.96484375 0.85546875 0.0203125 0.0234375 
0 0.91015625 0.66328125 0.0171875 0.0171875 
0 0.98828125 0.86875 0.0203125 0.015625 
0 0.88125 0.6875 0.015625 0.015625 
0 0.8828125 0.653125 0.021875 0.021875 
0 0.946875 0.78671875 0.015625 0.0203125 
0 0.296875 0.03046875 0.015625 0.0171875 
0 0.2890625 0.02890625 0.0125 0.0171875 
0 0.2703125 0.0296875 0.009375 0.01875 
0 0.25546875 0.0296875 0.0140625 0.01875 
0 0.246875 0.02890625 0.0125 0.0140625 
0 0.2296875 0.0296875 0.009375 0.021875 
0 0.99296875 0.5625 0.0140625 0.01875 
0 0.96953125 0.61875 0.0171875 0.015625 
0 0.9765625 0.63046875 0.0125 0.0140625 
0 0.99453125 0.71484375 0.0109375 0.0171875 
0 0.959375 0.6046875 0.01875 0.021875 
0 0.94921875 0.5890625 0.0171875 0.01875 
0 0.33671875 0.0328125 0.0109375 0.021875 
0 0.21953125 0.03046875 0.0140625 0.0171875 
0 0.12265625 0.03046875 0.0234375 0.0109375 
0 0.23671875 0.03125 0.0109375 0.021875 
0 0.98828125 0.609375 0.0171875 0.01875 
0 0.140625 0.3171875 0.021875 0.025 
0 0.1421875 0.28125 0.021875 0.025 
0 0.1609375 0.2765625 0.021875 0.025 
0 0.1671875 0.309375 0.015625 0.01875 
0 0.30703125 0.0328125 0.0171875 0.01875 
0 0.15859375 0.31328125 0.0203125 0.0234375 
0 0.11875 0.32265625 0.025 0.0265625 
0 0.31796875 0.03203125 0.0109375 0.0203125 
0 0.07265625 0.03046875 0.0265625 0.0109375 
0 0.01171875 0.4171875 0.0203125 0.021875 
0 0.09765625 0.028125 0.0296875 0.015625 
0 0.1421875 0.3921875 0.025 0.028125 
0 0.09296875 0.4015625 0.0234375 0.025 
0 0.98359375 0.63984375 0.0140625 0.0140625 
0 0.046875 0.0296875 0.028125 0.0125 
0 0.08125 0.4015625 0.021875 0.025 
0 0.0421875 0.228125 0.0125 0.025 
0 0.98046875 0.5953125 0.0171875 0.01875 
0 0.9734375 0.58359375 0.015625 0.0171875 
0 0.9640625 0.553125 0.01875 0.021875 
0 0.99453125 0.61953125 0.0109375 0.0140625 
0 0.00625 0.2796875 0.009375 0.015625 
0 0.32578125 0.0296875 0.0109375 0.021875 
0 0.934375 0.77109375 0.01875 0.0234375 
0 0.91171875 0.76171875 0.0234375 0.0203125 
1 0.24453125 0.33984375 0.0359375 0.0171875 
1 0.25234375 0.3484375 0.0421875 0.01875 
1 0.25234375 0.37109375 0.0421875 0.0203125 
1 0.2375 0.33125 0.0375 0.015625 
1 0.228125 0.3140625 0.0375 0.021875 
1 0.23046875 0.32421875 0.0421875 0.0203125 
