0 0.9796875 0.84140625 0.03125 0.0140625 
0 0.04765625 0.8375 0.0203125 0.009375 
0 0.103125 0.840625 0.025 0.009375 
0 0.153125 0.84375 0.025 0.009375 
0 0.02421875 0.8359375 0.0203125 0.009375 
0 0.07578125 0.8375 0.0203125 0.009375 
0 0.2 0.8453125 0.025 0.009375 
0 0.43828125 0.796875 0.0171875 0.021875 
0 0.9703125 0.06328125 0.021875 0.0109375 
0 0.45546875 0.79375 0.0140625 0.021875 
0 0.88828125 0.12890625 0.0140625 0.0109375 
0 0.903125 0.12578125 0.009375 0.0171875 
0 0.75234375 0.25859375 0.0203125 0.0078125 
0 0.56015625 0.0921875 0.0234375 0.0125 
0 0.88828125 0.03125 0.0078125 0.015625 
0 0.59375 0.29609375 0.015625 0.0203125 
0 0.94140625 0.0390625 0.0234375 0.009375 
0 0.9453125 0.046875 0.01875 0.00625 
0 0.903125 0.11171875 0.0125 0.0140625 
0 0.94296875 0.03046875 0.0203125 0.0078125 
0 0.8734375 0.2734375 0.009375 0.01875 
0 0.94296875 0.01875 0.0171875 0.009375 
0 0.96953125 0.0546875 0.0234375 0.00625 
0 0.96796875 0.0359375 0.0234375 0.009375 
0 0.965625 0.0265625 0.025 0.009375 
0 0.04375 0.82265625 0.021875 0.0078125 
0 0.17734375 0.82734375 0.0234375 0.0109375 
0 0.15078125 0.825 0.0203125 0.0125 
0 0.11796875 0.8265625 0.0296875 0.0125 
0 0.06796875 0.82421875 0.0203125 0.0109375 
0 0.1140625 0.7625 0.025 0.015625 
1 0.3171875 0.6984375 0.015625 0.046875 
1 0.3734375 0.7203125 0.01875 0.046875 
1 0.3890625 0.71796875 0.01875 0.0453125 
1 0.4078125 0.71640625 0.015625 0.0484375 
1 0.471875 0.7359375 0.015625 0.05 
1 0.4265625 0.72265625 0.015625 0.0453125 
1 0.35625 0.7265625 0.021875 0.053125 
1 0.3984375 0.0640625 0.025 0.046875 
