0 0.115625 0.6984375 0.025 0.015625 
0 0.0078125 0.6203125 0.0125 0.015625 
0 0.0109375 0.6296875 0.021875 0.015625 
0 0.0609375 0.6234375 0.021875 0.0125 
0 0.340625 0.94140625 0.028125 0.0109375 
0 0.2984375 0.9078125 0.021875 0.015625 
0 0.36796875 0.9328125 0.0265625 0.0125 
0 0.4015625 0.9171875 0.028125 0.0125 
0 0.578125 0.71015625 0.01875 0.0171875 
0 0.62421875 0.75390625 0.0203125 0.0171875 
0 0.55859375 0.69140625 0.0171875 0.0171875 
0 0.66953125 0.74453125 0.0171875 0.0140625 
0 0.56875 0.653125 0.01875 0.01875 
0 0.58515625 0.715625 0.0203125 0.01875 
0 0.65546875 0.784375 0.0203125 0.015625 
0 0.65078125 0.7765625 0.0171875 0.0125 
0 0.6375 0.765625 0.01875 0.015625 
0 0.64453125 0.7703125 0.0171875 0.01875 
0 0.5796875 0.76015625 0.021875 0.0171875 
0 0.63125 0.76015625 0.01875 0.0171875 
0 0.6171875 0.7484375 0.01875 0.015625 
0 0.58359375 0.76875 0.0203125 0.021875 
0 0.60546875 0.7328125 0.0203125 0.01875 
0 0.609375 0.69296875 0.01875 0.0171875 
0 0.56484375 0.74921875 0.0171875 0.0203125 
0 0.63046875 0.71015625 0.0171875 0.0171875 
0 0.54609375 0.73125 0.0203125 0.01875 
0 0.6359375 0.715625 0.021875 0.015625 
0 0.65234375 0.73046875 0.0171875 0.0171875 
0 0.6734375 0.753125 0.01875 0.015625 
0 0.6625 0.78984375 0.01875 0.0140625 
0 0.55859375 0.74375 0.0203125 0.01875 
0 0.64140625 0.71796875 0.0234375 0.0171875 
0 0.59609375 0.72890625 0.0203125 0.0203125 
0 0.6125 0.7390625 0.01875 0.015625 
0 0.565625 0.696875 0.01875 0.01875 
0 0.52578125 0.71171875 0.0203125 0.0171875 
0 0.51875 0.7046875 0.01875 0.01875 
0 0.571875 0.753125 0.021875 0.01875 
0 0.5328125 0.7171875 0.021875 0.01875 
0 0.55234375 0.73671875 0.0203125 0.0171875 
0 0.590625 0.72109375 0.01875 0.0171875 
0 0.4890625 0.8796875 0.01875 0.009375 
0 0.51171875 0.696875 0.0203125 0.01875 
0 0.57109375 0.70390625 0.0171875 0.0171875 
0 0.590625 0.77421875 0.01875 0.0171875 
0 0.221875 0.9015625 0.01875 0.015625 
0 0.5046875 0.69140625 0.01875 0.0171875 
0 0.4671875 0.67578125 0.01875 0.0140625 
0 0.51953125 0.65703125 0.0203125 0.0171875 
0 0.6234375 0.7046875 0.01875 0.015625 
0 0.615625 0.69765625 0.01875 0.0171875 
0 0.23515625 0.85546875 0.0171875 0.0171875 
0 0.4875 0.6703125 0.01875 0.01875 
0 0.540625 0.7234375 0.01875 0.01875 
0 0.5734375 0.66015625 0.021875 0.0171875 
0 0.58203125 0.66640625 0.0203125 0.0171875 
0 0.5875 0.6703125 0.01875 0.015625 
0 0.59765625 0.78125 0.0171875 0.015625 
0 0.5140625 0.86875 0.025 0.015625 
0 0.4359375 0.9046875 0.021875 0.015625 
0 0.4640625 0.890625 0.021875 0.015625 
0 0.190625 0.884375 0.01875 0.015625 
0 0.55625 0.85625 0.021875 0.009375 
0 0.57890625 0.84296875 0.0234375 0.0078125 
0 0.184375 0.87890625 0.01875 0.0140625 
0 0.61171875 0.79296875 0.0171875 0.0171875 
0 0.196875 0.8640625 0.01875 0.015625 
0 0.603125 0.78828125 0.015625 0.0171875 
0 0.6234375 0.8046875 0.025 0.01875 
0 0.64296875 0.79609375 0.0234375 0.0171875 
0 0.6109375 0.76796875 0.0125 0.0140625 
0 0.54296875 0.678125 0.0203125 0.015625 
0 0.5515625 0.684375 0.01875 0.015625 
0 0.24765625 0.78828125 0.0171875 0.0171875 
0 0.1015625 0.84765625 0.021875 0.0203125 
0 0.196875 0.81015625 0.015625 0.0140625 
0 0.18828125 0.8546875 0.0171875 0.0125 
0 0.1546875 0.82421875 0.01875 0.0140625 
0 0.15546875 0.89921875 0.0203125 0.0140625 
0 0.13671875 0.83125 0.0171875 0.0125 
0 0.2078125 0.809375 0.01875 0.01875 
0 0.240625 0.79296875 0.01875 0.0171875 
0 0.1125 0.86015625 0.021875 0.0140625 
0 0.25859375 0.7859375 0.0203125 0.015625 
0 0.2171875 0.8078125 0.021875 0.01875 
0 0.22265625 0.8015625 0.0140625 0.015625 
0 0.18203125 0.825 0.0203125 0.01875 
0 0.165625 0.83671875 0.015625 0.0078125 
0 0.2328125 0.79921875 0.01875 0.0171875 
0 0.15703125 0.8375 0.0171875 0.015625 
0 0.14296875 0.828125 0.0140625 0.0125 
0 0.13046875 0.8375 0.0171875 0.0125 
0 0.15703125 0.9234375 0.0203125 0.0125 
0 0.1484375 0.91640625 0.01875 0.0140625 
0 0.29375 0.7921875 0.021875 0.015625 
0 0.62421875 0.3265625 0.0359375 0.0125 
0 0.06875 0.88984375 0.021875 0.0203125 
0 0.16796875 0.8625 0.0171875 0.0125 
0 0.27265625 0.778125 0.0171875 0.0125 
0 0.1734375 0.86796875 0.01875 0.0171875 
0 0.725 0.509375 0.025 0.01875 
0 0.1328125 0.878125 0.021875 0.015625 
0 0.6453125 0.1140625 0.021875 0.021875 
0 0.575 0.23203125 0.025 0.0203125 
0 0.54375 0.24140625 0.028125 0.0203125 
0 0.63828125 0.21484375 0.0203125 0.0296875 
0 0.46875 0.2375 0.025 0.01875 
0 0.615625 0.221875 0.01875 0.025 
0 0.62578125 0.21640625 0.0203125 0.0265625 
0 0.7625 0.81484375 0.025 0.0140625 
0 0.83203125 0.70390625 0.0296875 0.0234375 
1 0.60703125 0.0609375 0.0421875 0.046875 
1 0.41640625 0.2796875 0.0765625 0.034375 
1 0.0234375 0.20234375 0.040625 0.0453125 
1 0.57734375 0.01875 0.0390625 0.034375 
1 0.51015625 0.03671875 0.0359375 0.0390625 
1 0.14140625 0.2984375 0.0390625 0.04375 
1 0.10234375 0.13671875 0.0421875 0.0484375 
1 0.18125 0.1734375 0.0375 0.025 
1 0.5671875 0.50703125 0.05625 0.0328125 
1 0.6796875 0.3578125 0.021875 0.034375 
1 0.14140625 0.1921875 0.0421875 0.053125 
1 0.78671875 0.453125 0.0484375 0.03125 
1 0.74765625 0.3859375 0.0171875 0.034375 
1 0.8140625 0.45234375 0.046875 0.0328125 
1 0.628125 0.3265625 0.04375 0.015625 
1 0.7640625 0.38671875 0.015625 0.0328125 
1 0.24453125 0.375 0.0359375 0.040625 
1 0.271875 0.41484375 0.03125 0.0359375 
1 0.2765625 0.46015625 0.034375 0.0453125 
1 0.11953125 0.08359375 0.0421875 0.0515625 
1 0.2125 0.209375 0.04375 0.05625 
1 0.19296875 0.3765625 0.0390625 0.046875 
1 0.19140625 0.3 0.0390625 0.04375 
1 0.02734375 0.06875 0.0359375 0.040625 
1 0.06015625 0.11796875 0.0359375 0.0421875 
1 0.03515625 0.15078125 0.0421875 0.0453125 
1 0.5375 0.071875 0.028125 0.028125 
1 0.2125 0.51953125 0.071875 0.0296875 
1 0.66875 0.3921875 0.021875 0.034375 
1 0.05859375 0.24765625 0.0390625 0.0453125 
1 0.06484375 0.19296875 0.0390625 0.0484375 
1 0.0078125 0.025 0.0125 0.046875 
1 0.0265625 0.02734375 0.0375 0.0453125 
1 0.09765625 0.16953125 0.0296875 0.0328125 
1 0.1265625 0.30546875 0.040625 0.0453125 
1 0.49140625 0.25703125 0.0734375 0.0328125 
1 0.4171875 0.25234375 0.028125 0.0171875 
