0 0.88828125 0.46640625 0.0140625 0.0109375 
0 0.903125 0.46328125 0.009375 0.0171875 
0 0.75234375 0.59609375 0.0203125 0.0078125 
0 0.56015625 0.4296875 0.0234375 0.0125 
0 0.88828125 0.36875 0.0078125 0.015625 
0 0.59375 0.63359375 0.015625 0.0203125 
0 0.94140625 0.3765625 0.0234375 0.009375 
0 0.9453125 0.384375 0.01875 0.00625 
0 0.903125 0.44921875 0.0125 0.0140625 
0 0.94296875 0.36796875 0.0203125 0.0078125 
0 0.8734375 0.6109375 0.009375 0.01875 
0 0.94296875 0.35625 0.0171875 0.009375 
0 0.96953125 0.3921875 0.0234375 0.00625 
0 0.96796875 0.3734375 0.0234375 0.009375 
0 0.965625 0.3640625 0.025 0.009375 
1 0.08671875 0.20546875 0.0265625 0.0484375 
1 0.07734375 0.15625 0.0234375 0.046875 
1 0.17578125 0.1890625 0.0734375 0.021875 
1 0.19609375 0.05078125 0.0609375 0.0453125 
1 0.14609375 0.08125 0.0390625 0.03125 
1 0.5390625 0.3140625 0.034375 0.015625 
1 0.515625 0.2609375 0.03125 0.0125 
1 0.240625 0.02265625 0.034375 0.0328125 
1 0.5234375 0.2859375 0.0375 0.015625 
1 0.38046875 0.31796875 0.0421875 0.0234375 
1 0.3765625 0.296875 0.046875 0.021875 
1 0.37734375 0.28515625 0.0453125 0.0203125 
1 0.359375 0.196875 0.04375 0.01875 
1 0.3546875 0.1875 0.040625 0.0125 
1 0.35703125 0.1734375 0.0453125 0.021875 
1 0.35625 0.16640625 0.046875 0.0171875 
1 0.52109375 0.29453125 0.0296875 0.0140625 
1 0.1765625 0.2015625 0.071875 0.01875 
1 0.3984375 0.4015625 0.025 0.046875 
1 0.54140625 0.325 0.0390625 0.01875 
1 0.275 0.0078125 0.0375 0.0125 
