0 0.965625 0.528125 0.06875 0.071875 
0 0.61875 0.95390625 0.0875 0.0921875 
0 0.45390625 0.91953125 0.0765625 0.0859375 
0 0.34296875 0.88984375 0.0796875 0.0921875 
0 0.27890625 0.875 0.0828125 0.103125 
0 0.10859375 0.84765625 0.0953125 0.1078125 
0 0.69140625 0.221875 0.0921875 0.06875 
0 0.4375 0.38046875 0.103125 0.0609375 
0 0.61953125 0.34296875 0.1046875 0.0734375 
0 0.6328125 0.303125 0.115625 0.075 
0 0.7484375 0.14609375 0.103125 0.0671875 
0 0.86796875 0.49609375 0.1171875 0.0765625 
