0 0.48046875 0.84140625 0.0140625 0.0140625 
0 0.28203125 0.79609375 0.0171875 0.0109375 
0 0.30234375 0.79296875 0.0171875 0.0109375 
0 0.07890625 0.3578125 0.0109375 0.015625 
0 0.10703125 0.353125 0.0109375 0.015625 
0 0.13046875 0.34609375 0.0171875 0.0203125 
0 0.14921875 0.33828125 0.0140625 0.0140625 
0 0.15625 0.33515625 0.015625 0.0171875 
0 0.140625 0.34140625 0.015625 0.0171875 
0 0.2265625 0.89453125 0.015625 0.0109375 
0 0.23828125 0.28203125 0.0140625 0.0140625 
0 0.11171875 0.92109375 0.0171875 0.0109375 
0 0.36015625 0.2046875 0.0171875 0.015625 
0 0.3390625 0.16953125 0.0125 0.0140625 
0 0.459375 0.22890625 0.015625 0.0140625 
0 0.4671875 0.2375 0.01875 0.015625 
0 0.47265625 0.240625 0.0171875 0.015625 
0 0.475 0.246875 0.015625 0.015625 
0 0.34765625 0.2125 0.0140625 0.015625 
0 0.41171875 0.0484375 0.0078125 0.015625 
0 0.484375 0.25078125 0.01875 0.0171875 
0 0.43125 0.1109375 0.01875 0.0125 
0 0.571875 0.67109375 0.015625 0.0140625 
0 0.515625 0.053125 0.021875 0.009375 
0 0.75234375 0.55234375 0.0140625 0.0171875 
0 0.49140625 0.06953125 0.0234375 0.0109375 
0 0.453125 0.09296875 0.021875 0.0109375 
0 0.44296875 0.1015625 0.0203125 0.0125 
0 0.5359375 0.09453125 0.021875 0.0078125 
0 0.80078125 0.5625 0.0140625 0.0125 
0 0.48984375 0.13359375 0.0203125 0.0109375 
0 0.73828125 0.66953125 0.0171875 0.0203125 
0 0.47265625 0.0078125 0.0109375 0.0125 
0 0.5046875 0.0421875 0.01875 0.0125 
0 0.80859375 0.56796875 0.0171875 0.0171875 
0 0.42578125 0.03984375 0.0109375 0.0171875 
0 0.79296875 0.728125 0.0171875 0.015625 
0 0.77890625 0.7296875 0.0171875 0.015625 
0 0.7046875 0.70390625 0.015625 0.0140625 
0 0.72109375 0.6921875 0.0140625 0.015625 
0 0.915625 0.6625 0.015625 0.015625 
0 0.76328125 0.6765625 0.0140625 0.015625 
0 0.4953125 0.2609375 0.015625 0.015625 
0 0.71015625 0.6984375 0.0171875 0.015625 
0 0.4484375 0.02109375 0.009375 0.0140625 
0 0.4015625 0.05546875 0.009375 0.0171875 
0 0.71171875 0.54765625 0.0171875 0.0171875 
0 0.903125 0.45703125 0.015625 0.0171875 
0 0.4359375 0.0328125 0.009375 0.015625 
0 0.9109375 0.4515625 0.01875 0.015625 
0 0.62109375 0.115625 0.0078125 0.015625 
0 0.8015625 0.03671875 0.015625 0.0171875 
0 0.79375 0.05546875 0.009375 0.0140625 
0 0.92734375 0.19140625 0.0171875 0.0140625 
0 0.9203125 0.3953125 0.01875 0.015625 
0 0.721875 0.26171875 0.015625 0.0140625 
0 0.88515625 0.475 0.0171875 0.0125 
0 0.890625 0.46875 0.015625 0.015625 
0 0.56484375 0.07734375 0.0171875 0.0078125 
0 0.89765625 0.4640625 0.0140625 0.015625 
0 0.509375 0.27265625 0.015625 0.0140625 
0 0.4890625 0.25703125 0.01875 0.0171875 
