0 0.97421875 0.68359375 0.0171875 0.0203125 
0 0.99296875 0.67578125 0.0140625 0.0140625 
0 0.984375 0.67890625 0.015625 0.0171875 
0 0.65 0.76484375 0.01875 0.0171875 
0 0.68046875 0.7453125 0.0171875 0.015625 
0 0.46484375 0.8671875 0.0171875 0.015625 
0 0.4203125 0.8984375 0.01875 0.015625 
0 0.5390625 0.83125 0.015625 0.015625 
0 0.546875 0.82578125 0.015625 0.0140625 
0 0.45703125 0.66328125 0.0140625 0.0140625 
0 0.5 0.79140625 0.01875 0.0109375 
0 0.4875 0.809375 0.015625 0.009375 
0 0.528125 0.840625 0.01875 0.015625 
0 0.3828125 0.35390625 0.0125 0.0171875 
0 0.39609375 0.353125 0.0109375 0.01875 
0 0.40703125 0.3546875 0.0140625 0.015625 
0 0.35078125 0.4609375 0.0171875 0.0125 
0 0.6 0.709375 0.0125 0.015625 
0 0.5 0.7515625 0.01875 0.0125 
0 0.33984375 0.3796875 0.0171875 0.015625 
0 0.34609375 0.43515625 0.0171875 0.0140625 
0 0.37734375 0.42265625 0.0140625 0.0171875 
0 0.3359375 0.38671875 0.015625 0.0109375 
0 0.3453125 0.42578125 0.015625 0.0078125 
