0 0.56015625 0.88359375 0.0203125 0.0109375 
0 0.00546875 0.99296875 0.0078125 0.0140625 
0 0.02421875 0.02890625 0.0171875 0.0078125 
0 0.48203125 0.059375 0.0234375 0.0125 
0 0.22265625 0.84296875 0.0203125 0.0171875 
0 0.66328125 0.9265625 0.0234375 0.0125 
0 0.259375 0.9265625 0.01875 0.015625 
0 0.6140625 0.90546875 0.021875 0.0109375 
0 0.63828125 0.90234375 0.0171875 0.0109375 
0 0.52265625 0.8890625 0.0171875 0.00625 
0 0.2859375 0.94296875 0.01875 0.0140625 
0 0.24375 0.9171875 0.015625 0.0125 
0 0.71640625 0.92265625 0.0203125 0.0109375 
0 0.303125 0.934375 0.01875 0.015625 
0 0.7171875 0.25703125 0.015625 0.0140625 
0 0.5890625 0.484375 0.0125 0.0125 
0 0.85859375 0.8453125 0.0140625 0.0125 
0 0.8703125 0.83203125 0.015625 0.0140625 
0 0.9859375 0.30234375 0.028125 0.0171875 
0 0.74296875 0.2359375 0.0171875 0.015625 
0 0.746875 0.97734375 0.015625 0.0171875 
0 0.871875 0.134375 0.01875 0.015625 
0 0.7796875 0.94453125 0.021875 0.0109375 
0 0.8484375 0.85703125 0.015625 0.0171875 
0 0.68203125 0.38046875 0.0296875 0.0140625 
0 0.615625 0.36796875 0.0125 0.0171875 
0 0.6453125 0.371875 0.015625 0.015625 
0 0.70390625 0.35625 0.0234375 0.0125 
0 0.728125 0.2484375 0.01875 0.015625 
0 0.734375 0.9921875 0.015625 0.015625 
0 0.91953125 0.78125 0.0171875 0.01875 
0 0.75625 0.225 0.015625 0.015625 
0 0.83984375 0.86796875 0.0140625 0.0140625 
0 0.89609375 0.15078125 0.0203125 0.0078125 
0 0.83046875 0.8796875 0.0140625 0.015625 
0 0.928125 0.76796875 0.015625 0.0140625 
0 0.81875 0.89140625 0.01875 0.0171875 
0 0.7703125 0.365625 0.01875 0.01875 
0 0.81171875 0.18125 0.0171875 0.0125 
0 0.91328125 0.1375 0.0234375 0.009375 
0 0.92734375 0.1296875 0.0203125 0.015625 
0 0.9140625 0.128125 0.01875 0.015625 
0 0.85546875 0.18125 0.0171875 0.00625 
0 0.853125 0.15 0.015625 0.0125 
0 0.83828125 0.16015625 0.0203125 0.0171875 
0 0.82421875 0.1703125 0.0140625 0.0125 
0 0.81953125 0.1859375 0.0171875 0.015625 
0 0.7703125 0.4046875 0.01875 0.01875 
0 0.8921875 0.24296875 0.03125 0.0171875 
0 0.88046875 0.1609375 0.0203125 0.009375 
0 0.98203125 0.70234375 0.0140625 0.0140625 
0 0.96015625 0.7296875 0.0171875 0.015625 
0 0.9484375 0.74375 0.015625 0.015625 
0 0.93828125 0.75546875 0.0140625 0.0140625 
0 0.703125 0.2671875 0.015625 0.015625 
0 0.86328125 0.175 0.0171875 0.00625 
0 0.8984375 0.11484375 0.01875 0.0171875 
0 0.91171875 0.103125 0.0140625 0.0125 
0 0.92734375 0.09140625 0.0203125 0.0171875 
0 0.98125 0.08671875 0.01875 0.0140625 
0 0.97109375 0.0859375 0.0171875 0.015625 
0 0.6671875 0.33203125 0.015625 0.0140625 
0 0.5140625 0.59375 0.015625 0.015625 
0 0.3796875 0.0390625 0.01875 0.0125 
0 0.6 0.3109375 0.01875 0.009375 
0 0.3296875 0.04921875 0.015625 0.0109375 
0 0.365625 0.02578125 0.015625 0.0140625 
0 0.34609375 0.03828125 0.0140625 0.0140625 
0 0.040625 0.78515625 0.025 0.0171875 
0 0.31328125 0.8265625 0.0203125 0.00625 
0 0.734375 0.03515625 0.015625 0.0140625 
0 0.534375 0.3234375 0.01875 0.0125 
0 0.5078125 0.5640625 0.01875 0.015625 
0 0.6734375 0.290625 0.015625 0.0125 
0 0.00546875 0.75859375 0.0078125 0.0140625 
0 0.13125 0.0484375 0.015625 0.00625 
0 0.1125 0.05390625 0.025 0.0078125 
0 0.671875 0.31640625 0.0125 0.0171875 
0 0.659375 0.2984375 0.01875 0.0125 
0 0.68671875 0.27890625 0.0171875 0.0140625 
0 0.88359375 0.12578125 0.0140625 0.0140625 
