0 0.846875 0.28984375 0.015625 0.0171875 
0 0.40625 0.27265625 0.0125 0.0140625 
0 0.584375 0.67734375 0.0125 0.0171875 
0 0.57578125 0.69140625 0.0140625 0.0171875 
0 0.56171875 0.715625 0.0140625 0.01875 
0 0.546875 0.74453125 0.015625 0.0171875 
0 0.5328125 0.76875 0.015625 0.015625 
0 0.52578125 0.78203125 0.0140625 0.0140625 
0 0.51640625 0.79765625 0.0171875 0.0203125 
0 0.46796875 0.87734375 0.0140625 0.0171875 
0 0.453125 0.8734375 0.0125 0.015625 
0 0.39296875 0.12109375 0.0140625 0.0140625 
0 0.40234375 0.1078125 0.0140625 0.015625 
0 0.51796875 0.10703125 0.0234375 0.0140625 
0 0.5734375 0.12734375 0.015625 0.0109375 
0 0.58984375 0.1359375 0.0203125 0.0125 
0 0.81953125 0.315625 0.0203125 0.01875 
0 0.79453125 0.340625 0.0171875 0.015625 
0 0.825 0.3484375 0.015625 0.015625 
0 0.8796875 0.259375 0.015625 0.015625 
0 0.8265625 0.23359375 0.015625 0.0140625 
0 0.81328125 0.36484375 0.0171875 0.0203125 
0 0.88125 0.2953125 0.015625 0.015625 
0 0.8421875 0.33359375 0.0125 0.0140625 
0 0.909375 0.2359375 0.015625 0.015625 
0 0.96484375 0.23984375 0.0140625 0.0140625 
0 0.8484375 0.22890625 0.0125 0.0140625 
0 0.00625 0.5015625 0.0125 0.015625 
0 0.084375 0.74375 0.021875 0.009375 
0 0.034375 0.73125 0.01875 0.0125 
0 0.8953125 0.24609375 0.01875 0.0171875 
0 0.8078125 0.32734375 0.015625 0.0203125 
0 0.834375 0.3 0.015625 0.015625 
0 0.0421875 0.4328125 0.015625 0.01875 
0 0.81640625 0.2375 0.0140625 0.015625 
0 0.83984375 0.2328125 0.0109375 0.0125 
0 0.03046875 0.4515625 0.0140625 0.015625 
0 0.0125 0.48828125 0.0125 0.0171875 
0 0.5015625 0.4078125 0.015625 0.00625 
0 0.7265625 0.66484375 0.025 0.0203125 
0 0.659375 0.62890625 0.021875 0.0140625 
0 0.421875 0.934375 0.015625 0.015625 
0 0.48046875 0.4109375 0.0203125 0.009375 
0 0.06875 0.346875 0.021875 0.009375 
0 0.38671875 0.29765625 0.0109375 0.0171875 
0 0.50703125 0.421875 0.0171875 0.009375 
0 0.52890625 0.41875 0.0203125 0.009375 
0 0.640625 0.38671875 0.015625 0.0078125 
0 0.61875 0.38984375 0.01875 0.0078125 
0 0.2921875 0.40390625 0.015625 0.0109375 
0 0.70625 0.65234375 0.01875 0.0109375 
0 0.25859375 0.39453125 0.0203125 0.0140625 
0 0.68984375 0.38046875 0.0140625 0.0078125 
0 0.7171875 0.64140625 0.025 0.0171875 
0 0.74765625 0.6578125 0.0140625 0.009375 
0 0.39296875 0.36015625 0.0109375 0.0109375 
0 0.63359375 0.54609375 0.0109375 0.0140625 
0 0.65078125 0.5203125 0.0140625 0.015625 
0 0.575 0.4734375 0.015625 0.0125 
0 0.78125 0.396875 0.0125 0.015625 
0 0.79453125 0.3828125 0.0203125 0.021875 
0 0.7734375 0.89453125 0.021875 0.0109375 
0 0.73984375 0.88671875 0.0203125 0.0078125 
0 0.803125 0.68984375 0.021875 0.0140625 
0 0.66015625 0.5609375 0.0140625 0.01875 
0 0.3890625 0.9921875 0.015625 0.015625 
0 0.61015625 0.62578125 0.0140625 0.0171875 
0 0.40234375 0.96953125 0.0140625 0.0171875 
0 0.40546875 0.2578125 0.0109375 0.015625 
0 0.4078125 0.28671875 0.009375 0.0140625 
0 0.4109375 0.3171875 0.009375 0.015625 
0 0.71015625 0.37734375 0.0203125 0.0078125 
0 0.78359375 0.353125 0.0171875 0.015625 
0 0.446875 0.88671875 0.0125 0.0140625 
0 0.19140625 0.02890625 0.0203125 0.0203125 
0 0.62421875 0.1484375 0.0203125 0.0125 
0 0.440625 0.89921875 0.0125 0.0140625 
0 0.721875 0.425 0.0125 0.015625 
0 0.428125 0.92109375 0.015625 0.0171875 
0 0.41484375 0.94921875 0.0140625 0.0171875 
