0 0.98671875 0.31484375 0.0171875 0.0109375 
0 0.51640625 0.9203125 0.0171875 0.0125 
0 0.5890625 0.1234375 0.01875 0.0125 
0 0.54375 0.09921875 0.015625 0.0109375 
0 0.5234375 0.0921875 0.015625 0.009375 
0 0.48359375 0.38671875 0.0234375 0.0140625 
0 0.45234375 0.3734375 0.0171875 0.009375 
0 0.71484375 0.04375 0.0203125 0.00625 
0 0.54921875 0.1359375 0.0171875 0.009375 
0 0.5984375 0.159375 0.01875 0.0125 
0 0.43671875 0.37421875 0.0171875 0.0140625 
0 0.9703125 0.3078125 0.015625 0.009375 
0 0.60546875 0.384375 0.0140625 0.0125 
0 0.61796875 0.4390625 0.0171875 0.009375 
0 0.65 0.45390625 0.015625 0.0109375 
0 0.73515625 0.49453125 0.0203125 0.0109375 
0 0.7796875 0.47421875 0.015625 0.0140625 
0 0.80078125 0.55078125 0.0171875 0.0109375 
0 0.7421875 0.02421875 0.01875 0.0046875 
0 0.68046875 0.025 0.0171875 0.00625 
0 0.6078125 0.1546875 0.01875 0.0125 
0 0.625 0.04453125 0.01875 0.0046875 
0 0.809375 0.090625 0.009375 0.0125 
0 0.803125 0.10546875 0.009375 0.0171875 
0 0.59453125 0.43671875 0.0234375 0.0109375 
0 0.61875 0.3703125 0.015625 0.01875 
0 0.63203125 0.3546875 0.0109375 0.0125 
0 0.425 0.12109375 0.015625 0.0140625 
0 0.40859375 0.109375 0.0140625 0.0125 
0 0.56953125 0.1125 0.0234375 0.015625 
0 0.66484375 0.04375 0.0171875 0.00625 
0 0.2890625 0.28046875 0.028125 0.0140625 
0 0.66015625 0.025 0.0171875 0.00625 
0 0.5875 0.38125 0.0125 0.015625 
0 0.4296875 0.346875 0.01875 0.0125 
0 0.40859375 0.13125 0.0171875 0.0125 
0 0.39296875 0.13984375 0.0171875 0.0109375 
0 0.396875 0.33046875 0.01875 0.0109375 
0 0.7953125 0.121875 0.0125 0.015625 
0 0.62265625 0.1375 0.0171875 0.0125 
0 0.63828125 0.1484375 0.0171875 0.0125 
0 0.7609375 0.21640625 0.01875 0.0109375 
0 0.81484375 0.2328125 0.0171875 0.0125 
0 0.83515625 0.24296875 0.0203125 0.0140625 
0 0.65546875 0.2828125 0.0109375 0.0125 
0 0.66796875 0.31015625 0.0109375 0.0140625 
0 0.64140625 0.3015625 0.0109375 0.0125 
0 0.6234375 0.321875 0.0125 0.0125 
0 0.68046875 0.2953125 0.0109375 0.015625 
0 0.696875 0.025 0.0125 0.00625 
0 0.825 0.26953125 0.0125 0.0109375 
0 0.83359375 0.25078125 0.0171875 0.0078125 
0 0.15390625 0.79609375 0.0171875 0.0046875 
0 0.15390625 0.78984375 0.0171875 0.0046875 
0 0.15625 0.78515625 0.01875 0.0046875 
0 0.31875 0.8109375 0.015625 0.0125 
0 0.496875 0.93515625 0.015625 0.0109375 
0 0.0890625 0.9125 0.01875 0.00625 
0 0.09140625 0.89921875 0.0140625 0.0046875 
0 0.8546875 0.2515625 0.01875 0.0125 
0 0.7171875 0.25 0.009375 0.0125 
0 0.6890625 0.28359375 0.0125 0.0140625 
0 0.665625 0.27109375 0.0125 0.0140625 
0 0.675 0.25859375 0.0125 0.0140625 
0 0.69921875 0.2703125 0.0140625 0.015625 
0 0.68671875 0.2453125 0.0140625 0.015625 
0 0.86015625 0.2640625 0.0171875 0.009375 
0 0.65 0.33125 0.0125 0.015625 
0 0.61015625 0.3375 0.0171875 0.015625 
0 0.6390625 0.34453125 0.0125 0.0140625 
0 0.153125 0.8015625 0.01875 0.00625 
0 0.6578125 0.15390625 0.015625 0.0109375 
0 0.675 0.165625 0.015625 0.009375 
0 0.6921875 0.171875 0.015625 0.009375 
0 0.78359375 0.14453125 0.0109375 0.0140625 
0 0.7765625 0.15859375 0.0125 0.0171875 
0 0.715625 0.796875 0.0125 0.009375 
0 0.5953125 0.7078125 0.015625 0.009375 
0 0.746875 0.815625 0.015625 0.0125 
0 0.7296875 0.80703125 0.015625 0.0078125 
0 0.275 0.984375 0.00625 0.0125 
0 0.48125 0.6421875 0.01875 0.0125 
0 0.51875 0.66484375 0.01875 0.0109375 
0 0.29453125 0.85859375 0.0078125 0.0109375 
0 0.7453125 0.8734375 0.009375 0.009375 
0 0.534375 0.93203125 0.01875 0.0140625 
0 0.11796875 0.85390625 0.0078125 0.0140625 
0 0.09453125 0.89140625 0.0140625 0.0046875 
0 0.09921875 0.8796875 0.0140625 0.00625 
0 0.0984375 0.871875 0.0125 0.00625 
0 0.325 0.04453125 0.021875 0.0140625 
0 0.26796875 0.51796875 0.0171875 0.0109375 
0 0.9796875 0.63515625 0.021875 0.0109375 
0 0.92109375 0.6078125 0.0140625 0.009375 
0 0.06015625 0.19453125 0.0140625 0.0109375 
0 0.02421875 0.17734375 0.0140625 0.0109375 
0 0.378125 0.1296875 0.015625 0.015625 
0 0.08828125 0.91953125 0.0234375 0.0078125 
0 0.1484375 0.828125 0.01875 0.00625 
0 0.1515625 0.821875 0.025 0.00625 
0 0.1515625 0.81484375 0.01875 0.0046875 
0 0.31796875 0.05625 0.0203125 0.015625 
0 0.090625 0.90546875 0.01875 0.0046875 
0 0.0859375 0.92578125 0.025 0.0078125 
0 0.51328125 0.9453125 0.0140625 0.0125 
0 0.2859375 0.903125 0.00625 0.009375 
0 0.284375 0.91953125 0.00625 0.0109375 
0 0.28203125 0.93828125 0.0109375 0.0109375 
0 0.2796875 0.9515625 0.009375 0.009375 
0 0.27734375 0.96640625 0.0078125 0.0140625 
0 0.2921875 0.8734375 0.00625 0.0125 
0 0.11875 0.834375 0.009375 0.0125 
0 0.14765625 0.83515625 0.0171875 0.0046875 
0 0.14765625 0.840625 0.0171875 0.00625 
0 0.15390625 0.70078125 0.0109375 0.0109375 
0 0.159375 0.77109375 0.01875 0.0046875 
0 0.14453125 0.759375 0.0078125 0.009375 
0 0.1859375 0.71953125 0.01875 0.0140625 
0 0.28984375 0.73515625 0.0171875 0.0078125 
0 0.30625 0.06953125 0.015625 0.0109375 
0 0.64140625 0.4671875 0.0203125 0.0125 
0 0.06953125 0.175 0.0140625 0.009375 
0 0.1546875 0.275 0.015625 0.009375 
0 0.1515625 0.809375 0.015625 0.00625 
0 0.19609375 0.475 0.0140625 0.009375 
0 0.171875 0.46171875 0.021875 0.0140625 
0 0.4640625 0.88984375 0.01875 0.0140625 
0 0.66015625 0.95625 0.0140625 0.0125 
0 0.67421875 0.946875 0.0140625 0.0125 
0 0.7046875 0.9296875 0.015625 0.015625 
0 0.28125 0.77421875 0.015625 0.0109375 
0 0.265625 0.765625 0.01875 0.0125 
0 0.21796875 0.73828125 0.0203125 0.0109375 
0 0.49921875 0.91015625 0.0171875 0.0109375 
0 0.2984375 0.78671875 0.01875 0.0109375 
0 0.26953125 0.79296875 0.0171875 0.0109375 
0 0.25390625 0.78359375 0.0203125 0.0140625 
0 0.28125 0.78515625 0.015625 0.0109375 
0 0.28515625 0.528125 0.0171875 0.009375 
0 0.30078125 0.53828125 0.0140625 0.0109375 
0 0.403125 0.51328125 0.0125 0.0109375 
0 0.41640625 0.50390625 0.0140625 0.0109375 
0 0.43125 0.49375 0.015625 0.0125 
0 0.8453125 0.834375 0.01875 0.0125 
0 0.99375 0.74140625 0.0125 0.0140625 
0 0.98203125 0.75234375 0.0140625 0.0109375 
0 0.9203125 0.7984375 0.015625 0.0125 
0 0.85 0.82421875 0.01875 0.0140625 
0 0.3453125 0.81328125 0.015625 0.0109375 
0 0.3296875 0.8046875 0.01875 0.009375 
0 0.15703125 0.778125 0.0171875 0.00625 
0 0.28515625 0.80078125 0.0140625 0.0109375 
0 0.365625 0.85625 0.015625 0.0125 
0 0.3515625 0.846875 0.015625 0.0125 
0 0.39609375 0.87578125 0.0171875 0.0109375 
0 0.421875 0.89140625 0.015625 0.0109375 
0 0.45234375 0.9078125 0.0171875 0.0125 
0 0.43671875 0.89921875 0.0140625 0.0109375 
0 0.44609375 0.878125 0.0203125 0.0125 
0 0.1765625 0.725 0.01875 0.0125 
0 0.4796875 0.89921875 0.015625 0.0109375 
0 0.48125 0.9234375 0.0125 0.009375 
0 0.0625 0.3296875 0.015625 0.015625 
0 0.04453125 0.3203125 0.0171875 0.0125 
0 0.11953125 0.2953125 0.0140625 0.0125 
0 0.95390625 0.6234375 0.0203125 0.0125 
0 0.9640625 0.603125 0.015625 0.009375 
0 0.96328125 0.734375 0.0140625 0.0125 
0 0.96015625 0.7484375 0.0140625 0.0125 
0 0.23359375 0.64765625 0.0171875 0.0140625 
0 0.09765625 0.66328125 0.0203125 0.0109375 
0 0.5 0.65390625 0.021875 0.0140625 
0 0.43359375 0.6140625 0.0171875 0.009375 
0 0.05859375 0.396875 0.0203125 0.0125 
0 0.10703125 0.4234375 0.0140625 0.009375 
0 0.39453125 0.11953125 0.0140625 0.0109375 
0 0.1421875 0.44375 0.01875 0.0125 
0 0.04296875 0.63125 0.0171875 0.0125 
0 0.025 0.615625 0.015625 0.009375 
0 0.00703125 0.60546875 0.0109375 0.0140625 
0 0.2 0.6203125 0.0125 0.0125 
