0 0.45 0.14375 0.01875 0.009375 
0 0.41015625 0.1703125 0.0171875 0.00625 
0 0.55546875 0.2515625 0.0078125 0.009375 
0 0.56171875 0.265625 0.0140625 0.015625 
0 0.43984375 0.21796875 0.0171875 0.0078125 
0 0.43515625 0.203125 0.0203125 0.009375 
0 0.53828125 0.21875 0.0171875 0.01875 
0 0.5296875 0.203125 0.0125 0.0125 
0 0.51171875 0.2015625 0.0171875 0.0125 
0 0.41484375 0.05546875 0.0171875 0.0078125 
0 0.52578125 0.2265625 0.0140625 0.015625 
0 0.378125 0.1 0.021875 0.0125 
0 0.4578125 0.20390625 0.01875 0.0078125 
0 0.40078125 0.03359375 0.0265625 0.0140625 
0 0.45078125 0.02265625 0.0203125 0.0109375 
0 0.41875 0.07265625 0.01875 0.0078125 
0 0.41796875 0.06171875 0.0171875 0.0109375 
0 0.41171875 0.0484375 0.0203125 0.009375 
0 0.49453125 0.190625 0.0203125 0.009375 
0 0.40625 0.03984375 0.01875 0.0078125 
0 0.54296875 0.25546875 0.0109375 0.0140625 
0 0.528125 0.2484375 0.009375 0.015625 
0 0.30859375 0.2453125 0.0140625 0.015625 
0 0.5125 0.2171875 0.015625 0.0125 
0 0.44765625 0.85859375 0.0109375 0.0140625 
0 0.45859375 0.86171875 0.0109375 0.0171875 
0 0.46484375 0.865625 0.0109375 0.015625 
0 0.42421875 0.08359375 0.0203125 0.0109375 
0 0.42265625 0.09140625 0.0203125 0.0078125 
0 0.55546875 0.28515625 0.0109375 0.0171875 
0 0.55 0.23671875 0.0125 0.0140625 
0 0.39140625 0.13359375 0.0171875 0.0109375 
0 0.41328125 0.265625 0.0109375 0.015625 
0 0.49296875 0.121875 0.0203125 0.0125 
0 0.39140625 0.12734375 0.0203125 0.0109375 
0 0.36875 0.08046875 0.021875 0.0109375 
0 0.375 0.0921875 0.021875 0.009375 
0 0.65078125 0.6203125 0.0296875 0.0125 
0 0.44140625 0.2125 0.0171875 0.00625 
0 0.52109375 0.23359375 0.0140625 0.0140625 
0 0.4734375 0.23515625 0.015625 0.0109375 
0 0.4171875 0.109375 0.015625 0.015625 
0 0.45234375 0.11796875 0.0109375 0.0140625 
0 0.53359375 0.26640625 0.0109375 0.0171875 
0 0.00625 0.2109375 0.009375 0.0125 
0 0.03984375 0.21328125 0.0203125 0.0078125 
0 0.4859375 0.20703125 0.015625 0.0109375 
0 0.4546875 0.19296875 0.01875 0.0109375 
0 0.4734375 0.19140625 0.015625 0.0078125 
0 0.47578125 0.19921875 0.0171875 0.0078125 
0 0.4375 0.12265625 0.01875 0.0078125 
0 0.4375 0.10859375 0.01875 0.0078125 
0 0.04921875 0.81875 0.0171875 0.015625 
0 0.3609375 0.04765625 0.01875 0.0109375 
0 0.57421875 0.84375 0.0140625 0.015625 
0 0.67265625 0.81171875 0.0109375 0.0140625 
0 0.6828125 0.80234375 0.009375 0.0171875 
0 0.6625 0.778125 0.0125 0.015625 
0 0.371875 0.0875 0.01875 0.009375 
0 0.4984375 0.15703125 0.015625 0.0078125 
0 0.421875 0.078125 0.015625 0.009375 
0 0.42890625 0.096875 0.0171875 0.009375 
0 0.43359375 0.10390625 0.0171875 0.0078125 
0 0.4578125 0.0390625 0.01875 0.009375 
0 0.4890625 0.053125 0.0125 0.015625 
0 0.47890625 0.08125 0.0171875 0.009375 
0 0.46875 0.05859375 0.021875 0.0109375 
0 0.46796875 0.0515625 0.0171875 0.009375 
0 0.496875 0.13515625 0.021875 0.0109375 
0 0.64765625 0.6078125 0.0234375 0.009375 
0 0.64609375 0.603125 0.0203125 0.009375 
0 0.7328125 0.73671875 0.01875 0.0109375 
0 0.74609375 0.74140625 0.0203125 0.0109375 
0 0.75078125 0.7546875 0.0171875 0.009375 
0 0.453125 0.89296875 0.015625 0.0109375 
0 0.746875 0.76484375 0.028125 0.0109375 
0 0.7 0.75625 0.01875 0.009375 
0 0.496875 0.14140625 0.021875 0.0109375 
0 0.46328125 0.0453125 0.0203125 0.0125 
0 0.446875 0.13046875 0.015625 0.0078125 
0 0.54921875 0.2703125 0.0109375 0.015625 
0 0.49609375 0.128125 0.0203125 0.009375 
0 0.46953125 0.0671875 0.0203125 0.009375 
0 0.478125 0.08671875 0.021875 0.0109375 
0 0.47890625 0.0953125 0.0140625 0.00625 
0 0.48359375 0.1 0.0203125 0.009375 
0 0.48671875 0.10703125 0.0171875 0.0078125 
0 0.490625 0.11171875 0.021875 0.0109375 
0 0.3296875 0.1921875 0.015625 0.015625 
0 0.34140625 0.1796875 0.0109375 0.015625 
0 0.37109375 0.1359375 0.0140625 0.015625 
0 0.45234375 0.0296875 0.0265625 0.009375 
0 0.35625 0.17734375 0.0125 0.0140625 
0 0.34375 0.12265625 0.009375 0.0140625 
0 0.36328125 0.11640625 0.0109375 0.0171875 
0 0.33125 0.1375 0.015625 0.015625 
0 0.3890625 0.12265625 0.021875 0.0078125 
0 0.33828125 0.15234375 0.0078125 0.0140625 
0 0.3515625 0.15078125 0.009375 0.0140625 
0 0.3421875 0.16640625 0.0125 0.0140625 
0 0.38984375 0.11640625 0.0203125 0.0078125 
0 0.32265625 0.10234375 0.0109375 0.0140625 
0 0.44765625 0.15390625 0.0171875 0.0109375 
0 0.33359375 0.01796875 0.0171875 0.0140625 
0 0.30625 0.009375 0.0125 0.015625 
0 0.30625 0.06796875 0.0125 0.0171875 
0 0.31875 0.05546875 0.009375 0.0171875 
0 0.33359375 0.0625 0.0109375 0.015625 
0 0.40859375 0.00703125 0.0203125 0.0109375 
0 0.38359375 0.015625 0.0203125 0.0125 
0 0.33046875 0.08515625 0.0109375 0.0171875 
0 0.35625 0.165625 0.0125 0.015625 
0 0.3046875 0.09375 0.0125 0.015625 
0 0.3234375 0.203125 0.015625 0.015625 
0 0.30546875 0.21171875 0.0203125 0.0078125 
0 0.2953125 0.22265625 0.028125 0.0078125 
0 0.28203125 0.215625 0.0171875 0.0125 
0 0.2453125 0.23203125 0.025 0.0109375 
0 0.2125 0.2265625 0.01875 0.00625 
0 0.359375 0.2078125 0.01875 0.0125 
0 0.3625 0.2 0.01875 0.009375 
0 0.3265625 0.1203125 0.0125 0.015625 
0 0.315625 0.0828125 0.009375 0.015625 
0 0.34609375 0.190625 0.0140625 0.015625 
0 0.31015625 0.10859375 0.0109375 0.0140625 
0 0.44453125 0.13828125 0.0203125 0.0078125 
0 0.64765625 0.6140625 0.0171875 0.00625 
0 0.65625 0.628125 0.028125 0.0125 
0 0.06953125 0.228125 0.0203125 0.00625 
0 0.41328125 0.20390625 0.0140625 0.0078125 
0 0.45625 0.16640625 0.021875 0.0109375 
0 0.4703125 0.17421875 0.01875 0.0078125 
0 0.45234375 0.1609375 0.0171875 0.009375 
0 0.70625 0.08359375 0.0125 0.0109375 
0 0.74453125 0.11953125 0.0171875 0.0171875 
0 0.7171875 0.15390625 0.01875 0.0171875 
0 0.40859375 0.1953125 0.0171875 0.009375 
0 0.4109375 0.2109375 0.01875 0.009375 
0 0.765625 0.99296875 0.0125 0.0140625 
0 0.78515625 0.98515625 0.0234375 0.0109375 
0 0.78671875 0.9921875 0.0171875 0.009375 
0 0.7265625 0.09765625 0.015625 0.0171875 
0 0.828125 0.98125 0.025 0.0125 
0 0.82109375 0.96171875 0.0203125 0.0078125 
0 0.94453125 0.7203125 0.0234375 0.009375 
0 0.865625 0.73203125 0.021875 0.0109375 
0 0.43359375 0.19140625 0.0171875 0.0078125 
0 0.4140625 0.8359375 0.009375 0.015625 
0 0.69765625 0.61953125 0.0234375 0.0109375 
0 0.6171875 0.5875 0.0125 0.015625 
0 0.60859375 0.55703125 0.0109375 0.0171875 
0 0.70703125 0.63046875 0.0140625 0.0078125 
0 0.47421875 0.4703125 0.0109375 0.0125 
0 0.7109375 0.78125 0.015625 0.009375 
0 0.69765625 0.60546875 0.0203125 0.0078125 
0 0.6984375 0.61171875 0.01875 0.0078125 
0 0.69453125 0.5984375 0.0171875 0.009375 
0 0.40546875 0.28828125 0.0109375 0.0171875 
0 0.36015625 0.81484375 0.0140625 0.0109375 
0 0.3953125 0.8296875 0.009375 0.0125 
0 0.690625 0.59296875 0.021875 0.0109375 
0 0.62421875 0.52421875 0.0234375 0.0109375 
0 0.62265625 0.5109375 0.0203125 0.009375 
0 0.615625 0.57109375 0.0125 0.0140625 
0 0.63828125 0.58359375 0.0171875 0.0109375 
0 0.6828125 0.5734375 0.021875 0.009375 
0 0.68515625 0.58046875 0.0171875 0.0109375 
0 0.69140625 0.58671875 0.0203125 0.0140625 
0 0.36796875 0.07109375 0.0265625 0.0109375 
0 0.3734375 0.06171875 0.021875 0.0140625 
0 0.365625 0.0546875 0.021875 0.015625 
0 0.0828125 0.21171875 0.01875 0.0078125 
0 0.4375 0.3390625 0.009375 0.015625 
0 0.4234375 0.340625 0.0125 0.015625 
0 0.76796875 0.03515625 0.0171875 0.0171875 
0 0.8390625 0.07421875 0.009375 0.0109375 
0 0.82265625 0.05703125 0.0171875 0.0171875 
0 0.80703125 0.03203125 0.0234375 0.0203125 
0 0.84375 0.00703125 0.015625 0.0109375 
0 0.490625 0.99296875 0.025 0.0140625 
0 0.56015625 0.80390625 0.0109375 0.0140625 
0 0.68125 0.94296875 0.015625 0.0109375 
0 0.70546875 0.99453125 0.0109375 0.0109375 
0 0.3859375 0.825 0.009375 0.015625 
0 0.36875 0.85 0.015625 0.0125 
0 0.74140625 0.640625 0.0109375 0.0125 
0 0.75 0.746875 0.01875 0.009375 
0 0.659375 0.64375 0.025 0.009375 
0 0.73671875 0.92265625 0.0078125 0.0140625 
0 0.6 0.5921875 0.009375 0.0125 
0 0.46328125 0.4703125 0.0078125 0.0125 
0 0.4734375 0.484375 0.009375 0.0125 
0 0.4875 0.48125 0.009375 0.0125 
0 0.5 0.5171875 0.0125 0.01875 
0 0.48515625 0.50390625 0.0078125 0.0140625 
0 0.44296875 0.5625 0.0234375 0.015625 
0 0.71015625 0.90625 0.0109375 0.015625 
0 0.7234375 0.915625 0.009375 0.0125 
0 0.59375 0.57578125 0.009375 0.0171875 
0 0.70703125 0.77578125 0.0171875 0.0109375 
0 0.56796875 0.28359375 0.0140625 0.0171875 
0 0.4171875 0.325 0.009375 0.015625 
0 0.65703125 0.634375 0.0234375 0.009375 
0 0.403125 0.8328125 0.009375 0.015625 
0 0.75546875 0.7828125 0.0265625 0.0125 
0 0.76953125 0.815625 0.0234375 0.0125 
0 0.61328125 0.62890625 0.0109375 0.0140625 
0 0.48203125 0.45859375 0.0078125 0.0140625 
0 0.77890625 0.83984375 0.0171875 0.0109375 
0 0.4671875 0.4546875 0.009375 0.009375 
0 0.3765625 0.8265625 0.009375 0.0125 
0 0.734375 0.853125 0.01875 0.009375 
0 0.7296875 0.846875 0.01875 0.00625 
0 0.58828125 0.559375 0.0109375 0.0125 
0 0.60234375 0.60859375 0.0140625 0.0171875 
0 0.7046875 0.625 0.015625 0.009375 
0 0.70703125 0.6390625 0.0171875 0.0125 
0 0.54453125 0.2890625 0.0140625 0.01875 
0 0.7609375 0.80234375 0.03125 0.0109375 
0 0.39765625 0.15 0.0171875 0.009375 
0 0.4046875 0.165625 0.01875 0.0125 
0 0.41484375 0.178125 0.0171875 0.00625 
1 0.17578125 0.30625 0.0296875 0.0125 
1 0.065625 0.28984375 0.0375 0.0109375 
1 0.1015625 0.27421875 0.028125 0.0078125 
1 0.47265625 0.0734375 0.0296875 0.009375 
1 0.37265625 0.16875 0.0234375 0.028125 
1 0.3953125 0.1421875 0.03125 0.009375 
1 0.05859375 0.25390625 0.0296875 0.0078125 
1 0.62890625 0.55078125 0.0234375 0.0109375 
1 0.48046875 0.54296875 0.0203125 0.0265625 
1 0.41328125 0.625 0.0328125 0.028125 
1 0.4078125 0.61484375 0.03125 0.0265625 
1 0.37734375 0.63984375 0.0328125 0.0265625 
1 0.26171875 0.67265625 0.0234375 0.0171875 
1 0.29375 0.68984375 0.025 0.0203125 
1 0.64375 0.59765625 0.03125 0.0140625 
1 0.31328125 0.27578125 0.0296875 0.0109375 
1 0.29140625 0.79375 0.0265625 0.01875 
1 0.31015625 0.8140625 0.0515625 0.034375 
1 0.4140625 0.1859375 0.021875 0.009375 
1 0.39140625 0.04921875 0.0171875 0.0203125 
1 0.18984375 0.22578125 0.0203125 0.0078125 
1 0.11171875 0.81875 0.0265625 0.01875 
1 0.28828125 0.0171875 0.0171875 0.015625 
1 0.45625 0.546875 0.021875 0.028125 
1 0.3828125 0.1078125 0.03125 0.0125 
1 0.10546875 0.353125 0.0265625 0.021875 
1 0.01171875 0.92890625 0.0203125 0.0296875 
1 0.04140625 0.90234375 0.0265625 0.0203125 
1 0.10625 0.8484375 0.025 0.021875 
1 0.0890625 0.8359375 0.025 0.021875 
1 0.14375 0.82109375 0.021875 0.0171875 
1 0.1546875 0.82734375 0.028125 0.0234375 
1 0.1625 0.79453125 0.025 0.0203125 
1 0.08203125 0.78984375 0.0234375 0.0234375 
1 0.14453125 0.775 0.0359375 0.03125 
1 0.18046875 0.234375 0.0234375 0.009375 
1 0.215625 0.23515625 0.021875 0.0109375 
1 0.06015625 0.8875 0.0203125 0.01875 
1 0.54921875 0.5828125 0.0203125 0.040625 
