0 0.13203125 0.0484375 0.0171875 0.009375 
0 0.15546875 0.2765625 0.0171875 0.0125 
0 0.66171875 0.378125 0.0109375 0.0125 
0 0.19375 0.2453125 0.015625 0.015625 
0 0.1828125 0.2484375 0.015625 0.015625 
0 0.2015625 0.24140625 0.015625 0.0171875 
0 0.21171875 0.2375 0.0171875 0.015625 
0 0.15546875 0.259375 0.0140625 0.015625 
0 0.16953125 0.29375 0.0203125 0.0125 
0 0.63984375 0.41328125 0.0109375 0.0140625 
0 0.646875 0.4015625 0.0125 0.015625 
0 0.65546875 0.3875 0.0109375 0.015625 
0 0.4625 0.053125 0.009375 0.015625 
0 0.178125 0.2515625 0.015625 0.015625 
0 0.2453125 0.2375 0.015625 0.015625 
0 0.25546875 0.25078125 0.0171875 0.0140625 
0 0.26875 0.259375 0.01875 0.009375 
0 0.6328125 0.42578125 0.0125 0.0140625 
0 0.62421875 0.43828125 0.0109375 0.0140625 
0 0.74609375 0.13203125 0.0203125 0.0078125 
0 0.40859375 0.04765625 0.0234375 0.0078125 
0 0.165625 0.2875 0.01875 0.0125 
0 0.6953125 0.12734375 0.021875 0.0078125 
0 0.10234375 0.07109375 0.0203125 0.0078125 
0 0.215625 0.0453125 0.021875 0.009375 
0 0.25703125 0.040625 0.0171875 0.009375 
0 0.27421875 0.0375 0.0171875 0.009375 
0 0.2921875 0.0390625 0.015625 0.009375 
0 0.240625 0.21953125 0.015625 0.0171875 
0 0.26484375 0.0546875 0.0203125 0.009375 
0 0.51328125 0.178125 0.0171875 0.01875 
0 0.14765625 0.27109375 0.0171875 0.0109375 
0 0.5046875 0.190625 0.015625 0.015625 
0 0.49609375 0.20546875 0.0140625 0.0171875 
0 0.465625 0.259375 0.015625 0.015625 
0 0.75234375 0.10390625 0.0203125 0.0078125 
0 0.653125 0.19296875 0.015625 0.0140625 
0 0.67265625 0.1 0.0203125 0.00625 
0 0.353125 0.04453125 0.021875 0.0078125 
0 0.17109375 0.04765625 0.0234375 0.0078125 
0 0.64375 0.0984375 0.01875 0.00625 
0 0.21953125 0.20546875 0.0171875 0.0171875 
0 0.53046875 0.08828125 0.0203125 0.0078125 
0 0.1625 0.06796875 0.01875 0.0078125 
0 0.18671875 0.0671875 0.0265625 0.009375 
0 0.20859375 0.06796875 0.0171875 0.0078125 
0 0.23515625 0.2109375 0.0171875 0.015625 
0 0.259375 0.1296875 0.01875 0.0125 
0 0.14609375 0.2609375 0.0140625 0.015625 
0 0.278125 0.12578125 0.015625 0.0109375 
0 0.30390625 0.121875 0.0171875 0.009375 
0 0.325 0.11953125 0.01875 0.0078125 
0 0.37265625 0.1203125 0.0203125 0.009375 
0 0.4546875 0.09765625 0.015625 0.0171875 
0 0.4828125 0.2296875 0.01875 0.01875 
0 0.4734375 0.24609375 0.01875 0.0203125 
0 0.165625 0.2546875 0.0125 0.015625 
0 0.54921875 0.0171875 0.0171875 0.0125 
0 0.77578125 0.10546875 0.0234375 0.0078125 
0 0.6875 0.31640625 0.0125 0.0140625 
0 0.69375 0.32421875 0.0125 0.0140625 
0 0.7 0.31484375 0.015625 0.0140625 
0 0.7078125 0.303125 0.015625 0.01875 
0 0.71640625 0.28671875 0.0140625 0.0171875 
0 0.59296875 0.1625 0.0171875 0.0125 
0 0.609375 0.17109375 0.01875 0.0140625 
0 0.66953125 0.365625 0.0109375 0.0125 
0 0.51328125 0.03125 0.0171875 0.0125 
0 0.5296875 0.025 0.015625 0.0125 
0 0.803125 0.10859375 0.025 0.0078125 
0 0.8328125 0.11015625 0.01875 0.0078125 
0 0.85703125 0.1125 0.0171875 0.00625 
0 0.88046875 0.11484375 0.0203125 0.0078125 
0 0.90546875 0.11640625 0.0203125 0.0078125 
0 0.58515625 0.00546875 0.0171875 0.0078125 
0 0.6859375 0.3359375 0.0125 0.015625 
0 0.6734375 0.2015625 0.01875 0.0125 
0 0.13046875 0.17265625 0.0203125 0.0109375 
0 0.2125 0.146875 0.021875 0.015625 
0 0.1625 0.2203125 0.025 0.015625 
0 0.20234375 0.20703125 0.0140625 0.0140625 
0 0.23671875 0.30078125 0.0171875 0.0140625 
0 0.23671875 0.278125 0.0171875 0.0125 
0 0.228125 0.275 0.01875 0.0125 
0 0.2265625 0.26796875 0.021875 0.0140625 
0 0.221875 0.2625 0.01875 0.0125 
0 0.2171875 0.25546875 0.021875 0.0140625 
0 0.10546875 0.325 0.0203125 0.0125 
0 0.5015625 0.64453125 0.0125 0.0171875 
0 0.20625 0.29609375 0.015625 0.0140625 
0 0.36640625 0.403125 0.0171875 0.01875 
0 0.30390625 0.26328125 0.0171875 0.0140625 
0 0.228125 0.2890625 0.01875 0.0125 
0 0.18671875 0.30234375 0.0203125 0.0140625 
0 0.25625 0.29453125 0.015625 0.0140625 
0 0.31171875 0.0375 0.0203125 0.009375 
0 0.6765625 0.35234375 0.0125 0.0140625 
0 0.1109375 0.1796875 0.021875 0.0125 
0 0.00546875 0.20703125 0.0078125 0.0171875 
0 0.1453125 0.33046875 0.01875 0.0140625 
0 0.3 0.428125 0.01875 0.01875 
0 0.46796875 0.70390625 0.0140625 0.0171875 
0 0.4765625 0.68984375 0.0125 0.0140625 
0 0.48203125 0.6765625 0.0109375 0.015625 
0 0.1265625 0.31875 0.01875 0.0125 
0 0.084375 0.33203125 0.01875 0.0140625 
0 0.065625 0.33828125 0.01875 0.0140625 
0 0.12578125 0.33671875 0.0203125 0.0140625 
0 0.16328125 0.32421875 0.0171875 0.0140625 
0 0.18203125 0.31796875 0.0171875 0.0109375 
0 0.20234375 0.31171875 0.0203125 0.0140625 
0 0.3046875 0.27578125 0.021875 0.0140625 
0 0.21953125 0.30625 0.0171875 0.0125 
0 0.99453125 0.76953125 0.0109375 0.0140625 
0 0.34375 0.86015625 0.015625 0.0171875 
0 0.36171875 0.84609375 0.0203125 0.0140625 
0 0.371875 0.86328125 0.015625 0.0171875 
0 0.36015625 0.884375 0.0140625 0.01875 
0 0.30859375 0.96640625 0.0109375 0.0140625 
0 0.33359375 0.92421875 0.0140625 0.0171875 
0 0.34921875 0.89921875 0.0140625 0.0171875 
0 0.3328125 0.87734375 0.01875 0.0203125 
0 0.32265625 0.89140625 0.0171875 0.0171875 
0 0.278125 0.96328125 0.015625 0.0171875 
0 0.31796875 0.953125 0.0140625 0.015625 
0 0.3 0.98046875 0.0125 0.0171875 
0 0.2921875 0.99296875 0.015625 0.0140625 
0 0.99453125 0.9875 0.0109375 0.01875 
0 0.9859375 0.9953125 0.015625 0.009375 
0 0.84375 0.78203125 0.021875 0.0171875 
0 0.7515625 0.2375 0.01875 0.015625 
0 0.73125 0.2296875 0.01875 0.0125 
1 0.8578125 0.79453125 0.025 0.0171875 
1 0.98984375 0.9453125 0.0203125 0.01875 
1 0.49296875 0.6625 0.0171875 0.01875 
1 0.11015625 0.05078125 0.0203125 0.0078125 
1 0.034375 0.0546875 0.028125 0.009375 
1 0.08984375 0.05234375 0.0203125 0.0078125 
1 0.55546875 0.09140625 0.0234375 0.0078125 
1 0.43125 0.11328125 0.021875 0.0109375 
