0 0.02578125 0.30234375 0.0484375 0.1171875 
0 0.04609375 0.35859375 0.0890625 0.1359375 
0 0.0859375 0.41796875 0.11875 0.1296875 
0 0.13125 0.46953125 0.10625 0.1171875 
0 0.2 0.553125 0.09375 0.146875 
0 0.26640625 0.6203125 0.1046875 0.1375 
0 0.315625 0.66796875 0.109375 0.1296875 
0 0.359375 0.72578125 0.11875 0.1515625 
0 0.4125 0.77109375 0.1125 0.1296875 
0 0.45859375 0.81875 0.1140625 0.15 
0 0.43671875 0.01484375 0.1296875 0.0265625 
0 0.0375 0.76328125 0.071875 0.1109375 
0 0.1125 0.8796875 0.109375 0.125 
0 0.50390625 0.86328125 0.1234375 0.1265625 
0 0.16015625 0.91875 0.1265625 0.13125 
0 0.2046875 0.96015625 0.1125 0.0796875 
0 0.25625 0.97734375 0.125 0.0453125 
0 0.534375 0.9203125 0.13125 0.140625 
0 0.58671875 0.95 0.1328125 0.1 
0 0.03125 0.92734375 0.059375 0.1046875 
0 0.05 0.9609375 0.096875 0.078125 
0 0.08671875 0.984375 0.1046875 0.03125 
0 0.06796875 0.83125 0.0953125 0.115625 
0 0.8640625 0.0796875 0.09375 0.146875 
0 0.6234375 0.1828125 0.125 0.103125 
0 0.6296875 0.98125 0.115625 0.0375 
1 0.47578125 0.04765625 0.1484375 0.0921875 
1 0.5359375 0.0859375 0.140625 0.11875 
1 0.58203125 0.12109375 0.1578125 0.1265625 
