0 0.5234375 0.12578125 0.115625 0.0703125 
0 0.56796875 0.16953125 0.1234375 0.0703125 
0 0.35078125 0.29921875 0.1203125 0.0671875 
0 0.40546875 0.4328125 0.1265625 0.059375 
0 0.4328125 0.52734375 0.1125 0.0703125 
0 0.46875 0.6203125 0.125 0.071875 
0 0.49140625 0.66875 0.1390625 0.06875 
0 0.54375 0.76015625 0.11875 0.0734375 
0 0.5671875 0.80703125 0.103125 0.0546875 
0 0.90859375 0.965625 0.1328125 0.06875 
0 0.93515625 0.98984375 0.1171875 0.0203125 
0 0.853125 0.821875 0.125 0.078125 
0 0.88046875 0.875 0.1109375 0.071875 
0 0.5796875 0.86640625 0.128125 0.0671875 
0 0.60390625 0.91953125 0.1109375 0.0640625 
0 0.6203125 0.96484375 0.128125 0.0703125 
0 0.63828125 0.98984375 0.1296875 0.0203125 
0 0.6515625 0.3921875 0.128125 0.0875 
0 0.6046875 0.30703125 0.115625 0.0828125 
0 0.9609375 0.80390625 0.078125 0.0734375 
0 0.9453125 0.76015625 0.109375 0.0703125 
0 0.8234375 0.77421875 0.121875 0.0765625 
0 0.99140625 0.9515625 0.0171875 0.071875 
0 0.9796875 0.90390625 0.040625 0.0765625 
0 0.97421875 0.85234375 0.0515625 0.0703125 
0 0.74296875 0.2921875 0.1265625 0.08125 
0 0.78984375 0.37109375 0.1359375 0.0859375 
0 0.8109375 0.41875 0.125 0.08125 
0 0.70546875 0.48984375 0.1234375 0.0703125 
0 0.82421875 0.46875 0.1109375 0.071875 
0 0.71328125 0.53828125 0.1328125 0.0765625 
0 0.73515625 0.5859375 0.1328125 0.078125 
0 0.75546875 0.6359375 0.1140625 0.078125 
0 0.8625 0.5625 0.121875 0.08125 
0 0.8890625 0.61015625 0.125 0.0828125 
0 0.9171875 0.66640625 0.125 0.0921875 
0 0.77109375 0.68125 0.1078125 0.065625 
0 0.8015625 0.7265625 0.121875 0.078125 
1 0.7203125 0.23515625 0.128125 0.0828125 
