0 0.51953125 0.821875 0.0703125 0.08125 
0 0.1125 0.9734375 0.075 0.053125 
0 0.290625 0.9609375 0.075 0.078125 
0 0.33046875 0.8546875 0.0734375 0.0875 
0 0.26640625 0.86640625 0.0703125 0.0859375 
0 0.1953125 0.871875 0.078125 0.1 
0 0.1296875 0.88125 0.084375 0.1 
0 0.63984375 0.91171875 0.1015625 0.0765625 
0 0.60390625 0.87734375 0.1078125 0.0765625 
0 0.4046875 0.95234375 0.08125 0.0890625 
0 0.34765625 0.95859375 0.0765625 0.0828125 
0 0.09609375 0.63515625 0.0953125 0.0921875 
0 0.1484375 0.61484375 0.103125 0.1015625 
0 0.1953125 0.59609375 0.09375 0.0890625 
0 0.2453125 0.578125 0.103125 0.090625 
0 0.30859375 0.55234375 0.0859375 0.0828125 
0 0.35703125 0.5203125 0.1015625 0.096875 
0 0.528125 0.59453125 0.115625 0.0796875 
0 0.79453125 0.69609375 0.1078125 0.0890625 
0 0.0484375 0.903125 0.06875 0.078125 
0 0.67578125 0.94609375 0.1140625 0.0796875 
0 0.703125 0.971875 0.09375 0.05625 
0 0.94296875 0.921875 0.1046875 0.096875 
0 0.85703125 0.8609375 0.1171875 0.10625 
1 0.86015625 0.75625 0.1578125 0.115625 
1 0.55625 0.48984375 0.128125 0.0984375 
1 0.0171875 0.97265625 0.03125 0.0546875 
