0 0.0671875 0.7953125 0.01875 0.025 
0 0.08515625 0.79296875 0.0171875 0.0296875 
0 0.6859375 0.81875 0.015625 0.034375 
0 0.625 0.821875 0.0125 0.021875 
0 0.596875 0.81484375 0.0125 0.0234375 
0 0.58203125 0.8171875 0.0171875 0.028125 
0 0.55 0.81640625 0.0125 0.0328125 
0 0.53359375 0.81796875 0.0109375 0.0296875 
0 0.5171875 0.81484375 0.0125 0.0265625 
0 0.47578125 0.81171875 0.0140625 0.0234375 
0 0.46171875 0.8109375 0.0140625 0.028125 
0 0.43125 0.8078125 0.0125 0.025 
0 0.41640625 0.80859375 0.0109375 0.0296875 
0 0.38671875 0.8078125 0.0109375 0.025 
0 0.33828125 0.8046875 0.0109375 0.025 
0 0.30859375 0.80546875 0.0171875 0.0296875 
0 0.21484375 0.79921875 0.0140625 0.0265625 
0 0.19921875 0.7984375 0.0140625 0.034375 
0 0.153125 0.7984375 0.01875 0.0375 
0 0.1 0.79609375 0.0125 0.0296875 
0 0.640625 0.81875 0.015625 0.028125 
0 0.76875 0.82421875 0.015625 0.0328125 
0 0.84140625 0.82421875 0.0109375 0.0328125 
0 0.98125 0.83359375 0.0125 0.0265625 
0 0.9359375 0.8359375 0.0125 0.03125 
0 0.903125 0.828125 0.0125 0.028125 
0 0.884375 0.83125 0.0125 0.028125 
