0 0.2375 0.728125 0.1 0.075 
0 0.28203125 0.75546875 0.1109375 0.0890625 
0 0.3546875 0.81875 0.103125 0.084375 
0 0.39375 0.8515625 0.10625 0.0875 
0 0.43671875 0.8828125 0.1046875 0.078125 
0 0.47421875 0.91484375 0.0890625 0.0734375 
0 0.50390625 0.940625 0.0890625 0.075 
0 0.034375 0.77421875 0.065625 0.0734375 
0 0.04375 0.8109375 0.084375 0.075 
0 0.071875 0.84375 0.09375 0.06875 
0 0.12890625 0.86953125 0.1015625 0.0765625 
0 0.14921875 0.9015625 0.1046875 0.075 
0 0.2 0.93046875 0.121875 0.0890625 
0 0.2375 0.96015625 0.09375 0.0703125 
0 0.27265625 0.9765625 0.1046875 0.046875 
0 0.328125 0.98984375 0.115625 0.0203125 
0 0.1125 0.984375 0.09375 0.03125 
0 0.01484375 0.88359375 0.0265625 0.0671875 
0 0.96640625 0.97421875 0.0671875 0.0515625 
0 0.9828125 0.990625 0.034375 0.01875 
