1 0.04765625 0.76015625 0.0921875 0.0796875 
1 0.22578125 0.00859375 0.1296875 0.0140625 
1 0.24921875 0.42734375 0.1328125 0.0828125 
1 0.0109375 0.571875 0.01875 0.08125 
1 0.01796875 0.62109375 0.0328125 0.0796875 
1 0.02578125 0.665625 0.0484375 0.08125 
1 0.03359375 0.71484375 0.0640625 0.0828125 
1 0.05546875 0.80625 0.1078125 0.084375 
1 0.08515625 0.8578125 0.1328125 0.084375 
1 0.0671875 0.909375 0.134375 0.08125 
1 0.07734375 0.95859375 0.1390625 0.0796875 
1 0.07421875 0.98359375 0.1328125 0.0328125 
1 0.3890625 0.86484375 0.15 0.0921875 
1 0.20546875 0.2078125 0.0890625 0.1125 
1 0.25703125 0.48046875 0.1359375 0.0921875 
