0 0.60859375 0.1703125 0.0640625 0.084375 
0 0.44296875 0.1734375 0.0859375 0.096875 
0 0.2484375 0.4078125 0.075 0.084375 
0 0.22890625 0.71953125 0.0671875 0.0796875 
0 0.4484375 0.6 0.059375 0.078125 
0 0.99296875 0.815625 0.0140625 0.096875 
0 0.38515625 0.778125 0.0609375 0.0875 
0 0.11953125 0.8 0.0703125 0.084375 
0 0.0875 0.8453125 0.06875 0.08125 
0 0.3109375 0.9671875 0.05625 0.065625 
0 0.1359375 0.96328125 0.071875 0.0734375 
0 0.10078125 0.98984375 0.0796875 0.0203125 
0 0.1625 0.90703125 0.065625 0.0859375 
