0 0.690625 0.0484375 0.10625 0.05625 
0 0.95703125 0.0609375 0.0859375 0.0625 
0 0.5453125 0.175 0.0875 0.103125 
0 0.4875 0.17109375 0.084375 0.1015625 
0 0.43359375 0.16171875 0.0890625 0.0984375 
0 0.37734375 0.1625 0.0578125 0.078125 
0 0.65703125 0.175 0.0859375 0.1 
0 0.60546875 0.16796875 0.0859375 0.1015625 
0 0.815625 0.17421875 0.10625 0.1140625 
0 0.8671875 0.1890625 0.090625 0.10625 
0 0.96640625 0.196875 0.0671875 0.096875 
0 0.91953125 0.1875 0.0859375 0.096875 
0 0.4578125 0.03671875 0.096875 0.0546875 
