0 0.31875 0.94375 0.040625 0.028125 
0 0.3390625 0.92421875 0.040625 0.0265625 
0 0.43984375 0.93984375 0.0390625 0.0203125 
0 0.453125 0.928125 0.040625 0.028125 
0 0.37109375 0.89140625 0.0359375 0.0234375 
0 0.55859375 0.1921875 0.0265625 0.025 
0 0.35078125 0.9125 0.0421875 0.03125 
0 0.834375 0.328125 0.028125 0.025 
0 0.36953125 0.01796875 0.0421875 0.0265625 
0 0.2875 0.03671875 0.0375 0.0265625 
0 0.27890625 0.0515625 0.0359375 0.021875 
0 0.196875 0.14140625 0.015625 0.0296875 
0 0.0703125 0.0546875 0.034375 0.028125 
0 0.2609375 0.23359375 0.034375 0.0265625 
0 0.23515625 0.25234375 0.0359375 0.0234375 
0 0.44609375 0.20390625 0.0390625 0.0265625 
0 0.49140625 0.22421875 0.0390625 0.0296875 
0 0.58828125 0.2390625 0.0359375 0.028125 
0 0.603125 0.21484375 0.03125 0.0328125 
0 0.70078125 0.26015625 0.0265625 0.0265625 
0 0.684375 0.25234375 0.025 0.0265625 
0 0.696875 0.18046875 0.03125 0.0328125 
0 0.8390625 0.19609375 0.025 0.0265625 
0 0.38125 0.87734375 0.034375 0.0234375 
0 0.978125 0.9953125 0.040625 0.009375 
0 0.61875 0.13984375 0.028125 0.0296875 
0 0.6640625 0.16328125 0.03125 0.0296875 
0 0.67890625 0.1734375 0.0328125 0.034375 
0 0.74296875 0.2 0.0328125 0.028125 
0 0.634375 0.2296875 0.03125 0.028125 
0 0.57421875 0.19921875 0.0296875 0.0265625 
0 0.54140625 0.1828125 0.0265625 0.028125 
0 0.528125 0.17734375 0.03125 0.0296875 
0 0.48046875 0.1875 0.0359375 0.028125 
0 0.4546875 0.10703125 0.0375 0.0265625 
0 0.5140625 0.20234375 0.034375 0.0234375 
0 0.5484375 0.21875 0.04375 0.028125 
0 0.8515625 0.3359375 0.028125 0.025 
0 0.8625 0.3484375 0.028125 0.028125 
0 0.8828125 0.35234375 0.025 0.0234375 
0 0.9 0.3625 0.028125 0.03125 
0 0.95 0.57109375 0.0375 0.0265625 
0 0.91484375 0.60390625 0.0328125 0.0234375 
0 0.634375 0.14921875 0.028125 0.0265625 
0 0.5484375 0.10703125 0.03125 0.0328125 
0 0.3140625 0.0328125 0.0375 0.025 
0 0.271875 0.32578125 0.0375 0.0234375 
0 0.29375 0.3 0.04375 0.03125 
0 0.32265625 0.2734375 0.0359375 0.028125 
0 0.33359375 0.26328125 0.0359375 0.0234375 
0 0.346875 0.25078125 0.0375 0.0296875 
0 0.35625 0.2375 0.0375 0.025 
0 0.05234375 0.20546875 0.0265625 0.0265625 
0 0.05625 0.03984375 0.03125 0.0296875 
0 0.03828125 0.06328125 0.0328125 0.0328125 
0 0.3265625 0.0734375 0.028125 0.01875 
0 0.02265625 0.053125 0.0265625 0.03125 
