0 0.2140625 0.9765625 0.13125 0.046875 
0 0.04296875 0.16015625 0.0828125 0.0671875 
0 0.315625 0.02421875 0.10625 0.0453125 
0 0.328125 0.1203125 0.125 0.0625 
0 0.35390625 0.20703125 0.1328125 0.0640625 
0 0.83125 0.06953125 0.053125 0.0796875 
0 0.9703125 0.09765625 0.059375 0.1171875 
0 0.15234375 0.76328125 0.0890625 0.0640625 
0 0.1109375 0.46015625 0.13125 0.0640625 
0 0.11328125 0.51484375 0.1171875 0.0640625 
0 0.11796875 0.57109375 0.1140625 0.0609375 
0 0.140625 0.709375 0.109375 0.0625 
0 0.46328125 0.7015625 0.1046875 0.059375 
0 0.528125 0.9796875 0.128125 0.040625 
0 0.50703125 0.878125 0.1296875 0.065625 
0 0.421875 0.4671875 0.103125 0.0625 
0 0.4359375 0.53203125 0.125 0.0640625 
0 0.45546875 0.64296875 0.1265625 0.0671875 
