0 0.2921875 0.775 0.13125 0.06875 
0 0.20859375 0.33828125 0.0984375 0.0640625 
0 0.20390625 0.28125 0.1390625 0.06875 
0 0.14921875 0.0234375 0.1546875 0.04375 
0 0.16875 0.08046875 0.103125 0.0640625 
0 0.16640625 0.1484375 0.1453125 0.071875 
0 0.6890625 0.91640625 0.175 0.0859375 
0 0.65625 0.83671875 0.125 0.0640625 
0 0.5859375 0.4328125 0.153125 0.075 
0 0.56328125 0.35390625 0.1265625 0.0671875 
0 0.54296875 0.2859375 0.1296875 0.059375 
0 0.53984375 0.21953125 0.1203125 0.0640625 
0 0.5234375 0.159375 0.128125 0.065625 
