0 0.5734375 0.57578125 0.078125 0.0984375 
0 0.91796875 0.2484375 0.1046875 0.075 
0 0.97421875 0.4296875 0.0515625 0.0625 
0 0.78203125 0.36015625 0.0734375 0.0859375 
0 0.70234375 0.340625 0.0953125 0.078125 
0 0.515625 0.3796875 0.078125 0.109375 
0 0.47109375 0.2703125 0.0671875 0.090625 
0 0.3859375 0.2515625 0.090625 0.075 
0 0.22109375 0.2390625 0.0828125 0.103125 
0 0.2546875 0.38125 0.090625 0.10625 
0 0.2234375 0.321875 0.0875 0.103125 
0 0.76171875 0.29375 0.0765625 0.09375 
0 0.2765625 0.44453125 0.059375 0.0796875 
0 0.97109375 0.4875 0.0578125 0.078125 
0 0.825 0.48359375 0.08125 0.1015625 
0 0.85078125 0.54609375 0.0734375 0.0890625 
0 0.89453125 0.66484375 0.0609375 0.0859375 
0 0.640625 0.16328125 0.0875 0.0859375 
0 0.45703125 0.925 0.0734375 0.096875 
0 0.384375 0.7515625 0.06875 0.084375 
0 0.3734375 0.6765625 0.084375 0.096875 
0 0.35 0.61953125 0.071875 0.0890625 
0 0.29765625 0.5109375 0.0859375 0.103125 
0 0.3203125 0.5703125 0.071875 0.1 
