0 0.44140625 0.04453125 0.0640625 0.0859375 
0 0.1125 0.15625 0.053125 0.084375 
0 0.19765625 0.115625 0.0578125 0.084375 
0 0.32578125 0.421875 0.1109375 0.075 
0 0.25078125 0.1046875 0.0609375 0.08125 
0 0.3484375 0.06875 0.065625 0.090625 
0 0.87734375 0.196875 0.0921875 0.0625 
0 0.78984375 0.2328125 0.0890625 0.065625 
0 0.696875 0.26875 0.08125 0.059375 
0 0.61015625 0.3046875 0.0953125 0.06875 
0 0.425 0.37578125 0.096875 0.0671875 
0 0.15859375 0.13828125 0.0640625 0.0859375 
0 0.13515625 0.37734375 0.0734375 0.1078125 
0 0.090625 0.39921875 0.0625 0.0953125 
0 0.0484375 0.415625 0.06875 0.09375 
0 0.12734375 0.4921875 0.0703125 0.065625 
0 0.21953125 0.46015625 0.0953125 0.0734375 
