0 0.76171875 0.521875 0.0859375 0.065625 
0 0.953125 0.51875 0.09375 0.071875 
0 0.63125 0.50859375 0.09375 0.1328125 
0 0.66171875 0.615625 0.0671875 0.09375 
0 0.36796875 0.39140625 0.0859375 0.0734375 
0 0.10859375 0.43984375 0.1140625 0.0953125 
0 0.3734375 0.796875 0.06875 0.10625 
0 0.0234375 0.865625 0.04375 0.096875 
0 0.5703125 0.68515625 0.0625 0.0921875 
0 0.53359375 0.58671875 0.0765625 0.1109375 
0 0.453125 0.7625 0.0625 0.09375 
0 0.8671875 0.26171875 0.1 0.0703125 
0 0.7203125 0.4359375 0.090625 0.06875 
0 0.8234375 0.096875 0.084375 0.075 
0 0.27265625 0.4484375 0.0953125 0.075 
