0 0.6328125 0.76484375 0.0375 0.0140625 
0 0.38828125 0.61953125 0.0359375 0.0140625 
0 0.29375 0.6609375 0.03125 0.015625 
0 0.72578125 0.3453125 0.0296875 0.0125 
0 0.9734375 0.315625 0.0375 0.015625 
0 0.95859375 0.4265625 0.0171875 0.028125 
0 0.56640625 0.0484375 0.0296875 0.015625 
0 0.6109375 0.04453125 0.028125 0.0171875 
0 0.73515625 0.02578125 0.0296875 0.0140625 
0 0.4890625 0.39609375 0.015625 0.0265625 
0 0.4453125 0.39453125 0.015625 0.0265625 
0 0.02109375 0.08984375 0.0140625 0.0234375 
0 0.040625 0.05234375 0.028125 0.0109375 
0 0.08359375 0.0515625 0.0328125 0.0125 
0 0.14765625 0.0375 0.0296875 0.0125 
0 0.3796875 0.09140625 0.0125 0.0203125 
0 0.3765625 0.39375 0.03125 0.015625 
0 0.0078125 0.621875 0.0125 0.0125 
0 0.00859375 0.82421875 0.0140625 0.0109375 
0 0.0078125 0.6359375 0.0125 0.015625 
0 0.29921875 0.5296875 0.0296875 0.021875 
0 0.7109375 0.62890625 0.028125 0.0140625 
0 0.28671875 0.36328125 0.0296875 0.0109375 
0 0.328125 0.3640625 0.034375 0.015625 
0 0.896875 0.7109375 0.015625 0.028125 
0 0.75078125 0.6015625 0.0140625 0.025 
0 0.6078125 0.49140625 0.015625 0.0265625 
0 0.6296875 0.4921875 0.015625 0.025 
0 0.95546875 0.39296875 0.0140625 0.0265625 
0 0.5296875 0.39375 0.015625 0.03125 
0 0.384375 0.534375 0.028125 0.021875 
0 0.61640625 0.83046875 0.0296875 0.0171875 
0 0.61796875 0.84921875 0.0296875 0.0140625 
