0 0.0640625 0.43984375 0.06875 0.0984375 
0 0.13984375 0.6125 0.0734375 0.09375 
0 0.2109375 0.61796875 0.071875 0.1078125 
0 0.225 0.2265625 0.075 0.1 
0 0.278125 0.33984375 0.075 0.0921875 
0 0.36875 0.09921875 0.08125 0.1140625 
0 0.3015625 0.1 0.059375 0.078125 
0 0.17421875 0.0890625 0.0671875 0.09375 
0 0.2515625 0.87578125 0.075 0.0921875 
0 0.17734375 0.70234375 0.0671875 0.0765625 
0 0.2140625 0.771875 0.059375 0.071875 
0 0.0125 0.0296875 0.021875 0.05625 
0 0.13046875 0.0109375 0.0671875 0.01875 
