0 0.23203125 0.26796875 0.1109375 0.0671875 
0 0.29453125 0.30703125 0.0953125 0.0578125 
0 0.403125 0.31640625 0.09375 0.0546875 
0 0.390625 0.4 0.109375 0.05 
0 0.01640625 0.2734375 0.0296875 0.05 
0 0.27734375 0.909375 0.1109375 0.065625 
0 0.39296875 0.9265625 0.0796875 0.05 
0 0.60703125 0.01015625 0.0859375 0.0171875 
0 0.65625 0.0578125 0.075 0.1 
0 0.70234375 0.1625 0.0796875 0.096875 
0 0.92734375 0.41953125 0.1015625 0.0546875 
0 0.484375 0.01796875 0.071875 0.0328125 
0 0.8375 0.47734375 0.090625 0.0453125 
0 0.6765625 0.975 0.096875 0.05 
0 0.58671875 0.9578125 0.0703125 0.040625 
0 0.4828125 0.9421875 0.0875 0.053125 
0 0.634375 0.4375 0.10625 0.059375 
0 0.52734375 0.0828125 0.0609375 0.078125 
