0 0.3453125 0.69921875 0.05 0.0953125 
0 0.36953125 0.40234375 0.0515625 0.0828125 
0 0.35390625 0.5859375 0.0609375 0.1125 
0 0.3453125 0.04296875 0.1 0.0578125 
0 0.06171875 0.0890625 0.0859375 0.05 
0 0.4640625 0.62265625 0.04375 0.0796875 
0 0.46171875 0.71640625 0.0453125 0.0765625 
0 0.44453125 0.82265625 0.0515625 0.0984375 
0 0.32890625 0.91015625 0.0453125 0.0796875 
0 0.31640625 0.97734375 0.0515625 0.0453125 
0 0.33125 0.81953125 0.05625 0.0984375 
0 0.7796875 0.025 0.090625 0.046875 
0 0.68828125 0.0453125 0.0890625 0.06875 
0 0.86875 0.01484375 0.096875 0.0265625 
