0 0.103125 0.21796875 0.01875 0.0265625 
0 0.39921875 0.92578125 0.0203125 0.0296875 
0 0.4046875 0.8828125 0.025 0.0125 
0 0.10390625 0.7078125 0.0296875 0.0125 
0 0.9 0.66796875 0.01875 0.0296875 
0 0.87578125 0.66640625 0.0203125 0.0296875 
0 0.81015625 0.17890625 0.0296875 0.0140625 
0 0.0578125 0.75234375 0.015625 0.0265625 
0 0.05859375 0.6046875 0.0140625 0.025 
0 0.05234375 0.578125 0.0140625 0.025 
0 0.86015625 0.22578125 0.0140625 0.0265625 
0 0.51875 0.471875 0.01875 0.034375 
0 0.72421875 0.21484375 0.0140625 0.0359375 
0 0.70625 0.21953125 0.015625 0.0328125 
0 0.37109375 0.05625 0.0140625 0.021875 
0 0.1546875 0.22265625 0.0125 0.0234375 
0 0.1390625 0.23046875 0.0125 0.0234375 
0 0.35234375 0.70546875 0.0359375 0.0140625 
0 0.5890625 0.42578125 0.0375 0.0171875 
0 0.41484375 0.3484375 0.0265625 0.0125 
0 0.72890625 0.4234375 0.0359375 0.0125 
0 0.68984375 0.13203125 0.0421875 0.0171875 
0 0.10859375 0.0890625 0.0140625 0.025 
