0 0.62890625 0.26015625 0.0859375 0.0921875 
0 0.4046875 0.55 0.096875 0.09375 
0 0.04453125 0.884375 0.0796875 0.075 
0 0.46171875 0.36796875 0.0859375 0.0796875 
0 0.4609375 0.48125 0.08125 0.078125 
0 0.3890625 0.45078125 0.0875 0.0828125 
0 0.05703125 0.95546875 0.1109375 0.0890625 
0 0.57890625 0.334375 0.0828125 0.1 
0 0.540625 0.1078125 0.08125 0.09375 
0 0.115625 0.7734375 0.090625 0.09375 
0 0.30859375 0.55 0.0796875 0.075 
0 0.21171875 0.77578125 0.0859375 0.0796875 
0 0.28125 0.7046875 0.09375 0.09375 
0 0.33359375 0.62265625 0.0859375 0.0890625 
0 0.21875 0.6546875 0.140625 0.134375 
0 0.16875 0.4890625 0.1 0.090625 
0 0.92109375 0.928125 0.0859375 0.0875 
0 0.9484375 0.67265625 0.1 0.1078125 
0 0.9765625 0.6890625 0.046875 0.115625 
0 0.77421875 0.74453125 0.1453125 0.1109375 
0 0.865625 0.896875 0.09375 0.103125 
0 0.9953125 0.88046875 0.009375 0.0953125 
0 0.7015625 0.17890625 0.084375 0.0828125 
0 0.61015625 0.0125 0.1171875 0.021875 
0 0.76640625 0.1 0.0765625 0.071875 
0 0.7078125 0.01171875 0.1 0.0203125 
0 0.803125 0.88203125 0.084375 0.0859375 
0 0.84296875 0.01796875 0.0828125 0.0328125 
0 0.78671875 0.49296875 0.0953125 0.0953125 
