0 0.23125 0.7828125 0.096875 0.103125 
0 0.29921875 0.75859375 0.1046875 0.1109375 
0 0.37578125 0.76015625 0.0921875 0.1078125 
0 0.09140625 0.79921875 0.0859375 0.0953125 
0 0.03828125 0.809375 0.0734375 0.09375 
0 0.0078125 0.82109375 0.0125 0.1015625 
0 0.48359375 0.8515625 0.1046875 0.1125 
0 0.54609375 0.83984375 0.0859375 0.0921875 
0 0.60703125 0.82421875 0.1046875 0.1171875 
0 0.66875 0.82265625 0.08125 0.0921875 
0 0.25 0.8828125 0.1 0.1125 
0 0.60546875 0.7140625 0.0953125 0.103125 
0 0.51328125 0.73125 0.0953125 0.096875 
0 0.43046875 0.74453125 0.0984375 0.1078125 
0 0.3171875 0.878125 0.084375 0.096875 
0 0.421875 0.86015625 0.08125 0.0984375 
0 0.18359375 0.88828125 0.0890625 0.0984375 
0 0.6703125 0.1375 0.08125 0.090625 
0 0.12734375 0.2125 0.0859375 0.096875 
0 0.1828125 0.20078125 0.084375 0.0953125 
0 0.25078125 0.20234375 0.0765625 0.0953125 
0 0.478125 0.16640625 0.090625 0.0953125 
0 0.54453125 0.15390625 0.0828125 0.0859375 
0 0.61328125 0.15390625 0.0765625 0.0953125 
0 0.740625 0.13671875 0.084375 0.0921875 
0 0.02734375 0.24375 0.0515625 0.096875 
0 0.84609375 0.10390625 0.0921875 0.1015625 
0 0.41484375 0.17265625 0.0765625 0.0890625 
0 0.06796875 0.23046875 0.0765625 0.0890625 
0 0.9609375 0.0890625 0.078125 0.1 
0 0.66796875 0.70859375 0.0984375 0.1046875 
0 0.9671875 0.66015625 0.065625 0.1046875 
0 0.91875 0.67421875 0.1125 0.1265625 
0 0.7296875 0.81015625 0.1 0.1046875 
0 0.21484375 0.5515625 0.0890625 0.09375 
0 0.27109375 0.53984375 0.0796875 0.0890625 
0 0.334375 0.5296875 0.084375 0.09375 
0 0.4078125 0.51484375 0.084375 0.0890625 
0 0.4953125 0.4953125 0.084375 0.103125 
0 0.5734375 0.4859375 0.075 0.078125 
0 0.34375 0.43359375 0.096875 0.1078125 
0 0.39765625 0.41796875 0.0921875 0.1015625 
0 0.45234375 0.40234375 0.0734375 0.0921875 
0 0.52109375 0.39609375 0.0953125 0.0984375 
0 0.25859375 0.4375 0.0984375 0.10625 
0 0.15234375 0.56015625 0.0921875 0.1015625 
0 0.028125 0.94140625 0.053125 0.1140625 
0 0.06875 0.928125 0.078125 0.103125 
0 0.12734375 0.90859375 0.0953125 0.1015625 
0 0.1984375 0.45390625 0.09375 0.1046875 
0 0.04140625 0.58203125 0.0828125 0.0921875 
0 0.128125 0.45390625 0.090625 0.1015625 
0 0.06875 0.4671875 0.08125 0.09375 
0 0.79375 0.3453125 0.0875 0.090625 
0 0.93359375 0.4375 0.0828125 0.096875 
0 0.86875 0.33203125 0.09375 0.0984375 
0 0.94140625 0.3265625 0.0828125 0.0875 
0 0.9828125 0.31484375 0.034375 0.0890625 
0 0.85703125 0.44140625 0.0953125 0.0921875 
0 0.97734375 0.4265625 0.0453125 0.096875 
0 0.09609375 0.56953125 0.0859375 0.0984375 
0 0.00703125 0.5828125 0.0109375 0.09375 
0 0.02109375 0.47734375 0.0390625 0.1078125 
0 0.96171875 0.90078125 0.0765625 0.0890625 
0 0.99375 0.08125 0.0125 0.0875 
0 0.99296875 0.65 0.0140625 0.109375 
