0 0.25859375 0.8453125 0.1734375 0.084375 
0 0.26796875 0.8984375 0.1390625 0.071875 
0 0.5984375 0.92578125 0.128125 0.0609375 
0 0.2609375 0.95078125 0.1125 0.0578125 
0 0.28125 0.97890625 0.11875 0.0421875 
0 0.61953125 0.02734375 0.0734375 0.0515625 
0 0.69140625 0.025 0.0734375 0.046875 
0 0.6421875 0.2078125 0.065625 0.090625 
0 0.565625 0.6875 0.128125 0.06875 
0 0.21484375 0.34453125 0.1265625 0.0578125 
0 0.4828125 0.2703125 0.11875 0.071875 
0 0.22109375 0.390625 0.1140625 0.05 
0 0.215625 0.43359375 0.121875 0.0609375 
0 0.23046875 0.47578125 0.1203125 0.0453125 
0 0.1890625 0.29453125 0.15625 0.0890625 
0 0.20390625 0.5171875 0.1546875 0.096875 
0 0.4890625 0.21015625 0.1375 0.0921875 
0 0.5078125 0.35703125 0.14375 0.0765625 
0 0.553125 0.63203125 0.140625 0.0890625 
0 0.55859375 0.73515625 0.1265625 0.0828125 
0 0.7375 0.86875 0.075 0.109375 
0 0.25 0.7109375 0.140625 0.075 
0 0.2640625 0.80078125 0.115625 0.0546875 
0 0.52578125 0.5359375 0.1390625 0.08125 
0 0.24375 0.61640625 0.1375 0.0953125 
0 0.546875 0.58203125 0.14375 0.0828125 
0 0.01796875 0.3625 0.0328125 0.109375 
0 0.8390625 0.0125 0.071875 0.021875 
0 0.9703125 0.821875 0.059375 0.1125 
0 0.7515625 0.27734375 0.0625 0.0984375 
0 0.9078125 0.8609375 0.06875 0.10625 
0 0.83125 0.85703125 0.059375 0.1078125 
