0 0.6 0.13203125 0.134375 0.0859375 
0 0.25859375 0.02265625 0.1734375 0.0421875 
0 0.26796875 0.0546875 0.1390625 0.071875 
0 0.5984375 0.08203125 0.128125 0.0609375 
0 0.2609375 0.10703125 0.1125 0.0578125 
0 0.28125 0.15078125 0.11875 0.0734375 
0 0.28203125 0.25546875 0.1234375 0.0671875 
0 0.2703125 0.3078125 0.128125 0.071875 
0 0.0859375 0.35078125 0.15625 0.1046875 
0 0.27109375 0.20390625 0.1203125 0.0703125 
0 0.7375 0.040625 0.075 0.078125 
0 0.9703125 0.01796875 0.059375 0.0328125 
0 0.9078125 0.0359375 0.06875 0.06875 
0 0.83125 0.034375 0.059375 0.065625 
