0 0.1359375 0.528125 0.08125 0.1125 
0 0.5390625 0.29609375 0.10625 0.1015625 
0 0.55078125 0.45625 0.1296875 0.134375 
0 0.6046875 0.38984375 0.1875 0.1484375 
0 0.6296875 0.2234375 0.10625 0.1 
0 0.81328125 0.428125 0.1859375 0.103125 
0 0.70078125 0.32578125 0.1515625 0.1015625 
0 0.6640625 0.2734375 0.115625 0.090625 
0 0.11171875 0.02578125 0.1328125 0.0484375 
0 0.03359375 0.19296875 0.0640625 0.1109375 
0 0.084375 0.546875 0.0875 0.1125 
0 0.221875 0.5078125 0.1 0.115625 
0 0.50078125 0.246875 0.1234375 0.09375 
0 0.471875 0.4703125 0.121875 0.115625 
