0 0.96171875 0.27421875 0.0734375 0.1140625 
0 0.890625 0.2734375 0.090625 0.128125 
0 0.87578125 0.03828125 0.0796875 0.0734375 
0 0.08984375 0.10703125 0.0890625 0.1421875 
0 0.1671875 0.1109375 0.1 0.1375 
0 0.384375 0.08359375 0.08125 0.1296875 
0 0.459375 0.0703125 0.084375 0.13125 
0 0.78046875 0.0390625 0.0828125 0.075 
0 0.8140625 0.28828125 0.096875 0.1359375 
0 0.1359375 0.4140625 0.090625 0.125 
0 0.6421875 0.6890625 0.19375 0.11875 
0 0.96484375 0.6328125 0.0703125 0.090625 
0 0.20546875 0.40546875 0.0859375 0.1328125 
0 0.27890625 0.38203125 0.0890625 0.1265625 
0 0.35390625 0.36953125 0.0890625 0.1328125 
0 0.43125 0.35625 0.084375 0.128125 
0 0.509375 0.3453125 0.09375 0.134375 
0 0.5796875 0.31953125 0.084375 0.1296875 
0 0.7359375 0.26875 0.09375 0.13125 
0 0.18671875 0.57265625 0.1421875 0.0984375 
0 0.15625 0.51171875 0.159375 0.0953125 
