0 0.32734375 0.621875 0.0703125 0.08125 
0 0.58984375 0.49609375 0.0921875 0.1109375 
0 0.015625 0.9484375 0.028125 0.09375 
0 0.04375 0.96875 0.075 0.0625 
0 0.13828125 0.91875 0.0984375 0.075 
0 0.22734375 0.875 0.0890625 0.075 
0 0.31484375 0.83359375 0.0984375 0.0765625 
0 0.29375 0.78125 0.096875 0.065625 
0 0.41015625 0.78359375 0.1015625 0.0796875 
0 0.34609375 0.70078125 0.1359375 0.0984375 
0 0.6828125 0.44296875 0.065625 0.0828125 
0 0.365625 0.59765625 0.071875 0.0828125 
0 0.4921875 0.53515625 0.078125 0.0984375 
0 0.02265625 0.771875 0.0421875 0.09375 
0 0.0203125 0.1203125 0.0375 0.08125 
0 0.04453125 0.0984375 0.0828125 0.10625 
0 0.96640625 0.49765625 0.0671875 0.0796875 
0 0.2484375 0.02109375 0.109375 0.0390625 
0 0.00703125 0.03203125 0.0109375 0.0609375 
0 0.903125 0.3421875 0.065625 0.09375 
0 0.92578125 0.4578125 0.0984375 0.08125 
0 0.86640625 0.553125 0.1015625 0.078125 
