0 0.36015625 0.175 0.0828125 0.09375 
0 0.4203125 0.26171875 0.078125 0.0890625 
0 0.471875 0.33671875 0.078125 0.0890625 
0 0.525 0.41328125 0.075 0.0859375 
0 0.6484375 0.58515625 0.0875 0.1015625 
0 0.740625 0.7171875 0.084375 0.09375 
0 0.92890625 0.97109375 0.0859375 0.0578125 
0 0.98125 0.83359375 0.0375 0.0890625 
0 0.94453125 0.74921875 0.0921875 0.1046875 
0 0.8171875 0.56953125 0.084375 0.0953125 
0 0.76171875 0.49140625 0.0796875 0.0921875 
0 0.7015625 0.403125 0.090625 0.10625 
0 0.640625 0.31328125 0.08125 0.0859375 
0 0.58515625 0.234375 0.0859375 0.096875 
0 0.521875 0.14921875 0.08125 0.0890625 
0 0.88359375 0.66484375 0.0828125 0.0953125 
0 0.40703125 0.01171875 0.0765625 0.0203125 
0 0.24375 0.0265625 0.084375 0.05 
