0 0.05859375 0.1 0.0984375 0.075 
0 0.1296875 0.2203125 0.103125 0.078125 
0 0.15859375 0.26328125 0.0859375 0.0671875 
0 0.1734375 0.31484375 0.10625 0.0796875 
0 0.2046875 0.35546875 0.09375 0.0703125 
0 0.22578125 0.403125 0.1015625 0.078125 
0 0.2484375 0.44296875 0.096875 0.0734375 
0 0.2578125 0.49453125 0.1 0.0796875 
0 0.28046875 0.5359375 0.0953125 0.071875 
0 0.33515625 0.615625 0.1046875 0.0875 
0 0.3609375 0.6609375 0.096875 0.078125 
0 0.3375 0.12265625 0.078125 0.0984375 
0 0.38203125 0.20234375 0.0703125 0.0796875 
0 0.66328125 0.78515625 0.0734375 0.0890625 
0 0.41015625 0.77109375 0.0984375 0.0796875 
0 0.43515625 0.81953125 0.0953125 0.0765625 
0 0.453125 0.8625 0.096875 0.071875 
0 0.47578125 0.90546875 0.0828125 0.0609375 
0 0.50234375 0.94296875 0.1015625 0.0796875 
0 0.521875 0.9734375 0.1 0.053125 
0 0.0984375 0.9171875 0.0625 0.0875 
0 0.5703125 0.59765625 0.08125 0.0953125 
0 0.76484375 0.97734375 0.0671875 0.0453125 
