0 0.04296875 0.67265625 0.0328125 0.0140625 
0 0.5140625 0.77578125 0.015625 0.0296875 
0 0.04375 0.0515625 0.0125 0.025 
0 0.7328125 0.721875 0.040625 0.0125 
0 0.99296875 0.79296875 0.0140625 0.0234375 
0 0.14375 0.7078125 0.034375 0.015625 
0 0.59609375 0.77265625 0.0171875 0.0296875 
0 0.46328125 0.89375 0.0171875 0.034375 
0 0.51640625 0.74140625 0.0140625 0.0265625 
0 0.0609375 0.946875 0.03125 0.01875 
0 0.87421875 0.6484375 0.0140625 0.03125 
0 0.93046875 0.628125 0.0140625 0.021875 
0 0.04375 0.08125 0.015625 0.021875 
0 0.64296875 0.08984375 0.0171875 0.0296875 
0 0.98359375 0.08984375 0.0171875 0.0265625 
0 0.58125 0.02890625 0.034375 0.0140625 
0 0.75 0.0328125 0.034375 0.0125 
0 0.88828125 0.03515625 0.0390625 0.0140625 
0 0.99375 0.76171875 0.0125 0.0265625 
0 0.7015625 0.625 0.015625 0.034375 
0 0.4203125 0.625 0.015625 0.028125 
0 0.16953125 0.64921875 0.0140625 0.0296875 
0 0.14765625 0.63984375 0.0171875 0.0328125 
0 0.775 0.7203125 0.0375 0.0125 
0 0.79296875 0.684375 0.0421875 0.015625 
