0 0.64609375 0.3375 0.0171875 0.009375 
0 0.42734375 0.51328125 0.0171875 0.0109375 
0 0.315625 0.72578125 0.00625 0.0109375 
0 0.67265625 0.259375 0.0171875 0.0125 
0 0.31328125 0.82734375 0.0171875 0.0109375 
0 0.3375 0.84765625 0.01875 0.0171875 
0 0.35 0.85625 0.015625 0.0125 
0 0.371875 0.8703125 0.01875 0.015625 
0 0.4015625 0.88828125 0.015625 0.0140625 
0 0.3234375 0.72890625 0.009375 0.0140625 
0 0.39375 0.54296875 0.01875 0.0140625 
0 0.4 0.5859375 0.015625 0.0125 
0 0.38828125 0.8796875 0.0140625 0.0125 
0 0.4234375 0.90078125 0.01875 0.0140625 
0 0.28671875 0.81171875 0.0171875 0.0109375 
0 0.26796875 0.79921875 0.0140625 0.0109375 
0 0.4359375 0.78125 0.015625 0.01875 
0 0.17421875 0.88203125 0.0078125 0.0140625 
0 0.34375 0.74140625 0.009375 0.0140625 
0 0.18515625 0.88984375 0.0078125 0.0171875 
0 0.2140625 0.91328125 0.00625 0.0140625 
0 0.225 0.91796875 0.009375 0.0140625 
0 0.23828125 0.92734375 0.0046875 0.0140625 
0 0.25234375 0.93515625 0.0078125 0.0109375 
0 0.2625 0.9453125 0.009375 0.015625 
0 0.27734375 0.953125 0.0078125 0.0125 
0 0.29140625 0.96484375 0.0078125 0.0140625 
0 0.29921875 0.96640625 0.0078125 0.0171875 
0 0.29375 0.7125 0.009375 0.01875 
0 0.303125 0.71484375 0.009375 0.0140625 
0 0.3984375 0.76484375 0.015625 0.0140625 
0 0.47734375 0.49296875 0.0171875 0.0171875 
0 0.459375 0.79921875 0.01875 0.0171875 
0 0.4046875 0.76015625 0.015625 0.0140625 
0 0.3875 0.775 0.009375 0.01875 
0 0.15625 0.86640625 0.009375 0.0140625 
0 0.1484375 0.8640625 0.009375 0.015625 
0 0.140625 0.859375 0.009375 0.015625 
0 0.47109375 0.4796875 0.0171875 0.009375 
0 0.4140625 0.5265625 0.01875 0.0125 
0 0.3 0.81875 0.015625 0.0125 
0 0.44765625 0.91953125 0.0171875 0.0140625 
0 0.44296875 0.9625 0.0171875 0.0125 
0 0.43984375 0.98203125 0.0171875 0.0140625 
0 0.45703125 0.97265625 0.0203125 0.0171875 
0 0.425 0.9921875 0.015625 0.015625 
0 0.71484375 0.98359375 0.0109375 0.0078125 
0 0.403125 0.5328125 0.01875 0.015625 
0 0.321875 0.70234375 0.015625 0.0140625 
0 0.16640625 0.87734375 0.0078125 0.0140625 
0 0.36953125 0.56171875 0.0140625 0.0109375 
0 0.19765625 0.61640625 0.0140625 0.0109375 
0 0.3734375 0.55703125 0.0125 0.0109375 
0 0.38046875 0.55234375 0.0140625 0.0109375 
0 0.7046875 0.2328125 0.015625 0.0125 
0 0.18046875 0.6359375 0.0171875 0.015625 
0 0.0109375 0.77109375 0.009375 0.0140625 
0 0.01875 0.77890625 0.009375 0.0140625 
0 0.14296875 0.56015625 0.0140625 0.0140625 
0 0.15 0.58359375 0.015625 0.0140625 
0 0.17421875 0.59921875 0.0203125 0.0140625 
0 0.18671875 0.60859375 0.0140625 0.0109375 
0 0.16875 0.62578125 0.01875 0.0140625 
0 0.69765625 0.2 0.0171875 0.015625 
0 0.18828125 0.71484375 0.0109375 0.0140625 
0 0.2796875 0.67421875 0.021875 0.0140625 
0 0.26171875 0.68515625 0.0109375 0.0171875 
0 0.646875 0.240625 0.015625 0.009375 
0 0.659375 0.2296875 0.015625 0.009375 
0 0.665625 0.22421875 0.015625 0.0109375 
0 0.671875 0.2203125 0.01875 0.0125 
0 0.6859375 0.21015625 0.015625 0.0109375 
0 0.565625 0.43515625 0.015625 0.0109375 
0 0.55859375 0.44375 0.0171875 0.0125 
0 0.57734375 0.42578125 0.0171875 0.0078125 
0 0.478125 0.45546875 0.0125 0.0140625 
0 0.615625 0.359375 0.01875 0.0125 
0 0.59609375 0.37265625 0.0171875 0.0109375 
0 0.5921875 0.378125 0.015625 0.0125 
0 0.58203125 0.384375 0.0171875 0.0125 
0 0.5734375 0.390625 0.015625 0.009375 
0 0.56484375 0.39609375 0.0171875 0.0109375 
0 0.55546875 0.4046875 0.0171875 0.0125 
0 0.54375 0.41484375 0.015625 0.0109375 
0 0.53671875 0.42265625 0.0203125 0.0109375 
0 0.53125 0.42890625 0.01875 0.0109375 
0 0.20390625 0.67578125 0.0171875 0.0171875 
0 0.4625 0.825 0.00625 0.015625 
0 0.41953125 0.52109375 0.0171875 0.0109375 
0 0.43359375 0.50859375 0.0171875 0.0109375 
0 0.490625 0.95390625 0.01875 0.0171875 
0 0.43828125 0.50390625 0.0171875 0.0109375 
0 0.7890625 0.21484375 0.01875 0.0140625 
0 0.7734375 0.8171875 0.01875 0.009375 
0 0.72734375 0.796875 0.0171875 0.015625 
0 0.709375 0.81796875 0.01875 0.0171875 
0 0.6265625 0.34765625 0.01875 0.0109375 
0 0.7765625 0.2234375 0.01875 0.0125 
0 0.7109375 0.228125 0.015625 0.0125 
0 0.690625 0.2046875 0.015625 0.0125 
0 0.74921875 0.93359375 0.0171875 0.0171875 
0 0.75078125 0.975 0.0171875 0.00625 
0 0.35546875 0.6703125 0.0109375 0.01875 
0 0.43046875 0.7140625 0.0109375 0.015625 
0 0.41484375 0.67734375 0.0171875 0.0109375 
0 0.52265625 0.9328125 0.0203125 0.015625 
0 0.49921875 0.85078125 0.0046875 0.0140625 
0 0.5109375 0.85859375 0.009375 0.0140625 
0 0.66015625 0.84609375 0.0140625 0.0140625 
0 0.70078125 0.80546875 0.0171875 0.0171875 
0 0.1671875 0.915625 0.009375 0.01875 
0 0.15859375 0.91015625 0.0109375 0.0140625 
0 0.1234375 0.884375 0.009375 0.015625 
0 0.11328125 0.88125 0.0078125 0.015625 
0 0.596875 0.80703125 0.01875 0.0109375 
0 0.5359375 0.92421875 0.015625 0.0140625 
0 0.28828125 0.98671875 0.0171875 0.0140625 
0 0.45234375 0.50234375 0.0171875 0.0078125 
0 0.453125 0.4921875 0.015625 0.009375 
0 0.4625 0.48515625 0.015625 0.0109375 
0 0.34765625 0.71953125 0.0171875 0.0140625 
0 0.475 0.47265625 0.015625 0.0109375 
0 0.1265625 0.8484375 0.0125 0.015625 
0 0.4859375 0.465625 0.01875 0.0125 
0 0.49296875 0.45859375 0.0171875 0.0109375 
0 0.51328125 0.48125 0.0171875 0.015625 
0 0.52265625 0.47265625 0.0171875 0.0140625 
0 0.528125 0.46328125 0.01875 0.0171875 
0 0.5421875 0.4609375 0.01875 0.01875 
0 0.54921875 0.4546875 0.0171875 0.015625 
0 0.109375 0.840625 0.009375 0.0125 
0 0.11953125 0.84375 0.0109375 0.0125 
0 0.41640625 0.790625 0.0078125 0.015625 
0 0.334375 0.65859375 0.009375 0.0171875 
0 0.2078125 0.94375 0.009375 0.015625 
0 0.215625 0.94921875 0.00625 0.0171875 
0 0.22421875 0.95625 0.0109375 0.01875 
0 0.234375 0.9625 0.00625 0.01875 
0 0.25 0.97109375 0.009375 0.0140625 
0 0.72421875 0.8078125 0.0203125 0.01875 
0 0.2625 0.9796875 0.0125 0.015625 
0 0.59375 0.8546875 0.021875 0.021875 
0 0.24140625 0.965625 0.0078125 0.0125 
0 0.11796875 0.8671875 0.0171875 0.01875 
0 0.10390625 0.87421875 0.0140625 0.0171875 
0 0.68984375 0.2484375 0.0140625 0.0125 
0 0.69375 0.24375 0.0125 0.0125 
