0 0.90234375 0.04453125 0.0171875 0.0140625 
0 0.94921875 0.078125 0.0171875 0.0125 
0 0.98046875 0.10078125 0.0203125 0.0140625 
0 0.9921875 0.1125 0.015625 0.015625 
0 0.4609375 0.08203125 0.021875 0.0078125 
0 0.359375 0.0546875 0.01875 0.0125 
0 0.32578125 0.040625 0.0203125 0.009375 
0 0.5 0.11484375 0.015625 0.0203125 
0 0.5140625 0.1375 0.015625 0.015625 
0 0.01953125 0.2640625 0.0171875 0.0125 
0 0.26796875 0.0140625 0.0203125 0.0125 
0 0.31953125 0.02734375 0.0203125 0.0109375 
0 0.4078125 0.440625 0.01875 0.0125 
0 0.49453125 0.0625 0.0140625 0.015625 
0 0.57109375 0.52109375 0.0171875 0.0109375 
0 0.49609375 0.4875 0.0203125 0.0125 
0 0.18671875 0.5296875 0.0078125 0.0125 
0 0.159375 0.57421875 0.0125 0.0171875 
0 0.040625 0.59765625 0.01875 0.0109375 
0 0.03359375 0.39609375 0.0109375 0.0171875 
0 0.25234375 0.3234375 0.0171875 0.0125 
0 0.26640625 0.32890625 0.0171875 0.0109375 
0 0.353125 0.24921875 0.015625 0.0171875 
0 0.4171875 0.15 0.0125 0.0125 
0 0.40625 0.1625 0.015625 0.01875 
0 0.3859375 0.20078125 0.0125 0.0109375 
0 0.378125 0.21171875 0.0125 0.0140625 
0 0.36640625 0.28203125 0.0109375 0.0140625 
0 0.3734375 0.26875 0.015625 0.015625 
0 0.42265625 0.18828125 0.0109375 0.0171875 
0 0.40703125 0.2171875 0.0109375 0.01875 
0 0.0109375 0.3875 0.009375 0.015625 
0 0.0203125 0.39140625 0.0125 0.0171875 
0 0.51875 0.4859375 0.015625 0.0125 
0 0.190625 0.303125 0.01875 0.0125 
0 0.57890625 0.20390625 0.0203125 0.0140625 
0 0.596875 0.20234375 0.01875 0.0109375 
0 0.609375 0.21171875 0.01875 0.0109375 
0 0.1734375 0.5515625 0.0125 0.01875 
0 0.43515625 0.4578125 0.0203125 0.0125 
0 0.05234375 0.40625 0.0171875 0.015625 
0 0.26171875 0.453125 0.0109375 0.0125 
0 0.23515625 0.31796875 0.0203125 0.0109375 
0 0.171875 0.29453125 0.015625 0.0109375 
0 0.22109375 0.51640625 0.0109375 0.0140625 
0 0.378125 0.3890625 0.015625 0.0125 
0 0.05625 0.43828125 0.01875 0.0140625 
0 0.053125 0.446875 0.021875 0.0125 
0 0.05078125 0.45390625 0.0171875 0.0140625 
0 0.0453125 0.4609375 0.01875 0.0125 
0 0.04140625 0.4671875 0.0203125 0.0125 
0 0.034375 0.48203125 0.021875 0.0109375 
0 0.03046875 0.4890625 0.0203125 0.0125 
0 0.23515625 0.44921875 0.0140625 0.0171875 
0 0.22890625 0.4625 0.0109375 0.0125 
0 0.29453125 0.39765625 0.0140625 0.0140625 
0 0.01484375 0.3203125 0.0203125 0.015625 
0 0.3421875 0.36171875 0.015625 0.0140625 
0 0.3671875 0.38125 0.015625 0.009375 
0 0.39921875 0.403125 0.0171875 0.0125 
0 0.1578125 0.290625 0.015625 0.009375 
0 0.4125 0.41328125 0.015625 0.0109375 
0 0.4265625 0.42265625 0.01875 0.0140625 
0 0.45859375 0.44453125 0.0171875 0.0109375 
0 0.4734375 0.45234375 0.01875 0.0140625 
0 0.48828125 0.46484375 0.0171875 0.0140625 
0 0.50625 0.478125 0.01875 0.0125 
0 0.0578125 0.43203125 0.01875 0.0109375 
0 0.021875 0.58984375 0.015625 0.0109375 
0 0.04296875 0.39921875 0.0171875 0.0203125 
0 0.0203125 0.3125 0.015625 0.009375 
0 0.20859375 0.51796875 0.0109375 0.0140625 
0 0.21328125 0.53046875 0.0140625 0.0171875 
0 0.0578125 0.26015625 0.021875 0.0109375 
0 0.040625 0.2546875 0.01875 0.009375 
0 0.81796875 0.359375 0.0171875 0.0125 
0 0.76875 0.34921875 0.01875 0.0140625 
0 0.3828125 0.42421875 0.01875 0.0140625 
0 0.078125 0.265625 0.01875 0.0125 
0 0.20625 0.54453125 0.015625 0.0140625 
0 0.659375 0.246875 0.01875 0.0125 
0 0.19921875 0.5546875 0.0140625 0.0125 
0 0.19140625 0.56953125 0.0140625 0.0171875 
0 0.34375 0.39921875 0.015625 0.0140625 
0 0.35390625 0.40625 0.0171875 0.0125 
0 0.3703125 0.41640625 0.015625 0.0140625 
0 0.39609375 0.43203125 0.0171875 0.0109375 
0 0.77421875 0.3328125 0.0171875 0.0125 
0 0.02734375 0.30703125 0.0203125 0.0109375 
0 0.790625 0.34296875 0.021875 0.0140625 
0 0.62578125 0.22265625 0.0203125 0.0109375 
0 0.6375 0.23046875 0.01875 0.0078125 
0 0.678125 0.26484375 0.01875 0.0109375 
0 0.69375 0.2734375 0.015625 0.0125 
0 0.709375 0.2828125 0.021875 0.0125 
0 0.721875 0.29140625 0.015625 0.0109375 
0 0.734375 0.30078125 0.01875 0.0140625 
0 0.92421875 0.43515625 0.0171875 0.0109375 
0 0.84296875 0.70390625 0.0171875 0.0140625 
0 0.2609375 0.67578125 0.0125 0.0140625 
0 0.30859375 0.63984375 0.0234375 0.0203125 
0 0.31796875 0.6453125 0.0234375 0.015625 
0 0.20859375 0.6703125 0.0203125 0.015625 
0 0.19375 0.6625 0.021875 0.0125 
0 0.28046875 0.6578125 0.0109375 0.01875 
0 0.83125 0.61875 0.015625 0.015625 
0 0.8453125 0.6078125 0.01875 0.015625 
0 0.85703125 0.59765625 0.0171875 0.0171875 
0 0.87265625 0.5875 0.0140625 0.015625 
0 0.8859375 0.57421875 0.015625 0.0171875 
0 0.89609375 0.56484375 0.0171875 0.0140625 
0 0.90859375 0.55625 0.0171875 0.015625 
0 0.83203125 0.37265625 0.0203125 0.0140625 
0 0.853125 0.390625 0.01875 0.0125 
0 0.89609375 0.41796875 0.0234375 0.0171875 
0 0.24296875 0.68984375 0.0171875 0.0140625 
0 0.26328125 0.70234375 0.0203125 0.0140625 
0 0.29140625 0.71953125 0.0203125 0.0140625 
0 0.9328125 0.534375 0.015625 0.015625 
0 0.91328125 0.51796875 0.0171875 0.0171875 
0 0.76953125 0.5375 0.0171875 0.015625 
0 0.9203125 0.54609375 0.01875 0.0171875 
0 0.65390625 0.5765625 0.0171875 0.015625 
0 0.6765625 0.59296875 0.015625 0.0140625 
0 0.6921875 0.603125 0.01875 0.015625 
0 0.71875 0.61953125 0.01875 0.0140625 
0 0.74921875 0.659375 0.0171875 0.015625 
0 0.4234375 0.7203125 0.01875 0.01875 
0 0.365625 0.7046875 0.021875 0.015625 
0 0.35625 0.68359375 0.021875 0.0140625 
0 0.89609375 0.53046875 0.0203125 0.0171875 
0 0.58671875 0.53203125 0.0203125 0.0140625 
0 0.6296875 0.55859375 0.01875 0.0140625 
0 0.6171875 0.55 0.01875 0.0125 
0 0.60546875 0.54296875 0.0171875 0.0109375 
0 0.91015625 0.4265625 0.0171875 0.0125 
0 0.690625 0.4984375 0.01875 0.015625 
0 0.815625 0.6859375 0.01875 0.015625 
0 0.83046875 0.69453125 0.0171875 0.0109375 
0 0.86953125 0.721875 0.0203125 0.0125 
0 0.89140625 0.73828125 0.0203125 0.0140625 
0 0.81328125 0.5671875 0.0171875 0.015625 
0 0.6234375 0.4625 0.01875 0.015625 
0 0.61640625 0.56484375 0.0203125 0.0140625 
0 0.65703125 0.4578125 0.0203125 0.015625 
0 0.6703125 0.46875 0.01875 0.0125 
0 0.68515625 0.478125 0.0171875 0.015625 
0 0.7171875 0.5015625 0.021875 0.015625 
0 0.74609375 0.5203125 0.0203125 0.0125 
0 0.76015625 0.52890625 0.0171875 0.0109375 
0 0.7953125 0.55703125 0.015625 0.0109375 
0 0.884375 0.54140625 0.01875 0.0171875 
0 0.58515625 0.8 0.0171875 0.01875 
0 0.6203125 0.7703125 0.01875 0.015625 
0 0.63359375 0.79296875 0.0171875 0.0140625 
0 0.59140625 0.83046875 0.0171875 0.0140625 
0 0.6078125 0.9078125 0.015625 0.0125 
0 0.63671875 0.9234375 0.0171875 0.015625 
0 0.65078125 0.93203125 0.0171875 0.0140625 
0 0.6640625 0.9390625 0.01875 0.0125 
0 0.6078125 0.78125 0.015625 0.01875 
0 0.5703125 0.81328125 0.015625 0.0171875 
0 0.559375 0.825 0.015625 0.015625 
0 0.6234375 0.915625 0.015625 0.0125 
0 0.44140625 0.81015625 0.0171875 0.0109375 
0 0.678125 0.94765625 0.015625 0.0109375 
0 0.32578125 0.8625 0.0171875 0.015625 
0 0.3125 0.88515625 0.01875 0.0171875 
0 0.29375 0.875 0.015625 0.01875 
0 0.034375 0.9921875 0.01875 0.0125 
0 0.94765625 0.77421875 0.0171875 0.0109375 
0 0.3546875 0.6875 0.015625 0.0125 
0 0.346875 0.75390625 0.021875 0.0140625 
0 0.39609375 0.7828125 0.0203125 0.0125 
0 0.4125 0.790625 0.021875 0.0125 
0 0.790625 0.671875 0.021875 0.015625 
0 0.9140625 0.75078125 0.01875 0.0140625 
0 0.96171875 0.784375 0.0203125 0.015625 
0 0.97890625 0.796875 0.0171875 0.015625 
0 0.9921875 0.80390625 0.015625 0.0109375 
0 0.321875 0.70703125 0.01875 0.0171875 
0 0.309375 0.73125 0.01875 0.0125 
0 0.29453125 0.66015625 0.0171875 0.0171875 
0 0.0578125 0.421875 0.01875 0.009375 
