0 0.52734375 0.03203125 0.1421875 0.0609375 
0 0.40859375 0.13671875 0.1359375 0.0765625 
0 0.2015625 0.4140625 0.121875 0.065625 
0 0.603125 0.2296875 0.1375 0.071875 
0 0.78359375 0.72265625 0.0953125 0.1140625 
0 0.9296875 0.7140625 0.103125 0.13125 
0 0.98671875 0.5640625 0.0265625 0.078125 
0 0.93359375 0.30859375 0.1328125 0.0703125 
0 0.88828125 0.159375 0.1328125 0.065625 
0 0.8515625 0.06484375 0.140625 0.0671875 
0 0.83984375 0.015625 0.1515625 0.028125 
0 0.4421875 0.1875 0.1125 0.06875 
0 0.04453125 0.321875 0.0859375 0.06875 
0 0.503125 0.384375 0.140625 0.06875 
