0 0.70625 0.021875 0.11875 0.040625 
0 0.56875 0.5484375 0.125 0.08125 
0 0.5671875 0.48046875 0.11875 0.0765625 
0 0.59296875 0.4296875 0.1234375 0.0875 
0 0.5984375 0.36953125 0.125 0.0828125 
0 0.62109375 0.309375 0.1296875 0.08125 
0 0.62109375 0.24921875 0.1234375 0.0796875 
0 0.6328125 0.2015625 0.11875 0.075 
0 0.64765625 0.1546875 0.1109375 0.071875 
0 0.6703125 0.11015625 0.125 0.0828125 
0 0.6875 0.05625 0.13125 0.078125 
0 0.9171875 0.096875 0.071875 0.1 
0 0.96796875 0.2015625 0.0640625 0.11875 
0 0.875 0.46640625 0.084375 0.1109375 
0 0.97578125 0.4421875 0.0484375 0.10625 
0 0.98046875 0.0921875 0.0390625 0.09375 
0 0.90234375 0.56953125 0.0703125 0.1046875 
0 0.96875 0.5640625 0.0625 0.115625 
