0 0.32890625 0.875 0.0296875 0.03125 
0 0.48359375 0.57421875 0.0328125 0.0234375 
0 0.50078125 0.5984375 0.0421875 0.025 
0 0.6328125 0.659375 0.040625 0.03125 
0 0.88125 0.38125 0.0125 0.021875 
0 0.24921875 0.146875 0.0328125 0.03125 
0 0.17265625 0.02734375 0.0296875 0.0296875 
0 0.03125 0.1875 0.034375 0.025 
0 0.034375 0.2640625 0.028125 0.03125 
0 0.0515625 0.25 0.028125 0.03125 
0 0.38046875 0.46953125 0.0328125 0.0265625 
0 0.8234375 0.478125 0.028125 0.028125 
0 0.6859375 0.44296875 0.025 0.0265625 
0 0.8796875 0.51875 0.034375 0.0125 
0 0.8734375 0.54296875 0.04375 0.0234375 
0 0.57734375 0.80703125 0.0328125 0.0140625 
0 0.37734375 0.7765625 0.0359375 0.025 
0 0.5359375 0.80234375 0.04375 0.0328125 
