5 0.6599999999999999 0.69375 0.595 0.69375 0.595 0.73125 0.6599999999999999 0.73125 0.6599999999999999 0.69375
5 0.62375 0.40750000000000003 0.5287499999999999 0.40750000000000003 0.5287499999999999 0.45499999999999996 0.62375 0.45499999999999996 0.62375 0.40750000000000003
5 0.2225 0.3975 0.2 0.3975 0.2 0.42750000000000005 0.2225 0.42750000000000005 0.2225 0.3975
5 0.17124999999999999 0.33125 0.16125 0.33125 0.16125 0.33875 0.17124999999999999 0.33875 0.17124999999999999 0.33125
5 0.16875 0.315 0.15875 0.315 0.15875 0.3225 0.16875 0.3225 0.16875 0.315
5 0.2375 0.3225 0.22749999999999998 0.3225 0.22749999999999998 0.32999999999999996 0.2375 0.32999999999999996 0.2375 0.3225
5 0.15875 0.26625 0.13625 0.26625 0.13625 0.29125 0.15875 0.29125 0.15875 0.26625
5 0.24125000000000002 0.2875 0.21375000000000002 0.2875 0.21375000000000002 0.3125 0.24125000000000002 0.3125 0.24125000000000002 0.2875
5 0.21000000000000002 0.27875 0.20249999999999999 0.27875 0.20249999999999999 0.28625 0.21000000000000002 0.28625 0.21000000000000002 0.27875
5 0.22125 0.26 0.21375000000000002 0.26 0.21375000000000002 0.26749999999999996 0.22125 0.26749999999999996 0.22125 0.26
5 0.23125 0.265 0.22374999999999998 0.265 0.22374999999999998 0.2725 0.23125 0.2725 0.23125 0.265
5 0.19875 0.23875000000000002 0.19125 0.23875000000000002 0.19125 0.24375 0.19875 0.24375 0.19875 0.23875000000000002
5 0.22000000000000003 0.2325 0.2125 0.2325 0.2125 0.2375 0.22000000000000003 0.2375 0.22000000000000003 0.2325
5 0.24125000000000002 0.23500000000000001 0.23374999999999999 0.23500000000000001 0.23374999999999999 0.24 0.24125000000000002 0.24 0.24125000000000002 0.23500000000000001
5 0.30874999999999997 0.22625 0.28625 0.22625 0.28625 0.24625 0.30874999999999997 0.24625 0.30874999999999997 0.22625
5 0.26749999999999996 0.21875 0.26 0.21875 0.26 0.22374999999999998 0.26749999999999996 0.22374999999999998 0.26749999999999996 0.21875
5 0.27999999999999997 0.1925 0.275 0.1925 0.275 0.195 0.27999999999999997 0.195 0.27999999999999997 0.1925
5 0.28875 0.1925 0.28375 0.1925 0.28375 0.1975 0.28875 0.1975 0.28875 0.1925
5 0.32999999999999996 0.155 0.32 0.155 0.32 0.1675 0.32999999999999996 0.1675 0.32999999999999996 0.155
5 0.30125 0.1575 0.29625 0.1575 0.29625 0.16 0.30125 0.16 0.30125 0.1575
5 0.315 0.15625 0.31 0.15625 0.31 0.16125 0.315 0.16125 0.315 0.15625
5 0.3 0.1525 0.29500000000000004 0.1525 0.29500000000000004 0.1575 0.3 0.1575 0.3 0.1525
5 0.29874999999999996 0.15 0.29625 0.15 0.29625 0.1525 0.29874999999999996 0.1525 0.29874999999999996 0.15
5 0.315 0.13999999999999999 0.31 0.13999999999999999 0.31 0.14250000000000002 0.315 0.14250000000000002 0.315 0.13999999999999999
5 0.3225 0.13999999999999999 0.32 0.13999999999999999 0.32 0.14250000000000002 0.3225 0.14250000000000002 0.3225 0.13999999999999999
5 0.32999999999999996 0.14625 0.325 0.14625 0.325 0.14875 0.32999999999999996 0.14875 0.32999999999999996 0.14625
5 0.3175 0.13374999999999998 0.3125 0.13374999999999998 0.3125 0.13625 0.3175 0.13625 0.3175 0.13374999999999998
5 0.325 0.1325 0.3225 0.1325 0.3225 0.135 0.325 0.135 0.325 0.1325
5 0.33625 0.13374999999999998 0.33375 0.13374999999999998 0.33375 0.13625 0.33625 0.13625 0.33625 0.13374999999999998
5 0.37 0.1575 0.3675 0.1575 0.3675 0.16 0.37 0.16 0.37 0.1575
5 0.34875 0.11000000000000001 0.34375 0.11000000000000001 0.34375 0.1125 0.34875 0.1125 0.34875 0.11000000000000001
5 0.35625 0.10500000000000001 0.35375 0.10500000000000001 0.35375 0.1075 0.35625 0.1075 0.35625 0.10500000000000001
5 0.36124999999999996 0.09875 0.35875 0.09875 0.35875 0.10375000000000001 0.36124999999999996 0.10375000000000001 0.36124999999999996 0.09875
5 0.355 0.1 0.35 0.1 0.35 0.10500000000000001 0.355 0.10500000000000001 0.355 0.1
5 0.19624999999999998 0.205 0.17625 0.205 0.17625 0.2225 0.19624999999999998 0.2225 0.19624999999999998 0.205