2 0.0225 0.04 0.0125 0.04 0.0125 0.06 0.0225 0.06 0.0225 0.04
2 0.0325 0.04 0.025 0.04 0.025 0.06 0.0325 0.06 0.0325 0.04
2 0.04 0.042499999999999996 0.0325 0.042499999999999996 0.0325 0.065 0.04 0.065 0.04 0.042499999999999996
2 0.04 0.03875 0.034999999999999996 0.03875 0.034999999999999996 0.06375 0.04 0.06375 0.04 0.03875
2 0.0475 0.052500000000000005 0.0375 0.052500000000000005 0.0375 0.08 0.0475 0.08 0.0475 0.052500000000000005
2 0.04875 0.06875 0.041249999999999995 0.06875 0.041249999999999995 0.09375 0.04875 0.09375 0.04875 0.06875
2 0.041249999999999995 0.06999999999999999 0.03625 0.06999999999999999 0.03625 0.09 0.041249999999999995 0.09 0.041249999999999995 0.06999999999999999
2 0.0375 0.0675 0.027500000000000004 0.0675 0.027500000000000004 0.0875 0.0375 0.0875 0.0375 0.0675
2 0.07125000000000001 0.04375 0.061250000000000006 0.04375 0.061250000000000006 0.061250000000000006 0.07125000000000001 0.061250000000000006 0.07125000000000001 0.04375
2 0.0775 0.034999999999999996 0.0725 0.034999999999999996 0.0725 0.05500000000000001 0.0775 0.05500000000000001 0.0775 0.034999999999999996
2 0.08125 0.0475 0.07375000000000001 0.0475 0.07375000000000001 0.06999999999999999 0.08125 0.06999999999999999 0.08125 0.0475
2 0.075 0.05500000000000001 0.0675 0.05500000000000001 0.0675 0.0775 0.075 0.0775 0.075 0.05500000000000001
2 0.06625 0.0675 0.061250000000000006 0.0675 0.061250000000000006 0.075 0.06625 0.075 0.06625 0.0675
2 0.017499999999999998 0.075 0.0075 0.075 0.0075 0.1 0.017499999999999998 0.1 0.017499999999999998 0.075
2 0.10874999999999999 0.041249999999999995 0.09875 0.041249999999999995 0.09875 0.06625 0.10874999999999999 0.06625 0.10874999999999999 0.041249999999999995
2 0.11750000000000001 0.0225 0.1125 0.0225 0.1125 0.0375 0.11750000000000001 0.0375 0.11750000000000001 0.0225
2 0.15375 0.01875 0.14875 0.01875 0.14875 0.03375 0.15375 0.03375 0.15375 0.01875
2 0.14625 0.04625 0.13874999999999998 0.04625 0.13874999999999998 0.05375 0.14625 0.05375 0.14625 0.04625
2 0.125 0.05375 0.11750000000000001 0.05375 0.11750000000000001 0.07125000000000001 0.125 0.07125000000000001 0.125 0.05375
2 0.15875 0.04875 0.15125 0.04875 0.15125 0.07125000000000001 0.15875 0.07125000000000001 0.15875 0.04875
2 0.14875 0.075 0.14125000000000001 0.075 0.14125000000000001 0.0925 0.14875 0.0925 0.14875 0.075
2 0.10874999999999999 0.07125000000000001 0.10375000000000001 0.07125000000000001 0.10375000000000001 0.08625000000000001 0.10874999999999999 0.08625000000000001 0.10874999999999999 0.07125000000000001
2 0.10375000000000001 0.06875 0.09375 0.06875 0.09375 0.09625 0.10375000000000001 0.09625 0.10375000000000001 0.06875
2 0.0975 0.20625 0.0625 0.20625 0.0625 0.23374999999999999 0.0975 0.23374999999999999 0.0975 0.20625
2 0.05625 0.21125 0.03125 0.21125 0.03125 0.27125 0.05625 0.27125 0.05625 0.21125
2 0.026250000000000002 0.19875 0.00625 0.19875 0.00625 0.25375000000000003 0.026250000000000002 0.25375000000000003 0.026250000000000002 0.19875
2 0.058750000000000004 0.29375 0.03375 0.29375 0.03375 0.36375 0.058750000000000004 0.36375 0.058750000000000004 0.29375
2 0.07625 0.29625 0.05625 0.29625 0.05625 0.35375 0.07625 0.35375 0.07625 0.29625
2 0.0675 0.2975 0.045 0.2975 0.045 0.3675 0.0675 0.3675 0.0675 0.2975
2 0.155 0.29375 0.1125 0.29375 0.1125 0.33125 0.155 0.33125 0.155 0.29375
2 0.16875 0.28375 0.12625 0.28375 0.12625 0.31625000000000003 0.16875 0.31625000000000003 0.16875 0.28375
2 0.675 0.55375 0.6275000000000001 0.55375 0.6275000000000001 0.6487499999999999 0.675 0.6487499999999999 0.675 0.55375
2 0.8975 0.3225 0.86 0.3225 0.86 0.36 0.8975 0.36 0.8975 0.3225
2 0.5275000000000001 0.34375 0.4925 0.34375 0.4925 0.42625 0.5275000000000001 0.42625 0.5275000000000001 0.34375
2 0.54375 0.31 0.51625 0.31 0.51625 0.385 0.54375 0.385 0.54375 0.31
2 0.54875 0.27749999999999997 0.52625 0.27749999999999997 0.52625 0.34500000000000003 0.54875 0.34500000000000003 0.54875 0.27749999999999997
2 0.5225 0.25625 0.495 0.25625 0.495 0.31375000000000003 0.5225 0.31375000000000003 0.5225 0.25625
2 0.5225 0.275 0.4725 0.275 0.4725 0.3375 0.5225 0.3375 0.5225 0.275
2 0.4525 0.2475 0.42750000000000005 0.2475 0.42750000000000005 0.31 0.4525 0.31 0.4525 0.2475
2 0.70125 0.29125 0.6637500000000001 0.29125 0.6637500000000001 0.36124999999999996 0.70125 0.36124999999999996 0.70125 0.29125
2 0.65125 0.28375 0.61125 0.28375 0.61125 0.35125 0.65125 0.35125 0.65125 0.28375
2 0.28625 0.23875000000000002 0.26875 0.23875000000000002 0.26875 0.30625 0.28625 0.30625 0.28625 0.23875000000000002
2 0.28375 0.21749999999999997 0.26875 0.21749999999999997 0.26875 0.27999999999999997 0.28375 0.27999999999999997 0.28375 0.21749999999999997
2 0.27375 0.215 0.25625 0.215 0.25625 0.275 0.27375 0.275 0.27375 0.215
2 0.26125 0.22625 0.23374999999999999 0.22625 0.23374999999999999 0.25625 0.26125 0.25625 0.26125 0.22625
2 0.225 0.24874999999999997 0.1975 0.24874999999999997 0.1975 0.28125 0.225 0.28125 0.225 0.24874999999999997
2 0.22000000000000003 0.25875 0.1775 0.25875 0.1775 0.28875 0.22000000000000003 0.28875 0.22000000000000003 0.25875
2 0.1125 0.13999999999999999 0.0975 0.13999999999999999 0.0975 0.185 0.1125 0.185 0.1125 0.13999999999999999
2 0.12625 0.13999999999999999 0.11125 0.13999999999999999 0.11125 0.185 0.12625 0.185 0.12625 0.13999999999999999
2 0.14375 0.14125000000000001 0.12375 0.14125000000000001 0.12375 0.18875 0.14375 0.18875 0.14375 0.14125000000000001
2 0.13874999999999998 0.12125 0.12375 0.12125 0.12375 0.15875 0.13874999999999998 0.15875 0.13874999999999998 0.12125
2 0.24125000000000002 0.1375 0.22374999999999998 0.1375 0.22374999999999998 0.185 0.24125000000000002 0.185 0.24125000000000002 0.1375
2 0.20625 0.13625 0.18875 0.13625 0.18875 0.18625 0.20625 0.18625 0.20625 0.13625
2 0.21000000000000002 0.13625 0.2 0.13625 0.2 0.17625 0.21000000000000002 0.17625 0.21000000000000002 0.13625
2 0.20125 0.13374999999999998 0.18625 0.13374999999999998 0.18625 0.17875000000000002 0.20125 0.17875000000000002 0.20125 0.13374999999999998
2 0.20375000000000001 0.18375 0.17875000000000002 0.18375 0.17875000000000002 0.22125 0.20375000000000001 0.22125 0.20375000000000001 0.18375
2 0.27999999999999997 0.0225 0.2725 0.0225 0.2725 0.042499999999999996 0.27999999999999997 0.042499999999999996 0.27999999999999997 0.0225
2 0.25625 0.026250000000000002 0.24874999999999997 0.026250000000000002 0.24874999999999997 0.04375 0.25625 0.04375 0.25625 0.026250000000000002
2 0.2375 0.02375 0.2325 0.02375 0.2325 0.03875 0.2375 0.03875 0.2375 0.02375
2 0.17625 0.03625 0.16875 0.03625 0.16875 0.058750000000000004 0.17625 0.058750000000000004 0.17625 0.03625
2 0.18875 0.04625 0.18375 0.04625 0.18375 0.058750000000000004 0.18875 0.058750000000000004 0.18875 0.04625
2 0.20750000000000002 0.04875 0.2 0.04875 0.2 0.06625 0.20750000000000002 0.06625 0.20750000000000002 0.04875
2 0.21625 0.04875 0.20375000000000001 0.04875 0.20375000000000001 0.06375 0.21625 0.06375 0.21625 0.04875
2 0.21875 0.041249999999999995 0.21125 0.041249999999999995 0.21125 0.058750000000000004 0.21875 0.058750000000000004 0.21875 0.041249999999999995
2 0.27125 0.052500000000000005 0.26375000000000004 0.052500000000000005 0.26375000000000004 0.0775 0.27125 0.0775 0.27125 0.052500000000000005
2 0.26749999999999996 0.0625 0.26 0.0625 0.26 0.09 0.26749999999999996 0.09 0.26749999999999996 0.0625
2 0.265 0.06375 0.2575 0.06375 0.2575 0.08875 0.265 0.08875 0.265 0.06375
2 0.335 0.08499999999999999 0.325 0.08499999999999999 0.325 0.11499999999999999 0.335 0.11499999999999999 0.335 0.08499999999999999
2 0.23625 0.06999999999999999 0.22625 0.06999999999999999 0.22625 0.0925 0.23625 0.0925 0.23625 0.06999999999999999
2 0.24125000000000002 0.07125000000000001 0.23374999999999999 0.07125000000000001 0.23374999999999999 0.09125 0.24125000000000002 0.09125 0.24125000000000002 0.07125000000000001
2 0.3775 0.0325 0.3725 0.0325 0.3725 0.05500000000000001 0.3775 0.05500000000000001 0.3775 0.0325
2 0.305 0.19875 0.28500000000000003 0.19875 0.28500000000000003 0.22125 0.305 0.22125 0.305 0.19875
2 0.3325 0.195 0.315 0.195 0.315 0.22000000000000003 0.3325 0.22000000000000003 0.3325 0.195
2 0.33625 0.185 0.31124999999999997 0.185 0.31124999999999997 0.20750000000000002 0.33625 0.20750000000000002 0.33625 0.185
2 0.34875 0.17375000000000002 0.32875 0.17375000000000002 0.32875 0.19875 0.34875 0.19875 0.34875 0.17375000000000002
2 0.35625 0.155 0.34625 0.155 0.34625 0.205 0.35625 0.205 0.35625 0.155
2 0.35125 0.13874999999999998 0.33875 0.13874999999999998 0.33875 0.18875 0.35125 0.18875 0.35125 0.13874999999999998
2 0.375 0.06 0.3675 0.06 0.3675 0.0775 0.375 0.0775 0.375 0.06
2 0.3825 0.07125000000000001 0.37 0.07125000000000001 0.37 0.10124999999999999 0.3825 0.10124999999999999 0.3825 0.07125000000000001
2 0.39 0.125 0.38 0.125 0.38 0.16499999999999998 0.39 0.16499999999999998 0.39 0.125
2 0.41 0.06999999999999999 0.4 0.06999999999999999 0.4 0.095 0.41 0.095 0.41 0.06999999999999999
2 0.46375 0.20125 0.42625 0.20125 0.42625 0.22625 0.46375 0.22625 0.46375 0.20125
2 0.45 0.18125 0.4375 0.18125 0.4375 0.21625 0.45 0.21625 0.45 0.18125
2 0.465 0.135 0.4575 0.135 0.4575 0.1675 0.465 0.1675 0.465 0.135
2 0.43499999999999994 0.08875 0.425 0.08875 0.425 0.12125 0.43499999999999994 0.12125 0.43499999999999994 0.08875
2 0.4525 0.06625 0.445 0.06625 0.445 0.09125 0.4525 0.09125 0.4525 0.06625
2 0.485 0.06375 0.47750000000000004 0.06375 0.47750000000000004 0.08625000000000001 0.485 0.08625000000000001 0.485 0.06375
2 0.495 0.034999999999999996 0.49000000000000005 0.034999999999999996 0.49000000000000005 0.05500000000000001 0.495 0.05500000000000001 0.495 0.034999999999999996
2 0.48875 0.0975 0.47375 0.0975 0.47375 0.1125 0.48875 0.1125 0.48875 0.0975
2 0.5675 0.03625 0.5599999999999999 0.03625 0.5599999999999999 0.05375 0.5675 0.05375 0.5675 0.03625
2 0.5974999999999999 0.06875 0.5900000000000001 0.06875 0.5900000000000001 0.09375 0.5974999999999999 0.09375 0.5974999999999999 0.06875
2 0.635 0.03625 0.6275000000000001 0.03625 0.6275000000000001 0.05375 0.635 0.05375 0.635 0.03625
2 0.63375 0.09375 0.62375 0.09375 0.62375 0.12375 0.63375 0.12375 0.63375 0.09375
2 0.67875 0.08249999999999999 0.67125 0.08249999999999999 0.67125 0.10500000000000001 0.67875 0.10500000000000001 0.67875 0.08249999999999999
2 0.69375 0.075 0.6837500000000001 0.075 0.6837500000000001 0.0875 0.69375 0.0875 0.69375 0.075
2 0.7 0.08249999999999999 0.6925 0.08249999999999999 0.6925 0.10500000000000001 0.7 0.10500000000000001 0.7 0.08249999999999999
2 0.72375 0.08 0.7162499999999999 0.08 0.7162499999999999 0.10500000000000001 0.72375 0.10500000000000001 0.72375 0.08
2 0.6799999999999999 0.16 0.6675 0.16 0.6675 0.185 0.6799999999999999 0.185 0.6799999999999999 0.16
2 0.57625 0.18125 0.56375 0.18125 0.56375 0.22625 0.57625 0.22625 0.57625 0.18125
2 0.79625 0.15875 0.7737499999999999 0.15875 0.7737499999999999 0.20125 0.79625 0.20125 0.79625 0.15875
2 0.7887500000000001 0.11125 0.78125 0.11125 0.78125 0.13625 0.7887500000000001 0.13625 0.7887500000000001 0.11125
2 0.79125 0.07625 0.78125 0.07625 0.78125 0.10124999999999999 0.79125 0.10124999999999999 0.79125 0.07625
2 0.7725 0.08375 0.76 0.08375 0.76 0.11125 0.7725 0.11125 0.7725 0.08375
2 0.8787499999999999 0.06999999999999999 0.86875 0.06999999999999999 0.86875 0.1 0.8787499999999999 0.1 0.8787499999999999 0.06999999999999999
2 0.89375 0.08 0.88375 0.08 0.88375 0.1025 0.89375 0.1025 0.89375 0.08
2 0.865 0.0675 0.8525 0.0675 0.8525 0.0975 0.865 0.0975 0.865 0.0675
2 0.84375 0.07125000000000001 0.83625 0.07125000000000001 0.83625 0.09875 0.84375 0.09875 0.84375 0.07125000000000001
2 0.8525 0.07375000000000001 0.845 0.07375000000000001 0.845 0.10124999999999999 0.8525 0.10124999999999999 0.8525 0.07375000000000001
2 0.7537499999999999 0.0775 0.7462500000000001 0.0775 0.7462500000000001 0.1 0.7537499999999999 0.1 0.7537499999999999 0.0775
2 0.74 0.06375 0.7275 0.06375 0.7275 0.07875 0.74 0.07875 0.74 0.06375
2 0.74 0.058750000000000004 0.735 0.058750000000000004 0.735 0.07875 0.74 0.07875 0.74 0.058750000000000004
2 0.7424999999999999 0.057499999999999996 0.73 0.057499999999999996 0.73 0.0725 0.7424999999999999 0.0725 0.7424999999999999 0.057499999999999996
2 0.7275 0.2325 0.7025 0.2325 0.7025 0.27749999999999997 0.7275 0.27749999999999997 0.7275 0.2325
2 0.7525000000000001 0.2375 0.73 0.2375 0.73 0.28500000000000003 0.7525000000000001 0.28500000000000003 0.7525000000000001 0.2375
2 0.76875 0.23500000000000001 0.75125 0.23500000000000001 0.75125 0.28250000000000003 0.76875 0.28250000000000003 0.76875 0.23500000000000001
2 0.61875 0.19875 0.60625 0.19875 0.60625 0.22374999999999998 0.61875 0.22374999999999998 0.61875 0.19875
2 0.6287499999999999 0.19624999999999998 0.61625 0.19624999999999998 0.61625 0.23374999999999999 0.6287499999999999 0.23374999999999999 0.6287499999999999 0.19624999999999998
2 0.63875 0.1925 0.62375 0.1925 0.62375 0.225 0.63875 0.225 0.63875 0.1925
2 0.6487499999999999 0.20125 0.63875 0.20125 0.63875 0.22875 0.6487499999999999 0.22875 0.6487499999999999 0.20125
2 0.65125 0.20249999999999999 0.63625 0.20249999999999999 0.63625 0.22999999999999998 0.65125 0.22999999999999998 0.65125 0.20249999999999999
2 0.6537499999999999 0.19375 0.63625 0.19375 0.63625 0.21625 0.6537499999999999 0.21625 0.6537499999999999 0.19375
2 0.9800000000000001 0.19624999999999998 0.96 0.19624999999999998 0.96 0.22875 0.9800000000000001 0.22875 0.9800000000000001 0.19624999999999998