5 0.13999999999999999 0.5825 0.06 0.5825 0.06 0.645 0.13999999999999999 0.645 0.13999999999999999 0.5825
5 0.17250000000000001 0.5875 0.095 0.5875 0.095 0.6599999999999999 0.17250000000000001 0.6599999999999999 0.17250000000000001 0.5875
5 0.2375 0.58875 0.16499999999999998 0.58875 0.16499999999999998 0.66625 0.2375 0.66625 0.2375 0.58875
5 0.3175 0.5925 0.26 0.5925 0.26 0.6599999999999999 0.3175 0.6599999999999999 0.3175 0.5925
2 0.09625 0.5587500000000001 0.08375 0.5587500000000001 0.08375 0.58125 0.09625 0.58125 0.09625 0.5587500000000001
2 0.125 0.55625 0.1075 0.55625 0.1075 0.58125 0.125 0.58125 0.125 0.55625
2 0.38375 0.5549999999999999 0.37625000000000003 0.5549999999999999 0.37625000000000003 0.5775 0.38375 0.5775 0.38375 0.5549999999999999
5 0.35750000000000004 0.51375 0.3125 0.51375 0.3125 0.57375 0.35750000000000004 0.57375 0.35750000000000004 0.51375
5 0.3825 0.49874999999999997 0.34500000000000003 0.49874999999999997 0.34500000000000003 0.52625 0.3825 0.52625 0.3825 0.49874999999999997
5 0.40499999999999997 0.4725 0.3675 0.4725 0.3675 0.51 0.40499999999999997 0.51 0.40499999999999997 0.4725
5 0.42750000000000005 0.44000000000000006 0.3775 0.44000000000000006 0.3775 0.4725 0.42750000000000005 0.4725 0.42750000000000005 0.44000000000000006
5 0.43375 0.40875000000000006 0.39625 0.40875000000000006 0.39625 0.44375 0.43375 0.44375 0.43375 0.40875000000000006
5 0.45 0.385 0.4325 0.385 0.4325 0.41 0.45 0.41 0.45 0.385
5 0.46875 0.36 0.45125000000000004 0.36 0.45125000000000004 0.38 0.46875 0.38 0.46875 0.36
5 0.31375000000000003 0.42000000000000004 0.27125 0.42000000000000004 0.27125 0.445 0.31375000000000003 0.445 0.31375000000000003 0.42000000000000004
5 0.36375 0.37875000000000003 0.32125 0.37875000000000003 0.32125 0.39875 0.36375 0.39875 0.36375 0.37875000000000003
5 0.45375 0.45 0.42374999999999996 0.45 0.42374999999999996 0.4875 0.45375 0.4875 0.45375 0.45
5 0.4725 0.48 0.44749999999999995 0.48 0.44749999999999995 0.515 0.4725 0.515 0.4725 0.48
5 0.215 0.37124999999999997 0.1775 0.37124999999999997 0.1775 0.39625 0.215 0.39625 0.215 0.37124999999999997
5 0.255 0.37 0.22749999999999998 0.37 0.22749999999999998 0.39249999999999996 0.255 0.39249999999999996 0.255 0.37
2 0.3125 0.3775 0.3025 0.3775 0.3025 0.395 0.3125 0.395 0.3125 0.3775
5 0.305 0.35 0.2625 0.35 0.2625 0.3675 0.305 0.3675 0.305 0.35
5 0.3125 0.3325 0.2875 0.3325 0.2875 0.34500000000000003 0.3125 0.34500000000000003 0.3125 0.3325
5 0.32999999999999996 0.32125 0.3025 0.32125 0.3025 0.33625 0.32999999999999996 0.33625 0.32999999999999996 0.32125
5 0.335 0.32125 0.3125 0.32125 0.3125 0.33375 0.335 0.33375 0.335 0.32125
5 0.34750000000000003 0.315 0.3125 0.315 0.3125 0.3275 0.34750000000000003 0.3275 0.34750000000000003 0.315
5 0.325 0.30874999999999997 0.29500000000000004 0.30874999999999997 0.29500000000000004 0.31875 0.325 0.31875 0.325 0.30874999999999997
5 0.32999999999999996 0.30375 0.29500000000000004 0.30375 0.29500000000000004 0.31375000000000003 0.32999999999999996 0.31375000000000003 0.32999999999999996 0.30375
5 0.35125 0.29500000000000004 0.32125 0.29500000000000004 0.32125 0.305 0.35125 0.305 0.35125 0.29500000000000004
5 0.36625 0.27999999999999997 0.34375 0.27999999999999997 0.34375 0.2925 0.36625 0.2925 0.36625 0.27999999999999997
5 0.395 0.28875 0.3825 0.28875 0.3825 0.29874999999999996 0.395 0.29874999999999996 0.395 0.28875
5 0.44625000000000004 0.27999999999999997 0.41375 0.27999999999999997 0.41375 0.2975 0.44625000000000004 0.2975 0.44625000000000004 0.27999999999999997
2 0.48875 0.36875 0.48125 0.36875 0.48125 0.37875000000000003 0.48875 0.37875000000000003 0.48875 0.36875
2 0.45999999999999996 0.34249999999999997 0.45499999999999996 0.34249999999999997 0.45499999999999996 0.35750000000000004 0.45999999999999996 0.35750000000000004 0.45999999999999996 0.34249999999999997
2 0.46875 0.33999999999999997 0.46125 0.33999999999999997 0.46125 0.355 0.46875 0.355 0.46875 0.33999999999999997
5 0.465 0.28250000000000003 0.44000000000000006 0.28250000000000003 0.44000000000000006 0.315 0.465 0.315 0.465 0.28250000000000003
5 0.48250000000000004 0.31625000000000003 0.465 0.31625000000000003 0.465 0.33625 0.48250000000000004 0.33625 0.48250000000000004 0.31625000000000003
5 0.49124999999999996 0.29375 0.48125 0.29375 0.48125 0.30625 0.49124999999999996 0.30625 0.49124999999999996 0.29375
5 0.5 0.28125 0.49000000000000005 0.28125 0.49000000000000005 0.29625 0.5 0.29625 0.5 0.28125
5 0.5225 0.24874999999999997 0.51 0.24874999999999997 0.51 0.26375000000000004 0.5225 0.26375000000000004 0.5225 0.24874999999999997
5 0.515 0.28250000000000003 0.5075000000000001 0.28250000000000003 0.5075000000000001 0.2925 0.515 0.2925 0.515 0.28250000000000003
2 0.505 0.28250000000000003 0.5 0.28250000000000003 0.5 0.29 0.505 0.29 0.505 0.28250000000000003
5 0.52 0.30375 0.51 0.30375 0.51 0.31875 0.52 0.31875 0.52 0.30375
5 0.55125 0.30125 0.53625 0.30125 0.53625 0.31625000000000003 0.55125 0.31625000000000003 0.55125 0.30125
5 0.5387500000000001 0.28375 0.5237499999999999 0.28375 0.5237499999999999 0.29625 0.5387500000000001 0.29625 0.5387500000000001 0.28375
5 0.53125 0.26375000000000004 0.52125 0.26375000000000004 0.52125 0.27375 0.53125 0.27375 0.53125 0.26375000000000004
5 0.525 0.27 0.52 0.27 0.52 0.27999999999999997 0.525 0.27999999999999997 0.525 0.27
2 0.53625 0.27125 0.5337500000000001 0.27125 0.5337500000000001 0.27375 0.53625 0.27375 0.53625 0.27125
2 0.53 0.325 0.5225 0.325 0.5225 0.3325 0.53 0.3325 0.53 0.325
2 0.5337500000000001 0.325 0.5287499999999999 0.325 0.5287499999999999 0.3325 0.5337500000000001 0.3325 0.5337500000000001 0.325
2 0.55 0.24625 0.545 0.24625 0.545 0.25125000000000003 0.55 0.25125000000000003 0.55 0.24625
2 0.595 0.22125 0.5925 0.22125 0.5925 0.22625 0.595 0.22625 0.595 0.22125
5 0.5349999999999999 0.32875 0.525 0.32875 0.525 0.33875 0.5349999999999999 0.33875 0.5349999999999999 0.32875
5 0.5675 0.36375 0.55 0.36375 0.55 0.38375 0.5675 0.38375 0.5675 0.36375
5 0.54625 0.2625 0.5337500000000001 0.2625 0.5337500000000001 0.27 0.54625 0.27 0.54625 0.2625
5 0.56125 0.26375000000000004 0.55125 0.26375000000000004 0.55125 0.27375 0.56125 0.27375 0.56125 0.26375000000000004
5 0.5974999999999999 0.27625 0.585 0.27625 0.585 0.28875 0.5974999999999999 0.28875 0.5974999999999999 0.27625
5 0.5875 0.21749999999999997 0.58 0.21749999999999997 0.58 0.225 0.5875 0.225 0.5875 0.21749999999999997
5 0.59375 0.20625 0.5862499999999999 0.20625 0.5862499999999999 0.21125 0.59375 0.21125 0.59375 0.20625
5 0.575 0.20375000000000001 0.5700000000000001 0.20375000000000001 0.5700000000000001 0.20875 0.575 0.20875 0.575 0.20375000000000001
5 0.5662499999999999 0.22374999999999998 0.5587500000000001 0.22374999999999998 0.5587500000000001 0.23125 0.5662499999999999 0.23125 0.5662499999999999 0.22374999999999998
5 0.545 0.23875000000000002 0.5349999999999999 0.23875000000000002 0.5349999999999999 0.24625 0.545 0.24625 0.545 0.23875000000000002
5 0.5275000000000001 0.24 0.52 0.24 0.52 0.25 0.5275000000000001 0.25 0.5275000000000001 0.24
5 0.53125 0.24 0.5237499999999999 0.24 0.5237499999999999 0.2475 0.53125 0.2475 0.53125 0.24
5 0.5337500000000001 0.23500000000000001 0.52625 0.23500000000000001 0.52625 0.2425 0.5337500000000001 0.2425 0.5337500000000001 0.23500000000000001
5 0.54 0.22625 0.5325 0.22625 0.5325 0.23374999999999999 0.54 0.23374999999999999 0.54 0.22625
5 0.55125 0.2225 0.54375 0.2225 0.54375 0.22999999999999998 0.55125 0.22999999999999998 0.55125 0.2225
5 0.5525 0.21625 0.5475 0.21625 0.5475 0.22374999999999998 0.5525 0.22374999999999998 0.5525 0.21625
5 0.5525 0.20375000000000001 0.545 0.20375000000000001 0.545 0.21125 0.5525 0.21125 0.5525 0.20375000000000001
5 0.595 0.20249999999999999 0.5900000000000001 0.20249999999999999 0.5900000000000001 0.20750000000000002 0.595 0.20750000000000002 0.595 0.20249999999999999
5 0.5900000000000001 0.1925 0.585 0.1925 0.585 0.1975 0.5900000000000001 0.1975 0.5900000000000001 0.1925
5 0.59875 0.19375 0.59375 0.19375 0.59375 0.19875 0.59875 0.19875 0.59875 0.19375
5 0.5974999999999999 0.1925 0.5900000000000001 0.1925 0.5900000000000001 0.2 0.5974999999999999 0.2 0.5974999999999999 0.1925
5 0.6125 0.21125 0.605 0.21125 0.605 0.22374999999999998 0.6125 0.22374999999999998 0.6125 0.21125
5 0.615 0.22749999999999998 0.6075 0.22749999999999998 0.6075 0.23500000000000001 0.615 0.23500000000000001 0.615 0.22749999999999998
5 0.61875 0.2325 0.60875 0.2325 0.60875 0.24 0.61875 0.24 0.61875 0.2325
5 0.61 0.2375 0.6025 0.2375 0.6025 0.24500000000000002 0.61 0.24500000000000002 0.61 0.2375
5 0.6587500000000001 0.22000000000000003 0.64125 0.22000000000000003 0.64125 0.22749999999999998 0.6587500000000001 0.22749999999999998 0.6587500000000001 0.22000000000000003
5 0.6599999999999999 0.2525 0.6475 0.2525 0.6475 0.265 0.6599999999999999 0.265 0.6599999999999999 0.2525
5 0.6837500000000001 0.25875 0.67125 0.25875 0.67125 0.26625 0.6837500000000001 0.26625 0.6837500000000001 0.25875
5 0.69375 0.25375000000000003 0.67875 0.25375000000000003 0.67875 0.26375000000000004 0.69375 0.26375000000000004 0.69375 0.25375000000000003
5 0.71 0.2875 0.6950000000000001 0.2875 0.6950000000000001 0.3 0.71 0.3 0.71 0.2875
5 0.64625 0.2625 0.62375 0.2625 0.62375 0.275 0.64625 0.275 0.64625 0.2625
5 0.6625 0.265 0.6375 0.265 0.6375 0.275 0.6625 0.275 0.6625 0.265
5 0.67375 0.27875 0.63375 0.27875 0.63375 0.29375 0.67375 0.29375 0.67375 0.27875
5 0.6537499999999999 0.275 0.62625 0.275 0.62625 0.2875 0.6537499999999999 0.2875 0.6537499999999999 0.275
5 0.6575 0.2925 0.63 0.2925 0.63 0.305 0.6575 0.305 0.6575 0.2925
5 0.6575 0.2975 0.6275000000000001 0.2975 0.6275000000000001 0.31 0.6575 0.31 0.6575 0.2975
5 0.6575 0.3025 0.63 0.3025 0.63 0.315 0.6575 0.315 0.6575 0.3025
5 0.6725 0.3075 0.6475 0.3075 0.6475 0.3175 0.6725 0.3175 0.6725 0.3075
5 0.67 0.3175 0.6425 0.3175 0.6425 0.32999999999999996 0.67 0.32999999999999996 0.67 0.3175
5 0.6799999999999999 0.32125 0.6475 0.32125 0.6475 0.33625 0.6799999999999999 0.33625 0.6799999999999999 0.32125
5 0.66625 0.33999999999999997 0.63625 0.33999999999999997 0.63625 0.355 0.66625 0.355 0.66625 0.33999999999999997
5 0.6837500000000001 0.35 0.6487499999999999 0.35 0.6487499999999999 0.3675 0.6837500000000001 0.3675 0.6837500000000001 0.35
5 0.6912499999999999 0.37124999999999997 0.6537499999999999 0.37124999999999997 0.6537499999999999 0.39375 0.6912499999999999 0.39375 0.6912499999999999 0.37124999999999997
5 0.6174999999999999 0.29125 0.6075 0.29125 0.6075 0.30125 0.6174999999999999 0.30125 0.6174999999999999 0.29125
5 0.615 0.305 0.5925 0.305 0.5925 0.3375 0.615 0.3375 0.615 0.305
2 0.61 0.27999999999999997 0.605 0.27999999999999997 0.605 0.29 0.61 0.29 0.61 0.27999999999999997
2 0.615 0.27999999999999997 0.6075 0.27999999999999997 0.6075 0.29 0.615 0.29 0.615 0.27999999999999997
2 0.62375 0.29625 0.61875 0.29625 0.61875 0.30625 0.62375 0.30625 0.62375 0.29625
2 0.62625 0.28625 0.61875 0.28625 0.61875 0.29874999999999996 0.62625 0.29874999999999996 0.62625 0.28625
2 0.6287499999999999 0.31875 0.62375 0.31875 0.62375 0.33375 0.6287499999999999 0.33375 0.6287499999999999 0.31875
2 0.6212500000000001 0.33875 0.61375 0.33875 0.61375 0.35375 0.6212500000000001 0.35375 0.6212500000000001 0.33875
2 0.61625 0.34125 0.61125 0.34125 0.61125 0.35375 0.61625 0.35375 0.61625 0.34125
2 0.625 0.27749999999999997 0.62 0.27749999999999997 0.62 0.2875 0.625 0.2875 0.625 0.27749999999999997
5 0.74 0.3075 0.7224999999999999 0.3075 0.7224999999999999 0.32999999999999996 0.74 0.32999999999999996 0.74 0.3075
5 0.77125 0.35875 0.73625 0.35875 0.73625 0.38125 0.77125 0.38125 0.77125 0.35875
5 0.7837500000000001 0.3825 0.74125 0.3825 0.74125 0.40499999999999997 0.7837500000000001 0.40499999999999997 0.7837500000000001 0.3825
5 0.7625 0.4175 0.73 0.4175 0.73 0.44749999999999995 0.7625 0.44749999999999995 0.7625 0.4175
5 0.765 0.44625000000000004 0.7150000000000001 0.44625000000000004 0.7150000000000001 0.47625 0.765 0.47625 0.765 0.44625000000000004
5 0.65 0.42374999999999996 0.6224999999999999 0.42374999999999996 0.6224999999999999 0.45875000000000005 0.65 0.45875000000000005 0.65 0.42374999999999996
5 0.6587500000000001 0.46375 0.6287499999999999 0.46375 0.6287499999999999 0.49874999999999997 0.6587500000000001 0.49874999999999997 0.6587500000000001 0.46375
5 0.6599999999999999 0.5025000000000001 0.6325000000000001 0.5025000000000001 0.6325000000000001 0.5425 0.6599999999999999 0.5425 0.6599999999999999 0.5025000000000001
5 0.60875 0.43875000000000003 0.57875 0.43875000000000003 0.57875 0.46875 0.60875 0.46875 0.60875 0.43875000000000003
5 0.6212500000000001 0.48624999999999996 0.58875 0.48624999999999996 0.58875 0.5237499999999999 0.6212500000000001 0.5237499999999999 0.6212500000000001 0.48624999999999996
5 0.54875 0.47874999999999995 0.52125 0.47874999999999995 0.52125 0.51125 0.54875 0.51125 0.54875 0.47874999999999995
2 0.63375 0.41375 0.62625 0.41375 0.62625 0.42874999999999996 0.63375 0.42874999999999996 0.63375 0.41375
2 0.68875 0.31875 0.6837500000000001 0.31875 0.6837500000000001 0.33125 0.68875 0.33125 0.68875 0.31875
5 0.83625 0.5875 0.75875 0.5875 0.75875 0.6375 0.83625 0.6375 0.83625 0.5875