5 0.4425 0.59875 0.4025 0.59875 0.4025 0.67375 0.4425 0.67375 0.4425 0.59875
5 0.5525 0.5900000000000001 0.5125 0.5900000000000001 0.5125 0.6599999999999999 0.5525 0.6599999999999999 0.5525 0.5900000000000001
5 0.26875 0.58875 0.21375000000000002 0.58875 0.21375000000000002 0.67375 0.26875 0.67375 0.26875 0.58875
5 0.445 0.43375 0.4175 0.43375 0.4175 0.48125 0.445 0.48125 0.445 0.43375
5 0.45625 0.35125 0.43375 0.35125 0.43375 0.39125 0.45625 0.39125 0.45625 0.35125
5 0.45875000000000005 0.2925 0.44125 0.2925 0.44125 0.32 0.45875000000000005 0.32 0.45875000000000005 0.2925
5 0.4525 0.24625 0.43499999999999994 0.24625 0.43499999999999994 0.26625 0.4525 0.26625 0.4525 0.24625
5 0.4625 0.22625 0.44749999999999995 0.22625 0.44749999999999995 0.24375 0.4625 0.24375 0.4625 0.22625
5 0.4325 0.22125 0.42000000000000004 0.22125 0.42000000000000004 0.24125000000000002 0.4325 0.24125000000000002 0.4325 0.22125
5 0.45999999999999996 0.20125 0.45 0.20125 0.45 0.21625 0.45999999999999996 0.21625 0.45999999999999996 0.20125
5 0.4325 0.17250000000000001 0.4225 0.17250000000000001 0.4225 0.19 0.4325 0.19 0.4325 0.17250000000000001
2 0.47874999999999995 0.5387500000000001 0.47125000000000006 0.5387500000000001 0.47125000000000006 0.56125 0.47874999999999995 0.56125 0.47874999999999995 0.5387500000000001
5 0.5349999999999999 0.44749999999999995 0.5175 0.44749999999999995 0.5175 0.47750000000000004 0.5349999999999999 0.47750000000000004 0.5349999999999999 0.44749999999999995
5 0.525 0.41624999999999995 0.505 0.41624999999999995 0.505 0.44625000000000004 0.525 0.44625000000000004 0.525 0.41624999999999995
5 0.50125 0.34125 0.47874999999999995 0.34125 0.47874999999999995 0.36875 0.50125 0.36875 0.50125 0.34125
5 0.5025000000000001 0.27375 0.485 0.27375 0.485 0.29625 0.5025000000000001 0.29625 0.5025000000000001 0.27375
2 0.48250000000000004 0.27375 0.47750000000000004 0.27375 0.47750000000000004 0.28625 0.48250000000000004 0.28625 0.48250000000000004 0.27375
5 0.36 0.30874999999999997 0.3325 0.30874999999999997 0.3325 0.32875 0.36 0.32875 0.36 0.30874999999999997
5 0.49625 0.24375 0.48125 0.24375 0.48125 0.25875 0.49625 0.25875 0.49625 0.24375
5 0.38625 0.23625 0.36625 0.23625 0.36625 0.26125 0.38625 0.26125 0.38625 0.23625
5 0.47750000000000004 0.18 0.465 0.18 0.465 0.195 0.47750000000000004 0.195 0.47750000000000004 0.18
5 0.45499999999999996 0.1775 0.445 0.1775 0.445 0.19 0.45499999999999996 0.19 0.45499999999999996 0.1775
5 0.45499999999999996 0.16875 0.445 0.16875 0.445 0.17875000000000002 0.45499999999999996 0.17875000000000002 0.45499999999999996 0.16875
5 0.45499999999999996 0.14875 0.4325 0.14875 0.4325 0.15875 0.45499999999999996 0.15875 0.45499999999999996 0.14875