2 0.6325000000000001 0.62625 0.62 0.62625 0.62 0.65125 0.6325000000000001 0.65125 0.6325000000000001 0.62625
2 0.63625 0.6125 0.6212500000000001 0.6125 0.6212500000000001 0.64 0.63625 0.64 0.63625 0.6125
2 0.5025000000000001 0.58875 0.485 0.58875 0.485 0.62375 0.5025000000000001 0.62375 0.5025000000000001 0.58875
2 0.5549999999999999 0.61 0.5425 0.61 0.5425 0.6375 0.5549999999999999 0.6375 0.5549999999999999 0.61
2 0.5599999999999999 0.6012500000000001 0.545 0.6012500000000001 0.545 0.63875 0.5599999999999999 0.63875 0.5599999999999999 0.6012500000000001
2 0.72 0.53625 0.705 0.53625 0.705 0.55625 0.72 0.55625 0.72 0.53625
2 0.7224999999999999 0.5275000000000001 0.7025 0.5275000000000001 0.7025 0.5599999999999999 0.7224999999999999 0.5599999999999999 0.7224999999999999 0.5275000000000001
2 0.6325000000000001 0.3975 0.625 0.3975 0.625 0.41500000000000004 0.6325000000000001 0.41500000000000004 0.6325000000000001 0.3975
2 0.62375 0.37875000000000003 0.61625 0.37875000000000003 0.61625 0.39625 0.62375 0.39625 0.62375 0.37875000000000003
2 0.6425 0.3625 0.6325000000000001 0.3625 0.6325000000000001 0.38 0.6425 0.38 0.6425 0.3625
2 0.6799999999999999 0.3975 0.6725 0.3975 0.6725 0.41500000000000004 0.6799999999999999 0.41500000000000004 0.6799999999999999 0.3975
2 0.69875 0.3525 0.69375 0.3525 0.69375 0.3725 0.69875 0.3725 0.69875 0.3525
2 0.51125 0.6575 0.49375 0.6575 0.49375 0.675 0.51125 0.675 0.51125 0.6575
2 0.64375 0.3225 0.63875 0.3225 0.63875 0.3375 0.64375 0.3375 0.64375 0.3225
2 0.71875 0.38 0.7112499999999999 0.38 0.7112499999999999 0.39249999999999996 0.71875 0.39249999999999996 0.71875 0.38
5 0.64125 0.315 0.60625 0.315 0.60625 0.3325 0.64125 0.3325 0.64125 0.315
5 0.64375 0.3 0.60625 0.3 0.60625 0.315 0.64375 0.315 0.64375 0.3
5 0.68875 0.26625 0.67375 0.26625 0.67375 0.27875 0.68875 0.27875 0.68875 0.26625
5 0.675 0.24375 0.665 0.24375 0.665 0.25375000000000003 0.675 0.25375000000000003 0.675 0.24375
5 0.73625 0.325 0.7162499999999999 0.325 0.7162499999999999 0.34500000000000003 0.73625 0.34500000000000003 0.73625 0.325
5 0.7 0.3325 0.6849999999999999 0.3325 0.6849999999999999 0.35 0.7 0.35 0.7 0.3325
5 0.73125 0.34500000000000003 0.70125 0.34500000000000003 0.70125 0.37 0.73125 0.37 0.73125 0.34500000000000003
2 0.735 0.39249999999999996 0.7275 0.39249999999999996 0.7275 0.4125 0.735 0.4125 0.735 0.39249999999999996
2 0.16499999999999998 0.37374999999999997 0.1575 0.37374999999999997 0.1575 0.39625 0.16499999999999998 0.39625 0.16499999999999998 0.37374999999999997
5 0.67875 0.49124999999999996 0.63625 0.49124999999999996 0.63625 0.5387500000000001 0.67875 0.5387500000000001 0.67875 0.49124999999999996