5 0.5675 0.49625 0.52 0.49625 0.52 0.55375 0.5675 0.55375 0.5675 0.49625
5 0.625 0.43 0.5825 0.43 0.5825 0.48250000000000004 0.625 0.48250000000000004 0.625 0.43
5 0.58 0.3775 0.5549999999999999 0.3775 0.5549999999999999 0.40750000000000003 0.58 0.40750000000000003 0.58 0.3775
5 0.6799999999999999 0.31124999999999997 0.665 0.31124999999999997 0.665 0.32375 0.6799999999999999 0.32375 0.6799999999999999 0.31124999999999997
5 0.7162499999999999 0.3725 0.6587500000000001 0.3725 0.6587500000000001 0.45 0.7162499999999999 0.45 0.7162499999999999 0.3725
5 0.8800000000000001 0.48875 0.845 0.48875 0.845 0.53125 0.8800000000000001 0.53125 0.8800000000000001 0.48875
2 0.43875000000000003 0.42750000000000005 0.42625 0.42750000000000005 0.42625 0.4575 0.43875000000000003 0.4575 0.43875000000000003 0.42750000000000005
2 0.44875 0.42125 0.43624999999999997 0.42125 0.43624999999999997 0.43624999999999997 0.44875 0.43624999999999997 0.44875 0.42125
2 0.495 0.43624999999999997 0.48 0.43624999999999997 0.48 0.46624999999999994 0.495 0.46624999999999994 0.495 0.43624999999999997
2 0.51625 0.38875000000000004 0.50875 0.38875000000000004 0.50875 0.40875000000000006 0.51625 0.40875000000000006 0.51625 0.38875000000000004
2 0.5125 0.36124999999999996 0.5075000000000001 0.36124999999999996 0.5075000000000001 0.37374999999999997 0.5125 0.37374999999999997 0.5125 0.36124999999999996
2 0.54625 0.32 0.54125 0.32 0.54125 0.32999999999999996 0.54625 0.32999999999999996 0.54625 0.32
2 0.55375 0.31 0.55125 0.31 0.55125 0.3175 0.55375 0.3175 0.55375 0.31
2 0.57125 0.31 0.56875 0.31 0.56875 0.3175 0.57125 0.3175 0.57125 0.31
2 0.7787499999999999 0.41125 0.76875 0.41125 0.76875 0.43375 0.7787499999999999 0.43375 0.7787499999999999 0.41125
2 0.865 0.48624999999999996 0.8474999999999999 0.48624999999999996 0.8474999999999999 0.51125 0.865 0.51125 0.865 0.48624999999999996
2 0.8550000000000001 0.4525 0.8425 0.4525 0.8425 0.475 0.8550000000000001 0.475 0.8550000000000001 0.4525
2 0.8525 0.445 0.8425 0.445 0.8425 0.47000000000000003 0.8525 0.47000000000000003 0.8525 0.445
2 0.75 0.35125 0.7424999999999999 0.35125 0.7424999999999999 0.36625 0.75 0.36625 0.75 0.35125
2 0.72875 0.35 0.7212500000000001 0.35 0.7212500000000001 0.3675 0.72875 0.3675 0.72875 0.35
2 0.73125 0.33875 0.7212500000000001 0.33875 0.7212500000000001 0.35125 0.73125 0.35125 0.73125 0.33875
2 0.6912499999999999 0.29874999999999996 0.68625 0.29874999999999996 0.68625 0.30874999999999997 0.6912499999999999 0.30874999999999997 0.6912499999999999 0.29874999999999996
2 0.7 0.3075 0.6950000000000001 0.3075 0.6950000000000001 0.315 0.7 0.315 0.7 0.3075
2 0.70625 0.31 0.70125 0.31 0.70125 0.315 0.70625 0.315 0.70625 0.31
2 0.7075 0.32375 0.7025 0.32375 0.7025 0.33125 0.7075 0.33125 0.7075 0.32375
2 0.885 0.40750000000000003 0.8800000000000001 0.40750000000000003 0.8800000000000001 0.4125 0.885 0.4125 0.885 0.40750000000000003
2 0.85625 0.36875 0.8487500000000001 0.36875 0.8487500000000001 0.39375 0.85625 0.39375 0.85625 0.36875
2 0.8862500000000001 0.39125 0.8787499999999999 0.39125 0.8787499999999999 0.41375 0.8862500000000001 0.41375 0.8862500000000001 0.39125
5 0.8975 0.365 0.8574999999999999 0.365 0.8574999999999999 0.3975 0.8975 0.3975 0.8975 0.365