2 0.3975 0.55 0.385 0.55 0.385 0.5900000000000001 0.3975 0.5900000000000001 0.3975 0.55
2 0.3975 0.5525 0.3875 0.5525 0.3875 0.5700000000000001 0.3975 0.5700000000000001 0.3975 0.5525
2 0.36625 0.55625 0.34625 0.55625 0.34625 0.58875 0.36625 0.58875 0.36625 0.55625
2 0.37374999999999997 0.5525 0.35125 0.5525 0.35125 0.5925 0.37374999999999997 0.5925 0.37374999999999997 0.5525
2 0.37625000000000003 0.56875 0.34625 0.56875 0.34625 0.59875 0.37625000000000003 0.59875 0.37625000000000003 0.56875
5 0.31875 0.4575 0.27375 0.4575 0.27375 0.5075000000000001 0.31875 0.5075000000000001 0.31875 0.4575
2 0.2475 0.5025000000000001 0.23500000000000001 0.5025000000000001 0.23500000000000001 0.525 0.2475 0.525 0.2475 0.5025000000000001
5 0.3525 0.48375 0.3175 0.48375 0.3175 0.53125 0.3525 0.53125 0.3525 0.48375
2 0.37374999999999997 0.48875 0.36124999999999996 0.48875 0.36124999999999996 0.50625 0.37374999999999997 0.50625 0.37374999999999997 0.48875
2 0.3875 0.47874999999999995 0.375 0.47874999999999995 0.375 0.50125 0.3875 0.50125 0.3875 0.47874999999999995
2 0.36875 0.47000000000000003 0.35625 0.47000000000000003 0.35625 0.49749999999999994 0.36875 0.49749999999999994 0.36875 0.47000000000000003
2 0.335 0.45999999999999996 0.32 0.45999999999999996 0.32 0.48 0.335 0.48 0.335 0.45999999999999996
5 0.42374999999999996 0.4375 0.39125 0.4375 0.39125 0.475 0.42374999999999996 0.475 0.42374999999999996 0.4375
5 0.475 0.4 0.4175 0.4 0.4175 0.44000000000000006 0.475 0.44000000000000006 0.475 0.4
2 0.485 0.45375 0.47000000000000003 0.45375 0.47000000000000003 0.47625 0.485 0.47625 0.485 0.45375
2 0.525 0.41875 0.515 0.41875 0.515 0.43875000000000003 0.525 0.43875000000000003 0.525 0.41875
2 0.50875 0.41624999999999995 0.49625 0.41624999999999995 0.49625 0.43125 0.50875 0.43125 0.50875 0.41624999999999995
2 0.51375 0.39 0.5037499999999999 0.39 0.5037499999999999 0.40499999999999997 0.51375 0.40499999999999997 0.51375 0.39
2 0.615 0.44000000000000006 0.5974999999999999 0.44000000000000006 0.5974999999999999 0.4575 0.615 0.4575 0.615 0.44000000000000006
2 0.615 0.43499999999999994 0.6025 0.43499999999999994 0.6025 0.4525 0.615 0.4525 0.615 0.43499999999999994
2 0.64 0.43624999999999997 0.625 0.43624999999999997 0.625 0.45875000000000005 0.64 0.45875000000000005 0.64 0.43624999999999997
2 0.63625 0.42125 0.62625 0.42125 0.62625 0.43375 0.63625 0.43375 0.63625 0.42125
2 0.63875 0.335 0.6287499999999999 0.335 0.6287499999999999 0.34500000000000003 0.63875 0.34500000000000003 0.63875 0.335
2 0.63625 0.3325 0.63125 0.3325 0.63125 0.34500000000000003 0.63625 0.34500000000000003 0.63625 0.3325
2 0.63625 0.61375 0.61125 0.61375 0.61125 0.65625 0.63625 0.65625 0.63625 0.61375
2 0.63625 0.625 0.61875 0.625 0.61875 0.655 0.63625 0.655 0.63625 0.625
2 0.0975 0.54 0.075 0.54 0.075 0.5775 0.0975 0.5775 0.0975 0.54
2 0.09875 0.5125 0.08625000000000001 0.5125 0.08625000000000001 0.5375 0.09875 0.5375 0.09875 0.5125
5 0.215 0.46875 0.14750000000000002 0.46875 0.14750000000000002 0.51875 0.215 0.51875 0.215 0.46875
2 0.16499999999999998 0.5900000000000001 0.145 0.5900000000000001 0.145 0.625 0.16499999999999998 0.625 0.16499999999999998 0.5900000000000001
2 0.93875 0.6487499999999999 0.92125 0.6487499999999999 0.92125 0.67375 0.93875 0.67375 0.93875 0.6487499999999999
2 0.98375 0.6475 0.9637499999999999 0.6475 0.9637499999999999 0.6725 0.98375 0.6725 0.98375 0.6475
2 0.86 0.61125 0.8375 0.61125 0.8375 0.64375 0.86 0.64375 0.86 0.61125
2 0.8225 0.61 0.805 0.61 0.805 0.6325000000000001 0.8225 0.6325000000000001 0.8225 0.61
2 0.76875 0.5625 0.75125 0.5625 0.75125 0.5775 0.76875 0.5775 0.76875 0.5625
2 0.76375 0.58 0.7462500000000001 0.58 0.7462500000000001 0.6174999999999999 0.76375 0.6174999999999999 0.76375 0.58
2 0.7474999999999999 0.5700000000000001 0.725 0.5700000000000001 0.725 0.61 0.7474999999999999 0.61 0.7474999999999999 0.5700000000000001
2 0.72 0.5662499999999999 0.705 0.5662499999999999 0.705 0.60625 0.72 0.60625 0.72 0.5662499999999999
2 0.7125 0.55375 0.6950000000000001 0.55375 0.6950000000000001 0.59375 0.7125 0.59375 0.7125 0.55375
2 0.66875 0.5387500000000001 0.65625 0.5387500000000001 0.65625 0.57125 0.66875 0.57125 0.66875 0.5387500000000001
2 0.69375 0.5225 0.68125 0.5225 0.68125 0.5549999999999999 0.69375 0.5549999999999999 0.69375 0.5225
2 0.69875 0.53125 0.68625 0.53125 0.68625 0.55125 0.69875 0.55125 0.69875 0.53125
2 0.70875 0.52625 0.69625 0.52625 0.69625 0.5587500000000001 0.70875 0.5587500000000001 0.70875 0.52625
2 0.735 0.55125 0.72 0.55125 0.72 0.56875 0.735 0.56875 0.735 0.55125
2 0.735 0.5387500000000001 0.72 0.5387500000000001 0.72 0.56875 0.735 0.56875 0.735 0.5387500000000001
2 0.76125 0.5337500000000001 0.7537499999999999 0.5337500000000001 0.7537499999999999 0.55625 0.76125 0.55625 0.76125 0.5337500000000001
2 0.75625 0.515 0.74125 0.515 0.74125 0.5425 0.75625 0.5425 0.75625 0.515
5 0.85375 0.51625 0.8012499999999999 0.51625 0.8012499999999999 0.57125 0.85375 0.57125 0.85375 0.51625
5 0.81875 0.5875 0.7787499999999999 0.5875 0.7787499999999999 0.64 0.81875 0.64 0.81875 0.5875
2 0.67375 0.47375 0.66125 0.47375 0.66125 0.50125 0.67375 0.50125 0.67375 0.47375
2 0.66625 0.47000000000000003 0.6537499999999999 0.47000000000000003 0.6537499999999999 0.49749999999999994 0.66625 0.49749999999999994 0.66625 0.47000000000000003
2 0.67875 0.4575 0.66625 0.4575 0.66625 0.485 0.67875 0.485 0.67875 0.4575
2 0.66625 0.45375 0.65625 0.45375 0.65625 0.48125 0.66625 0.48125 0.66625 0.45375
2 0.71875 0.4725 0.70625 0.4725 0.70625 0.4925 0.71875 0.4925 0.71875 0.4725
5 0.8012499999999999 0.585 0.75875 0.585 0.75875 0.6275000000000001 0.8012499999999999 0.6275000000000001 0.8012499999999999 0.585
5 0.7887500000000001 0.575 0.73875 0.575 0.73875 0.61 0.7887500000000001 0.61 0.7887500000000001 0.575
5 0.7875 0.54875 0.71 0.54875 0.71 0.5862499999999999 0.7875 0.5862499999999999 0.7875 0.54875
5 0.765 0.5237499999999999 0.705 0.5237499999999999 0.705 0.55375 0.765 0.55375 0.765 0.5237499999999999
5 0.73625 0.47750000000000004 0.67375 0.47750000000000004 0.67375 0.5025000000000001 0.73625 0.5025000000000001 0.73625 0.47750000000000004
5 0.725 0.4225 0.7 0.4225 0.7 0.4575 0.725 0.4575 0.725 0.4225
5 0.7075 0.42750000000000005 0.6625 0.42750000000000005 0.6625 0.45999999999999996 0.7075 0.45999999999999996 0.7075 0.42750000000000005
5 0.6950000000000001 0.4225 0.6575 0.4225 0.6575 0.4425 0.6950000000000001 0.4425 0.6950000000000001 0.4225
2 0.6537499999999999 0.42000000000000004 0.64375 0.42000000000000004 0.64375 0.445 0.6537499999999999 0.445 0.6537499999999999 0.42000000000000004
2 0.6725 0.41500000000000004 0.665 0.41500000000000004 0.665 0.43499999999999994 0.6725 0.43499999999999994 0.6725 0.41500000000000004
5 0.6025 0.31625000000000003 0.585 0.31625000000000003 0.585 0.33375 0.6025 0.33375 0.6025 0.31625000000000003
2 0.56875 0.34500000000000003 0.56125 0.34500000000000003 0.56125 0.35750000000000004 0.56875 0.35750000000000004 0.56875 0.34500000000000003
5 0.57375 0.3375 0.55625 0.3375 0.55625 0.3625 0.57375 0.3625 0.57375 0.3375
2 0.55125 0.33375 0.54375 0.33375 0.54375 0.34375 0.55125 0.34375 0.55125 0.33375
2 0.6075 0.305 0.6 0.305 0.6 0.315 0.6075 0.315 0.6075 0.305
5 0.62375 0.30125 0.61375 0.30125 0.61375 0.31875 0.62375 0.31875 0.62375 0.30125
2 0.5700000000000001 0.325 0.5650000000000001 0.325 0.5650000000000001 0.32999999999999996 0.5700000000000001 0.32999999999999996 0.5700000000000001 0.325
2 0.5650000000000001 0.3075 0.5599999999999999 0.3075 0.5599999999999999 0.315 0.5650000000000001 0.315 0.5650000000000001 0.3075
2 0.56375 0.2925 0.5587500000000001 0.2925 0.5587500000000001 0.3 0.56375 0.3 0.56375 0.2925
2 0.585 0.28500000000000003 0.5775 0.28500000000000003 0.5775 0.2925 0.585 0.2925 0.585 0.28500000000000003
2 0.5662499999999999 0.32125 0.5587500000000001 0.32125 0.5587500000000001 0.32875 0.5662499999999999 0.32875 0.5662499999999999 0.32125
5 0.61 0.39375 0.5825 0.39375 0.5825 0.42374999999999996 0.61 0.42374999999999996 0.61 0.39375
5 0.51125 0.4175 0.49375 0.4175 0.49375 0.4425 0.51125 0.4425 0.51125 0.4175