2 0.5175 0.8825 0.5075000000000001 0.8825 0.5075000000000001 0.9075 0.5175 0.9075 0.5175 0.8825
2 0.75875 0.845 0.7462500000000001 0.845 0.7462500000000001 0.8699999999999999 0.75875 0.8699999999999999 0.75875 0.845
5 0.615 0.79 0.5925 0.79 0.5925 0.825 0.615 0.825 0.615 0.79
5 0.515 0.82125 0.4225 0.82125 0.4225 0.86875 0.515 0.86875 0.515 0.82125
5 0.5325 0.7849999999999999 0.4625 0.7849999999999999 0.4625 0.825 0.5325 0.825 0.5325 0.7849999999999999
5 0.61 0.69625 0.575 0.69625 0.575 0.74125 0.61 0.74125 0.61 0.69625
5 0.9337500000000001 0.7175 0.88125 0.7175 0.88125 0.745 0.9337500000000001 0.745 0.9337500000000001 0.7175
5 0.99875 0.7212500000000001 0.9487500000000001 0.7212500000000001 0.9487500000000001 0.75125 0.99875 0.75125 0.99875 0.7212500000000001
2 0.96125 0.6837500000000001 0.95625 0.6837500000000001 0.95625 0.70375 0.96125 0.70375 0.96125 0.6837500000000001
5 0.8012499999999999 0.62375 0.78125 0.62375 0.78125 0.64625 0.8012499999999999 0.64625 0.8012499999999999 0.62375
2 0.85375 0.60375 0.85125 0.60375 0.85125 0.61875 0.85375 0.61875 0.85375 0.60375
2 0.8474999999999999 0.6012500000000001 0.8425 0.6012500000000001 0.8425 0.61875 0.8474999999999999 0.61875 0.8474999999999999 0.6012500000000001
5 0.8625 0.5825 0.82 0.5825 0.82 0.6 0.8625 0.6 0.8625 0.5825
5 0.8574999999999999 0.5625 0.8175000000000001 0.5625 0.8175000000000001 0.58 0.8574999999999999 0.58 0.8574999999999999 0.5625
5 0.85875 0.57625 0.82125 0.57625 0.82125 0.5912499999999999 0.85875 0.5912499999999999 0.85875 0.57625
5 0.91875 0.55 0.88125 0.55 0.88125 0.5650000000000001 0.91875 0.5650000000000001 0.91875 0.55
5 0.8925000000000001 0.54 0.8550000000000001 0.54 0.8550000000000001 0.5549999999999999 0.8925000000000001 0.5549999999999999 0.8925000000000001 0.54
5 0.69875 0.635 0.67875 0.635 0.67875 0.6575 0.69875 0.6575 0.69875 0.635
5 0.645 0.63 0.62 0.63 0.62 0.65 0.645 0.65 0.645 0.63
5 0.655 0.5862499999999999 0.6375 0.5862499999999999 0.6375 0.60625 0.655 0.60625 0.655 0.5862499999999999
5 0.6599999999999999 0.545 0.62 0.545 0.62 0.5599999999999999 0.6599999999999999 0.5599999999999999 0.6599999999999999 0.545
5 0.64125 0.5575 0.61625 0.5575 0.61625 0.5650000000000001 0.64125 0.5650000000000001 0.64125 0.5575
2 0.665 0.5425 0.6625 0.5425 0.6625 0.5599999999999999 0.665 0.5599999999999999 0.665 0.5425
2 0.69625 0.5387500000000001 0.6912499999999999 0.5387500000000001 0.6912499999999999 0.55375 0.69625 0.55375 0.69625 0.5387500000000001
5 0.6849999999999999 0.5325 0.67 0.5325 0.67 0.55 0.6849999999999999 0.55 0.6849999999999999 0.5325
2 0.7737499999999999 0.5349999999999999 0.76875 0.5349999999999999 0.76875 0.55 0.7737499999999999 0.55 0.7737499999999999 0.5349999999999999
5 0.795 0.5 0.7849999999999999 0.5 0.7849999999999999 0.5175 0.795 0.5175 0.795 0.5
5 0.7 0.49749999999999994 0.6849999999999999 0.49749999999999994 0.6849999999999999 0.51 0.7 0.51 0.7 0.49749999999999994
2 0.70375 0.5025000000000001 0.69875 0.5025000000000001 0.69875 0.515 0.70375 0.515 0.70375 0.5025000000000001
5 0.705 0.485 0.6925 0.485 0.6925 0.5025000000000001 0.705 0.5025000000000001 0.705 0.485
5 0.6925 0.48375 0.6625 0.48375 0.6625 0.49375 0.6925 0.49375 0.6925 0.48375
5 0.73 0.465 0.7125 0.465 0.7125 0.47750000000000004 0.73 0.47750000000000004 0.73 0.465
5 0.765 0.47375 0.75 0.47375 0.75 0.48875 0.765 0.48875 0.765 0.47375
5 0.70625 0.46624999999999994 0.67875 0.46624999999999994 0.67875 0.47625 0.70625 0.47625 0.70625 0.46624999999999994
5 0.85 0.44375 0.825 0.44375 0.825 0.45125000000000004 0.85 0.45125000000000004 0.85 0.44375
5 0.8699999999999999 0.4425 0.8550000000000001 0.4425 0.8550000000000001 0.4525 0.8699999999999999 0.4525 0.8699999999999999 0.4425
5 0.795 0.465 0.78 0.465 0.78 0.475 0.795 0.475 0.795 0.465
5 0.7212500000000001 0.395 0.71375 0.395 0.71375 0.4 0.7212500000000001 0.4 0.7212500000000001 0.395
5 0.74 0.39249999999999996 0.7325 0.39249999999999996 0.7325 0.4 0.74 0.4 0.74 0.39249999999999996
5 0.7625 0.3975 0.7525000000000001 0.3975 0.7525000000000001 0.40499999999999997 0.7625 0.40499999999999997 0.7625 0.3975
5 0.76125 0.39249999999999996 0.7537499999999999 0.39249999999999996 0.7537499999999999 0.4 0.76125 0.4 0.76125 0.39249999999999996
5 0.7737499999999999 0.39125 0.76625 0.39125 0.76625 0.39875 0.7737499999999999 0.39875 0.7737499999999999 0.39125
5 0.7787499999999999 0.40750000000000003 0.77125 0.40750000000000003 0.77125 0.41500000000000004 0.7787499999999999 0.41500000000000004 0.7787499999999999 0.40750000000000003
5 0.7275 0.41125 0.7175 0.41125 0.7175 0.42125 0.7275 0.42125 0.7275 0.41125
5 0.7212500000000001 0.42000000000000004 0.70375 0.42000000000000004 0.70375 0.43 0.7212500000000001 0.43 0.7212500000000001 0.42000000000000004
5 0.7175 0.43499999999999994 0.7075 0.43499999999999994 0.7075 0.445 0.7175 0.445 0.7175 0.43499999999999994
5 0.7925 0.44625000000000004 0.7825 0.44625000000000004 0.7825 0.45625 0.7925 0.45625 0.7925 0.44625000000000004
2 0.7125 0.45499999999999996 0.7075 0.45499999999999996 0.7075 0.4625 0.7125 0.4625 0.7125 0.45499999999999996
2 0.71875 0.47750000000000004 0.7162499999999999 0.47750000000000004 0.7162499999999999 0.4875 0.71875 0.4875 0.71875 0.47750000000000004
2 0.725 0.43375 0.7224999999999999 0.43375 0.7224999999999999 0.44375 0.725 0.44375 0.725 0.43375
5 0.75125 0.3775 0.7462500000000001 0.3775 0.7462500000000001 0.38 0.75125 0.38 0.75125 0.3775
5 0.74125 0.38 0.73375 0.38 0.73375 0.385 0.74125 0.385 0.74125 0.38
5 0.7325 0.35625 0.7275 0.35625 0.7275 0.36124999999999996 0.7325 0.36124999999999996 0.7325 0.35625
5 0.73125 0.35 0.7262500000000001 0.35 0.7262500000000001 0.3525 0.73125 0.3525 0.73125 0.35
5 0.73875 0.37124999999999997 0.73375 0.37124999999999997 0.73375 0.37875000000000003 0.73875 0.37875000000000003 0.73875 0.37124999999999997
5 0.7675 0.36875 0.7625 0.36875 0.7625 0.37625000000000003 0.7675 0.37625000000000003 0.7675 0.36875
5 0.825 0.4225 0.8074999999999999 0.4225 0.8074999999999999 0.43 0.825 0.43 0.825 0.4225
5 0.8225 0.41125 0.8099999999999999 0.41125 0.8099999999999999 0.41624999999999995 0.8225 0.41624999999999995 0.8225 0.41125
2 0.81375 0.43499999999999994 0.81125 0.43499999999999994 0.81125 0.445 0.81375 0.445 0.81375 0.43499999999999994
2 0.8099999999999999 0.43624999999999997 0.8074999999999999 0.43624999999999997 0.8074999999999999 0.44375 0.8099999999999999 0.44375 0.8099999999999999 0.43624999999999997
2 0.85 0.43499999999999994 0.8474999999999999 0.43499999999999994 0.8474999999999999 0.4425 0.85 0.4425 0.85 0.43499999999999994
2 0.845 0.43499999999999994 0.8425 0.43499999999999994 0.8425 0.4425 0.845 0.4425 0.845 0.43499999999999994
2 0.8262499999999999 0.43624999999999997 0.82125 0.43624999999999997 0.82125 0.44625000000000004 0.8262499999999999 0.44625000000000004 0.8262499999999999 0.43624999999999997