5 0.10124999999999999 0.50875 0.03625 0.50875 0.03625 0.53625 0.10124999999999999 0.53625 0.10124999999999999 0.50875
5 0.31375000000000003 0.49749999999999994 0.25125000000000003 0.49749999999999994 0.25125000000000003 0.5225 0.31375000000000003 0.5225 0.31375000000000003 0.49749999999999994
2 0.18375 0.52 0.17875000000000002 0.52 0.17875000000000002 0.5425 0.18375 0.5425 0.18375 0.52
2 0.21875 0.5575 0.21125 0.5575 0.21125 0.585 0.21875 0.585 0.21875 0.5575
2 0.23625 0.56125 0.22625 0.56125 0.22625 0.58875 0.23625 0.58875 0.23625 0.56125
2 0.275 0.55125 0.26749999999999996 0.55125 0.26749999999999996 0.57625 0.275 0.57625 0.275 0.55125
5 0.28500000000000003 0.52125 0.24500000000000002 0.52125 0.24500000000000002 0.54125 0.28500000000000003 0.54125 0.28500000000000003 0.52125
2 0.2225 0.47125000000000006 0.215 0.47125000000000006 0.215 0.49625 0.2225 0.49625 0.2225 0.47125000000000006
5 0.49874999999999997 0.5725 0.46624999999999994 0.5725 0.46624999999999994 0.6174999999999999 0.49874999999999997 0.6174999999999999 0.49874999999999997 0.5725
5 0.5325 0.51375 0.47750000000000004 0.51375 0.47750000000000004 0.55375 0.5325 0.55375 0.5325 0.51375
5 0.3975 0.5125 0.37 0.5125 0.37 0.5525 0.3975 0.5525 0.3975 0.5125
2 0.41 0.54875 0.4 0.54875 0.4 0.56375 0.41 0.56375 0.41 0.54875
5 0.4125 0.46624999999999994 0.39249999999999996 0.46624999999999994 0.39249999999999996 0.49625 0.4125 0.49625 0.4125 0.46624999999999994
5 0.44875 0.4575 0.42625 0.4575 0.42625 0.49000000000000005 0.44875 0.49000000000000005 0.44875 0.4575
5 0.49749999999999994 0.43624999999999997 0.475 0.43624999999999997 0.475 0.46125 0.49749999999999994 0.46125 0.49749999999999994 0.43624999999999997
2 0.31875 0.47375 0.30874999999999997 0.47375 0.30874999999999997 0.49375 0.31875 0.49375 0.31875 0.47375
2 0.32125 0.43 0.31625000000000003 0.43 0.31625000000000003 0.445 0.32125 0.445 0.32125 0.43
2 0.33625 0.41875 0.32875 0.41875 0.32875 0.43875000000000003 0.33625 0.43875000000000003 0.33625 0.41875
2 0.34125 0.42000000000000004 0.33375 0.42000000000000004 0.33375 0.4375 0.34125 0.4375 0.34125 0.42000000000000004
2 0.38875000000000004 0.4375 0.38375 0.4375 0.38375 0.445 0.38875000000000004 0.445 0.38875000000000004 0.4375
2 0.40374999999999994 0.44125 0.39625 0.44125 0.39625 0.45375 0.40374999999999994 0.45375 0.40374999999999994 0.44125
5 0.40625 0.4425 0.39375 0.4425 0.39375 0.4625 0.40625 0.4625 0.40625 0.4425
5 0.44749999999999995 0.3975 0.42750000000000005 0.3975 0.42750000000000005 0.425 0.44749999999999995 0.425 0.44749999999999995 0.3975
2 0.385 0.425 0.38 0.425 0.38 0.4375 0.385 0.4375 0.385 0.425
2 0.38125 0.425 0.37374999999999997 0.425 0.37374999999999997 0.43499999999999994 0.38125 0.43499999999999994 0.38125 0.425
5 0.38875000000000004 0.39875 0.38125 0.39875 0.38125 0.41624999999999995 0.38875000000000004 0.41624999999999995 0.38875000000000004 0.39875
5 0.41875 0.385 0.40374999999999994 0.385 0.40374999999999994 0.40750000000000003 0.41875 0.40750000000000003 0.41875 0.385
5 0.48125 0.35625 0.46624999999999994 0.35625 0.46624999999999994 0.37374999999999997 0.48125 0.37374999999999997 0.48125 0.35625
5 0.47375 0.32375 0.46125 0.32375 0.46125 0.33625 0.47375 0.33625 0.47375 0.32375
5 0.515 0.36625 0.5 0.36625 0.5 0.38125 0.515 0.38125 0.515 0.36625
2 0.53 0.36625 0.525 0.36625 0.525 0.38125 0.53 0.38125 0.53 0.36625
2 0.42874999999999996 0.31124999999999997 0.42374999999999996 0.31124999999999997 0.42374999999999996 0.32375 0.42874999999999996 0.32375 0.42874999999999996 0.31124999999999997
5 0.495 0.2975 0.485 0.2975 0.485 0.31 0.495 0.31 0.495 0.2975
5 0.4525 0.27875 0.4425 0.27875 0.4425 0.28625 0.4525 0.28625 0.4525 0.27875
5 0.43375 0.2725 0.42374999999999996 0.2725 0.42374999999999996 0.27999999999999997 0.43375 0.27999999999999997 0.43375 0.2725
5 0.45125000000000004 0.26625 0.44375 0.26625 0.44375 0.27625 0.45125000000000004 0.27625 0.45125000000000004 0.26625
5 0.43875000000000003 0.26375000000000004 0.43125 0.26375000000000004 0.43125 0.27125 0.43875000000000003 0.27125 0.43875000000000003 0.26375000000000004
5 0.4625 0.26 0.4575 0.26 0.4575 0.265 0.4625 0.265 0.4625 0.26
2 0.4625 0.27375 0.45999999999999996 0.27375 0.45999999999999996 0.28375 0.4625 0.28375 0.4625 0.27375
5 0.45 0.2575 0.445 0.2575 0.445 0.2625 0.45 0.2625 0.45 0.2575
5 0.44875 0.25 0.44375 0.25 0.44375 0.255 0.44875 0.255 0.44875 0.25
5 0.465 0.2475 0.4575 0.2475 0.4575 0.26 0.465 0.26 0.465 0.2475
5 0.47625 0.26625 0.47125000000000006 0.26625 0.47125000000000006 0.27125 0.47625 0.27125 0.47625 0.26625
5 0.47874999999999995 0.26375000000000004 0.47125000000000006 0.26375000000000004 0.47125000000000006 0.26875 0.47874999999999995 0.26875 0.47874999999999995 0.26375000000000004
5 0.47750000000000004 0.26 0.47000000000000003 0.26 0.47000000000000003 0.265 0.47750000000000004 0.265 0.47750000000000004 0.26
5 0.47625 0.255 0.46875 0.255 0.46875 0.26 0.47625 0.26 0.47625 0.255
5 0.47375 0.25 0.46875 0.25 0.46875 0.2575 0.47375 0.2575 0.47375 0.25
5 0.475 0.2475 0.47000000000000003 0.2475 0.47000000000000003 0.2525 0.475 0.2525 0.475 0.2475
5 0.475 0.24375 0.47000000000000003 0.24375 0.47000000000000003 0.24874999999999997 0.475 0.24874999999999997 0.475 0.24375
5 0.44749999999999995 0.2375 0.44000000000000006 0.2375 0.44000000000000006 0.25 0.44749999999999995 0.25 0.44749999999999995 0.2375
5 0.4625 0.2425 0.4575 0.2425 0.4575 0.2475 0.4625 0.2475 0.4625 0.2425
5 0.465 0.23875000000000002 0.45999999999999996 0.23875000000000002 0.45999999999999996 0.24375 0.465 0.24375 0.465 0.23875000000000002
5 0.47375 0.2375 0.46875 0.2375 0.46875 0.2425 0.47375 0.2425 0.47375 0.2375
5 0.445 0.22875 0.44000000000000006 0.22875 0.44000000000000006 0.23374999999999999 0.445 0.23374999999999999 0.445 0.22875
5 0.45375 0.23625 0.45125000000000004 0.23625 0.45125000000000004 0.24125000000000002 0.45375 0.24125000000000002 0.45375 0.23625
5 0.45375 0.22625 0.44625000000000004 0.22625 0.44625000000000004 0.23625 0.45375 0.23625 0.45375 0.22625
5 0.46624999999999994 0.2325 0.45875000000000005 0.2325 0.45875000000000005 0.2375 0.46624999999999994 0.2375 0.46624999999999994 0.2325
5 0.46375 0.22999999999999998 0.45875000000000005 0.22999999999999998 0.45875000000000005 0.2375 0.46375 0.2375 0.46375 0.22999999999999998
5 0.46125 0.22749999999999998 0.45625 0.22749999999999998 0.45625 0.2325 0.46125 0.2325 0.46125 0.22749999999999998
5 0.46624999999999994 0.22125 0.45875000000000005 0.22125 0.45875000000000005 0.23125 0.46624999999999994 0.23125 0.46624999999999994 0.22125
5 0.4725 0.22125 0.46749999999999997 0.22125 0.46749999999999997 0.22625 0.4725 0.22625 0.4725 0.22125
5 0.47125000000000006 0.22749999999999998 0.46624999999999994 0.22749999999999998 0.46624999999999994 0.2325 0.47125000000000006 0.2325 0.47125000000000006 0.22749999999999998
5 0.09375 0.64375 0.03125 0.64375 0.03125 0.67375 0.09375 0.67375 0.09375 0.64375
5 0.44000000000000006 0.61625 0.4 0.61625 0.4 0.67375 0.44000000000000006 0.67375 0.44000000000000006 0.61625
5 0.6 0.64625 0.5525 0.64625 0.5525 0.67375 0.6 0.67375 0.6 0.64625
5 0.86625 0.5974999999999999 0.77625 0.5974999999999999 0.77625 0.6425 0.86625 0.6425 0.86625 0.5974999999999999
5 0.9 0.54875 0.835 0.54875 0.835 0.58125 0.9 0.58125 0.9 0.54875
5 0.755 0.51125 0.6925 0.51125 0.6925 0.54875 0.755 0.54875 0.755 0.51125
5 0.65625 0.49375 0.60875 0.49375 0.60875 0.5287499999999999 0.65625 0.5287499999999999 0.65625 0.49375
5 0.6075 0.47375 0.5700000000000001 0.47375 0.5700000000000001 0.50625 0.6075 0.50625 0.6075 0.47375
5 0.58875 0.445 0.54875 0.445 0.54875 0.475 0.58875 0.475 0.58875 0.445
2 0.68125 0.475 0.67125 0.475 0.67125 0.495 0.68125 0.495 0.68125 0.475
2 0.7175 0.485 0.7075 0.485 0.7075 0.5025000000000001 0.7175 0.5025000000000001 0.7175 0.485
2 0.74875 0.5 0.74125 0.5 0.74125 0.51 0.74875 0.51 0.74875 0.5
2 0.75625 0.495 0.74875 0.495 0.74875 0.5075000000000001 0.75625 0.5075000000000001 0.75625 0.495
2 0.7787499999999999 0.49749999999999994 0.76625 0.49749999999999994 0.76625 0.51 0.7787499999999999 0.51 0.7787499999999999 0.49749999999999994