5 0.41500000000000004 0.49625 0.375 0.49625 0.375 0.54875 0.41500000000000004 0.54875 0.41500000000000004 0.49625
5 0.43375 0.41375 0.40374999999999994 0.41375 0.40374999999999994 0.44875 0.43375 0.44875 0.43375 0.41375
5 0.5 0.41375 0.47000000000000003 0.41375 0.47000000000000003 0.44625000000000004 0.5 0.44625000000000004 0.5 0.41375
5 0.61125 0.49874999999999997 0.5662499999999999 0.49874999999999997 0.5662499999999999 0.55375 0.61125 0.55375 0.61125 0.49874999999999997
5 0.52125 0.3825 0.45875000000000005 0.3825 0.45875000000000005 0.41 0.52125 0.41 0.52125 0.3825
5 0.4925 0.3525 0.4375 0.3525 0.4375 0.3775 0.4925 0.3775 0.4925 0.3525
5 0.42874999999999996 0.30874999999999997 0.40625 0.30874999999999997 0.40625 0.32875 0.42874999999999996 0.32875 0.42874999999999996 0.30874999999999997
5 0.92125 0.4625 0.8487500000000001 0.4625 0.8487500000000001 0.5175 0.92125 0.5175 0.92125 0.4625
5 0.9925 0.46749999999999997 0.915 0.46749999999999997 0.915 0.5275000000000001 0.9925 0.5275000000000001 0.9925 0.46749999999999997
5 0.8275 0.325 0.77 0.325 0.77 0.34750000000000003 0.8275 0.34750000000000003 0.8275 0.325
5 0.8012499999999999 0.30625 0.74125 0.30625 0.74125 0.32875 0.8012499999999999 0.32875 0.8012499999999999 0.30625
5 0.67125 0.395 0.60875 0.395 0.60875 0.42000000000000004 0.67125 0.42000000000000004 0.67125 0.395
5 0.6900000000000001 0.38625 0.6375 0.38625 0.6375 0.41375 0.6900000000000001 0.41375 0.6900000000000001 0.38625
5 0.5925 0.40125 0.5375 0.40125 0.5375 0.43624999999999997 0.5925 0.43624999999999997 0.5925 0.40125
5 0.53 0.355 0.51 0.355 0.51 0.3825 0.53 0.3825 0.53 0.355
5 0.5225 0.29375 0.505 0.29375 0.505 0.31375000000000003 0.5225 0.31375000000000003 0.5225 0.29375
2 0.5 0.2975 0.4925 0.2975 0.4925 0.3125 0.5 0.3125 0.5 0.2975
5 0.12 0.5587500000000001 0.045 0.5587500000000001 0.045 0.63875 0.12 0.63875 0.12 0.5587500000000001
5 0 0.53625 0.07375000000000001 0.53625 0.07375000000000001 0.49375 0 0.49375 0 0.53625
5 0.10625 0.4525 0.026250000000000002 0.4525 0.026250000000000002 0.4925 0.10625 0.4925 0.10625 0.4525
5 0.16 0.43125 0.09 0.43125 0.09 0.46125 0.16 0.46125 0.16 0.43125
5 0.2225 0.41 0.1825 0.41 0.1825 0.4575 0.2225 0.4575 0.2225 0.41
5 0.25 0.38 0.215 0.38 0.215 0.4175 0.25 0.4175 0.25 0.38
5 0.26875 0.34500000000000003 0.23875000000000002 0.34500000000000003 0.23875000000000002 0.3775 0.26875 0.3775 0.26875 0.34500000000000003
5 0.29874999999999996 0.27999999999999997 0.26625 0.27999999999999997 0.26625 0.3075 0.29874999999999996 0.3075 0.29874999999999996 0.27999999999999997
5 0.35125 0.2425 0.33875 0.2425 0.33875 0.2575 0.35125 0.2575 0.35125 0.2425
5 0.365 0.225 0.3525 0.225 0.3525 0.2375 0.365 0.2375 0.365 0.225
5 0.31124999999999997 0.25375000000000003 0.29874999999999996 0.25375000000000003 0.29874999999999996 0.26625 0.31124999999999997 0.26625 0.31124999999999997 0.25375000000000003
5 0.2925 0.24500000000000002 0.2725 0.24500000000000002 0.2725 0.2575 0.2925 0.2575 0.2925 0.24500000000000002
2 0.26375000000000004 0.25 0.25875 0.25 0.25875 0.265 0.26375000000000004 0.265 0.26375000000000004 0.25
5 0.34875 0.21749999999999997 0.32125 0.21749999999999997 0.32125 0.22749999999999998 0.34875 0.22749999999999998 0.34875 0.21749999999999997
5 0.4325 0.15875 0.425 0.15875 0.425 0.16375 0.4325 0.16375 0.4325 0.15875
5 0.5525 0.21125 0.5275000000000001 0.21125 0.5275000000000001 0.21875 0.5525 0.21875 0.5525 0.21125
5 0.575 0.21625 0.5575 0.21625 0.5575 0.22625 0.575 0.22625 0.575 0.21625
5 0.54875 0.20125 0.5237499999999999 0.20125 0.5237499999999999 0.21125 0.54875 0.21125 0.54875 0.20125
5 0.50125 0.20375000000000001 0.49375 0.20375000000000001 0.49375 0.21375000000000002 0.50125 0.21375000000000002 0.50125 0.20375000000000001
5 0.5 0.1975 0.49000000000000005 0.1975 0.49000000000000005 0.205 0.5 0.205 0.5 0.1975
5 0.49625 0.19 0.48875 0.19 0.48875 0.1975 0.49625 0.1975 0.49625 0.19
5 0.4925 0.185 0.485 0.185 0.485 0.1925 0.4925 0.1925 0.4925 0.185
5 0.48375 0.1775 0.47874999999999995 0.1775 0.47874999999999995 0.1825 0.48375 0.1825 0.48375 0.1775
5 0.48875 0.17250000000000001 0.48375 0.17250000000000001 0.48375 0.18 0.48875 0.18 0.48875 0.17250000000000001
5 0.49000000000000005 0.16875 0.48250000000000004 0.16875 0.48250000000000004 0.17375000000000002 0.49000000000000005 0.17375000000000002 0.49000000000000005 0.16875
5 0.48624999999999996 0.1625 0.48125 0.1625 0.48125 0.16999999999999998 0.48624999999999996 0.16999999999999998 0.48624999999999996 0.1625
5 0.48624999999999996 0.1575 0.48125 0.1575 0.48125 0.1625 0.48624999999999996 0.1625 0.48624999999999996 0.1575
5 0.46875 0.1575 0.46375 0.1575 0.46375 0.1625 0.46875 0.1625 0.46875 0.1575
5 0.45499999999999996 0.14625 0.45 0.14625 0.45 0.15125 0.45499999999999996 0.15125 0.45499999999999996 0.14625
5 0.44000000000000006 0.1525 0.43499999999999994 0.1525 0.43499999999999994 0.1575 0.44000000000000006 0.1575 0.44000000000000006 0.1525
5 0.4625 0.1875 0.4575 0.1875 0.4575 0.1975 0.4625 0.1975 0.4625 0.1875
5 0.5025000000000001 0.2325 0.49749999999999994 0.2325 0.49749999999999994 0.24500000000000002 0.5025000000000001 0.24500000000000002 0.5025000000000001 0.2325
5 0.39249999999999996 0.18625 0.385 0.18625 0.385 0.19375 0.39249999999999996 0.19375 0.39249999999999996 0.18625
5 0.35375 0.20625 0.34125 0.20625 0.34125 0.21625 0.35375 0.21625 0.35375 0.20625
5 0.36124999999999996 0.20375000000000001 0.34375 0.20375000000000001 0.34375 0.20875 0.36124999999999996 0.20875 0.36124999999999996 0.20375000000000001
5 0.3625 0.19875 0.34249999999999997 0.19875 0.34249999999999997 0.20625 0.3625 0.20625 0.3625 0.19875
5 0.39375 0.17875000000000002 0.38625 0.17875000000000002 0.38625 0.18625 0.39375 0.18625 0.39375 0.17875000000000002
5 0.40125 0.16999999999999998 0.39375 0.16999999999999998 0.39375 0.175 0.40125 0.175 0.40125 0.16999999999999998
5 0.40750000000000003 0.16375 0.4 0.16375 0.4 0.16875 0.40750000000000003 0.16875 0.40750000000000003 0.16375
5 0.4125 0.15625 0.40499999999999997 0.15625 0.40499999999999997 0.16125 0.4125 0.16125 0.4125 0.15625
5 0.41624999999999995 0.15125 0.41125 0.15125 0.41125 0.15625 0.41624999999999995 0.15625 0.41624999999999995 0.15125
2 0.26375000000000004 0.27749999999999997 0.25875 0.27749999999999997 0.25875 0.29 0.26375000000000004 0.29 0.26375000000000004 0.27749999999999997
5 0.24874999999999997 0.32875 0.19875 0.32875 0.19875 0.34875 0.24874999999999997 0.34875 0.24874999999999997 0.32875
2 0.17250000000000001 0.5287499999999999 0.1575 0.5287499999999999 0.1575 0.56125 0.17250000000000001 0.56125 0.17250000000000001 0.5287499999999999
2 0.195 0.3825 0.185 0.3825 0.185 0.40499999999999997 0.195 0.40499999999999997 0.195 0.3825
5 0.99875 0.3825 0.97625 0.3825 0.97625 0.41 0.99875 0.41 0.99875 0.3825
5 0.9824999999999999 0.3375 0.9400000000000001 0.3375 0.9400000000000001 0.3625 0.9824999999999999 0.3625 0.9824999999999999 0.3375
5 0.9512499999999999 0.32875 0.89625 0.32875 0.89625 0.34875 0.9512499999999999 0.34875 0.9512499999999999 0.32875
5 0.9175000000000001 0.31875 0.8825 0.31875 0.8825 0.33625 0.9175000000000001 0.33625 0.9175000000000001 0.31875
5 0.915 0.31375000000000003 0.8699999999999999 0.31375000000000003 0.8699999999999999 0.32875 0.915 0.32875 0.915 0.31375000000000003
5 0.90625 0.3 0.85625 0.3 0.85625 0.3175 0.90625 0.3175 0.90625 0.3
5 0.88125 0.2925 0.83625 0.2925 0.83625 0.3075 0.88125 0.3075 0.88125 0.2925
5 0.85375 0.27999999999999997 0.8087500000000001 0.27999999999999997 0.8087500000000001 0.2925 0.85375 0.2925 0.85375 0.27999999999999997
5 0.8387499999999999 0.27 0.79625 0.27 0.79625 0.28500000000000003 0.8387499999999999 0.28500000000000003 0.8387499999999999 0.27
5 0.8237500000000001 0.26375000000000004 0.7837500000000001 0.26375000000000004 0.7837500000000001 0.27625 0.8237500000000001 0.27625 0.8237500000000001 0.26375000000000004
5 0.8012499999999999 0.25375000000000003 0.76375 0.25375000000000003 0.76375 0.26375000000000004 0.8012499999999999 0.26375000000000004 0.8012499999999999 0.25375000000000003
5 0.8425 0.2475 0.805 0.2475 0.805 0.26 0.8425 0.26 0.8425 0.2475
5 0.73625 0.24125000000000002 0.71875 0.24125000000000002 0.71875 0.25375000000000003 0.73625 0.25375000000000003 0.73625 0.24125000000000002
5 0.75625 0.24125000000000002 0.73875 0.24125000000000002 0.73875 0.25125000000000003 0.75625 0.25125000000000003 0.75625 0.24125000000000002
5 0.7837500000000001 0.23875000000000002 0.76375 0.23875000000000002 0.76375 0.25125000000000003 0.7837500000000001 0.25125000000000003 0.7837500000000001 0.23875000000000002
5 0.8012499999999999 0.24 0.78625 0.24 0.78625 0.25 0.8012499999999999 0.25 0.8012499999999999 0.24
5 0.71375 0.2525 0.67625 0.2525 0.67625 0.265 0.71375 0.265 0.71375 0.2525
5 0.72375 0.26125 0.6837500000000001 0.26125 0.6837500000000001 0.27125 0.72375 0.27125 0.72375 0.26125
5 0.73375 0.26625 0.6912499999999999 0.26625 0.6912499999999999 0.27625 0.73375 0.27625 0.73375 0.26625
5 0.73875 0.2725 0.70125 0.2725 0.70125 0.28500000000000003 0.73875 0.28500000000000003 0.73875 0.2725
5 0.7474999999999999 0.27999999999999997 0.7075 0.27999999999999997 0.7075 0.29 0.7474999999999999 0.29 0.7474999999999999 0.27999999999999997
5 0.7575000000000001 0.28500000000000003 0.7125 0.28500000000000003 0.7125 0.2975 0.7575000000000001 0.2975 0.7575000000000001 0.28500000000000003
5 0.7675 0.2925 0.72 0.2925 0.72 0.305 0.7675 0.305 0.7675 0.2925
5 0.7887500000000001 0.30625 0.73125 0.30625 0.73125 0.31875 0.7887500000000001 0.31875 0.7887500000000001 0.30625
5 0.67 0.25625 0.655 0.25625 0.655 0.27125 0.67 0.27125 0.67 0.25625
5 0.675 0.29874999999999996 0.6275000000000001 0.29874999999999996 0.6275000000000001 0.31375000000000003 0.675 0.31375000000000003 0.675 0.29874999999999996
5 0.655 0.29 0.615 0.29 0.615 0.305 0.655 0.305 0.655 0.29
5 0.6487499999999999 0.28375 0.60875 0.28375 0.60875 0.29625 0.6487499999999999 0.29625 0.6487499999999999 0.28375
5 0.645 0.27625 0.6075 0.27625 0.6075 0.28625 0.645 0.28625 0.645 0.27625
5 0.64625 0.2725 0.60375 0.2725 0.60375 0.28250000000000003 0.64625 0.28250000000000003 0.64625 0.2725
5 0.6475 0.265 0.61 0.265 0.61 0.275 0.6475 0.275 0.6475 0.265
2 0.58375 0.33125 0.57875 0.33125 0.57875 0.35125 0.58375 0.35125 0.58375 0.33125
5 0.6224999999999999 0.33875 0.5875 0.33875 0.5875 0.35625 0.6224999999999999 0.35625 0.6224999999999999 0.33875
2 0.60375 0.33875 0.5962500000000001 0.33875 0.5962500000000001 0.35375 0.60375 0.35375 0.60375 0.33875
2 0.55 0.3325 0.5425 0.3325 0.5425 0.34750000000000003 0.55 0.34750000000000003 0.55 0.3325