5 0.05125 0.93875 0.03375 0.93875 0.03375 0.95625 0.05125 0.95625 0.05125 0.93875
5 0.042499999999999996 0.8875 0.025 0.8875 0.025 0.9125 0.042499999999999996 0.9125 0.042499999999999996 0.8875
5 0 0.9075 0.01125 0.9075 0.01125 0.8825 0 0.8825 0 0.9075
5 0.12125 0.79875 0.10625 0.79875 0.10625 0.8162499999999999 0.12125 0.8162499999999999 0.12125 0.79875
5 0.07875 0.75875 0.061250000000000006 0.75875 0.061250000000000006 0.7737499999999999 0.07875 0.7737499999999999 0.07875 0.75875
5 0.1275 0.7675 0.1125 0.7675 0.1125 0.7849999999999999 0.1275 0.7849999999999999 0.1275 0.7675
5 0.14875 0.67625 0.13374999999999998 0.67625 0.13374999999999998 0.6912499999999999 0.14875 0.6912499999999999 0.14875 0.67625
5 0.35 0.9337500000000001 0.3275 0.9337500000000001 0.3275 0.95625 0.35 0.95625 0.35 0.9337500000000001
5 0.05500000000000001 0.8237500000000001 0.0375 0.8237500000000001 0.0375 0.8462500000000001 0.05500000000000001 0.8462500000000001 0.05500000000000001 0.8237500000000001
5 0.026250000000000002 0.85625 0.01125 0.85625 0.01125 0.88125 0.026250000000000002 0.88125 0.026250000000000002 0.85625
5 0.01625 0.82875 0.00125 0.82875 0.00125 0.85125 0.01625 0.85125 0.01625 0.82875
5 0.03875 0.7775000000000001 0.02375 0.7775000000000001 0.02375 0.8 0.03875 0.8 0.03875 0.7775000000000001
5 0.02 0.7875 0.005 0.7875 0.005 0.8074999999999999 0.02 0.8074999999999999 0.02 0.7875
5 0 0.825 0.01125 0.825 0.01125 0.8074999999999999 0 0.8074999999999999 0 0.825
5 0 0.735 0.0125 0.735 0.0125 0.7150000000000001 0 0.7150000000000001 0 0.735