5 0.10500000000000001 0.8087500000000001 0.05 0.8087500000000001 0.05 0.85375 0.10500000000000001 0.85375 0.10500000000000001 0.8087500000000001
5 0.13125 0.7462500000000001 0.09625 0.7462500000000001 0.09625 0.78625 0.13125 0.78625 0.13125 0.7462500000000001
5 0.11499999999999999 0.68875 0.08499999999999999 0.68875 0.08499999999999999 0.73125 0.11499999999999999 0.73125 0.11499999999999999 0.68875
5 0.11875 0.64125 0.08625000000000001 0.64125 0.08625000000000001 0.67875 0.11875 0.67875 0.11875 0.64125
5 0.1375 0.6075 0.10500000000000001 0.6075 0.10500000000000001 0.64 0.1375 0.64 0.1375 0.6075
5 0.1525 0.5662499999999999 0.12 0.5662499999999999 0.12 0.6012500000000001 0.1525 0.6012500000000001 0.1525 0.5662499999999999
2 0.1975 0.8862500000000001 0.185 0.8862500000000001 0.185 0.91625 0.1975 0.91625 0.1975 0.8862500000000001
2 0.35125 0.32 0.34375 0.32 0.34375 0.3375 0.35125 0.3375 0.35125 0.32
2 0.36875 0.33999999999999997 0.36375 0.33999999999999997 0.36375 0.35750000000000004 0.36875 0.35750000000000004 0.36875 0.33999999999999997
2 0.21125 0.30125 0.20625 0.30125 0.20625 0.31625000000000003 0.21125 0.31625000000000003 0.21125 0.30125
2 0.20625 0.3 0.20125 0.3 0.20125 0.3175 0.20625 0.3175 0.20625 0.3
5 0.02 0.1575 0.005 0.1575 0.005 0.16999999999999998 0.02 0.16999999999999998 0.02 0.1575
5 0.0225 0.19 0.005 0.19 0.005 0.20249999999999999 0.0225 0.20249999999999999 0.0225 0.19
5 0 0.12125 0.01 0.12125 0.01 0.11125 0 0.11125 0 0.12125
5 0.01625 0.10375000000000001 0.00375 0.10375000000000001 0.00375 0.11374999999999999 0.01625 0.11374999999999999 0.01625 0.10375000000000001
5 0.025 0.13125 0.01 0.13125 0.01 0.14875 0.025 0.14875 0.025 0.13125
5 0.04375 0.13125 0.03125 0.13125 0.03125 0.14125000000000001 0.04375 0.14125000000000001 0.04375 0.13125
5 0.04625 0.11625 0.03125 0.11625 0.03125 0.12875 0.04625 0.12875 0.04625 0.11625
5 0.08249999999999999 0.13999999999999999 0.06999999999999999 0.13999999999999999 0.06999999999999999 0.1525 0.08249999999999999 0.1525 0.08249999999999999 0.13999999999999999
5 0.11499999999999999 0.11499999999999999 0.1 0.11499999999999999 0.1 0.125 0.11499999999999999 0.125 0.11499999999999999 0.11499999999999999
5 0.12125 0.075 0.10874999999999999 0.075 0.10874999999999999 0.08499999999999999 0.12125 0.08499999999999999 0.12125 0.075
5 0.12 0.05625 0.11000000000000001 0.05625 0.11000000000000001 0.06625 0.12 0.06625 0.12 0.05625
5 0.07625 0.09375 0.06375 0.09375 0.06375 0.10625 0.07625 0.10625 0.07625 0.09375
5 0.03125 0.0925 0.01875 0.0925 0.01875 0.1025 0.03125 0.1025 0.03125 0.0925
5 0.03875 0.08875 0.028749999999999998 0.08875 0.028749999999999998 0.09625 0.03875 0.09625 0.03875 0.08875
5 0.05 0.08249999999999999 0.04 0.08249999999999999 0.04 0.095 0.05 0.095 0.05 0.08249999999999999
5 0.05500000000000001 0.07625 0.045 0.07625 0.045 0.09125 0.05500000000000001 0.09125 0.05500000000000001 0.07625
5 0.06 0.07125000000000001 0.05 0.07125000000000001 0.05 0.08125 0.06 0.08125 0.06 0.07125000000000001
5 0.06875 0.0675 0.058750000000000004 0.0675 0.058750000000000004 0.0775 0.06875 0.0775 0.06875 0.0675
5 0.0875 0.061250000000000006 0.0725 0.061250000000000006 0.0725 0.07625 0.0875 0.07625 0.0875 0.061250000000000006
5 0.095 0.0475 0.08499999999999999 0.0475 0.08499999999999999 0.057499999999999996 0.095 0.057499999999999996 0.095 0.0475
5 0.10124999999999999 0.042499999999999996 0.09125 0.042499999999999996 0.09125 0.052500000000000005 0.10124999999999999 0.052500000000000005 0.10124999999999999 0.042499999999999996
5 0.10625 0.03875 0.09875 0.03875 0.09875 0.04625 0.10625 0.04625 0.10625 0.03875
5 0.11625 0.0325 0.10874999999999999 0.0325 0.10874999999999999 0.04 0.11625 0.04 0.11625 0.0325
5 0.12125 0.026250000000000002 0.11374999999999999 0.026250000000000002 0.11374999999999999 0.03375 0.12125 0.03375 0.12125 0.026250000000000002
5 0.1275 0.02375 0.12 0.02375 0.12 0.03125 0.1275 0.03125 0.1275 0.02375
5 0.14375 0.01125 0.13625 0.01125 0.13625 0.021249999999999998 0.14375 0.021249999999999998 0.14375 0.01125