2 0.17375000000000002 0.1675 0.16875 0.1675 0.16875 0.18 0.17375000000000002 0.18 0.17375000000000002 0.1675
2 0.1875 0.18875 0.18 0.18875 0.18 0.20375000000000001 0.1875 0.20375000000000001 0.1875 0.18875
2 0.19125 0.19 0.18625 0.19 0.18625 0.20249999999999999 0.19125 0.20249999999999999 0.19125 0.19
5 0.2125 0.1975 0.18 0.1975 0.18 0.2225 0.2125 0.2225 0.2125 0.1975
2 0.21375000000000002 0.2925 0.20375000000000001 0.2925 0.20375000000000001 0.32 0.21375000000000002 0.32 0.21375000000000002 0.2925
2 0.19375 0.28875 0.18625 0.28875 0.18625 0.31124999999999997 0.19375 0.31124999999999997 0.19375 0.28875
2 0.19875 0.29 0.19125 0.29 0.19125 0.3125 0.19875 0.3125 0.19875 0.29
5 0.20875 0.2975 0.18125 0.2975 0.18125 0.3325 0.20875 0.3325 0.20875 0.2975
5 0.16875 0.29874999999999996 0.09125 0.29874999999999996 0.09125 0.36375 0.16875 0.36375 0.16875 0.29874999999999996
2 0.11499999999999999 0.30625 0.1075 0.30625 0.1075 0.32875 0.11499999999999999 0.32875 0.11499999999999999 0.30625
2 0 0.48 0.015 0.48 0.015 0.45 0 0.45 0 0.48
2 0.027500000000000004 0.44000000000000006 0.0125 0.44000000000000006 0.0125 0.45999999999999996 0.027500000000000004 0.45999999999999996 0.027500000000000004 0.44000000000000006
2 0.057499999999999996 0.43375 0.0375 0.43375 0.0375 0.46125 0.057499999999999996 0.46125 0.057499999999999996 0.43375
2 0.195 0.36625 0.18 0.36625 0.18 0.39875 0.195 0.39875 0.195 0.36625
5 0.18625 0.37625000000000003 0.15625 0.37625000000000003 0.15625 0.42125 0.18625 0.42125 0.18625 0.37625000000000003
5 0.16875 0.39625 0.12125 0.39625 0.12125 0.43125 0.16875 0.43125 0.16875 0.39625
2 0.21000000000000002 0.41125 0.20249999999999999 0.41125 0.20249999999999999 0.43125 0.21000000000000002 0.43125 0.21000000000000002 0.41125
2 0.2225 0.4 0.21000000000000002 0.4 0.21000000000000002 0.43499999999999994 0.2225 0.43499999999999994 0.2225 0.4
2 0.22749999999999998 0.38625 0.21000000000000002 0.38625 0.21000000000000002 0.41125 0.22749999999999998 0.41125 0.22749999999999998 0.38625
2 0.24500000000000002 0.28875 0.2375 0.28875 0.2375 0.31625000000000003 0.24500000000000002 0.31625000000000003 0.24500000000000002 0.28875
2 0.2525 0.31625000000000003 0.23500000000000001 0.31625000000000003 0.23500000000000001 0.33125 0.2525 0.33125 0.2525 0.31625000000000003
2 0.25625 0.33125 0.24625 0.33125 0.24625 0.36124999999999996 0.25625 0.36124999999999996 0.25625 0.33125
2 0.24874999999999997 0.33999999999999997 0.24125000000000002 0.33999999999999997 0.24125000000000002 0.35 0.24874999999999997 0.35 0.24874999999999997 0.33999999999999997
2 0.2425 0.33875 0.2375 0.33875 0.2375 0.36375 0.2425 0.36375 0.2425 0.33875
2 0.31875 0.3525 0.29625 0.3525 0.29625 0.3675 0.31875 0.3675 0.31875 0.3525
2 0.34125 0.34875 0.32625000000000004 0.34875 0.32625000000000004 0.37374999999999997 0.34125 0.37374999999999997 0.34125 0.34875
2 0.355 0.34500000000000003 0.34249999999999997 0.34500000000000003 0.34249999999999997 0.3725 0.355 0.3725 0.355 0.34500000000000003
2 0.31375000000000003 0.43499999999999994 0.29874999999999996 0.43499999999999994 0.29874999999999996 0.46749999999999997 0.31375000000000003 0.46749999999999997 0.31375000000000003 0.43499999999999994
2 0.28125 0.65125 0.26375000000000004 0.65125 0.26375000000000004 0.67375 0.28125 0.67375 0.28125 0.65125
2 0.29125 0.28625 0.28125 0.28625 0.28125 0.31124999999999997 0.29125 0.31124999999999997 0.29125 0.28625
2 0.29375 0.27999999999999997 0.28375 0.27999999999999997 0.28375 0.3025 0.29375 0.3025 0.29375 0.27999999999999997
2 0.28250000000000003 0.3 0.27 0.3 0.27 0.3125 0.28250000000000003 0.3125 0.28250000000000003 0.3
2 0.31375000000000003 0.28500000000000003 0.30874999999999997 0.28500000000000003 0.30874999999999997 0.305 0.31375000000000003 0.305 0.31375000000000003 0.28500000000000003
2 0.38375 0.30625 0.37625000000000003 0.30625 0.37625000000000003 0.32125 0.38375 0.32125 0.38375 0.30625
2 0.3725 0.2975 0.3625 0.2975 0.3625 0.3225 0.3725 0.3225 0.3725 0.2975
2 0.38375 0.28875 0.37625000000000003 0.28875 0.37625000000000003 0.31124999999999997 0.38375 0.31124999999999997 0.38375 0.28875
2 0.4625 0.275 0.45499999999999996 0.275 0.45499999999999996 0.29500000000000004 0.4625 0.29500000000000004 0.4625 0.275
2 0.47375 0.275 0.46375 0.275 0.46375 0.2925 0.47375 0.2925 0.47375 0.275
2 0.48 0.26875 0.465 0.26875 0.465 0.28625 0.48 0.28625 0.48 0.26875
2 0.44749999999999995 0.26749999999999996 0.4425 0.26749999999999996 0.4425 0.27999999999999997 0.44749999999999995 0.27999999999999997 0.44749999999999995 0.26749999999999996
2 0.44625000000000004 0.2725 0.43624999999999997 0.2725 0.43624999999999997 0.2875 0.44625000000000004 0.2875 0.44625000000000004 0.2725
2 0.51625 0.255 0.50625 0.255 0.50625 0.275 0.51625 0.275 0.51625 0.255
2 0.515 0.26625 0.5075000000000001 0.26625 0.5075000000000001 0.28375 0.515 0.28375 0.515 0.26625
2 0.49749999999999994 0.29125 0.4875 0.29125 0.4875 0.31625000000000003 0.49749999999999994 0.31625000000000003 0.49749999999999994 0.29125
2 0.4625 0.3 0.4525 0.3 0.4525 0.3225 0.4625 0.3225 0.4625 0.3
2 0.43499999999999994 0.315 0.425 0.315 0.425 0.3375 0.43499999999999994 0.3375 0.43499999999999994 0.315
2 0.48125 0.31875 0.46875 0.31875 0.46875 0.34625 0.48125 0.34625 0.48125 0.31875
2 0.4625 0.34249999999999997 0.45 0.34249999999999997 0.45 0.3625 0.4625 0.3625 0.4625 0.34249999999999997
2 0.48875 0.3375 0.48125 0.3375 0.48125 0.3525 0.48875 0.3525 0.48875 0.3375
2 0.505 0.32999999999999996 0.4925 0.32999999999999996 0.4925 0.35750000000000004 0.505 0.35750000000000004 0.505 0.32999999999999996
2 0.525 0.3225 0.515 0.3225 0.515 0.35 0.525 0.35 0.525 0.3225
2 0.45125000000000004 0.30375 0.44125 0.30375 0.44125 0.33125 0.45125000000000004 0.33125 0.45125000000000004 0.30375
2 0.5675 0.3075 0.5549999999999999 0.3075 0.5549999999999999 0.3275 0.5675 0.3275 0.5675 0.3075
2 0.58125 0.3025 0.56875 0.3025 0.56875 0.325 0.58125 0.325 0.58125 0.3025
2 0.5962500000000001 0.30125 0.5862499999999999 0.30125 0.5862499999999999 0.32375 0.5962500000000001 0.32375 0.5962500000000001 0.30125
2 0.5662499999999999 0.29500000000000004 0.5587500000000001 0.29500000000000004 0.5587500000000001 0.315 0.5662499999999999 0.315 0.5662499999999999 0.29500000000000004
2 0.67125 0.29 0.6637500000000001 0.29 0.6637500000000001 0.3175 0.67125 0.3175 0.67125 0.29
2 0.65125 0.33125 0.64375 0.33125 0.64375 0.35875 0.65125 0.35875 0.65125 0.33125
2 0.635 0.3375 0.625 0.3375 0.625 0.35750000000000004 0.635 0.35750000000000004 0.635 0.3375
2 0.615 0.35375 0.61 0.35375 0.61 0.36375 0.615 0.36375 0.615 0.35375
2 0.61 0.34875 0.6025 0.34875 0.6025 0.35875 0.61 0.35875 0.61 0.34875
2 0.60625 0.33875 0.5962500000000001 0.33875 0.5962500000000001 0.36875 0.60625 0.36875 0.60625 0.33875
2 0.595 0.34500000000000003 0.5825 0.34500000000000003 0.5825 0.36 0.595 0.36 0.595 0.34500000000000003
2 0.58875 0.34375 0.57875 0.34375 0.57875 0.37625000000000003 0.58875 0.37625000000000003 0.58875 0.34375
2 0.64 0.37 0.6325000000000001 0.37 0.6325000000000001 0.385 0.64 0.385 0.64 0.37
2 0.705 0.38125 0.6925 0.38125 0.6925 0.40625 0.705 0.40625 0.705 0.38125
2 0.74125 0.385 0.72375 0.385 0.72375 0.41 0.74125 0.41 0.74125 0.385
2 0.8074999999999999 0.3775 0.795 0.3775 0.795 0.3975 0.8074999999999999 0.3975 0.8074999999999999 0.3775
2 0.8025 0.4 0.795 0.4 0.795 0.41500000000000004 0.8025 0.41500000000000004 0.8025 0.4
2 0.8525 0.4125 0.8400000000000001 0.4125 0.8400000000000001 0.4325 0.8525 0.4325 0.8525 0.4125
2 0.875 0.41375 0.86 0.41375 0.86 0.43624999999999997 0.875 0.43624999999999997 0.875 0.41375
2 0.9225 0.37625000000000003 0.9099999999999999 0.37625000000000003 0.9099999999999999 0.40875000000000006 0.9225 0.40875000000000006 0.9225 0.37625000000000003
2 0.9099999999999999 0.31625000000000003 0.905 0.31625000000000003 0.905 0.32625000000000004 0.9099999999999999 0.32625000000000004 0.9099999999999999 0.31625000000000003
2 0.915 0.3175 0.905 0.3175 0.905 0.34249999999999997 0.915 0.34249999999999997 0.915 0.3175
2 0.71375 0.2725 0.70625 0.2725 0.70625 0.29500000000000004 0.71375 0.29500000000000004 0.71375 0.2725
2 0.73375 0.27125 0.7212500000000001 0.27125 0.7212500000000001 0.29625 0.73375 0.29625 0.73375 0.27125
2 0.68125 0.27125 0.67125 0.27125 0.67125 0.29375 0.68125 0.29375 0.68125 0.27125
5 0.6487499999999999 0.18 0.61875 0.18 0.61875 0.205 0.6487499999999999 0.205 0.6487499999999999 0.18
5 0.735 0.18375 0.6799999999999999 0.18375 0.6799999999999999 0.21375000000000002 0.735 0.21375000000000002 0.735 0.18375
2 0.735 0.21625 0.73 0.21625 0.73 0.23125 0.735 0.23125 0.735 0.21625
2 0.7424999999999999 0.215 0.7375 0.215 0.7375 0.23500000000000001 0.7424999999999999 0.23500000000000001 0.7424999999999999 0.215
5 0.61125 0.155 0.5662499999999999 0.155 0.5662499999999999 0.17250000000000001 0.61125 0.17250000000000001 0.61125 0.155
2 0.53625 0.47125000000000006 0.51875 0.47125000000000006 0.51875 0.50125 0.53625 0.50125 0.53625 0.47125000000000006
2 0.5125 0.47000000000000003 0.5025000000000001 0.47000000000000003 0.5025000000000001 0.5 0.5125 0.5 0.5125 0.47000000000000003
2 0.49874999999999997 0.45875000000000005 0.48624999999999996 0.45875000000000005 0.48624999999999996 0.50125 0.49874999999999997 0.50125 0.49874999999999997 0.45875000000000005
2 0.505 0.45375 0.495 0.45375 0.495 0.48125 0.505 0.48125 0.505 0.45375
2 0.51375 0.46125 0.5037499999999999 0.46125 0.5037499999999999 0.48125 0.51375 0.48125 0.51375 0.46125
2 0.53125 0.46375 0.5237499999999999 0.46375 0.5237499999999999 0.48375 0.53125 0.48375 0.53125 0.46375
2 0.54 0.4625 0.5325 0.4625 0.5325 0.48 0.54 0.48 0.54 0.4625
2 0.55125 0.45125000000000004 0.54125 0.45125000000000004 0.54125 0.47125000000000006 0.55125 0.47125000000000006 0.55125 0.45125000000000004
2 0.5475 0.48 0.54 0.48 0.54 0.5 0.5475 0.5 0.5475 0.48
2 0.5587500000000001 0.47625 0.54875 0.47625 0.54875 0.49625 0.5587500000000001 0.49625 0.5587500000000001 0.47625
2 0.56125 0.46749999999999997 0.55375 0.46749999999999997 0.55375 0.48250000000000004 0.56125 0.48250000000000004 0.56125 0.46749999999999997
2 0.5662499999999999 0.44625000000000004 0.5587500000000001 0.44625000000000004 0.5587500000000001 0.47625 0.5662499999999999 0.47625 0.5662499999999999 0.44625000000000004
2 0.6 0.485 0.5875 0.485 0.5875 0.525 0.6 0.525 0.6 0.485
2 0.6012500000000001 0.5475 0.5862499999999999 0.5475 0.5862499999999999 0.595 0.6012500000000001 0.595 0.6012500000000001 0.5475
2 0.72875 0.46375 0.71875 0.46375 0.71875 0.5037499999999999 0.72875 0.5037499999999999 0.72875 0.46375
2 0.74375 0.48 0.73125 0.48 0.73125 0.52 0.74375 0.52 0.74375 0.48
2 0.76 0.475 0.745 0.475 0.745 0.515 0.76 0.515 0.76 0.475
2 0.8087500000000001 0.48875 0.79625 0.48875 0.79625 0.5287499999999999 0.8087500000000001 0.5287499999999999 0.8087500000000001 0.48875
2 0.8474999999999999 0.46749999999999997 0.8275 0.46749999999999997 0.8275 0.505 0.8474999999999999 0.505 0.8474999999999999 0.46749999999999997
2 0.8574999999999999 0.4925 0.845 0.4925 0.845 0.525 0.8574999999999999 0.525 0.8574999999999999 0.4925
2 0.8637499999999999 0.47874999999999995 0.8462500000000001 0.47874999999999995 0.8462500000000001 0.51625 0.8637499999999999 0.51625 0.8637499999999999 0.47874999999999995
2 0.86875 0.51875 0.85875 0.51875 0.85875 0.54625 0.86875 0.54625 0.86875 0.51875
2 0.9637499999999999 0.45375 0.95375 0.45375 0.95375 0.47874999999999995 0.9637499999999999 0.47874999999999995 0.9637499999999999 0.45375
2 0.97875 0.465 0.96875 0.465 0.96875 0.4875 0.97875 0.4875 0.97875 0.465
2 0.99375 0.53 0.9737500000000001 0.53 0.9737500000000001 0.5625 0.99375 0.5625 0.99375 0.53
2 0.97 0.5025000000000001 0.9625 0.5025000000000001 0.9625 0.52 0.97 0.52 0.97 0.5025000000000001
2 0.97875 0.50125 0.95875 0.50125 0.95875 0.54125 0.97875 0.54125 0.97875 0.50125