5 0.54 0.12250000000000001 0.5325 0.12250000000000001 0.5325 0.13 0.54 0.13 0.54 0.12250000000000001
5 0.5387500000000001 0.15375 0.5287499999999999 0.15375 0.5287499999999999 0.16125 0.5387500000000001 0.16125 0.5387500000000001 0.15375
5 0.54 0.1625 0.53 0.1625 0.53 0.16999999999999998 0.54 0.16999999999999998 0.54 0.1625
5 0.54 0.17124999999999999 0.5275000000000001 0.17124999999999999 0.5275000000000001 0.18125 0.54 0.18125 0.54 0.17124999999999999
5 0.5825 0.13 0.575 0.13 0.575 0.1375 0.5825 0.1375 0.5825 0.13
5 0.585 0.1325 0.5775 0.1325 0.5775 0.14250000000000002 0.585 0.14250000000000002 0.585 0.1325
5 0.51625 0.1675 0.50625 0.1675 0.50625 0.18 0.51625 0.18 0.51625 0.1675
5 0.645 0.24500000000000002 0.62 0.24500000000000002 0.62 0.265 0.645 0.265 0.645 0.24500000000000002
5 0.5575 0.12 0.55 0.12 0.55 0.125 0.5575 0.125 0.5575 0.12
5 0.56375 0.125 0.5587500000000001 0.125 0.5587500000000001 0.13 0.56375 0.13 0.56375 0.125
5 0.54125 0.13625 0.5337500000000001 0.13625 0.5337500000000001 0.14125000000000001 0.54125 0.14125000000000001 0.54125 0.13625
5 0.5 0.18 0.485 0.18 0.485 0.1925 0.5 0.1925 0.5 0.18
5 0.51875 0.12125 0.51375 0.12125 0.51375 0.12875 0.51875 0.12875 0.51875 0.12125
5 0.5862499999999999 0.20249999999999999 0.57375 0.20249999999999999 0.57375 0.21749999999999997 0.5862499999999999 0.21749999999999997 0.5862499999999999 0.20249999999999999
2 0.47625 0.21375000000000002 0.47125000000000006 0.21375000000000002 0.47125000000000006 0.22625 0.47625 0.22625 0.47625 0.21375000000000002
2 0.4875 0.22374999999999998 0.48250000000000004 0.22374999999999998 0.48250000000000004 0.23625 0.4875 0.23625 0.4875 0.22374999999999998
2 0.45875000000000005 0.2375 0.45375 0.2375 0.45375 0.25 0.45875000000000005 0.25 0.45875000000000005 0.2375
2 0.445 0.27625 0.4375 0.27625 0.4375 0.28875 0.445 0.28875 0.445 0.27625
2 0.47750000000000004 0.23875000000000002 0.4725 0.23875000000000002 0.4725 0.25125000000000003 0.47750000000000004 0.25125000000000003 0.47750000000000004 0.23875000000000002
2 0.48 0.24625 0.475 0.24625 0.475 0.25875 0.48 0.25875 0.48 0.24625
2 0.6012500000000001 0.1975 0.5962500000000001 0.1975 0.5962500000000001 0.20750000000000002 0.6012500000000001 0.20750000000000002 0.6012500000000001 0.1975
2 0.6125 0.195 0.6075 0.195 0.6075 0.20750000000000002 0.6125 0.20750000000000002 0.6125 0.195
2 0.61125 0.21125 0.60375 0.21125 0.60375 0.21875 0.61125 0.21875 0.61125 0.21125
2 0.62 0.25625 0.6125 0.25625 0.6125 0.26625 0.62 0.26625 0.62 0.25625
2 0.61875 0.2525 0.61125 0.2525 0.61125 0.26749999999999996 0.61875 0.26749999999999996 0.61875 0.2525
2 0.63375 0.28500000000000003 0.62625 0.28500000000000003 0.62625 0.305 0.63375 0.305 0.63375 0.28500000000000003
2 0.6174999999999999 0.30375 0.6075 0.30375 0.6075 0.32125 0.6174999999999999 0.32125 0.6174999999999999 0.30375
2 0.6599999999999999 0.34875 0.65 0.34875 0.65 0.36875 0.6599999999999999 0.36875 0.6599999999999999 0.34875
2 0.6912499999999999 0.34125 0.67875 0.34125 0.67875 0.36375 0.6912499999999999 0.36375 0.6912499999999999 0.34125
2 0.7025 0.43 0.6900000000000001 0.43 0.6900000000000001 0.4575 0.7025 0.4575 0.7025 0.43
2 0.52625 0.40750000000000003 0.51125 0.40750000000000003 0.51125 0.4325 0.52625 0.4325 0.52625 0.40750000000000003
2 0.6849999999999999 0.6125 0.67 0.6125 0.67 0.65 0.6849999999999999 0.65 0.6849999999999999 0.6125
2 0.27749999999999997 0.48250000000000004 0.265 0.48250000000000004 0.265 0.505 0.27749999999999997 0.505 0.27749999999999997 0.48250000000000004
2 0.28375 0.48624999999999996 0.27625 0.48624999999999996 0.27625 0.5037499999999999 0.28375 0.5037499999999999 0.28375 0.48624999999999996
2 0.29625 0.47375 0.28125 0.47375 0.28125 0.51125 0.29625 0.51125 0.29625 0.47375
2 0.88375 0.44375 0.8712500000000001 0.44375 0.8712500000000001 0.46875 0.88375 0.46875 0.88375 0.44375
2 0.8875 0.55625 0.8724999999999999 0.55625 0.8724999999999999 0.5912499999999999 0.8875 0.5912499999999999 0.8875 0.55625
2 0.9012499999999999 0.54875 0.8862500000000001 0.54875 0.8862500000000001 0.5962500000000001 0.9012499999999999 0.5962500000000001 0.9012499999999999 0.54875