2 0.49625 0.9112500000000001 0.48375 0.9112500000000001 0.48375 0.9412499999999999 0.49625 0.9412499999999999 0.49625 0.9112500000000001
2 0.51125 0.89625 0.50125 0.89625 0.50125 0.9262499999999999 0.51125 0.9262499999999999 0.51125 0.89625
2 0.5075000000000001 0.9012499999999999 0.5 0.9012499999999999 0.5 0.91625 0.5075000000000001 0.91625 0.5075000000000001 0.9012499999999999
5 0.6275000000000001 0.905 0.5725 0.905 0.5725 0.9375 0.6275000000000001 0.9375 0.6275000000000001 0.905
2 0.84375 0.91375 0.83125 0.91375 0.83125 0.9487500000000001 0.84375 0.9487500000000001 0.84375 0.91375
5 0.89625 0.8699999999999999 0.86625 0.8699999999999999 0.86625 0.9275 0.89625 0.9275 0.89625 0.8699999999999999
5 0.615 0.8775000000000001 0.5375 0.8775000000000001 0.5375 0.915 0.615 0.915 0.615 0.8775000000000001
5 0.67125 0.83125 0.6287499999999999 0.83125 0.6287499999999999 0.88125 0.67125 0.88125 0.67125 0.83125
5 0.645 0.8150000000000001 0.5974999999999999 0.8150000000000001 0.5974999999999999 0.8400000000000001 0.645 0.8400000000000001 0.645 0.8150000000000001
5 0.6900000000000001 0.78125 0.6525000000000001 0.78125 0.6525000000000001 0.83125 0.6900000000000001 0.83125 0.6900000000000001 0.78125
5 0.67125 0.7575000000000001 0.6012500000000001 0.7575000000000001 0.6012500000000001 0.79 0.67125 0.79 0.67125 0.7575000000000001
2 0.70375 0.72875 0.69375 0.72875 0.69375 0.75125 0.70375 0.75125 0.70375 0.72875
5 0.9724999999999999 0.82125 0.8949999999999999 0.82125 0.8949999999999999 0.8612500000000001 0.9724999999999999 0.8612500000000001 0.9724999999999999 0.82125
2 0.87375 0.7575000000000001 0.8637499999999999 0.7575000000000001 0.8637499999999999 0.78 0.87375 0.78 0.87375 0.7575000000000001
2 0.88375 0.7625 0.87375 0.7625 0.87375 0.7849999999999999 0.88375 0.7849999999999999 0.88375 0.7625
2 0.8862500000000001 0.7537499999999999 0.87625 0.7537499999999999 0.87625 0.77625 0.8862500000000001 0.77625 0.8862500000000001 0.7537499999999999
2 0.63125 0.73625 0.6212500000000001 0.73625 0.6212500000000001 0.76375 0.63125 0.76375 0.63125 0.73625
2 0.71 0.69875 0.7 0.69875 0.7 0.72375 0.71 0.72375 0.71 0.69875
5 0.8887499999999999 0.6799999999999999 0.86625 0.6799999999999999 0.86625 0.7075 0.8887499999999999 0.7075 0.8887499999999999 0.6799999999999999
5 0.7150000000000001 0.6837500000000001 0.6525000000000001 0.6837500000000001 0.6525000000000001 0.70625 0.7150000000000001 0.70625 0.7150000000000001 0.6837500000000001
5 0.6849999999999999 0.67 0.635 0.67 0.635 0.6925 0.6849999999999999 0.6925 0.6849999999999999 0.67
5 0.6875 0.6575 0.6425 0.6575 0.6425 0.6825 0.6875 0.6825 0.6875 0.6575
5 0.8949999999999999 0.655 0.8699999999999999 0.655 0.8699999999999999 0.6799999999999999 0.8949999999999999 0.6799999999999999 0.8949999999999999 0.655
2 0.9262499999999999 0.61125 0.91875 0.61125 0.91875 0.6287499999999999 0.9262499999999999 0.6287499999999999 0.9262499999999999 0.61125
2 0.9550000000000001 0.6287499999999999 0.945 0.6287499999999999 0.945 0.6487499999999999 0.9550000000000001 0.6487499999999999 0.9550000000000001 0.6287499999999999
5 0.6900000000000001 0.64 0.6525000000000001 0.64 0.6525000000000001 0.6625 0.6900000000000001 0.6625 0.6900000000000001 0.64
5 0.89 0.605 0.8699999999999999 0.605 0.8699999999999999 0.63 0.89 0.63 0.89 0.605
5 0.9949999999999999 0.5974999999999999 0.95 0.5974999999999999 0.95 0.6174999999999999 0.9949999999999999 0.6174999999999999 0.9949999999999999 0.5974999999999999
2 0.9675 0.61875 0.96 0.61875 0.96 0.63625 0.9675 0.63625 0.9675 0.61875
2 0.9400000000000001 0.61125 0.93 0.61125 0.93 0.63125 0.9400000000000001 0.63125 0.9400000000000001 0.61125
5 0.98375 0.5875 0.9337500000000001 0.5875 0.9337500000000001 0.6075 0.98375 0.6075 0.98375 0.5875
5 0.70625 0.61875 0.6587500000000001 0.61875 0.6587500000000001 0.64375 0.70625 0.64375 0.70625 0.61875
5 0.70875 0.5900000000000001 0.66875 0.5900000000000001 0.66875 0.615 0.70875 0.615 0.70875 0.5900000000000001
5 0.76125 0.5662499999999999 0.73875 0.5662499999999999 0.73875 0.5862499999999999 0.76125 0.5862499999999999 0.76125 0.5662499999999999
5 0.73375 0.56375 0.69625 0.56375 0.69625 0.57875 0.73375 0.57875 0.73375 0.56375
2 0.7737499999999999 0.5625 0.76625 0.5625 0.76625 0.5775 0.7737499999999999 0.5775 0.7737499999999999 0.5625
2 0.775 0.54 0.77 0.54 0.77 0.5549999999999999 0.775 0.5549999999999999 0.775 0.54
5 0.9824999999999999 0.54625 0.9550000000000001 0.54625 0.9550000000000001 0.5587500000000001 0.9824999999999999 0.5587500000000001 0.9824999999999999 0.54625
5 0.9487500000000001 0.5287499999999999 0.91375 0.5287499999999999 0.91375 0.54375 0.9487500000000001 0.54375 0.9487500000000001 0.5287499999999999
2 0.9099999999999999 0.5349999999999999 0.9025000000000001 0.5349999999999999 0.9025000000000001 0.55 0.9099999999999999 0.55 0.9099999999999999 0.5349999999999999
5 0.7737499999999999 0.525 0.74375 0.525 0.74375 0.54 0.7737499999999999 0.54 0.7737499999999999 0.525
5 0.76375 0.51875 0.73375 0.51875 0.73375 0.5337500000000001 0.76375 0.5337500000000001 0.76375 0.51875
2 0.99 0.5337500000000001 0.985 0.5337500000000001 0.985 0.54875 0.99 0.54875 0.99 0.5337500000000001
2 0.9949999999999999 0.5325 0.99 0.5325 0.99 0.5475 0.9949999999999999 0.5475 0.9949999999999999 0.5325
5 0.9237500000000001 0.51125 0.90625 0.51125 0.90625 0.52625 0.9237500000000001 0.52625 0.9237500000000001 0.51125
5 0.9075 0.50875 0.8925000000000001 0.50875 0.8925000000000001 0.5237499999999999 0.9075 0.5237499999999999 0.9075 0.50875
5 0.9400000000000001 0.495 0.915 0.495 0.915 0.5075000000000001 0.9400000000000001 0.5075000000000001 0.9400000000000001 0.495
5 0.95 0.49000000000000005 0.915 0.49000000000000005 0.915 0.5025000000000001 0.95 0.5025000000000001 0.95 0.49000000000000005
5 0.78625 0.49874999999999997 0.76875 0.49874999999999997 0.76875 0.51625 0.78625 0.51625 0.78625 0.49874999999999997
5 0.8125 0.495 0.7975 0.495 0.7975 0.51 0.8125 0.51 0.8125 0.495
5 0.8162499999999999 0.47625 0.80375 0.47625 0.80375 0.49124999999999996 0.8162499999999999 0.49124999999999996 0.8162499999999999 0.47625
5 0.845 0.475 0.8300000000000001 0.475 0.8300000000000001 0.49000000000000005 0.845 0.49000000000000005 0.845 0.475
5 0.84375 0.4625 0.83125 0.4625 0.83125 0.475 0.84375 0.475 0.84375 0.4625
5 0.865 0.45999999999999996 0.8525 0.45999999999999996 0.8525 0.47000000000000003 0.865 0.47000000000000003 0.865 0.45999999999999996
5 0.865 0.45 0.85 0.45 0.85 0.4625 0.865 0.4625 0.865 0.45
5 0.8462500000000001 0.4525 0.83125 0.4525 0.83125 0.465 0.8462500000000001 0.465 0.8462500000000001 0.4525
5 0.76125 0.48 0.73375 0.48 0.73375 0.49749999999999994 0.76125 0.49749999999999994 0.76125 0.48
2 0.7775000000000001 0.48624999999999996 0.7725 0.48624999999999996 0.7725 0.49874999999999997 0.7775000000000001 0.49874999999999997 0.7775000000000001 0.48624999999999996
5 0.77 0.46375 0.74 0.46375 0.74 0.47874999999999995 0.77 0.47874999999999995 0.77 0.46375
5 0.77125 0.47625 0.7462500000000001 0.47625 0.7462500000000001 0.48875 0.77125 0.48875 0.77125 0.47625
5 0.7849999999999999 0.45499999999999996 0.7725 0.45499999999999996 0.7725 0.46749999999999997 0.7849999999999999 0.46749999999999997 0.7849999999999999 0.45499999999999996
5 0.80625 0.45 0.79125 0.45 0.79125 0.465 0.80625 0.465 0.80625 0.45
5 0.835 0.4425 0.8150000000000001 0.4425 0.8150000000000001 0.45499999999999996 0.835 0.45499999999999996 0.835 0.4425
5 0.8462500000000001 0.42374999999999996 0.83375 0.42374999999999996 0.83375 0.43375 0.8462500000000001 0.43375 0.8462500000000001 0.42374999999999996
5 0.8175000000000001 0.42374999999999996 0.805 0.42374999999999996 0.805 0.43624999999999997 0.8175000000000001 0.43624999999999997 0.8175000000000001 0.42374999999999996
5 0.8025 0.4225 0.79 0.4225 0.79 0.43499999999999994 0.8025 0.43499999999999994 0.8025 0.4225
5 0.7887500000000001 0.42374999999999996 0.7787499999999999 0.42374999999999996 0.7787499999999999 0.43375 0.7887500000000001 0.43375 0.7887500000000001 0.42374999999999996
5 0.8150000000000001 0.41500000000000004 0.8074999999999999 0.41500000000000004 0.8074999999999999 0.425 0.8150000000000001 0.425 0.8150000000000001 0.41500000000000004
5 0.8150000000000001 0.4025 0.805 0.4025 0.805 0.41500000000000004 0.8150000000000001 0.41500000000000004 0.8150000000000001 0.4025
5 0.8300000000000001 0.40374999999999994 0.82 0.40374999999999994 0.82 0.41375 0.8300000000000001 0.41375 0.8300000000000001 0.40374999999999994
5 0.8474999999999999 0.40374999999999994 0.835 0.40374999999999994 0.835 0.41875 0.8474999999999999 0.41875 0.8474999999999999 0.40374999999999994
5 0.85875 0.40374999999999994 0.8462500000000001 0.40374999999999994 0.8462500000000001 0.41875 0.85875 0.41875 0.85875 0.40374999999999994
5 0.7925 0.40875000000000006 0.78 0.40875000000000006 0.78 0.41875 0.7925 0.41875 0.7925 0.40875000000000006
5 1 0.44000000000000006 0.9737500000000001 0.44000000000000006 0.9737500000000001 0.45 1 0.45 1 0.44000000000000006
5 0.98375 0.4325 0.96875 0.4325 0.96875 0.445 0.98375 0.445 0.98375 0.4325