5 0 0.2575 0.01125 0.2575 0.01125 0.24500000000000002 0 0.24500000000000002 0 0.2575
5 0.03875 0.22125 0.01875 0.22125 0.01875 0.24625 0.03875 0.24625 0.03875 0.22125
5 0.05625 0.21625 0.04875 0.21625 0.04875 0.22374999999999998 0.05625 0.22374999999999998 0.05625 0.21625
5 0.06 0.23500000000000001 0.05 0.23500000000000001 0.05 0.24500000000000002 0.06 0.24500000000000002 0.06 0.23500000000000001
5 0.042499999999999996 0.24625 0.03 0.24625 0.03 0.25625 0.042499999999999996 0.25625 0.042499999999999996 0.24625
5 0.02 0.25375000000000003 0.0075 0.25375000000000003 0.0075 0.26875 0.02 0.26875 0.02 0.25375000000000003
5 0 0.27625 0.013750000000000002 0.27625 0.013750000000000002 0.26375000000000004 0 0.26375000000000004 0 0.27625
5 0 0.28625 0.015 0.28625 0.015 0.27125 0 0.27125 0 0.28625
5 0.0475 0.24874999999999997 0.034999999999999996 0.24874999999999997 0.034999999999999996 0.25875 0.0475 0.25875 0.0475 0.24874999999999997
5 0.05 0.25625 0.034999999999999996 0.25625 0.034999999999999996 0.26625 0.05 0.26625 0.05 0.25625
5 0.04375 0.26125 0.028749999999999998 0.26125 0.028749999999999998 0.27125 0.04375 0.27125 0.04375 0.26125
5 0.04375 0.26875 0.028749999999999998 0.26875 0.028749999999999998 0.28125 0.04375 0.28125 0.04375 0.26875
5 0.03625 0.28125 0.021249999999999998 0.28125 0.021249999999999998 0.29375 0.03625 0.29375 0.03625 0.28125
5 0.034999999999999996 0.2925 0.017499999999999998 0.2925 0.017499999999999998 0.3075 0.034999999999999996 0.3075 0.034999999999999996 0.2925
5 0.0325 0.3125 0.01 0.3125 0.01 0.32999999999999996 0.0325 0.32999999999999996 0.0325 0.3125
5 0 0.3625 0.015 0.3625 0.015 0.33999999999999997 0 0.33999999999999997 0 0.3625
5 0.06875 0.30375 0.05125 0.30375 0.05125 0.32125 0.06875 0.32125 0.06875 0.30375
5 0.075 0.23125 0.0625 0.23125 0.0625 0.24375 0.075 0.24375 0.075 0.23125
5 0.0725 0.2425 0.06 0.2425 0.06 0.2575 0.0725 0.2575 0.0725 0.2425
2 0.08249999999999999 0.24 0.08 0.24 0.08 0.25 0.08249999999999999 0.25 0.08249999999999999 0.24
5 0.135 0.22625 0.125 0.22625 0.125 0.23374999999999999 0.135 0.23374999999999999 0.135 0.22625
5 0.15375 0.225 0.14375 0.225 0.14375 0.2325 0.15375 0.2325 0.15375 0.225
5 0.18375 0.22000000000000003 0.15875 0.22000000000000003 0.15875 0.22999999999999998 0.18375 0.22999999999999998 0.18375 0.22000000000000003
5 0.18375 0.22374999999999998 0.16375 0.22374999999999998 0.16375 0.23125 0.18375 0.23125 0.18375 0.22374999999999998
5 0.18625 0.26875 0.17375000000000002 0.26875 0.17375000000000002 0.27875 0.18625 0.27875 0.18625 0.26875
5 0.20750000000000002 0.27375 0.1775 0.27375 0.1775 0.30874999999999997 0.20750000000000002 0.30874999999999997 0.20750000000000002 0.27375
5 0.17625 0.28500000000000003 0.15875 0.28500000000000003 0.15875 0.3 0.17625 0.3 0.17625 0.28500000000000003
5 0.1525 0.29375 0.135 0.29375 0.135 0.30625 0.1525 0.30625 0.1525 0.29375
5 0.2425 0.27125 0.21000000000000002 0.27125 0.21000000000000002 0.28625 0.2425 0.28625 0.2425 0.27125
2 0.2225 0.28625 0.22000000000000003 0.28625 0.22000000000000003 0.29874999999999996 0.2225 0.29874999999999996 0.2225 0.28625
2 0.21625 0.29 0.21375000000000002 0.29 0.21375000000000002 0.3025 0.21625 0.3025 0.21625 0.29
2 0.22000000000000003 0.2875 0.215 0.2875 0.215 0.3025 0.22000000000000003 0.3025 0.22000000000000003 0.2875
5 0.835 0.6025 0.775 0.6025 0.775 0.6325000000000001 0.835 0.6325000000000001 0.835 0.6025
5 0.5387500000000001 0.545 0.44375 0.545 0.44375 0.5825 0.5387500000000001 0.5825 0.5387500000000001 0.545
2 0.50625 0.44875 0.49124999999999996 0.44875 0.49124999999999996 0.47375 0.50625 0.47375 0.50625 0.44875
5 0.6875 0.46749999999999997 0.595 0.46749999999999997 0.595 0.5075000000000001 0.6875 0.5075000000000001 0.6875 0.46749999999999997
5 0.65 0.45875000000000005 0.575 0.45875000000000005 0.575 0.48624999999999996 0.65 0.48624999999999996 0.65 0.45875000000000005
5 0.6599999999999999 0.44749999999999995 0.5825 0.44749999999999995 0.5825 0.47750000000000004 0.6599999999999999 0.47750000000000004 0.6599999999999999 0.44749999999999995
5 0.65 0.43875000000000003 0.575 0.43875000000000003 0.575 0.46875 0.65 0.46875 0.65 0.43875000000000003
5 0.57125 0.3725 0.53125 0.3725 0.53125 0.395 0.57125 0.395 0.57125 0.3725
5 0.52625 0.3725 0.48624999999999996 0.3725 0.48624999999999996 0.3975 0.52625 0.3975 0.52625 0.3725
5 0.6975 0.29874999999999996 0.6675 0.29874999999999996 0.6675 0.31375000000000003 0.6975 0.31375000000000003 0.6975 0.29874999999999996
5 0.34500000000000003 0.31625000000000003 0.3025 0.31625000000000003 0.3025 0.33125 0.34500000000000003 0.33125 0.34500000000000003 0.31625000000000003
5 0.3975 0.325 0.3525 0.325 0.3525 0.34249999999999997 0.3975 0.34249999999999997 0.3975 0.325
5 0.35625 0.40125 0.31875 0.40125 0.31875 0.42374999999999996 0.35625 0.42374999999999996 0.35625 0.40125
2 0.39 0.375 0.38 0.375 0.38 0.4 0.39 0.4 0.39 0.375
2 0.395 0.38625 0.39 0.38625 0.39 0.39875 0.395 0.39875 0.395 0.38625
2 0.40374999999999994 0.38 0.39625 0.38 0.39625 0.4 0.40374999999999994 0.4 0.40374999999999994 0.38
2 0.41125 0.385 0.40374999999999994 0.385 0.40374999999999994 0.4025 0.41125 0.4025 0.41125 0.385
5 0.4625 0.3825 0.43 0.3825 0.43 0.4025 0.4625 0.4025 0.4625 0.3825
5 0.45625 0.39125 0.40374999999999994 0.39125 0.40374999999999994 0.44625000000000004 0.45625 0.44625000000000004 0.45625 0.39125
2 0.16999999999999998 0.31625000000000003 0.16499999999999998 0.31625000000000003 0.16499999999999998 0.32875 0.16999999999999998 0.32875 0.16999999999999998 0.31625000000000003
5 0.1325 0.325 0.1125 0.325 0.1125 0.34249999999999997 0.1325 0.34249999999999997 0.1325 0.325
5 0.14375 0.35125 0.11875 0.35125 0.11875 0.37124999999999997 0.14375 0.37124999999999997 0.14375 0.35125
5 0.16875 0.32875 0.14625 0.32875 0.14625 0.34625 0.16875 0.34625 0.16875 0.32875
5 0.19375 0.34249999999999997 0.16875 0.34249999999999997 0.16875 0.3675 0.19375 0.3675 0.19375 0.34249999999999997
5 0.22625 0.38625 0.19875 0.38625 0.19875 0.40875000000000006 0.22625 0.40875000000000006 0.22625 0.38625
2 0.2725 0.39125 0.2625 0.39125 0.2625 0.41125 0.2725 0.41125 0.2725 0.39125
2 0.27875 0.38375 0.27125 0.38375 0.27125 0.39875 0.27875 0.39875 0.27875 0.38375
5 0.1675 0.37625000000000003 0.14250000000000002 0.37625000000000003 0.14250000000000002 0.40374999999999994 0.1675 0.40374999999999994 0.1675 0.37625000000000003
5 0.2625 0.4725 0.225 0.4725 0.225 0.5025000000000001 0.2625 0.5025000000000001 0.2625 0.4725
5 0.08 0.36625 0.057499999999999996 0.36625 0.057499999999999996 0.38125 0.08 0.38125 0.08 0.36625
2 0.06875 0.36 0.061250000000000006 0.36 0.061250000000000006 0.375 0.06875 0.375 0.06875 0.36
5 0.08875 0.34375 0.04875 0.34375 0.04875 0.36875 0.08875 0.36875 0.08875 0.34375
5 0.1125 0.39375 0.08499999999999999 0.39375 0.08499999999999999 0.41875 0.1125 0.41875 0.1125 0.39375
5 0.11625 0.41624999999999995 0.08625000000000001 0.41624999999999995 0.08625000000000001 0.44125 0.11625 0.44125 0.11625 0.41624999999999995
5 0.12 0.44000000000000006 0.08499999999999999 0.44000000000000006 0.08499999999999999 0.4725 0.12 0.4725 0.12 0.44000000000000006
5 0.13 0.46624999999999994 0.0925 0.46624999999999994 0.0925 0.5037499999999999 0.13 0.5037499999999999 0.13 0.46624999999999994
5 0.13374999999999998 0.5037499999999999 0.09375 0.5037499999999999 0.09375 0.5387500000000001 0.13374999999999998 0.5387500000000001 0.13374999999999998 0.5037499999999999
5 0.1325 0.52 0.08 0.52 0.08 0.595 0.1325 0.595 0.1325 0.52
5 0.12875 0.61375 0.08125 0.61375 0.08125 0.66125 0.12875 0.66125 0.12875 0.61375