5 0.32875 0.8474999999999999 0.27125 0.8474999999999999 0.27125 0.9375 0.32875 0.9375 0.32875 0.8474999999999999
5 0.24375 0.6224999999999999 0.20625 0.6224999999999999 0.20625 0.6575 0.24375 0.6575 0.24375 0.6224999999999999
5 0.24874999999999997 0.54375 0.22374999999999998 0.54375 0.22374999999999998 0.57375 0.24874999999999997 0.57375 0.24874999999999997 0.54375
5 0.30375 0.50625 0.28125 0.50625 0.28125 0.5337500000000001 0.30375 0.5337500000000001 0.30375 0.50625
5 0.24375 0.4175 0.23374999999999999 0.4175 0.23374999999999999 0.4325 0.24375 0.4325 0.24375 0.4175
5 0.27 0.3825 0.2625 0.3825 0.2625 0.3875 0.27 0.3875 0.27 0.3825
5 0.265 0.37625000000000003 0.2575 0.37625000000000003 0.2575 0.38375 0.265 0.38375 0.265 0.37625000000000003
5 0.29375 0.3725 0.28625 0.3725 0.28625 0.38 0.29375 0.38 0.29375 0.3725
5 0.29874999999999996 0.3675 0.29125 0.3675 0.29125 0.375 0.29874999999999996 0.375 0.29874999999999996 0.3675
5 0.28125 0.36124999999999996 0.27625 0.36124999999999996 0.27625 0.36875 0.28125 0.36875 0.28125 0.36124999999999996
5 0.29 0.35625 0.28500000000000003 0.35625 0.28500000000000003 0.35875 0.29 0.35875 0.29 0.35625
5 0.16999999999999998 0.39 0.16 0.39 0.16 0.3975 0.16999999999999998 0.3975 0.16999999999999998 0.39
5 0.1675 0.3775 0.1575 0.3775 0.1575 0.385 0.1675 0.385 0.1675 0.3775
5 0.24 0.3525 0.23500000000000001 0.3525 0.23500000000000001 0.35750000000000004 0.24 0.35750000000000004 0.24 0.3525
5 0.061250000000000006 0.4325 0.04375 0.4325 0.04375 0.45 0.061250000000000006 0.45 0.061250000000000006 0.4325