5 0.39 0.34750000000000003 0.3775 0.34750000000000003 0.3775 0.3525 0.39 0.3525 0.39 0.34750000000000003
5 0.25375000000000003 0.64125 0.23125 0.64125 0.23125 0.67125 0.25375000000000003 0.67125 0.25375000000000003 0.64125
5 0.27999999999999997 0.6375 0.2625 0.6375 0.2625 0.6675 0.27999999999999997 0.6675 0.27999999999999997 0.6375
5 0.32125 0.63875 0.30375 0.63875 0.30375 0.66625 0.32125 0.66625 0.32125 0.63875
5 0.36124999999999996 0.59875 0.34125 0.59875 0.34125 0.6212500000000001 0.36124999999999996 0.6212500000000001 0.36124999999999996 0.59875
5 0.4025 0.5925 0.3875 0.5925 0.3875 0.6174999999999999 0.4025 0.6174999999999999 0.4025 0.5925
5 0.48125 0.59375 0.46125 0.59375 0.46125 0.6287499999999999 0.48125 0.6287499999999999 0.48125 0.59375
5 0.495 0.57875 0.47750000000000004 0.57875 0.47750000000000004 0.60375 0.495 0.60375 0.495 0.57875
5 0.47750000000000004 0.5775 0.4625 0.5775 0.4625 0.6025 0.47750000000000004 0.6025 0.47750000000000004 0.5775
5 0.5037499999999999 0.55625 0.47375 0.55625 0.47375 0.57125 0.5037499999999999 0.57125 0.5037499999999999 0.55625
5 0.465 0.5549999999999999 0.43 0.5549999999999999 0.43 0.5700000000000001 0.465 0.5700000000000001 0.465 0.5549999999999999
5 0.47750000000000004 0.5425 0.45 0.5425 0.45 0.5599999999999999 0.47750000000000004 0.5599999999999999 0.47750000000000004 0.5425
5 0.46624999999999994 0.5175 0.44125 0.5175 0.44125 0.5425 0.46624999999999994 0.5425 0.46624999999999994 0.5175
5 0.41875 0.58125 0.40374999999999994 0.58125 0.40374999999999994 0.59875 0.41875 0.59875 0.41875 0.58125
5 0.37374999999999997 0.54875 0.36124999999999996 0.54875 0.36124999999999996 0.56375 0.37374999999999997 0.56375 0.37374999999999997 0.54875
5 0.39 0.515 0.3775 0.515 0.3775 0.53 0.39 0.53 0.39 0.515
5 0.34125 0.5325 0.32875 0.5325 0.32875 0.55 0.34125 0.55 0.34125 0.5325
5 0.35125 0.49000000000000005 0.33625 0.49000000000000005 0.33625 0.505 0.35125 0.505 0.35125 0.49000000000000005
5 0.365 0.50625 0.3525 0.50625 0.3525 0.51875 0.365 0.51875 0.365 0.50625
5 0.28375 0.5587500000000001 0.26625 0.5587500000000001 0.26625 0.57875 0.28375 0.57875 0.28375 0.5587500000000001
5 0.22749999999999998 0.58 0.2 0.58 0.2 0.6 0.22749999999999998 0.6 0.22749999999999998 0.58
5 0.1875 0.66125 0.145 0.66125 0.145 0.67375 0.1875 0.67375 0.1875 0.66125
5 0.2575 0.515 0.2425 0.515 0.2425 0.53 0.2575 0.53 0.2575 0.515
5 0.23500000000000001 0.5037499999999999 0.21749999999999997 0.5037499999999999 0.21749999999999997 0.51875 0.23500000000000001 0.51875 0.23500000000000001 0.5037499999999999
5 0.32125 0.54 0.29874999999999996 0.54 0.29874999999999996 0.5775 0.32125 0.5775 0.32125 0.54
5 0.31625000000000003 0.4725 0.30125 0.4725 0.30125 0.4925 0.31625000000000003 0.4925 0.31625000000000003 0.4725
5 0.3175 0.465 0.305 0.465 0.305 0.48 0.3175 0.48 0.3175 0.465
5 0.2625 0.46125 0.2525 0.46125 0.2525 0.47375 0.2625 0.47375 0.2625 0.46125
5 0.34375 0.4525 0.33625 0.4525 0.33625 0.4625 0.34375 0.4625 0.34375 0.4525
5 0.3725 0.47874999999999995 0.3625 0.47874999999999995 0.3625 0.49124999999999996 0.3725 0.49124999999999996 0.3725 0.47874999999999995
5 0.4125 0.48250000000000004 0.4025 0.48250000000000004 0.4025 0.495 0.4125 0.495 0.4125 0.48250000000000004
5 0.41500000000000004 0.4925 0.4025 0.4925 0.4025 0.5075000000000001 0.41500000000000004 0.5075000000000001 0.41500000000000004 0.4925
5 0.38 0.4575 0.3675 0.4575 0.3675 0.47000000000000003 0.38 0.47000000000000003 0.38 0.4575
5 0.38125 0.42125 0.37374999999999997 0.42125 0.37374999999999997 0.42874999999999996 0.38125 0.42874999999999996 0.38125 0.42125
5 0.44875 0.4175 0.43125 0.4175 0.43125 0.43 0.44875 0.43 0.44875 0.4175
5 0.16499999999999998 0.43125 0.145 0.43125 0.145 0.44125 0.16499999999999998 0.44125 0.16499999999999998 0.43125
2 0.3625 0.5275000000000001 0.355 0.5275000000000001 0.355 0.54 0.3625 0.54 0.3625 0.5275000000000001
2 0.34375 0.6325000000000001 0.33625 0.6325000000000001 0.33625 0.645 0.34375 0.645 0.34375 0.6325000000000001
5 0.39125 0.39 0.38375 0.39 0.38375 0.4 0.39125 0.4 0.39125 0.39
5 0.395 0.3725 0.3875 0.3725 0.3875 0.3825 0.395 0.3825 0.395 0.3725
5 0.36625 0.37 0.36124999999999996 0.37 0.36124999999999996 0.375 0.36625 0.375 0.36625 0.37
5 0.31 0.41125 0.3 0.41125 0.3 0.41875 0.31 0.41875 0.31 0.41125
2 0.325 0.44375 0.3225 0.44375 0.3225 0.44875 0.325 0.44875 0.325 0.44375
5 0.25375000000000003 0.61 0.20875 0.61 0.20875 0.6325000000000001 0.25375000000000003 0.6325000000000001 0.25375000000000003 0.61