5 0.07625 0.20875 0.021249999999999998 0.20875 0.021249999999999998 0.22875 0.07625 0.22875 0.07625 0.20875
5 0.0325 0.21875 0.0025 0.21875 0.0025 0.24125000000000002 0.0325 0.24125000000000002 0.0325 0.21875
5 0.06375 0.22000000000000003 0.028749999999999998 0.22000000000000003 0.028749999999999998 0.2425 0.06375 0.2425 0.06375 0.22000000000000003
2 0 0.52 0.015 0.52 0.015 0.47750000000000004 0 0.47750000000000004 0 0.52
2 0.07625 0.34500000000000003 0.061250000000000006 0.34500000000000003 0.061250000000000006 0.38 0.07625 0.38 0.07625 0.34500000000000003
2 0.03 0.27125 0.015 0.27125 0.015 0.29625 0.03 0.29625 0.03 0.27125
2 0.025 0.24874999999999997 0.0125 0.24874999999999997 0.0125 0.26625 0.025 0.26625 0.025 0.24874999999999997
2 0.03625 0.2525 0.021249999999999998 0.2525 0.021249999999999998 0.26749999999999996 0.03625 0.26749999999999996 0.03625 0.2525
2 0.12375 0.5650000000000001 0.09875 0.5650000000000001 0.09875 0.6125 0.12375 0.6125 0.12375 0.5650000000000001
2 0.1675 0.5599999999999999 0.15 0.5599999999999999 0.15 0.5974999999999999 0.1675 0.5974999999999999 0.1675 0.5599999999999999
2 0.19 0.64 0.1675 0.64 0.1675 0.6725 0.19 0.6725 0.19 0.64
2 0.315 0.53125 0.2925 0.53125 0.2925 0.58125 0.315 0.58125 0.315 0.53125
2 0.27 0.61625 0.2525 0.61625 0.2525 0.66125 0.27 0.66125 0.27 0.61625
2 0.28125 0.58 0.25625 0.58 0.25625 0.625 0.28125 0.625 0.28125 0.58
2 0.26 0.585 0.24500000000000002 0.585 0.24500000000000002 0.625 0.26 0.625 0.26 0.585
2 0.2625 0.5662499999999999 0.24500000000000002 0.5662499999999999 0.24500000000000002 0.6012500000000001 0.2625 0.6012500000000001 0.2625 0.5662499999999999
2 0.14250000000000002 0.4225 0.12250000000000001 0.4225 0.12250000000000001 0.45999999999999996 0.14250000000000002 0.45999999999999996 0.14250000000000002 0.4225
2 0.135 0.42750000000000005 0.125 0.42750000000000005 0.125 0.44749999999999995 0.135 0.44749999999999995 0.135 0.42750000000000005
2 0.2225 0.48250000000000004 0.205 0.48250000000000004 0.205 0.52 0.2225 0.52 0.2225 0.48250000000000004
2 0.25875 0.505 0.24375 0.505 0.24375 0.5475 0.25875 0.5475 0.25875 0.505
2 0.27 0.52125 0.26 0.52125 0.26 0.54625 0.27 0.54625 0.27 0.52125
2 0.27749999999999997 0.5037499999999999 0.26 0.5037499999999999 0.26 0.5337500000000001 0.27749999999999997 0.5337500000000001 0.27749999999999997 0.5037499999999999
2 0.1975 0.43375 0.185 0.43375 0.185 0.47375 0.1975 0.47375 0.1975 0.43375
2 0.1875 0.45125000000000004 0.1775 0.45125000000000004 0.1775 0.47375 0.1875 0.47375 0.1875 0.45125000000000004
2 0.31875 0.37374999999999997 0.30375 0.37374999999999997 0.30375 0.40625 0.31875 0.40625 0.31875 0.37374999999999997
2 0.3325 0.37625000000000003 0.3175 0.37625000000000003 0.3175 0.40625 0.3325 0.40625 0.3325 0.37625000000000003
2 0.07375000000000001 0.3975 0.058750000000000004 0.3975 0.058750000000000004 0.42750000000000005 0.07375000000000001 0.42750000000000005 0.07375000000000001 0.3975
2 0.40499999999999997 0.38 0.39 0.38 0.39 0.4125 0.40499999999999997 0.4125 0.40499999999999997 0.38
2 0.43624999999999997 0.41624999999999995 0.42125 0.41624999999999995 0.42125 0.44625000000000004 0.43624999999999997 0.44625000000000004 0.43624999999999997 0.41624999999999995
2 0.44375 0.43375 0.43375 0.43375 0.43375 0.44875 0.44375 0.44875 0.44375 0.43375
2 0.45625 0.4375 0.44375 0.4375 0.44375 0.45 0.45625 0.45 0.45625 0.4375
5 0.16875 0.50625 0.13874999999999998 0.50625 0.13874999999999998 0.5587500000000001 0.16875 0.5587500000000001 0.16875 0.50625
2 0.57875 0.5225 0.55625 0.5225 0.55625 0.5775 0.57875 0.5775 0.57875 0.5225
2 0.58375 0.61125 0.56125 0.61125 0.56125 0.6637500000000001 0.58375 0.6637500000000001 0.58375 0.61125
2 0.585 0.60625 0.5725 0.60625 0.5725 0.6287499999999999 0.585 0.6287499999999999 0.585 0.60625
2 0.61625 0.5237499999999999 0.5962500000000001 0.5237499999999999 0.5962500000000001 0.57625 0.61625 0.57625 0.61625 0.5237499999999999
2 0.6012500000000001 0.5625 0.57875 0.5625 0.57875 0.61 0.6012500000000001 0.61 0.6012500000000001 0.5625
2 0.61625 0.57375 0.5962500000000001 0.57375 0.5962500000000001 0.6287499999999999 0.61625 0.6287499999999999 0.61625 0.57375
2 0.6275000000000001 0.5662499999999999 0.6075 0.5662499999999999 0.6075 0.60625 0.6275000000000001 0.60625 0.6275000000000001 0.5662499999999999
2 0.20875 0.33625 0.19875 0.33625 0.19875 0.36124999999999996 0.20875 0.36124999999999996 0.20875 0.33625
2 0.20249999999999999 0.34375 0.1925 0.34375 0.1925 0.36124999999999996 0.20249999999999999 0.36124999999999996 0.20249999999999999 0.34375
2 0.22625 0.34249999999999997 0.21625 0.34249999999999997 0.21625 0.365 0.22625 0.365 0.22625 0.34249999999999997
2 0.20625 0.35625 0.19875 0.35625 0.19875 0.38375 0.20625 0.38375 0.20625 0.35625
2 0.19125 0.38 0.16875 0.38 0.16875 0.4 0.19125 0.4 0.19125 0.38
2 0.275 0.32125 0.2625 0.32125 0.2625 0.34875 0.275 0.34875 0.275 0.32125
2 0.26625 0.31625000000000003 0.25375000000000003 0.31625000000000003 0.25375000000000003 0.34125 0.26625 0.34125 0.26625 0.31625000000000003
2 0.2525 0.3325 0.2425 0.3325 0.2425 0.35 0.2525 0.35 0.2525 0.3325
2 0.325 0.31375000000000003 0.315 0.31375000000000003 0.315 0.33875 0.325 0.33875 0.325 0.31375000000000003
2 0.31625000000000003 0.32 0.30375 0.32 0.30375 0.3375 0.31625000000000003 0.3375 0.31625000000000003 0.32
2 0.2475 0.275 0.2375 0.275 0.2375 0.29500000000000004 0.2475 0.29500000000000004 0.2475 0.275
2 0.24625 0.2925 0.23374999999999999 0.2925 0.23374999999999999 0.315 0.24625 0.315 0.24625 0.2925
2 0.6487499999999999 0.60875 0.6212500000000001 0.60875 0.6212500000000001 0.65625 0.6487499999999999 0.65625 0.6487499999999999 0.60875
2 0.57625 0.4325 0.55625 0.4325 0.55625 0.475 0.57625 0.475 0.57625 0.4325
2 0.5599999999999999 0.43875000000000003 0.5425 0.43875000000000003 0.5425 0.47874999999999995 0.5599999999999999 0.47874999999999995 0.5599999999999999 0.43875000000000003
2 0.48 0.3875 0.46749999999999997 0.3875 0.46749999999999997 0.4175 0.48 0.4175 0.48 0.3875
2 0.5287499999999999 0.39 0.51375 0.39 0.51375 0.425 0.5287499999999999 0.425 0.5287499999999999 0.39
2 0.54 0.4175 0.525 0.4175 0.525 0.45499999999999996 0.54 0.45499999999999996 0.54 0.4175
2 0.54625 0.42625 0.5337500000000001 0.42625 0.5337500000000001 0.46375 0.54625 0.46375 0.54625 0.42625
2 0.445 0.3525 0.43 0.3525 0.43 0.375 0.445 0.375 0.445 0.3525
2 0.305 0.27999999999999997 0.2925 0.27999999999999997 0.2925 0.3075 0.305 0.3075 0.305 0.27999999999999997
2 0.02375 0.2875 0.013750000000000002 0.2875 0.013750000000000002 0.31 0.02375 0.31 0.02375 0.2875
2 0.017499999999999998 0.29500000000000004 0.0075 0.29500000000000004 0.0075 0.3125 0.017499999999999998 0.3125 0.017499999999999998 0.29500000000000004
2 0.027500000000000004 0.29375 0.02 0.29375 0.02 0.31124999999999997 0.027500000000000004 0.31124999999999997 0.027500000000000004 0.29375
2 0.49124999999999996 0.4 0.48125 0.4 0.48125 0.42750000000000005 0.49124999999999996 0.42750000000000005 0.49124999999999996 0.4
2 0.50125 0.41 0.48875 0.41 0.48875 0.44000000000000006 0.50125 0.44000000000000006 0.50125 0.41
2 0.485 0.34875 0.4725 0.34875 0.4725 0.38125 0.485 0.38125 0.485 0.34875
2 0.4925 0.3675 0.48250000000000004 0.3675 0.48250000000000004 0.4 0.4925 0.4 0.4925 0.3675
2 0.52 0.375 0.49749999999999994 0.375 0.49749999999999994 0.4 0.52 0.4 0.52 0.375
2 0.5475 0.34125 0.5325 0.34125 0.5325 0.37625000000000003 0.5475 0.37625000000000003 0.5475 0.34125
2 0.5287499999999999 0.34625 0.51625 0.34625 0.51625 0.37625000000000003 0.5287499999999999 0.37625000000000003 0.5287499999999999 0.34625
2 0.505 0.34125 0.4925 0.34125 0.4925 0.36875 0.505 0.36875 0.505 0.34125
2 0.5175 0.34375 0.505 0.34375 0.505 0.37374999999999997 0.5175 0.37374999999999997 0.5175 0.34375
2 0.505 0.36375 0.49000000000000005 0.36375 0.49000000000000005 0.38875000000000004 0.505 0.38875000000000004 0.505 0.36375
2 0.48125 0.3175 0.46875 0.3175 0.46875 0.34500000000000003 0.48125 0.34500000000000003 0.48125 0.3175
2 0.48624999999999996 0.30874999999999997 0.47625 0.30874999999999997 0.47625 0.33625 0.48624999999999996 0.33625 0.48624999999999996 0.30874999999999997
2 0.45875000000000005 0.3 0.44875 0.3 0.44875 0.3275 0.45875000000000005 0.3275 0.45875000000000005 0.3
2 0.37625000000000003 0.2925 0.36625 0.2925 0.36625 0.315 0.37625000000000003 0.315 0.37625000000000003 0.2925
2 0.43875000000000003 0.3025 0.42625 0.3025 0.42625 0.3275 0.43875000000000003 0.3275 0.43875000000000003 0.3025
2 0.56125 0.2925 0.55125 0.2925 0.55125 0.32 0.56125 0.32 0.56125 0.2925
2 0.5337500000000001 0.3125 0.5237499999999999 0.3125 0.5237499999999999 0.33999999999999997 0.5337500000000001 0.33999999999999997 0.5337500000000001 0.3125
2 0.53625 0.26125 0.52625 0.26125 0.52625 0.28125 0.53625 0.28125 0.53625 0.26125
2 0.55 0.31875 0.5375 0.31875 0.5375 0.34375 0.55 0.34375 0.55 0.31875
2 0.5662499999999999 0.32375 0.55375 0.32375 0.55375 0.34875 0.5662499999999999 0.34875 0.5662499999999999 0.32375
2 0.26625 0.26749999999999996 0.25625 0.26749999999999996 0.25625 0.2875 0.26625 0.2875 0.26625 0.26749999999999996
2 0.27375 0.27 0.26375000000000004 0.27 0.26375000000000004 0.29 0.27375 0.29 0.27375 0.27
2 0.28375 0.27125 0.27375 0.27125 0.27375 0.29375 0.28375 0.29375 0.28375 0.27125
2 0.29625 0.27125 0.28375 0.27125 0.28375 0.28875 0.29625 0.28875 0.29625 0.27125
2 0.2575 0.265 0.24500000000000002 0.265 0.24500000000000002 0.27999999999999997 0.2575 0.27999999999999997 0.2575 0.265
5 0.34249999999999997 0.27999999999999997 0.3075 0.27999999999999997 0.3075 0.305 0.34249999999999997 0.305 0.34249999999999997 0.27999999999999997
2 0.38875000000000004 0.305 0.37625000000000003 0.305 0.37625000000000003 0.325 0.38875000000000004 0.325 0.38875000000000004 0.305
2 0.3975 0.30874999999999997 0.3875 0.30874999999999997 0.3875 0.32875 0.3975 0.32875 0.3975 0.30874999999999997
2 0.40125 0.30375 0.39125 0.30375 0.39125 0.32375 0.40125 0.32375 0.40125 0.30375
2 0.40625 0.31124999999999997 0.39875 0.31124999999999997 0.39875 0.33125 0.40625 0.33125 0.40625 0.31124999999999997
2 0.4125 0.315 0.4025 0.315 0.4025 0.32999999999999996 0.4125 0.32999999999999996 0.4125 0.315
2 0.47125000000000006 0.3175 0.46125 0.3175 0.46125 0.34249999999999997 0.47125000000000006 0.34249999999999997 0.47125000000000006 0.3175
2 0.61375 0.3 0.59875 0.3 0.59875 0.32 0.61375 0.32 0.61375 0.3
5 0.49375 0.25125000000000003 0.42374999999999996 0.25125000000000003 0.42374999999999996 0.28875 0.49375 0.28875 0.49375 0.25125000000000003