2 0.6625 0.5425 0.645 0.5425 0.645 0.5700000000000001 0.6625 0.5700000000000001 0.6625 0.5425
2 0.7112499999999999 0.54625 0.69875 0.54625 0.69875 0.57125 0.7112499999999999 0.57125 0.7112499999999999 0.54625
2 0.7125 0.5599999999999999 0.7025 0.5599999999999999 0.7025 0.5825 0.7125 0.5825 0.7125 0.5599999999999999
5 0.86 0.51 0.7675 0.51 0.7675 0.5625 0.86 0.5625 0.86 0.51
5 0.55 0.43 0.515 0.43 0.515 0.47750000000000004 0.55 0.47750000000000004 0.55 0.43
5 0.49749999999999994 0.37124999999999997 0.46749999999999997 0.37124999999999997 0.46749999999999997 0.40625 0.49749999999999994 0.40625 0.49749999999999994 0.37124999999999997
2 0.655 0.44875 0.6425 0.44875 0.6425 0.46624999999999994 0.655 0.46624999999999994 0.655 0.44875
2 0.65125 0.4425 0.63875 0.4425 0.63875 0.46749999999999997 0.65125 0.46749999999999997 0.65125 0.4425
5 0.70125 0.425 0.68125 0.425 0.68125 0.45999999999999996 0.70125 0.45999999999999996 0.70125 0.425
2 0.52125 0.3825 0.51125 0.3825 0.51125 0.4025 0.52125 0.4025 0.52125 0.3825
2 0.52 0.38625 0.5125 0.38625 0.5125 0.39875 0.52 0.39875 0.52 0.38625
2 0.51875 0.37 0.50875 0.37 0.50875 0.39 0.51875 0.39 0.51875 0.37
2 0.50125 0.35625 0.49124999999999996 0.35625 0.49124999999999996 0.37374999999999997 0.50125 0.37374999999999997 0.50125 0.35625
5 0.55 0.33999999999999997 0.52 0.33999999999999997 0.52 0.3725 0.55 0.3725 0.55 0.33999999999999997
2 0.57875 0.34500000000000003 0.57125 0.34500000000000003 0.57125 0.36 0.57875 0.36 0.57875 0.34500000000000003
5 0.6475 0.33625 0.615 0.33625 0.615 0.37625000000000003 0.6475 0.37625000000000003 0.6475 0.33625
5 0.705 0.35375 0.6599999999999999 0.35375 0.6599999999999999 0.37875000000000003 0.705 0.37875000000000003 0.705 0.35375
2 0.72375 0.34625 0.7162499999999999 0.34625 0.7162499999999999 0.36625 0.72375 0.36625 0.72375 0.34625
5 0.5237499999999999 0.3025 0.50125 0.3025 0.50125 0.3325 0.5237499999999999 0.3325 0.5237499999999999 0.3025
2 0.56875 0.2975 0.56125 0.2975 0.56125 0.31 0.56875 0.31 0.56875 0.2975
2 0.49375 0.24874999999999997 0.48875 0.24874999999999997 0.48875 0.25875 0.49375 0.25875 0.49375 0.24874999999999997
5 0.53625 0.26125 0.51875 0.26125 0.51875 0.27625 0.53625 0.27625 0.53625 0.26125
5 0.5349999999999999 0.24500000000000002 0.5175 0.24500000000000002 0.5175 0.26 0.5349999999999999 0.26 0.5349999999999999 0.24500000000000002
5 0.5225 0.23500000000000001 0.51 0.23500000000000001 0.51 0.2475 0.5225 0.2475 0.5225 0.23500000000000001
5 0.5225 0.22125 0.51 0.22125 0.51 0.23625 0.5225 0.23625 0.5225 0.22125
5 0.51875 0.20125 0.50625 0.20125 0.50625 0.20875 0.51875 0.20875 0.51875 0.20125
5 0.52 0.21749999999999997 0.5125 0.21749999999999997 0.5125 0.22749999999999998 0.52 0.22749999999999998 0.52 0.21749999999999997
5 0.5237499999999999 0.2125 0.51125 0.2125 0.51125 0.22000000000000003 0.5237499999999999 0.22000000000000003 0.5237499999999999 0.2125
5 0.525 0.185 0.505 0.185 0.505 0.1925 0.525 0.1925 0.525 0.185
2 0.54375 0.24125000000000002 0.5387500000000001 0.24125000000000002 0.5387500000000001 0.25125000000000003 0.54375 0.25125000000000003 0.54375 0.24125000000000002
2 0.5475 0.23500000000000001 0.5425 0.23500000000000001 0.5425 0.24500000000000002 0.5475 0.24500000000000002 0.5475 0.23500000000000001
2 0.5912499999999999 0.27749999999999997 0.58875 0.27749999999999997 0.58875 0.29 0.5912499999999999 0.29 0.5912499999999999 0.27749999999999997
2 0.495 0.19125 0.4925 0.19125 0.4925 0.20125 0.495 0.20125 0.495 0.19125