5 0.63625 0.4375 0.6212500000000001 0.4375 0.6212500000000001 0.47000000000000003 0.63625 0.47000000000000003 0.63625 0.4375
5 0.505 0.36124999999999996 0.4725 0.36124999999999996 0.4725 0.39125 0.505 0.39125 0.505 0.36124999999999996
5 0.46624999999999994 0.4325 0.42874999999999996 0.4325 0.42874999999999996 0.475 0.46624999999999994 0.475 0.46624999999999994 0.4325
5 0.6075 0.29500000000000004 0.5925 0.29500000000000004 0.5925 0.31 0.6075 0.31 0.6075 0.29500000000000004
5 0.5549999999999999 0.28875 0.5375 0.28875 0.5375 0.30625 0.5549999999999999 0.30625 0.5549999999999999 0.28875
5 0.5287499999999999 0.305 0.50625 0.305 0.50625 0.3375 0.5287499999999999 0.3375 0.5287499999999999 0.305
2 0.6325000000000001 0.30125 0.625 0.30125 0.625 0.31625000000000003 0.6325000000000001 0.31625000000000003 0.6325000000000001 0.30125
2 0.61375 0.37625000000000003 0.59875 0.37625000000000003 0.59875 0.38625 0.61375 0.38625 0.61375 0.37625000000000003
2 0.59875 0.495 0.5862499999999999 0.495 0.5862499999999999 0.5175 0.59875 0.5175 0.59875 0.495
2 0.6174999999999999 0.265 0.61 0.265 0.61 0.275 0.6174999999999999 0.275 0.6174999999999999 0.265
2 0.55625 0.27 0.54625 0.27 0.54625 0.27999999999999997 0.55625 0.27999999999999997 0.55625 0.27
5 0.67125 0.3675 0.6537499999999999 0.3675 0.6537499999999999 0.3875 0.67125 0.3875 0.67125 0.3675
2 0.46125 0.5225 0.44625000000000004 0.5225 0.44625000000000004 0.545 0.46125 0.545 0.46125 0.5225