5 0.7474999999999999 0.7462500000000001 0.7075 0.7462500000000001 0.7075 0.81375 0.7474999999999999 0.81375 0.7474999999999999 0.7462500000000001
5 0.6625 0.49124999999999996 0.6275000000000001 0.49124999999999996 0.6275000000000001 0.5287499999999999 0.6625 0.5287499999999999 0.6625 0.49124999999999996
5 0.72 0.39125 0.6925 0.39125 0.6925 0.42374999999999996 0.72 0.42374999999999996 0.72 0.39125
5 0.81375 0.38625 0.79375 0.38625 0.79375 0.40875000000000006 0.81375 0.40875000000000006 0.81375 0.38625
5 0.745 0.32625000000000004 0.725 0.32625000000000004 0.725 0.35125 0.745 0.35125 0.745 0.32625000000000004
5 0.76625 0.25375000000000003 0.72875 0.25375000000000003 0.72875 0.27375 0.76625 0.27375 0.76625 0.25375000000000003
5 0.9775 0.23500000000000001 0.9650000000000001 0.23500000000000001 0.9650000000000001 0.2475 0.9775 0.2475 0.9775 0.23500000000000001
5 0.94625 0.2225 0.92125 0.2225 0.92125 0.26 0.94625 0.26 0.94625 0.2225
5 0.9550000000000001 0.13374999999999998 0.9400000000000001 0.13374999999999998 0.9400000000000001 0.15625 0.9550000000000001 0.15625 0.9550000000000001 0.13374999999999998
5 0.76375 0.12250000000000001 0.74375 0.12250000000000001 0.74375 0.14250000000000002 0.76375 0.14250000000000002 0.76375 0.12250000000000001
5 0.89125 0.18375 0.88125 0.18375 0.88125 0.19125 0.89125 0.19125 0.89125 0.18375
5 0.83125 0.14875 0.82125 0.14875 0.82125 0.15875 0.83125 0.15875 0.83125 0.14875
5 0.81125 0.14250000000000002 0.80375 0.14250000000000002 0.80375 0.15 0.81125 0.15 0.81125 0.14250000000000002
5 0.805 0.1275 0.7975 0.1275 0.7975 0.135 0.805 0.135 0.805 0.1275
5 0.85875 0.11875 0.85375 0.11875 0.85375 0.12375 0.85875 0.12375 0.85875 0.11875
5 0.8474999999999999 0.08499999999999999 0.8425 0.08499999999999999 0.8425 0.09 0.8474999999999999 0.09 0.8474999999999999 0.08499999999999999
5 0.81875 0.08 0.81375 0.08 0.81375 0.08499999999999999 0.81875 0.08499999999999999 0.81875 0.08
5 0.86625 0.07375000000000001 0.85875 0.07375000000000001 0.85875 0.08375 0.86625 0.08375 0.86625 0.07375000000000001
5 0.83625 0.07375000000000001 0.83125 0.07375000000000001 0.83125 0.07625 0.83625 0.07625 0.83625 0.07375000000000001
5 0.75875 0.11000000000000001 0.75125 0.11000000000000001 0.75125 0.11499999999999999 0.75875 0.11499999999999999 0.75875 0.11000000000000001