2 0.4325 0.62625 0.42000000000000004 0.62625 0.42000000000000004 0.65125 0.4325 0.65125 0.4325 0.62625
2 0.43624999999999997 0.6125 0.42125 0.6125 0.42125 0.64 0.43624999999999997 0.64 0.43624999999999997 0.6125
2 0.3025 0.58875 0.28500000000000003 0.58875 0.28500000000000003 0.62375 0.3025 0.62375 0.3025 0.58875
2 0.355 0.61 0.34249999999999997 0.61 0.34249999999999997 0.6375 0.355 0.6375 0.355 0.61
2 0.36 0.6012500000000001 0.34500000000000003 0.6012500000000001 0.34500000000000003 0.63875 0.36 0.63875 0.36 0.6012500000000001
2 0.52 0.53625 0.505 0.53625 0.505 0.55625 0.52 0.55625 0.52 0.53625
2 0.5225 0.5275000000000001 0.5025000000000001 0.5275000000000001 0.5025000000000001 0.5599999999999999 0.5225 0.5599999999999999 0.5225 0.5275000000000001
2 0.4325 0.3975 0.425 0.3975 0.425 0.41500000000000004 0.4325 0.41500000000000004 0.4325 0.3975
2 0.42374999999999996 0.37875000000000003 0.41624999999999995 0.37875000000000003 0.41624999999999995 0.39625 0.42374999999999996 0.39625 0.42374999999999996 0.37875000000000003
2 0.4425 0.3625 0.4325 0.3625 0.4325 0.38 0.4425 0.38 0.4425 0.3625
2 0.48 0.3975 0.4725 0.3975 0.4725 0.41500000000000004 0.48 0.41500000000000004 0.48 0.3975
2 0.49874999999999997 0.3525 0.49375 0.3525 0.49375 0.3725 0.49874999999999997 0.3725 0.49874999999999997 0.3525
2 0.31124999999999997 0.6575 0.29375 0.6575 0.29375 0.675 0.31124999999999997 0.675 0.31124999999999997 0.6575
2 0.44375 0.3225 0.43875000000000003 0.3225 0.43875000000000003 0.3375 0.44375 0.3375 0.44375 0.3225
2 0.51875 0.38 0.51125 0.38 0.51125 0.39249999999999996 0.51875 0.39249999999999996 0.51875 0.38
5 0.44125 0.315 0.40625 0.315 0.40625 0.3325 0.44125 0.3325 0.44125 0.315
5 0.44375 0.3 0.40625 0.3 0.40625 0.315 0.44375 0.315 0.44375 0.3
5 0.48875 0.26625 0.47375 0.26625 0.47375 0.27875 0.48875 0.27875 0.48875 0.26625
5 0.475 0.24375 0.465 0.24375 0.465 0.25375000000000003 0.475 0.25375000000000003 0.475 0.24375
5 0.53625 0.325 0.51625 0.325 0.51625 0.34500000000000003 0.53625 0.34500000000000003 0.53625 0.325
5 0.5 0.3325 0.485 0.3325 0.485 0.35 0.5 0.35 0.5 0.3325
5 0.53125 0.34500000000000003 0.50125 0.34500000000000003 0.50125 0.37 0.53125 0.37 0.53125 0.34500000000000003
2 0.5349999999999999 0.39249999999999996 0.5275000000000001 0.39249999999999996 0.5275000000000001 0.4125 0.5349999999999999 0.4125 0.5349999999999999 0.39249999999999996
5 0.47874999999999995 0.49124999999999996 0.43624999999999997 0.49124999999999996 0.43624999999999997 0.5387500000000001 0.47874999999999995 0.5387500000000001 0.47874999999999995 0.49124999999999996