2 0.39125 0.72 0.36875 0.72 0.36875 0.7675 0.39125 0.7675 0.39125 0.72
2 0.5599999999999999 0.64625 0.5275000000000001 0.64625 0.5275000000000001 0.68875 0.5599999999999999 0.68875 0.5599999999999999 0.64625
5 0.8975 0.31875 0.8099999999999999 0.31875 0.8099999999999999 0.35375 0.8975 0.35375 0.8975 0.31875
5 0.95 0.3275 0.9099999999999999 0.3275 0.9099999999999999 0.355 0.95 0.355 0.95 0.3275
2 0.79625 0.335 0.7837500000000001 0.335 0.7837500000000001 0.355 0.79625 0.355 0.79625 0.335
5 0.70375 0.31124999999999997 0.64125 0.31124999999999997 0.64125 0.34625 0.70375 0.34625 0.70375 0.31124999999999997
5 0.5575 0.35 0.46749999999999997 0.35 0.46749999999999997 0.3825 0.5575 0.3825 0.5575 0.35
2 0.495 0.41624999999999995 0.475 0.41624999999999995 0.475 0.44375 0.495 0.44375 0.495 0.41624999999999995
2 0.34375 0.34875 0.32875 0.34875 0.32875 0.37124999999999997 0.34375 0.37124999999999997 0.34375 0.34875
5 0.275 0.32625000000000004 0.1975 0.32625000000000004 0.1975 0.36375 0.275 0.36375 0.275 0.32625000000000004
2 0.058750000000000004 0.35 0.04625 0.35 0.04625 0.3775 0.058750000000000004 0.3775 0.058750000000000004 0.35
2 0.061250000000000006 0.29874999999999996 0.05125 0.29874999999999996 0.05125 0.31625000000000003 0.061250000000000006 0.31625000000000003 0.061250000000000006 0.29874999999999996
5 0.065 0.29874999999999996 0.0475 0.29874999999999996 0.0475 0.32375 0.065 0.32375 0.065 0.29874999999999996
5 0.15625 0.26 0.12875 0.26 0.12875 0.28500000000000003 0.15625 0.28500000000000003 0.15625 0.26
5 0.13999999999999999 0.225 0.12 0.225 0.12 0.25 0.13999999999999999 0.25 0.13999999999999999 0.225
5 0.1025 0.25625 0.0725 0.25625 0.0725 0.28875 0.1025 0.28875 0.1025 0.25625
5 0.09625 0.24625 0.07125000000000001 0.24625 0.07125000000000001 0.26875 0.09625 0.26875 0.09625 0.24625
5 0.0875 0.22999999999999998 0.0625 0.22999999999999998 0.0625 0.2525 0.0875 0.2525 0.0875 0.22999999999999998
5 0.08249999999999999 0.21875 0.0625 0.21875 0.0625 0.23875000000000002 0.08249999999999999 0.23875000000000002 0.08249999999999999 0.21875
5 0.08499999999999999 0.20750000000000002 0.065 0.20750000000000002 0.065 0.22749999999999998 0.08499999999999999 0.22749999999999998 0.08499999999999999 0.20750000000000002
5 0.05625 0.1875 0.03375 0.1875 0.03375 0.2125 0.05625 0.2125 0.05625 0.1875
5 0.08249999999999999 0.18375 0.0625 0.18375 0.0625 0.20375000000000001 0.08249999999999999 0.20375000000000001 0.08249999999999999 0.18375
2 0.027500000000000004 0.19875 0.0225 0.19875 0.0225 0.21625 0.027500000000000004 0.21625 0.027500000000000004 0.19875
2 0.03375 0.14875 0.028749999999999998 0.14875 0.028749999999999998 0.16125 0.03375 0.16125 0.03375 0.14875
2 0.05500000000000001 0.1525 0.05 0.1525 0.05 0.1675 0.05500000000000001 0.1675 0.05500000000000001 0.1525
2 0.042499999999999996 0.11875 0.04 0.11875 0.04 0.13125 0.042499999999999996 0.13125 0.042499999999999996 0.11875
2 0.10500000000000001 0.11374999999999999 0.1025 0.11374999999999999 0.1025 0.12375 0.10500000000000001 0.12375 0.10500000000000001 0.11374999999999999
2 0.09375 0.12250000000000001 0.09125 0.12250000000000001 0.09125 0.1325 0.09375 0.1325 0.09375 0.12250000000000001
5 0.16375 0.14625 0.13374999999999998 0.14625 0.13374999999999998 0.15875 0.16375 0.15875 0.16375 0.14625
5 0.16 0.1375 0.1275 0.1375 0.1275 0.155 0.16 0.155 0.16 0.1375
5 0.12375 0.12125 0.11374999999999999 0.12125 0.11374999999999999 0.12875 0.12375 0.12875 0.12375 0.12125
5 0.11499999999999999 0.1075 0.10500000000000001 0.1075 0.10500000000000001 0.11750000000000001 0.11499999999999999 0.11750000000000001 0.11499999999999999 0.1075
5 0.1075 0.10124999999999999 0.1 0.10124999999999999 0.1 0.10874999999999999 0.1075 0.10874999999999999 0.1075 0.10124999999999999
5 0.095 0.09125 0.08499999999999999 0.09125 0.08499999999999999 0.09875 0.095 0.09875 0.095 0.09125
5 0.061250000000000006 0.09125 0.05125 0.09125 0.05125 0.09875 0.061250000000000006 0.09875 0.061250000000000006 0.09125
5 0.08125 0.07875 0.07375000000000001 0.07875 0.07375000000000001 0.08625000000000001 0.08125 0.08625000000000001 0.08125 0.07875
5 0.034999999999999996 0.1025 0.025 0.1025 0.025 0.1125 0.034999999999999996 0.1125 0.034999999999999996 0.1025
5 0.052500000000000005 0.08 0.0475 0.08 0.0475 0.08499999999999999 0.052500000000000005 0.08499999999999999 0.052500000000000005 0.08
5 0.05 0.0775 0.045 0.0775 0.045 0.08249999999999999 0.05 0.08249999999999999 0.05 0.0775
5 0.04625 0.06999999999999999 0.041249999999999995 0.06999999999999999 0.041249999999999995 0.0775 0.04625 0.0775 0.04625 0.06999999999999999
5 0.05500000000000001 0.065 0.05 0.065 0.05 0.06999999999999999 0.05500000000000001 0.06999999999999999 0.05500000000000001 0.065
5 0.06375 0.06875 0.05625 0.06875 0.05625 0.07875 0.06375 0.07875 0.06375 0.06875
2 0.06999999999999999 0.08125 0.0675 0.08125 0.0675 0.08875 0.06999999999999999 0.08875 0.06999999999999999 0.08125