5 0.905 0.54 0.8574999999999999 0.54 0.8574999999999999 0.5575 0.905 0.5575 0.905 0.54
5 0.73375 0.5125 0.67875 0.5125 0.67875 0.5375 0.73375 0.5375 0.73375 0.5125
5 0.57375 0.5337500000000001 0.55625 0.5337500000000001 0.55625 0.5387500000000001 0.57375 0.5387500000000001 0.57375 0.5337500000000001
5 0.32 0.645 0.29500000000000004 0.645 0.29500000000000004 0.655 0.32 0.655 0.32 0.645
5 0.23625 0.6375 0.21375000000000002 0.6375 0.21375000000000002 0.65 0.23625 0.65 0.23625 0.6375
5 0.1975 0.63125 0.18 0.63125 0.18 0.64125 0.1975 0.64125 0.1975 0.63125
5 0.01625 0.67875 0.00125 0.67875 0.00125 0.6912499999999999 0.01625 0.6912499999999999 0.01625 0.67875
5 0.04875 0.57875 0.03875 0.57875 0.03875 0.58875 0.04875 0.58875 0.04875 0.57875
5 0.11875 0.5387500000000001 0.09375 0.5387500000000001 0.09375 0.56125 0.11875 0.56125 0.11875 0.5387500000000001
5 0.19875 0.5287499999999999 0.18375 0.5287499999999999 0.18375 0.54375 0.19875 0.54375 0.19875 0.5287499999999999
5 0.21000000000000002 0.45625 0.20249999999999999 0.45625 0.20249999999999999 0.46125 0.21000000000000002 0.46125 0.21000000000000002 0.45625
5 0.1825 0.91875 0.14750000000000002 0.91875 0.14750000000000002 0.93875 0.1825 0.93875 0.1825 0.91875
5 0.6912499999999999 0.9400000000000001 0.6487499999999999 0.9400000000000001 0.6487499999999999 0.9550000000000001 0.6912499999999999 0.9550000000000001 0.6912499999999999 0.9400000000000001
5 0.34875 0.46375 0.33625 0.46375 0.33625 0.46875 0.34875 0.46875 0.34875 0.46375
5 0.29874999999999996 0.44375 0.27875 0.44375 0.27875 0.45875000000000005 0.29874999999999996 0.45875000000000005 0.29874999999999996 0.44375
5 0.255 0.44875 0.25 0.44875 0.25 0.45375 0.255 0.45375 0.255 0.44875
5 0.2475 0.42625 0.2375 0.42625 0.2375 0.43624999999999997 0.2475 0.43624999999999997 0.2475 0.42625
5 0.26 0.41875 0.255 0.41875 0.255 0.42374999999999996 0.26 0.42374999999999996 0.26 0.41875
5 0.29 0.40374999999999994 0.28500000000000003 0.40374999999999994 0.28500000000000003 0.40875000000000006 0.29 0.40875000000000006 0.29 0.40374999999999994
5 0.30874999999999997 0.385 0.30125 0.385 0.30125 0.39249999999999996 0.30874999999999997 0.39249999999999996 0.30874999999999997 0.385