5 0.49124999999999996 0.445 0.39125 0.445 0.39125 0.49000000000000005 0.49124999999999996 0.49000000000000005 0.49124999999999996 0.445
5 0.945 0.3975 0.8550000000000001 0.3975 0.8550000000000001 0.4325 0.945 0.4325 0.945 0.3975
5 0.97875 0.51625 0.89125 0.51625 0.89125 0.57125 0.97875 0.57125 0.97875 0.51625
5 1 0.3175 0.9512499999999999 0.3175 0.9512499999999999 0.34500000000000003 1 0.34500000000000003 1 0.3175
5 0.9637499999999999 0.35625 0.8887499999999999 0.35625 0.8887499999999999 0.38875000000000004 0.9637499999999999 0.38875000000000004 0.9637499999999999 0.35625
5 0.9237500000000001 0.29874999999999996 0.87375 0.29874999999999996 0.87375 0.31875 0.9237500000000001 0.31875 0.9237500000000001 0.29874999999999996
5 0.8025 0.34500000000000003 0.7575000000000001 0.34500000000000003 0.7575000000000001 0.3625 0.8025 0.3625 0.8025 0.34500000000000003
5 0.35 0.38375 0.26 0.38375 0.26 0.43624999999999997 0.35 0.43624999999999997 0.35 0.38375
2 0.9412499999999999 0.485 0.91875 0.485 0.91875 0.515 0.9412499999999999 0.515 0.9412499999999999 0.485
2 0.89625 0.5575 0.8787499999999999 0.5575 0.8787499999999999 0.5925 0.89625 0.5925 0.89625 0.5575
2 0.8412499999999999 0.585 0.8162499999999999 0.585 0.8162499999999999 0.625 0.8412499999999999 0.625 0.8412499999999999 0.585
2 0.71375 0.54 0.69625 0.54 0.69625 0.5825 0.71375 0.5825 0.71375 0.54
2 0.43624999999999997 0.32999999999999996 0.42125 0.32999999999999996 0.42125 0.35 0.43624999999999997 0.35 0.43624999999999997 0.32999999999999996
2 0.22999999999999998 0.39249999999999996 0.2125 0.39249999999999996 0.2125 0.42000000000000004 0.22999999999999998 0.42000000000000004 0.22999999999999998 0.39249999999999996
2 0.215 0.34750000000000003 0.20249999999999999 0.34750000000000003 0.20249999999999999 0.3675 0.215 0.3675 0.215 0.34750000000000003
2 0.35375 0.31375000000000003 0.34375 0.31375000000000003 0.34375 0.33125 0.35375 0.33125 0.35375 0.31375000000000003
2 0.78 0.33625 0.77 0.33625 0.77 0.35625 0.78 0.35625 0.78 0.33625
2 0.79 0.335 0.7775000000000001 0.335 0.7775000000000001 0.355 0.79 0.355 0.79 0.335
2 0.89375 0.34249999999999997 0.88125 0.34249999999999997 0.88125 0.3625 0.89375 0.3625 0.89375 0.34249999999999997
2 0.6125 0.32875 0.6025 0.32875 0.6025 0.35375 0.6125 0.35375 0.6125 0.32875
2 0.67875 0.5825 0.66125 0.5825 0.66125 0.6325000000000001 0.67875 0.6325000000000001 0.67875 0.5825
5 0.41 0.28875 0.39 0.28875 0.39 0.30125 0.41 0.30125 0.41 0.28875
2 0.3075 0.28625 0.2975 0.28625 0.2975 0.30125 0.3075 0.30125 0.3075 0.28625
2 0.32625000000000004 0.28250000000000003 0.31625000000000003 0.28250000000000003 0.31625000000000003 0.2975 0.32625000000000004 0.2975 0.32625000000000004 0.28250000000000003
2 0.3025 0.265 0.29500000000000004 0.265 0.29500000000000004 0.27749999999999997 0.3025 0.27749999999999997 0.3025 0.265
2 0.27749999999999997 0.27749999999999997 0.26749999999999996 0.27749999999999997 0.26749999999999996 0.29 0.27749999999999997 0.29 0.27749999999999997 0.27749999999999997
2 0.40875000000000006 0.28250000000000003 0.39875 0.28250000000000003 0.39875 0.2975 0.40875000000000006 0.2975 0.40875000000000006 0.28250000000000003
2 0.43 0.28625 0.4225 0.28625 0.4225 0.29874999999999996 0.43 0.29874999999999996 0.43 0.28625
2 0.47625 0.275 0.46875 0.275 0.46875 0.29500000000000004 0.47625 0.29500000000000004 0.47625 0.275
2 0.46125 0.27 0.45375 0.27 0.45375 0.29 0.46125 0.29 0.46125 0.27
2 0.25875 0.27375 0.25125000000000003 0.27375 0.25125000000000003 0.28875 0.25875 0.28875 0.25875 0.27375
2 0.28375 0.29500000000000004 0.27625 0.29500000000000004 0.27625 0.31 0.28375 0.31 0.28375 0.29500000000000004