2 0.14125000000000001 0.04 0.13374999999999998 0.04 0.13374999999999998 0.065 0.14125000000000001 0.065 0.14125000000000001 0.04
2 0.135 0.04875 0.125 0.04875 0.125 0.07875 0.135 0.07875 0.135 0.04875
2 0.1 0.045 0.0875 0.045 0.0875 0.08499999999999999 0.1 0.08499999999999999 0.1 0.045
2 0.07125000000000001 0.05625 0.06375 0.05625 0.06375 0.08125 0.07125000000000001 0.08125 0.07125000000000001 0.05625
2 0.05625 0.052500000000000005 0.04625 0.052500000000000005 0.04625 0.075 0.05625 0.075 0.05625 0.052500000000000005
2 0.042499999999999996 0.057499999999999996 0.034999999999999996 0.057499999999999996 0.034999999999999996 0.08 0.042499999999999996 0.08 0.042499999999999996 0.057499999999999996
2 0.1775 0.04 0.16999999999999998 0.04 0.16999999999999998 0.06 0.1775 0.06 0.1775 0.04
2 0.185 0.04 0.1775 0.04 0.1775 0.065 0.185 0.065 0.185 0.04
2 0.2 0.041249999999999995 0.1875 0.041249999999999995 0.1875 0.061250000000000006 0.2 0.061250000000000006 0.2 0.041249999999999995
2 0.2225 0.04 0.2125 0.04 0.2125 0.06 0.2225 0.06 0.2225 0.04
2 0.2325 0.04 0.225 0.04 0.225 0.06 0.2325 0.06 0.2325 0.04
2 0.24 0.042499999999999996 0.2325 0.042499999999999996 0.2325 0.065 0.24 0.065 0.24 0.042499999999999996
2 0.24 0.03875 0.23500000000000001 0.03875 0.23500000000000001 0.06375 0.24 0.06375 0.24 0.03875
2 0.2475 0.052500000000000005 0.2375 0.052500000000000005 0.2375 0.08 0.2475 0.08 0.2475 0.052500000000000005
2 0.24874999999999997 0.06875 0.24125000000000002 0.06875 0.24125000000000002 0.09375 0.24874999999999997 0.09375 0.24874999999999997 0.06875
2 0.24125000000000002 0.06999999999999999 0.23625 0.06999999999999999 0.23625 0.09 0.24125000000000002 0.09 0.24125000000000002 0.06999999999999999
2 0.2375 0.0675 0.22749999999999998 0.0675 0.22749999999999998 0.0875 0.2375 0.0875 0.2375 0.0675
2 0.27125 0.04375 0.26125 0.04375 0.26125 0.061250000000000006 0.27125 0.061250000000000006 0.27125 0.04375
2 0.27749999999999997 0.034999999999999996 0.2725 0.034999999999999996 0.2725 0.05500000000000001 0.27749999999999997 0.05500000000000001 0.27749999999999997 0.034999999999999996
2 0.28125 0.0475 0.27375 0.0475 0.27375 0.06999999999999999 0.28125 0.06999999999999999 0.28125 0.0475
2 0.275 0.05500000000000001 0.26749999999999996 0.05500000000000001 0.26749999999999996 0.0775 0.275 0.0775 0.275 0.05500000000000001
2 0.26625 0.0675 0.26125 0.0675 0.26125 0.075 0.26625 0.075 0.26625 0.0675
2 0.21749999999999997 0.075 0.20750000000000002 0.075 0.20750000000000002 0.1 0.21749999999999997 0.1 0.21749999999999997 0.075
2 0.30874999999999997 0.041249999999999995 0.29874999999999996 0.041249999999999995 0.29874999999999996 0.06625 0.30874999999999997 0.06625 0.30874999999999997 0.041249999999999995
2 0.3175 0.0225 0.3125 0.0225 0.3125 0.0375 0.3175 0.0375 0.3175 0.0225
2 0.35375 0.01875 0.34875 0.01875 0.34875 0.03375 0.35375 0.03375 0.35375 0.01875
2 0.34625 0.04625 0.33875 0.04625 0.33875 0.05375 0.34625 0.05375 0.34625 0.04625
2 0.325 0.05375 0.3175 0.05375 0.3175 0.07125000000000001 0.325 0.07125000000000001 0.325 0.05375
2 0.35875 0.04875 0.35125 0.04875 0.35125 0.07125000000000001 0.35875 0.07125000000000001 0.35875 0.04875
2 0.34875 0.075 0.34125 0.075 0.34125 0.0925 0.34875 0.0925 0.34875 0.075
2 0.30874999999999997 0.07125000000000001 0.30375 0.07125000000000001 0.30375 0.08625000000000001 0.30874999999999997 0.08625000000000001 0.30874999999999997 0.07125000000000001
2 0.30375 0.06875 0.29375 0.06875 0.29375 0.09625 0.30375 0.09625 0.30375 0.06875
2 0.19125 0.07125000000000001 0.17875000000000002 0.07125000000000001 0.17875000000000002 0.08375 0.19125 0.08375 0.19125 0.07125000000000001
2 0.17250000000000001 0.07625 0.16 0.07625 0.16 0.09125 0.17250000000000001 0.09125 0.17250000000000001 0.07625
2 0.0675 0.10124999999999999 0.05500000000000001 0.10124999999999999 0.05500000000000001 0.13874999999999998 0.0675 0.13874999999999998 0.0675 0.10124999999999999
2 0.19624999999999998 0.125 0.18375 0.125 0.18375 0.16499999999999998 0.19624999999999998 0.16499999999999998 0.19624999999999998 0.125
2 0.02375 0.11125 0.00125 0.11125 0.00125 0.15375 0.02375 0.15375 0.02375 0.11125
2 0 0.18125 0.0225 0.18125 0.0225 0.15625 0 0.15625 0 0.18125
2 0 0.16625 0.0125 0.16625 0.0125 0.11374999999999999 0 0.11374999999999999 0 0.16625
2 0.2975 0.20625 0.2625 0.20625 0.2625 0.23374999999999999 0.2975 0.23374999999999999 0.2975 0.20625
2 0.25625 0.21125 0.23125 0.21125 0.23125 0.27125 0.25625 0.27125 0.25625 0.21125
2 0.22625 0.19875 0.20625 0.19875 0.20625 0.25375000000000003 0.22625 0.25375000000000003 0.22625 0.19875
2 0.13999999999999999 0.19624999999999998 0.11750000000000001 0.19624999999999998 0.11750000000000001 0.25125000000000003 0.13999999999999999 0.25125000000000003 0.13999999999999999 0.19624999999999998
2 0.1275 0.24 0.0975 0.24 0.0975 0.3075 0.1275 0.3075 0.1275 0.24
2 0.1025 0.18625 0.08 0.18625 0.08 0.24874999999999997 0.1025 0.24874999999999997 0.1025 0.18625
2 0.09875 0.2125 0.058750000000000004 0.2125 0.058750000000000004 0.26749999999999996 0.09875 0.26749999999999996 0.09875 0.2125
2 0.06999999999999999 0.21375000000000002 0.0375 0.21375000000000002 0.0375 0.27125 0.06999999999999999 0.27125 0.06999999999999999 0.21375000000000002
2 0.061250000000000006 0.20750000000000002 0.01875 0.20750000000000002 0.01875 0.26 0.061250000000000006 0.26 0.061250000000000006 0.20750000000000002
2 0.25875 0.29375 0.23374999999999999 0.29375 0.23374999999999999 0.36375 0.25875 0.36375 0.25875 0.29375
2 0.27625 0.29625 0.25625 0.29625 0.25625 0.35375 0.27625 0.35375 0.27625 0.29625
2 0.26749999999999996 0.2975 0.24500000000000002 0.2975 0.24500000000000002 0.3675 0.26749999999999996 0.3675 0.26749999999999996 0.2975
2 0.355 0.29375 0.3125 0.29375 0.3125 0.33125 0.355 0.33125 0.355 0.29375
2 0.36875 0.28375 0.32625000000000004 0.28375 0.32625000000000004 0.31625000000000003 0.36875 0.31625000000000003 0.36875 0.28375
2 0.875 0.55375 0.8275 0.55375 0.8275 0.6487499999999999 0.875 0.6487499999999999 0.875 0.55375
2 0.7275 0.34375 0.6925 0.34375 0.6925 0.42625 0.7275 0.42625 0.7275 0.34375
2 0.74375 0.31 0.7162499999999999 0.31 0.7162499999999999 0.385 0.74375 0.385 0.74375 0.31
2 0.74875 0.27749999999999997 0.7262500000000001 0.27749999999999997 0.7262500000000001 0.34500000000000003 0.74875 0.34500000000000003 0.74875 0.27749999999999997
2 0.7224999999999999 0.25625 0.6950000000000001 0.25625 0.6950000000000001 0.31375000000000003 0.7224999999999999 0.31375000000000003 0.7224999999999999 0.25625
2 0.7224999999999999 0.275 0.6725 0.275 0.6725 0.3375 0.7224999999999999 0.3375 0.7224999999999999 0.275
2 0.6525000000000001 0.2475 0.6275000000000001 0.2475 0.6275000000000001 0.31 0.6525000000000001 0.31 0.6525000000000001 0.2475
2 0.9012499999999999 0.29125 0.8637499999999999 0.29125 0.8637499999999999 0.36124999999999996 0.9012499999999999 0.36124999999999996 0.9012499999999999 0.29125
2 0.85125 0.28375 0.81125 0.28375 0.81125 0.35125 0.85125 0.35125 0.85125 0.28375
2 0.48624999999999996 0.23875000000000002 0.46875 0.23875000000000002 0.46875 0.30625 0.48624999999999996 0.30625 0.48624999999999996 0.23875000000000002
2 0.48375 0.21749999999999997 0.46875 0.21749999999999997 0.46875 0.27999999999999997 0.48375 0.27999999999999997 0.48375 0.21749999999999997
2 0.47375 0.215 0.45625 0.215 0.45625 0.275 0.47375 0.275 0.47375 0.215
2 0.46125 0.22625 0.43375 0.22625 0.43375 0.25625 0.46125 0.25625 0.46125 0.22625
2 0.425 0.24874999999999997 0.3975 0.24874999999999997 0.3975 0.28125 0.425 0.28125 0.425 0.24874999999999997
2 0.42000000000000004 0.25875 0.3775 0.25875 0.3775 0.28875 0.42000000000000004 0.28875 0.42000000000000004 0.25875
2 0.3125 0.13999999999999999 0.2975 0.13999999999999999 0.2975 0.185 0.3125 0.185 0.3125 0.13999999999999999
2 0.32625000000000004 0.13999999999999999 0.31124999999999997 0.13999999999999999 0.31124999999999997 0.185 0.32625000000000004 0.185 0.32625000000000004 0.13999999999999999
2 0.34375 0.14125000000000001 0.32375 0.14125000000000001 0.32375 0.18875 0.34375 0.18875 0.34375 0.14125000000000001
2 0.33875 0.12125 0.32375 0.12125 0.32375 0.15875 0.33875 0.15875 0.33875 0.12125
2 0.44125 0.1375 0.42374999999999996 0.1375 0.42374999999999996 0.185 0.44125 0.185 0.44125 0.1375
2 0.40625 0.13625 0.38875000000000004 0.13625 0.38875000000000004 0.18625 0.40625 0.18625 0.40625 0.13625
2 0.41 0.13625 0.4 0.13625 0.4 0.17625 0.41 0.17625 0.41 0.13625
2 0.40125 0.13374999999999998 0.38625 0.13374999999999998 0.38625 0.17875000000000002 0.40125 0.17875000000000002 0.40125 0.13374999999999998
2 0.40374999999999994 0.18375 0.37875000000000003 0.18375 0.37875000000000003 0.22125 0.40374999999999994 0.22125 0.40374999999999994 0.18375
2 0.48 0.0225 0.4725 0.0225 0.4725 0.042499999999999996 0.48 0.042499999999999996 0.48 0.0225
2 0.45625 0.026250000000000002 0.44875 0.026250000000000002 0.44875 0.04375 0.45625 0.04375 0.45625 0.026250000000000002
2 0.4375 0.02375 0.4325 0.02375 0.4325 0.03875 0.4375 0.03875 0.4375 0.02375
2 0.37625000000000003 0.03625 0.36875 0.03625 0.36875 0.058750000000000004 0.37625000000000003 0.058750000000000004 0.37625000000000003 0.03625
2 0.38875000000000004 0.04625 0.38375 0.04625 0.38375 0.058750000000000004 0.38875000000000004 0.058750000000000004 0.38875000000000004 0.04625
2 0.40750000000000003 0.04875 0.4 0.04875 0.4 0.06625 0.40750000000000003 0.06625 0.40750000000000003 0.04875
2 0.41624999999999995 0.04875 0.40374999999999994 0.04875 0.40374999999999994 0.06375 0.41624999999999995 0.06375 0.41624999999999995 0.04875
2 0.41875 0.041249999999999995 0.41125 0.041249999999999995 0.41125 0.058750000000000004 0.41875 0.058750000000000004 0.41875 0.041249999999999995
2 0.47125000000000006 0.052500000000000005 0.46375 0.052500000000000005 0.46375 0.0775 0.47125000000000006 0.0775 0.47125000000000006 0.052500000000000005
2 0.46749999999999997 0.0625 0.45999999999999996 0.0625 0.45999999999999996 0.09 0.46749999999999997 0.09 0.46749999999999997 0.0625
2 0.465 0.06375 0.4575 0.06375 0.4575 0.08875 0.465 0.08875 0.465 0.06375
2 0.5349999999999999 0.08499999999999999 0.525 0.08499999999999999 0.525 0.11499999999999999 0.5349999999999999 0.11499999999999999 0.5349999999999999 0.08499999999999999
2 0.43624999999999997 0.06999999999999999 0.42625 0.06999999999999999 0.42625 0.0925 0.43624999999999997 0.0925 0.43624999999999997 0.06999999999999999
2 0.44125 0.07125000000000001 0.43375 0.07125000000000001 0.43375 0.09125 0.44125 0.09125 0.44125 0.07125000000000001
2 0.5775 0.0325 0.5725 0.0325 0.5725 0.05500000000000001 0.5775 0.05500000000000001 0.5775 0.0325
2 0.505 0.19875 0.485 0.19875 0.485 0.22125 0.505 0.22125 0.505 0.19875
2 0.5325 0.195 0.515 0.195 0.515 0.22000000000000003 0.5325 0.22000000000000003 0.5325 0.195
2 0.53625 0.185 0.51125 0.185 0.51125 0.20750000000000002 0.53625 0.20750000000000002 0.53625 0.185
2 0.54875 0.17375000000000002 0.5287499999999999 0.17375000000000002 0.5287499999999999 0.19875 0.54875 0.19875 0.54875 0.17375000000000002
2 0.55625 0.155 0.54625 0.155 0.54625 0.205 0.55625 0.205 0.55625 0.155
2 0.55125 0.13874999999999998 0.5387500000000001 0.13874999999999998 0.5387500000000001 0.18875 0.55125 0.18875 0.55125 0.13874999999999998
2 0.575 0.06 0.5675 0.06 0.5675 0.0775 0.575 0.0775 0.575 0.06
2 0.5825 0.07125000000000001 0.5700000000000001 0.07125000000000001 0.5700000000000001 0.10124999999999999 0.5825 0.10124999999999999 0.5825 0.07125000000000001
2 0.5900000000000001 0.125 0.58 0.125 0.58 0.16499999999999998 0.5900000000000001 0.16499999999999998 0.5900000000000001 0.125
2 0.61 0.06999999999999999 0.6 0.06999999999999999 0.6 0.095 0.61 0.095 0.61 0.06999999999999999
2 0.6637500000000001 0.20125 0.62625 0.20125 0.62625 0.22625 0.6637500000000001 0.22625 0.6637500000000001 0.20125
2 0.65 0.18125 0.6375 0.18125 0.6375 0.21625 0.65 0.21625 0.65 0.18125
2 0.665 0.135 0.6575 0.135 0.6575 0.1675 0.665 0.1675 0.665 0.135
2 0.635 0.08875 0.625 0.08875 0.625 0.12125 0.635 0.12125 0.635 0.08875
2 0.6525000000000001 0.06625 0.645 0.06625 0.645 0.09125 0.6525000000000001 0.09125 0.6525000000000001 0.06625
2 0.6849999999999999 0.06375 0.6775 0.06375 0.6775 0.08625000000000001 0.6849999999999999 0.08625000000000001 0.6849999999999999 0.06375
2 0.6950000000000001 0.034999999999999996 0.6900000000000001 0.034999999999999996 0.6900000000000001 0.05500000000000001 0.6950000000000001 0.05500000000000001 0.6950000000000001 0.034999999999999996
2 0.68875 0.0975 0.67375 0.0975 0.67375 0.1125 0.68875 0.1125 0.68875 0.0975
2 0.7675 0.03625 0.76 0.03625 0.76 0.05375 0.7675 0.05375 0.7675 0.03625
2 0.7975 0.06875 0.79 0.06875 0.79 0.09375 0.7975 0.09375 0.7975 0.06875
2 0.835 0.03625 0.8275 0.03625 0.8275 0.05375 0.835 0.05375 0.835 0.03625
2 0.83375 0.09375 0.8237500000000001 0.09375 0.8237500000000001 0.12375 0.83375 0.12375 0.83375 0.09375
2 0.8787499999999999 0.08249999999999999 0.8712500000000001 0.08249999999999999 0.8712500000000001 0.10500000000000001 0.8787499999999999 0.10500000000000001 0.8787499999999999 0.08249999999999999
2 0.89375 0.075 0.88375 0.075 0.88375 0.0875 0.89375 0.0875 0.89375 0.075
2 0.9 0.08249999999999999 0.8925000000000001 0.08249999999999999 0.8925000000000001 0.10500000000000001 0.9 0.10500000000000001 0.9 0.08249999999999999
2 0.9237500000000001 0.08 0.91625 0.08 0.91625 0.10500000000000001 0.9237500000000001 0.10500000000000001 0.9237500000000001 0.08
2 0.8800000000000001 0.16 0.8675 0.16 0.8675 0.185 0.8800000000000001 0.185 0.8800000000000001 0.16
2 0.77625 0.18125 0.76375 0.18125 0.76375 0.22625 0.77625 0.22625 0.77625 0.18125
2 0.9962500000000001 0.15875 0.9737500000000001 0.15875 0.9737500000000001 0.20125 0.9962500000000001 0.20125 0.9962500000000001 0.15875
2 0.9887499999999999 0.11125 0.98125 0.11125 0.98125 0.13625 0.9887499999999999 0.13625 0.9887499999999999 0.11125
2 0.99125 0.07625 0.98125 0.07625 0.98125 0.10124999999999999 0.99125 0.10124999999999999 0.99125 0.07625
2 0.9724999999999999 0.08375 0.96 0.08375 0.96 0.11125 0.9724999999999999 0.11125 0.9724999999999999 0.08375
2 0.95375 0.0775 0.94625 0.0775 0.94625 0.1 0.95375 0.1 0.95375 0.0775
2 0.9400000000000001 0.06375 0.9275 0.06375 0.9275 0.07875 0.9400000000000001 0.07875 0.9400000000000001 0.06375
2 0.9400000000000001 0.058750000000000004 0.9349999999999999 0.058750000000000004 0.9349999999999999 0.07875 0.9400000000000001 0.07875 0.9400000000000001 0.058750000000000004
2 0.9425000000000001 0.057499999999999996 0.93 0.057499999999999996 0.93 0.0725 0.9425000000000001 0.0725 0.9425000000000001 0.057499999999999996
2 0.9275 0.2325 0.9025000000000001 0.2325 0.9025000000000001 0.27749999999999997 0.9275 0.27749999999999997 0.9275 0.2325
2 0.9525 0.2375 0.93 0.2375 0.93 0.28500000000000003 0.9525 0.28500000000000003 0.9525 0.2375
2 0.96875 0.23500000000000001 0.9512499999999999 0.23500000000000001 0.9512499999999999 0.28250000000000003 0.96875 0.28250000000000003 0.96875 0.23500000000000001
2 0.81875 0.19875 0.80625 0.19875 0.80625 0.22374999999999998 0.81875 0.22374999999999998 0.81875 0.19875
2 0.82875 0.19624999999999998 0.8162499999999999 0.19624999999999998 0.8162499999999999 0.23374999999999999 0.82875 0.23374999999999999 0.82875 0.19624999999999998
2 0.8387499999999999 0.1925 0.8237500000000001 0.1925 0.8237500000000001 0.225 0.8387499999999999 0.225 0.8387499999999999 0.1925
2 0.8487500000000001 0.20125 0.8387499999999999 0.20125 0.8387499999999999 0.22875 0.8487500000000001 0.22875 0.8487500000000001 0.20125
2 0.85125 0.20249999999999999 0.83625 0.20249999999999999 0.83625 0.22999999999999998 0.85125 0.22999999999999998 0.85125 0.20249999999999999
2 0.85375 0.19375 0.83625 0.19375 0.83625 0.21625 0.85375 0.21625 0.85375 0.19375