5 0.44125 0.335 0.42874999999999996 0.335 0.42874999999999996 0.34750000000000003 0.44125 0.34750000000000003 0.44125 0.335
5 0.43 0.35750000000000004 0.42000000000000004 0.35750000000000004 0.42000000000000004 0.3675 0.43 0.3675 0.43 0.35750000000000004
5 0.40499999999999997 0.34500000000000003 0.3975 0.34500000000000003 0.3975 0.355 0.40499999999999997 0.355 0.40499999999999997 0.34500000000000003
5 0.42125 0.37625000000000003 0.41125 0.37625000000000003 0.41125 0.39125 0.42125 0.39125 0.42125 0.37625000000000003
5 0.47375 0.36 0.45875000000000005 0.36 0.45875000000000005 0.3725 0.47375 0.3725 0.47375 0.36
2 0.45375 0.35875 0.44875 0.35875 0.44875 0.36625 0.45375 0.36625 0.45375 0.35875
5 0.42874999999999996 0.41500000000000004 0.41375 0.41500000000000004 0.41375 0.43 0.42874999999999996 0.43 0.42874999999999996 0.41500000000000004
2 0.44749999999999995 0.42125 0.4425 0.42125 0.4425 0.43125 0.44749999999999995 0.43125 0.44749999999999995 0.42125
2 0.47750000000000004 0.42750000000000005 0.47000000000000003 0.42750000000000005 0.47000000000000003 0.445 0.47750000000000004 0.445 0.47750000000000004 0.42750000000000005
2 0.46749999999999997 0.43125 0.45999999999999996 0.43125 0.45999999999999996 0.43875000000000003 0.46749999999999997 0.43875000000000003 0.46749999999999997 0.43125
2 0.45125000000000004 0.43875000000000003 0.44375 0.43875000000000003 0.44375 0.44625000000000004 0.45125000000000004 0.44625000000000004 0.45125000000000004 0.43875000000000003
5 0.43875000000000003 0.44749999999999995 0.42125 0.44749999999999995 0.42125 0.4625 0.43875000000000003 0.4625 0.43875000000000003 0.44749999999999995
5 0.4425 0.46624999999999994 0.425 0.46624999999999994 0.425 0.48375 0.4425 0.48375 0.4425 0.46624999999999994
5 0.50125 0.4525 0.48125 0.4525 0.48125 0.46749999999999997 0.50125 0.46749999999999997 0.50125 0.4525
5 0.5075000000000001 0.4625 0.4925 0.4625 0.4925 0.48250000000000004 0.5075000000000001 0.48250000000000004 0.5075000000000001 0.4625
5 0.5225 0.475 0.505 0.475 0.505 0.4925 0.5225 0.4925 0.5225 0.475
2 0.48375 0.45375 0.47625 0.45375 0.47625 0.47125000000000006 0.48375 0.47125000000000006 0.48375 0.45375
2 0.47125000000000006 0.44875 0.46375 0.44875 0.46375 0.46375 0.47125000000000006 0.46375 0.47125000000000006 0.44875
5 0.47874999999999995 0.465 0.46875 0.465 0.46875 0.48250000000000004 0.47874999999999995 0.48250000000000004 0.47874999999999995 0.465
2 0.45375 0.46125 0.44625000000000004 0.46125 0.44625000000000004 0.46875 0.45375 0.46875 0.45375 0.46125
2 0.40875000000000006 0.43875000000000003 0.40125 0.43875000000000003 0.40125 0.44625000000000004 0.40875000000000006 0.44625000000000004 0.40875000000000006 0.43875000000000003
2 0.40125 0.43375 0.39375 0.43375 0.39375 0.44875 0.40125 0.44875 0.40125 0.43375
2 0.395 0.4375 0.39 0.4375 0.39 0.4575 0.395 0.4575 0.395 0.4375
2 0.39125 0.45 0.38375 0.45 0.38375 0.46749999999999997 0.39125 0.46749999999999997 0.39125 0.45
2 0.38875000000000004 0.47125000000000006 0.38125 0.47125000000000006 0.38125 0.48875 0.38875000000000004 0.48875 0.38875000000000004 0.47125000000000006
2 0.4025 0.49000000000000005 0.395 0.49000000000000005 0.395 0.5075000000000001 0.4025 0.5075000000000001 0.4025 0.49000000000000005
2 0.39625 0.495 0.39125 0.495 0.39125 0.51 0.39625 0.51 0.39625 0.495
5 0.39 0.48875 0.3675 0.48875 0.3675 0.50625 0.39 0.50625 0.39 0.48875
5 0.46749999999999997 0.49124999999999996 0.4425 0.49124999999999996 0.4425 0.51375 0.46749999999999997 0.51375 0.46749999999999997 0.49124999999999996
2 0.47874999999999995 0.48375 0.47375 0.48375 0.47375 0.49375 0.47874999999999995 0.49375 0.47874999999999995 0.48375
2 0.50875 0.48624999999999996 0.49625 0.48624999999999996 0.49625 0.49874999999999997 0.50875 0.49874999999999997 0.50875 0.48624999999999996
5 0.5337500000000001 0.49625 0.50875 0.49625 0.50875 0.51625 0.5337500000000001 0.51625 0.5337500000000001 0.49625
5 0.54 0.51625 0.5175 0.51625 0.5175 0.5387500000000001 0.54 0.5387500000000001 0.54 0.51625
5 0.54125 0.5375 0.52125 0.5375 0.52125 0.5575 0.54125 0.5575 0.54125 0.5375
2 0.5037499999999999 0.51625 0.49625 0.51625 0.49625 0.53625 0.5037499999999999 0.53625 0.5037499999999999 0.51625
5 0.52625 0.5650000000000001 0.49625 0.5650000000000001 0.49625 0.5925 0.52625 0.5925 0.52625 0.5650000000000001
5 0.38 0.50625 0.355 0.50625 0.355 0.5287499999999999 0.38 0.5287499999999999 0.38 0.50625
5 0.37625000000000003 0.52625 0.34875 0.52625 0.34875 0.54625 0.37625000000000003 0.54625 0.37625000000000003 0.52625
2 0.3975 0.52625 0.3875 0.52625 0.3875 0.5387500000000001 0.3975 0.5387500000000001 0.3975 0.52625
5 0.4325 0.53125 0.40750000000000003 0.53125 0.40750000000000003 0.55375 0.4325 0.55375 0.4325 0.53125
5 0.42750000000000005 0.55 0.40499999999999997 0.55 0.40499999999999997 0.5725 0.42750000000000005 0.5725 0.42750000000000005 0.55
5 0.4325 0.5675 0.40750000000000003 0.5675 0.40750000000000003 0.595 0.4325 0.595 0.4325 0.5675
5 0.41624999999999995 0.57875 0.39875 0.57875 0.39875 0.60625 0.41624999999999995 0.60625 0.41624999999999995 0.57875
5 0.3825 0.5825 0.355 0.5825 0.355 0.6075 0.3825 0.6075 0.3825 0.5825
2 0.34375 0.5700000000000001 0.33625 0.5700000000000001 0.33625 0.5875 0.34375 0.5875 0.34375 0.5700000000000001
5 0.35375 0.5925 0.31124999999999997 0.5925 0.31124999999999997 0.6174999999999999 0.35375 0.6174999999999999 0.35375 0.5925
2 0.46624999999999994 0.5287499999999999 0.45625 0.5287499999999999 0.45625 0.54375 0.46624999999999994 0.54375 0.46624999999999994 0.5287499999999999
5 0.45999999999999996 0.545 0.4375 0.545 0.4375 0.5700000000000001 0.45999999999999996 0.5700000000000001 0.45999999999999996 0.545
2 0.4925 0.5525 0.48250000000000004 0.5525 0.48250000000000004 0.5650000000000001 0.4925 0.5650000000000001 0.4925 0.5525
2 0.49000000000000005 0.57375 0.48 0.57375 0.48 0.58125 0.49000000000000005 0.58125 0.49000000000000005 0.57375
2 0.49375 0.58875 0.48375 0.58875 0.48375 0.6012500000000001 0.49375 0.6012500000000001 0.49375 0.58875
2 0.51625 0.64125 0.50875 0.64125 0.50875 0.6537499999999999 0.51625 0.6537499999999999 0.51625 0.64125
2 0.50875 0.6287499999999999 0.50125 0.6287499999999999 0.50125 0.65125 0.50875 0.65125 0.50875 0.6287499999999999
2 0.49375 0.62625 0.48624999999999996 0.62625 0.48624999999999996 0.65125 0.49375 0.65125 0.49375 0.62625
2 0.485 0.61125 0.47750000000000004 0.61125 0.47750000000000004 0.62625 0.485 0.62625 0.485 0.61125
2 0.48250000000000004 0.6425 0.475 0.6425 0.475 0.655 0.48250000000000004 0.655 0.48250000000000004 0.6425
2 0.48125 0.635 0.47375 0.635 0.47375 0.65 0.48125 0.65 0.48125 0.635
2 0.465 0.62375 0.45499999999999996 0.62375 0.45499999999999996 0.64125 0.465 0.64125 0.465 0.62375
2 0.45375 0.64 0.44625000000000004 0.64 0.44625000000000004 0.655 0.45375 0.655 0.45375 0.64
2 0.41 0.64 0.4025 0.64 0.4025 0.655 0.41 0.655 0.41 0.64
2 0.40625 0.6487499999999999 0.39625 0.6487499999999999 0.39625 0.6637500000000001 0.40625 0.6637500000000001 0.40625 0.6487499999999999
5 0.43375 0.67125 0.40374999999999994 0.67125 0.40374999999999994 0.70375 0.43375 0.70375 0.43375 0.67125
5 0.43375 0.7162499999999999 0.39625 0.7162499999999999 0.39625 0.7537499999999999 0.43375 0.7537499999999999 0.43375 0.7162499999999999
5 0.36875 0.63625 0.33625 0.63625 0.33625 0.67625 0.36875 0.67625 0.36875 0.63625
2 0.38 0.67375 0.37 0.67375 0.37 0.69875 0.38 0.69875 0.38 0.67375
2 0.38375 0.665 0.37374999999999997 0.665 0.37374999999999997 0.6875 0.38375 0.6875 0.38375 0.665
2 0.47125000000000006 0.6875 0.46125 0.6875 0.46125 0.7175 0.47125000000000006 0.7175 0.47125000000000006 0.6875
2 0.46125 0.7025 0.45125000000000004 0.7025 0.45125000000000004 0.735 0.46125 0.735 0.46125 0.7025
2 0.49375 0.6675 0.48375 0.6675 0.48375 0.6975 0.49375 0.6975 0.49375 0.6675
2 0.51625 0.67125 0.5037499999999999 0.67125 0.5037499999999999 0.69625 0.51625 0.69625 0.51625 0.67125
2 0.50875 0.6950000000000001 0.49874999999999997 0.6950000000000001 0.49874999999999997 0.705 0.50875 0.705 0.50875 0.6950000000000001
2 0.48624999999999996 0.7025 0.47874999999999995 0.7025 0.47874999999999995 0.7175 0.48624999999999996 0.7175 0.48624999999999996 0.7025
5 0.47874999999999995 0.865 0.42625 0.865 0.42625 0.93 0.47874999999999995 0.93 0.47874999999999995 0.865
2 0.35125 0.8150000000000001 0.34125 0.8150000000000001 0.34125 0.8324999999999999 0.35125 0.8324999999999999 0.35125 0.8150000000000001
2 0.35375 0.80625 0.34125 0.80625 0.34125 0.83125 0.35375 0.83125 0.35375 0.80625
2 0.30874999999999997 0.74375 0.29625 0.74375 0.29625 0.77625 0.30874999999999997 0.77625 0.30874999999999997 0.74375
2 0.385 0.8400000000000001 0.3725 0.8400000000000001 0.3725 0.865 0.385 0.865 0.385 0.8400000000000001
5 0.38875000000000004 0.8724999999999999 0.36875 0.8724999999999999 0.36875 0.9225 0.38875000000000004 0.9225 0.38875000000000004 0.8724999999999999
2 0.39875 0.9425000000000001 0.38375 0.9425000000000001 0.38375 0.97 0.39875 0.97 0.39875 0.9425000000000001
2 0.39375 0.9512499999999999 0.38125 0.9512499999999999 0.38125 0.9712500000000001 0.39375 0.9712500000000001 0.39375 0.9512499999999999