5 0.36124999999999996 0.395 0.33875 0.395 0.33875 0.42750000000000005 0.36124999999999996 0.42750000000000005 0.36124999999999996 0.395
5 0.37 0.45625 0.34750000000000003 0.45625 0.34750000000000003 0.48624999999999996 0.37 0.48624999999999996 0.37 0.45625
5 0.43375 0.44375 0.41375 0.44375 0.41375 0.46875 0.43375 0.46875 0.43375 0.44375
5 0.43125 0.47125000000000006 0.40875000000000006 0.47125000000000006 0.40875000000000006 0.49874999999999997 0.43125 0.49874999999999997 0.43125 0.47125000000000006
5 0.43 0.49874999999999997 0.4025 0.49874999999999997 0.4025 0.53125 0.43 0.53125 0.43 0.49874999999999997
2 0.38375 0.52125 0.37124999999999997 0.52125 0.37124999999999997 0.54125 0.38375 0.54125 0.38375 0.52125
2 0.3525 0.52 0.34249999999999997 0.52 0.34249999999999997 0.5425 0.3525 0.5425 0.3525 0.52
5 0.42874999999999996 0.5325 0.40125 0.5325 0.40125 0.575 0.42874999999999996 0.575 0.42874999999999996 0.5325
2 0.37 0.6012500000000001 0.36 0.6012500000000001 0.36 0.62625 0.37 0.62625 0.37 0.6012500000000001
2 0.50625 0.5237499999999999 0.49625 0.5237499999999999 0.49625 0.54625 0.50625 0.54625 0.50625 0.5237499999999999
2 0.52 0.53625 0.5125 0.53625 0.5125 0.55625 0.52 0.55625 0.52 0.53625
2 0.50875 0.55125 0.49874999999999997 0.55125 0.49874999999999997 0.57125 0.50875 0.57125 0.50875 0.55125
2 0.5025000000000001 0.5675 0.495 0.5675 0.495 0.5900000000000001 0.5025000000000001 0.5900000000000001 0.5025000000000001 0.5675
5 0.525 0.44625000000000004 0.51 0.44625000000000004 0.51 0.46375 0.525 0.46375 0.525 0.44625000000000004
5 0.50875 0.4425 0.49625 0.4425 0.49625 0.45999999999999996 0.50875 0.45999999999999996 0.50875 0.4425
5 0.495 0.43624999999999997 0.48250000000000004 0.43624999999999997 0.48250000000000004 0.45625 0.495 0.45625 0.495 0.43624999999999997
5 0.51 0.4225 0.49749999999999994 0.4225 0.49749999999999994 0.44000000000000006 0.51 0.44000000000000006 0.51 0.4225
5 0.485 0.39249999999999996 0.445 0.39249999999999996 0.445 0.41 0.485 0.41 0.485 0.39249999999999996
5 0.47874999999999995 0.3825 0.43624999999999997 0.3825 0.43624999999999997 0.4 0.47874999999999995 0.4 0.47874999999999995 0.3825
5 0.42874999999999996 0.3975 0.40875000000000006 0.3975 0.40875000000000006 0.4225 0.42874999999999996 0.4225 0.42874999999999996 0.3975
5 0.42750000000000005 0.37124999999999997 0.4125 0.37124999999999997 0.4125 0.38625 0.42750000000000005 0.38625 0.42750000000000005 0.37124999999999997
5 0.4225 0.35750000000000004 0.40750000000000003 0.35750000000000004 0.40750000000000003 0.3725 0.4225 0.3725 0.4225 0.35750000000000004
2 0.39875 0.44000000000000006 0.39375 0.44000000000000006 0.39375 0.45499999999999996 0.39875 0.45499999999999996 0.39875 0.44000000000000006
5 0.3875 0.355 0.365 0.355 0.365 0.39 0.3875 0.39 0.3875 0.355
5 0.40625 0.35 0.39125 0.35 0.39125 0.365 0.40625 0.365 0.40625 0.35
2 0.39 0.34375 0.385 0.34375 0.385 0.35625 0.39 0.35625 0.39 0.34375
5 0.3625 0.35750000000000004 0.34500000000000003 0.35750000000000004 0.34500000000000003 0.3725 0.3625 0.3725 0.3625 0.35750000000000004
5 0.37625000000000003 0.33375 0.36124999999999996 0.33375 0.36124999999999996 0.34625 0.37625000000000003 0.34625 0.37625000000000003 0.33375
5 0.40374999999999994 0.32 0.39125 0.32 0.39125 0.3325 0.40374999999999994 0.3325 0.40374999999999994 0.32
5 0.3775 0.30375 0.365 0.30375 0.365 0.31625000000000003 0.3775 0.31625000000000003 0.3775 0.30375
5 0.41624999999999995 0.3125 0.39875 0.3125 0.39875 0.3225 0.41624999999999995 0.3225 0.41624999999999995 0.3125
5 0.43499999999999994 0.32875 0.4125 0.32875 0.4125 0.34125 0.43499999999999994 0.34125 0.43499999999999994 0.32875
5 0.42374999999999996 0.31625000000000003 0.41375 0.31625000000000003 0.41375 0.32625000000000004 0.42374999999999996 0.32625000000000004 0.42374999999999996 0.31625000000000003
5 0.37625000000000003 0.32125 0.36375 0.32125 0.36375 0.33375 0.37625000000000003 0.33375 0.37625000000000003 0.32125
2 0.3875 0.32 0.38 0.32 0.38 0.3275 0.3875 0.3275 0.3875 0.32
5 0.3875 0.32125 0.38 0.32125 0.38 0.33125 0.3875 0.33125 0.3875 0.32125
2 0.46749999999999997 0.34375 0.4625 0.34375 0.4625 0.35625 0.46749999999999997 0.35625 0.46749999999999997 0.34375
5 0.39875 0.24625 0.39125 0.24625 0.39125 0.25625 0.39875 0.25625 0.39875 0.24625
5 0.39125 0.26749999999999996 0.38375 0.26749999999999996 0.38375 0.275 0.39125 0.275 0.39125 0.26749999999999996
5 0.35875 0.23500000000000001 0.34875 0.23500000000000001 0.34875 0.25 0.35875 0.25 0.35875 0.23500000000000001
5 0.3675 0.28125 0.35750000000000004 0.28125 0.35750000000000004 0.29125 0.3675 0.29125 0.3675 0.28125
2 0.19 0.60625 0.1775 0.60625 0.1775 0.6287499999999999 0.19 0.6287499999999999 0.19 0.60625
2 0.14750000000000002 0.6012500000000001 0.1375 0.6012500000000001 0.1375 0.62375 0.14750000000000002 0.62375 0.14750000000000002 0.6012500000000001
5 0.21375000000000002 0.55 0.16875 0.55 0.16875 0.6125 0.21375000000000002 0.6125 0.21375000000000002 0.55
5 0.2525 0.5575 0.21749999999999997 0.5575 0.21749999999999997 0.6075 0.2525 0.6075 0.2525 0.5575
5 0.28500000000000003 0.50625 0.2525 0.50625 0.2525 0.54875 0.28500000000000003 0.54875 0.28500000000000003 0.50625
5 0.16875 0.48624999999999996 0.12375 0.48624999999999996 0.12375 0.51125 0.16875 0.51125 0.16875 0.48624999999999996
5 0.2125 0.45625 0.185 0.45625 0.185 0.49124999999999996 0.2125 0.49124999999999996 0.2125 0.45625
5 0.2575 0.395 0.23500000000000001 0.395 0.23500000000000001 0.4175 0.2575 0.4175 0.2575 0.395
2 0.225 0.37875000000000003 0.21749999999999997 0.37875000000000003 0.21749999999999997 0.39125 0.225 0.39125 0.225 0.37875000000000003
2 0.265 0.4375 0.2575 0.4375 0.2575 0.45 0.265 0.45 0.265 0.4375
5 0.3125 0.42750000000000005 0.29 0.42750000000000005 0.29 0.45499999999999996 0.3125 0.45499999999999996 0.3125 0.42750000000000005
5 0.25 0.35375 0.21749999999999997 0.35375 0.21749999999999997 0.37124999999999997 0.25 0.37124999999999997 0.25 0.35375
5 0.25 0.34125 0.21749999999999997 0.34125 0.21749999999999997 0.35625 0.25 0.35625 0.25 0.34125
5 0.27999999999999997 0.35875 0.2625 0.35875 0.2625 0.37625000000000003 0.27999999999999997 0.37625000000000003 0.27999999999999997 0.35875
5 0.2925 0.33999999999999997 0.27749999999999997 0.33999999999999997 0.27749999999999997 0.355 0.2925 0.355 0.2925 0.33999999999999997
5 0.30125 0.3275 0.28375 0.3275 0.28375 0.34249999999999997 0.30125 0.34249999999999997 0.30125 0.3275
5 0.27625 0.30625 0.25375000000000003 0.30625 0.25375000000000003 0.31875 0.27625 0.31875 0.27625 0.30625
5 0.28125 0.3025 0.25625 0.3025 0.25625 0.3125 0.28125 0.3125 0.28125 0.3025
5 0.3075 0.3175 0.2925 0.3175 0.2925 0.32999999999999996 0.3075 0.32999999999999996 0.3075 0.3175
5 0.3225 0.29500000000000004 0.31 0.29500000000000004 0.31 0.31 0.3225 0.31 0.3225 0.29500000000000004
5 0.32875 0.28875 0.31625000000000003 0.28875 0.31625000000000003 0.29874999999999996 0.32875 0.29874999999999996 0.32875 0.28875
5 0.33375 0.27749999999999997 0.32125 0.27749999999999997 0.32125 0.29 0.33375 0.29 0.33375 0.27749999999999997
5 0.33999999999999997 0.27125 0.3275 0.27125 0.3275 0.28125 0.33999999999999997 0.28125 0.33999999999999997 0.27125
5 0.34249999999999997 0.26625 0.3325 0.26625 0.3325 0.27375 0.34249999999999997 0.27375 0.34249999999999997 0.26625
5 0.35 0.26125 0.33999999999999997 0.26125 0.33999999999999997 0.26875 0.35 0.26875 0.35 0.26125