5 0.55125 0.39625 0.49375 0.39625 0.49375 0.44625000000000004 0.55125 0.44625000000000004 0.55125 0.39625
5 0.45875000000000005 0.3175 0.42125 0.3175 0.42125 0.34500000000000003 0.45875000000000005 0.34500000000000003 0.45875000000000005 0.3175
5 0.41500000000000004 0.32 0.38 0.32 0.38 0.34750000000000003 0.41500000000000004 0.34750000000000003 0.41500000000000004 0.32
5 0.24 0.2725 0.21749999999999997 0.2725 0.21749999999999997 0.2975 0.24 0.2975 0.24 0.2725
5 0.22999999999999998 0.2425 0.2125 0.2425 0.2125 0.26 0.22999999999999998 0.26 0.22999999999999998 0.2425
5 0.23625 0.2225 0.22125 0.2225 0.22125 0.24 0.23625 0.24 0.23625 0.2225
5 0.2425 0.20750000000000002 0.22999999999999998 0.20750000000000002 0.22999999999999998 0.21749999999999997 0.2425 0.21749999999999997 0.2425 0.20750000000000002
5 0.37124999999999997 0.24625 0.34625 0.24625 0.34625 0.26375000000000004 0.37124999999999997 0.26375000000000004 0.37124999999999997 0.24625
5 0.4225 0.26625 0.4 0.26625 0.4 0.28375 0.4225 0.28375 0.4225 0.26625
5 0.33999999999999997 0.23500000000000001 0.3225 0.23500000000000001 0.3225 0.2525 0.33999999999999997 0.2525 0.33999999999999997 0.23500000000000001
5 0.3125 0.21000000000000002 0.29500000000000004 0.21000000000000002 0.29500000000000004 0.22000000000000003 0.3125 0.22000000000000003 0.3125 0.21000000000000002
5 0.185 0.24874999999999997 0.16499999999999998 0.24874999999999997 0.16499999999999998 0.27125 0.185 0.27125 0.185 0.24874999999999997
5 0.17250000000000001 0.45999999999999996 0.125 0.45999999999999996 0.125 0.5225 0.17250000000000001 0.5225 0.17250000000000001 0.45999999999999996
2 0.20750000000000002 0.36625 0.19 0.36625 0.19 0.40125 0.20750000000000002 0.40125 0.20750000000000002 0.36625
2 0.16999999999999998 0.2625 0.1575 0.2625 0.1575 0.27749999999999997 0.16999999999999998 0.27749999999999997 0.16999999999999998 0.2625
5 0.41 0.25375000000000003 0.3875 0.25375000000000003 0.3875 0.27125 0.41 0.27125 0.41 0.25375000000000003
5 0.38625 0.23625 0.36875 0.23625 0.36875 0.25125000000000003 0.38625 0.25125000000000003 0.38625 0.23625
5 0.3775 0.23125 0.36 0.23125 0.36 0.24375 0.3775 0.24375 0.3775 0.23125
5 0.3675 0.22125 0.3525 0.22125 0.3525 0.23125 0.3675 0.23125 0.3675 0.22125
5 0.35875 0.2125 0.34375 0.2125 0.34375 0.225 0.35875 0.225 0.35875 0.2125
5 0.35375 0.20875 0.33875 0.20875 0.33875 0.21875 0.35375 0.21875 0.35375 0.20875
5 0.34125 0.20125 0.32875 0.20125 0.32875 0.21125 0.34125 0.21125 0.34125 0.20125
5 0.3325 0.19375 0.3225 0.19375 0.3225 0.20375000000000001 0.3325 0.20375000000000001 0.3325 0.19375
5 0.3275 0.19125 0.3175 0.19125 0.3175 0.19875 0.3275 0.19875 0.3275 0.19125
2 0.1975 0.22999999999999998 0.1925 0.22999999999999998 0.1925 0.2425 0.1975 0.2425 0.1975 0.22999999999999998
5 0.22000000000000003 0.2125 0.205 0.2125 0.205 0.2225 0.22000000000000003 0.2225 0.22000000000000003 0.2125
5 0.21749999999999997 0.1925 0.20750000000000002 0.1925 0.20750000000000002 0.2 0.21749999999999997 0.2 0.21749999999999997 0.1925
5 0.20750000000000002 0.20249999999999999 0.1975 0.20249999999999999 0.1975 0.21000000000000002 0.20750000000000002 0.21000000000000002 0.20750000000000002 0.20249999999999999
5 0.21000000000000002 0.1975 0.1975 0.1975 0.1975 0.20750000000000002 0.21000000000000002 0.20750000000000002 0.21000000000000002 0.1975
2 0.1975 0.29375 0.19 0.29375 0.19 0.30625 0.1975 0.30625 0.1975 0.29375
2 0.43375 0.23500000000000001 0.42625 0.23500000000000001 0.42625 0.25 0.43375 0.25 0.43375 0.23500000000000001
2 0.09125 0.3675 0.07875 0.3675 0.07875 0.3875 0.09125 0.3875 0.09125 0.3675