2 0.9112500000000001 0.60375 0.89875 0.60375 0.89875 0.64125 0.9112500000000001 0.64125 0.9112500000000001 0.60375
2 0.8775000000000001 0.59875 0.8675 0.59875 0.8675 0.6212500000000001 0.8775000000000001 0.6212500000000001 0.8775000000000001 0.59875
5 0.6525000000000001 0.55625 0.575 0.55625 0.575 0.59875 0.6525000000000001 0.59875 0.6525000000000001 0.55625
5 0.59875 0.5075000000000001 0.5237499999999999 0.5075000000000001 0.5237499999999999 0.545 0.59875 0.545 0.59875 0.5075000000000001
2 0.19375 0.6325000000000001 0.17875000000000002 0.6325000000000001 0.17875000000000002 0.6575 0.19375 0.6575 0.19375 0.6325000000000001
5 0.55 0.6224999999999999 0.44749999999999995 0.6224999999999999 0.44749999999999995 0.675 0.55 0.675 0.55 0.6224999999999999
5 0.5675 0.58375 0.4925 0.58375 0.4925 0.65125 0.5675 0.65125 0.5675 0.58375
5 0.51125 0.5175 0.45375 0.5175 0.45375 0.5650000000000001 0.51125 0.5650000000000001 0.51125 0.5175
5 0.44625000000000004 0.45999999999999996 0.40125 0.45999999999999996 0.40125 0.49749999999999994 0.44625000000000004 0.49749999999999994 0.44625000000000004 0.45999999999999996
5 0.395 0.41 0.36 0.41 0.36 0.445 0.395 0.445 0.395 0.41
2 0.4725 0.45375 0.45999999999999996 0.45375 0.45999999999999996 0.48125 0.4725 0.48125 0.4725 0.45375
5 0.09125 0.4525 0.07125000000000001 0.4525 0.07125000000000001 0.49000000000000005 0.09125 0.49000000000000005 0.09125 0.4525
5 0.1075 0.40374999999999994 0.08249999999999999 0.40374999999999994 0.08249999999999999 0.43125 0.1075 0.43125 0.1075 0.40374999999999994
5 0.34875 0.37124999999999997 0.32375 0.37124999999999997 0.32375 0.39375 0.34875 0.39375 0.34875 0.37124999999999997
5 0.33625 0.35375 0.30874999999999997 0.35375 0.30874999999999997 0.37625000000000003 0.33625 0.37625000000000003 0.33625 0.35375
5 0.2975 0.37625000000000003 0.27 0.37625000000000003 0.27 0.40125 0.2975 0.40125 0.2975 0.37625000000000003
5 0.04875 0.37 0.01125 0.37 0.01125 0.39 0.04875 0.39 0.04875 0.37
5 0.10874999999999999 0.37 0.08875 0.37 0.08875 0.39249999999999996 0.10874999999999999 0.39249999999999996 0.10874999999999999 0.37
5 0.1375 0.35375 0.1025 0.35375 0.1025 0.37625000000000003 0.1375 0.37625000000000003 0.1375 0.35375
5 0.12125 0.33999999999999997 0.10625 0.33999999999999997 0.10625 0.355 0.12125 0.355 0.12125 0.33999999999999997
5 0.32375 0.29375 0.29874999999999996 0.29375 0.29874999999999996 0.30625 0.32375 0.30625 0.32375 0.29375
5 0.3075 0.28875 0.28250000000000003 0.28875 0.28250000000000003 0.30125 0.3075 0.30125 0.3075 0.28875
5 0.26375000000000004 0.3075 0.24874999999999997 0.3075 0.24874999999999997 0.32 0.26375000000000004 0.32 0.26375000000000004 0.3075
5 0.22749999999999998 0.30874999999999997 0.2125 0.30874999999999997 0.2125 0.32125 0.22749999999999998 0.32125 0.22749999999999998 0.30874999999999997
5 0.18375 0.3075 0.16625 0.3075 0.16625 0.3225 0.18375 0.3225 0.18375 0.3075
5 0.26875 0.2925 0.25125000000000003 0.2925 0.25125000000000003 0.3025 0.26875 0.3025 0.26875 0.2925
5 0.25125000000000003 0.27749999999999997 0.23875000000000002 0.27749999999999997 0.23875000000000002 0.29 0.25125000000000003 0.29 0.25125000000000003 0.27749999999999997
5 0.23125 0.2875 0.21875 0.2875 0.21875 0.3 0.23125 0.3 0.23125 0.2875
5 0.17250000000000001 0.28375 0.16 0.28375 0.16 0.29375 0.17250000000000001 0.29375 0.17250000000000001 0.28375
5 0.19875 0.26875 0.18625 0.26875 0.18625 0.27875 0.19875 0.27875 0.19875 0.26875
5 0.15125 0.27125 0.13874999999999998 0.27125 0.13874999999999998 0.28125 0.15125 0.28125 0.15125 0.27125
2 0.19375 0.2875 0.18875 0.2875 0.18875 0.3 0.19375 0.3 0.19375 0.2875
2 0.22125 0.27125 0.21625 0.27125 0.21625 0.27625 0.22125 0.27625 0.22125 0.27125
5 0.24625 0.27125 0.23625 0.27125 0.23625 0.28125 0.24625 0.28125 0.24625 0.27125
5 0.23875000000000002 0.26125 0.22875 0.26125 0.22875 0.27375 0.23875000000000002 0.27375 0.23875000000000002 0.26125
5 0.27375 0.27 0.25375000000000003 0.27 0.25375000000000003 0.27749999999999997 0.27375 0.27749999999999997 0.27375 0.27
5 0.11875 0.3125 0.10124999999999999 0.3125 0.10124999999999999 0.32999999999999996 0.11875 0.32999999999999996 0.11875 0.3125
5 0.12625 0.30375 0.11125 0.30375 0.11125 0.31625000000000003 0.12625 0.31625000000000003 0.12625 0.30375
5 0.12125 0.29500000000000004 0.10874999999999999 0.29500000000000004 0.10874999999999999 0.305 0.12125 0.305 0.12125 0.29500000000000004
5 0.12375 0.28375 0.10874999999999999 0.28375 0.10874999999999999 0.29375 0.12375 0.29375 0.12375 0.28375
5 0.12250000000000001 0.27999999999999997 0.11000000000000001 0.27999999999999997 0.11000000000000001 0.2875 0.12250000000000001 0.2875 0.12250000000000001 0.27999999999999997
5 0.12125 0.27625 0.10874999999999999 0.27625 0.10874999999999999 0.28375 0.12125 0.28375 0.12125 0.27625
5 0.12125 0.26749999999999996 0.11125 0.26749999999999996 0.11125 0.27749999999999997 0.12125 0.27749999999999997 0.12125 0.26749999999999996
5 0.125 0.26375000000000004 0.11499999999999999 0.26375000000000004 0.11499999999999999 0.27125 0.125 0.27125 0.125 0.26375000000000004
5 0.12625 0.2575 0.11625 0.2575 0.11625 0.26749999999999996 0.12625 0.26749999999999996 0.12625 0.2575
5 0.08625000000000001 0.24125000000000002 0.07125000000000001 0.24125000000000002 0.07125000000000001 0.24874999999999997 0.08625000000000001 0.24874999999999997 0.08625000000000001 0.24125000000000002
5 0.18625 0.25375000000000003 0.17875000000000002 0.25375000000000003 0.17875000000000002 0.26125 0.18625 0.26125 0.18625 0.25375000000000003
5 0.2 0.2475 0.19 0.2475 0.19 0.255 0.2 0.255 0.2 0.2475
5 0.14125000000000001 0.25375000000000003 0.12875 0.25375000000000003 0.12875 0.26125 0.14125000000000001 0.26125 0.14125000000000001 0.25375000000000003
2 0.14250000000000002 0.25625 0.13999999999999999 0.25625 0.13999999999999999 0.26375000000000004 0.14250000000000002 0.26375000000000004 0.14250000000000002 0.25625
5 0.16499999999999998 0.25125000000000003 0.155 0.25125000000000003 0.155 0.25875 0.16499999999999998 0.25875 0.16499999999999998 0.25125000000000003
5 0.1625 0.24625 0.155 0.24625 0.155 0.25125000000000003 0.1625 0.25125000000000003 0.1625 0.24625
5 0.14875 0.24375 0.14125000000000001 0.24375 0.14125000000000001 0.24874999999999997 0.14875 0.24874999999999997 0.14875 0.24375
5 0.15 0.23875000000000002 0.145 0.23875000000000002 0.145 0.24375 0.15 0.24375 0.15 0.23875000000000002
5 0.145 0.23625 0.13999999999999999 0.23625 0.13999999999999999 0.24125000000000002 0.145 0.24125000000000002 0.145 0.23625
5 0.1775 0.25 0.16999999999999998 0.25 0.16999999999999998 0.2575 0.1775 0.2575 0.1775 0.25
5 0.1775 0.24375 0.1675 0.24375 0.1675 0.25125000000000003 0.1775 0.25125000000000003 0.1775 0.24375
5 0.16999999999999998 0.24 0.16 0.24 0.16 0.2475 0.16999999999999998 0.2475 0.16999999999999998 0.24
5 0.18875 0.23875000000000002 0.18125 0.23875000000000002 0.18125 0.24375 0.18875 0.24375 0.18875 0.23875000000000002
5 0.185 0.23374999999999999 0.1775 0.23374999999999999 0.1775 0.23625 0.185 0.23625 0.185 0.23374999999999999
5 0.17375000000000002 0.23125 0.16625 0.23125 0.16625 0.23625 0.17375000000000002 0.23625 0.17375000000000002 0.23125
5 0.17375000000000002 0.22749999999999998 0.16625 0.22749999999999998 0.16625 0.23500000000000001 0.17375000000000002 0.23500000000000001 0.17375000000000002 0.22749999999999998
5 0.16499999999999998 0.22125 0.16 0.22125 0.16 0.22625 0.16499999999999998 0.22625 0.16499999999999998 0.22125
5 0.17625 0.22374999999999998 0.17124999999999999 0.22374999999999998 0.17124999999999999 0.22875 0.17625 0.22875 0.17625 0.22374999999999998
5 0.18625 0.225 0.18125 0.225 0.18125 0.22999999999999998 0.18625 0.22999999999999998 0.18625 0.225
5 0.1675 0.2125 0.16 0.2125 0.16 0.21749999999999997 0.1675 0.21749999999999997 0.1675 0.2125
5 0.155 0.21749999999999997 0.15 0.21749999999999997 0.15 0.2225 0.155 0.2225 0.155 0.21749999999999997
5 0.1575 0.225 0.1525 0.225 0.1525 0.22999999999999998 0.1575 0.22999999999999998 0.1575 0.225
5 0.155 0.23125 0.15 0.23125 0.15 0.23625 0.155 0.23625 0.155 0.23125
5 0.16 0.23374999999999999 0.155 0.23374999999999999 0.155 0.24125000000000002 0.16 0.24125000000000002 0.16 0.23374999999999999
2 0.14250000000000002 0.22625 0.13999999999999999 0.22625 0.13999999999999999 0.23374999999999999 0.14250000000000002 0.23374999999999999 0.14250000000000002 0.22625
5 0.14875 0.2325 0.14375 0.2325 0.14375 0.23500000000000001 0.14875 0.23500000000000001 0.14875 0.2325
5 0.15 0.2125 0.145 0.2125 0.145 0.21749999999999997 0.15 0.21749999999999997 0.15 0.2125