2 0.06625 0.68125 0.04375 0.68125 0.04375 0.73875 0.06625 0.73875 0.06625 0.68125
2 0.06875 0.63375 0.05125 0.63375 0.05125 0.67125 0.06875 0.67125 0.06875 0.63375
2 0.05 0.59875 0.04 0.59875 0.04 0.63625 0.05 0.63625 0.05 0.59875
2 0.03625 0.5974999999999999 0.026250000000000002 0.5974999999999999 0.026250000000000002 0.63 0.03625 0.63 0.03625 0.5974999999999999
2 0.021249999999999998 0.58875 0.01125 0.58875 0.01125 0.63125 0.021249999999999998 0.63125 0.021249999999999998 0.58875
2 0 0.575 0.01 0.575 0.01 0.5375 0 0.5375 0 0.575
2 0.0375 0.48875 0.025 0.48875 0.025 0.52125 0.0375 0.52125 0.0375 0.48875
2 0.05125 0.495 0.041249999999999995 0.495 0.041249999999999995 0.5275000000000001 0.05125 0.5275000000000001 0.05125 0.495
2 0.061250000000000006 0.44625000000000004 0.04875 0.44625000000000004 0.04875 0.48125 0.061250000000000006 0.48125 0.061250000000000006 0.44625000000000004
2 0.11125 0.47000000000000003 0.10124999999999999 0.47000000000000003 0.10124999999999999 0.5 0.11125 0.5 0.11125 0.47000000000000003
2 0.10375000000000001 0.465 0.09375 0.465 0.09375 0.495 0.10375000000000001 0.495 0.10375000000000001 0.465
2 0.026250000000000002 0.41 0.01875 0.41 0.01875 0.44000000000000006 0.026250000000000002 0.44000000000000006 0.026250000000000002 0.41
2 0.03625 0.41125 0.026250000000000002 0.41125 0.026250000000000002 0.44125 0.03625 0.44125 0.03625 0.41125
2 0.045 0.41375 0.034999999999999996 0.41375 0.034999999999999996 0.44375 0.045 0.44375 0.045 0.41375
2 0.06 0.3275 0.05 0.3275 0.05 0.355 0.06 0.355 0.06 0.3275
2 0.0675 0.325 0.06 0.325 0.06 0.355 0.0675 0.355 0.0675 0.325
2 0.03 0.3325 0.0225 0.3325 0.0225 0.3625 0.03 0.3625 0.03 0.3325
2 0.04375 0.3325 0.03375 0.3325 0.03375 0.35750000000000004 0.04375 0.35750000000000004 0.04375 0.3325
2 0.03625 0.32625000000000004 0.028749999999999998 0.32625000000000004 0.028749999999999998 0.35125 0.03625 0.35125 0.03625 0.32625000000000004
2 0.026250000000000002 0.32875 0.01875 0.32875 0.01875 0.35875 0.026250000000000002 0.35875 0.026250000000000002 0.32875
2 0.11750000000000001 0.325 0.1075 0.325 0.1075 0.355 0.11750000000000001 0.355 0.11750000000000001 0.325
2 0.026250000000000002 0.28125 0.01625 0.28125 0.01625 0.30625 0.026250000000000002 0.30625 0.026250000000000002 0.28125
2 0.04 0.28125 0.03 0.28125 0.03 0.31124999999999997 0.04 0.31124999999999997 0.04 0.28125
2 0.034999999999999996 0.20625 0.027500000000000004 0.20625 0.027500000000000004 0.22625 0.034999999999999996 0.22625 0.034999999999999996 0.20625
2 0.041249999999999995 0.205 0.03375 0.205 0.03375 0.225 0.041249999999999995 0.225 0.041249999999999995 0.205
2 0.06625 0.19 0.061250000000000006 0.19 0.061250000000000006 0.20750000000000002 0.06625 0.20750000000000002 0.06625 0.19
2 0.06 0.20875 0.052500000000000005 0.20875 0.052500000000000005 0.22625 0.06 0.22625 0.06 0.20875
2 0.04375 0.25875 0.03375 0.25875 0.03375 0.28125 0.04375 0.28125 0.04375 0.25875
2 0.065 0.20625 0.06 0.20625 0.06 0.22374999999999998 0.065 0.22374999999999998 0.065 0.20625
2 0.07125000000000001 0.1925 0.06625 0.1925 0.06625 0.21000000000000002 0.07125000000000001 0.21000000000000002 0.07125000000000001 0.1925
5 0.07125000000000001 0.2375 0.041249999999999995 0.2375 0.041249999999999995 0.26749999999999996 0.07125000000000001 0.26749999999999996 0.07125000000000001 0.2375
5 0.08 0.22000000000000003 0.052500000000000005 0.22000000000000003 0.052500000000000005 0.24500000000000002 0.08 0.24500000000000002 0.08 0.22000000000000003
5 0 0.05375 0.01625 0.05375 0.01625 0.041249999999999995 0 0.041249999999999995 0 0.05375
5 0.03125 0.0925 0.00125 0.0925 0.00125 0.10500000000000001 0.03125 0.10500000000000001 0.03125 0.0925