2 0.1075 0.1275 0.095 0.1275 0.095 0.16499999999999998 0.1075 0.16499999999999998 0.1075 0.1275
2 0.18625 0.1075 0.17375000000000002 0.1075 0.17375000000000002 0.14250000000000002 0.18625 0.14250000000000002 0.18625 0.1075
2 0.0925 0.27749999999999997 0.08249999999999999 0.27749999999999997 0.08249999999999999 0.315 0.0925 0.315 0.0925 0.27749999999999997
2 0.32875 0.31 0.31375000000000003 0.31 0.31375000000000003 0.3525 0.32875 0.3525 0.32875 0.31
2 0.13 0.275 0.12 0.275 0.12 0.3 0.13 0.3 0.13 0.275
2 0.11499999999999999 0.26 0.10500000000000001 0.26 0.10500000000000001 0.28250000000000003 0.11499999999999999 0.28250000000000003 0.11499999999999999 0.26
2 0.10375000000000001 0.26125 0.09875 0.26125 0.09875 0.28375 0.10375000000000001 0.28375 0.10375000000000001 0.26125
2 0.04625 0.23875000000000002 0.03625 0.23875000000000002 0.03625 0.26375000000000004 0.04625 0.26375000000000004 0.04625 0.23875000000000002
2 0.30625 0.21625 0.29874999999999996 0.21625 0.29874999999999996 0.23875000000000002 0.30625 0.23875000000000002 0.30625 0.21625
2 0.32875 0.21125 0.31375000000000003 0.21125 0.31375000000000003 0.23875000000000002 0.32875 0.23875000000000002 0.32875 0.21125
2 0.32875 0.24625 0.31625000000000003 0.24625 0.31625000000000003 0.26375000000000004 0.32875 0.26375000000000004 0.32875 0.24625
2 0.31875 0.2375 0.30874999999999997 0.2375 0.30874999999999997 0.26 0.31875 0.26 0.31875 0.2375
2 0.14750000000000002 0.14375 0.1375 0.14375 0.1375 0.16125 0.14750000000000002 0.16125 0.14750000000000002 0.14375
2 0.30625 0.1875 0.29625 0.1875 0.29625 0.22000000000000003 0.30625 0.22000000000000003 0.30625 0.1875
5 0.29625 0.19125 0.27625 0.19125 0.27625 0.22625 0.29625 0.22625 0.29625 0.19125
2 0.445 0.21125 0.43499999999999994 0.21125 0.43499999999999994 0.24375 0.445 0.24375 0.445 0.21125
2 0.43375 0.20625 0.42374999999999996 0.20625 0.42374999999999996 0.24125000000000002 0.43375 0.24125000000000002 0.43375 0.20625
2 0.41875 0.205 0.41125 0.205 0.41125 0.24500000000000002 0.41875 0.24500000000000002 0.41875 0.205
2 0.44625000000000004 0.1975 0.43375 0.1975 0.43375 0.225 0.44625000000000004 0.225 0.44625000000000004 0.1975
2 0.42750000000000005 0.205 0.4175 0.205 0.4175 0.23500000000000001 0.42750000000000005 0.23500000000000001 0.42750000000000005 0.205
2 0.3825 0.93125 0.3525 0.93125 0.3525 0.9887499999999999 0.3825 0.9887499999999999 0.3825 0.93125