5 0 0.34249999999999997 0.04375 0.34249999999999997 0.04375 0.3075 0 0.3075 0 0.34249999999999997
2 0.12375 0.21375000000000002 0.11374999999999999 0.21375000000000002 0.11374999999999999 0.22875 0.12375 0.22875 0.12375 0.21375000000000002
2 0.16875 0.255 0.15375 0.255 0.15375 0.2725 0.16875 0.2725 0.16875 0.255
2 0.16625 0.30874999999999997 0.14875 0.30874999999999997 0.14875 0.32875 0.16625 0.32875 0.16625 0.30874999999999997
2 0.21875 0.275 0.20625 0.275 0.20625 0.2925 0.21875 0.2925 0.21875 0.275
2 0.20875 0.48125 0.19875 0.48125 0.19875 0.49124999999999996 0.20875 0.49124999999999996 0.20875 0.48125
2 0.2125 0.48875 0.20249999999999999 0.48875 0.20249999999999999 0.49874999999999997 0.2125 0.49874999999999997 0.2125 0.48875
2 0.21375000000000002 0.49625 0.20375000000000001 0.49625 0.20375000000000001 0.50625 0.21375000000000002 0.50625 0.21375000000000002 0.49625
2 0.18875 0.5 0.17625 0.5 0.17625 0.515 0.18875 0.515 0.18875 0.5
2 0.19624999999999998 0.54875 0.18375 0.54875 0.18375 0.56375 0.19624999999999998 0.56375 0.19624999999999998 0.54875
5 0.22875 0.34875 0.18375 0.34875 0.18375 0.41624999999999995 0.22875 0.41624999999999995 0.22875 0.34875
2 0.35750000000000004 0.23125 0.34249999999999997 0.23125 0.34249999999999997 0.24625 0.35750000000000004 0.24625 0.35750000000000004 0.23125
5 0.41 0.19624999999999998 0.375 0.19624999999999998 0.375 0.24625 0.41 0.24625 0.41 0.19624999999999998
5 0.50125 0.20875 0.42625 0.20875 0.42625 0.26875 0.50125 0.26875 0.50125 0.20875
5 0.58 0.215 0.49749999999999994 0.215 0.49749999999999994 0.27 0.58 0.27 0.58 0.215
5 0.66875 0.19 0.62375 0.19 0.62375 0.2625 0.66875 0.2625 0.66875 0.19
5 0.7162499999999999 0.18125 0.67375 0.18125 0.67375 0.25375000000000003 0.7162499999999999 0.25375000000000003 0.7162499999999999 0.18125
5 0.76125 0.1825 0.7212500000000001 0.1825 0.7212500000000001 0.2525 0.76125 0.2525 0.76125 0.1825
5 0.8087500000000001 0.18875 0.76625 0.18875 0.76625 0.25875 0.8087500000000001 0.25875 0.8087500000000001 0.18875
5 0.8574999999999999 0.19375 0.8099999999999999 0.19375 0.8099999999999999 0.25625 0.8574999999999999 0.25625 0.8574999999999999 0.19375
5 0.9724999999999999 0.1825 0.9175000000000001 0.1825 0.9175000000000001 0.2575 0.9724999999999999 0.2575 0.9724999999999999 0.1825
5 0.99875 0.17250000000000001 0.95625 0.17250000000000001 0.95625 0.2375 0.99875 0.2375 0.99875 0.17250000000000001
5 0.8 0.31875 0.7175 0.31875 0.7175 0.35375 0.8 0.35375 0.8 0.31875
2 0.3375 0.29375 0.32 0.29375 0.32 0.30874999999999997 0.3375 0.30874999999999997 0.3375 0.29375
2 0.32 0.4375 0.3075 0.4375 0.3075 0.4525 0.32 0.4525 0.32 0.4375
2 0.26 0.39375 0.24500000000000002 0.39375 0.24500000000000002 0.40875000000000006 0.26 0.40875000000000006 0.26 0.39375
2 0.25125000000000003 0.41125 0.23625 0.41125 0.23625 0.42874999999999996 0.25125000000000003 0.42874999999999996 0.25125000000000003 0.41125
2 0.2575 0.47000000000000003 0.24 0.47000000000000003 0.24 0.485 0.2575 0.485 0.2575 0.47000000000000003
2 0.2575 0.485 0.24500000000000002 0.485 0.24500000000000002 0.5 0.2575 0.5 0.2575 0.485
2 0.2725 0.5525 0.2575 0.5525 0.2575 0.5675 0.2725 0.5675 0.2725 0.5525
5 0.99875 0.31875 0.96875 0.31875 0.96875 0.39875 0.99875 0.39875 0.99875 0.31875