5 1 0.49124999999999996 0.9662499999999999 0.49124999999999996 0.9662499999999999 0.5237499999999999 1 0.5237499999999999 1 0.49124999999999996
5 0.9324999999999999 0.485 0.89 0.485 0.89 0.5225 0.9324999999999999 0.5225 0.9324999999999999 0.485
5 0.77625 0.47750000000000004 0.73375 0.47750000000000004 0.73375 0.515 0.77625 0.515 0.77625 0.47750000000000004
5 0.75625 0.54125 0.71375 0.54125 0.71375 0.59375 0.75625 0.59375 0.75625 0.54125
5 0.98125 0.3825 0.92125 0.3825 0.92125 0.45 0.98125 0.45 0.98125 0.3825
5 0.9262499999999999 0.37 0.89625 0.37 0.89625 0.3975 0.9262499999999999 0.3975 0.9262499999999999 0.37
5 0.9025000000000001 0.34125 0.8800000000000001 0.34125 0.8800000000000001 0.36625 0.9025000000000001 0.36625 0.9025000000000001 0.34125
5 0.8550000000000001 0.35 0.8300000000000001 0.35 0.8300000000000001 0.375 0.8550000000000001 0.375 0.8550000000000001 0.35
5 0.7775000000000001 0.34249999999999997 0.755 0.34249999999999997 0.755 0.36 0.7775000000000001 0.36 0.7775000000000001 0.34249999999999997
5 0.7474999999999999 0.32875 0.725 0.32875 0.725 0.34875 0.7474999999999999 0.34875 0.7474999999999999 0.32875
5 0.7275 0.3125 0.7025 0.3125 0.7025 0.3325 0.7275 0.3325 0.7275 0.3125
5 0.7112499999999999 0.3 0.6912499999999999 0.3 0.6912499999999999 0.3125 0.7112499999999999 0.3125 0.7112499999999999 0.3
5 0.67625 0.2925 0.6587500000000001 0.2925 0.6587500000000001 0.3075 0.67625 0.3075 0.67625 0.2925
5 0.66125 0.27875 0.64125 0.27875 0.64125 0.29125 0.66125 0.29125 0.66125 0.27875
5 0.6825 0.265 0.6625 0.265 0.6625 0.275 0.6825 0.275 0.6825 0.265
5 0.6849999999999999 0.27749999999999997 0.665 0.27749999999999997 0.665 0.29 0.6849999999999999 0.29 0.6849999999999999 0.27749999999999997
5 0.70625 0.26749999999999996 0.68875 0.26749999999999996 0.68875 0.27749999999999997 0.70625 0.27749999999999997 0.70625 0.26749999999999996
5 0.7075 0.27749999999999997 0.6875 0.27749999999999997 0.6875 0.29 0.7075 0.29 0.7075 0.27749999999999997
5 0.7112499999999999 0.2875 0.6912499999999999 0.2875 0.6912499999999999 0.3 0.7112499999999999 0.3 0.7112499999999999 0.2875
5 0.73625 0.27749999999999997 0.7162499999999999 0.27749999999999997 0.7162499999999999 0.29 0.73625 0.29 0.73625 0.27749999999999997
5 0.75875 0.275 0.73875 0.275 0.73875 0.2875 0.75875 0.2875 0.75875 0.275
5 0.77125 0.28500000000000003 0.75125 0.28500000000000003 0.75125 0.305 0.77125 0.305 0.77125 0.28500000000000003
5 0.81875 0.30874999999999997 0.79375 0.30874999999999997 0.79375 0.33375 0.81875 0.33375 0.81875 0.30874999999999997
5 0.8324999999999999 0.29375 0.82 0.29375 0.82 0.30874999999999997 0.8324999999999999 0.30874999999999997 0.8324999999999999 0.29375
5 0.8525 0.31375000000000003 0.8300000000000001 0.31375000000000003 0.8300000000000001 0.32875 0.8525 0.32875 0.8525 0.31375000000000003
5 0.845 0.305 0.8275 0.305 0.8275 0.3175 0.845 0.3175 0.845 0.305