2 0.09125 0.58 0.08875 0.58 0.08875 0.5925 0.09125 0.5925 0.09125 0.58
2 0.09625 0.58 0.09125 0.58 0.09125 0.5900000000000001 0.09625 0.5900000000000001 0.09625 0.58
2 0.10625 0.57875 0.10375000000000001 0.57875 0.10375000000000001 0.5912499999999999 0.10625 0.5912499999999999 0.10625 0.57875
2 0.11875 0.58 0.11374999999999999 0.58 0.11374999999999999 0.5900000000000001 0.11875 0.5900000000000001 0.11875 0.58
2 0.38125 0.8275 0.37374999999999997 0.8275 0.37374999999999997 0.8474999999999999 0.38125 0.8474999999999999 0.38125 0.8275
2 0.395 0.8300000000000001 0.3875 0.8300000000000001 0.3875 0.85 0.395 0.85 0.395 0.8300000000000001
2 0.40750000000000003 0.83375 0.3975 0.83375 0.3975 0.85375 0.40750000000000003 0.85375 0.40750000000000003 0.83375
2 0.43875000000000003 0.9324999999999999 0.42874999999999996 0.9324999999999999 0.42874999999999996 0.9574999999999999 0.43875000000000003 0.9574999999999999 0.43875000000000003 0.9324999999999999
2 0.55 0.9675 0.5375 0.9675 0.5375 0.9949999999999999 0.55 0.9949999999999999 0.55 0.9675
5 0.09375 0.8425 0.06625 0.8425 0.06625 0.8675 0.09375 0.8675 0.09375 0.8425
5 0.11374999999999999 0.9199999999999999 0.08125 0.9199999999999999 0.08125 0.9525 0.11374999999999999 0.9525 0.11374999999999999 0.9199999999999999
5 0.13625 1 0.13625 0.96125 0.10375000000000001 0.96125 0.10375000000000001 1 0.13625 1
5 0 0.835 0.04875 0.835 0.04875 0.8099999999999999 0 0.8099999999999999 0 0.835
5 0.18 0.8300000000000001 0.16 0.8300000000000001 0.16 0.8474999999999999 0.18 0.8474999999999999 0.18 0.8300000000000001
5 0.1975 0.84375 0.175 0.84375 0.175 0.85875 0.1975 0.85875 0.1975 0.84375
5 0.21875 0.85625 0.18875 0.85625 0.18875 0.87375 0.21875 0.87375 0.21875 0.85625
5 0.2425 0.8724999999999999 0.2125 0.8724999999999999 0.2125 0.8949999999999999 0.2425 0.8949999999999999 0.2425 0.8724999999999999
5 0.27 0.90625 0.23500000000000001 0.90625 0.23500000000000001 0.93125 0.27 0.93125 0.27 0.90625
5 0.33125 0.96875 0.28375 0.96875 0.28375 0.99875 0.33125 0.99875 0.33125 0.96875
2 0.1375 0.87625 0.125 0.87625 0.125 0.89125 0.1375 0.89125 0.1375 0.87625