5 0.5275000000000001 1 0.5275000000000001 0.9275 0.4575 0.9275 0.4575 1 0.5275000000000001 1
2 0.6 0.8875 0.585 0.8875 0.585 0.9225 0.6 0.9225 0.6 0.8875
2 0.5900000000000001 0.875 0.575 0.875 0.575 0.9099999999999999 0.5900000000000001 0.9099999999999999 0.5900000000000001 0.875
2 0.5862499999999999 0.9075 0.57625 0.9075 0.57625 0.9199999999999999 0.5862499999999999 0.9199999999999999 0.5862499999999999 0.9075
2 0.55125 0.8925000000000001 0.5337500000000001 0.8925000000000001 0.5337500000000001 0.945 0.55125 0.945 0.55125 0.8925000000000001
2 0.335 0.8975 0.32 0.8975 0.32 0.925 0.335 0.925 0.335 0.8975
2 0.5225 0.8474999999999999 0.51 0.8474999999999999 0.51 0.8975 0.5225 0.8975 0.5225 0.8474999999999999
2 0.54 0.8474999999999999 0.525 0.8474999999999999 0.525 0.8975 0.54 0.8975 0.54 0.8474999999999999
5 0.6275000000000001 0.8074999999999999 0.575 0.8074999999999999 0.575 0.8474999999999999 0.6275000000000001 0.8474999999999999 0.6275000000000001 0.8074999999999999
5 0.25375000000000003 0.8474999999999999 0.20625 0.8474999999999999 0.20625 0.9175000000000001 0.25375000000000003 0.9175000000000001 0.25375000000000003 0.8474999999999999
5 0.2525 0.7625 0.2125 0.7625 0.2125 0.8099999999999999 0.2525 0.8099999999999999 0.2525 0.7625
2 0.27375 0.825 0.25625 0.825 0.25625 0.8550000000000001 0.27375 0.8550000000000001 0.27375 0.825
5 0.39249999999999996 0.76 0.34249999999999997 0.76 0.34249999999999997 0.8150000000000001 0.39249999999999996 0.8150000000000001 0.39249999999999996 0.76
2 0.30874999999999997 0.8300000000000001 0.29375 0.8300000000000001 0.29375 0.86 0.30874999999999997 0.86 0.30874999999999997 0.8300000000000001
2 0.325 0.80625 0.3075 0.80625 0.3075 0.82875 0.325 0.82875 0.325 0.80625
5 0.32999999999999996 0.81375 0.3075 0.81375 0.3075 0.85625 0.32999999999999996 0.85625 0.32999999999999996 0.81375
2 0.55375 0.73375 0.53625 0.73375 0.53625 0.77625 0.55375 0.77625 0.55375 0.73375
2 0.5225 0.6950000000000001 0.5075000000000001 0.6950000000000001 0.5075000000000001 0.735 0.5225 0.735 0.5225 0.6950000000000001
2 0.34125 0.70375 0.32625000000000004 0.70375 0.32625000000000004 0.7262500000000001 0.34125 0.7262500000000001 0.34125 0.70375
2 0.4575 0.66875 0.445 0.66875 0.445 0.6912499999999999 0.4575 0.6912499999999999 0.4575 0.66875
5 0.38 0.63375 0.34249999999999997 0.63375 0.34249999999999997 0.6837500000000001 0.38 0.6837500000000001 0.38 0.63375
2 0.48125 0.6275000000000001 0.46624999999999994 0.6275000000000001 0.46624999999999994 0.65 0.48125 0.65 0.48125 0.6275000000000001
2 0.44000000000000006 0.61875 0.43 0.61875 0.43 0.63875 0.44000000000000006 0.63875 0.44000000000000006 0.61875
2 0.40625 0.61 0.39625 0.61 0.39625 0.63 0.40625 0.63 0.40625 0.61
2 0.3025 0.6224999999999999 0.29500000000000004 0.6224999999999999 0.29500000000000004 0.645 0.3025 0.645 0.3025 0.6224999999999999
5 0.44625000000000004 0.5925 0.43125 0.5925 0.43125 0.6224999999999999 0.44625000000000004 0.6224999999999999 0.44625000000000004 0.5925
5 0.5 0.5775 0.4625 0.5775 0.4625 0.61 0.5 0.61 0.5 0.5775
2 0.30125 0.53625 0.29125 0.53625 0.29125 0.55625 0.30125 0.55625 0.30125 0.53625
2 0.42374999999999996 0.55625 0.41624999999999995 0.55625 0.41624999999999995 0.57125 0.42374999999999996 0.57125 0.42374999999999996 0.55625
5 0.3 0.51375 0.2725 0.51375 0.2725 0.54125 0.3 0.54125 0.3 0.51375
5 0.30625 0.49625 0.29125 0.49625 0.29125 0.51625 0.30625 0.51625 0.30625 0.49625
5 0.185 0.445 0.1375 0.445 0.1375 0.465 0.185 0.465 0.185 0.445
5 0.14125000000000001 0.43875000000000003 0.10874999999999999 0.43875000000000003 0.10874999999999999 0.46125 0.14125000000000001 0.46125 0.14125000000000001 0.43875000000000003
5 0.12625 0.42374999999999996 0.08375 0.42374999999999996 0.08375 0.44625000000000004 0.12625 0.44625000000000004 0.12625 0.42374999999999996
5 0.175 0.4325 0.135 0.4325 0.135 0.44749999999999995 0.175 0.44749999999999995 0.175 0.4325
2 0.37374999999999997 0.5287499999999999 0.36375 0.5287499999999999 0.36375 0.54625 0.37374999999999997 0.54625 0.37374999999999997 0.5287499999999999
2 0.38625 0.52625 0.37625000000000003 0.52625 0.37625000000000003 0.5387500000000001 0.38625 0.5387500000000001 0.38625 0.52625
2 0.4525 0.5225 0.4425 0.5225 0.4425 0.5475 0.4525 0.5475 0.4525 0.5225
2 0.43125 0.5225 0.41875 0.5225 0.41875 0.54 0.43125 0.54 0.43125 0.5225
2 0.3225 0.495 0.315 0.495 0.315 0.5125 0.3225 0.5125 0.3225 0.495
2 0.32625000000000004 0.495 0.31625000000000003 0.495 0.31625000000000003 0.5125 0.32625000000000004 0.5125 0.32625000000000004 0.495
2 0.3325 0.47375 0.3275 0.47375 0.3275 0.48875 0.3325 0.48875 0.3325 0.47375
5 0.4 0.48250000000000004 0.38 0.48250000000000004 0.38 0.505 0.4 0.505 0.4 0.48250000000000004
2 0.41375 0.495 0.40875000000000006 0.495 0.40875000000000006 0.5125 0.41375 0.5125 0.41375 0.495
2 0.45125000000000004 0.495 0.44125 0.495 0.44125 0.52 0.45125000000000004 0.52 0.45125000000000004 0.495
2 0.41500000000000004 0.48 0.41 0.48 0.41 0.5 0.41500000000000004 0.5 0.41500000000000004 0.48
5 0.4225 0.465 0.3775 0.465 0.3775 0.4875 0.4225 0.4875 0.4225 0.465
5 0.33625 0.425 0.31875 0.425 0.31875 0.445 0.33625 0.445 0.33625 0.425
5 0.28500000000000003 0.48624999999999996 0.26749999999999996 0.48624999999999996 0.26749999999999996 0.51375 0.28500000000000003 0.51375 0.28500000000000003 0.48624999999999996
5 0.30125 0.4525 0.27625 0.4525 0.27625 0.4725 0.30125 0.4725 0.30125 0.4525
5 0.43875000000000003 0.42874999999999996 0.41875 0.42874999999999996 0.41875 0.44625000000000004 0.43875000000000003 0.44625000000000004 0.43875000000000003 0.42874999999999996
5 0.44875 0.45 0.43125 0.45 0.43125 0.46749999999999997 0.44875 0.46749999999999997 0.44875 0.45
5 0.4375 0.4125 0.41500000000000004 0.4125 0.41500000000000004 0.43 0.4375 0.43 0.4375 0.4125
2 0.40875000000000006 0.425 0.40374999999999994 0.425 0.40374999999999994 0.44000000000000006 0.40875000000000006 0.44000000000000006 0.40875000000000006 0.425
2 0.37625000000000003 0.45 0.37124999999999997 0.45 0.37124999999999997 0.45999999999999996 0.37625000000000003 0.45999999999999996 0.37625000000000003 0.45
2 0.38875000000000004 0.4325 0.38375 0.4325 0.38375 0.4425 0.38875000000000004 0.4425 0.38875000000000004 0.4325
2 0.38125 0.4375 0.37374999999999997 0.4375 0.37374999999999997 0.44749999999999995 0.38125 0.44749999999999995 0.38125 0.4375
2 0.38 0.4225 0.3725 0.4225 0.3725 0.44000000000000006 0.38 0.44000000000000006 0.38 0.4225
2 0.38875000000000004 0.41 0.38375 0.41 0.38375 0.42000000000000004 0.38875000000000004 0.42000000000000004 0.38875000000000004 0.41
2 0.34125 0.4175 0.33625 0.4175 0.33625 0.4325 0.34125 0.4325 0.34125 0.4175
2 0.31124999999999997 0.42125 0.30375 0.42125 0.30375 0.43875000000000003 0.31124999999999997 0.43875000000000003 0.31124999999999997 0.42125
2 0.3175 0.4175 0.3125 0.4175 0.3125 0.42750000000000005 0.3175 0.42750000000000005 0.3175 0.4175
2 0.40374999999999994 0.41 0.39875 0.41 0.39875 0.42000000000000004 0.40374999999999994 0.42000000000000004 0.40374999999999994 0.41
2 0.40374999999999994 0.39 0.39875 0.39 0.39875 0.40750000000000003 0.40374999999999994 0.40750000000000003 0.40374999999999994 0.39
2 0.40875000000000006 0.37875000000000003 0.40374999999999994 0.37875000000000003 0.40374999999999994 0.39375 0.40875000000000006 0.39375 0.40875000000000006 0.37875000000000003
2 0.39 0.35625 0.3875 0.35625 0.3875 0.36625 0.39 0.36625 0.39 0.35625
2 0.395 0.35625 0.39 0.35625 0.39 0.36625 0.395 0.36625 0.395 0.35625
2 0.32999999999999996 0.395 0.325 0.395 0.325 0.4025 0.32999999999999996 0.4025 0.32999999999999996 0.395
5 0.39125 0.3875 0.37625000000000003 0.3875 0.37625000000000003 0.40499999999999997 0.39125 0.40499999999999997 0.39125 0.3875
2 0.36875 0.38125 0.36124999999999996 0.38125 0.36124999999999996 0.39125 0.36875 0.39125 0.36875 0.38125
2 0.32125 0.39125 0.31625000000000003 0.39125 0.31625000000000003 0.39875 0.32125 0.39875 0.32125 0.39125
2 0.315 0.3675 0.31 0.3675 0.31 0.3775 0.315 0.3775 0.315 0.3675
2 0.32875 0.375 0.32375 0.375 0.32375 0.385 0.32875 0.385 0.32875 0.375
2 0.3225 0.37124999999999997 0.32 0.37124999999999997 0.32 0.37875000000000003 0.3225 0.37875000000000003 0.3225 0.37124999999999997
2 0.36875 0.3625 0.36375 0.3625 0.36375 0.3675 0.36875 0.3675 0.36875 0.3625
2 0.3775 0.35375 0.3725 0.35375 0.3725 0.36124999999999996 0.3775 0.36124999999999996 0.3775 0.35375
2 0.36375 0.35125 0.35875 0.35125 0.35875 0.35875 0.36375 0.35875 0.36375 0.35125
2 0.34500000000000003 0.35 0.34249999999999997 0.35 0.34249999999999997 0.35750000000000004 0.34500000000000003 0.35750000000000004 0.34500000000000003 0.35