5 0.4025 0.2725 0.3975 0.2725 0.3975 0.27749999999999997 0.4025 0.27749999999999997 0.4025 0.2725
5 0.41 0.27999999999999997 0.40499999999999997 0.27999999999999997 0.40499999999999997 0.28500000000000003 0.41 0.28500000000000003 0.41 0.27999999999999997
5 0.36875 0.28125 0.36375 0.28125 0.36375 0.28625 0.36875 0.28625 0.36875 0.28125
5 0.3525 0.29500000000000004 0.34500000000000003 0.29500000000000004 0.34500000000000003 0.3025 0.3525 0.3025 0.3525 0.29500000000000004
5 0.3775 0.3 0.37 0.3 0.37 0.3075 0.3775 0.3075 0.3775 0.3
5 0.40374999999999994 0.3 0.38875000000000004 0.3 0.38875000000000004 0.3075 0.40374999999999994 0.3075 0.40374999999999994 0.3
5 0.42125 0.29874999999999996 0.40875000000000006 0.29874999999999996 0.40875000000000006 0.30375 0.42125 0.30375 0.42125 0.29874999999999996
5 0.39625 0.31625000000000003 0.38625 0.31625000000000003 0.38625 0.32375 0.39625 0.32375 0.39625 0.31625000000000003
5 0.39375 0.32875 0.38375 0.32875 0.38375 0.33875 0.39375 0.33875 0.39375 0.32875
5 0.42874999999999996 0.35875 0.41875 0.35875 0.41875 0.36875 0.42874999999999996 0.36875 0.42874999999999996 0.35875
5 0.43624999999999997 0.33999999999999997 0.42625 0.33999999999999997 0.42625 0.34750000000000003 0.43624999999999997 0.34750000000000003 0.43624999999999997 0.33999999999999997
5 0.44000000000000006 0.34750000000000003 0.42750000000000005 0.34750000000000003 0.42750000000000005 0.35750000000000004 0.44000000000000006 0.35750000000000004 0.44000000000000006 0.34750000000000003
5 0.3725 0.32375 0.3625 0.32375 0.3625 0.33375 0.3725 0.33375 0.3725 0.32375
5 0.37124999999999997 0.3375 0.36124999999999996 0.3375 0.36124999999999996 0.34750000000000003 0.37124999999999997 0.34750000000000003 0.37124999999999997 0.3375
5 0.32999999999999996 0.36 0.3175 0.36 0.3175 0.375 0.32999999999999996 0.375 0.32999999999999996 0.36
5 0.35625 0.385 0.34125 0.385 0.34125 0.4025 0.35625 0.4025 0.35625 0.385
5 0.29500000000000004 0.42874999999999996 0.27999999999999997 0.42874999999999996 0.27999999999999997 0.44875 0.29500000000000004 0.44875 0.29500000000000004 0.42874999999999996
5 0.4225 0.49000000000000005 0.40499999999999997 0.49000000000000005 0.40499999999999997 0.515 0.4225 0.515 0.4225 0.49000000000000005
5 0.36875 0.52 0.34625 0.52 0.34625 0.5475 0.36875 0.5475 0.36875 0.52
5 0.45999999999999996 0.5225 0.43499999999999994 0.5225 0.43499999999999994 0.5525 0.45999999999999996 0.5525 0.45999999999999996 0.5225
5 0.2 0.54 0.16999999999999998 0.54 0.16999999999999998 0.5775 0.2 0.5775 0.2 0.54
5 0.13374999999999998 0.6525000000000001 0.09375 0.6525000000000001 0.09375 0.6725 0.13374999999999998 0.6725 0.13374999999999998 0.6525000000000001
5 0.5974999999999999 0.63875 0.5225 0.63875 0.5225 0.67375 0.5974999999999999 0.67375 0.5974999999999999 0.63875
5 0.54 0.5337500000000001 0.4725 0.5337500000000001 0.4725 0.56125 0.54 0.56125 0.54 0.5337500000000001
5 0.51875 0.46375 0.46375 0.46375 0.46375 0.48624999999999996 0.51875 0.48624999999999996 0.51875 0.46375
5 0.575 0.39249999999999996 0.5575 0.39249999999999996 0.5575 0.40499999999999997 0.575 0.40499999999999997 0.575 0.39249999999999996
5 0.5587500000000001 0.4125 0.53625 0.4125 0.53625 0.4325 0.5587500000000001 0.4325 0.5587500000000001 0.4125
5 0.5725 0.40125 0.5475 0.40125 0.5475 0.41875 0.5725 0.41875 0.5725 0.40125
5 0.5900000000000001 0.6 0.5175 0.6 0.5175 0.635 0.5900000000000001 0.635 0.5900000000000001 0.6
5 0.55625 0.58125 0.48375 0.58125 0.48375 0.61125 0.55625 0.61125 0.55625 0.58125
5 0.545 0.5549999999999999 0.47750000000000004 0.5549999999999999 0.47750000000000004 0.58 0.545 0.58 0.545 0.5549999999999999
5 0.54 0.505 0.46749999999999997 0.505 0.46749999999999997 0.5325 0.54 0.5325 0.54 0.505
5 0.5549999999999999 0.485 0.4875 0.485 0.4875 0.51 0.5549999999999999 0.51 0.5549999999999999 0.485
5 0.525 0.43499999999999994 0.485 0.43499999999999994 0.485 0.45 0.525 0.45 0.525 0.43499999999999994
5 0.5 0.42750000000000005 0.45499999999999996 0.42750000000000005 0.45499999999999996 0.44749999999999995 0.5 0.44749999999999995 0.5 0.42750000000000005
5 0.515 0.4 0.5 0.4 0.5 0.42000000000000004 0.515 0.42000000000000004 0.515 0.4
5 0.585 0.43875000000000003 0.5625 0.43875000000000003 0.5625 0.45125000000000004 0.585 0.45125000000000004 0.585 0.43875000000000003
2 0.515 0.38375 0.51 0.38375 0.51 0.39625 0.515 0.39625 0.515 0.38375
5 0.46375 0.2975 0.44625000000000004 0.2975 0.44625000000000004 0.305 0.46375 0.305 0.46375 0.2975
5 0.42750000000000005 0.27999999999999997 0.4175 0.27999999999999997 0.4175 0.28500000000000003 0.42750000000000005 0.28500000000000003 0.42750000000000005 0.27999999999999997
5 0.42750000000000005 0.2875 0.41500000000000004 0.2875 0.41500000000000004 0.29500000000000004 0.42750000000000005 0.29500000000000004 0.42750000000000005 0.2875
5 0.43499999999999994 0.31 0.4225 0.31 0.4225 0.325 0.43499999999999994 0.325 0.43499999999999994 0.31
5 0.34875 0.3175 0.34125 0.3175 0.34125 0.325 0.34875 0.325 0.34875 0.3175
5 0.3 0.33625 0.29 0.33625 0.29 0.34625 0.3 0.34625 0.3 0.33625
5 0.30375 0.3675 0.29125 0.3675 0.29125 0.3825 0.30375 0.3825 0.30375 0.3675
5 0.38125 0.38875000000000004 0.37124999999999997 0.38875000000000004 0.37124999999999997 0.40374999999999994 0.38125 0.40374999999999994 0.38125 0.38875000000000004
5 0.39625 0.37875000000000003 0.38625 0.37875000000000003 0.38625 0.39125 0.39625 0.39125 0.39625 0.37875000000000003
5 0.385 0.40625 0.3775 0.40625 0.3775 0.41875 0.385 0.41875 0.385 0.40625
2 0.45 0.425 0.445 0.425 0.445 0.44000000000000006 0.45 0.44000000000000006 0.45 0.425
2 0.32375 0.39125 0.31875 0.39125 0.31875 0.40125 0.32375 0.40125 0.32375 0.39125
5 0.305 0.42000000000000004 0.2875 0.42000000000000004 0.2875 0.4325 0.305 0.4325 0.305 0.42000000000000004
5 0.2875 0.44749999999999995 0.27 0.44749999999999995 0.27 0.465 0.2875 0.465 0.2875 0.44749999999999995
5 0.29125 0.39249999999999996 0.26875 0.39249999999999996 0.26875 0.4225 0.29125 0.4225 0.29125 0.39249999999999996
2 0.1825 0.4125 0.175 0.4125 0.175 0.4225 0.1825 0.4225 0.1825 0.4125
2 0.16875 0.42625 0.16125 0.42625 0.16125 0.43624999999999997 0.16875 0.43624999999999997 0.16875 0.42625
2 0.17375000000000002 0.4225 0.16625 0.4225 0.16625 0.4325 0.17375000000000002 0.4325 0.17375000000000002 0.4225
2 0.19125 0.4225 0.18625 0.4225 0.18625 0.43499999999999994 0.19125 0.43499999999999994 0.19125 0.4225
2 0.195 0.41875 0.19 0.41875 0.19 0.43624999999999997 0.195 0.43624999999999997 0.195 0.41875
2 0.26125 0.35625 0.25625 0.35625 0.25625 0.36875 0.26125 0.36875 0.26125 0.35625
2 0.26375000000000004 0.35625 0.25875 0.35625 0.25875 0.36875 0.26375000000000004 0.36875 0.26375000000000004 0.35625
2 0.24 0.38 0.2325 0.38 0.2325 0.39249999999999996 0.24 0.39249999999999996 0.24 0.38
5 0.27625 0.3825 0.24625 0.3825 0.24625 0.39249999999999996 0.27625 0.39249999999999996 0.27625 0.3825
5 0.27 0.38875000000000004 0.2375 0.38875000000000004 0.2375 0.40374999999999994 0.27 0.40374999999999994 0.27 0.38875000000000004
5 0.26749999999999996 0.4 0.22999999999999998 0.4 0.22999999999999998 0.4175 0.26749999999999996 0.4175 0.26749999999999996 0.4
5 0.21875 0.425 0.19875 0.425 0.19875 0.445 0.21875 0.445 0.21875 0.425
2 0.23875000000000002 0.48375 0.23125 0.48375 0.23125 0.50125 0.23875000000000002 0.50125 0.23875000000000002 0.48375
5 0.22999999999999998 0.47625 0.20249999999999999 0.47625 0.20249999999999999 0.51875 0.22999999999999998 0.51875 0.22999999999999998 0.47625
5 0.255 0.48624999999999996 0.24 0.48624999999999996 0.24 0.50625 0.255 0.50625 0.255 0.48624999999999996
5 0.22125 0.5287499999999999 0.20625 0.5287499999999999 0.20625 0.55125 0.22125 0.55125 0.22125 0.5287499999999999
5 0.14625 0.6125 0.12375 0.6125 0.12375 0.65 0.14625 0.65 0.14625 0.6125
5 0.05 0.48125 0.03 0.48125 0.03 0.50875 0.05 0.50875 0.05 0.48125
5 0.11125 0.49000000000000005 0.04625 0.49000000000000005 0.04625 0.53 0.11125 0.53 0.11125 0.49000000000000005
5 0.09375 0.54125 0.03125 0.54125 0.03125 0.56125 0.09375 0.56125 0.09375 0.54125
5 0.13 0.55 0.057499999999999996 0.55 0.057499999999999996 0.6174999999999999 0.13 0.6174999999999999 0.13 0.55
2 0.42874999999999996 0.49000000000000005 0.42125 0.49000000000000005 0.42125 0.5125 0.42874999999999996 0.5125 0.42874999999999996 0.49000000000000005
2 0.43624999999999997 0.49000000000000005 0.43125 0.49000000000000005 0.43125 0.5125 0.43624999999999997 0.5125 0.43624999999999997 0.49000000000000005
2 0.45875000000000005 0.49124999999999996 0.45125000000000004 0.49124999999999996 0.45125000000000004 0.51125 0.45875000000000005 0.51125 0.45875000000000005 0.49124999999999996
2 0.4725 0.55625 0.465 0.55625 0.465 0.57875 0.4725 0.57875 0.4725 0.55625
2 0.40750000000000003 0.60375 0.3975 0.60375 0.3975 0.6212500000000001 0.40750000000000003 0.6212500000000001 0.40750000000000003 0.60375
5 0.365 0.3525 0.355 0.3525 0.355 0.3675 0.365 0.3675 0.365 0.3525
2 0.34249999999999997 0.35875 0.3375 0.35875 0.3375 0.37124999999999997 0.34249999999999997 0.37124999999999997 0.34249999999999997 0.35875
5 0.34625 0.35875 0.33625 0.35875 0.33625 0.37374999999999997 0.34625 0.37374999999999997 0.34625 0.35875
5 0.3125 0.35875 0.3025 0.35875 0.3025 0.37124999999999997 0.3125 0.37124999999999997 0.3125 0.35875
5 0.31625000000000003 0.35 0.30375 0.35 0.30375 0.3625 0.31625000000000003 0.3625 0.31625000000000003 0.35
5 0.34500000000000003 0.3275 0.335 0.3275 0.335 0.34249999999999997 0.34500000000000003 0.34249999999999997 0.34500000000000003 0.3275
5 0.3275 0.3375 0.3175 0.3375 0.3175 0.34750000000000003 0.3275 0.34750000000000003 0.3275 0.3375
5 0.3 0.34875 0.29 0.34875 0.29 0.36124999999999996 0.3 0.36124999999999996 0.3 0.34875
5 0.32875 0.32999999999999996 0.31875 0.32999999999999996 0.31875 0.34249999999999997 0.32875 0.34249999999999997 0.32875 0.32999999999999996
5 0.335 0.32375 0.325 0.32375 0.325 0.33375 0.335 0.33375 0.335 0.32375
5 0.33625 0.31875 0.32625000000000004 0.31875 0.32625000000000004 0.32625000000000004 0.33625 0.32625000000000004 0.33625 0.31875
5 0.645 0.51 0.61 0.51 0.61 0.545 0.645 0.545 0.645 0.51
5 0.7787499999999999 0.62375 0.7212500000000001 0.62375 0.7212500000000001 0.67375 0.7787499999999999 0.67375 0.7787499999999999 0.62375
5 0.49625 0.32625000000000004 0.47125000000000006 0.32625000000000004 0.47125000000000006 0.33625 0.49625 0.33625 0.49625 0.32625000000000004
5 0.12125 0.47125000000000006 0.07875 0.47125000000000006 0.07875 0.48624999999999996 0.12125 0.48624999999999996 0.12125 0.47125000000000006