5 0.07625 0.2625 0.04375 0.2625 0.04375 0.29500000000000004 0.07625 0.29500000000000004 0.07625 0.2625
5 0.07875 0.17250000000000001 0.05125 0.17250000000000001 0.05125 0.1975 0.07875 0.1975 0.07875 0.17250000000000001
5 0.08499999999999999 0.12625 0.06 0.12625 0.06 0.14875 0.08499999999999999 0.14875 0.08499999999999999 0.12625
5 0.13874999999999998 0.1525 0.10124999999999999 0.1525 0.10124999999999999 0.2 0.13874999999999998 0.2 0.13874999999999998 0.1525
5 0.08499999999999999 0.042499999999999996 0.065 0.042499999999999996 0.065 0.0675 0.08499999999999999 0.0675 0.08499999999999999 0.042499999999999996
5 0.07375000000000001 0 0.07375000000000001 0.015 0.09375 0.015 0.09375 0 0.07375000000000001 0
2 0.13625 0.07375000000000001 0.12875 0.07375000000000001 0.12875 0.08875 0.13625 0.08875 0.13625 0.07375000000000001
2 0.12125 0.01625 0.11625 0.01625 0.11625 0.026250000000000002 0.12125 0.026250000000000002 0.12125 0.01625
2 0.17875000000000002 0.00125 0.17625 0.00125 0.17625 0.013750000000000002 0.17875000000000002 0.013750000000000002 0.17875000000000002 0.00125
2 0.21000000000000002 0.025 0.205 0.025 0.205 0.042499999999999996 0.21000000000000002 0.042499999999999996 0.21000000000000002 0.025
2 0.21375000000000002 0.02375 0.21125 0.02375 0.21125 0.041249999999999995 0.21375000000000002 0.041249999999999995 0.21375000000000002 0.02375
2 0.2225 0.0475 0.22000000000000003 0.0475 0.22000000000000003 0.0625 0.2225 0.0625 0.2225 0.0475
2 0.22875 0.04875 0.22374999999999998 0.04875 0.22374999999999998 0.06375 0.22875 0.06375 0.22875 0.04875
2 0.24125000000000002 0.04625 0.23625 0.04625 0.23625 0.06375 0.24125000000000002 0.06375 0.24125000000000002 0.04625
5 0.28250000000000003 0.17375000000000002 0.2525 0.17375000000000002 0.2525 0.20375000000000001 0.28250000000000003 0.20375000000000001 0.28250000000000003 0.17375000000000002
5 0.375 0.041249999999999995 0.32 0.041249999999999995 0.32 0.061250000000000006 0.375 0.061250000000000006 0.375 0.041249999999999995
2 0.33375 0.017499999999999998 0.33125 0.017499999999999998 0.33125 0.034999999999999996 0.33375 0.034999999999999996 0.33375 0.017499999999999998
2 0.36625 0.0375 0.36124999999999996 0.0375 0.36124999999999996 0.052500000000000005 0.36625 0.052500000000000005 0.36625 0.0375
5 0.42374999999999996 0.11374999999999999 0.32625000000000004 0.11374999999999999 0.32625000000000004 0.15375 0.42374999999999996 0.15375 0.42374999999999996 0.11374999999999999
5 0.3875 0.14625 0.3225 0.14625 0.3225 0.17124999999999999 0.3875 0.17124999999999999 0.3875 0.14625
5 0.45999999999999996 0.17875000000000002 0.395 0.17875000000000002 0.395 0.20375000000000001 0.45999999999999996 0.20375000000000001 0.45999999999999996 0.17875000000000002
5 0.76 0.17625 0.7150000000000001 0.17625 0.7150000000000001 0.21125 0.76 0.21125 0.76 0.17625
5 0.75875 0.125 0.71375 0.125 0.71375 0.145 0.75875 0.145 0.75875 0.125
5 0.8262499999999999 0.1275 0.76875 0.1275 0.76875 0.14750000000000002 0.8262499999999999 0.14750000000000002 0.8262499999999999 0.1275
5 0.92875 0.12875 0.86875 0.12875 0.86875 0.14875 0.92875 0.14875 0.92875 0.12875
2 0.8699999999999999 0.135 0.8625 0.135 0.8625 0.1525 0.8699999999999999 0.1525 0.8699999999999999 0.135
2 0.77625 0.18875 0.77125 0.18875 0.77125 0.20375000000000001 0.77625 0.20375000000000001 0.77625 0.18875
2 0.78625 0.1875 0.78125 0.1875 0.78125 0.20249999999999999 0.78625 0.20249999999999999 0.78625 0.1875
2 0.79375 0.16625 0.78625 0.16625 0.78625 0.18625 0.79375 0.18625 0.79375 0.16625
2 0.8162499999999999 0.17124999999999999 0.81125 0.17124999999999999 0.81125 0.18875 0.8162499999999999 0.18875 0.8162499999999999 0.17124999999999999
2 0.81875 0.16375 0.81375 0.16375 0.81375 0.17875000000000002 0.81875 0.17875000000000002 0.81875 0.16375
2 0.89 0.16875 0.8825 0.16875 0.8825 0.18875 0.89 0.18875 0.89 0.16875
2 0.89875 0.16625 0.89375 0.16625 0.89375 0.18625 0.89875 0.18625 0.89875 0.16625
2 0.24625 0.24625 0.23875000000000002 0.24625 0.23875000000000002 0.26625 0.24625 0.26625 0.24625 0.24625
2 0.2625 0.25625 0.255 0.25625 0.255 0.27875 0.2625 0.27875 0.2625 0.25625
2 0.3075 0.28500000000000003 0.2975 0.28500000000000003 0.2975 0.3075 0.3075 0.3075 0.3075 0.28500000000000003
2 0.26875 0.2875 0.25875 0.2875 0.25875 0.31 0.26875 0.31 0.26875 0.2875
2 0.44749999999999995 0.21375000000000002 0.44000000000000006 0.21375000000000002 0.44000000000000006 0.23625 0.44749999999999995 0.23625 0.44749999999999995 0.21375000000000002
5 0.16375 0.40625 0.12125 0.40625 0.12125 0.45875000000000005 0.16375 0.45875000000000005 0.16375 0.40625
2 0.2425 0.3225 0.22999999999999998 0.3225 0.22999999999999998 0.34249999999999997 0.2425 0.34249999999999997 0.2425 0.3225
2 0.29375 0.47125000000000006 0.28375 0.47125000000000006 0.28375 0.5037499999999999 0.29375 0.5037499999999999 0.29375 0.47125000000000006
5 0.29625 0.475 0.27625 0.475 0.27625 0.515 0.29625 0.515 0.29625 0.475
2 0.20625 0.49000000000000005 0.19624999999999998 0.49000000000000005 0.19624999999999998 0.515 0.20625 0.515 0.20625 0.49000000000000005
2 0.33625 0.49124999999999996 0.32125 0.49124999999999996 0.32125 0.51375 0.33625 0.51375 0.33625 0.49124999999999996
5 0.20375000000000001 0.62375 0.14875 0.62375 0.14875 0.70375 0.20375000000000001 0.70375 0.20375000000000001 0.62375
5 0.42374999999999996 0.49124999999999996 0.35625 0.49124999999999996 0.35625 0.56875 0.42374999999999996 0.56875 0.42374999999999996 0.49124999999999996
5 0.5025000000000001 0.43125 0.3975 0.43125 0.3975 0.47375 0.5025000000000001 0.47375 0.5025000000000001 0.43125
2 0.69375 0.47874999999999995 0.67875 0.47874999999999995 0.67875 0.5037499999999999 0.69375 0.5037499999999999 0.69375 0.47874999999999995
2 0.72 0.47874999999999995 0.705 0.47874999999999995 0.705 0.50625 0.72 0.50625 0.72 0.47874999999999995
5 0.79875 0.50875 0.72875 0.50875 0.72875 0.54375 0.79875 0.54375 0.79875 0.50875
2 0.40750000000000003 0.09 0.4025 0.09 0.4025 0.1075 0.40750000000000003 0.1075 0.40750000000000003 0.09
5 0.8462500000000001 0.14750000000000002 0.7837500000000001 0.14750000000000002 0.7837500000000001 0.1675 0.8462500000000001 0.1675 0.8462500000000001 0.14750000000000002
5 0.9412499999999999 0.14750000000000002 0.8787499999999999 0.14750000000000002 0.8787499999999999 0.16999999999999998 0.9412499999999999 0.16999999999999998 0.9412499999999999 0.14750000000000002