3 0.63 0.8525 0.61125 0.8525 0.61125 0.8625 0.63 0.8625 0.63 0.8525
3 0.5725 0.9275 0.55625 0.9275 0.55625 0.9349999999999999 0.5725 0.9349999999999999 0.5725 0.9275
3 0.9175000000000001 0.8074999999999999 0.8925000000000001 0.8074999999999999 0.8925000000000001 0.81875 0.9175000000000001 0.81875 0.9175000000000001 0.8074999999999999
3 0.46875 0.7837500000000001 0.45375 0.7837500000000001 0.45375 0.7925 0.46875 0.7925 0.46875 0.7837500000000001
3 0.5349999999999999 0.75125 0.49625 0.75125 0.49625 0.7825 0.5349999999999999 0.7825 0.5349999999999999 0.75125
3 0.7125 0.55 0.705 0.55 0.705 0.55375 0.7125 0.55375 0.7125 0.55
3 0.79125 0.57375 0.78125 0.57375 0.78125 0.57875 0.79125 0.57875 0.79125 0.57375
3 0.44000000000000006 0.6975 0.4325 0.6975 0.4325 0.70625 0.44000000000000006 0.70625 0.44000000000000006 0.6975
3 0.7112499999999999 0.6875 0.68125 0.6875 0.68125 0.7 0.7112499999999999 0.7 0.7112499999999999 0.6875
3 0.33875 0.70625 0.3275 0.70625 0.3275 0.7175 0.33875 0.7175 0.33875 0.70625
3 0.42125 0.655 0.40750000000000003 0.655 0.40750000000000003 0.6637500000000001 0.42125 0.6637500000000001 0.42125 0.655
3 0.81125 0.835 0.79375 0.835 0.79375 0.8462500000000001 0.81125 0.8462500000000001 0.81125 0.835