5 0.013750000000000002 0.34375 0.00625 0.34375 0.00625 0.35625 0.013750000000000002 0.35625 0.013750000000000002 0.34375
5 0 0.6725 0.008749999999999999 0.6725 0.008749999999999999 0.6625 0 0.6625 0 0.6725
5 0.01625 0.67625 0.00375 0.67625 0.00375 0.6912499999999999 0.01625 0.6912499999999999 0.01625 0.67625
5 0 0.7625 0.01125 0.7625 0.01125 0.75 0 0.75 0 0.7625
5 0.02 0.7625 0.0025 0.7625 0.0025 0.775 0.02 0.775 0.02 0.7625
5 0.06999999999999999 0.10375000000000001 0.05500000000000001 0.10375000000000001 0.05500000000000001 0.12125 0.06999999999999999 0.12125 0.06999999999999999 0.10375000000000001
5 0.06625 0.14125000000000001 0.05625 0.14125000000000001 0.05625 0.15875 0.06625 0.15875 0.06625 0.14125000000000001
5 0.04 0.11875 0.0225 0.11875 0.0225 0.13125 0.04 0.13125 0.04 0.11875
5 0.10625 0.09125 0.08375 0.09125 0.08375 0.10625 0.10625 0.10625 0.10625 0.09125
5 0.0975 0.125 0.08 0.125 0.08 0.135 0.0975 0.135 0.0975 0.125
5 0.1075 0.11000000000000001 0.0925 0.11000000000000001 0.0925 0.12 0.1075 0.12 0.1075 0.11000000000000001
5 0.12125 0.12375 0.10375000000000001 0.12375 0.10375000000000001 0.13625 0.12125 0.13625 0.12125 0.12375
5 0.12250000000000001 0.1125 0.1125 0.1125 0.1125 0.125 0.12250000000000001 0.125 0.12250000000000001 0.1125
5 0.14125000000000001 0.14625 0.12875 0.14625 0.12875 0.15875 0.14125000000000001 0.15875 0.14125000000000001 0.14625
5 0.14250000000000002 0.09875 0.1325 0.09875 0.1325 0.11875 0.14250000000000002 0.11875 0.14250000000000002 0.09875
5 0.08499999999999999 0.14875 0.0725 0.14875 0.0725 0.16375 0.08499999999999999 0.16375 0.08499999999999999 0.14875
5 0.09375 0.14250000000000002 0.08375 0.14250000000000002 0.08375 0.16 0.09375 0.16 0.09375 0.14250000000000002
5 0.028749999999999998 0.21125 0.01625 0.21125 0.01625 0.22875 0.028749999999999998 0.22875 0.028749999999999998 0.21125
5 0.07375000000000001 0.22000000000000003 0.05375 0.22000000000000003 0.05375 0.23500000000000001 0.07375000000000001 0.23500000000000001 0.07375000000000001 0.22000000000000003
5 0.0725 0.2725 0.06 0.2725 0.06 0.2875 0.0725 0.2875 0.0725 0.2725
5 0.041249999999999995 0.27 0.026250000000000002 0.27 0.026250000000000002 0.2875 0.041249999999999995 0.2875 0.041249999999999995 0.27
5 0.026250000000000002 0.27375 0.013750000000000002 0.27375 0.013750000000000002 0.28875 0.026250000000000002 0.28875 0.026250000000000002 0.27375
5 0.0625 0.33375 0.05 0.33375 0.05 0.34875 0.0625 0.34875 0.0625 0.33375
5 0.05625 0.30125 0.04625 0.30125 0.04625 0.31375000000000003 0.05625 0.31375000000000003 0.05625 0.30125
5 0.0875 0.3 0.0725 0.3 0.0725 0.3175 0.0875 0.3175 0.0875 0.3
5 0.12 0.3325 0.10500000000000001 0.3325 0.10500000000000001 0.35 0.12 0.35 0.12 0.3325
5 0.11750000000000001 0.28250000000000003 0.0975 0.28250000000000003 0.0975 0.2975 0.11750000000000001 0.2975 0.11750000000000001 0.28250000000000003
5 0.1125 0.27125 0.095 0.27125 0.095 0.28375 0.1125 0.28375 0.1125 0.27125
5 0.1025 0.25125000000000003 0.08 0.25125000000000003 0.08 0.26375000000000004 0.1025 0.26375000000000004 0.1025 0.25125000000000003
5 0.10124999999999999 0.2425 0.07625 0.2425 0.07625 0.255 0.10124999999999999 0.255 0.10124999999999999 0.2425
5 0.09875 0.23625 0.07625 0.23625 0.07625 0.24625 0.09875 0.24625 0.09875 0.23625
5 0.08499999999999999 0.37 0.0725 0.37 0.0725 0.3875 0.08499999999999999 0.3875 0.08499999999999999 0.37
5 0.057499999999999996 0.38125 0.0475 0.38125 0.0475 0.39625 0.057499999999999996 0.39625 0.057499999999999996 0.38125
5 0.09125 0.39 0.08125 0.39 0.08125 0.40499999999999997 0.09125 0.40499999999999997 0.09125 0.39
5 0.12875 0.4025 0.11625 0.4025 0.11625 0.4175 0.12875 0.4175 0.12875 0.4025
5 0.07125000000000001 0.40125 0.058750000000000004 0.40125 0.058750000000000004 0.41624999999999995 0.07125000000000001 0.41624999999999995 0.07125000000000001 0.40125
5 0.11875 0.43499999999999994 0.10375000000000001 0.43499999999999994 0.10375000000000001 0.45499999999999996 0.11875 0.45499999999999996 0.11875 0.43499999999999994
5 0.0925 0.43375 0.0775 0.43375 0.0775 0.45125000000000004 0.0925 0.45125000000000004 0.0925 0.43375
5 0.10500000000000001 0.45125000000000004 0.0925 0.45125000000000004 0.0925 0.46624999999999994 0.10500000000000001 0.46624999999999994 0.10500000000000001 0.45125000000000004
5 0.1275 0.46624999999999994 0.11499999999999999 0.46624999999999994 0.11499999999999999 0.48125 0.1275 0.48125 0.1275 0.46624999999999994
5 0.12250000000000001 0.53125 0.1075 0.53125 0.1075 0.54375 0.12250000000000001 0.54375 0.12250000000000001 0.53125
5 0.12625 0.54125 0.10874999999999999 0.54125 0.10874999999999999 0.55375 0.12625 0.55375 0.12625 0.54125
5 0.13 0.55 0.11499999999999999 0.55 0.11499999999999999 0.5575 0.13 0.5575 0.13 0.55
5 0.027500000000000004 0.6912499999999999 0.01 0.6912499999999999 0.01 0.70625 0.027500000000000004 0.70625 0.027500000000000004 0.6912499999999999
5 0.045 0.7212500000000001 0.034999999999999996 0.7212500000000001 0.034999999999999996 0.73375 0.045 0.73375 0.045 0.7212500000000001
5 0.09 0.7975 0.075 0.7975 0.075 0.8150000000000001 0.09 0.8150000000000001 0.09 0.7975
5 0.04875 0.80375 0.028749999999999998 0.80375 0.028749999999999998 0.81375 0.04875 0.81375 0.04875 0.80375
5 0.0925 0.8775000000000001 0.0775 0.8775000000000001 0.0775 0.8875 0.0925 0.8875 0.0925 0.8775000000000001
5 0.09125 0.8699999999999999 0.07625 0.8699999999999999 0.07625 0.8800000000000001 0.09125 0.8800000000000001 0.09125 0.8699999999999999
5 0.08375 0.8625 0.06875 0.8625 0.06875 0.8724999999999999 0.08375 0.8724999999999999 0.08375 0.8625
5 0.0775 0.8550000000000001 0.0625 0.8550000000000001 0.0625 0.8675 0.0775 0.8675 0.0775 0.8550000000000001
5 0.0725 0.8487500000000001 0.057499999999999996 0.8487500000000001 0.057499999999999996 0.85875 0.0725 0.85875 0.0725 0.8487500000000001
5 0.0725 0.8387499999999999 0.05500000000000001 0.8387499999999999 0.05500000000000001 0.85125 0.0725 0.85125 0.0725 0.8387499999999999
5 0.065 0.8324999999999999 0.05 0.8324999999999999 0.05 0.8425 0.065 0.8425 0.065 0.8324999999999999
5 0.14125000000000001 0.8825 0.13125 0.8825 0.13125 0.8975 0.14125000000000001 0.8975 0.14125000000000001 0.8825
5 0.11374999999999999 0.90625 0.09875 0.90625 0.09875 0.91625 0.11374999999999999 0.91625 0.11374999999999999 0.90625
5 0.12375 0.91875 0.10625 0.91875 0.10625 0.92875 0.12375 0.92875 0.12375 0.91875
5 0.1325 0.9262499999999999 0.1125 0.9262499999999999 0.1125 0.93875 0.1325 0.93875 0.1325 0.9262499999999999
5 0.13374999999999998 0.9349999999999999 0.11875 0.9349999999999999 0.11875 0.945 0.13374999999999998 0.945 0.13374999999999998 0.9349999999999999
5 0.13874999999999998 0.9412499999999999 0.12625 0.9412499999999999 0.12625 0.9512499999999999 0.13874999999999998 0.9512499999999999 0.13874999999999998 0.9412499999999999
5 0.11875 0.9724999999999999 0.10625 0.9724999999999999 0.10625 0.9824999999999999 0.11875 0.9824999999999999 0.11875 0.9724999999999999