5 0.5962500000000001 0.1825 0.58125 0.1825 0.58125 0.2 0.5962500000000001 0.2 0.5962500000000001 0.1825
5 0.31375000000000003 0.3725 0.29874999999999996 0.3725 0.29874999999999996 0.39 0.31375000000000003 0.39 0.31375000000000003 0.3725
5 0.6599999999999999 0.60375 0.6425 0.60375 0.6425 0.6212500000000001 0.6599999999999999 0.6212500000000001 0.6599999999999999 0.60375
5 0.48125 0.47750000000000004 0.46624999999999994 0.47750000000000004 0.46624999999999994 0.5 0.48125 0.5 0.48125 0.47750000000000004
5 0.915 0.47125000000000006 0.905 0.47125000000000006 0.905 0.49625 0.915 0.49625 0.915 0.47125000000000006
5 0.042499999999999996 0.61125 0.017499999999999998 0.61125 0.017499999999999998 0.63125 0.042499999999999996 0.63125 0.042499999999999996 0.61125
5 0.03 0.6675 0.01 0.6675 0.01 0.6799999999999999 0.03 0.6799999999999999 0.03 0.6675
5 0.15375 0.6675 0.13625 0.6675 0.13625 0.6849999999999999 0.15375 0.6849999999999999 0.15375 0.6675
5 0.175 0.68625 0.16 0.68625 0.16 0.70125 0.175 0.70125 0.175 0.68625
5 0.19125 0.68625 0.17375000000000002 0.68625 0.17375000000000002 0.70625 0.19125 0.70625 0.19125 0.68625
5 0.21000000000000002 0.7112499999999999 0.195 0.7112499999999999 0.195 0.7262500000000001 0.21000000000000002 0.7262500000000001 0.21000000000000002 0.7112499999999999
5 0.20875 0.71375 0.18125 0.71375 0.18125 0.73875 0.20875 0.73875 0.20875 0.71375
5 0.1775 0.4725 0.16499999999999998 0.4725 0.16499999999999998 0.49000000000000005 0.1775 0.49000000000000005 0.1775 0.4725
5 0.57625 0.51125 0.55375 0.51125 0.55375 0.5287499999999999 0.57625 0.5287499999999999 0.57625 0.51125
5 0.5962500000000001 0.5349999999999999 0.57875 0.5349999999999999 0.57875 0.55 0.5962500000000001 0.55 0.5962500000000001 0.5349999999999999
5 0.6075 0.5525 0.595 0.5525 0.595 0.5625 0.6075 0.5625 0.6075 0.5525
5 0.82 0.8087500000000001 0.805 0.8087500000000001 0.805 0.8237500000000001 0.82 0.8237500000000001 0.82 0.8087500000000001
5 0.775 0.74875 0.7575000000000001 0.74875 0.7575000000000001 0.76625 0.775 0.76625 0.775 0.74875
5 0.975 0.73125 0.9525 0.73125 0.9525 0.74875 0.975 0.74875 0.975 0.73125
5 0.8462500000000001 0.6287499999999999 0.83375 0.6287499999999999 0.83375 0.64125 0.8462500000000001 0.64125 0.8462500000000001 0.6287499999999999
5 0.6475 0.9225 0.6325000000000001 0.9225 0.6325000000000001 0.9375 0.6475 0.9375 0.6475 0.9225
5 0.92875 0.91375 0.9112500000000001 0.91375 0.9112500000000001 0.93125 0.92875 0.93125 0.92875 0.91375
5 0.88375 0.87625 0.8712500000000001 0.87625 0.8712500000000001 0.89125 0.88375 0.89125 0.88375 0.87625
5 0.8550000000000001 0.85625 0.8400000000000001 0.85625 0.8400000000000001 0.87625 0.8550000000000001 0.87625 0.8550000000000001 0.85625
5 0.9625 0.2375 0.9475 0.2375 0.9475 0.25 0.9625 0.25 0.9625 0.2375
5 0.8474999999999999 0.61375 0.8400000000000001 0.61375 0.8400000000000001 0.62625 0.8474999999999999 0.62625 0.8474999999999999 0.61375
5 0.28500000000000003 0.7 0.2625 0.7 0.2625 0.7150000000000001 0.28500000000000003 0.7150000000000001 0.28500000000000003 0.7
5 0.065 0.81875 0.052500000000000005 0.81875 0.052500000000000005 0.83375 0.065 0.83375 0.065 0.81875