5 0.74375 0.34750000000000003 0.72875 0.34750000000000003 0.72875 0.3625 0.74375 0.3625 0.74375 0.34750000000000003
5 0.08125 0.65625 0.05625 0.65625 0.05625 0.67375 0.08125 0.67375 0.08125 0.65625
5 0.07125000000000001 0.6475 0.05125 0.6475 0.05125 0.6675 0.07125000000000001 0.6675 0.07125000000000001 0.6475
5 0.04875 0.6275000000000001 0.03125 0.6275000000000001 0.03125 0.645 0.04875 0.645 0.04875 0.6275000000000001
5 0.0475 0.58 0.0325 0.58 0.0325 0.5974999999999999 0.0475 0.5974999999999999 0.0475 0.58
5 0.03625 0.5900000000000001 0.01875 0.5900000000000001 0.01875 0.605 0.03625 0.605 0.03625 0.5900000000000001
5 0.26875 0.5662499999999999 0.24625 0.5662499999999999 0.24625 0.5862499999999999 0.26875 0.5862499999999999 0.26875 0.5662499999999999
5 0.19624999999999998 0.5075000000000001 0.17875000000000002 0.5075000000000001 0.17875000000000002 0.5225 0.19624999999999998 0.5225 0.19624999999999998 0.5075000000000001
5 0.20625 0.5275000000000001 0.18875 0.5275000000000001 0.18875 0.5425 0.20625 0.5425 0.20625 0.5275000000000001
5 0.5325 0.72375 0.5175 0.72375 0.5175 0.74125 0.5325 0.74125 0.5325 0.72375
5 0.03 0.5325 0.0025 0.5325 0.0025 0.545 0.03 0.545 0.03 0.5325
5 0.0775 0.3675 0.052500000000000005 0.3675 0.052500000000000005 0.38 0.0775 0.38 0.0775 0.3675
5 0.0625 0.35750000000000004 0.04 0.35750000000000004 0.04 0.37 0.0625 0.37 0.0625 0.35750000000000004
5 0.7175 0.9237500000000001 0.705 0.9237500000000001 0.705 0.93625 0.7175 0.93625 0.7175 0.9237500000000001
5 0.7925 0.96125 0.7725 0.96125 0.7725 0.97625 0.7925 0.97625 0.7925 0.96125
5 0.14125000000000001 0.44375 0.12625 0.44375 0.12625 0.46125 0.14125000000000001 0.46125 0.14125000000000001 0.44375
5 0.22875 0.55125 0.20875 0.55125 0.20875 0.56875 0.22875 0.56875 0.22875 0.55125
5 0 0.61125 0.017499999999999998 0.61125 0.017499999999999998 0.59375 0 0.59375 0 0.61125
5 0.021249999999999998 0.5075000000000001 0.00125 0.5075000000000001 0.00125 0.5225 0.021249999999999998 0.5225 0.021249999999999998 0.5075000000000001
5 0.5700000000000001 0.74875 0.5549999999999999 0.74875 0.5549999999999999 0.76875 0.5700000000000001 0.76875 0.5700000000000001 0.74875