3 0.2975 0.8875 0.27749999999999997 0.8875 0.27749999999999997 0.905 0.2975 0.905 0.2975 0.8875
3 0.2925 0.8699999999999999 0.27749999999999997 0.8699999999999999 0.27749999999999997 0.885 0.2925 0.885 0.2925 0.8699999999999999
5 0.16 0.8324999999999999 0.14250000000000002 0.8324999999999999 0.14250000000000002 0.8474999999999999 0.16 0.8474999999999999 0.16 0.8324999999999999
3 0.3275 0.9125 0.315 0.9125 0.315 0.9199999999999999 0.3275 0.9199999999999999 0.3275 0.9125
3 0.325 0.90625 0.3125 0.90625 0.3125 0.91625 0.325 0.91625 0.325 0.90625
3 0.3175 0.9025000000000001 0.3075 0.9025000000000001 0.3075 0.915 0.3175 0.915 0.3175 0.9025000000000001
3 0.3 0.8949999999999999 0.27999999999999997 0.8949999999999999 0.27999999999999997 0.9125 0.3 0.9125 0.3 0.8949999999999999
5 0.6425 0.6825 0.62 0.6825 0.62 0.6925 0.6425 0.6925 0.6425 0.6825
3 0.4125 0.89875 0.3975 0.89875 0.3975 0.91375 0.4125 0.91375 0.4125 0.89875
3 0.42374999999999996 0.8875 0.41125 0.8875 0.41125 0.9 0.42374999999999996 0.9 0.42374999999999996 0.8875
3 0.7925 0.7675 0.7849999999999999 0.7675 0.7849999999999999 0.7875 0.7925 0.7875 0.7925 0.7675
3 0.74 0.9400000000000001 0.72 0.9400000000000001 0.72 0.96 0.74 0.96 0.74 0.9400000000000001
3 0.37625000000000003 1 0.37625000000000003 0.99125 0.36124999999999996 0.99125 0.36124999999999996 1 0.37625000000000003 1
3 0.36124999999999996 0.97 0.34625 0.97 0.34625 0.9800000000000001 0.36124999999999996 0.9800000000000001 0.36124999999999996 0.97
3 0.36124999999999996 0.96125 0.34625 0.96125 0.34625 0.9712500000000001 0.36124999999999996 0.9712500000000001 0.36124999999999996 0.96125
3 0.31124999999999997 0.99 0.29375 0.99 0.29375 0.9974999999999999 0.31124999999999997 0.9974999999999999 0.31124999999999997 0.99
3 0.33999999999999997 0.91625 0.325 0.91625 0.325 0.93125 0.33999999999999997 0.93125 0.33999999999999997 0.91625
3 0.27749999999999997 0.8625 0.26749999999999996 0.8625 0.26749999999999996 0.8724999999999999 0.27749999999999997 0.8724999999999999 0.27749999999999997 0.8625
3 0.2475 0.8412499999999999 0.23500000000000001 0.8412499999999999 0.23500000000000001 0.85375 0.2475 0.85375 0.2475 0.8412499999999999
3 0.2475 0.8487500000000001 0.2375 0.8487500000000001 0.2375 0.8612500000000001 0.2475 0.8612500000000001 0.2475 0.8487500000000001
3 0.255 0.85125 0.24500000000000002 0.85125 0.24500000000000002 0.8637499999999999 0.255 0.8637499999999999 0.255 0.85125
3 0.45 0.8862500000000001 0.43 0.8862500000000001 0.43 0.9012499999999999 0.45 0.9012499999999999 0.45 0.8862500000000001
3 0.49749999999999994 0.8675 0.48250000000000004 0.8675 0.48250000000000004 0.8825 0.49749999999999994 0.8825 0.49749999999999994 0.8675
3 0.21625 0.81875 0.20375000000000001 0.81875 0.20375000000000001 0.8262499999999999 0.21625 0.8262499999999999 0.21625 0.81875
3 0.21625 0.81125 0.20375000000000001 0.81125 0.20375000000000001 0.82125 0.21625 0.82125 0.21625 0.81125
3 0.19875 0.7462500000000001 0.18625 0.7462500000000001 0.18625 0.75875 0.19875 0.75875 0.19875 0.7462500000000001
3 0.445 0.8175000000000001 0.4375 0.8175000000000001 0.4375 0.8324999999999999 0.445 0.8324999999999999 0.445 0.8175000000000001
3 0.45125000000000004 0.81875 0.44625000000000004 0.81875 0.44625000000000004 0.83375 0.45125000000000004 0.83375 0.45125000000000004 0.81875
3 0.45625 0.8175000000000001 0.45125000000000004 0.8175000000000001 0.45125000000000004 0.8324999999999999 0.45625 0.8324999999999999 0.45625 0.8175000000000001
3 0.4625 0.8175000000000001 0.4575 0.8175000000000001 0.4575 0.8324999999999999 0.4625 0.8324999999999999 0.4625 0.8175000000000001
3 0.46875 0.8175000000000001 0.46375 0.8175000000000001 0.46375 0.8324999999999999 0.46875 0.8324999999999999 0.46875 0.8175000000000001
3 0.47375 0.8175000000000001 0.46875 0.8175000000000001 0.46875 0.835 0.47375 0.835 0.47375 0.8175000000000001
3 0.48250000000000004 0.8175000000000001 0.475 0.8175000000000001 0.475 0.835 0.48250000000000004 0.835 0.48250000000000004 0.8175000000000001
3 0.48624999999999996 0.8175000000000001 0.48125 0.8175000000000001 0.48125 0.8324999999999999 0.48624999999999996 0.8324999999999999 0.48624999999999996 0.8175000000000001
3 0.495 0.8175000000000001 0.4875 0.8175000000000001 0.4875 0.8324999999999999 0.495 0.8324999999999999 0.495 0.8175000000000001
3 0.8 0.7675 0.7925 0.7675 0.7925 0.7849999999999999 0.8 0.7849999999999999 0.8 0.7675
3 0.80625 0.76625 0.79875 0.76625 0.79875 0.7837500000000001 0.80625 0.7837500000000001 0.80625 0.76625
3 0.81375 0.765 0.80625 0.765 0.80625 0.7825 0.81375 0.7825 0.81375 0.765
3 0.82125 0.76625 0.81375 0.76625 0.81375 0.7837500000000001 0.82125 0.7837500000000001 0.82125 0.76625
3 0.82875 0.76625 0.82125 0.76625 0.82125 0.7837500000000001 0.82875 0.7837500000000001 0.82875 0.76625
3 0.4 0.8237500000000001 0.39 0.8237500000000001 0.39 0.83125 0.4 0.83125 0.4 0.8237500000000001
3 0.4025 0.83125 0.39 0.83125 0.39 0.8387499999999999 0.4025 0.8387499999999999 0.4025 0.83125
3 0.40625 0.8375 0.38875000000000004 0.8375 0.38875000000000004 0.845 0.40625 0.845 0.40625 0.8375