5 0.07125000000000001 0.26625 0.05125 0.26625 0.05125 0.27875 0.07125000000000001 0.27875 0.07125000000000001 0.26625
5 0.1575 0.29 0.13999999999999999 0.29 0.13999999999999999 0.3025 0.1575 0.3025 0.1575 0.29
5 0.24874999999999997 0.2925 0.21875 0.2925 0.21875 0.3125 0.24874999999999997 0.3125 0.24874999999999997 0.2925
5 0.25375000000000003 0.35875 0.23374999999999999 0.35875 0.23374999999999999 0.37625000000000003 0.25375000000000003 0.37625000000000003 0.25375000000000003 0.35875
5 0.29125 0.45499999999999996 0.27625 0.45499999999999996 0.27625 0.47000000000000003 0.29125 0.47000000000000003 0.29125 0.45499999999999996
5 0.29874999999999996 0.45999999999999996 0.28875 0.45999999999999996 0.28875 0.47750000000000004 0.29874999999999996 0.47750000000000004 0.29874999999999996 0.45999999999999996
5 0.32 0.46624999999999994 0.31 0.46624999999999994 0.31 0.48624999999999996 0.32 0.48624999999999996 0.32 0.46624999999999994
5 0.32999999999999996 0.47375 0.3175 0.47375 0.3175 0.49375 0.32999999999999996 0.49375 0.32999999999999996 0.47375
5 0.47625 0.46375 0.45875000000000005 0.46375 0.45875000000000005 0.47625 0.47625 0.47625 0.47625 0.46375
5 0.54375 0.35375 0.51875 0.35375 0.51875 0.36375 0.54375 0.36375 0.54375 0.35375
5 0.7175 0.44000000000000006 0.6975 0.44000000000000006 0.6975 0.4525 0.7175 0.4525 0.7175 0.44000000000000006
5 0.7675 0.44000000000000006 0.7575000000000001 0.44000000000000006 0.7575000000000001 0.4575 0.7675 0.4575 0.7675 0.44000000000000006
5 0.7825 0.44625000000000004 0.7675 0.44625000000000004 0.7675 0.46125 0.7825 0.46125 0.7825 0.44625000000000004
5 0.575 0.48875 0.54 0.48875 0.54 0.5237499999999999 0.575 0.5237499999999999 0.575 0.48875
5 0.8862500000000001 0.6537499999999999 0.86875 0.6537499999999999 0.86875 0.66625 0.8862500000000001 0.66625 0.8862500000000001 0.6537499999999999
5 0.88375 0.665 0.8637499999999999 0.665 0.8637499999999999 0.6799999999999999 0.88375 0.6799999999999999 0.88375 0.665
5 0.885 0.49625 0.8724999999999999 0.49625 0.8724999999999999 0.51625 0.885 0.51625 0.885 0.49625
5 0.9012499999999999 0.49749999999999994 0.8862500000000001 0.49749999999999994 0.8862500000000001 0.5175 0.9012499999999999 0.5175 0.9012499999999999 0.49749999999999994
5 0.92125 0.4925 0.9037499999999999 0.4925 0.9037499999999999 0.505 0.92125 0.505 0.92125 0.4925
5 0.95875 0.43624999999999997 0.94625 0.43624999999999997 0.94625 0.45375 0.95875 0.45375 0.95875 0.43624999999999997
5 0.97625 0.44625000000000004 0.9662499999999999 0.44625000000000004 0.9662499999999999 0.46125 0.97625 0.46125 0.97625 0.44625000000000004
5 0.985 0.44875 0.975 0.44875 0.975 0.46624999999999994 0.985 0.46624999999999994 0.985 0.44875
5 0 0.1825 0.015 0.1825 0.015 0.13999999999999999 0 0.13999999999999999 0 0.1825
5 0.99125 0.45625 0.98375 0.45625 0.98375 0.47125000000000006 0.99125 0.47125000000000006 0.99125 0.45625
5 1 0.45499999999999996 0.9925 0.45499999999999996 0.9925 0.47750000000000004 1 0.47750000000000004 1 0.45499999999999996
5 0.7825 0.94375 0.77 0.94375 0.77 0.95375 0.7825 0.95375 0.7825 0.94375
5 0.4525 0.9012499999999999 0.4325 0.9012499999999999 0.4325 0.91625 0.4525 0.91625 0.4525 0.9012499999999999
5 0.34875 0.845 0.33125 0.845 0.33125 0.8574999999999999 0.34875 0.8574999999999999 0.34875 0.845
5 0.38125 0.9275 0.36124999999999996 0.9275 0.36124999999999996 0.9375 0.38125 0.9375 0.38125 0.9275
5 0.275 0.78125 0.2525 0.78125 0.2525 0.82875 0.275 0.82875 0.275 0.78125
5 0.0775 0.5650000000000001 0.04 0.5650000000000001 0.04 0.585 0.0775 0.585 0.0775 0.5650000000000001
5 0.12375 0.215 0.11374999999999999 0.215 0.11374999999999999 0.22749999999999998 0.12375 0.22749999999999998 0.12375 0.215
5 0 0.58 0.0325 0.58 0.0325 0.5525 0 0.5525 0 0.58
5 0.91375 0.6925 0.89625 0.6925 0.89625 0.7025 0.91375 0.7025 0.91375 0.6925