5 0.05375 0.8425 0.03875 0.8425 0.03875 0.8625 0.05375 0.8625 0.05375 0.8425
5 0.027500000000000004 0.85 0.0125 0.85 0.0125 0.8675 0.027500000000000004 0.8675 0.027500000000000004 0.85
5 0.045 0.8150000000000001 0.02 0.8150000000000001 0.02 0.8425 0.045 0.8425 0.045 0.8150000000000001
5 0.6 0.18125 0.5875 0.18125 0.5875 0.19875 0.6 0.19875 0.6 0.18125
5 0.6875 0.26749999999999996 0.67 0.26749999999999996 0.67 0.28250000000000003 0.6875 0.28250000000000003 0.6875 0.26749999999999996
5 0.73 0.89125 0.7150000000000001 0.89125 0.7150000000000001 0.9037499999999999 0.73 0.9037499999999999 0.73 0.89125
5 0.625 0.95 0.61 0.95 0.61 0.9625 0.625 0.9625 0.625 0.95
5 0.041249999999999995 0.61875 0.01875 0.61875 0.01875 0.63375 0.041249999999999995 0.63375 0.041249999999999995 0.61875
5 0.7162499999999999 0.5912499999999999 0.69625 0.5912499999999999 0.69625 0.60625 0.7162499999999999 0.60625 0.7162499999999999 0.5912499999999999
5 0.4025 0.1325 0.39 0.1325 0.39 0.14750000000000002 0.4025 0.14750000000000002 0.4025 0.1325
5 0.47125000000000006 0.23500000000000001 0.45875000000000005 0.23500000000000001 0.45875000000000005 0.2475 0.47125000000000006 0.2475 0.47125000000000006 0.23500000000000001
5 0.2975 0.42874999999999996 0.28500000000000003 0.42874999999999996 0.28500000000000003 0.44375 0.2975 0.44375 0.2975 0.42874999999999996
5 0.3275 0.54125 0.31 0.54125 0.31 0.54875 0.3275 0.54875 0.3275 0.54125
5 0.28375 0.74375 0.26875 0.74375 0.26875 0.7537499999999999 0.28375 0.7537499999999999 0.28375 0.74375
5 0.11625 0.98125 0.10375000000000001 0.98125 0.10375000000000001 0.9962500000000001 0.11625 0.9962500000000001 0.11625 0.98125
5 0.0975 0.9675 0.0875 0.9675 0.0875 0.9824999999999999 0.0975 0.9824999999999999 0.0975 0.9675