5 0.5962500000000001 0.10625 0.57375 0.10625 0.57375 0.11875 0.5962500000000001 0.11875 0.5962500000000001 0.10625
5 0.07375000000000001 0.98375 0.058750000000000004 0.98375 0.058750000000000004 0.99875 0.07375000000000001 0.99875 0.07375000000000001 0.98375
5 0.045 0.9512499999999999 0.0325 0.9512499999999999 0.0325 0.9712500000000001 0.045 0.9712500000000001 0.045 0.9512499999999999
5 0.30625 0.95625 0.28875 0.95625 0.28875 0.9712500000000001 0.30625 0.9712500000000001 0.30625 0.95625
5 0.485 0.74875 0.46749999999999997 0.74875 0.46749999999999997 0.76375 0.485 0.76375 0.485 0.74875
5 0.05 0.73875 0.034999999999999996 0.73875 0.034999999999999996 0.75875 0.05 0.75875 0.05 0.73875
5 0.0625 0.7537499999999999 0.042499999999999996 0.7537499999999999 0.042499999999999996 0.77125 0.0625 0.77125 0.0625 0.7537499999999999
5 0.5650000000000001 0.8150000000000001 0.545 0.8150000000000001 0.545 0.8324999999999999 0.5650000000000001 0.8324999999999999 0.5650000000000001 0.8150000000000001
5 0.12625 0.40499999999999997 0.10375000000000001 0.40499999999999997 0.10375000000000001 0.43 0.12625 0.43 0.12625 0.40499999999999997
5 0.9349999999999999 0.4325 0.9225 0.4325 0.9225 0.4425 0.9349999999999999 0.4425 0.9349999999999999 0.4325
5 0.84375 0.57375 0.83375 0.57375 0.83375 0.58375 0.84375 0.58375 0.84375 0.57375
5 0 0.55 0.04 0.55 0.04 0.4875 0 0.4875 0 0.55
5 0.33875 0.9199999999999999 0.32375 0.9199999999999999 0.32375 0.93 0.33875 0.93 0.33875 0.9199999999999999