5 0.97 0.42125 0.9525 0.42125 0.9525 0.43875000000000003 0.97 0.43875000000000003 0.97 0.42125
5 0.02 0.57625 0.0025 0.57625 0.0025 0.5962500000000001 0.02 0.5962500000000001 0.02 0.57625
5 0.18875 0.32875 0.16875 0.32875 0.16875 0.34375 0.18875 0.34375 0.18875 0.32875
5 0.36124999999999996 0.24625 0.34625 0.24625 0.34625 0.25875 0.36124999999999996 0.25875 0.36124999999999996 0.24625
5 0.375 0.2525 0.35750000000000004 0.2525 0.35750000000000004 0.26749999999999996 0.375 0.26749999999999996 0.375 0.2525
5 0.6275000000000001 0.12125 0.6025 0.12125 0.6025 0.13625 0.6275000000000001 0.13625 0.6275000000000001 0.12125
5 0.74125 0.11374999999999999 0.72875 0.11374999999999999 0.72875 0.12875 0.74125 0.12875 0.74125 0.11374999999999999
5 0.66125 0.095 0.63375 0.095 0.63375 0.1125 0.66125 0.1125 0.66125 0.095
5 0.96125 0.40374999999999994 0.93875 0.40374999999999994 0.93875 0.42374999999999996 0.96125 0.42374999999999996 0.96125 0.40374999999999994
5 0.6825 0.2875 0.6599999999999999 0.2875 0.6599999999999999 0.3075 0.6825 0.3075 0.6825 0.2875
5 0.86625 0.545 0.8487500000000001 0.545 0.8487500000000001 0.5625 0.86625 0.5625 0.86625 0.545
5 0.0375 0.8175000000000001 0.005 0.8175000000000001 0.005 0.8375 0.0375 0.8375 0.0375 0.8175000000000001
5 0.8949999999999999 0.80625 0.875 0.80625 0.875 0.82125 0.8949999999999999 0.82125 0.8949999999999999 0.80625
5 0.8875 0.53625 0.8550000000000001 0.53625 0.8550000000000001 0.58125 0.8875 0.58125 0.8875 0.53625
5 0.7162499999999999 0.07375000000000001 0.69625 0.07375000000000001 0.69625 0.08625000000000001 0.7162499999999999 0.08625000000000001 0.7162499999999999 0.07375000000000001
5 0.85875 0.03125 0.84375 0.03125 0.84375 0.05125 0.85875 0.05125 0.85875 0.03125
5 0.8675 0.027500000000000004 0.8550000000000001 0.027500000000000004 0.8550000000000001 0.042499999999999996 0.8675 0.042499999999999996 0.8675 0.027500000000000004
5 0.8487500000000001 0.00125 0.83375 0.00125 0.83375 0.008749999999999999 0.8487500000000001 0.008749999999999999 0.8487500000000001 0.00125
5 0.88375 0.50125 0.86875 0.50125 0.86875 0.51375 0.88375 0.51375 0.88375 0.50125
5 0.8675 0.51375 0.8550000000000001 0.51375 0.8550000000000001 0.52625 0.8675 0.52625 0.8675 0.51375
5 0.645 0.93125 0.6275000000000001 0.93125 0.6275000000000001 0.94625 0.645 0.94625 0.645 0.93125
5 0.32875 0.28125 0.31124999999999997 0.28125 0.31124999999999997 0.29375 0.32875 0.29375 0.32875 0.28125