5 0.8387499999999999 0.15 0.8237500000000001 0.15 0.8237500000000001 0.16499999999999998 0.8387499999999999 0.16499999999999998 0.8387499999999999 0.15
5 0.73375 0.2125 0.71875 0.2125 0.71875 0.22749999999999998 0.73375 0.22749999999999998 0.73375 0.2125
5 0.67125 0.2425 0.6587500000000001 0.2425 0.6587500000000001 0.255 0.67125 0.255 0.67125 0.2425
5 0.7725 0.2525 0.7525000000000001 0.2525 0.7525000000000001 0.27 0.7725 0.27 0.7725 0.2525
5 0.7775000000000001 0.23875000000000002 0.7675 0.23875000000000002 0.7675 0.25125000000000003 0.7775000000000001 0.25125000000000003 0.7775000000000001 0.23875000000000002
5 0.7575000000000001 0.27125 0.745 0.27125 0.745 0.28625 0.7575000000000001 0.28625 0.7575000000000001 0.27125
5 0.7262500000000001 0.15625 0.7112499999999999 0.15625 0.7112499999999999 0.17124999999999999 0.7262500000000001 0.17124999999999999 0.7262500000000001 0.15625
5 0.7787499999999999 0.37625000000000003 0.76125 0.37625000000000003 0.76125 0.38875000000000004 0.7787499999999999 0.38875000000000004 0.7787499999999999 0.37625000000000003
5 0.765 0.3525 0.7474999999999999 0.3525 0.7474999999999999 0.365 0.765 0.365 0.765 0.3525
5 0.79 0.32 0.7775000000000001 0.32 0.7775000000000001 0.34249999999999997 0.79 0.34249999999999997 0.79 0.32
5 0.835 0.31375000000000003 0.8150000000000001 0.31375000000000003 0.8150000000000001 0.32375 0.835 0.32375 0.835 0.31375000000000003
5 0.85875 0.31124999999999997 0.84375 0.31124999999999997 0.84375 0.32375 0.85875 0.32375 0.85875 0.31124999999999997
5 0.8675 0.3025 0.8474999999999999 0.3025 0.8474999999999999 0.315 0.8675 0.315 0.8675 0.3025
5 0.62 0.48 0.6025 0.48 0.6025 0.49749999999999994 0.62 0.49749999999999994 0.62 0.48
5 0.6275000000000001 0.48624999999999996 0.6125 0.48624999999999996 0.6125 0.5037499999999999 0.6275000000000001 0.5037499999999999 0.6275000000000001 0.48624999999999996
5 0.6637500000000001 0.44000000000000006 0.64625 0.44000000000000006 0.64625 0.4525 0.6637500000000001 0.4525 0.6637500000000001 0.44000000000000006
5 0.6425 0.44875 0.63 0.44875 0.63 0.46624999999999994 0.6425 0.46624999999999994 0.6425 0.44875
5 0.6525000000000001 0.4525 0.6375 0.4525 0.6375 0.4725 0.6525000000000001 0.4725 0.6525000000000001 0.4525
5 0.69875 0.55625 0.6837500000000001 0.55625 0.6837500000000001 0.56875 0.69875 0.56875 0.69875 0.55625
5 0.7224999999999999 0.57125 0.7025 0.57125 0.7025 0.58375 0.7224999999999999 0.58375 0.7224999999999999 0.57125
5 0.87375 0.545 0.85875 0.545 0.85875 0.5625 0.87375 0.5625 0.87375 0.545
5 0.88375 0.5475 0.86875 0.5475 0.86875 0.5675 0.88375 0.5675 0.88375 0.5475
5 0.9025000000000001 0.5662499999999999 0.8825 0.5662499999999999 0.8825 0.58125 0.9025000000000001 0.58125 0.9025000000000001 0.5662499999999999
5 0.91625 0.57875 0.9012499999999999 0.57875 0.9012499999999999 0.59375 0.91625 0.59375 0.91625 0.57875
5 0.8862500000000001 0.525 0.8712500000000001 0.525 0.8712500000000001 0.5425 0.8862500000000001 0.5425 0.8862500000000001 0.525
5 0.89375 0.53125 0.8787499999999999 0.53125 0.8787499999999999 0.54875 0.89375 0.54875 0.89375 0.53125
5 0.8949999999999999 0.50875 0.8825 0.50875 0.8825 0.5237499999999999 0.8949999999999999 0.5237499999999999 0.8949999999999999 0.50875
5 0.9037499999999999 0.515 0.8887499999999999 0.515 0.8887499999999999 0.5325 0.9037499999999999 0.5325 0.9037499999999999 0.515
5 0.9112500000000001 0.5225 0.89625 0.5225 0.89625 0.5375 0.9112500000000001 0.5375 0.9112500000000001 0.5225
5 0.9 0.5375 0.8875 0.5375 0.8875 0.5525 0.9 0.5525 0.9 0.5375
5 0.9075 0.5587500000000001 0.89 0.5587500000000001 0.89 0.57125 0.9075 0.57125 0.9075 0.5587500000000001
5 0.9225 0.5700000000000001 0.9075 0.5700000000000001 0.9075 0.58 0.9225 0.58 0.9225 0.5700000000000001
5 0.9349999999999999 0.5900000000000001 0.925 0.5900000000000001 0.925 0.6 0.9349999999999999 0.6 0.9349999999999999 0.5900000000000001
5 0.925 0.6025 0.9075 0.6025 0.9075 0.62 0.925 0.62 0.925 0.6025
5 0.9125 0.6212500000000001 0.8975 0.6212500000000001 0.8975 0.63875 0.9125 0.63875 0.9125 0.6212500000000001
5 0.9012499999999999 0.64 0.8862500000000001 0.64 0.8862500000000001 0.6575 0.9012499999999999 0.6575 0.9012499999999999 0.64
5 0.89 0.6575 0.8724999999999999 0.6575 0.8724999999999999 0.675 0.89 0.675 0.89 0.6575
5 0.8875 0.73 0.8724999999999999 0.73 0.8724999999999999 0.7474999999999999 0.8875 0.7474999999999999 0.8875 0.73
5 0.9012499999999999 0.7125 0.8862500000000001 0.7125 0.8862500000000001 0.725 0.9012499999999999 0.725 0.9012499999999999 0.7125
5 0.8925000000000001 0.68875 0.8775000000000001 0.68875 0.8775000000000001 0.70125 0.8925000000000001 0.70125 0.8925000000000001 0.68875
5 0.89875 0.68125 0.88375 0.68125 0.88375 0.69625 0.89875 0.69625 0.89875 0.68125
5 0.9025000000000001 0.67375 0.8875 0.67375 0.8875 0.68625 0.9025000000000001 0.68625 0.9025000000000001 0.67375
5 0.905 0.665 0.8925000000000001 0.665 0.8925000000000001 0.6775 0.905 0.6775 0.905 0.665
5 0.9099999999999999 0.6575 0.8975 0.6575 0.8975 0.67 0.9099999999999999 0.67 0.9099999999999999 0.6575
5 0.915 0.6475 0.9 0.6475 0.9 0.665 0.915 0.665 0.915 0.6475
5 0.9175000000000001 0.6425 0.905 0.6425 0.905 0.6525000000000001 0.9175000000000001 0.6525000000000001 0.9175000000000001 0.6425
5 0.93 0.63875 0.9175000000000001 0.63875 0.9175000000000001 0.6487499999999999 0.93 0.6487499999999999 0.93 0.63875
5 0.9324999999999999 0.6275000000000001 0.9175000000000001 0.6275000000000001 0.9175000000000001 0.64 0.9324999999999999 0.64 0.9324999999999999 0.6275000000000001
5 0.9375 0.62 0.9225 0.62 0.9225 0.6325000000000001 0.9375 0.6325000000000001 0.9375 0.62
5 0.9425000000000001 0.6125 0.925 0.6125 0.925 0.625 0.9425000000000001 0.625 0.9425000000000001 0.6125
5 0.945 0.605 0.9324999999999999 0.605 0.9324999999999999 0.615 0.945 0.615 0.945 0.605
5 0.95 0.59875 0.9375 0.59875 0.9375 0.60875 0.95 0.60875 0.95 0.59875
5 0.83125 0.7787499999999999 0.81375 0.7787499999999999 0.81375 0.79625 0.83125 0.79625 0.83125 0.7787499999999999
5 0.8375 0.77125 0.82 0.77125 0.82 0.78625 0.8375 0.78625 0.8375 0.77125
5 0.68625 0.81375 0.67125 0.81375 0.67125 0.8237500000000001 0.68625 0.8237500000000001 0.68625 0.81375
5 0.74375 0.825 0.73125 0.825 0.73125 0.8400000000000001 0.74375 0.8400000000000001 0.74375 0.825
5 0.765 0.83375 0.755 0.83375 0.755 0.8487500000000001 0.765 0.8487500000000001 0.765 0.83375
5 0.7525000000000001 0.8300000000000001 0.745 0.8300000000000001 0.745 0.8425 0.7525000000000001 0.8425 0.7525000000000001 0.8300000000000001
5 0.8387499999999999 0.85875 0.8237500000000001 0.85875 0.8237500000000001 0.88375 0.8387499999999999 0.88375 0.8387499999999999 0.85875
5 0.85625 0.86875 0.8462500000000001 0.86875 0.8462500000000001 0.88125 0.85625 0.88125 0.85625 0.86875
5 0.8625 0.8724999999999999 0.8550000000000001 0.8724999999999999 0.8550000000000001 0.885 0.8625 0.885 0.8625 0.8724999999999999
5 0.9662499999999999 0.8612500000000001 0.94625 0.8612500000000001 0.94625 0.8712500000000001 0.9662499999999999 0.8712500000000001 0.9662499999999999 0.8612500000000001
5 0.9087500000000001 0.8887499999999999 0.89625 0.8887499999999999 0.89625 0.9037499999999999 0.9087500000000001 0.9037499999999999 0.9087500000000001 0.8887499999999999
5 0.9 0.88375 0.89 0.88375 0.89 0.89625 0.9 0.89625 0.9 0.88375
5 0.8800000000000001 0.8775000000000001 0.8724999999999999 0.8775000000000001 0.8724999999999999 0.89 0.8800000000000001 0.89 0.8800000000000001 0.8775000000000001
5 0.9012499999999999 0.9550000000000001 0.88125 0.9550000000000001 0.88125 0.9675 0.9012499999999999 0.9675 0.9012499999999999 0.9550000000000001
5 0.92875 0.8925000000000001 0.91625 0.8925000000000001 0.91625 0.905 0.92875 0.905 0.92875 0.8925000000000001
5 0.67625 0.9650000000000001 0.66625 0.9650000000000001 0.66625 0.9824999999999999 0.67625 0.9824999999999999 0.67625 0.9650000000000001
5 0.68625 0.9712500000000001 0.67625 0.9712500000000001 0.67625 0.9862500000000001 0.68625 0.9862500000000001 0.68625 0.9712500000000001
5 0.69625 0.9712500000000001 0.6837500000000001 0.9712500000000001 0.6837500000000001 0.9887499999999999 0.69625 0.9887499999999999 0.69625 0.9712500000000001
5 0.55375 0.9675 0.54125 0.9675 0.54125 0.985 0.55375 0.985 0.55375 0.9675
5 0.53625 0.9637499999999999 0.52125 0.9637499999999999 0.52125 0.98375 0.53625 0.98375 0.53625 0.9637499999999999
5 0.52625 0.96125 0.51375 0.96125 0.51375 0.97875 0.52625 0.97875 0.52625 0.96125
5 0.50625 0.95375 0.49625 0.95375 0.49625 0.9712500000000001 0.50625 0.9712500000000001 0.50625 0.95375
5 0.54625 0.91875 0.53625 0.91875 0.53625 0.9337500000000001 0.54625 0.9337500000000001 0.54625 0.91875
5 0.53625 0.915 0.5287499999999999 0.915 0.5287499999999999 0.93 0.53625 0.93 0.53625 0.915
5 0.5275000000000001 0.9125 0.5175 0.9125 0.5175 0.9275 0.5275000000000001 0.9275 0.5275000000000001 0.9125
5 0.50125 0.90625 0.49124999999999996 0.90625 0.49124999999999996 0.91625 0.50125 0.91625 0.50125 0.90625
5 0.4575 0.885 0.44749999999999995 0.885 0.44749999999999995 0.9 0.4575 0.9 0.4575 0.885
5 0.43875000000000003 0.925 0.41875 0.925 0.41875 0.9349999999999999 0.43875000000000003 0.9349999999999999 0.43875000000000003 0.925
5 0.43624999999999997 0.9337500000000001 0.41875 0.9337500000000001 0.41875 0.94375 0.43624999999999997 0.94375 0.43624999999999997 0.9337500000000001
5 0.43 0.9525 0.41 0.9525 0.41 0.9625 0.43 0.9625 0.43 0.9525
5 0.42625 0.96125 0.40625 0.96125 0.40625 0.9737500000000001 0.42625 0.9737500000000001 0.42625 0.96125
5 0.42125 0.97875 0.39875 0.97875 0.39875 0.9887499999999999 0.42125 0.9887499999999999 0.42125 0.97875
5 0.41375 0.9887499999999999 0.39625 0.9887499999999999 0.39625 0.9962500000000001 0.41375 0.9962500000000001 0.41375 0.9887499999999999
5 0.40374999999999994 0.8887499999999999 0.38625 0.8887499999999999 0.38625 0.89875 0.40374999999999994 0.89875 0.40374999999999994 0.8887499999999999
5 0.39875 0.89875 0.38375 0.89875 0.38375 0.90625 0.39875 0.90625 0.39875 0.89875
5 0.39625 0.90625 0.38125 0.90625 0.38125 0.91625 0.39625 0.91625 0.39625 0.90625
5 0.39375 0.91625 0.37625000000000003 0.91625 0.37625000000000003 0.9262499999999999 0.39375 0.9262499999999999 0.39375 0.91625
5 0.39249999999999996 0.925 0.3725 0.925 0.3725 0.9349999999999999 0.39249999999999996 0.9349999999999999 0.39249999999999996 0.925
5 0.38875000000000004 0.9324999999999999 0.36875 0.9324999999999999 0.36875 0.9425000000000001 0.38875000000000004 0.9425000000000001 0.38875000000000004 0.9324999999999999
5 0.38375 0.94375 0.36875 0.94375 0.36875 0.95375 0.38375 0.95375 0.38375 0.94375
5 0.37875000000000003 0.96 0.36124999999999996 0.96 0.36124999999999996 0.9724999999999999 0.37875000000000003 0.9724999999999999 0.37875000000000003 0.96
5 0.3725 0.97 0.355 0.97 0.355 0.9800000000000001 0.3725 0.9800000000000001 0.3725 0.97
5 0.3725 0.9775 0.3525 0.9775 0.3525 0.9875 0.3725 0.9875 0.3725 0.9775
5 0.36625 0.9875 0.34875 0.9875 0.34875 0.9974999999999999 0.36625 0.9974999999999999 0.36625 0.9875
5 0.605 0.86625 0.5875 0.86625 0.5875 0.87625 0.605 0.87625 0.605 0.86625
5 0.6725 0.9012499999999999 0.6425 0.9012499999999999 0.6425 0.92125 0.6725 0.92125 0.6725 0.9012499999999999
5 0.5974999999999999 0.7775000000000001 0.5875 0.7775000000000001 0.5875 0.7925 0.5974999999999999 0.7925 0.5974999999999999 0.7775000000000001
5 0.585 0.7775000000000001 0.5775 0.7775000000000001 0.5775 0.79 0.585 0.79 0.585 0.7775000000000001
5 0.5775 0.77125 0.5675 0.77125 0.5675 0.78625 0.5775 0.78625 0.5775 0.77125
5 0.56875 0.76875 0.5587500000000001 0.76875 0.5587500000000001 0.78125 0.56875 0.78125 0.56875 0.76875
5 0.5599999999999999 0.765 0.55 0.765 0.55 0.7775000000000001 0.5599999999999999 0.7775000000000001 0.5599999999999999 0.765
5 0.55375 0.7575000000000001 0.54125 0.7575000000000001 0.54125 0.775 0.55375 0.775 0.55375 0.7575000000000001
5 0.5375 0.75 0.5225 0.75 0.5225 0.7675 0.5375 0.7675 0.5375 0.75
5 0.525 0.74875 0.5175 0.74875 0.5175 0.76375 0.525 0.76375 0.525 0.74875
5 0.46749999999999997 0.73625 0.44749999999999995 0.73625 0.44749999999999995 0.75625 0.46749999999999997 0.75625 0.46749999999999997 0.73625
5 0.5175 0.7474999999999999 0.505 0.7474999999999999 0.505 0.765 0.5175 0.765 0.5175 0.7474999999999999
5 0.99875 0.1125 0.98125 0.1125 0.98125 0.125 0.99875 0.125 0.99875 0.1125
5 1 0.155 0.985 0.155 0.985 0.175 1 0.175 1 0.155
5 0.24500000000000002 0.76125 0.225 0.76125 0.225 0.76875 0.24500000000000002 0.76875 0.24500000000000002 0.76125
5 0.18125 0.7375 0.15125 0.7375 0.15125 0.755 0.18125 0.755 0.18125 0.7375
5 0.13 0.7262500000000001 0.11499999999999999 0.7262500000000001 0.11499999999999999 0.73625 0.13 0.73625 0.13 0.7262500000000001
5 0.11499999999999999 0.70875 0.0975 0.70875 0.0975 0.71875 0.11499999999999999 0.71875 0.11499999999999999 0.70875
5 0.08 0.6975 0.06 0.6975 0.06 0.71 0.08 0.71 0.08 0.6975
5 0.08875 0.7162499999999999 0.07625 0.7162499999999999 0.07625 0.72375 0.08875 0.72375 0.08875 0.7162499999999999
5 0.34750000000000003 0.7887500000000001 0.32999999999999996 0.7887500000000001 0.32999999999999996 0.79875 0.34750000000000003 0.79875 0.34750000000000003 0.7887500000000001
5 0.1775 0.7925 0.1575 0.7925 0.1575 0.8225 0.1775 0.8225 0.1775 0.7925
5 0.19125 0.79875 0.17625 0.79875 0.17625 0.8262499999999999 0.19125 0.8262499999999999 0.19125 0.79875
5 0.2525 0.81875 0.22999999999999998 0.81875 0.22999999999999998 0.8612500000000001 0.2525 0.8612500000000001 0.2525 0.81875
5 0.265 0.825 0.25 0.825 0.25 0.8525 0.265 0.8525 0.265 0.825
5 0.1575 0.8925000000000001 0.13999999999999999 0.8925000000000001 0.13999999999999999 0.9175000000000001 0.1575 0.9175000000000001 0.1575 0.8925000000000001
5 0.175 0.8975 0.1575 0.8975 0.1575 0.925 0.175 0.925 0.175 0.8975
5 0.20249999999999999 0.9099999999999999 0.1875 0.9099999999999999 0.1875 0.9349999999999999 0.20249999999999999 0.9349999999999999 0.20249999999999999 0.9099999999999999
5 0.215 0.9125 0.2 0.9125 0.2 0.9375 0.215 0.9375 0.215 0.9125
5 0.23374999999999999 0.9199999999999999 0.21625 0.9199999999999999 0.21625 0.945 0.23374999999999999 0.945 0.23374999999999999 0.9199999999999999
5 0.2475 0.925 0.22999999999999998 0.925 0.22999999999999998 0.95 0.2475 0.95 0.2475 0.925
5 0.26125 0.93 0.24625 0.93 0.24625 0.9550000000000001 0.26125 0.9550000000000001 0.26125 0.93
5 0.04875 0.8637499999999999 0.03625 0.8637499999999999 0.03625 0.87375 0.04875 0.87375 0.04875 0.8637499999999999
5 0.052500000000000005 0.8525 0.04 0.8525 0.04 0.8625 0.052500000000000005 0.8625 0.052500000000000005 0.8525
5 0 0.9324999999999999 0.0125 0.9324999999999999 0.0125 0.9199999999999999 0 0.9199999999999999 0 0.9324999999999999
5 0 0.92125 0.013750000000000002 0.92125 0.013750000000000002 0.91375 0 0.91375 0 0.92125
5 0.17875000000000002 0.3675 0.16625 0.3675 0.16625 0.3825 0.17875000000000002 0.3825 0.17875000000000002 0.3675
5 0 0.2375 0.01125 0.2375 0.01125 0.2225 0 0.2225 0 0.2375
5 0.10500000000000001 0.21375000000000002 0.0925 0.21375000000000002 0.0925 0.23374999999999999 0.10500000000000001 0.23374999999999999 0.10500000000000001 0.21375000000000002
5 0.9262499999999999 0.01 0.9037499999999999 0.01 0.9037499999999999 0.04 0.9262499999999999 0.04 0.9262499999999999 0.01
5 0.9962500000000001 0.125 0.97875 0.125 0.97875 0.1375 0.9962500000000001 0.1375 0.9962500000000001 0.125
5 0.79875 0.21375000000000002 0.7837500000000001 0.21375000000000002 0.7837500000000001 0.22625 0.79875 0.22625 0.79875 0.21375000000000002
5 0.1775 0.0625 0.155 0.0625 0.155 0.1 0.1775 0.1 0.1775 0.0625
5 0.48375 0.89875 0.47375 0.89875 0.47375 0.9112500000000001 0.48375 0.9112500000000001 0.48375 0.89875
5 0.885 0.6975 0.8724999999999999 0.6975 0.8724999999999999 0.705 0.885 0.705 0.885 0.6975
5 0.96 0.61375 0.9475 0.61375 0.9475 0.63125 0.96 0.63125 0.96 0.61375
5 0.6599999999999999 0.4575 0.6525000000000001 0.4575 0.6525000000000001 0.465 0.6599999999999999 0.465 0.6599999999999999 0.4575
5 0.67125 0.515 0.66125 0.515 0.66125 0.5275000000000001 0.67125 0.5275000000000001 0.67125 0.515
5 0.68125 0.52125 0.67125 0.52125 0.67125 0.5337500000000001 0.68125 0.5337500000000001 0.68125 0.52125
5 0.6900000000000001 0.52625 0.6825 0.52625 0.6825 0.5337500000000001 0.6900000000000001 0.5337500000000001 0.6900000000000001 0.52625
5 0.6637500000000001 0.51 0.65625 0.51 0.65625 0.52 0.6637500000000001 0.52 0.6637500000000001 0.51
5 0.6075 0.49874999999999997 0.5974999999999999 0.49874999999999997 0.5974999999999999 0.50875 0.6075 0.50875 0.6075 0.49874999999999997
5 0.95625 0.5912499999999999 0.93875 0.5912499999999999 0.93875 0.60375 0.95625 0.60375 0.95625 0.5912499999999999
5 0.06 0.6975 0.027500000000000004 0.6975 0.027500000000000004 0.7175 0.06 0.7175 0.06 0.6975
5 0.35875 0.8412499999999999 0.33875 0.8412499999999999 0.33875 0.87625 0.35875 0.87625 0.35875 0.8412499999999999