5 0.835 0.9324999999999999 0.8175000000000001 0.9324999999999999 0.8175000000000001 0.9475 0.835 0.9475 0.835 0.9324999999999999
5 0.9662499999999999 0.8 0.9512499999999999 0.8 0.9512499999999999 0.8150000000000001 0.9662499999999999 0.8150000000000001 0.9662499999999999 0.8
5 0.97875 0.78125 0.96125 0.78125 0.96125 0.79625 0.97875 0.79625 0.97875 0.78125
5 0.9262499999999999 0.77125 0.8887499999999999 0.77125 0.8887499999999999 0.79875 0.9262499999999999 0.79875 0.9262499999999999 0.77125
5 0.93875 0.7675 0.92125 0.7675 0.92125 0.7775000000000001 0.93875 0.7775000000000001 0.93875 0.7675
5 0.9275 0.74125 0.9075 0.74125 0.9075 0.75625 0.9275 0.75625 0.9275 0.74125
5 0.945 0.71 0.9175000000000001 0.71 0.9175000000000001 0.73 0.945 0.73 0.945 0.71
5 0.99375 0.76 0.98125 0.76 0.98125 0.775 0.99375 0.775 0.99375 0.76
5 1 0.74 0.99 0.74 0.99 0.7575000000000001 1 0.7575000000000001 1 0.74
5 0.9824999999999999 0.66625 0.97 0.66625 0.97 0.67625 0.9824999999999999 0.67625 0.9824999999999999 0.66625
5 1 0.6425 0.9487500000000001 0.6425 0.9487500000000001 0.6775 1 0.6775 1 0.6425
5 1 0.63125 0.9525 0.63125 0.9525 0.6637500000000001 1 0.6637500000000001 1 0.63125
5 1 0.61875 0.96125 0.61875 0.96125 0.6537499999999999 1 0.6537499999999999 1 0.61875
5 0.4325 0.16999999999999998 0.41500000000000004 0.16999999999999998 0.41500000000000004 0.19 0.4325 0.19 0.4325 0.16999999999999998
5 0.46749999999999997 0.16625 0.45 0.16625 0.45 0.18125 0.46749999999999997 0.18125 0.46749999999999997 0.16625
5 0.47375 0.17250000000000001 0.45875000000000005 0.17250000000000001 0.45875000000000005 0.1875 0.47375 0.1875 0.47375 0.17250000000000001
5 0.48125 0.18 0.46624999999999994 0.18 0.46624999999999994 0.195 0.48125 0.195 0.48125 0.18
5 0.48875 0.18625 0.47125000000000006 0.18625 0.47125000000000006 0.20375000000000001 0.48875 0.20375000000000001 0.48875 0.18625
5 0.5037499999999999 0.19875 0.48624999999999996 0.19875 0.48624999999999996 0.21375000000000002 0.5037499999999999 0.21375000000000002 0.5037499999999999 0.19875
5 0.45499999999999996 0.22125 0.44000000000000006 0.22125 0.44000000000000006 0.23875000000000002 0.45499999999999996 0.23875000000000002 0.45499999999999996 0.22125
5 0.50875 0.21000000000000002 0.49375 0.21000000000000002 0.49375 0.2225 0.50875 0.2225 0.50875 0.21000000000000002
5 0.51625 0.21125 0.50125 0.21125 0.50125 0.22625 0.51625 0.22625 0.51625 0.21125
5 0.5225 0.22000000000000003 0.5075000000000001 0.22000000000000003 0.5075000000000001 0.23500000000000001 0.5225 0.23500000000000001 0.5225 0.22000000000000003
5 0.4725 0.24375 0.4625 0.24375 0.4625 0.25625 0.4725 0.25625 0.4725 0.24375
5 0.44875 0.2525 0.43624999999999997 0.2525 0.43624999999999997 0.26749999999999996 0.44875 0.26749999999999996 0.44875 0.2525
5 0.46749999999999997 0.23374999999999999 0.45 0.23374999999999999 0.45 0.25125000000000003 0.46749999999999997 0.25125000000000003 0.46749999999999997 0.23374999999999999
5 0.49000000000000005 0.255 0.4725 0.255 0.4725 0.27 0.49000000000000005 0.27 0.49000000000000005 0.255
5 0.49625 0.26375000000000004 0.48125 0.26375000000000004 0.48125 0.27875 0.49625 0.27875 0.49625 0.26375000000000004
5 0.03 0.79 0.0125 0.79 0.0125 0.805 0.03 0.805 0.03 0.79
5 0.045 0.7675 0.03 0.7675 0.03 0.78 0.045 0.78 0.045 0.7675
5 0.05125 0.76125 0.03875 0.76125 0.03875 0.7737499999999999 0.05125 0.7737499999999999 0.05125 0.76125
5 0.06 0.7525000000000001 0.045 0.7525000000000001 0.045 0.7675 0.06 0.7675 0.06 0.7525000000000001
5 0.07125000000000001 0.74 0.058750000000000004 0.74 0.058750000000000004 0.7525000000000001 0.07125000000000001 0.7525000000000001 0.07125000000000001 0.74
5 0.07125000000000001 0.73125 0.06375 0.73125 0.06375 0.74125 0.07125000000000001 0.74125 0.07125000000000001 0.73125
5 0.065 0.6950000000000001 0.05500000000000001 0.6950000000000001 0.05500000000000001 0.71 0.065 0.71 0.065 0.6950000000000001
5 0.15875 0.6837500000000001 0.14625 0.6837500000000001 0.14625 0.69875 0.15875 0.69875 0.15875 0.6837500000000001
5 0.21000000000000002 0.63125 0.19 0.63125 0.19 0.65125 0.21000000000000002 0.65125 0.21000000000000002 0.63125
5 0.19125 0.65 0.18375 0.65 0.18375 0.6575 0.19125 0.6575 0.19125 0.65
5 0.16999999999999998 0.63625 0.16 0.63625 0.16 0.64375 0.16999999999999998 0.64375 0.16999999999999998 0.63625
5 0.5037499999999999 0.26875 0.48624999999999996 0.26875 0.48624999999999996 0.28375 0.5037499999999999 0.28375 0.5037499999999999 0.26875
5 0.51125 0.27625 0.49375 0.27625 0.49375 0.29125 0.51125 0.29125 0.51125 0.27625
5 0.5175 0.28250000000000003 0.505 0.28250000000000003 0.505 0.29500000000000004 0.5175 0.29500000000000004 0.5175 0.28250000000000003
5 0.48125 0.27875 0.46375 0.27875 0.46375 0.29375 0.48125 0.29375 0.48125 0.27875
5 0.48624999999999996 0.28375 0.47125000000000006 0.28375 0.47125000000000006 0.30375 0.48624999999999996 0.30375 0.48624999999999996 0.28375
5 0.47125000000000006 0.27375 0.45625 0.27375 0.45625 0.28625 0.47125000000000006 0.28625 0.47125000000000006 0.27375
5 0.49124999999999996 0.29125 0.47874999999999995 0.29125 0.47874999999999995 0.31124999999999997 0.49124999999999996 0.31124999999999997 0.49124999999999996 0.29125
5 0.45875000000000005 0.25875 0.44375 0.25875 0.44375 0.27625 0.45875000000000005 0.27625 0.45875000000000005 0.25875
5 0.44125 0.2475 0.42874999999999996 0.2475 0.42874999999999996 0.2625 0.44125 0.2625 0.44125 0.2475
5 0.4375 0.24125000000000002 0.42000000000000004 0.24125000000000002 0.42000000000000004 0.25625 0.4375 0.25625 0.4375 0.24125000000000002
5 0.41875 0.28875 0.39875 0.28875 0.39875 0.30625 0.41875 0.30625 0.41875 0.28875
5 0.43624999999999997 0.30874999999999997 0.42625 0.30874999999999997 0.42625 0.32125 0.43624999999999997 0.32125 0.43624999999999997 0.30874999999999997
5 0.45875000000000005 0.32875 0.44125 0.32875 0.44125 0.34625 0.45875000000000005 0.34625 0.45875000000000005 0.32875
5 0.465 0.33625 0.45 0.33625 0.45 0.35125 0.465 0.35125 0.465 0.33625
5 0.40499999999999997 0.31375000000000003 0.39 0.31375000000000003 0.39 0.33125 0.40499999999999997 0.33125 0.40499999999999997 0.31375000000000003
5 0.4325 0.34125 0.42000000000000004 0.34125 0.42000000000000004 0.35625 0.4325 0.35625 0.4325 0.34125
5 0.4425 0.34500000000000003 0.425 0.34500000000000003 0.425 0.3625 0.4425 0.3625 0.4425 0.34500000000000003
5 0.44749999999999995 0.35625 0.4325 0.35625 0.4325 0.36875 0.44749999999999995 0.36875 0.44749999999999995 0.35625
5 0.335 0.34750000000000003 0.32 0.34750000000000003 0.32 0.36 0.335 0.36 0.335 0.34750000000000003
5 0.145 0.6625 0.1325 0.6625 0.1325 0.6775 0.145 0.6775 0.145 0.6625
5 0.155 0.65625 0.13999999999999999 0.65625 0.13999999999999999 0.67125 0.155 0.67125 0.155 0.65625
5 0.16499999999999998 0.6425 0.1525 0.6425 0.1525 0.655 0.16499999999999998 0.655 0.16499999999999998 0.6425
5 0.1975 0.615 0.1825 0.615 0.1825 0.63 0.1975 0.63 0.1975 0.615
5 0.25375000000000003 0.54125 0.23875000000000002 0.54125 0.23875000000000002 0.5587500000000001 0.25375000000000003 0.5587500000000001 0.25375000000000003 0.54125
5 0.23875000000000002 0.52625 0.22374999999999998 0.52625 0.22374999999999998 0.54375 0.23875000000000002 0.54375 0.23875000000000002 0.52625
5 0.22749999999999998 0.5125 0.215 0.5125 0.215 0.5275000000000001 0.22749999999999998 0.5275000000000001 0.22749999999999998 0.5125
5 0.26625 0.48624999999999996 0.25375000000000003 0.48624999999999996 0.25375000000000003 0.50125 0.26625 0.50125 0.26625 0.48624999999999996
5 0.2725 0.495 0.26 0.495 0.26 0.5125 0.2725 0.5125 0.2725 0.495
5 0.24125000000000002 0.45999999999999996 0.22374999999999998 0.45999999999999996 0.22374999999999998 0.47750000000000004 0.24125000000000002 0.47750000000000004 0.24125000000000002 0.45999999999999996
5 0.24625 0.46749999999999997 0.23125 0.46749999999999997 0.23125 0.48250000000000004 0.24625 0.48250000000000004 0.24625 0.46749999999999997
5 0.23125 0.4575 0.21875 0.4575 0.21875 0.47000000000000003 0.23125 0.47000000000000003 0.23125 0.4575
5 0.29 0.50625 0.275 0.50625 0.275 0.5237499999999999 0.29 0.5237499999999999 0.29 0.50625
5 0.305 0.49000000000000005 0.2875 0.49000000000000005 0.2875 0.5075000000000001 0.305 0.5075000000000001 0.305 0.49000000000000005
5 0.31625000000000003 0.4925 0.29874999999999996 0.4925 0.29874999999999996 0.5125 0.31625000000000003 0.5125 0.31625000000000003 0.4925
5 0.29 0.47750000000000004 0.275 0.47750000000000004 0.275 0.4925 0.29 0.4925 0.29 0.47750000000000004
5 0.2975 0.48250000000000004 0.28250000000000003 0.48250000000000004 0.28250000000000003 0.5 0.2975 0.5 0.2975 0.48250000000000004
5 0.28375 0.50125 0.26625 0.50125 0.26625 0.51875 0.28375 0.51875 0.28375 0.50125
5 0.28250000000000003 0.47125000000000006 0.26749999999999996 0.47125000000000006 0.26749999999999996 0.48875 0.28250000000000003 0.48875 0.28250000000000003 0.47125000000000006
5 0.2525 0.475 0.24 0.475 0.24 0.49000000000000005 0.2525 0.49000000000000005 0.2525 0.475
5 0.26749999999999996 0.45875000000000005 0.2525 0.45875000000000005 0.2525 0.47625 0.26749999999999996 0.47625 0.26749999999999996 0.45875000000000005
5 0.24500000000000002 0.5349999999999999 0.2325 0.5349999999999999 0.2325 0.55 0.24500000000000002 0.55 0.24500000000000002 0.5349999999999999
5 0.26 0.5475 0.24500000000000002 0.5475 0.24500000000000002 0.5625 0.26 0.5625 0.26 0.5475
5 0.21875 0.5775 0.20375000000000001 0.5775 0.20375000000000001 0.5925 0.21875 0.5925 0.21875 0.5775
5 0.19624999999999998 0.56125 0.18375 0.56125 0.18375 0.57125 0.19624999999999998 0.57125 0.19624999999999998 0.56125
5 0.21125 0.56875 0.19624999999999998 0.56875 0.19624999999999998 0.5862499999999999 0.21125 0.5862499999999999 0.21125 0.56875
5 0.29625 0.41624999999999995 0.28375 0.41624999999999995 0.28375 0.42874999999999996 0.29625 0.42874999999999996 0.29625 0.41624999999999995
5 0.2875 0.40875000000000006 0.2725 0.40875000000000006 0.2725 0.42625 0.2875 0.42625 0.2875 0.40875000000000006
5 0.28375 0.4025 0.26625 0.4025 0.26625 0.41500000000000004 0.28375 0.41500000000000004 0.28375 0.4025
5 0.29874999999999996 0.425 0.28875 0.425 0.28875 0.4375 0.29874999999999996 0.4375 0.29874999999999996 0.425
5 0.34249999999999997 0.4625 0.3325 0.4625 0.3325 0.475 0.34249999999999997 0.475 0.34249999999999997 0.4625
5 0.32375 0.44125 0.31124999999999997 0.44125 0.31124999999999997 0.45625 0.32375 0.45625 0.32375 0.44125
5 0.3175 0.4375 0.3025 0.4375 0.3025 0.45 0.3175 0.45 0.3175 0.4375
5 0.225 0.38375 0.2125 0.38375 0.2125 0.39875 0.225 0.39875 0.225 0.38375
5 0.38375 0.39125 0.36875 0.39125 0.36875 0.41125 0.38375 0.41125 0.38375 0.39125
5 0.39249999999999996 0.3975 0.375 0.3975 0.375 0.4175 0.39249999999999996 0.4175 0.39249999999999996 0.3975
5 0.4125 0.39125 0.4 0.39125 0.4 0.40875000000000006 0.4125 0.40875000000000006 0.4125 0.39125
5 0.395 0.40750000000000003 0.385 0.40750000000000003 0.385 0.4225 0.395 0.4225 0.395 0.40750000000000003
5 0.40625 0.38125 0.39125 0.38125 0.39125 0.40125 0.40625 0.40125 0.40625 0.38125
5 0.39375 0.37124999999999997 0.37875000000000003 0.37124999999999997 0.37875000000000003 0.38625 0.39375 0.38625 0.39375 0.37124999999999997
5 0.35125 0.32875 0.33625 0.32875 0.33625 0.34625 0.35125 0.34625 0.35125 0.32875
5 0.3775 0.38625 0.3625 0.38625 0.3625 0.40125 0.3775 0.40125 0.3775 0.38625
5 0.35375 0.3675 0.34125 0.3675 0.34125 0.3825 0.35375 0.3825 0.35375 0.3675
5 0.34750000000000003 0.36124999999999996 0.335 0.36124999999999996 0.335 0.37875000000000003 0.34750000000000003 0.37875000000000003 0.34750000000000003 0.36124999999999996
5 0.34249999999999997 0.35625 0.325 0.35625 0.325 0.37124999999999997 0.34249999999999997 0.37124999999999997 0.34249999999999997 0.35625
5 0.9125 0.29 0.8975 0.29 0.8975 0.3025 0.9125 0.3025 0.9125 0.29
5 0.9550000000000001 0.31625000000000003 0.9400000000000001 0.31625000000000003 0.9400000000000001 0.33125 0.9550000000000001 0.33125 0.9550000000000001 0.31625000000000003
5 0.975 0.32999999999999996 0.96 0.32999999999999996 0.96 0.34249999999999997 0.975 0.34249999999999997 0.975 0.32999999999999996
5 0.9974999999999999 0.34125 0.9775 0.34125 0.9775 0.35625 0.9974999999999999 0.35625 0.9974999999999999 0.34125
5 0.89 0.21000000000000002 0.8574999999999999 0.21000000000000002 0.8574999999999999 0.23500000000000001 0.89 0.23500000000000001 0.89 0.21000000000000002
5 0.81375 0.16875 0.79625 0.16875 0.79625 0.18125 0.81375 0.18125 0.81375 0.16875
5 0.095 0.7212500000000001 0.08 0.7212500000000001 0.08 0.73625 0.095 0.73625 0.095 0.7212500000000001
5 0.11499999999999999 0.7 0.1 0.7 0.1 0.7150000000000001 0.11499999999999999 0.7150000000000001 0.11499999999999999 0.7
5 0.12 0.69375 0.1075 0.69375 0.1075 0.70625 0.12 0.70625 0.12 0.69375
5 0.125 0.6837500000000001 0.1125 0.6837500000000001 0.1125 0.69625 0.125 0.69625 0.125 0.6837500000000001
5 0.26749999999999996 0.55375 0.255 0.55375 0.255 0.56875 0.26749999999999996 0.56875 0.26749999999999996 0.55375
5 0.29375 0.51625 0.28375 0.51625 0.28375 0.5287499999999999 0.29375 0.5287499999999999 0.29375 0.51625
5 0.33999999999999997 0.45375 0.325 0.45375 0.325 0.46875 0.33999999999999997 0.46875 0.33999999999999997 0.45375
5 0.39875 0.375 0.38625 0.375 0.38625 0.39249999999999996 0.39875 0.39249999999999996 0.39875 0.375
5 0.8487500000000001 0.19 0.83375 0.19 0.83375 0.2 0.8487500000000001 0.2 0.8487500000000001 0.19