5 0.37875000000000003 0.21375000000000002 0.36124999999999996 0.21375000000000002 0.36124999999999996 0.22625 0.37875000000000003 0.22625 0.37875000000000003 0.21375000000000002
5 0.37 0.22125 0.3525 0.22125 0.3525 0.23374999999999999 0.37 0.23374999999999999 0.37 0.22125
5 0.33125 0.21000000000000002 0.31625000000000003 0.21000000000000002 0.31625000000000003 0.225 0.33125 0.225 0.33125 0.21000000000000002
5 0.315 0.19875 0.29500000000000004 0.19875 0.29500000000000004 0.21375000000000002 0.315 0.21375000000000002 0.315 0.19875
5 0.30375 0.1925 0.28625 0.1925 0.28625 0.2125 0.30375 0.2125 0.30375 0.1925
5 0.3725 0.17625 0.355 0.17625 0.355 0.19375 0.3725 0.19375 0.3725 0.17625
5 0.3625 0.17250000000000001 0.34750000000000003 0.17250000000000001 0.34750000000000003 0.1875 0.3625 0.1875 0.3625 0.17250000000000001
5 0.3525 0.16875 0.33999999999999997 0.16875 0.33999999999999997 0.18375 0.3525 0.18375 0.3525 0.16875
5 0.34625 0.16375 0.33125 0.16375 0.33125 0.17875000000000002 0.34625 0.17875000000000002 0.34625 0.16375
5 0.33999999999999997 0.1575 0.3225 0.1575 0.3225 0.17250000000000001 0.33999999999999997 0.17250000000000001 0.33999999999999997 0.1575
5 0.32999999999999996 0.1525 0.315 0.1525 0.315 0.1675 0.32999999999999996 0.1675 0.32999999999999996 0.1525
5 0.32125 0.14750000000000002 0.30874999999999997 0.14750000000000002 0.30874999999999997 0.16 0.32125 0.16 0.32125 0.14750000000000002
5 0.315 0.13874999999999998 0.3 0.13874999999999998 0.3 0.15625 0.315 0.15625 0.315 0.13874999999999998
5 0.305 0.13374999999999998 0.2925 0.13374999999999998 0.2925 0.15125 0.305 0.15125 0.305 0.13374999999999998
5 0.9887499999999999 0.78 0.96875 0.78 0.96875 0.7875 0.9887499999999999 0.7875 0.9887499999999999 0.78
5 0.925 0.75625 0.8949999999999999 0.75625 0.8949999999999999 0.7737499999999999 0.925 0.7737499999999999 0.925 0.75625
5 0.87375 0.745 0.85875 0.745 0.85875 0.755 0.87375 0.755 0.87375 0.745
5 0.85875 0.7275 0.8412499999999999 0.7275 0.8412499999999999 0.7375 0.85875 0.7375 0.85875 0.7275
5 0.8237500000000001 0.7162499999999999 0.80375 0.7162499999999999 0.80375 0.72875 0.8237500000000001 0.72875 0.8237500000000001 0.7162499999999999
5 0.8324999999999999 0.735 0.82 0.735 0.82 0.7424999999999999 0.8324999999999999 0.7424999999999999 0.8324999999999999 0.735
5 0.92125 0.81125 0.9012499999999999 0.81125 0.9012499999999999 0.8412499999999999 0.92125 0.8412499999999999 0.92125 0.81125
5 0.9349999999999999 0.8175000000000001 0.9199999999999999 0.8175000000000001 0.9199999999999999 0.845 0.9349999999999999 0.845 0.9349999999999999 0.8175000000000001
5 0.9962500000000001 0.8375 0.9737500000000001 0.8375 0.9737500000000001 0.8800000000000001 0.9962500000000001 0.8800000000000001 0.9962500000000001 0.8375
5 0.9012499999999999 0.9112500000000001 0.88375 0.9112500000000001 0.88375 0.93625 0.9012499999999999 0.93625 0.9012499999999999 0.9112500000000001
5 0.91875 0.91625 0.9012499999999999 0.91625 0.9012499999999999 0.94375 0.91875 0.94375 0.91875 0.91625
5 0.94625 0.92875 0.93125 0.92875 0.93125 0.95375 0.94625 0.95375 0.94625 0.92875
5 0.95875 0.93125 0.94375 0.93125 0.94375 0.95625 0.95875 0.95625 0.95875 0.93125
5 0.9775 0.93875 0.96 0.93875 0.96 0.9637499999999999 0.9775 0.9637499999999999 0.9775 0.93875
5 0.99125 0.94375 0.9737500000000001 0.94375 0.9737500000000001 0.96875 0.99125 0.96875 0.99125 0.94375
5 1 0.9487500000000001 0.99 0.9487500000000001 0.99 0.9737500000000001 1 0.9737500000000001 1 0.9487500000000001
5 0.62375 0.8675 0.60625 0.8675 0.60625 0.8775000000000001 0.62375 0.8775000000000001 0.62375 0.8675
5 0.7925 0.8825 0.78 0.8825 0.78 0.8925000000000001 0.7925 0.8925000000000001 0.7925 0.8825
5 0.79625 0.8712500000000001 0.7837500000000001 0.8712500000000001 0.7837500000000001 0.88125 0.79625 0.88125 0.79625 0.8712500000000001
5 0.6637500000000001 0.65125 0.64625 0.65125 0.64625 0.66125 0.6637500000000001 0.66125 0.6637500000000001 0.65125
5 0.61 0.62375 0.5675 0.62375 0.5675 0.64375 0.61 0.64375 0.61 0.62375
5 0.6375 0.64 0.6174999999999999 0.64 0.6174999999999999 0.65 0.6375 0.65 0.6375 0.64
5 0.5387500000000001 0.6012500000000001 0.51875 0.6012500000000001 0.51875 0.61875 0.5387500000000001 0.61875 0.5387500000000001 0.6012500000000001
5 0.48125 0.57125 0.45375 0.57125 0.45375 0.5912499999999999 0.48125 0.5912499999999999 0.48125 0.57125
5 0.44749999999999995 0.5575 0.43 0.5575 0.43 0.5700000000000001 0.44749999999999995 0.5700000000000001 0.44749999999999995 0.5575
5 0.4225 0.5337500000000001 0.3825 0.5337500000000001 0.3825 0.5587500000000001 0.4225 0.5587500000000001 0.4225 0.5337500000000001
5 0.38125 0.5225 0.36625 0.5225 0.36625 0.5349999999999999 0.38125 0.5349999999999999 0.38125 0.5225
5 0.69875 0.9712500000000001 0.68625 0.9712500000000001 0.68625 0.9862500000000001 0.69875 0.9862500000000001 0.69875 0.9712500000000001
5 0.6912499999999999 1 0.6912499999999999 0.99 0.67875 0.99 0.67875 1 0.6912499999999999 1
5 0.72875 1 0.72875 0.99125 0.7112499999999999 0.99125 0.7112499999999999 1 0.72875 1
5 0.73375 0.985 0.7212500000000001 0.985 0.7212500000000001 0.9949999999999999 0.73375 0.9949999999999999 0.73375 0.985
5 0.73625 0.97625 0.7212500000000001 0.97625 0.7212500000000001 0.9862500000000001 0.73625 0.9862500000000001 0.73625 0.97625
5 0.73875 0.9662499999999999 0.72375 0.9662499999999999 0.72375 0.97625 0.73875 0.97625 0.73875 0.9662499999999999
5 0.745 0.95875 0.73 0.95875 0.73 0.9662499999999999 0.745 0.9662499999999999 0.745 0.95875
5 0.74875 0.95 0.73375 0.95 0.73375 0.9574999999999999 0.74875 0.9574999999999999 0.74875 0.95
5 0.75625 0.93875 0.73625 0.93875 0.73625 0.9512499999999999 0.75625 0.9512499999999999 0.75625 0.93875
5 0.7575000000000001 0.9324999999999999 0.7424999999999999 0.9324999999999999 0.7424999999999999 0.9400000000000001 0.7575000000000001 0.9400000000000001 0.7575000000000001 0.9324999999999999
5 0.15375 0.73625 0.11374999999999999 0.73625 0.11374999999999999 0.75625 0.15375 0.75625 0.15375 0.73625
5 0.0875 0.73 0.0775 0.73 0.0775 0.7424999999999999 0.0875 0.7424999999999999 0.0875 0.73
5 0.05625 0.86875 0.04625 0.86875 0.04625 0.8862500000000001 0.05625 0.8862500000000001 0.05625 0.86875
5 0.02 0.95625 0.0075 0.95625 0.0075 0.9712500000000001 0.02 0.9712500000000001 0.02 0.95625
5 0.041249999999999995 0.9075 0.01875 0.9075 0.01875 0.9475 0.041249999999999995 0.9475 0.041249999999999995 0.9075
5 0.1075 1 0.1075 0.9775 0.052500000000000005 0.9775 0.052500000000000005 1 0.1075 1
5 0.1275 0.92125 0.0725 0.92125 0.0725 0.9512499999999999 0.1275 0.9512499999999999 0.1275 0.92125
5 0.12625 0.9099999999999999 0.07625 0.9099999999999999 0.07625 0.9349999999999999 0.12625 0.9349999999999999 0.12625 0.9099999999999999
5 0.1325 0.9 0.08249999999999999 0.9 0.08249999999999999 0.9225 0.1325 0.9225 0.1325 0.9
5 0.12625 0.8699999999999999 0.09625 0.8699999999999999 0.09625 0.89 0.12625 0.89 0.12625 0.8699999999999999
5 0.13625 0.8425 0.10625 0.8425 0.10625 0.8625 0.13625 0.8625 0.13625 0.8425
5 0.19875 0.945 0.16625 0.945 0.16625 0.9650000000000001 0.19875 0.9650000000000001 0.19875 0.945
5 0.20249999999999999 0.9262499999999999 0.17250000000000001 0.9262499999999999 0.17250000000000001 0.94375 0.20249999999999999 0.94375 0.20249999999999999 0.9262499999999999
5 0.22625 0.8699999999999999 0.19125 0.8699999999999999 0.19125 0.89 0.22625 0.89 0.22625 0.8699999999999999
5 0.14250000000000002 0.5237499999999999 0.1275 0.5237499999999999 0.1275 0.54625 0.14250000000000002 0.54625 0.14250000000000002 0.5237499999999999
5 0.15375 0.49124999999999996 0.14125000000000001 0.49124999999999996 0.14125000000000001 0.51125 0.15375 0.51125 0.15375 0.49124999999999996
5 0.021249999999999998 0.57375 0.008749999999999999 0.57375 0.008749999999999999 0.58875 0.021249999999999998 0.58875 0.021249999999999998 0.57375
5 0.05 0.48875 0.03 0.48875 0.03 0.50125 0.05 0.50125 0.05 0.48875
5 0.9225 0.38625 0.9099999999999999 0.38625 0.9099999999999999 0.40125 0.9225 0.40125 0.9225 0.38625
5 0.755 0.24125000000000002 0.735 0.24125000000000002 0.735 0.25625 0.755 0.25625 0.755 0.24125000000000002
5 0.8487500000000001 0.2325 0.83625 0.2325 0.83625 0.2525 0.8487500000000001 0.2525 0.8487500000000001 0.2325
5 0.92125 0.08125 0.89875 0.08125 0.89875 0.11875 0.92125 0.11875 0.92125 0.08125
5 0.8275 0 0.8275 0.008749999999999999 0.845 0.008749999999999999 0.845 0 0.8275 0
5 0.58875 0.5862499999999999 0.57125 0.5862499999999999 0.57125 0.59875 0.58875 0.59875 0.58875 0.5862499999999999
5 0.23875000000000002 0.5 0.22125 0.5 0.22125 0.5125 0.23875000000000002 0.5125 0.23875000000000002 0.5
5 0.80375 0.7162499999999999 0.77125 0.7162499999999999 0.77125 0.73625 0.80375 0.73625 0.80375 0.7162499999999999
5 0.78625 0.00125 0.7787499999999999 0.00125 0.7787499999999999 0.01125 0.78625 0.01125 0.78625 0.00125