5 0.3 0 0.3 0.01625 0.31 0.01625 0.31 0 0.3 0
5 0.35 0.01125 0.3275 0.01125 0.3275 0.03875 0.35 0.03875 0.35 0.01125
5 0.2975 0.041249999999999995 0.28250000000000003 0.041249999999999995 0.28250000000000003 0.061250000000000006 0.2975 0.061250000000000006 0.2975 0.041249999999999995
5 0.27125 0.08499999999999999 0.25625 0.08499999999999999 0.25625 0.10500000000000001 0.27125 0.10500000000000001 0.27125 0.08499999999999999
5 0.29500000000000004 0.07875 0.28250000000000003 0.07875 0.28250000000000003 0.09625 0.29500000000000004 0.09625 0.29500000000000004 0.07875
5 0.31375000000000003 0.07625 0.28875 0.07625 0.28875 0.10375000000000001 0.31375000000000003 0.10375000000000001 0.31375000000000003 0.07625
5 0.3675 0.01 0.3525 0.01 0.3525 0.027500000000000004 0.3675 0.027500000000000004 0.3675 0.01
5 0.3375 0.061250000000000006 0.325 0.061250000000000006 0.325 0.07625 0.3375 0.07625 0.3375 0.061250000000000006
5 0.32125 0.03875 0.30625 0.03875 0.30625 0.05375 0.32125 0.05375 0.32125 0.03875
5 0.35 0.03625 0.335 0.03625 0.335 0.05375 0.35 0.05375 0.35 0.03625
5 0.3675 0.061250000000000006 0.355 0.061250000000000006 0.355 0.07875 0.3675 0.07875 0.3675 0.061250000000000006
5 0.385 0.057499999999999996 0.37 0.057499999999999996 0.37 0.0775 0.385 0.0775 0.385 0.057499999999999996
5 0.47874999999999995 0 0.47874999999999995 0.021249999999999998 0.52125 0.021249999999999998 0.52125 0 0.47874999999999995 0
5 0.48875 0.01 0.47625 0.01 0.47625 0.017499999999999998 0.48875 0.017499999999999998 0.48875 0.01
5 0.49124999999999996 0.02 0.46875 0.02 0.46875 0.0325 0.49124999999999996 0.0325 0.49124999999999996 0.02
5 0.51625 0.03 0.49625 0.03 0.49625 0.042499999999999996 0.51625 0.042499999999999996 0.51625 0.03
5 0.5425 0.03625 0.525 0.03625 0.525 0.04875 0.5425 0.04875 0.5425 0.03625
5 0.54125 0.0225 0.5237499999999999 0.0225 0.5237499999999999 0.0325 0.54125 0.0325 0.54125 0.0225
5 0.545 0.0125 0.5275000000000001 0.0125 0.5275000000000001 0.02 0.545 0.02 0.545 0.0125
5 0.59375 0.01875 0.57375 0.01875 0.57375 0.028749999999999998 0.59375 0.028749999999999998 0.59375 0.01875
5 0.65625 0.04625 0.63875 0.04625 0.63875 0.05375 0.65625 0.05375 0.65625 0.04625
5 0.7525000000000001 0.028749999999999998 0.7325 0.028749999999999998 0.7325 0.041249999999999995 0.7525000000000001 0.041249999999999995 0.7525000000000001 0.028749999999999998
5 0.6775 0.05375 0.6575 0.05375 0.6575 0.06625 0.6775 0.06625 0.6775 0.05375
5 0.5025000000000001 0.19624999999999998 0.4925 0.19624999999999998 0.4925 0.21375000000000002 0.5025000000000001 0.21375000000000002 0.5025000000000001 0.19624999999999998
5 0.5349999999999999 0.17124999999999999 0.505 0.17124999999999999 0.505 0.19125 0.5349999999999999 0.19125 0.5349999999999999 0.17124999999999999
5 0.5862499999999999 0.1575 0.55625 0.1575 0.55625 0.1825 0.5862499999999999 0.1825 0.5862499999999999 0.1575
5 0.6 0.14375 0.5825 0.14375 0.5825 0.15875 0.6 0.15875 0.6 0.14375
5 0.42874999999999996 0.41125 0.41875 0.41125 0.41875 0.42374999999999996 0.42874999999999996 0.42374999999999996 0.42874999999999996 0.41125
5 0.44625000000000004 0.42125 0.43624999999999997 0.42125 0.43624999999999997 0.43125 0.44625000000000004 0.43125 0.44625000000000004 0.42125
5 0.45499999999999996 0.425 0.445 0.425 0.445 0.43499999999999994 0.45499999999999996 0.43499999999999994 0.45499999999999996 0.425
5 0.48375 0.6837500000000001 0.45875000000000005 0.6837500000000001 0.45875000000000005 0.70375 0.48375 0.70375 0.48375 0.6837500000000001
5 0.4575 0.67125 0.4375 0.67125 0.4375 0.68625 0.4575 0.68625 0.4575 0.67125
5 0.5900000000000001 0.6837500000000001 0.5700000000000001 0.6837500000000001 0.5700000000000001 0.69875 0.5900000000000001 0.69875 0.5900000000000001 0.6837500000000001
5 0.5925 0.67375 0.5775 0.67375 0.5775 0.68875 0.5925 0.68875 0.5925 0.67375
5 0.5974999999999999 0.66625 0.5825 0.66625 0.5825 0.68125 0.5974999999999999 0.68125 0.5974999999999999 0.66625
5 0.6025 0.65625 0.585 0.65625 0.585 0.67125 0.6025 0.67125 0.6025 0.65625
5 0.60875 0.6487499999999999 0.5912499999999999 0.6487499999999999 0.5912499999999999 0.6637500000000001 0.60875 0.6637500000000001 0.60875 0.6487499999999999
5 0.61375 0.64125 0.5962500000000001 0.64125 0.5962500000000001 0.6537499999999999 0.61375 0.6537499999999999 0.61375 0.64125
5 0.62 0.6325000000000001 0.6025 0.6325000000000001 0.6025 0.6475 0.62 0.6475 0.62 0.6325000000000001
5 0.62375 0.625 0.60875 0.625 0.60875 0.64 0.62375 0.64 0.62375 0.625
5 0.6287499999999999 0.61875 0.61125 0.61875 0.61125 0.63125 0.6287499999999999 0.63125 0.6287499999999999 0.61875
5 0.63375 0.60875 0.61625 0.60875 0.61625 0.6212500000000001 0.63375 0.6212500000000001 0.63375 0.60875
5 0.6425 0.6012500000000001 0.6224999999999999 0.6012500000000001 0.6224999999999999 0.61375 0.6425 0.61375 0.6425 0.6012500000000001
5 0.6425 0.59375 0.63 0.59375 0.63 0.60375 0.6425 0.60375 0.6425 0.59375
5 0.6487499999999999 0.5875 0.63875 0.5875 0.63875 0.5974999999999999 0.6487499999999999 0.5974999999999999 0.6487499999999999 0.5875
5 0.69875 0.5025000000000001 0.6837500000000001 0.5025000000000001 0.6837500000000001 0.5175 0.69875 0.5175 0.69875 0.5025000000000001
5 0.705 0.49749999999999994 0.6925 0.49749999999999994 0.6925 0.5075000000000001 0.705 0.5075000000000001 0.705 0.49749999999999994
5 0.775 0.385 0.7575000000000001 0.385 0.7575000000000001 0.3975 0.775 0.3975 0.775 0.385
5 0.79875 0.34375 0.7837500000000001 0.34375 0.7837500000000001 0.35625 0.79875 0.35625 0.79875 0.34375
5 0.7787499999999999 0.37625000000000003 0.76375 0.37625000000000003 0.76375 0.39125 0.7787499999999999 0.39125 0.7787499999999999 0.37625000000000003
5 0.795 0.35375 0.7825 0.35375 0.7825 0.36625 0.795 0.36625 0.795 0.35375
5 0.8300000000000001 0.29625 0.8150000000000001 0.29625 0.8150000000000001 0.30874999999999997 0.8300000000000001 0.30874999999999997 0.8300000000000001 0.29625
5 0.8275 0.30625 0.8125 0.30625 0.8125 0.31625000000000003 0.8275 0.31625000000000003 0.8275 0.30625
5 0.7837500000000001 0.37124999999999997 0.7737499999999999 0.37124999999999997 0.7737499999999999 0.38125 0.7837500000000001 0.38125 0.7837500000000001 0.37124999999999997
5 0.8087500000000001 0.3325 0.79875 0.3325 0.79875 0.34249999999999997 0.8087500000000001 0.34249999999999997 0.8087500000000001 0.3325
5 0.8675 0.24125000000000002 0.8550000000000001 0.24125000000000002 0.8550000000000001 0.25125000000000003 0.8675 0.25125000000000003 0.8675 0.24125000000000002
5 0.8724999999999999 0.22999999999999998 0.8550000000000001 0.22999999999999998 0.8550000000000001 0.24500000000000002 0.8724999999999999 0.24500000000000002 0.8724999999999999 0.22999999999999998
5 0.8787499999999999 0.2225 0.8612500000000001 0.2225 0.8612500000000001 0.2375 0.8787499999999999 0.2375 0.8787499999999999 0.2225
5 0.885 0.21625 0.8675 0.21625 0.8675 0.22625 0.885 0.22625 0.885 0.21625
5 0.8887499999999999 0.20750000000000002 0.87375 0.20750000000000002 0.87375 0.22000000000000003 0.8887499999999999 0.22000000000000003 0.8887499999999999 0.20750000000000002
5 0.89625 0.19875 0.8787499999999999 0.19875 0.8787499999999999 0.21125 0.89625 0.21125 0.89625 0.19875
5 0.9 0.19 0.885 0.19 0.885 0.20249999999999999 0.9 0.20249999999999999 0.9 0.19
5 0.9237500000000001 0.15 0.9112500000000001 0.15 0.9112500000000001 0.1625 0.9237500000000001 0.1625 0.9237500000000001 0.15
5 0.9974999999999999 0.03625 0.9800000000000001 0.03625 0.9800000000000001 0.05125 0.9974999999999999 0.05125 0.9974999999999999 0.03625
5 0.31625000000000003 0.09375 0.30125 0.09375 0.30125 0.11374999999999999 0.31625000000000003 0.11374999999999999 0.31625000000000003 0.09375
5 0.29874999999999996 0.12125 0.28375 0.12125 0.28375 0.14375 0.29874999999999996 0.14375 0.29874999999999996 0.12125
5 0.26875 0.12 0.25375000000000003 0.12 0.25375000000000003 0.1375 0.26875 0.1375 0.26875 0.12
5 0.28125 0.12875 0.26625 0.12875 0.26625 0.14625 0.28125 0.14625 0.28125 0.12875
5 0.24625 0.1775 0.22875 0.1775 0.22875 0.2 0.24625 0.2 0.24625 0.1775
5 0.28125 0.145 0.26375000000000004 0.145 0.26375000000000004 0.16499999999999998 0.28125 0.16499999999999998 0.28125 0.145
5 0.26749999999999996 0.16875 0.255 0.16875 0.255 0.18375 0.26749999999999996 0.18375 0.26749999999999996 0.16875
5 0.22125 0.18875 0.20875 0.18875 0.20875 0.20375000000000001 0.22125 0.20375000000000001 0.22125 0.18875
5 0.24500000000000002 0.16 0.2325 0.16 0.2325 0.17250000000000001 0.24500000000000002 0.17250000000000001 0.24500000000000002 0.16
5 0.29874999999999996 0.21625 0.28625 0.21625 0.28625 0.23374999999999999 0.29874999999999996 0.23374999999999999 0.29874999999999996 0.21625
5 0.2475 0.23500000000000001 0.22999999999999998 0.23500000000000001 0.22999999999999998 0.2525 0.2475 0.2525 0.2475 0.23500000000000001
5 0.25375000000000003 0.2475 0.24125000000000002 0.2475 0.24125000000000002 0.2625 0.25375000000000003 0.2625 0.25375000000000003 0.2475
5 0.16125 0.26625 0.13625 0.26625 0.13625 0.29625 0.16125 0.29625 0.16125 0.26625
5 0.19375 0.33625 0.17875000000000002 0.33625 0.17875000000000002 0.35375 0.19375 0.35375 0.19375 0.33625
5 0.16625 0.39875 0.15125 0.39875 0.15125 0.41624999999999995 0.16625 0.41624999999999995 0.16625 0.39875
5 0.14375 0.41125 0.12875 0.41125 0.12875 0.42625 0.14375 0.42625 0.14375 0.41125
5 0.13999999999999999 0.39249999999999996 0.1275 0.39249999999999996 0.1275 0.40499999999999997 0.13999999999999999 0.40499999999999997 0.13999999999999999 0.39249999999999996
5 0.07125000000000001 0.45 0.05125 0.45 0.05125 0.465 0.07125000000000001 0.465 0.07125000000000001 0.45
5 0.08875 0.45999999999999996 0.07625 0.45999999999999996 0.07625 0.475 0.08875 0.475 0.08875 0.45999999999999996
5 0.10500000000000001 0.48250000000000004 0.09 0.48250000000000004 0.09 0.49749999999999994 0.10500000000000001 0.49749999999999994 0.10500000000000001 0.48250000000000004
5 0.03875 0.49874999999999997 0.02375 0.49874999999999997 0.02375 0.51625 0.03875 0.51625 0.03875 0.49874999999999997
5 0.013750000000000002 0.57875 0.00125 0.57875 0.00125 0.59375 0.013750000000000002 0.59375 0.013750000000000002 0.57875
5 0.0375 0.57375 0.0225 0.57375 0.0225 0.5912499999999999 0.0375 0.5912499999999999 0.0375 0.57375
5 0.20375000000000001 0.6 0.19125 0.6 0.19125 0.61 0.20375000000000001 0.61 0.20375000000000001 0.6
5 0.4325 0.9199999999999999 0.41500000000000004 0.9199999999999999 0.41500000000000004 0.9400000000000001 0.4325 0.9400000000000001 0.4325 0.9199999999999999
5 0.46749999999999997 0.91625 0.45 0.91625 0.45 0.93125 0.46749999999999997 0.93125 0.46749999999999997 0.91625
5 0.47375 0.9225 0.45875000000000005 0.9225 0.45875000000000005 0.9375 0.47375 0.9375 0.47375 0.9225
5 0.48125 0.93 0.46624999999999994 0.93 0.46624999999999994 0.945 0.48125 0.945 0.48125 0.93
5 0.48875 0.93625 0.47125000000000006 0.93625 0.47125000000000006 0.95375 0.48875 0.95375 0.48875 0.93625
5 0.5037499999999999 0.9487500000000001 0.48624999999999996 0.9487500000000001 0.48624999999999996 0.9637499999999999 0.5037499999999999 0.9637499999999999 0.5037499999999999 0.9487500000000001
5 0.45499999999999996 0.9712500000000001 0.44000000000000006 0.9712500000000001 0.44000000000000006 0.9887499999999999 0.45499999999999996 0.9887499999999999 0.45499999999999996 0.9712500000000001
5 0.50875 0.96 0.49375 0.96 0.49375 0.9724999999999999 0.50875 0.9724999999999999 0.50875 0.96
5 0.51625 0.96125 0.50125 0.96125 0.50125 0.97625 0.51625 0.97625 0.51625 0.96125
5 0.5225 0.97 0.5075000000000001 0.97 0.5075000000000001 0.985 0.5225 0.985 0.5225 0.97
5 0.46749999999999997 1 0.46749999999999997 0.98375 0.45 0.98375 0.45 1 0.46749999999999997 1
5 0.4375 1 0.4375 0.99125 0.42000000000000004 0.99125 0.42000000000000004 1 0.4375 1
5 0.89 0.96 0.8574999999999999 0.96 0.8574999999999999 0.985 0.89 0.985 0.89 0.96
5 0.81375 0.91875 0.79625 0.91875 0.79625 0.93125 0.81375 0.93125 0.81375 0.91875
5 0.6950000000000001 0.5125 0.6825 0.5125 0.6825 0.5225 0.6950000000000001 0.5225 0.6950000000000001 0.5125
5 0.6900000000000001 0.5237499999999999 0.6775 0.5237499999999999 0.6775 0.53125 0.6900000000000001 0.53125 0.6900000000000001 0.5237499999999999
5 0.68625 0.5325 0.67375 0.5325 0.67375 0.54 0.68625 0.54 0.68625 0.5325
5 0.67375 0.5475 0.6637500000000001 0.5475 0.6637500000000001 0.5549999999999999 0.67375 0.5549999999999999 0.67375 0.5475
5 0.67 0.55625 0.6625 0.55625 0.6625 0.56375 0.67 0.56375 0.67 0.55625
5 0.71875 0.485 0.70875 0.485 0.70875 0.4925 0.71875 0.4925 0.71875 0.485
5 0.7275 0.46749999999999997 0.72 0.46749999999999997 0.72 0.475 0.7275 0.475 0.7275 0.46749999999999997
5 0.735 0.44875 0.725 0.44875 0.725 0.45875000000000005 0.735 0.45875000000000005 0.735 0.44875
5 0.77 0.39249999999999996 0.75 0.39249999999999996 0.75 0.40499999999999997 0.77 0.40499999999999997 0.77 0.39249999999999996
5 0.8225 0.3175 0.8125 0.3175 0.8125 0.325 0.8225 0.325 0.8225 0.3175
5 0.8175000000000001 0.325 0.805 0.325 0.805 0.335 0.8175000000000001 0.335 0.8175000000000001 0.325
5 0.76 0.41375 0.7525000000000001 0.41375 0.7525000000000001 0.42374999999999996 0.76 0.42374999999999996 0.76 0.41375
5 0.7537499999999999 0.42374999999999996 0.7462500000000001 0.42374999999999996 0.7462500000000001 0.43125 0.7537499999999999 0.43125 0.7537499999999999 0.42374999999999996
5 1 0.028749999999999998 0.9862500000000001 0.028749999999999998 0.9862500000000001 0.041249999999999995 1 0.041249999999999995 1 0.028749999999999998
5 0.99125 0.0475 0.97875 0.0475 0.97875 0.057499999999999996 0.99125 0.057499999999999996 0.99125 0.0475
5 0.9862500000000001 0.058750000000000004 0.97875 0.058750000000000004 0.97875 0.06875 0.9862500000000001 0.06875 0.9862500000000001 0.058750000000000004
5 0.98125 0.06625 0.9737500000000001 0.06625 0.9737500000000001 0.07375000000000001 0.98125 0.07375000000000001 0.98125 0.06625
5 0.03 0.42750000000000005 0.017499999999999998 0.42750000000000005 0.017499999999999998 0.44000000000000006 0.03 0.44000000000000006 0.03 0.42750000000000005
5 0.22999999999999998 0.27999999999999997 0.21749999999999997 0.27999999999999997 0.21749999999999997 0.29500000000000004 0.22999999999999998 0.29500000000000004 0.22999999999999998 0.27999999999999997
5 0.21000000000000002 0.33875 0.1975 0.33875 0.1975 0.35875 0.21000000000000002 0.35875 0.21000000000000002 0.33875
5 0.4175 0.0025 0.40499999999999997 0.0025 0.40499999999999997 0.017499999999999998 0.4175 0.017499999999999998 0.4175 0.0025
5 0.2425 0.1325 0.23500000000000001 0.1325 0.23500000000000001 0.14250000000000002 0.2425 0.14250000000000002 0.2425 0.1325
5 0.1075 0.04375 0.09 0.04375 0.09 0.058750000000000004 0.1075 0.058750000000000004 0.1075 0.04375
5 0.05 0.041249999999999995 0.034999999999999996 0.041249999999999995 0.034999999999999996 0.058750000000000004 0.05 0.058750000000000004 0.05 0.041249999999999995
5 0.08375 0.1925 0.06375 0.1925 0.06375 0.20750000000000002 0.08375 0.20750000000000002 0.08375 0.1925
5 0.18875 0.23125 0.16875 0.23125 0.16875 0.25625 0.18875 0.25625 0.18875 0.23125
5 0.68125 0.54 0.66875 0.54 0.66875 0.55 0.68125 0.55 0.68125 0.54
5 0.8487500000000001 0.9400000000000001 0.83375 0.9400000000000001 0.83375 0.95 0.8487500000000001 0.95 0.8487500000000001 0.9400000000000001
5 0.93 0.14125000000000001 0.915 0.14125000000000001 0.915 0.15625 0.93 0.15625 0.93 0.14125000000000001