5 0.8324999999999999 0.15 0.8175000000000001 0.15 0.8175000000000001 0.16499999999999998 0.8324999999999999 0.16499999999999998 0.8324999999999999 0.15
5 0.7275 0.2125 0.7125 0.2125 0.7125 0.22749999999999998 0.7275 0.22749999999999998 0.7275 0.2125
5 0.665 0.2425 0.6525000000000001 0.2425 0.6525000000000001 0.255 0.665 0.255 0.665 0.2425
5 0.76625 0.2525 0.7462500000000001 0.2525 0.7462500000000001 0.27 0.76625 0.27 0.76625 0.2525
5 0.77125 0.23875000000000002 0.76125 0.23875000000000002 0.76125 0.25125000000000003 0.77125 0.25125000000000003 0.77125 0.23875000000000002
5 0.75125 0.27125 0.73875 0.27125 0.73875 0.28625 0.75125 0.28625 0.75125 0.27125
5 0.72 0.15625 0.705 0.15625 0.705 0.17124999999999999 0.72 0.17124999999999999 0.72 0.15625
5 0.7725 0.37625000000000003 0.755 0.37625000000000003 0.755 0.38875000000000004 0.7725 0.38875000000000004 0.7725 0.37625000000000003
5 0.75875 0.3525 0.74125 0.3525 0.74125 0.365 0.75875 0.365 0.75875 0.3525
5 0.7837500000000001 0.32 0.77125 0.32 0.77125 0.34249999999999997 0.7837500000000001 0.34249999999999997 0.7837500000000001 0.32
5 0.82875 0.31375000000000003 0.8087500000000001 0.31375000000000003 0.8087500000000001 0.32375 0.82875 0.32375 0.82875 0.31375000000000003
5 0.8525 0.31124999999999997 0.8375 0.31124999999999997 0.8375 0.32375 0.8525 0.32375 0.8525 0.31124999999999997
5 0.8612500000000001 0.3025 0.8412499999999999 0.3025 0.8412499999999999 0.315 0.8612500000000001 0.315 0.8612500000000001 0.3025
5 0.61375 0.48 0.5962500000000001 0.48 0.5962500000000001 0.49749999999999994 0.61375 0.49749999999999994 0.61375 0.48
5 0.6212500000000001 0.48624999999999996 0.60625 0.48624999999999996 0.60625 0.5037499999999999 0.6212500000000001 0.5037499999999999 0.6212500000000001 0.48624999999999996
5 0.6575 0.44000000000000006 0.64 0.44000000000000006 0.64 0.4525 0.6575 0.4525 0.6575 0.44000000000000006
5 0.63625 0.44875 0.62375 0.44875 0.62375 0.46624999999999994 0.63625 0.46624999999999994 0.63625 0.44875
5 0.64625 0.4525 0.63125 0.4525 0.63125 0.4725 0.64625 0.4725 0.64625 0.4525
5 0.6925 0.55625 0.6775 0.55625 0.6775 0.56875 0.6925 0.56875 0.6925 0.55625
5 0.7162499999999999 0.57125 0.69625 0.57125 0.69625 0.58375 0.7162499999999999 0.58375 0.7162499999999999 0.57125
5 0.8675 0.545 0.8525 0.545 0.8525 0.5625 0.8675 0.5625 0.8675 0.545
5 0.8775000000000001 0.5475 0.8625 0.5475 0.8625 0.5675 0.8775000000000001 0.5675 0.8775000000000001 0.5475
5 0.89625 0.5662499999999999 0.87625 0.5662499999999999 0.87625 0.58125 0.89625 0.58125 0.89625 0.5662499999999999
5 0.9099999999999999 0.57875 0.8949999999999999 0.57875 0.8949999999999999 0.59375 0.9099999999999999 0.59375 0.9099999999999999 0.57875
5 0.8800000000000001 0.525 0.865 0.525 0.865 0.5425 0.8800000000000001 0.5425 0.8800000000000001 0.525
5 0.8875 0.53125 0.8724999999999999 0.53125 0.8724999999999999 0.54875 0.8875 0.54875 0.8875 0.53125
5 0.8887499999999999 0.50875 0.87625 0.50875 0.87625 0.5237499999999999 0.8887499999999999 0.5237499999999999 0.8887499999999999 0.50875
5 0.8975 0.515 0.8825 0.515 0.8825 0.5325 0.8975 0.5325 0.8975 0.515
5 0.905 0.5225 0.89 0.5225 0.89 0.5375 0.905 0.5375 0.905 0.5225
5 0.89375 0.5375 0.88125 0.5375 0.88125 0.5525 0.89375 0.5525 0.89375 0.5375
5 0.9012499999999999 0.5587500000000001 0.88375 0.5587500000000001 0.88375 0.57125 0.9012499999999999 0.57125 0.9012499999999999 0.5587500000000001
5 0.91625 0.5700000000000001 0.9012499999999999 0.5700000000000001 0.9012499999999999 0.58 0.91625 0.58 0.91625 0.5700000000000001
5 0.92875 0.5900000000000001 0.91875 0.5900000000000001 0.91875 0.6 0.92875 0.6 0.92875 0.5900000000000001
5 0.91875 0.6025 0.9012499999999999 0.6025 0.9012499999999999 0.62 0.91875 0.62 0.91875 0.6025
5 0.90625 0.6212500000000001 0.89125 0.6212500000000001 0.89125 0.63875 0.90625 0.63875 0.90625 0.6212500000000001
5 0.8949999999999999 0.64 0.8800000000000001 0.64 0.8800000000000001 0.6575 0.8949999999999999 0.6575 0.8949999999999999 0.64
5 0.88375 0.6575 0.86625 0.6575 0.86625 0.675 0.88375 0.675 0.88375 0.6575
5 0.88125 0.73 0.86625 0.73 0.86625 0.7474999999999999 0.88125 0.7474999999999999 0.88125 0.73
5 0.8949999999999999 0.7125 0.8800000000000001 0.7125 0.8800000000000001 0.725 0.8949999999999999 0.725 0.8949999999999999 0.7125
5 0.8862500000000001 0.68875 0.8712500000000001 0.68875 0.8712500000000001 0.70125 0.8862500000000001 0.70125 0.8862500000000001 0.68875
5 0.8925000000000001 0.68125 0.8775000000000001 0.68125 0.8775000000000001 0.69625 0.8925000000000001 0.69625 0.8925000000000001 0.68125
5 0.89625 0.67375 0.88125 0.67375 0.88125 0.68625 0.89625 0.68625 0.89625 0.67375
5 0.89875 0.665 0.8862500000000001 0.665 0.8862500000000001 0.6775 0.89875 0.6775 0.89875 0.665
5 0.9037499999999999 0.6575 0.89125 0.6575 0.89125 0.67 0.9037499999999999 0.67 0.9037499999999999 0.6575
5 0.9087500000000001 0.6475 0.89375 0.6475 0.89375 0.665 0.9087500000000001 0.665 0.9087500000000001 0.6475
5 0.9112500000000001 0.6425 0.89875 0.6425 0.89875 0.6525000000000001 0.9112500000000001 0.6525000000000001 0.9112500000000001 0.6425
5 0.9237500000000001 0.63875 0.9112500000000001 0.63875 0.9112500000000001 0.6487499999999999 0.9237500000000001 0.6487499999999999 0.9237500000000001 0.63875
5 0.9262499999999999 0.6275000000000001 0.9112500000000001 0.6275000000000001 0.9112500000000001 0.64 0.9262499999999999 0.64 0.9262499999999999 0.6275000000000001
5 0.93125 0.62 0.91625 0.62 0.91625 0.6325000000000001 0.93125 0.6325000000000001 0.93125 0.62
5 0.93625 0.6125 0.91875 0.6125 0.91875 0.625 0.93625 0.625 0.93625 0.6125
5 0.93875 0.605 0.9262499999999999 0.605 0.9262499999999999 0.615 0.93875 0.615 0.93875 0.605
5 0.94375 0.59875 0.93125 0.59875 0.93125 0.60875 0.94375 0.60875 0.94375 0.59875
5 0.825 0.7787499999999999 0.8074999999999999 0.7787499999999999 0.8074999999999999 0.79625 0.825 0.79625 0.825 0.7787499999999999
5 0.83125 0.77125 0.81375 0.77125 0.81375 0.78625 0.83125 0.78625 0.83125 0.77125
5 0.6799999999999999 0.81375 0.665 0.81375 0.665 0.8237500000000001 0.6799999999999999 0.8237500000000001 0.6799999999999999 0.81375
5 0.7375 0.825 0.725 0.825 0.725 0.8400000000000001 0.7375 0.8400000000000001 0.7375 0.825
5 0.75875 0.83375 0.74875 0.83375 0.74875 0.8487500000000001 0.75875 0.8487500000000001 0.75875 0.83375
5 0.7462500000000001 0.8300000000000001 0.73875 0.8300000000000001 0.73875 0.8425 0.7462500000000001 0.8425 0.7462500000000001 0.8300000000000001
5 0.8324999999999999 0.85875 0.8175000000000001 0.85875 0.8175000000000001 0.88375 0.8324999999999999 0.88375 0.8324999999999999 0.85875
5 0.85 0.86875 0.8400000000000001 0.86875 0.8400000000000001 0.88125 0.85 0.88125 0.85 0.86875
5 0.85625 0.8724999999999999 0.8487500000000001 0.8724999999999999 0.8487500000000001 0.885 0.85625 0.885 0.85625 0.8724999999999999
5 0.96 0.8612500000000001 0.9400000000000001 0.8612500000000001 0.9400000000000001 0.8712500000000001 0.96 0.8712500000000001 0.96 0.8612500000000001
5 0.9025000000000001 0.8887499999999999 0.89 0.8887499999999999 0.89 0.9037499999999999 0.9025000000000001 0.9037499999999999 0.9025000000000001 0.8887499999999999
5 0.89375 0.88375 0.88375 0.88375 0.88375 0.89625 0.89375 0.89625 0.89375 0.88375
5 0.87375 0.8775000000000001 0.86625 0.8775000000000001 0.86625 0.89 0.87375 0.89 0.87375 0.8775000000000001
5 0.8949999999999999 0.9550000000000001 0.875 0.9550000000000001 0.875 0.9675 0.8949999999999999 0.9675 0.8949999999999999 0.9550000000000001
5 0.9225 0.8925000000000001 0.9099999999999999 0.8925000000000001 0.9099999999999999 0.905 0.9225 0.905 0.9225 0.8925000000000001
5 0.67 0.9650000000000001 0.6599999999999999 0.9650000000000001 0.6599999999999999 0.9824999999999999 0.67 0.9824999999999999 0.67 0.9650000000000001
5 0.6799999999999999 0.9712500000000001 0.67 0.9712500000000001 0.67 0.9862500000000001 0.6799999999999999 0.9862500000000001 0.6799999999999999 0.9712500000000001
5 0.6900000000000001 0.9712500000000001 0.6775 0.9712500000000001 0.6775 0.9887499999999999 0.6900000000000001 0.9887499999999999 0.6900000000000001 0.9712500000000001
5 0.5475 0.9675 0.5349999999999999 0.9675 0.5349999999999999 0.985 0.5475 0.985 0.5475 0.9675
5 0.53 0.9637499999999999 0.515 0.9637499999999999 0.515 0.98375 0.53 0.98375 0.53 0.9637499999999999
5 0.52 0.96125 0.5075000000000001 0.96125 0.5075000000000001 0.97875 0.52 0.97875 0.52 0.96125
5 0.5 0.95375 0.49000000000000005 0.95375 0.49000000000000005 0.9712500000000001 0.5 0.9712500000000001 0.5 0.95375
5 0.54 0.91875 0.53 0.91875 0.53 0.9337500000000001 0.54 0.9337500000000001 0.54 0.91875
5 0.53 0.915 0.5225 0.915 0.5225 0.93 0.53 0.93 0.53 0.915
5 0.52125 0.9125 0.51125 0.9125 0.51125 0.9275 0.52125 0.9275 0.52125 0.9125
5 0.495 0.90625 0.485 0.90625 0.485 0.91625 0.495 0.91625 0.495 0.90625
5 0.45125000000000004 0.885 0.44125 0.885 0.44125 0.9 0.45125000000000004 0.9 0.45125000000000004 0.885
5 0.4325 0.925 0.4125 0.925 0.4125 0.9349999999999999 0.4325 0.9349999999999999 0.4325 0.925
5 0.43 0.9337500000000001 0.4125 0.9337500000000001 0.4125 0.94375 0.43 0.94375 0.43 0.9337500000000001
5 0.42374999999999996 0.9525 0.40374999999999994 0.9525 0.40374999999999994 0.9625 0.42374999999999996 0.9625 0.42374999999999996 0.9525
5 0.42000000000000004 0.96125 0.4 0.96125 0.4 0.9737500000000001 0.42000000000000004 0.9737500000000001 0.42000000000000004 0.96125
5 0.41500000000000004 0.97875 0.39249999999999996 0.97875 0.39249999999999996 0.9887499999999999 0.41500000000000004 0.9887499999999999 0.41500000000000004 0.97875
5 0.40750000000000003 0.9887499999999999 0.39 0.9887499999999999 0.39 0.9962500000000001 0.40750000000000003 0.9962500000000001 0.40750000000000003 0.9887499999999999
5 0.3975 0.8887499999999999 0.38 0.8887499999999999 0.38 0.89875 0.3975 0.89875 0.3975 0.8887499999999999
5 0.39249999999999996 0.89875 0.3775 0.89875 0.3775 0.90625 0.39249999999999996 0.90625 0.39249999999999996 0.89875
5 0.39 0.90625 0.375 0.90625 0.375 0.91625 0.39 0.91625 0.39 0.90625
5 0.3875 0.91625 0.37 0.91625 0.37 0.9262499999999999 0.3875 0.9262499999999999 0.3875 0.91625
5 0.38625 0.925 0.36625 0.925 0.36625 0.9349999999999999 0.38625 0.9349999999999999 0.38625 0.925
5 0.3825 0.9324999999999999 0.3625 0.9324999999999999 0.3625 0.9425000000000001 0.3825 0.9425000000000001 0.3825 0.9324999999999999
5 0.3775 0.94375 0.3625 0.94375 0.3625 0.95375 0.3775 0.95375 0.3775 0.94375
5 0.3725 0.96 0.355 0.96 0.355 0.9724999999999999 0.3725 0.9724999999999999 0.3725 0.96
5 0.36625 0.97 0.34875 0.97 0.34875 0.9800000000000001 0.36625 0.9800000000000001 0.36625 0.97
5 0.36625 0.9775 0.34625 0.9775 0.34625 0.9875 0.36625 0.9875 0.36625 0.9775
5 0.36 0.9875 0.34249999999999997 0.9875 0.34249999999999997 0.9974999999999999 0.36 0.9974999999999999 0.36 0.9875
5 0.59875 0.86625 0.58125 0.86625 0.58125 0.87625 0.59875 0.87625 0.59875 0.86625
5 0.66625 0.9012499999999999 0.63625 0.9012499999999999 0.63625 0.92125 0.66625 0.92125 0.66625 0.9012499999999999
5 0.5912499999999999 0.7775000000000001 0.58125 0.7775000000000001 0.58125 0.7925 0.5912499999999999 0.7925 0.5912499999999999 0.7775000000000001
5 0.57875 0.7775000000000001 0.57125 0.7775000000000001 0.57125 0.79 0.57875 0.79 0.57875 0.7775000000000001
5 0.57125 0.77125 0.56125 0.77125 0.56125 0.78625 0.57125 0.78625 0.57125 0.77125
5 0.5625 0.76875 0.5525 0.76875 0.5525 0.78125 0.5625 0.78125 0.5625 0.76875
5 0.55375 0.765 0.54375 0.765 0.54375 0.7775000000000001 0.55375 0.7775000000000001 0.55375 0.765
5 0.5475 0.7575000000000001 0.5349999999999999 0.7575000000000001 0.5349999999999999 0.775 0.5475 0.775 0.5475 0.7575000000000001
5 0.53125 0.75 0.51625 0.75 0.51625 0.7675 0.53125 0.7675 0.53125 0.75
5 0.51875 0.74875 0.51125 0.74875 0.51125 0.76375 0.51875 0.76375 0.51875 0.74875
5 0.46125 0.73625 0.44125 0.73625 0.44125 0.75625 0.46125 0.75625 0.46125 0.73625
5 0.51125 0.7474999999999999 0.49874999999999997 0.7474999999999999 0.49874999999999997 0.765 0.51125 0.765 0.51125 0.7474999999999999
5 0.9925 0.1125 0.975 0.1125 0.975 0.125 0.9925 0.125 0.9925 0.1125
5 0.99875 0.155 0.97875 0.155 0.97875 0.175 0.99875 0.175 0.99875 0.155
5 0.23875000000000002 0.76125 0.21875 0.76125 0.21875 0.76875 0.23875000000000002 0.76875 0.23875000000000002 0.76125
5 0.175 0.7375 0.145 0.7375 0.145 0.755 0.175 0.755 0.175 0.7375
5 0.12375 0.7262500000000001 0.10874999999999999 0.7262500000000001 0.10874999999999999 0.73625 0.12375 0.73625 0.12375 0.7262500000000001
5 0.10874999999999999 0.70875 0.09125 0.70875 0.09125 0.71875 0.10874999999999999 0.71875 0.10874999999999999 0.70875
5 0.07375000000000001 0.6975 0.05375 0.6975 0.05375 0.71 0.07375000000000001 0.71 0.07375000000000001 0.6975
5 0.08249999999999999 0.7162499999999999 0.06999999999999999 0.7162499999999999 0.06999999999999999 0.72375 0.08249999999999999 0.72375 0.08249999999999999 0.7162499999999999
5 0.34125 0.7887500000000001 0.32375 0.7887500000000001 0.32375 0.79875 0.34125 0.79875 0.34125 0.7887500000000001
5 0.17124999999999999 0.7925 0.15125 0.7925 0.15125 0.8225 0.17124999999999999 0.8225 0.17124999999999999 0.7925
5 0.185 0.79875 0.16999999999999998 0.79875 0.16999999999999998 0.8262499999999999 0.185 0.8262499999999999 0.185 0.79875
5 0.24625 0.81875 0.22374999999999998 0.81875 0.22374999999999998 0.8612500000000001 0.24625 0.8612500000000001 0.24625 0.81875
5 0.25875 0.825 0.24375 0.825 0.24375 0.8525 0.25875 0.8525 0.25875 0.825
5 0.15125 0.8925000000000001 0.13374999999999998 0.8925000000000001 0.13374999999999998 0.9175000000000001 0.15125 0.9175000000000001 0.15125 0.8925000000000001
5 0.16875 0.8975 0.15125 0.8975 0.15125 0.925 0.16875 0.925 0.16875 0.8975
5 0.19624999999999998 0.9099999999999999 0.18125 0.9099999999999999 0.18125 0.9349999999999999 0.19624999999999998 0.9349999999999999 0.19624999999999998 0.9099999999999999
5 0.20875 0.9125 0.19375 0.9125 0.19375 0.9375 0.20875 0.9375 0.20875 0.9125
5 0.22749999999999998 0.9199999999999999 0.21000000000000002 0.9199999999999999 0.21000000000000002 0.945 0.22749999999999998 0.945 0.22749999999999998 0.9199999999999999
5 0.24125000000000002 0.925 0.22374999999999998 0.925 0.22374999999999998 0.95 0.24125000000000002 0.95 0.24125000000000002 0.925
5 0.255 0.93 0.24 0.93 0.24 0.9550000000000001 0.255 0.9550000000000001 0.255 0.93
5 0.042499999999999996 0.8637499999999999 0.03 0.8637499999999999 0.03 0.87375 0.042499999999999996 0.87375 0.042499999999999996 0.8637499999999999
5 0.04625 0.8525 0.03375 0.8525 0.03375 0.8625 0.04625 0.8625 0.04625 0.8525
5 0 0.92125 0.0075 0.92125 0.0075 0.91375 0 0.91375 0 0.92125
5 0.17250000000000001 0.3675 0.16 0.3675 0.16 0.3825 0.17250000000000001 0.3825 0.17250000000000001 0.3675
5 0.09875 0.21375000000000002 0.08625000000000001 0.21375000000000002 0.08625000000000001 0.23374999999999999 0.09875 0.23374999999999999 0.09875 0.21375000000000002
5 0.9199999999999999 0.01 0.8975 0.01 0.8975 0.04 0.9199999999999999 0.04 0.9199999999999999 0.01
5 0.99 0.125 0.9724999999999999 0.125 0.9724999999999999 0.1375 0.99 0.1375 0.99 0.125
5 0.7925 0.21375000000000002 0.7775000000000001 0.21375000000000002 0.7775000000000001 0.22625 0.7925 0.22625 0.7925 0.21375000000000002
5 0.17124999999999999 0.0625 0.14875 0.0625 0.14875 0.1 0.17124999999999999 0.1 0.17124999999999999 0.0625
5 0.47750000000000004 0.89875 0.46749999999999997 0.89875 0.46749999999999997 0.9112500000000001 0.47750000000000004 0.9112500000000001 0.47750000000000004 0.89875
5 0.8787499999999999 0.6975 0.86625 0.6975 0.86625 0.705 0.8787499999999999 0.705 0.8787499999999999 0.6975
5 0.95375 0.61375 0.9412499999999999 0.61375 0.9412499999999999 0.63125 0.95375 0.63125 0.95375 0.61375
5 0.6537499999999999 0.4575 0.64625 0.4575 0.64625 0.465 0.6537499999999999 0.465 0.6537499999999999 0.4575
5 0.665 0.515 0.655 0.515 0.655 0.5275000000000001 0.665 0.5275000000000001 0.665 0.515
5 0.675 0.52125 0.665 0.52125 0.665 0.5337500000000001 0.675 0.5337500000000001 0.675 0.52125
5 0.6837500000000001 0.52625 0.67625 0.52625 0.67625 0.5337500000000001 0.6837500000000001 0.5337500000000001 0.6837500000000001 0.52625
5 0.6575 0.51 0.65 0.51 0.65 0.52 0.6575 0.52 0.6575 0.51
5 0.6012500000000001 0.49874999999999997 0.5912499999999999 0.49874999999999997 0.5912499999999999 0.50875 0.6012500000000001 0.50875 0.6012500000000001 0.49874999999999997
5 0.95 0.5912499999999999 0.9324999999999999 0.5912499999999999 0.9324999999999999 0.60375 0.95 0.60375 0.95 0.5912499999999999
5 0.05375 0.6975 0.021249999999999998 0.6975 0.021249999999999998 0.7175 0.05375 0.7175 0.05375 0.6975
5 0.3525 0.8412499999999999 0.3325 0.8412499999999999 0.3325 0.87625 0.3525 0.87625 0.3525 0.8412499999999999