5 0.98375 0.0025 0.9637499999999999 0.0025 0.9637499999999999 0.042499999999999996 0.98375 0.042499999999999996 0.98375 0.0025
5 0.7462500000000001 0.10625 0.71375 0.10625 0.71375 0.14375 0.7462500000000001 0.14375 0.7462500000000001 0.10625
5 0.305 0.008749999999999999 0.29 0.008749999999999999 0.29 0.02375 0.305 0.02375 0.305 0.008749999999999999
5 0.37625000000000003 0.034999999999999996 0.35875 0.034999999999999996 0.35875 0.052500000000000005 0.37625000000000003 0.052500000000000005 0.37625000000000003 0.034999999999999996
5 0.38125 0.027500000000000004 0.36625 0.027500000000000004 0.36625 0.045 0.38125 0.045 0.38125 0.027500000000000004
5 0.33125 0.07375000000000001 0.31625000000000003 0.07375000000000001 0.31625000000000003 0.09125 0.33125 0.09125 0.33125 0.07375000000000001
5 0.36 0.04875 0.34500000000000003 0.04875 0.34500000000000003 0.06875 0.36 0.06875 0.36 0.04875
5 0.30125 0.10124999999999999 0.28875 0.10124999999999999 0.28875 0.11625 0.30125 0.11625 0.30125 0.10124999999999999
5 0.25625 0.034999999999999996 0.24125000000000002 0.034999999999999996 0.24125000000000002 0.052500000000000005 0.25625 0.052500000000000005 0.25625 0.034999999999999996
5 0.265 0.01875 0.2475 0.01875 0.2475 0.03625 0.265 0.03625 0.265 0.01875
5 0.275 0.03625 0.2625 0.03625 0.2625 0.05125 0.275 0.05125 0.275 0.03625
5 0.23125 0.07125000000000001 0.20875 0.07125000000000001 0.20875 0.09625 0.23125 0.09625 0.23125 0.07125000000000001
5 0.32375 0.07875 0.30874999999999997 0.07875 0.30874999999999997 0.09625 0.32375 0.09625 0.32375 0.07875
5 0.32125 0.0875 0.30625 0.0875 0.30625 0.10500000000000001 0.32125 0.10500000000000001 0.32125 0.0875
5 0.27375 0.1275 0.25875 0.1275 0.25875 0.14250000000000002 0.27375 0.14250000000000002 0.27375 0.1275
5 0.29625 0.1075 0.28125 0.1075 0.28125 0.12250000000000001 0.29625 0.12250000000000001 0.29625 0.1075
5 0.31124999999999997 0.0925 0.29375 0.0925 0.29375 0.1125 0.31124999999999997 0.1125 0.31124999999999997 0.0925
5 0.29874999999999996 0 0.29874999999999996 0.01625 0.31375000000000003 0.01625 0.31375000000000003 0 0.29874999999999996 0
5 0.2875 0.11125 0.275 0.11125 0.275 0.12875 0.2875 0.12875 0.2875 0.11125
5 0.1625 0.22125 0.135 0.22125 0.135 0.23374999999999999 0.1625 0.23374999999999999 0.1625 0.22125
5 0.13874999999999998 0.24375 0.12875 0.24375 0.12875 0.26125 0.13874999999999998 0.26125 0.13874999999999998 0.24375
5 0.13125 0.24874999999999997 0.11875 0.24874999999999997 0.11875 0.26875 0.13125 0.26875 0.13125 0.24874999999999997
5 0.12250000000000001 0.2525 0.11000000000000001 0.2525 0.11000000000000001 0.27 0.12250000000000001 0.27 0.12250000000000001 0.2525
5 0.11374999999999999 0.2575 0.10124999999999999 0.2575 0.10124999999999999 0.27749999999999997 0.11374999999999999 0.27749999999999997 0.11374999999999999 0.2575
5 0.10500000000000001 0.26375000000000004 0.095 0.26375000000000004 0.095 0.27875 0.10500000000000001 0.27875 0.10500000000000001 0.26375000000000004
5 0.095 0.26625 0.08499999999999999 0.26625 0.08499999999999999 0.28125 0.095 0.28125 0.095 0.26625
5 0.08625000000000001 0.26875 0.07625 0.26875 0.07625 0.28125 0.08625000000000001 0.28125 0.08625000000000001 0.26875
5 0.06625 0.28500000000000003 0.05625 0.28500000000000003 0.05625 0.3 0.06625 0.3 0.06625 0.28500000000000003
5 0.04375 0.225 0.03125 0.225 0.03125 0.2375 0.04375 0.2375 0.04375 0.225
5 0.015 0.31375000000000003 0.005 0.31375000000000003 0.005 0.33125 0.015 0.33125 0.015 0.31375000000000003
5 0.03875 0.2925 0.01875 0.2925 0.01875 0.3175 0.03875 0.3175 0.03875 0.2925
5 0.021249999999999998 0.3075 0.008749999999999999 0.3075 0.008749999999999999 0.325 0.021249999999999998 0.325 0.021249999999999998 0.3075
5 1 0.59375 0.9875 0.59375 0.9875 0.6212500000000001 1 0.6212500000000001 1 0.59375
5 0.99375 0.5912499999999999 0.97875 0.5912499999999999 0.97875 0.61625 0.99375 0.61625 0.99375 0.5912499999999999
5 0.9887499999999999 0.6375 0.94625 0.6375 0.94625 0.6625 0.9887499999999999 0.6625 0.9887499999999999 0.6375
5 0.91375 0.64 0.89625 0.64 0.89625 0.65 0.91375 0.65 0.91375 0.64
5 1 0.6525000000000001 0.99125 0.6525000000000001 0.99125 0.6625 1 0.6625 1 0.6525000000000001
5 0.9512499999999999 0.63375 0.9337500000000001 0.63375 0.9337500000000001 0.64625 0.9512499999999999 0.64625 0.9512499999999999 0.63375
5 0.9125 0.61625 0.8925000000000001 0.61625 0.8925000000000001 0.6287499999999999 0.9125 0.6287499999999999 0.9125 0.61625
5 0.89125 0.60875 0.87375 0.60875 0.87375 0.6212500000000001 0.89125 0.6212500000000001 0.89125 0.60875
5 0.8699999999999999 0.6012500000000001 0.85 0.6012500000000001 0.85 0.61375 0.8699999999999999 0.61375 0.8699999999999999 0.6012500000000001
5 0.9525 0.72375 0.9324999999999999 0.72375 0.9324999999999999 0.73625 0.9525 0.73625 0.9525 0.72375
5 0.8275 0.6775 0.8074999999999999 0.6775 0.8074999999999999 0.6900000000000001 0.8275 0.6900000000000001 0.8275 0.6775
5 0.82875 0.64 0.8087500000000001 0.64 0.8087500000000001 0.6525000000000001 0.82875 0.6525000000000001 0.82875 0.64
5 0.89375 0.70375 0.87625 0.70375 0.87625 0.71375 0.89375 0.71375 0.89375 0.70375
5 0.82125 0.62375 0.80375 0.62375 0.80375 0.63625 0.82125 0.63625 0.82125 0.62375
5 0.76875 0.58375 0.74875 0.58375 0.74875 0.5962500000000001 0.76875 0.5962500000000001 0.76875 0.58375
5 0.69625 0.5599999999999999 0.67625 0.5599999999999999 0.67625 0.5700000000000001 0.69625 0.5700000000000001 0.69625 0.5599999999999999
5 0.59375 0.5525 0.57625 0.5525 0.57625 0.5625 0.59375 0.5625 0.59375 0.5525
5 0.54625 0.5337500000000001 0.5287499999999999 0.5337500000000001 0.5287499999999999 0.54625 0.54625 0.54625 0.54625 0.5337500000000001
5 0.6425 0.465 0.6325000000000001 0.465 0.6325000000000001 0.48250000000000004 0.6425 0.48250000000000004 0.6425 0.465
5 0.65125 0.46624999999999994 0.64125 0.46624999999999994 0.64125 0.48624999999999996 0.65125 0.48624999999999996 0.65125 0.46624999999999994
5 0.66125 0.47000000000000003 0.65125 0.47000000000000003 0.65125 0.49000000000000005 0.66125 0.49000000000000005 0.66125 0.47000000000000003
5 0.67125 0.47125000000000006 0.66125 0.47125000000000006 0.66125 0.49124999999999996 0.67125 0.49124999999999996 0.67125 0.47125000000000006
5 0.68125 0.475 0.67125 0.475 0.67125 0.4925 0.68125 0.4925 0.68125 0.475
5 0.6900000000000001 0.48 0.6775 0.48 0.6775 0.49749999999999994 0.6900000000000001 0.49749999999999994 0.6900000000000001 0.48
5 0.53125 0.39125 0.51625 0.39125 0.51625 0.40374999999999994 0.53125 0.40374999999999994 0.53125 0.39125
5 0.46375 0.505 0.44625000000000004 0.505 0.44625000000000004 0.515 0.46375 0.515 0.46375 0.505
5 0.445 0.48250000000000004 0.42750000000000005 0.48250000000000004 0.42750000000000005 0.495 0.445 0.495 0.445 0.48250000000000004
5 0.40625 0.49000000000000005 0.38875000000000004 0.49000000000000005 0.38875000000000004 0.5 0.40625 0.5 0.40625 0.49000000000000005
5 0.37124999999999997 0.4925 0.35125 0.4925 0.35125 0.505 0.37124999999999997 0.505 0.37124999999999997 0.4925
5 0.42625 0.45125000000000004 0.35875 0.45125000000000004 0.35875 0.47874999999999995 0.42625 0.47874999999999995 0.42625 0.45125000000000004
5 0.335 0.49000000000000005 0.32 0.49000000000000005 0.32 0.505 0.335 0.505 0.335 0.49000000000000005
5 0.31875 0.53625 0.29874999999999996 0.53625 0.29874999999999996 0.55375 0.31875 0.55375 0.31875 0.53625
5 0.29874999999999996 0.52625 0.28125 0.52625 0.28125 0.54625 0.29874999999999996 0.54625 0.29874999999999996 0.52625
5 0.2125 0.63125 0.195 0.63125 0.195 0.6487499999999999 0.2125 0.6487499999999999 0.2125 0.63125
5 0.18625 0.6425 0.16875 0.6425 0.16875 0.6625 0.18625 0.6625 0.18625 0.6425
5 0.24375 0.64 0.22875 0.64 0.22875 0.655 0.24375 0.655 0.24375 0.64
5 0.17875000000000002 0.67125 0.16125 0.67125 0.16125 0.68875 0.17875000000000002 0.68875 0.17875000000000002 0.67125
5 0.13999999999999999 0.69875 0.125 0.69875 0.125 0.71375 0.13999999999999999 0.71375 0.13999999999999999 0.69875
5 0.1775 0.7150000000000001 0.1625 0.7150000000000001 0.1625 0.73 0.1775 0.73 0.1775 0.7150000000000001
5 0.12 0.75125 0.10500000000000001 0.75125 0.10500000000000001 0.77125 0.12 0.77125 0.12 0.75125
5 0.04875 0.88375 0.01875 0.88375 0.01875 0.92125 0.04875 0.92125 0.04875 0.88375
5 0.03875 0.9400000000000001 0.028749999999999998 0.9400000000000001 0.028749999999999998 0.9574999999999999 0.03875 0.9574999999999999 0.03875 0.9400000000000001
5 0.04875 0.9525 0.03625 0.9525 0.03625 0.97 0.04875 0.97 0.04875 0.9525
5 0.027500000000000004 0.96875 0.017499999999999998 0.96875 0.017499999999999998 0.98375 0.027500000000000004 0.98375 0.027500000000000004 0.96875
5 0.46125 0.6587500000000001 0.44125 0.6587500000000001 0.44125 0.6912499999999999 0.46125 0.6912499999999999 0.46125 0.6587500000000001
5 0.47625 0.665 0.45625 0.665 0.45625 0.6975 0.47625 0.6975 0.47625 0.665
5 0.49375 0.67125 0.47625 0.67125 0.47625 0.70125 0.49375 0.70125 0.49375 0.67125
5 0.50875 0.675 0.48624999999999996 0.675 0.48624999999999996 0.71 0.50875 0.71 0.50875 0.675
5 0.5275000000000001 0.6799999999999999 0.5075000000000001 0.6799999999999999 0.5075000000000001 0.7150000000000001 0.5275000000000001 0.7150000000000001 0.5275000000000001 0.6799999999999999
5 0.54 0.6837500000000001 0.5175 0.6837500000000001 0.5175 0.71875 0.54 0.71875 0.54 0.6837500000000001
5 0.5575 0.6912499999999999 0.54 0.6912499999999999 0.54 0.72375 0.5575 0.72375 0.5575 0.6912499999999999
5 0.5700000000000001 0.69375 0.55 0.69375 0.55 0.73125 0.5700000000000001 0.73125 0.5700000000000001 0.69375
5 0.33375 0.645 0.27875 0.645 0.27875 0.675 0.33375 0.675 0.33375 0.645
5 0.34625 0.6375 0.29625 0.6375 0.29625 0.6625 0.34625 0.6625 0.34625 0.6375
5 0.35125 0.6275000000000001 0.29874999999999996 0.6275000000000001 0.29874999999999996 0.65 0.35125 0.65 0.35125 0.6275000000000001
5 0.36375 0.6174999999999999 0.30375 0.6174999999999999 0.30375 0.64 0.36375 0.64 0.36375 0.6174999999999999
5 0.3675 0.6075 0.315 0.6075 0.315 0.6325000000000001 0.3675 0.6325000000000001 0.3675 0.6075
5 0.37625000000000003 0.59875 0.32125 0.59875 0.32125 0.6212500000000001 0.37625000000000003 0.6212500000000001 0.37625000000000003 0.59875
5 0.42750000000000005 0.61375 0.37 0.61375 0.37 0.64125 0.42750000000000005 0.64125 0.42750000000000005 0.61375
5 0.43125 0.6025 0.37875000000000003 0.6025 0.37875000000000003 0.63 0.43125 0.63 0.43125 0.6025
5 0.3825 0.58875 0.3325 0.58875 0.3325 0.61125 0.3825 0.61125 0.3825 0.58875
5 0.43875000000000003 0.5925 0.38375 0.5925 0.38375 0.62 0.43875000000000003 0.62 0.43875000000000003 0.5925
5 0.38625 0.5775 0.34375 0.5775 0.34375 0.6025 0.38625 0.6025 0.38625 0.5775
5 0.55625 0.62 0.5037499999999999 0.62 0.5037499999999999 0.6475 0.55625 0.6475 0.55625 0.62
5 0.5037499999999999 0.6025 0.45375 0.6025 0.45375 0.63 0.5037499999999999 0.63 0.5037499999999999 0.6025
5 0.45999999999999996 0.585 0.40750000000000003 0.585 0.40750000000000003 0.6125 0.45999999999999996 0.6125 0.45999999999999996 0.585
5 0.40750000000000003 0.5725 0.3625 0.5725 0.3625 0.5925 0.40750000000000003 0.5925 0.40750000000000003 0.5725
5 0.42125 0.67375 0.40374999999999994 0.67375 0.40374999999999994 0.70125 0.42125 0.70125 0.42125 0.67375
5 0.43499999999999994 0.67875 0.42000000000000004 0.67875 0.42000000000000004 0.70625 0.43499999999999994 0.70625 0.43499999999999994 0.67875
5 0.5587500000000001 0.9862500000000001 0.55125 0.9862500000000001 0.55125 0.99875 0.5587500000000001 0.99875 0.5587500000000001 0.9862500000000001
5 0.5662499999999999 0.9650000000000001 0.55625 0.9650000000000001 0.55625 0.9824999999999999 0.5662499999999999 0.9824999999999999 0.5662499999999999 0.9650000000000001
5 0.57375 0.94625 0.56125 0.94625 0.56125 0.9637499999999999 0.57375 0.9637499999999999 0.57375 0.94625
5 0.58 0.9262499999999999 0.5700000000000001 0.9262499999999999 0.5700000000000001 0.94375 0.58 0.94375 0.58 0.9262499999999999
5 0.5862499999999999 0.9037499999999999 0.57625 0.9037499999999999 0.57625 0.9237500000000001 0.5862499999999999 0.9237500000000001 0.5862499999999999 0.9037499999999999
5 0.6174999999999999 0.8237500000000001 0.6025 0.8237500000000001 0.6025 0.84375 0.6174999999999999 0.84375 0.6174999999999999 0.8237500000000001
5 0.62375 0.8012499999999999 0.61125 0.8012499999999999 0.61125 0.82125 0.62375 0.82125 0.62375 0.8012499999999999
5 0.65625 0.70375 0.64625 0.70375 0.64625 0.7212500000000001 0.65625 0.7212500000000001 0.65625 0.70375
5 0.5625 0.67625 0.54 0.67625 0.54 0.6912499999999999 0.5625 0.6912499999999999 0.5625 0.67625
5 0.56375 0.6487499999999999 0.54125 0.6487499999999999 0.54125 0.66625 0.56375 0.66625 0.56375 0.6487499999999999
5 0.5962500000000001 0.64625 0.57625 0.64625 0.57625 0.66125 0.5962500000000001 0.66125 0.5962500000000001 0.64625
5 0.9962500000000001 0.79125 0.96125 0.79125 0.96125 0.8262499999999999 0.9962500000000001 0.8262499999999999 0.9962500000000001 0.79125
5 0.59375 0.31625000000000003 0.57875 0.31625000000000003 0.57875 0.33125 0.59375 0.33125 0.59375 0.31625000000000003
5 0.60375 0.31 0.5862499999999999 0.31 0.5862499999999999 0.325 0.60375 0.325 0.60375 0.31
5 0.47125000000000006 0.375 0.45625 0.375 0.45625 0.39 0.47125000000000006 0.39 0.47125000000000006 0.375
5 0.46125 0.365 0.44375 0.365 0.44375 0.3825 0.46125 0.3825 0.46125 0.365
5 0.4875 0.35625 0.47000000000000003 0.35625 0.47000000000000003 0.37374999999999997 0.4875 0.37374999999999997 0.4875 0.35625
5 0.48125 0.34375 0.46125 0.34375 0.46125 0.36375 0.48125 0.36375 0.48125 0.34375
5 0.495 0.325 0.48 0.325 0.48 0.33999999999999997 0.495 0.33999999999999997 0.495 0.325
5 0.50875 0.33625 0.49124999999999996 0.33625 0.49124999999999996 0.35125 0.50875 0.35125 0.50875 0.33625
5 0.5225 0.3175 0.5075000000000001 0.3175 0.5075000000000001 0.32999999999999996 0.5225 0.32999999999999996 0.5225 0.3175
5 0.52 0.3 0.5025000000000001 0.3 0.5025000000000001 0.3175 0.52 0.3175 0.52 0.3
5 0.5387500000000001 0.3 0.5237499999999999 0.3 0.5237499999999999 0.315 0.5387500000000001 0.315 0.5387500000000001 0.3
5 0.5599999999999999 0.275 0.5425 0.275 0.5425 0.2925 0.5599999999999999 0.2925 0.5599999999999999 0.275
5 0.55375 0.25625 0.54125 0.25625 0.54125 0.27125 0.55375 0.27125 0.55375 0.25625
5 0.57625 0.25 0.5587500000000001 0.25 0.5587500000000001 0.27 0.57625 0.27 0.57625 0.25
5 0.595 0.22999999999999998 0.5775 0.22999999999999998 0.5775 0.2475 0.595 0.2475 0.595 0.22999999999999998
5 0.625 0.1875 0.6125 0.1875 0.6125 0.20249999999999999 0.625 0.20249999999999999 0.625 0.1875
5 0.89 0.09875 0.8724999999999999 0.09875 0.8724999999999999 0.12375 0.89 0.12375 0.89 0.09875
5 0.97875 0.12 0.95625 0.12 0.95625 0.155 0.97875 0.155 0.97875 0.12
5 0.925 0.1125 0.9075 0.1125 0.9075 0.1375 0.925 0.1375 0.925 0.1125
5 0.58875 0.625 0.54125 0.625 0.54125 0.645 0.58875 0.645 0.58875 0.625
5 0.615 0.60875 0.5925 0.60875 0.5925 0.62625 0.615 0.62625 0.615 0.60875
5 0.9075 0.95375 0.8875 0.95375 0.8875 0.9712500000000001 0.9075 0.9712500000000001 0.9075 0.95375
5 0.9412499999999999 0.8625 0.91875 0.8625 0.91875 0.8800000000000001 0.9412499999999999 0.8800000000000001 0.9412499999999999 0.8625
5 0.9525 0.8237500000000001 0.9349999999999999 0.8237500000000001 0.9349999999999999 0.8387499999999999 0.9525 0.8387499999999999 0.9525 0.8237500000000001
5 0.9637499999999999 0.8074999999999999 0.9412499999999999 0.8074999999999999 0.9412499999999999 0.8275 0.9637499999999999 0.8275 0.9637499999999999 0.8074999999999999
5 0.8487500000000001 0.5962500000000001 0.83625 0.5962500000000001 0.83625 0.60625 0.8487500000000001 0.60625 0.8487500000000001 0.5962500000000001
5 0.8012499999999999 0.58 0.79125 0.58 0.79125 0.5900000000000001 0.8012499999999999 0.5900000000000001 0.8012499999999999 0.58
5 0.74375 0.5587500000000001 0.73125 0.5587500000000001 0.73125 0.5662499999999999 0.74375 0.5662499999999999 0.74375 0.5587500000000001
5 0.7737499999999999 0.6575 0.75625 0.6575 0.75625 0.6725 0.7737499999999999 0.6725 0.7737499999999999 0.6575
5 0.11000000000000001 0.175 0.0875 0.175 0.0875 0.195 0.11000000000000001 0.195 0.11000000000000001 0.175
5 1 0.5237499999999999 0.99 0.5237499999999999 0.99 0.56125 1 0.56125 1 0.5237499999999999