5 0.8875 0.48624999999999996 0.8675 0.48624999999999996 0.8675 0.5037499999999999 0.8875 0.5037499999999999 0.8875 0.48624999999999996
5 0.89375 0.50125 0.8712500000000001 0.50125 0.8712500000000001 0.51625 0.89375 0.51625 0.89375 0.50125
5 0.8150000000000001 0.44000000000000006 0.8 0.44000000000000006 0.8 0.45499999999999996 0.8150000000000001 0.45499999999999996 0.8150000000000001 0.44000000000000006
5 0.6525000000000001 0.32375 0.6275000000000001 0.32375 0.6275000000000001 0.34125 0.6525000000000001 0.34125 0.6525000000000001 0.32375
5 0.85125 0.18125 0.82875 0.18125 0.82875 0.19875 0.85125 0.19875 0.85125 0.18125
5 0.8400000000000001 0.18875 0.82 0.18875 0.82 0.20375000000000001 0.8400000000000001 0.20375000000000001 0.8400000000000001 0.18875
5 0.85875 0.21000000000000002 0.8387499999999999 0.21000000000000002 0.8387499999999999 0.22749999999999998 0.85875 0.22749999999999998 0.85875 0.21000000000000002
5 0.83375 0.19624999999999998 0.8162499999999999 0.19624999999999998 0.8162499999999999 0.20875 0.83375 0.20875 0.83375 0.19624999999999998
5 0.8237500000000001 0.19875 0.8012499999999999 0.19875 0.8012499999999999 0.22125 0.8237500000000001 0.22125 0.8237500000000001 0.19875
5 0.8125 0.20875 0.79 0.20875 0.79 0.22374999999999998 0.8125 0.22374999999999998 0.8125 0.20875
5 0.7875 0.22374999999999998 0.77 0.22374999999999998 0.77 0.23875000000000002 0.7875 0.23875000000000002 0.7875 0.22374999999999998
5 0.7825 0.22999999999999998 0.7625 0.22999999999999998 0.7625 0.24500000000000002 0.7825 0.24500000000000002 0.7825 0.22999999999999998
5 0.775 0.23625 0.755 0.23625 0.755 0.25625 0.775 0.25625 0.775 0.23625
5 0.7737499999999999 0.2425 0.7537499999999999 0.2425 0.7537499999999999 0.2625 0.7737499999999999 0.2625 0.7737499999999999 0.2425
5 0.765 0.25375000000000003 0.745 0.25375000000000003 0.745 0.26625 0.765 0.26625 0.765 0.25375000000000003
5 0.7575000000000001 0.2575 0.7375 0.2575 0.7375 0.275 0.7575000000000001 0.275 0.7575000000000001 0.2575
5 0.745 0.26625 0.73 0.26625 0.73 0.28125 0.745 0.28125 0.745 0.26625
5 0.735 0.27125 0.72 0.27125 0.72 0.29125 0.735 0.29125 0.735 0.27125
5 0.85125 0.21875 0.83375 0.21875 0.83375 0.23374999999999999 0.85125 0.23374999999999999 0.85125 0.21875
5 0.8412499999999999 0.22374999999999998 0.8262499999999999 0.22374999999999998 0.8262499999999999 0.23875000000000002 0.8412499999999999 0.23875000000000002 0.8412499999999999 0.22374999999999998
5 0.83375 0.2325 0.81375 0.2325 0.81375 0.2475 0.83375 0.2475 0.83375 0.2325
5 0.8262499999999999 0.23625 0.80625 0.23625 0.80625 0.25375000000000003 0.8262499999999999 0.25375000000000003 0.8262499999999999 0.23625
5 0.81875 0.2425 0.79875 0.2425 0.79875 0.26 0.81875 0.26 0.81875 0.2425
5 0.8099999999999999 0.25125000000000003 0.7925 0.25125000000000003 0.7925 0.26375000000000004 0.8099999999999999 0.26375000000000004 0.8099999999999999 0.25125000000000003
5 0.8012499999999999 0.2575 0.7837500000000001 0.2575 0.7837500000000001 0.2725 0.8012499999999999 0.2725 0.8012499999999999 0.2575
5 0.79 0.26875 0.765 0.26875 0.765 0.28625 0.79 0.28625 0.79 0.26875
5 0.78 0.27625 0.755 0.27625 0.755 0.29625 0.78 0.29625 0.78 0.27625
5 0.76125 0.2925 0.74125 0.2925 0.74125 0.31 0.76125 0.31 0.76125 0.2925
5 0.75125 0.3 0.73375 0.3 0.73375 0.315 0.75125 0.315 0.75125 0.3
5 0.9175000000000001 0.21375000000000002 0.9 0.21375000000000002 0.9 0.22625 0.9175000000000001 0.22625 0.9175000000000001 0.21375000000000002
5 0.905 0.225 0.8875 0.225 0.8875 0.24 0.905 0.24 0.905 0.225
5 0.8875 0.2375 0.8699999999999999 0.2375 0.8699999999999999 0.2525 0.8875 0.2525 0.8875 0.2375
5 0.8612500000000001 0.25875 0.8462500000000001 0.25875 0.8462500000000001 0.27125 0.8612500000000001 0.27125 0.8612500000000001 0.25875
5 0.9625 0.1625 0.9475 0.1625 0.9475 0.175 0.9625 0.175 0.9625 0.1625
5 0.97625 0.14625 0.96125 0.14625 0.96125 0.16375 0.97625 0.16375 0.97625 0.14625
5 0.9925 0.12875 0.975 0.12875 0.975 0.14625 0.9925 0.14625 0.9925 0.12875
5 0.94625 0.17375000000000002 0.92875 0.17375000000000002 0.92875 0.18875 0.94625 0.18875 0.94625 0.17375000000000002
5 0.7025 0.3275 0.6849999999999999 0.3275 0.6849999999999999 0.34249999999999997 0.7025 0.34249999999999997 0.7025 0.3275
5 0.28625 0.0775 0.27125 0.0775 0.27125 0.0875 0.28625 0.0875 0.28625 0.0775
5 0.71 0.305 0.6975 0.305 0.6975 0.315 0.71 0.315 0.71 0.305
5 0.8225 0.2925 0.8099999999999999 0.2925 0.8099999999999999 0.305 0.8225 0.305 0.8225 0.2925
5 0.94375 0.7224999999999999 0.93125 0.7224999999999999 0.93125 0.735 0.94375 0.735 0.94375 0.7224999999999999
5 0.9012499999999999 0.74 0.88375 0.74 0.88375 0.755 0.9012499999999999 0.755 0.9012499999999999 0.74
5 0.6925 0.6799999999999999 0.6525000000000001 0.6799999999999999 0.6525000000000001 0.7025 0.6925 0.7025 0.6925 0.6799999999999999
5 0.72875 0.68625 0.70375 0.68625 0.70375 0.71375 0.72875 0.71375 0.72875 0.68625