5 0.8125 0.5587500000000001 0.8 0.5587500000000001 0.8 0.57375 0.8125 0.57375 0.8125 0.5587500000000001
5 0.041249999999999995 0.5525 0.028749999999999998 0.5525 0.028749999999999998 0.5675 0.041249999999999995 0.5675 0.041249999999999995 0.5525
5 0.3175 0.675 0.305 0.675 0.305 0.6875 0.3175 0.6875 0.3175 0.675
5 0.40125 0.80375 0.38875000000000004 0.80375 0.38875000000000004 0.8162499999999999 0.40125 0.8162499999999999 0.40125 0.80375
5 0.42374999999999996 0.8400000000000001 0.41375 0.8400000000000001 0.41375 0.85 0.42374999999999996 0.85 0.42374999999999996 0.8400000000000001
5 0.4325 0.8525 0.4225 0.8525 0.4225 0.865 0.4325 0.865 0.4325 0.8525
5 0.43875000000000003 0.8637499999999999 0.42874999999999996 0.8637499999999999 0.42874999999999996 0.8787499999999999 0.43875000000000003 0.8787499999999999 0.43875000000000003 0.8637499999999999
5 0.4525 0.8825 0.44000000000000006 0.8825 0.44000000000000006 0.8975 0.4525 0.8975 0.4525 0.8825
5 0.7175 0.975 0.7075 0.975 0.7075 0.9875 0.7175 0.9875 0.7175 0.975
5 0.70875 0.96 0.69625 0.96 0.69625 0.97 0.70875 0.97 0.70875 0.96
5 0.6837500000000001 0.71375 0.66625 0.71375 0.66625 0.7262500000000001 0.6837500000000001 0.7262500000000001 0.6837500000000001 0.71375
5 0.6799999999999999 0.70875 0.665 0.70875 0.665 0.71875 0.6799999999999999 0.71875 0.6799999999999999 0.70875
5 0.67125 0.74 0.6587500000000001 0.74 0.6587500000000001 0.7525000000000001 0.67125 0.7525000000000001 0.67125 0.74
5 0.64625 0.68625 0.63625 0.68625 0.63625 0.69625 0.64625 0.69625 0.64625 0.68625
5 0.6275000000000001 0.6625 0.615 0.6625 0.615 0.6799999999999999 0.6275000000000001 0.6799999999999999 0.6275000000000001 0.6625
5 0.6375 0.6900000000000001 0.6224999999999999 0.6900000000000001 0.6224999999999999 0.7025 0.6375 0.7025 0.6375 0.6900000000000001
5 0.655 0.71375 0.6475 0.71375 0.6475 0.72375 0.655 0.72375 0.655 0.71375
5 0.67875 0.35 0.66625 0.35 0.66625 0.3675 0.67875 0.3675 0.67875 0.35
5 0.67125 0.3375 0.6587500000000001 0.3375 0.6587500000000001 0.35 0.67125 0.35 0.67125 0.3375
5 0.6025 0.26625 0.5900000000000001 0.26625 0.5900000000000001 0.28375 0.6025 0.28375 0.6025 0.26625
5 0.9237500000000001 0.13125 0.9087500000000001 0.13125 0.9087500000000001 0.14375 0.9237500000000001 0.14375 0.9237500000000001 0.13125
5 0.68125 0.005 0.66875 0.005 0.66875 0.017499999999999998 0.68125 0.017499999999999998 0.68125 0.005
5 0.8925000000000001 0.14375 0.8825 0.14375 0.8825 0.15125 0.8925000000000001 0.15125 0.8925000000000001 0.14375
5 0.6950000000000001 0.41 0.6825 0.41 0.6825 0.425 0.6950000000000001 0.425 0.6950000000000001 0.41
5 0.73125 0.43 0.72375 0.43 0.72375 0.45 0.73125 0.45 0.73125 0.43
5 0.20125 0.48250000000000004 0.19125 0.48250000000000004 0.19125 0.505 0.20125 0.505 0.20125 0.48250000000000004
5 0.72375 0.79125 0.70625 0.79125 0.70625 0.81125 0.72375 0.81125 0.72375 0.79125
5 0.8474999999999999 0.26749999999999996 0.8400000000000001 0.26749999999999996 0.8400000000000001 0.27999999999999997 0.8474999999999999 0.27999999999999997 0.8474999999999999 0.26749999999999996
5 0.75125 0.12250000000000001 0.74125 0.12250000000000001 0.74125 0.1375 0.75125 0.1375 0.75125 0.12250000000000001
5 0.61875 0.8162499999999999 0.60875 0.8162499999999999 0.60875 0.83625 0.61875 0.83625 0.61875 0.8162499999999999
5 0.34125 0.18 0.33375 0.18 0.33375 0.1925 0.34125 0.1925 0.34125 0.18
5 0.3225 0.18125 0.31 0.18125 0.31 0.19125 0.3225 0.19125 0.3225 0.18125
5 0.31 0.1675 0.3025 0.1675 0.3025 0.18 0.31 0.18 0.31 0.1675
5 0.5725 0.54375 0.5625 0.54375 0.5625 0.5587500000000001 0.5725 0.5587500000000001 0.5725 0.54375
5 0.64625 0.70375 0.63125 0.70375 0.63125 0.71375 0.64625 0.71375 0.64625 0.70375
5 0.38375 0.24 0.37374999999999997 0.24 0.37374999999999997 0.2525 0.38375 0.2525 0.38375 0.24
5 0.73625 0.0875 0.7162499999999999 0.0875 0.7162499999999999 0.1025 0.73625 0.1025 0.73625 0.0875
5 0.7775000000000001 0.8487500000000001 0.7575000000000001 0.8487500000000001 0.7575000000000001 0.86625 0.7775000000000001 0.86625 0.7775000000000001 0.8487500000000001
5 0.6325000000000001 0.84375 0.625 0.84375 0.625 0.85875 0.6325000000000001 0.85875 0.6325000000000001 0.84375
5 0.6875 0.725 0.6775 0.725 0.6775 0.73 0.6875 0.73 0.6875 0.725