5 0.17250000000000001 0.9525 0.1525 0.9525 0.1525 0.9625 0.17250000000000001 0.9625 0.17250000000000001 0.9525
5 0.16875 0.9412499999999999 0.14875 0.9412499999999999 0.14875 0.95375 0.16875 0.95375 0.16875 0.9412499999999999
5 0.1275 0.9237500000000001 0.11750000000000001 0.9237500000000001 0.11750000000000001 0.93875 0.1275 0.93875 0.1275 0.9237500000000001
5 0.10124999999999999 0.98375 0.08125 0.98375 0.08125 0.9962500000000001 0.10124999999999999 0.9962500000000001 0.10124999999999999 0.98375
5 0.1 0.9712500000000001 0.0775 0.9712500000000001 0.0775 0.98375 0.1 0.98375 0.1 0.9712500000000001
5 0.09375 0.9637499999999999 0.07375000000000001 0.9637499999999999 0.07375000000000001 0.9737500000000001 0.09375 0.9737500000000001 0.09375 0.9637499999999999
5 0.6425 0.8949999999999999 0.6224999999999999 0.8949999999999999 0.6224999999999999 0.9099999999999999 0.6425 0.9099999999999999 0.6425 0.8949999999999999
5 0.61125 0.9112500000000001 0.58375 0.9112500000000001 0.58375 0.93125 0.61125 0.93125 0.61125 0.9112500000000001
5 0.43375 0.93 0.41624999999999995 0.93 0.41624999999999995 0.945 0.43375 0.945 0.43375 0.93
5 0.8074999999999999 0.8324999999999999 0.7975 0.8324999999999999 0.7975 0.85 0.8074999999999999 0.85 0.8074999999999999 0.8324999999999999
5 0.44375 0.48375 0.42374999999999996 0.48375 0.42374999999999996 0.49625 0.44375 0.49625 0.44375 0.48375
5 0.88375 0.82125 0.87375 0.82125 0.87375 0.83625 0.88375 0.83625 0.88375 0.82125
5 0.5862499999999999 0.92125 0.56125 0.92125 0.56125 0.93625 0.5862499999999999 0.93625 0.5862499999999999 0.92125
5 0.52125 0.9375 0.5037499999999999 0.9375 0.5037499999999999 0.95 0.52125 0.95 0.52125 0.9375
5 0.47375 0.9550000000000001 0.40625 0.9550000000000001 0.40625 0.9875 0.47375 0.9875 0.47375 0.9550000000000001
5 0.11625 0.9349999999999999 0.10375000000000001 0.9349999999999999 0.10375000000000001 0.9525 0.11625 0.9525 0.11625 0.9349999999999999
5 0.1075 0.9112500000000001 0.095 0.9112500000000001 0.095 0.9262499999999999 0.1075 0.9262499999999999 0.1075 0.9112500000000001
5 0.135 0.8637499999999999 0.12250000000000001 0.8637499999999999 0.12250000000000001 0.88125 0.135 0.88125 0.135 0.8637499999999999
5 0.11499999999999999 0.8262499999999999 0.0975 0.8262499999999999 0.0975 0.8387499999999999 0.11499999999999999 0.8387499999999999 0.11499999999999999 0.8262499999999999
5 0.8175000000000001 0.9550000000000001 0.78 0.9550000000000001 0.78 0.975 0.8175000000000001 0.975 0.8175000000000001 0.9550000000000001