5 0.31 0.07125000000000001 0.3 0.07125000000000001 0.3 0.08875 0.31 0.08875 0.31 0.07125000000000001
5 0.725 0.22749999999999998 0.71 0.22749999999999998 0.71 0.24 0.725 0.24 0.725 0.22749999999999998
5 0.7125 0.2325 0.6975 0.2325 0.6975 0.2475 0.7125 0.2475 0.7125 0.2325
5 0.6925 0.2425 0.675 0.2425 0.675 0.2575 0.6925 0.2575 0.6925 0.2425
5 0.6837500000000001 0.24874999999999997 0.6637500000000001 0.24874999999999997 0.6637500000000001 0.26125 0.6837500000000001 0.26125 0.6837500000000001 0.24874999999999997
5 0.67875 0.25875 0.66125 0.25875 0.66125 0.26875 0.67875 0.26875 0.67875 0.25875
5 0.195 0.3825 0.1825 0.3825 0.1825 0.3975 0.195 0.3975 0.195 0.3825
5 0.82 0.89875 0.8025 0.89875 0.8025 0.9112500000000001 0.82 0.9112500000000001 0.82 0.89875
5 0.85125 0.75625 0.8412499999999999 0.75625 0.8412499999999999 0.77125 0.85125 0.77125 0.85125 0.75625
5 0.51625 0.605 0.49874999999999997 0.605 0.49874999999999997 0.62 0.51625 0.62 0.51625 0.605
5 0.057499999999999996 0.48624999999999996 0.0375 0.48624999999999996 0.0375 0.49874999999999997 0.057499999999999996 0.49874999999999997 0.057499999999999996 0.48624999999999996
5 0.11875 0.51625 0.10124999999999999 0.51625 0.10124999999999999 0.53125 0.11875 0.53125 0.11875 0.51625
5 0.19624999999999998 0.56875 0.17625 0.56875 0.17625 0.58375 0.19624999999999998 0.58375 0.19624999999999998 0.56875
5 0.20249999999999999 0.545 0.19 0.545 0.19 0.5650000000000001 0.20249999999999999 0.5650000000000001 0.20249999999999999 0.545
5 0.135 0.39875 0.1125 0.39875 0.1125 0.41875 0.135 0.41875 0.135 0.39875
5 0.66875 0.30375 0.66125 0.30375 0.66125 0.31625000000000003 0.66875 0.31625000000000003 0.66875 0.30375
5 0.30874999999999997 0.027500000000000004 0.29874999999999996 0.027500000000000004 0.29874999999999996 0.042499999999999996 0.30874999999999997 0.042499999999999996 0.30874999999999997 0.027500000000000004