5 0.39625 0.07125000000000001 0.37875000000000003 0.07125000000000001 0.37875000000000003 0.08875 0.39625 0.08875 0.39625 0.07125000000000001
5 0.05500000000000001 0.017499999999999998 0.0375 0.017499999999999998 0.0375 0.027500000000000004 0.05500000000000001 0.027500000000000004 0.05500000000000001 0.017499999999999998
5 0.6675 0.9087500000000001 0.6575 0.9087500000000001 0.6575 0.92125 0.6675 0.92125 0.6675 0.9087500000000001
5 0.65625 0.89875 0.64375 0.89875 0.64375 0.91375 0.65625 0.91375 0.65625 0.89875
5 0.66125 0.905 0.65125 0.905 0.65125 0.915 0.66125 0.915 0.66125 0.905
5 0.6799999999999999 0.89625 0.6625 0.89625 0.6625 0.9087500000000001 0.6799999999999999 0.9087500000000001 0.6799999999999999 0.89625
5 0.54125 0.21749999999999997 0.52625 0.21749999999999997 0.52625 0.22999999999999998 0.54125 0.22999999999999998 0.54125 0.21749999999999997
5 0.4625 0.53625 0.4525 0.53625 0.4525 0.55125 0.4625 0.55125 0.4625 0.53625
5 0.69375 0 0.69375 0.01125 0.7162499999999999 0.01125 0.7162499999999999 0 0.69375 0
5 0.45875000000000005 0.39625 0.44375 0.39625 0.44375 0.41375 0.45875000000000005 0.41375 0.45875000000000005 0.39625
5 0.40499999999999997 0.0775 0.3875 0.0775 0.3875 0.0975 0.40499999999999997 0.0975 0.40499999999999997 0.0775
5 0.4325 0.30125 0.42000000000000004 0.30125 0.42000000000000004 0.31875 0.4325 0.31875 0.4325 0.30125
5 0.57625 0.8375 0.55625 0.8375 0.55625 0.85 0.57625 0.85 0.57625 0.8375
5 0.515 0.53625 0.5075000000000001 0.53625 0.5075000000000001 0.55125 0.515 0.55125 0.515 0.53625
5 0.46875 0.31625000000000003 0.45625 0.31625000000000003 0.45625 0.33375 0.46875 0.33375 0.46875 0.31625000000000003
5 0.2975 0.92125 0.28250000000000003 0.92125 0.28250000000000003 0.9412499999999999 0.2975 0.9412499999999999 0.2975 0.92125
5 0.37374999999999997 0.795 0.35375 0.795 0.35375 0.8150000000000001 0.37374999999999997 0.8150000000000001 0.37374999999999997 0.795
5 0.5725 0.5900000000000001 0.5549999999999999 0.5900000000000001 0.5549999999999999 0.605 0.5725 0.605 0.5725 0.5900000000000001
5 0.64 0.8887499999999999 0.6275000000000001 0.8887499999999999 0.6275000000000001 0.9087500000000001 0.64 0.9087500000000001 0.64 0.8887499999999999
5 0.575 0.16499999999999998 0.5525 0.16499999999999998 0.5525 0.185 0.575 0.185 0.575 0.16499999999999998
5 0.8825 0.05625 0.865 0.05625 0.865 0.07125000000000001 0.8825 0.07125000000000001 0.8825 0.05625
5 0.43 0.22625 0.40750000000000003 0.22625 0.40750000000000003 0.25125000000000003 0.43 0.25125000000000003 0.43 0.22625
5 0.57625 0.60875 0.54875 0.60875 0.54875 0.61875 0.57625 0.61875 0.57625 0.60875
5 0.9037499999999999 0.05375 0.8887499999999999 0.05375 0.8887499999999999 0.06625 0.9037499999999999 0.06625 0.9037499999999999 0.05375
5 0.94375 0.045 0.91875 0.045 0.91875 0.0625 0.94375 0.0625 0.94375 0.045
5 0.65125 0.8925000000000001 0.63875 0.8925000000000001 0.63875 0.9099999999999999 0.65125 0.9099999999999999 0.65125 0.8925000000000001
5 0.38875000000000004 0.0675 0.37124999999999997 0.0675 0.37124999999999997 0.08499999999999999 0.38875000000000004 0.08499999999999999 0.38875000000000004 0.0675
5 0.48 0.35 0.47000000000000003 0.35 0.47000000000000003 0.365 0.48 0.365 0.48 0.35
5 0.7275 0.01 0.7075 0.01 0.7075 0.027500000000000004 0.7275 0.027500000000000004 0.7275 0.01
5 0.24874999999999997 0 0.24874999999999997 0.013750000000000002 0.26375000000000004 0.013750000000000002 0.26375000000000004 0 0.24874999999999997 0
5 0.9087500000000001 0.0725 0.8887499999999999 0.0725 0.8887499999999999 0.0875 0.9087500000000001 0.0875 0.9087500000000001 0.0725
5 0.6012500000000001 0.155 0.58875 0.155 0.58875 0.1675 0.6012500000000001 0.1675 0.6012500000000001 0.155
5 0.8387499999999999 0.74375 0.82125 0.74375 0.82125 0.75625 0.8387499999999999 0.75625 0.8387499999999999 0.74375
5 0.25625 0.8087500000000001 0.23875000000000002 0.8087500000000001 0.23875000000000002 0.83375 0.25625 0.83375 0.25625 0.8087500000000001
5 0.1075 0 0.1075 0.021249999999999998 0.13 0.021249999999999998 0.13 0 0.1075 0