5 0.43624999999999997 0.0075 0.40625 0.0075 0.40625 0.025 0.43624999999999997 0.025 0.43624999999999997 0.0075
5 0.48624999999999996 0.00625 0.46875 0.00625 0.46875 0.021249999999999998 0.48624999999999996 0.021249999999999998 0.48624999999999996 0.00625
5 0.49375 0.028749999999999998 0.46624999999999994 0.028749999999999998 0.46624999999999994 0.04375 0.49375 0.04375 0.49375 0.028749999999999998
5 0.51875 0.01875 0.48875 0.01875 0.48875 0.03875 0.51875 0.03875 0.51875 0.01875
5 0.62 0.00625 0.6025 0.00625 0.6025 0.01875 0.62 0.01875 0.62 0.00625
5 0.63375 0.00625 0.61375 0.00625 0.61375 0.02375 0.63375 0.02375 0.63375 0.00625
5 0.64375 0.008749999999999999 0.62375 0.008749999999999999 0.62375 0.028749999999999998 0.64375 0.028749999999999998 0.64375 0.008749999999999999
5 0.60625 0.04625 0.58875 0.04625 0.58875 0.06375 0.60625 0.06375 0.60625 0.04625
5 0.6174999999999999 0.05 0.6 0.05 0.6 0.0675 0.6174999999999999 0.0675 0.6174999999999999 0.05
5 0.57875 0.10500000000000001 0.55125 0.10500000000000001 0.55125 0.11750000000000001 0.57875 0.11750000000000001 0.57875 0.10500000000000001
5 0.94375 0.08249999999999999 0.92125 0.08249999999999999 0.92125 0.095 0.94375 0.095 0.94375 0.08249999999999999