5 0.2925 0.4725 0.2425 0.4725 0.2425 0.5025000000000001 0.2925 0.5025000000000001 0.2925 0.4725
5 0.46125 0.48 0.41875 0.48 0.41875 0.5075000000000001 0.46125 0.5075000000000001 0.46125 0.48
5 0.057499999999999996 0.50875 0.034999999999999996 0.50875 0.034999999999999996 0.52125 0.057499999999999996 0.52125 0.057499999999999996 0.50875
5 0.0625 0.52 0.04 0.52 0.04 0.53 0.0625 0.53 0.0625 0.52
5 0.06375 0.53125 0.04375 0.53125 0.04375 0.54125 0.06375 0.54125 0.06375 0.53125
5 0.07125000000000001 0.54125 0.04625 0.54125 0.04625 0.55375 0.07125000000000001 0.55375 0.07125000000000001 0.54125
5 0.16 0.6075 0.12250000000000001 0.6075 0.12250000000000001 0.6375 0.16 0.6375 0.16 0.6075
5 0.0225 0.40125 0.0025 0.40125 0.0025 0.41624999999999995 0.0225 0.41624999999999995 0.0225 0.40125
5 0.07875 0.42750000000000005 0.058750000000000004 0.42750000000000005 0.058750000000000004 0.44000000000000006 0.07875 0.44000000000000006 0.07875 0.42750000000000005
5 0.76875 0.68625 0.74875 0.68625 0.74875 0.69875 0.76875 0.69875 0.76875 0.68625
5 0.8699999999999999 0.74375 0.85 0.74375 0.85 0.75875 0.8699999999999999 0.75875 0.8699999999999999 0.74375
5 0.08125 0.86625 0.013750000000000002 0.86625 0.013750000000000002 0.90625 0.08125 0.90625 0.08125 0.86625
5 0.0725 0.9125 0.045 0.9125 0.045 0.93 0.0725 0.93 0.0725 0.9125