5 0.20875 0.9724999999999999 0.19125 0.9724999999999999 0.19125 0.9800000000000001 0.20875 0.9800000000000001 0.20875 0.9724999999999999
5 0.5 0.9724999999999999 0.48 0.9724999999999999 0.48 0.9800000000000001 0.5 0.9800000000000001 0.5 0.9724999999999999
5 0.6725 0.7075 0.655 0.7075 0.655 0.7175 0.6725 0.7175 0.6725 0.7075
5 0.37875000000000003 0.71 0.35125 0.71 0.35125 0.72 0.37875000000000003 0.72 0.37875000000000003 0.71
5 0.49625 0.71875 0.47375 0.71875 0.47375 0.7262500000000001 0.49625 0.7262500000000001 0.49625 0.71875
5 0.705 0.69875 0.6799999999999999 0.69875 0.6799999999999999 0.70375 0.705 0.70375 0.705 0.69875
5 0.86625 0.71375 0.8462500000000001 0.71375 0.8462500000000001 0.7212500000000001 0.86625 0.7212500000000001 0.86625 0.71375
5 0.51125 0.605 0.49375 0.605 0.49375 0.6125 0.51125 0.6125 0.51125 0.605
5 0.42625 0.7325 0.41125 0.7325 0.41125 0.74 0.42625 0.74 0.42625 0.7325
5 0.09125 0.6525000000000001 0.07375000000000001 0.6525000000000001 0.07375000000000001 0.6599999999999999 0.09125 0.6599999999999999 0.09125 0.6525000000000001
5 0.7424999999999999 0.615 0.72 0.615 0.72 0.625 0.7424999999999999 0.625 0.7424999999999999 0.615
5 0.23875000000000002 0.97 0.21625 0.97 0.21625 0.9800000000000001 0.23875000000000002 0.9800000000000001 0.23875000000000002 0.97
5 0.84375 0.9637499999999999 0.8262499999999999 0.9637499999999999 0.8262499999999999 0.9712500000000001 0.84375 0.9712500000000001 0.84375 0.9637499999999999
5 0.9724999999999999 0.805 0.9574999999999999 0.805 0.9574999999999999 0.82 0.9724999999999999 0.82 0.9724999999999999 0.805
5 0.325 0.76125 0.3175 0.76125 0.3175 0.7737499999999999 0.325 0.7737499999999999 0.325 0.76125
5 0.41500000000000004 0.5974999999999999 0.395 0.5974999999999999 0.395 0.6075 0.41500000000000004 0.6075 0.41500000000000004 0.5974999999999999
5 0.68875 0.5825 0.66625 0.5825 0.66625 0.595 0.68875 0.595 0.68875 0.5825
5 0.48875 0.7075 0.46875 0.7075 0.46875 0.7150000000000001 0.48875 0.7150000000000001 0.48875 0.7075
5 0.32875 0.6875 0.30874999999999997 0.6875 0.30874999999999997 0.7025 0.32875 0.7025 0.32875 0.6875
5 0.58375 0.70375 0.57125 0.70375 0.57125 0.7112499999999999 0.58375 0.7112499999999999 0.58375 0.70375
5 0.57875 0.7275 0.56125 0.7275 0.56125 0.7325 0.57875 0.7325 0.57875 0.7275
5 0.22374999999999998 0.73625 0.19875 0.73625 0.19875 0.75125 0.22374999999999998 0.75125 0.22374999999999998 0.73625
5 0.8099999999999999 0.7175 0.7849999999999999 0.7175 0.7849999999999999 0.725 0.8099999999999999 0.725 0.8099999999999999 0.7175
5 0.5075000000000001 0.95 0.49000000000000005 0.95 0.49000000000000005 0.96 0.5075000000000001 0.96 0.5075000000000001 0.95
5 0.61375 0.5900000000000001 0.5912499999999999 0.5900000000000001 0.5912499999999999 0.6 0.61375 0.6 0.61375 0.5900000000000001
5 0.7525000000000001 0.94375 0.7325 0.94375 0.7325 0.9512499999999999 0.7525000000000001 0.9512499999999999 0.7525000000000001 0.94375
5 0.46875 0.70875 0.44125 0.70875 0.44125 0.71875 0.46875 0.71875 0.46875 0.70875
5 0.04375 0.6425 0.021249999999999998 0.6425 0.021249999999999998 0.65 0.04375 0.65 0.04375 0.6425
5 0.13874999999999998 0.6375 0.11125 0.6375 0.11125 0.645 0.13874999999999998 0.645 0.13874999999999998 0.6375
5 0.395 0.64 0.37 0.64 0.37 0.6525000000000001 0.395 0.6525000000000001 0.395 0.64
5 0.9237500000000001 0.51625 0.9012499999999999 0.51625 0.9012499999999999 0.5287499999999999 0.9237500000000001 0.5287499999999999 0.9237500000000001 0.51625
5 0.51875 0.59375 0.49625 0.59375 0.49625 0.6012500000000001 0.51875 0.6012500000000001 0.51875 0.59375
5 0.865 0.9625 0.8425 0.9625 0.8425 0.9724999999999999 0.865 0.9724999999999999 0.865 0.9625
5 0.96125 0.7825 0.9512499999999999 0.7825 0.9512499999999999 0.795 0.96125 0.795 0.96125 0.7825
5 0.51125 0.7075 0.49124999999999996 0.7075 0.49124999999999996 0.7150000000000001 0.51125 0.7150000000000001 0.51125 0.7075
5 0.195 0.7424999999999999 0.16499999999999998 0.7424999999999999 0.16499999999999998 0.7525000000000001 0.195 0.7525000000000001 0.195 0.7424999999999999
5 0.8462500000000001 0.9737500000000001 0.8262499999999999 0.9737500000000001 0.8262499999999999 0.98375 0.8462500000000001 0.98375 0.8462500000000001 0.9737500000000001
5 0.96 0.81125 0.95 0.81125 0.95 0.8262499999999999 0.96 0.8262499999999999 0.96 0.81125
5 0.7150000000000001 0.56375 0.6950000000000001 0.56375 0.6950000000000001 0.57375 0.7150000000000001 0.57375 0.7150000000000001 0.56375
5 0.9112500000000001 0.7112499999999999 0.8712500000000001 0.7112499999999999 0.8712500000000001 0.7212500000000001 0.9112500000000001 0.7212500000000001 0.9112500000000001 0.7112499999999999
5 0.9887499999999999 0.75 0.97625 0.75 0.97625 0.765 0.9887499999999999 0.765 0.9887499999999999 0.75
5 0.9887499999999999 0.76375 0.9737500000000001 0.76375 0.9737500000000001 0.78125 0.9887499999999999 0.78125 0.9887499999999999 0.76375
5 0.305 0.97 0.29500000000000004 0.97 0.29500000000000004 0.9875 0.305 0.9875 0.305 0.97
5 0.5900000000000001 0.9412499999999999 0.5599999999999999 0.9412499999999999 0.5599999999999999 0.9487500000000001 0.5900000000000001 0.9487500000000001 0.5900000000000001 0.9412499999999999
5 0.32625000000000004 0.7875 0.31625000000000003 0.7875 0.31625000000000003 0.8025 0.32625000000000004 0.8025 0.32625000000000004 0.7875
5 0.9675 0.69625 0.9475 0.69625 0.9475 0.70375 0.9675 0.70375 0.9675 0.69625
5 0.55125 0.60375 0.5387500000000001 0.60375 0.5387500000000001 0.61125 0.55125 0.61125 0.55125 0.60375
5 0.39625 0.9412499999999999 0.37875000000000003 0.9412499999999999 0.37875000000000003 0.9487500000000001 0.39625 0.9487500000000001 0.39625 0.9412499999999999
5 0.7474999999999999 0.975 0.725 0.975 0.725 0.9824999999999999 0.7474999999999999 0.9824999999999999 0.7474999999999999 0.975
5 0.7175 0.9425000000000001 0.6950000000000001 0.9425000000000001 0.6950000000000001 0.9525 0.7175 0.9525 0.7175 0.9425000000000001
5 0.825 0.96125 0.805 0.96125 0.805 0.9737500000000001 0.825 0.9737500000000001 0.825 0.96125
5 0.5625 0.9625 0.515 0.9625 0.515 0.9724999999999999 0.5625 0.9724999999999999 0.5625 0.9625
5 0.28875 0.6325000000000001 0.26875 0.6325000000000001 0.26875 0.6425 0.28875 0.6425 0.28875 0.6325000000000001
5 0.5349999999999999 0.7275 0.51 0.7275 0.51 0.7375 0.5349999999999999 0.7375 0.5349999999999999 0.7275
5 0.45625 0.9637499999999999 0.43375 0.9637499999999999 0.43375 0.9712500000000001 0.45625 0.9712500000000001 0.45625 0.9637499999999999
5 0.3775 0.9412499999999999 0.355 0.9412499999999999 0.355 0.9512499999999999 0.3775 0.9512499999999999 0.3775 0.9412499999999999
5 0.35375 0.9412499999999999 0.32625000000000004 0.9412499999999999 0.32625000000000004 0.9512499999999999 0.35375 0.9512499999999999 0.35375 0.9412499999999999
5 0.76 0.9662499999999999 0.74 0.9662499999999999 0.74 0.9737500000000001 0.76 0.9737500000000001 0.76 0.9662499999999999
5 0.55625 0.7275 0.53625 0.7275 0.53625 0.7375 0.55625 0.7375 0.55625 0.7275
5 0.25375000000000003 0.58875 0.20625 0.58875 0.20625 0.60625 0.25375000000000003 0.60625 0.25375000000000003 0.58875
5 0.9487500000000001 0.70625 0.93125 0.70625 0.93125 0.7112499999999999 0.9487500000000001 0.7112499999999999 0.9487500000000001 0.70625
5 0.075 0.97 0.05 0.97 0.05 0.9775 0.075 0.9775 0.075 0.97
5 0.9112500000000001 0.93875 0.89375 0.93875 0.89375 0.9512499999999999 0.9112500000000001 0.9512499999999999 0.9112500000000001 0.93875
5 0.9875 0.8574999999999999 0.97 0.8574999999999999 0.97 0.875 0.9875 0.875 0.9875 0.8574999999999999
5 0.13874999999999998 0.57125 0.10124999999999999 0.57125 0.10124999999999999 0.5912499999999999 0.13874999999999998 0.5912499999999999 0.13874999999999998 0.57125
5 0.36 0.60375 0.3375 0.60375 0.3375 0.61625 0.36 0.61625 0.36 0.60375
5 0.865 0.6950000000000001 0.8400000000000001 0.6950000000000001 0.8400000000000001 0.7075 0.865 0.7075 0.865 0.6950000000000001
5 0.9925 0.73125 0.975 0.73125 0.975 0.74875 0.9925 0.74875 0.9925 0.73125
5 0.5275000000000001 0.70625 0.5125 0.70625 0.5125 0.71375 0.5275000000000001 0.71375 0.5275000000000001 0.70625
5 0.09 0.97 0.0725 0.97 0.0725 0.9800000000000001 0.09 0.9800000000000001 0.09 0.97
5 0.88375 0.9625 0.86625 0.9625 0.86625 0.9724999999999999 0.88375 0.9724999999999999 0.88375 0.9625
5 0.18 0.9400000000000001 0.16 0.9400000000000001 0.16 0.9475 0.18 0.9475 0.18 0.9400000000000001
5 0.6950000000000001 0.9425000000000001 0.67 0.9425000000000001 0.67 0.95 0.6950000000000001 0.95 0.6950000000000001 0.9425000000000001
5 0.18 0.73875 0.16499999999999998 0.73875 0.16499999999999998 0.74875 0.18 0.74875 0.18 0.73875
5 0.315 0.85 0.3075 0.85 0.3075 0.8625 0.315 0.8625 0.315 0.85
5 0.975 0.7424999999999999 0.96 0.7424999999999999 0.96 0.77 0.975 0.77 0.975 0.7424999999999999
5 0.72 0.7162499999999999 0.7025 0.7162499999999999 0.7025 0.73125 0.72 0.73125 0.72 0.7162499999999999
5 0.1825 0.97 0.16 0.97 0.16 0.9800000000000001 0.1825 0.9800000000000001 0.1825 0.97
5 0.6525000000000001 0.98125 0.6425 0.98125 0.6425 0.99375 0.6525000000000001 0.99375 0.6525000000000001 0.98125
5 0.3775 0.615 0.355 0.615 0.355 0.625 0.3775 0.625 0.3775 0.615
5 0.6075 0.7 0.585 0.7 0.585 0.71 0.6075 0.71 0.6075 0.7
5 0.44875 0.7325 0.43375 0.7325 0.43375 0.7424999999999999 0.44875 0.7424999999999999 0.44875 0.7325
5 0.89125 0.6925 0.86875 0.6925 0.86875 0.7 0.89125 0.7 0.89125 0.6925
5 0.655 0.5862499999999999 0.6325000000000001 0.5862499999999999 0.6325000000000001 0.5962500000000001 0.655 0.5962500000000001 0.655 0.5862499999999999
5 0.96 0.745 0.945 0.745 0.945 0.7775000000000001 0.96 0.7775000000000001 0.96 0.745
5 0.945 0.6375 0.9349999999999999 0.6375 0.9349999999999999 0.655 0.945 0.655 0.945 0.6375
5 0.5325 0.95375 0.51 0.95375 0.51 0.96125 0.5325 0.96125 0.5325 0.95375
5 0.7737499999999999 0.9425000000000001 0.75625 0.9425000000000001 0.75625 0.95 0.7737499999999999 0.95 0.7737499999999999 0.9425000000000001
5 0.73875 0.58375 0.71875 0.58375 0.71875 0.59375 0.73875 0.59375 0.73875 0.58375
5 0.71875 0.9662499999999999 0.69375 0.9662499999999999 0.69375 0.9737500000000001 0.71875 0.9737500000000001 0.71875 0.9662499999999999
5 0.73 0.975 0.7125 0.975 0.7125 0.985 0.73 0.985 0.73 0.975
5 0.23875000000000002 0.93875 0.22125 0.93875 0.22125 0.9487500000000001 0.23875000000000002 0.9487500000000001 0.23875000000000002 0.93875
5 0.14250000000000002 0.74125 0.11750000000000001 0.74125 0.11750000000000001 0.7537499999999999 0.14250000000000002 0.7537499999999999 0.14250000000000002 0.74125
5 0.9862500000000001 0.89 0.9737500000000001 0.89 0.9737500000000001 0.905 0.9862500000000001 0.905 0.9862500000000001 0.89
5 0.0325 0.6275000000000001 0.01 0.6275000000000001 0.01 0.64 0.0325 0.64 0.0325 0.6275000000000001
5 0.89 0.95375 0.8724999999999999 0.95375 0.8724999999999999 0.96125 0.89 0.96125 0.89 0.95375
5 0.5587500000000001 0.9425000000000001 0.5387500000000001 0.9425000000000001 0.5387500000000001 0.95 0.5587500000000001 0.95 0.5587500000000001 0.9425000000000001
5 0.93 0.6900000000000001 0.9099999999999999 0.6900000000000001 0.9099999999999999 0.7025 0.93 0.7025 0.93 0.6900000000000001
5 0.635 0.5700000000000001 0.6125 0.5700000000000001 0.6125 0.58 0.635 0.58 0.635 0.5700000000000001
5 0.23875000000000002 0.74 0.21625 0.74 0.21625 0.7474999999999999 0.23875000000000002 0.7474999999999999 0.23875000000000002 0.74
5 0.375 0.975 0.35750000000000004 0.975 0.35750000000000004 0.9800000000000001 0.375 0.9800000000000001 0.375 0.975
5 0.55375 0.95375 0.53625 0.95375 0.53625 0.95875 0.55375 0.95875 0.55375 0.95375
5 0.0875 0.745 0.0675 0.745 0.0675 0.755 0.0875 0.755 0.0875 0.745
5 0.98375 0.7975 0.96875 0.7975 0.96875 0.8175000000000001 0.98375 0.8175000000000001 0.98375 0.7975
5 0.5662499999999999 0.6025 0.55125 0.6025 0.55125 0.61 0.5662499999999999 0.61 0.5662499999999999 0.6025
5 0.5700000000000001 0.70375 0.5549999999999999 0.70375 0.5549999999999999 0.7112499999999999 0.5700000000000001 0.7112499999999999 0.5700000000000001 0.70375
5 0.76875 0.9512499999999999 0.7462500000000001 0.9512499999999999 0.7462500000000001 0.96125 0.76875 0.96125 0.76875 0.9512499999999999
5 0.60375 0.95375 0.58125 0.95375 0.58125 0.9637499999999999 0.60375 0.9637499999999999 0.60375 0.95375
5 0.26 0.735 0.2325 0.735 0.2325 0.7474999999999999 0.26 0.7474999999999999 0.26 0.735
5 0.96 0.64 0.945 0.64 0.945 0.655 0.96 0.655 0.96 0.64
5 0.7212500000000001 0.5725 0.70375 0.5725 0.70375 0.5825 0.7212500000000001 0.5825 0.7212500000000001 0.5725
5 0.7875 0.7162499999999999 0.7625 0.7162499999999999 0.7625 0.72875 0.7875 0.72875 0.7875 0.7162499999999999
5 0.16 0.9712500000000001 0.1375 0.9712500000000001 0.1375 0.98125 0.16 0.98125 0.16 0.9712500000000001
5 0.8262499999999999 0.975 0.81125 0.975 0.81125 0.9824999999999999 0.8262499999999999 0.9824999999999999 0.8262499999999999 0.975
5 0.8787499999999999 0.9724999999999999 0.85625 0.9724999999999999 0.85625 0.985 0.8787499999999999 0.985 0.8787499999999999 0.9724999999999999
5 0.55375 0.70125 0.5287499999999999 0.70125 0.5287499999999999 0.7112499999999999 0.55375 0.7112499999999999 0.55375 0.70125
5 0.6525000000000001 0.59875 0.63 0.59875 0.63 0.60875 0.6525000000000001 0.60875 0.6525000000000001 0.59875
5 0.8412499999999999 0.58 0.82125 0.58 0.82125 0.5900000000000001 0.8412499999999999 0.5900000000000001 0.8412499999999999 0.58
5 0.4 0.70875 0.375 0.70875 0.375 0.7212500000000001 0.4 0.7212500000000001 0.4 0.70875
5 0.475 0.97 0.4575 0.97 0.4575 0.9800000000000001 0.475 0.9800000000000001 0.475 0.97
5 0.645 0.74375 0.63 0.74375 0.63 0.75875 0.645 0.75875 0.645 0.74375
5 0.585 0.5900000000000001 0.5625 0.5900000000000001 0.5625 0.5974999999999999 0.585 0.5974999999999999 0.585 0.5900000000000001
5 0.6174999999999999 0.725 0.6 0.725 0.6 0.7325 0.6174999999999999 0.7325 0.6174999999999999 0.725
5 0.63875 0.76 0.63125 0.76 0.63125 0.7725 0.63875 0.7725 0.63875 0.76
5 0.64125 0.79625 0.6287499999999999 0.79625 0.6287499999999999 0.8087500000000001 0.64125 0.8087500000000001 0.64125 0.79625
5 0.7375 0.9625 0.72 0.9625 0.72 0.97 0.7375 0.97 0.7375 0.9625
5 0.57875 0.9550000000000001 0.5587500000000001 0.9550000000000001 0.5587500000000001 0.96 0.57875 0.96 0.57875 0.9550000000000001
5 0.48 0.59375 0.45499999999999996 0.59375 0.45499999999999996 0.60625 0.48 0.60625 0.48 0.59375
5 0.6425 0.8425 0.63 0.8425 0.63 0.8574999999999999 0.6425 0.8574999999999999 0.6425 0.8425
5 0.095 0.9400000000000001 0.06999999999999999 0.9400000000000001 0.06999999999999999 0.9475 0.095 0.9475 0.095 0.9400000000000001
5 0.49124999999999996 0.73125 0.47625 0.73125 0.47625 0.73625 0.49124999999999996 0.73625 0.49124999999999996 0.73125
5 0.43624999999999997 0.70625 0.40875000000000006 0.70625 0.40875000000000006 0.71875 0.43624999999999997 0.71875 0.43624999999999997 0.70625
5 0.8237500000000001 0.6950000000000001 0.8087500000000001 0.6950000000000001 0.8087500000000001 0.7025 0.8237500000000001 0.7025 0.8237500000000001 0.6950000000000001
5 0.39875 0.97 0.37625000000000003 0.97 0.37625000000000003 0.9824999999999999 0.39875 0.9824999999999999 0.39875 0.97
5 0.8712500000000001 0.9512499999999999 0.8462500000000001 0.9512499999999999 0.8462500000000001 0.96125 0.8712500000000001 0.96125 0.8712500000000001 0.9512499999999999
5 0.10375000000000001 0.74125 0.08875 0.74125 0.08875 0.7537499999999999 0.10375000000000001 0.7537499999999999 0.10375000000000001 0.74125
5 0.58375 0.9675 0.5662499999999999 0.9675 0.5662499999999999 0.975 0.58375 0.975 0.58375 0.9675
5 0.67625 0.5974999999999999 0.6587500000000001 0.5974999999999999 0.6587500000000001 0.605 0.67625 0.605 0.67625 0.5974999999999999
5 0.225 0.64125 0.20750000000000002 0.64125 0.20750000000000002 0.6487499999999999 0.225 0.6487499999999999 0.225 0.64125
5 0.77 0.69625 0.7474999999999999 0.69625 0.7474999999999999 0.70625 0.77 0.70625 0.77 0.69625
5 0.43875000000000003 0.9375 0.41875 0.9375 0.41875 0.9525 0.43875000000000003 0.9525 0.43875000000000003 0.9375
5 0.60875 0.9400000000000001 0.58875 0.9400000000000001 0.58875 0.95 0.60875 0.95 0.60875 0.9400000000000001
5 0.9075 0.9574999999999999 0.89 0.9574999999999999 0.89 0.97 0.9075 0.97 0.9075 0.9574999999999999
5 0.9574999999999999 0.86 0.945 0.86 0.945 0.875 0.9574999999999999 0.875 0.9574999999999999 0.86
5 0.4425 0.60875 0.41500000000000004 0.60875 0.41500000000000004 0.61625 0.4425 0.61625 0.4425 0.60875
5 0.95875 0.9175000000000001 0.94625 0.9175000000000001 0.94625 0.9324999999999999 0.95875 0.9324999999999999 0.95875 0.9175000000000001
5 0.72875 0.59375 0.70625 0.59375 0.70625 0.60375 0.72875 0.60375 0.72875 0.59375
5 0.7112499999999999 0.58375 0.69375 0.58375 0.69375 0.59375 0.7112499999999999 0.59375 0.7112499999999999 0.58375
5 0.56875 0.7150000000000001 0.54875 0.7150000000000001 0.54875 0.7224999999999999 0.56875 0.7224999999999999 0.56875 0.7150000000000001
5 0.40374999999999994 0.7325 0.38625 0.7325 0.38625 0.74 0.40374999999999994 0.74 0.40374999999999994 0.7325
5 0 0.96875 0.04375 0.96875 0.04375 0.95875 0 0.95875 0 0.96875
5 0.10375000000000001 0.9712500000000001 0.08625000000000001 0.9712500000000001 0.08625000000000001 0.97875 0.10375000000000001 0.97875 0.10375000000000001 0.9712500000000001
5 0.7737499999999999 0.975 0.74875 0.975 0.74875 0.9824999999999999 0.7737499999999999 0.9824999999999999 0.7737499999999999 0.975
5 0.825 0.9525 0.7825 0.9525 0.7825 0.9625 0.825 0.9625 0.825 0.9525
5 0.30625 0.5650000000000001 0.28125 0.5650000000000001 0.28125 0.5725 0.30625 0.5725 0.30625 0.5650000000000001
5 0.475 0.73 0.4525 0.73 0.4525 0.74 0.475 0.74 0.475 0.73
5 0.61 0.6012500000000001 0.5875 0.6012500000000001 0.5875 0.60875 0.61 0.60875 0.61 0.6012500000000001
5 0.7675 0.37625000000000003 0.74 0.37625000000000003 0.74 0.38625 0.7675 0.38625 0.7675 0.37625000000000003
5 0.9637499999999999 0.79875 0.9487500000000001 0.79875 0.9487500000000001 0.81375 0.9637499999999999 0.81375 0.9637499999999999 0.79875
5 0.16375 0.7424999999999999 0.14125000000000001 0.7424999999999999 0.14125000000000001 0.7525000000000001 0.16375 0.7525000000000001 0.16375 0.7424999999999999
5 0.2125 0.6287499999999999 0.185 0.6287499999999999 0.185 0.64125 0.2125 0.64125 0.2125 0.6287499999999999
5 0.93 0.9425000000000001 0.9099999999999999 0.9425000000000001 0.9099999999999999 0.9525 0.93 0.9525 0.93 0.9425000000000001
5 0.95875 0.6599999999999999 0.94625 0.6599999999999999 0.94625 0.6775 0.95875 0.6775 0.95875 0.6599999999999999
5 0.32375 0.8324999999999999 0.30625 0.8324999999999999 0.30625 0.8474999999999999 0.32375 0.8474999999999999 0.32375 0.8324999999999999
5 0.32375 0.8074999999999999 0.30874999999999997 0.8074999999999999 0.30874999999999997 0.825 0.32375 0.825 0.32375 0.8074999999999999
5 0.9125 0.97625 0.9 0.97625 0.9 0.9862500000000001 0.9125 0.9862500000000001 0.9125 0.97625
5 0.96125 0.8787499999999999 0.94625 0.8787499999999999 0.94625 0.89375 0.96125 0.89375 0.96125 0.8787499999999999
5 0.9625 0.8300000000000001 0.95 0.8300000000000001 0.95 0.845 0.9625 0.845 0.9625 0.8300000000000001
5 0.1375 0.9400000000000001 0.1125 0.9400000000000001 0.1125 0.9475 0.1375 0.9475 0.1375 0.9400000000000001
5 0.70375 0.7212500000000001 0.6837500000000001 0.7212500000000001 0.6837500000000001 0.72875 0.70375 0.72875 0.70375 0.7212500000000001
5 0.8087500000000001 0.97625 0.78625 0.97625 0.78625 0.98375 0.8087500000000001 0.98375 0.8087500000000001 0.97625
5 0.89 0.9425000000000001 0.875 0.9425000000000001 0.875 0.95 0.89 0.95 0.89 0.9425000000000001
5 0.83375 0.7175 0.81375 0.7175 0.81375 0.7224999999999999 0.83375 0.7224999999999999 0.83375 0.7175
5 0.9375 0.7112499999999999 0.915 0.7112499999999999 0.915 0.71875 0.9375 0.71875 0.9375 0.7112499999999999
5 0.42125 0.97 0.39875 0.97 0.39875 0.9800000000000001 0.42125 0.9800000000000001 0.42125 0.97
5 0.60875 0.96875 0.58875 0.96875 0.58875 0.97875 0.60875 0.97875 0.60875 0.96875
5 0.7875 0.9512499999999999 0.7675 0.9512499999999999 0.7675 0.9637499999999999 0.7875 0.9637499999999999 0.7875 0.9512499999999999
5 0.78 0.9637499999999999 0.7625 0.9637499999999999 0.7625 0.9737500000000001 0.78 0.9737500000000001 0.78 0.9637499999999999
5 0.06875 0.62375 0.04875 0.62375 0.04875 0.63375 0.06875 0.63375 0.06875 0.62375
5 0.9075 0.6912499999999999 0.8949999999999999 0.6912499999999999 0.8949999999999999 0.70125 0.9075 0.70125 0.9075 0.6912499999999999
5 0.63875 0.7775000000000001 0.6287499999999999 0.7775000000000001 0.6287499999999999 0.795 0.63875 0.795 0.63875 0.7775000000000001
5 0.27375 0.97 0.24625 0.97 0.24625 0.9800000000000001 0.27375 0.9800000000000001 0.27375 0.97
5 0.41500000000000004 0.9412499999999999 0.3975 0.9412499999999999 0.3975 0.95375 0.41500000000000004 0.95375 0.41500000000000004 0.9412499999999999
5 0.80375 0.9625 0.78625 0.9625 0.78625 0.9724999999999999 0.80375 0.9724999999999999 0.80375 0.9625
5 0.51875 0.96 0.47874999999999995 0.96 0.47874999999999995 0.9724999999999999 0.51875 0.9724999999999999 0.51875 0.96
5 0.99 0.6125 0.9724999999999999 0.6125 0.9724999999999999 0.625 0.99 0.625 0.99 0.6125
5 0.70625 0.595 0.68625 0.595 0.68625 0.605 0.70625 0.605 0.70625 0.595
5 0.7875 0.5875 0.7675 0.5875 0.7675 0.595 0.7875 0.595 0.7875 0.5875
5 0.59875 0.7262500000000001 0.58125 0.7262500000000001 0.58125 0.73125 0.59875 0.73125 0.59875 0.7262500000000001
5 0.13999999999999999 0.9712500000000001 0.12 0.9712500000000001 0.12 0.98375 0.13999999999999999 0.98375 0.13999999999999999 0.9712500000000001
5 0.7887500000000001 0.975 0.77125 0.975 0.77125 0.9824999999999999 0.7887500000000001 0.9824999999999999 0.7887500000000001 0.975
5 0.8474999999999999 0.9512499999999999 0.8275 0.9512499999999999 0.8275 0.96125 0.8474999999999999 0.96125 0.8474999999999999 0.9512499999999999
5 0.41375 0.95875 0.37374999999999997 0.95875 0.37374999999999997 0.9712500000000001 0.41375 0.9712500000000001 0.41375 0.95875
5 0.53625 0.9400000000000001 0.48375 0.9400000000000001 0.48375 0.95 0.53625 0.95 0.53625 0.9400000000000001
5 0.05125 0.96875 0.028749999999999998 0.96875 0.028749999999999998 0.97875 0.05125 0.97875 0.05125 0.96875
5 0.12 0.9712500000000001 0.1 0.9712500000000001 0.1 0.98375 0.12 0.98375 0.12 0.9712500000000001
5 0.71 0.9737500000000001 0.6849999999999999 0.9737500000000001 0.6849999999999999 0.98375 0.71 0.98375 0.71 0.9737500000000001
5 0.1275 0.74125 0.1025 0.74125 0.1025 0.75625 0.1275 0.75625 0.1275 0.74125
5 0.29125 0.6174999999999999 0.26625 0.6174999999999999 0.26625 0.63 0.29125 0.63 0.29125 0.6174999999999999
5 0.755 0.5912499999999999 0.7375 0.5912499999999999 0.7375 0.59875 0.755 0.59875 0.755 0.5912499999999999
5 0.51 0.72875 0.495 0.72875 0.495 0.73625 0.51 0.73625 0.51 0.72875
5 0.74125 0.72 0.72375 0.72 0.72375 0.7275 0.74125 0.7275 0.74125 0.72
5 0.76375 0.7175 0.74125 0.7175 0.74125 0.7275 0.76375 0.7275 0.76375 0.7175
5 0.7462500000000001 0.69625 0.7262500000000001 0.69625 0.7262500000000001 0.70875 0.7462500000000001 0.70875 0.7462500000000001 0.69625
5 0.35375 0.97 0.33625 0.97 0.33625 0.9800000000000001 0.35375 0.9800000000000001 0.35375 0.97
5 0.875 0.945 0.86 0.945 0.86 0.95 0.875 0.95 0.875 0.945
5 0.8975 0.9737500000000001 0.8825 0.9737500000000001 0.8825 0.9862500000000001 0.8975 0.9862500000000001 0.8975 0.9737500000000001
5 0.26625 0.9412499999999999 0.24375 0.9412499999999999 0.24375 0.9487500000000001 0.26625 0.9487500000000001 0.26625 0.9412499999999999
5 0.62625 0.7 0.60625 0.7 0.60625 0.7125 0.62625 0.7125 0.62625 0.7