5 0.5325 0.9525 0.515 0.9525 0.515 0.9625 0.5325 0.9625 0.5325 0.9525
5 0.62375 0.9025000000000001 0.59875 0.9025000000000001 0.59875 0.9425000000000001 0.62375 0.9425000000000001 0.62375 0.9025000000000001
5 0.7825 0.8225 0.77 0.8225 0.77 0.8375 0.7825 0.8375 0.7825 0.8225
5 0.49375 0.95 0.47625 0.95 0.47625 0.9625 0.49375 0.9625 0.49375 0.95
5 0.9425000000000001 0.61375 0.9175000000000001 0.61375 0.9175000000000001 0.61875 0.9425000000000001 0.61875 0.9425000000000001 0.61375
5 0.43875000000000003 0.97875 0.42374999999999996 0.97875 0.42374999999999996 0.99125 0.43875000000000003 0.99125 0.43875000000000003 0.97875
5 0.95875 0.57625 0.9337500000000001 0.57625 0.9337500000000001 0.5862499999999999 0.95875 0.5862499999999999 0.95875 0.57625
5 0.93875 0.7075 0.9262499999999999 0.7075 0.9262499999999999 0.7224999999999999 0.93875 0.7224999999999999 0.93875 0.7075
5 0.5525 0.79 0.5325 0.79 0.5325 0.8025 0.5525 0.8025 0.5525 0.79
5 0.6637500000000001 0.17250000000000001 0.6537499999999999 0.17250000000000001 0.6537499999999999 0.185 0.6637500000000001 0.185 0.6637500000000001 0.17250000000000001
5 0.83625 0.2975 0.81375 0.2975 0.81375 0.3125 0.83625 0.3125 0.83625 0.2975
5 0.94625 0.6912499999999999 0.93125 0.6912499999999999 0.93125 0.70625 0.94625 0.70625 0.94625 0.6912499999999999
5 0.52125 0.94375 0.49874999999999997 0.94375 0.49874999999999997 0.9512499999999999 0.52125 0.9512499999999999 0.52125 0.94375
5 0.47625 0.09 0.46375 0.09 0.46375 0.1025 0.47625 0.1025 0.47625 0.09
5 0 0.3825 0.01 0.3825 0.01 0.37 0 0.37 0 0.3825
5 0.445 0.62 0.425 0.62 0.425 0.635 0.445 0.635 0.445 0.62
5 0.4525 0.07625 0.4375 0.07625 0.4375 0.09125 0.4525 0.09125 0.4525 0.07625
5 0.45999999999999996 0.96875 0.445 0.96875 0.445 0.97875 0.45999999999999996 0.97875 0.45999999999999996 0.96875
5 0.01875 0.3525 0.00125 0.3525 0.00125 0.3675 0.01875 0.3675 0.01875 0.3525
5 0.29874999999999996 0.20125 0.28125 0.20125 0.28125 0.21875 0.29874999999999996 0.21875 0.29874999999999996 0.20125
5 0.6637500000000001 0.13374999999999998 0.64625 0.13374999999999998 0.64625 0.15125 0.6637500000000001 0.15125 0.6637500000000001 0.13374999999999998
5 0.99375 0.00125 0.9712500000000001 0.00125 0.9712500000000001 0.02375 0.99375 0.02375 0.99375 0.00125
5 0.925 0.40499999999999997 0.9075 0.40499999999999997 0.9075 0.42000000000000004 0.925 0.42000000000000004 0.925 0.40499999999999997
5 0.96125 0.5575 0.93875 0.5575 0.93875 0.5675 0.96125 0.5675 0.96125 0.5575
5 0.9737500000000001 0.5337500000000001 0.94625 0.5337500000000001 0.94625 0.54625 0.9737500000000001 0.54625 0.9737500000000001 0.5337500000000001
5 0.9525 0.04625 0.9324999999999999 0.04625 0.9324999999999999 0.06625 0.9525 0.06625 0.9525 0.04625
5 0.95875 0.5650000000000001 0.93625 0.5650000000000001 0.93625 0.5725 0.95875 0.5725 0.95875 0.5650000000000001
5 0.9862500000000001 0.5599999999999999 0.9737500000000001 0.5599999999999999 0.9737500000000001 0.5775 0.9862500000000001 0.5775 0.9862500000000001 0.5599999999999999
5 0.61375 0.7175 0.59375 0.7175 0.59375 0.73 0.61375 0.73 0.61375 0.7175
5 0.7849999999999999 0.40374999999999994 0.77 0.40374999999999994 0.77 0.41875 0.7849999999999999 0.41875 0.7849999999999999 0.40374999999999994
5 0.87375 0.53 0.85875 0.53 0.85875 0.5475 0.87375 0.5475 0.87375 0.53
5 0.95 0.5974999999999999 0.9275 0.5974999999999999 0.9275 0.605 0.95 0.605 0.95 0.5974999999999999
5 0.47625 0.95875 0.45875000000000005 0.95875 0.45875000000000005 0.9737500000000001 0.47625 0.9737500000000001 0.47625 0.95875
5 0.9425000000000001 0.63125 0.9275 0.63125 0.9275 0.6487499999999999 0.9425000000000001 0.6487499999999999 0.9425000000000001 0.63125
5 0.55375 0.85625 0.5287499999999999 0.85625 0.5287499999999999 0.8787499999999999 0.55375 0.8787499999999999 0.55375 0.85625
5 0.8775000000000001 0.85625 0.86 0.85625 0.86 0.86875 0.8775000000000001 0.86875 0.8775000000000001 0.85625
5 0.44000000000000006 0.0725 0.425 0.0725 0.425 0.0875 0.44000000000000006 0.0875 0.44000000000000006 0.0725
5 0.7825 0.37875000000000003 0.765 0.37875000000000003 0.765 0.39875 0.7825 0.39875 0.7825 0.37875000000000003
5 0.50625 0.95875 0.48624999999999996 0.95875 0.48624999999999996 0.9712500000000001 0.50625 0.9712500000000001 0.50625 0.95875
5 0.46125 0.08249999999999999 0.44875 0.08249999999999999 0.44875 0.0925 0.46125 0.0925 0.46125 0.08249999999999999
5 0.9650000000000001 0.55 0.9375 0.55 0.9375 0.5599999999999999 0.9650000000000001 0.5599999999999999 0.9650000000000001 0.55
5 0 0.38875000000000004 0.02 0.38875000000000004 0.02 0.38125 0 0.38125 0 0.38875000000000004
5 0.8925000000000001 0.22749999999999998 0.8699999999999999 0.22749999999999998 0.8699999999999999 0.25 0.8925000000000001 0.25 0.8925000000000001 0.22749999999999998
5 0.8175000000000001 0.35 0.8 0.35 0.8 0.37 0.8175000000000001 0.37 0.8175000000000001 0.35
5 0.9662499999999999 0.6912499999999999 0.94375 0.6912499999999999 0.94375 0.69875 0.9662499999999999 0.69875 0.9662499999999999 0.6912499999999999
5 0.7375 0.9324999999999999 0.725 0.9324999999999999 0.725 0.9475 0.7375 0.9475 0.7375 0.9324999999999999
5 0.96875 0.54375 0.94375 0.54375 0.94375 0.55125 0.96875 0.55125 0.96875 0.54375
5 0.62625 0.76625 0.60625 0.76625 0.60625 0.79125 0.62625 0.79125 0.62625 0.76625
5 0.025 0.34875 0.0125 0.34875 0.0125 0.36124999999999996 0.025 0.36124999999999996 0.025 0.34875
5 0.27625 0.21375000000000002 0.26125 0.21375000000000002 0.26125 0.22875 0.27625 0.22875 0.27625 0.21375000000000002
5 0.93 0.635 0.905 0.635 0.905 0.645 0.93 0.645 0.93 0.635
5 0.945 0.6075 0.9225 0.6075 0.9225 0.6125 0.945 0.6125 0.945 0.6075
5 0.6599999999999999 0.6525000000000001 0.645 0.6525000000000001 0.645 0.665 0.6599999999999999 0.665 0.6599999999999999 0.6525000000000001
5 0.5962500000000001 0.37374999999999997 0.5662499999999999 0.37374999999999997 0.5662499999999999 0.41875 0.5962500000000001 0.41875 0.5962500000000001 0.37374999999999997
5 0.9637499999999999 0.025 0.94625 0.025 0.94625 0.04 0.9637499999999999 0.04 0.9637499999999999 0.025
5 0.9525 0.5875 0.9275 0.5875 0.9275 0.5974999999999999 0.9525 0.5974999999999999 0.9525 0.5875
5 0.9650000000000001 0.6837500000000001 0.9475 0.6837500000000001 0.9475 0.6912499999999999 0.9650000000000001 0.6912499999999999 0.9650000000000001 0.6837500000000001
5 0.9349999999999999 0.6275000000000001 0.9099999999999999 0.6275000000000001 0.9099999999999999 0.6375 0.9349999999999999 0.6375 0.9349999999999999 0.6275000000000001
5 0.48250000000000004 0.9737500000000001 0.45999999999999996 0.9737500000000001 0.45999999999999996 0.9887499999999999 0.48250000000000004 0.9887499999999999 0.48250000000000004 0.9737500000000001
5 0.61375 0.32625000000000004 0.58875 0.32625000000000004 0.58875 0.35625 0.61375 0.35625 0.61375 0.32625000000000004
5 0.93 0.13125 0.9099999999999999 0.13125 0.9099999999999999 0.14625 0.93 0.14625 0.93 0.13125
5 0.9925 0.61125 0.9650000000000001 0.61125 0.9650000000000001 0.61875 0.9925 0.61875 0.9925 0.61125
5 0.41875 1 0.41875 0.9887499999999999 0.40125 0.9887499999999999 0.40125 1 0.41875 1
5 0.9475 0.08499999999999999 0.9275 0.08499999999999999 0.9275 0.1025 0.9475 0.1025 0.9475 0.08499999999999999
5 0.9425000000000001 0.61875 0.9125 0.61875 0.9125 0.6287499999999999 0.9425000000000001 0.6287499999999999 0.9425000000000001 0.61875
5 0.42874999999999996 0.63125 0.41125 0.63125 0.41125 0.6487499999999999 0.42874999999999996 0.6487499999999999 0.42874999999999996 0.63125
5 0.46624999999999994 0.08625000000000001 0.45625 0.08625000000000001 0.45625 0.09875 0.46624999999999994 0.09875 0.46624999999999994 0.08625000000000001
5 0.3075 0.18875 0.2925 0.18875 0.2925 0.21375000000000002 0.3075 0.21375000000000002 0.3075 0.18875
5 0.9887499999999999 0.6174999999999999 0.9662499999999999 0.6174999999999999 0.9662499999999999 0.63 0.9887499999999999 0.63 0.9887499999999999 0.6174999999999999
5 0.9650000000000001 0.69875 0.9475 0.69875 0.9475 0.70625 0.9650000000000001 0.70625 0.9650000000000001 0.69875
5 0.44875 0.9875 0.43125 0.9875 0.43125 0.9949999999999999 0.44875 0.9949999999999999 0.44875 0.9875
5 0.6425 0.6950000000000001 0.635 0.6950000000000001 0.635 0.705 0.6425 0.705 0.6425 0.6950000000000001
5 0.99375 0.63625 0.96875 0.63625 0.96875 0.64625 0.99375 0.64625 0.99375 0.63625