5 0.88375 0.6599999999999999 0.85875 0.6599999999999999 0.85875 0.74 0.88375 0.74 0.88375 0.6599999999999999
5 0.86875 0.5775 0.8412499999999999 0.5775 0.8412499999999999 0.6625 0.86875 0.6625 0.86875 0.5775
5 0.55 0.5875 0.5425 0.5875 0.5425 0.5974999999999999 0.55 0.5974999999999999 0.55 0.5875
5 0.55125 0.6012500000000001 0.54125 0.6012500000000001 0.54125 0.61125 0.55125 0.61125 0.55125 0.6012500000000001
5 0.56375 0.74875 0.5587500000000001 0.74875 0.5587500000000001 0.75625 0.56375 0.75625 0.56375 0.74875
5 0.54875 0.9262499999999999 0.54125 0.9262499999999999 0.54125 0.93625 0.54875 0.93625 0.54875 0.9262499999999999
5 0.55125 0.5575 0.54375 0.5575 0.54375 0.5675 0.55125 0.5675 0.55125 0.5575
5 0.5725 0.47375 0.5650000000000001 0.47375 0.5650000000000001 0.48375 0.5725 0.48375 0.5725 0.47375
5 0.57875 0.40625 0.57125 0.40625 0.57125 0.41375 0.57875 0.41375 0.57875 0.40625
5 0.5775 0.42000000000000004 0.5700000000000001 0.42000000000000004 0.5700000000000001 0.42750000000000005 0.5775 0.42750000000000005 0.5775 0.42000000000000004
5 0.59375 0.38625 0.58375 0.38625 0.58375 0.39375 0.59375 0.39375 0.59375 0.38625
5 0.5725 0.38125 0.5650000000000001 0.38125 0.5650000000000001 0.38875000000000004 0.5725 0.38875000000000004 0.5725 0.38125
5 0.575 0.365 0.5675 0.365 0.5675 0.3725 0.575 0.3725 0.575 0.365
5 0.5775 0.34625 0.5700000000000001 0.34625 0.5700000000000001 0.35625 0.5775 0.35625 0.5775 0.34625
5 0.57875 0.32625000000000004 0.57125 0.32625000000000004 0.57125 0.33625 0.57875 0.33625 0.57875 0.32625000000000004
5 0.58375 0.28500000000000003 0.57375 0.28500000000000003 0.57375 0.2975 0.58375 0.2975 0.58375 0.28500000000000003
5 0.5549999999999999 0.51375 0.545 0.51375 0.545 0.5237499999999999 0.5549999999999999 0.5237499999999999 0.5549999999999999 0.51375
5 0.94375 0.90625 0.9112500000000001 0.90625 0.9112500000000001 0.96875 0.94375 0.96875 0.94375 0.90625
5 0.9237500000000001 0.82125 0.89375 0.82125 0.89375 0.9037499999999999 0.9237500000000001 0.9037499999999999 0.9237500000000001 0.82125
5 0.905 0.74125 0.875 0.74125 0.875 0.82125 0.905 0.82125 0.905 0.74125
5 0.8525 0.49625 0.8300000000000001 0.49625 0.8300000000000001 0.57625 0.8525 0.57625 0.8525 0.49625
5 0.8400000000000001 0.41375 0.8225 0.41375 0.8225 0.49874999999999997 0.8400000000000001 0.49874999999999997 0.8400000000000001 0.41375
5 0.8412499999999999 0.3275 0.8162499999999999 0.3275 0.8162499999999999 0.4125 0.8412499999999999 0.4125 0.8412499999999999 0.3275
5 0.8324999999999999 0.2475 0.82 0.2475 0.82 0.3325 0.8324999999999999 0.3325 0.8324999999999999 0.2475
5 0.83625 0.16625 0.8162499999999999 0.16625 0.8162499999999999 0.24625 0.83625 0.24625 0.83625 0.16625
5 0.835 0.08375 0.8175000000000001 0.08375 0.8175000000000001 0.16625 0.835 0.16625 0.835 0.08375
5 0.81875 0 0.81875 0.0875 0.83375 0.0875 0.83375 0 0.81875 0