5 0.9262499999999999 0 0.9262499999999999 0.01 0.98375 0.01 0.98375 0 0.9262499999999999 0
5 0.0925 1 0.0925 0.99 0.08499999999999999 0.99 0.08499999999999999 1 0.0925 1
5 0.16875 0.9550000000000001 0.15125 0.9550000000000001 0.15125 0.9625 0.16875 0.9625 0.16875 0.9550000000000001
5 0.21625 0.95625 0.20875 0.95625 0.20875 0.9712500000000001 0.21625 0.9712500000000001 0.21625 0.95625
5 0.23625 0.9862500000000001 0.23125 0.9862500000000001 0.23125 0.99875 0.23625 0.99875 0.23625 0.9862500000000001
5 0.2225 0.9862500000000001 0.21000000000000002 0.9862500000000001 0.21000000000000002 0.99875 0.2225 0.99875 0.2225 0.9862500000000001
5 0.05625 0.9737500000000001 0.04375 0.9737500000000001 0.04375 0.99125 0.05625 0.99125 0.05625 0.9737500000000001
5 0.08249999999999999 0.975 0.0725 0.975 0.0725 0.9925 0.08249999999999999 0.9925 0.08249999999999999 0.975
5 0.02375 0.99125 0.00625 0.99125 0.00625 0.99875 0.02375 0.99875 0.02375 0.99125
5 0.10874999999999999 0.9349999999999999 0.10124999999999999 0.9349999999999999 0.10124999999999999 0.95 0.10874999999999999 0.95 0.10874999999999999 0.9349999999999999
5 0.22374999999999998 0.95625 0.21625 0.95625 0.21625 0.9712500000000001 0.22374999999999998 0.9712500000000001 0.22374999999999998 0.95625
5 0.10124999999999999 1 0.10124999999999999 0.99125 0.09375 0.99125 0.09375 1 0.10124999999999999 1
5 0.255 1 0.255 0.9887499999999999 0.24500000000000002 0.9887499999999999 0.24500000000000002 1 0.255 1
5 0.20875 0.9862500000000001 0.20375000000000001 0.9862500000000001 0.20375000000000001 0.9962500000000001 0.20875 0.9962500000000001 0.20875 0.9862500000000001
5 0.11875 0.93625 0.11125 0.93625 0.11125 0.9487500000000001 0.11875 0.9487500000000001 0.11875 0.93625
5 0.12125 0.98125 0.11625 0.98125 0.11625 0.9962500000000001 0.12125 0.9962500000000001 0.12125 0.98125
5 0.22999999999999998 0.9550000000000001 0.225 0.9550000000000001 0.225 0.97 0.22999999999999998 0.97 0.22999999999999998 0.9550000000000001
5 0.8487500000000001 0 0.8487500000000001 0.008749999999999999 0.92875 0.008749999999999999 0.92875 0 0.8487500000000001 0
5 0.1275 0.93625 0.12 0.93625 0.12 0.9512499999999999 0.1275 0.9512499999999999 0.1275 0.93625
5 0.38875000000000004 0.605 0.37625000000000003 0.605 0.37625000000000003 0.655 0.38875000000000004 0.655 0.38875000000000004 0.605
5 0.83375 0.20750000000000002 0.81125 0.20750000000000002 0.81125 0.22000000000000003 0.83375 0.22000000000000003 0.83375 0.20750000000000002
5 0.925 0.21125 0.8975 0.21125 0.8975 0.22625 0.925 0.22625 0.925 0.21125
5 0.56375 0.24125000000000002 0.54875 0.24125000000000002 0.54875 0.24874999999999997 0.56375 0.24874999999999997 0.56375 0.24125000000000002
5 0.475 0.26 0.45999999999999996 0.26 0.45999999999999996 0.26749999999999996 0.475 0.26749999999999996 0.475 0.26
5 0.26625 0.23875000000000002 0.25375000000000003 0.23875000000000002 0.25375000000000003 0.24625 0.26625 0.24625 0.26625 0.23875000000000002
5 0.28125 0.24125000000000002 0.27125 0.24125000000000002 0.27125 0.24625 0.28125 0.24625 0.28125 0.24125000000000002
5 0.305 0.2425 0.2925 0.2425 0.2925 0.25 0.305 0.25 0.305 0.2425
5 0.29125 0.2225 0.28125 0.2225 0.28125 0.22999999999999998 0.29125 0.22999999999999998 0.29125 0.2225
5 0.2875 0.215 0.27749999999999997 0.215 0.27749999999999997 0.22000000000000003 0.2875 0.22000000000000003 0.2875 0.215
5 0.37 0.21375000000000002 0.36 0.21375000000000002 0.36 0.22125 0.37 0.22125 0.37 0.21375000000000002
5 0.35375 0.29500000000000004 0.33375 0.29500000000000004 0.33375 0.34249999999999997 0.35375 0.34249999999999997 0.35375 0.29500000000000004
5 0.37 0.32375 0.35 0.32375 0.35 0.36875 0.37 0.36875 0.37 0.32375
5 0.38625 0.38625 0.37625000000000003 0.38625 0.37625000000000003 0.40374999999999994 0.38625 0.40374999999999994 0.38625 0.38625
5 0.39625 0.46749999999999997 0.37374999999999997 0.46749999999999997 0.37374999999999997 0.5125 0.39625 0.5125 0.39625 0.46749999999999997
5 0.40374999999999994 0.5125 0.38375 0.5125 0.38375 0.5575 0.40374999999999994 0.5575 0.40374999999999994 0.5125
5 0.40125 0.61625 0.39375 0.61625 0.39375 0.6287499999999999 0.40125 0.6287499999999999 0.40125 0.61625
5 0.47625 0.7837500000000001 0.46875 0.7837500000000001 0.46875 0.79375 0.47625 0.79375 0.47625 0.7837500000000001
5 0.0625 0.97625 0.05500000000000001 0.97625 0.05500000000000001 0.9887499999999999 0.0625 0.9887499999999999 0.0625 0.97625
5 0.0725 0.9724999999999999 0.0625 0.9724999999999999 0.0625 0.99 0.0725 0.99 0.0725 0.9724999999999999
5 0.1 0.9775 0.09 0.9775 0.09 0.9925 0.1 0.9925 0.1 0.9775
5 0.17375000000000002 0.985 0.16375 0.985 0.16375 0.9974999999999999 0.17375000000000002 0.9974999999999999 0.17375000000000002 0.985
5 0.04625 1 0.04625 0.985 0.03875 0.985 0.03875 1 0.04625 1
5 0.28875 0.76625 0.27875 0.76625 0.27875 0.78125 0.28875 0.78125 0.28875 0.76625
5 0.27 0.78625 0.26 0.78625 0.26 0.8012499999999999 0.27 0.8012499999999999 0.27 0.78625
5 0.26375000000000004 0.8012499999999999 0.25125000000000003 0.8012499999999999 0.25125000000000003 0.8087500000000001 0.26375000000000004 0.8087500000000001 0.26375000000000004 0.8012499999999999
5 0.2525 0.795 0.2425 0.795 0.2425 0.8025 0.2525 0.8025 0.2525 0.795
5 0.25 0.7887500000000001 0.2375 0.7887500000000001 0.2375 0.79625 0.25 0.79625 0.25 0.7887500000000001
5 0.39125 0.9662499999999999 0.36625 0.9662499999999999 0.36625 0.9887499999999999 0.39125 0.9887499999999999 0.39125 0.9662499999999999
5 0.89625 0.2475 0.88375 0.2475 0.88375 0.255 0.89625 0.255 0.89625 0.2475
5 0.90625 0.19624999999999998 0.89375 0.19624999999999998 0.89375 0.20375000000000001 0.90625 0.20375000000000001 0.90625 0.19624999999999998
5 0.2 0.315 0.19 0.315 0.19 0.3225 0.2 0.3225 0.2 0.315
5 0.19 0.305 0.1775 0.305 0.1775 0.3125 0.19 0.3125 0.19 0.305
5 0.01125 0.29874999999999996 0.00125 0.29874999999999996 0.00125 0.30625 0.01125 0.30625 0.01125 0.29874999999999996
5 0.0325 0.305 0.02 0.305 0.02 0.3125 0.0325 0.3125 0.0325 0.305
5 0.05 0.30125 0.0375 0.30125 0.0375 0.31124999999999997 0.05 0.31124999999999997 0.05 0.30125
5 0.065 0.2975 0.052500000000000005 0.2975 0.052500000000000005 0.305 0.065 0.305 0.065 0.2975
5 0.0975 0.31124999999999997 0.0875 0.31124999999999997 0.0875 0.31875 0.0975 0.31875 0.0975 0.31124999999999997
5 0.13999999999999999 0.22625 0.12 0.22625 0.12 0.23875000000000002 0.13999999999999999 0.23875000000000002 0.13999999999999999 0.22625
5 0.1575 0.225 0.145 0.225 0.145 0.2325 0.1575 0.2325 0.1575 0.225
5 0.26749999999999996 0.18 0.26 0.18 0.26 0.1925 0.26749999999999996 0.1925 0.26749999999999996 0.18
5 0.2625 0.20750000000000002 0.24 0.20750000000000002 0.24 0.22000000000000003 0.2625 0.22000000000000003 0.2625 0.20750000000000002
5 0.275 0.17625 0.26749999999999996 0.17625 0.26749999999999996 0.18875 0.275 0.18875 0.275 0.17625
5 0.4425 0.40625 0.43499999999999994 0.40625 0.43499999999999994 0.42125 0.4425 0.42125 0.4425 0.40625
5 0.32375 0.35625 0.31375000000000003 0.35625 0.31375000000000003 0.36625 0.32375 0.36625 0.32375 0.35625
5 0.2225 0.315 0.215 0.315 0.215 0.32 0.2225 0.32 0.2225 0.315
5 0.28125 0.325 0.26875 0.325 0.26875 0.32999999999999996 0.28125 0.32999999999999996 0.28125 0.325
5 0.46125 0.4625 0.45125000000000004 0.4625 0.45125000000000004 0.47750000000000004 0.46125 0.47750000000000004 0.46125 0.4625
5 0.46875 0.54125 0.45875000000000005 0.54125 0.45875000000000005 0.55125 0.46875 0.55125 0.46875 0.54125
5 0.26125 0.78 0.25125000000000003 0.78 0.25125000000000003 0.8 0.26125 0.8 0.26125 0.78
5 0.48125 0.8949999999999999 0.46375 0.8949999999999999 0.46375 0.905 0.48125 0.905 0.48125 0.8949999999999999
5 0.485 0.885 0.4625 0.885 0.4625 0.8975 0.485 0.8975 0.485 0.885
5 0.42000000000000004 0.9025000000000001 0.3975 0.9025000000000001 0.3975 0.9475 0.42000000000000004 0.9475 0.42000000000000004 0.9025000000000001
5 0.16875 0.95 0.16375 0.95 0.16375 0.9625 0.16875 0.9625 0.16875 0.95
5 0.24625 1 0.24625 0.98375 0.23625 0.98375 0.23625 1 0.24625 1
5 0.45125000000000004 0.20375000000000001 0.43875000000000003 0.20375000000000001 0.43875000000000003 0.21125 0.45125000000000004 0.21125 0.45125000000000004 0.20375000000000001
5 0.32125 0.18 0.31375000000000003 0.18 0.31375000000000003 0.1925 0.32125 0.1925 0.32125 0.18
5 0.21875 0.215 0.20375000000000001 0.215 0.20375000000000001 0.22000000000000003 0.21875 0.22000000000000003 0.21875 0.215
5 0.125 0.3125 0.11000000000000001 0.3125 0.11000000000000001 0.32 0.125 0.32 0.125 0.3125
5 0.1075 0.97875 0.1 0.97875 0.1 0.99375 0.1075 0.99375 0.1075 0.97875
5 0.18375 0.9824999999999999 0.17375000000000002 0.9824999999999999 0.17375000000000002 0.9974999999999999 0.18375 0.9974999999999999 0.18375 0.9824999999999999
5 0.19375 0.985 0.18375 0.985 0.18375 0.9974999999999999 0.19375 0.9974999999999999 0.19375 0.985
5 0.11625 0.9824999999999999 0.10625 0.9824999999999999 0.10625 0.9949999999999999 0.11625 0.9949999999999999 0.11625 0.9824999999999999
5 0.20125 0.98375 0.19375 0.98375 0.19375 0.9962500000000001 0.20125 0.9962500000000001 0.20125 0.98375
5 0.4325 0.24 0.39 0.24 0.39 0.27749999999999997 0.4325 0.27749999999999997 0.4325 0.24
5 0.027500000000000004 0.2225 0.015 0.2225 0.015 0.24 0.027500000000000004 0.24 0.027500000000000004 0.2225
5 0.255 0.805 0.2375 0.805 0.2375 0.8099999999999999 0.255 0.8099999999999999 0.255 0.805
5 0.36875 0.3725 0.33625 0.3725 0.33625 0.4175 0.36875 0.4175 0.36875 0.3725
5 0.38875000000000004 0.41500000000000004 0.35875 0.41500000000000004 0.35875 0.45499999999999996 0.38875000000000004 0.45499999999999996 0.38875000000000004 0.41500000000000004
5 0.42750000000000005 0.52125 0.3975 0.52125 0.3975 0.57625 0.42750000000000005 0.57625 0.42750000000000005 0.52125
5 0.4125 0.73875 0.3975 0.73875 0.3975 0.78125 0.4125 0.78125 0.4125 0.73875
5 0.54375 0.21749999999999997 0.53125 0.21749999999999997 0.53125 0.22749999999999998 0.54375 0.22749999999999998 0.54375 0.21749999999999997
5 0.41 0.66625 0.4 0.66625 0.4 0.70375 0.41 0.70375 0.41 0.66625
5 0.38625 0.3625 0.37374999999999997 0.3625 0.37374999999999997 0.38 0.38625 0.38 0.38625 0.3625
5 0.42000000000000004 0.85125 0.3975 0.85125 0.3975 0.9037499999999999 0.42000000000000004 0.9037499999999999 0.42000000000000004 0.85125
5 0.475 0.47625 0.465 0.47625 0.465 0.49124999999999996 0.475 0.49124999999999996 0.475 0.47625
5 0.041249999999999995 0.33125 0.03375 0.33125 0.03375 0.35125 0.041249999999999995 0.35125 0.041249999999999995 0.33125
5 0.41 0.5599999999999999 0.3975 0.5599999999999999 0.3975 0.6125 0.41 0.6125 0.41 0.5599999999999999
5 0.47874999999999995 0.8025 0.47125000000000006 0.8025 0.47125000000000006 0.8150000000000001 0.47874999999999995 0.8150000000000001 0.47874999999999995 0.8025
5 0.92875 0.6275000000000001 0.91625 0.6275000000000001 0.91625 0.64 0.92875 0.64 0.92875 0.6275000000000001
5 0.66875 0.21749999999999997 0.64375 0.21749999999999997 0.64375 0.2325 0.66875 0.2325 0.66875 0.21749999999999997
5 0.7275 0.2125 0.67 0.2125 0.67 0.22749999999999998 0.7275 0.22749999999999998 0.7275 0.2125
5 0.41875 0.60375 0.40625 0.60375 0.40625 0.6537499999999999 0.41875 0.6537499999999999 0.41875 0.60375
5 0.46749999999999997 0.7775000000000001 0.4625 0.7775000000000001 0.4625 0.7875 0.46749999999999997 0.7875 0.46749999999999997 0.7775000000000001
5 0.10874999999999999 0.25375000000000003 0.09375 0.25375000000000003 0.09375 0.26125 0.10874999999999999 0.26125 0.10874999999999999 0.25375000000000003
5 0.925 0.5912499999999999 0.915 0.5912499999999999 0.915 0.61125 0.925 0.61125 0.925 0.5912499999999999
5 0.57125 0.19875 0.53625 0.19875 0.53625 0.21125 0.57125 0.21125 0.57125 0.19875
5 0.45499999999999996 0.20875 0.44000000000000006 0.20875 0.44000000000000006 0.21625 0.45499999999999996 0.21625 0.45499999999999996 0.20875
5 0.18125 0.24500000000000002 0.16125 0.24500000000000002 0.16125 0.2525 0.18125 0.2525 0.18125 0.24500000000000002
5 0.51 0.21749999999999997 0.49000000000000005 0.21749999999999997 0.49000000000000005 0.22999999999999998 0.51 0.22999999999999998 0.51 0.21749999999999997
5 0.05125 0.26375000000000004 0.03625 0.26375000000000004 0.03625 0.27125 0.05125 0.27125 0.05125 0.26375000000000004
5 0.042499999999999996 0.22000000000000003 0.0225 0.22000000000000003 0.0225 0.23500000000000001 0.042499999999999996 0.23500000000000001 0.042499999999999996 0.22000000000000003