5 0.7775000000000001 0.10874999999999999 0.765 0.10874999999999999 0.765 0.12625 0.7775000000000001 0.12625 0.7775000000000001 0.10874999999999999
5 0.20249999999999999 0.6599999999999999 0.18 0.6599999999999999 0.18 0.67 0.20249999999999999 0.67 0.20249999999999999 0.6599999999999999
5 0.83625 0.34125 0.8237500000000001 0.34125 0.8237500000000001 0.35875 0.83625 0.35875 0.83625 0.34125
5 0.96 0.42125 0.905 0.42125 0.905 0.44625000000000004 0.96 0.44625000000000004 0.96 0.42125
5 0.9662499999999999 0.4375 0.9112500000000001 0.4375 0.9112500000000001 0.4575 0.9662499999999999 0.4575 0.9662499999999999 0.4375
5 0.83375 0.3175 0.8162499999999999 0.3175 0.8162499999999999 0.3325 0.83375 0.3325 0.83375 0.3175
5 0.98125 0.1125 0.9737500000000001 0.1125 0.9737500000000001 0.12250000000000001 0.98125 0.12250000000000001 0.98125 0.1125
5 0.41375 0.25125000000000003 0.37875000000000003 0.25125000000000003 0.37875000000000003 0.26625 0.41375 0.26625 0.41375 0.25125000000000003
5 0.52625 0.21375000000000002 0.51375 0.21375000000000002 0.51375 0.22125 0.52625 0.22125 0.52625 0.21375000000000002
5 0.61125 0.23125 0.5912499999999999 0.23125 0.5912499999999999 0.24375 0.61125 0.24375 0.61125 0.23125
5 0.81375 0.30125 0.80625 0.30125 0.80625 0.31124999999999997 0.81375 0.31124999999999997 0.81375 0.30125
5 0.82 0.24125000000000002 0.8074999999999999 0.24125000000000002 0.8074999999999999 0.25375000000000003 0.82 0.25375000000000003 0.82 0.24125000000000002
5 0.70875 0.1925 0.68875 0.1925 0.68875 0.2 0.70875 0.2 0.70875 0.1925
5 0.7375 0.1875 0.7175 0.1875 0.7175 0.2 0.7375 0.2 0.7375 0.1875
5 0.755 0.185 0.735 0.185 0.735 0.195 0.755 0.195 0.755 0.185
5 0.7775000000000001 0.13999999999999999 0.76 0.13999999999999999 0.76 0.17250000000000001 0.7775000000000001 0.17250000000000001 0.7775000000000001 0.13999999999999999
5 0.78625 0.175 0.7787499999999999 0.175 0.7787499999999999 0.1875 0.78625 0.1875 0.78625 0.175
5 0.7975 0.13999999999999999 0.7849999999999999 0.13999999999999999 0.7849999999999999 0.1525 0.7975 0.1525 0.7975 0.13999999999999999
5 0.8 0.11499999999999999 0.7925 0.11499999999999999 0.7925 0.125 0.8 0.125 0.8 0.11499999999999999
5 0.8 0.09875 0.79 0.09875 0.79 0.10874999999999999 0.8 0.10874999999999999 0.8 0.09875
5 0.79375 0.09125 0.7837500000000001 0.09125 0.7837500000000001 0.10124999999999999 0.79375 0.10124999999999999 0.79375 0.09125
5 0.805 0.09 0.7925 0.09 0.7925 0.1 0.805 0.1 0.805 0.09
5 0.8012499999999999 0.028749999999999998 0.7787499999999999 0.028749999999999998 0.7787499999999999 0.041249999999999995 0.8012499999999999 0.041249999999999995 0.8012499999999999 0.028749999999999998
5 0.7975 0.03875 0.78 0.03875 0.78 0.04625 0.7975 0.04625 0.7975 0.03875
5 0.795 0.04625 0.7775000000000001 0.04625 0.7775000000000001 0.05375 0.795 0.05375 0.795 0.04625
5 0.7625 0.0125 0.7525000000000001 0.0125 0.7525000000000001 0.0225 0.7625 0.0225 0.7625 0.0125
5 0.96875 0.4525 0.94625 0.4525 0.94625 0.49749999999999994 0.96875 0.49749999999999994 0.96875 0.4525
5 0.9775 0.44875 0.96 0.44875 0.96 0.47375 0.9775 0.47375 0.9775 0.44875
5 0.9887499999999999 0.45 0.9712500000000001 0.45 0.9712500000000001 0.47000000000000003 0.9887499999999999 0.47000000000000003 0.9887499999999999 0.45
5 1 0.44125 0.9862500000000001 0.44125 0.9862500000000001 0.47375 1 0.47375 1 0.44125
5 0.8099999999999999 0.125 0.7925 0.125 0.7925 0.135 0.8099999999999999 0.135 0.8099999999999999 0.125
5 0.9662499999999999 0.30375 0.89625 0.30375 0.89625 0.32625000000000004 0.9662499999999999 0.32625000000000004 0.9662499999999999 0.30375
5 0.8949999999999999 0.36625 0.865 0.36625 0.865 0.37875000000000003 0.8949999999999999 0.37875000000000003 0.8949999999999999 0.36625
5 0.9862500000000001 0.21749999999999997 0.9662499999999999 0.21749999999999997 0.9662499999999999 0.27 0.9862500000000001 0.27 0.9862500000000001 0.21749999999999997
5 0.975 0.2125 0.945 0.2125 0.945 0.275 0.975 0.275 0.975 0.2125
5 0.8887499999999999 0.37625000000000003 0.86875 0.37625000000000003 0.86875 0.38625 0.8887499999999999 0.38625 0.8887499999999999 0.37625000000000003
5 0.46749999999999997 0.7825 0.4575 0.7825 0.4575 0.8 0.46749999999999997 0.8 0.46749999999999997 0.7825
5 0.67 0.225 0.6525000000000001 0.225 0.6525000000000001 0.2375 0.67 0.2375 0.67 0.225
5 0.9949999999999999 0.16375 0.9800000000000001 0.16375 0.9800000000000001 0.17375000000000002 0.9949999999999999 0.17375000000000002 0.9949999999999999 0.16375
5 0.9525 0.22875 0.9275 0.22875 0.9275 0.26875 0.9525 0.26875 0.9525 0.22875
5 0.89125 0.3975 0.86875 0.3975 0.86875 0.4025 0.89125 0.4025 0.89125 0.3975
5 0.67 0.19375 0.65 0.19375 0.65 0.20625 0.67 0.20625 0.67 0.19375
5 0.44625000000000004 0.25 0.42874999999999996 0.25 0.42874999999999996 0.2575 0.44625000000000004 0.2575 0.44625000000000004 0.25
5 0.9550000000000001 0.28875 0.885 0.28875 0.885 0.30625 0.9550000000000001 0.30625 0.9550000000000001 0.28875
5 0.9675 0.27125 0.9099999999999999 0.27125 0.9099999999999999 0.28625 0.9675 0.28625 0.9675 0.27125