5 0.69625 0.14375 0.68125 0.14375 0.68125 0.15125 0.69625 0.15125 0.69625 0.14375
5 0.87375 0.005 0.8237500000000001 0.005 0.8237500000000001 0.0325 0.87375 0.0325 0.87375 0.005
5 0.82875 0.021249999999999998 0.76625 0.021249999999999998 0.76625 0.05125 0.82875 0.05125 0.82875 0.021249999999999998
5 0.615 0.35625 0.6025 0.35625 0.6025 0.37124999999999997 0.615 0.37124999999999997 0.615 0.35625
5 0.5587500000000001 0.42874999999999996 0.54875 0.42874999999999996 0.54875 0.44375 0.5587500000000001 0.44375 0.5587500000000001 0.42874999999999996
5 0.5349999999999999 0.475 0.52 0.475 0.52 0.49000000000000005 0.5349999999999999 0.49000000000000005 0.5349999999999999 0.475
5 0.485 0.45625 0.46749999999999997 0.45625 0.46749999999999997 0.47125000000000006 0.485 0.47125000000000006 0.485 0.45625
5 0.45875000000000005 0.06875 0.44625000000000004 0.06875 0.44625000000000004 0.08125 0.45875000000000005 0.08125 0.45875000000000005 0.06875
5 0.7575000000000001 0.125 0.6925 0.125 0.6925 0.1525 0.7575000000000001 0.1525 0.7575000000000001 0.125
5 0.5775 0.28375 0.5625 0.28375 0.5625 0.29874999999999996 0.5775 0.29874999999999996 0.5775 0.28375
5 0.7975 0.4875 0.7775000000000001 0.4875 0.7775000000000001 0.5 0.7975 0.5 0.7975 0.4875
5 0.7462500000000001 0.7212500000000001 0.73375 0.7212500000000001 0.73375 0.73875 0.7462500000000001 0.73875 0.7462500000000001 0.7212500000000001
5 0.8275 0.78625 0.8099999999999999 0.78625 0.8099999999999999 0.79875 0.8275 0.79875 0.8275 0.78625
5 0.74 0.9800000000000001 0.7224999999999999 0.9800000000000001 0.7224999999999999 0.9875 0.74 0.9875 0.74 0.9800000000000001
5 0.8462500000000001 0.08875 0.83375 0.08875 0.83375 0.10124999999999999 0.8462500000000001 0.10124999999999999 0.8462500000000001 0.08875
5 0.61625 0.5549999999999999 0.5912499999999999 0.5549999999999999 0.5912499999999999 0.5675 0.61625 0.5675 0.61625 0.5549999999999999
5 0.40125 0.75875 0.38375 0.75875 0.38375 0.7737499999999999 0.40125 0.7737499999999999 0.40125 0.75875
5 0.5900000000000001 0.31 0.575 0.31 0.575 0.3275 0.5900000000000001 0.3275 0.5900000000000001 0.31
5 0.93 0.82 0.9099999999999999 0.82 0.9099999999999999 0.8324999999999999 0.93 0.8324999999999999 0.93 0.82
5 0.48875 0.73875 0.47125000000000006 0.73875 0.47125000000000006 0.75125 0.48875 0.75125 0.48875 0.73875
5 0.26125 0.5575 0.24625 0.5575 0.24625 0.5775 0.26125 0.5775 0.26125 0.5575
5 0.76375 0.8800000000000001 0.74375 0.8800000000000001 0.74375 0.8925000000000001 0.76375 0.8925000000000001 0.76375 0.8800000000000001
5 0.7849999999999999 0.8724999999999999 0.765 0.8724999999999999 0.765 0.885 0.7849999999999999 0.885 0.7849999999999999 0.8724999999999999
5 0.8125 0.755 0.795 0.755 0.795 0.77 0.8125 0.77 0.8125 0.755
5 0.6 0.32375 0.5825 0.32375 0.5825 0.34125 0.6 0.34125 0.6 0.32375
5 0.51125 0.48375 0.49375 0.48375 0.49375 0.49874999999999997 0.51125 0.49874999999999997 0.51125 0.48375
5 0.7125 0.7775000000000001 0.6925 0.7775000000000001 0.6925 0.7875 0.7125 0.7875 0.7125 0.7775000000000001
5 0.9487500000000001 0.81375 0.9337500000000001 0.81375 0.9337500000000001 0.8262499999999999 0.9487500000000001 0.8262499999999999 0.9487500000000001 0.81375
5 0.45125000000000004 0.05375 0.43875000000000003 0.05375 0.43875000000000003 0.06875 0.45125000000000004 0.06875 0.45125000000000004 0.05375
5 0.04875 0.0075 0.03125 0.0075 0.03125 0.0225 0.04875 0.0225 0.04875 0.0075
5 0.5625 0.575 0.545 0.575 0.545 0.585 0.5625 0.585 0.5625 0.575
5 0.725 0.735 0.7075 0.735 0.7075 0.745 0.725 0.745 0.725 0.735
5 0.61375 0.92875 0.5912499999999999 0.92875 0.5912499999999999 0.94375 0.61375 0.94375 0.61375 0.92875
5 0.75875 0.7262500000000001 0.7462500000000001 0.7262500000000001 0.7462500000000001 0.74125 0.75875 0.74125 0.75875 0.7262500000000001
5 0.66625 0.155 0.64625 0.155 0.64625 0.1675 0.66625 0.1675 0.66625 0.155
5 0.7150000000000001 0.5775 0.7025 0.5775 0.7025 0.5900000000000001 0.7150000000000001 0.5900000000000001 0.7150000000000001 0.5775
5 0.6575 0.93125 0.635 0.93125 0.635 0.9412499999999999 0.6575 0.9412499999999999 0.6575 0.93125
5 0.6075 0.33999999999999997 0.5925 0.33999999999999997 0.5925 0.355 0.6075 0.355 0.6075 0.33999999999999997
5 0 0.03125 0.017499999999999998 0.03125 0.017499999999999998 0.01875 0 0.01875 0 0.03125
5 0.8487500000000001 0.8225 0.8262499999999999 0.8225 0.8262499999999999 0.8400000000000001 0.8487500000000001 0.8400000000000001 0.8487500000000001 0.8225
5 0.50125 0.88375 0.47874999999999995 0.88375 0.47874999999999995 0.9037499999999999 0.50125 0.9037499999999999 0.50125 0.88375
5 0.41 0.17375000000000002 0.3875 0.17375000000000002 0.3875 0.17875000000000002 0.41 0.17875000000000002 0.41 0.17375000000000002
5 0.7424999999999999 0.8875 0.725 0.8875 0.725 0.9 0.7424999999999999 0.9 0.7424999999999999 0.8875
5 0.79125 0.72 0.77625 0.72 0.77625 0.735 0.79125 0.735 0.79125 0.72
5 0.052500000000000005 0 0.052500000000000005 0.015 0.06999999999999999 0.015 0.06999999999999999 0 0.052500000000000005 0
5 0.34625 0.70375 0.33125 0.70375 0.33125 0.7162499999999999 0.34625 0.7162499999999999 0.34625 0.70375
5 0.80375 0.865 0.78625 0.865 0.78625 0.8775000000000001 0.80375 0.8775000000000001 0.80375 0.865
5 0.48375 0.12375 0.47375 0.12375 0.47375 0.13625 0.48375 0.13625 0.48375 0.12375
5 0.73 0.595 0.7175 0.595 0.7175 0.61 0.73 0.61 0.73 0.595
5 0.4375 0.8175000000000001 0.4175 0.8175000000000001 0.4175 0.835 0.4375 0.835 0.4375 0.8175000000000001
5 0.50875 0.15375 0.48375 0.15375 0.48375 0.18125 0.50875 0.18125 0.50875 0.15375
5 0.59375 0.45375 0.57875 0.45375 0.57875 0.46875 0.59375 0.46875 0.59375 0.45375
5 0.35875 0.7150000000000001 0.34125 0.7150000000000001 0.34125 0.73 0.35875 0.73 0.35875 0.7150000000000001
5 0.7825 0.7075 0.77 0.7075 0.77 0.7224999999999999 0.7825 0.7224999999999999 0.7825 0.7075
5 0.88375 0.07625 0.86625 0.07625 0.86625 0.08875 0.88375 0.08875 0.88375 0.07625
5 0.62375 0.37374999999999997 0.61125 0.37374999999999997 0.61125 0.38875000000000004 0.62375 0.38875000000000004 0.62375 0.37374999999999997
5 0.9475 0.11750000000000001 0.93 0.11750000000000001 0.93 0.1325 0.9475 0.1325 0.9475 0.11750000000000001
5 0.20875 0.16125 0.18625 0.16125 0.18625 0.17124999999999999 0.20875 0.17124999999999999 0.20875 0.16125
5 0 0.13999999999999999 0.013750000000000002 0.13999999999999999 0.013750000000000002 0.1325 0 0.1325 0 0.13999999999999999
5 0.11000000000000001 0.13125 0.09 0.13125 0.09 0.14375 0.11000000000000001 0.14375 0.11000000000000001 0.13125
5 0.4225 0.805 0.40499999999999997 0.805 0.40499999999999997 0.8175000000000001 0.4225 0.8175000000000001 0.4225 0.805
5 0.8175000000000001 0.76875 0.8 0.76875 0.8 0.7837500000000001 0.8175000000000001 0.7837500000000001 0.8175000000000001 0.76875
5 0.865 0.08249999999999999 0.8474999999999999 0.08249999999999999 0.8474999999999999 0.095 0.865 0.095 0.865 0.08249999999999999
5 0.585 0.4175 0.5725 0.4175 0.5725 0.4325 0.585 0.4325 0.585 0.4175
5 0.86625 0.8175000000000001 0.85875 0.8175000000000001 0.85875 0.8300000000000001 0.86625 0.8300000000000001 0.86625 0.8175000000000001
5 0.57875 0.2975 0.56875 0.2975 0.56875 0.31 0.57875 0.31 0.57875 0.2975
5 0.82 0.86 0.805 0.86 0.805 0.8724999999999999 0.82 0.8724999999999999 0.82 0.86
5 0.675 0.3 0.6599999999999999 0.3 0.6599999999999999 0.32 0.675 0.32 0.675 0.3
5 0.50625 0.55 0.49375 0.55 0.49375 0.5625 0.50625 0.5625 0.50625 0.55
5 0.2225 0.5125 0.205 0.5125 0.205 0.52 0.2225 0.52 0.2225 0.5125
5 0.45125000000000004 0.83125 0.43375 0.83125 0.43375 0.8487500000000001 0.45125000000000004 0.8487500000000001 0.45125000000000004 0.83125
5 0.48375 0.8724999999999999 0.46624999999999994 0.8724999999999999 0.46624999999999994 0.885 0.48375 0.885 0.48375 0.8724999999999999
5 0.5700000000000001 0.4625 0.5549999999999999 0.4625 0.5549999999999999 0.48 0.5700000000000001 0.48 0.5700000000000001 0.4625
5 0.5275000000000001 0.47874999999999995 0.5125 0.47874999999999995 0.5125 0.49375 0.5275000000000001 0.49375 0.5275000000000001 0.47874999999999995
5 0.8175000000000001 0.48125 0.7975 0.48125 0.7975 0.49375 0.8175000000000001 0.49375 0.8175000000000001 0.48125
5 0.42000000000000004 0.63 0.4025 0.63 0.4025 0.64 0.42000000000000004 0.64 0.42000000000000004 0.63
5 0.9550000000000001 0.08375 0.9400000000000001 0.08375 0.9400000000000001 0.09875 0.9550000000000001 0.09875 0.9550000000000001 0.08375