5 0.7112499999999999 0.1075 0.67875 0.1075 0.67875 0.13 0.7112499999999999 0.13 0.7112499999999999 0.1075
5 0.32875 0.042499999999999996 0.28375 0.042499999999999996 0.28375 0.0725 0.32875 0.0725 0.32875 0.042499999999999996
5 0.74375 0.14125000000000001 0.71375 0.14125000000000001 0.71375 0.16125 0.74375 0.16125 0.74375 0.14125000000000001
5 0.9225 0.32875 0.89 0.32875 0.89 0.37875000000000003 0.9225 0.37875000000000003 0.9225 0.32875
5 0.47375 0.075 0.39875 0.075 0.39875 0.12 0.47375 0.12 0.47375 0.075
5 0.8637499999999999 0.21875 0.8412499999999999 0.21875 0.8412499999999999 0.25875 0.8637499999999999 0.25875 0.8637499999999999 0.21875
5 0.86875 0.1875 0.8462500000000001 0.1875 0.8462500000000001 0.22000000000000003 0.86875 0.22000000000000003 0.86875 0.1875
5 0.735 0.13374999999999998 0.7075 0.13374999999999998 0.7075 0.15125 0.735 0.15125 0.735 0.13374999999999998
5 0.79875 0.22125 0.77625 0.22125 0.77625 0.24874999999999997 0.79875 0.24874999999999997 0.79875 0.22125
5 0.90625 0.32125 0.86875 0.32125 0.86875 0.36875 0.90625 0.36875 0.90625 0.32125
5 0.8275 0.29625 0.79 0.29625 0.79 0.34625 0.8275 0.34625 0.8275 0.29625
5 0.9037499999999999 0.20249999999999999 0.87375 0.20249999999999999 0.87375 0.2525 0.9037499999999999 0.2525 0.9037499999999999 0.20249999999999999
5 0.7537499999999999 0.14875 0.71875 0.14875 0.71875 0.17124999999999999 0.7537499999999999 0.17124999999999999 0.7537499999999999 0.14875
5 0.96125 0.35750000000000004 0.9337500000000001 0.35750000000000004 0.9337500000000001 0.3875 0.96125 0.3875 0.96125 0.35750000000000004
5 0.9475 0.34375 0.9199999999999999 0.34375 0.9199999999999999 0.38125 0.9475 0.38125 0.9475 0.34375
5 0.8025 0.28875 0.7625 0.28875 0.7625 0.33625 0.8025 0.33625 0.8025 0.28875
5 0.45125000000000004 0.10874999999999999 0.38375 0.10874999999999999 0.38375 0.14875 0.45125000000000004 0.14875 0.45125000000000004 0.10874999999999999
5 0.51875 0.08625000000000001 0.45875000000000005 0.08625000000000001 0.45875000000000005 0.11875 0.51875 0.11875 0.51875 0.08625000000000001
5 0.61625 0.045 0.59375 0.045 0.59375 0.06999999999999999 0.61625 0.06999999999999999 0.61625 0.045
5 0.8087500000000001 0.305 0.7837500000000001 0.305 0.7837500000000001 0.335 0.8087500000000001 0.335 0.8087500000000001 0.305
5 0.5925 0.058750000000000004 0.5700000000000001 0.058750000000000004 0.5700000000000001 0.09125 0.5925 0.09125 0.5925 0.058750000000000004
5 0.60625 0.041249999999999995 0.58125 0.041249999999999995 0.58125 0.06375 0.60625 0.06375 0.60625 0.041249999999999995
5 0.765 0.26875 0.7150000000000001 0.26875 0.7150000000000001 0.30874999999999997 0.765 0.30874999999999997 0.765 0.26875
5 0.8462500000000001 0.19375 0.82875 0.19375 0.82875 0.22374999999999998 0.8462500000000001 0.22374999999999998 0.8462500000000001 0.19375
5 0.60375 0.06375 0.57875 0.06375 0.57875 0.09375 0.60375 0.09375 0.60375 0.06375
5 0.745 0.26 0.6849999999999999 0.26 0.6849999999999999 0.3 0.745 0.3 0.745 0.26
5 0.7162499999999999 0.11875 0.68625 0.11875 0.68625 0.13625 0.7162499999999999 0.13625 0.7162499999999999 0.11875
5 0.69875 0.09875 0.66875 0.09875 0.66875 0.11875 0.69875 0.11875 0.69875 0.09875
5 0.8699999999999999 0.3225 0.8400000000000001 0.3225 0.8400000000000001 0.365 0.8699999999999999 0.365 0.8699999999999999 0.3225
5 0.79 0.28125 0.7325 0.28125 0.7325 0.32625000000000004 0.79 0.32625000000000004 0.79 0.28125
5 0.82875 0.21125 0.79125 0.21125 0.79125 0.26625 0.82875 0.26625 0.82875 0.21125
5 0.52125 0.11125 0.46875 0.11125 0.46875 0.14125000000000001 0.52125 0.14125000000000001 0.52125 0.11125
5 0.29125 0.01125 0.25125000000000003 0.01125 0.25125000000000003 0.028749999999999998 0.29125 0.028749999999999998 0.29125 0.01125
5 0.75875 0.15875 0.72875 0.15875 0.72875 0.17625 0.75875 0.17625 0.75875 0.15875
5 0.84375 0.20875 0.80625 0.20875 0.80625 0.26375000000000004 0.84375 0.26375000000000004 0.84375 0.20875
5 0.85875 0.31 0.8262499999999999 0.31 0.8262499999999999 0.35750000000000004 0.85875 0.35750000000000004 0.85875 0.31
5 0.32 0.0325 0.27 0.0325 0.27 0.0625 0.32 0.0625 0.32 0.0325
5 0.85375 0.3 0.80375 0.3 0.80375 0.35 0.85375 0.35 0.85375 0.3
5 0.9724999999999999 0.36124999999999996 0.95 0.36124999999999996 0.95 0.38875000000000004 0.9724999999999999 0.38875000000000004 0.9724999999999999 0.36124999999999996
5 0.875 0.21749999999999997 0.8574999999999999 0.21749999999999997 0.8574999999999999 0.24500000000000002 0.875 0.24500000000000002 0.875 0.21749999999999997
5 0.99 0.0775 0.96 0.0775 0.96 0.0925 0.99 0.0925 0.99 0.0775
5 0.99125 0.08875 0.9662499999999999 0.08875 0.9662499999999999 0.10124999999999999 0.99125 0.10124999999999999 0.99125 0.08875
5 0.9412499999999999 0.06875 0.89875 0.06875 0.89875 0.08625000000000001 0.9412499999999999 0.08625000000000001 0.9412499999999999 0.06875
5 0.305 0.9650000000000001 0.2925 0.9650000000000001 0.2925 0.9824999999999999 0.305 0.9824999999999999 0.305 0.9650000000000001
5 0.28875 0.9650000000000001 0.27875 0.9650000000000001 0.27875 0.9824999999999999 0.28875 0.9824999999999999 0.28875 0.9650000000000001
5 0.255 0.8675 0.2425 0.8675 0.2425 0.8875 0.255 0.8875 0.255 0.8675
5 0.30125 0.89125 0.28375 0.89125 0.28375 0.90625 0.30125 0.90625 0.30125 0.89125
5 0.3125 0.89625 0.3 0.89625 0.3 0.9087500000000001 0.3125 0.9087500000000001 0.3125 0.89625
5 0.21625 0.8887499999999999 0.19375 0.8887499999999999 0.19375 0.9037499999999999 0.21625 0.9037499999999999 0.21625 0.8887499999999999
5 0.17875000000000002 0.8724999999999999 0.15625 0.8724999999999999 0.15625 0.8825 0.17875000000000002 0.8825 0.17875000000000002 0.8724999999999999
5 0.155 0.86 0.135 0.86 0.135 0.8724999999999999 0.155 0.8724999999999999 0.155 0.86
5 0.12875 0.8462500000000001 0.10874999999999999 0.8462500000000001 0.10874999999999999 0.8612500000000001 0.12875 0.8612500000000001 0.12875 0.8462500000000001
5 0.11499999999999999 0.86875 0.0925 0.86875 0.0925 0.88125 0.11499999999999999 0.88125 0.11499999999999999 0.86875
5 0.026250000000000002 0.51625 0.00375 0.51625 0.00375 0.52625 0.026250000000000002 0.52625 0.026250000000000002 0.51625
5 0.0475 0.5275000000000001 0.027500000000000004 0.5275000000000001 0.027500000000000004 0.5375 0.0475 0.5375 0.0475 0.5275000000000001
5 0 0.5662499999999999 0.01125 0.5662499999999999 0.01125 0.55125 0 0.55125 0 0.5662499999999999
5 0.06875 0.5599999999999999 0.05125 0.5599999999999999 0.05125 0.575 0.06875 0.575 0.06875 0.5599999999999999
5 0.11875 0.5650000000000001 0.09375 0.5650000000000001 0.09375 0.575 0.11875 0.575 0.11875 0.5650000000000001
5 0.1 0.6025 0.0875 0.6025 0.0875 0.62 0.1 0.62 0.1 0.6025
5 0.11499999999999999 0.60875 0.1 0.60875 0.1 0.62375 0.11499999999999999 0.62375 0.11499999999999999 0.60875
5 0.24125000000000002 0.63 0.22125 0.63 0.22125 0.6425 0.24125000000000002 0.6425 0.24125000000000002 0.63
5 0.2575 0.6375 0.24 0.6375 0.24 0.6475 0.2575 0.6475 0.2575 0.6375
5 0.24500000000000002 0.6725 0.22999999999999998 0.6725 0.22999999999999998 0.6900000000000001 0.24500000000000002 0.6900000000000001 0.24500000000000002 0.6725
5 0.2575 0.6775 0.2425 0.6775 0.2425 0.6950000000000001 0.2575 0.6950000000000001 0.2575 0.6775
5 0.36 0.6825 0.33999999999999997 0.6825 0.33999999999999997 0.6950000000000001 0.36 0.6950000000000001 0.36 0.6825
5 0.3775 0.6900000000000001 0.35750000000000004 0.6900000000000001 0.35750000000000004 0.7025 0.3775 0.7025 0.3775 0.6900000000000001
5 0.395 0.69875 0.3725 0.69875 0.3725 0.70875 0.395 0.70875 0.395 0.69875
5 0.40875000000000006 0.705 0.38875000000000004 0.705 0.38875000000000004 0.7150000000000001 0.40875000000000006 0.7150000000000001 0.40875000000000006 0.705
5 0.3725 0.73375 0.35750000000000004 0.73375 0.35750000000000004 0.75125 0.3725 0.75125 0.3725 0.73375
5 0.385 0.74125 0.37 0.74125 0.37 0.75875 0.385 0.75875 0.385 0.74125
5 0.44749999999999995 0.72375 0.42750000000000005 0.72375 0.42750000000000005 0.73375 0.44749999999999995 0.73375 0.44749999999999995 0.72375
5 0.49000000000000005 0.74125 0.465 0.74125 0.465 0.75125 0.49000000000000005 0.75125 0.49000000000000005 0.74125
5 0.53 0.75875 0.51 0.75875 0.51 0.76875 0.53 0.76875 0.53 0.75875
5 0.46125 0.77125 0.44375 0.77125 0.44375 0.7887500000000001 0.46125 0.7887500000000001 0.46125 0.77125
5 0.41624999999999995 0.7537499999999999 0.40125 0.7537499999999999 0.40125 0.76875 0.41624999999999995 0.76875 0.41624999999999995 0.7537499999999999
5 0.6487499999999999 0.8925000000000001 0.62375 0.8925000000000001 0.62375 0.9075 0.6487499999999999 0.9075 0.6487499999999999 0.8925000000000001
5 0.7262500000000001 0.89 0.70625 0.89 0.70625 0.9025000000000001 0.7262500000000001 0.9025000000000001 0.7262500000000001 0.89
5 0.16125 0.9237500000000001 0.14875 0.9237500000000001 0.14875 0.94375 0.16125 0.94375 0.16125 0.9237500000000001
5 0.1325 0.91375 0.11000000000000001 0.91375 0.11000000000000001 0.92875 0.1325 0.92875 0.1325 0.91375
5 0.1325 0.8787499999999999 0.11000000000000001 0.8787499999999999 0.11000000000000001 0.89125 0.1325 0.89125 0.1325 0.8787499999999999
5 0.18625 0.9037499999999999 0.16625 0.9037499999999999 0.16625 0.91375 0.18625 0.91375 0.18625 0.9037499999999999
5 0.21749999999999997 0.9125 0.1925 0.9125 0.1925 0.925 0.21749999999999997 0.925 0.21749999999999997 0.9125
5 0.09125 0.83125 0.07375000000000001 0.83125 0.07375000000000001 0.8412499999999999 0.09125 0.8412499999999999 0.09125 0.83125
5 0.10500000000000001 0.835 0.08499999999999999 0.835 0.08499999999999999 0.85 0.10500000000000001 0.85 0.10500000000000001 0.835
5 0.19875 0.945 0.18625 0.945 0.18625 0.96 0.19875 0.96 0.19875 0.945
5 0.1825 0.9400000000000001 0.17250000000000001 0.9400000000000001 0.17250000000000001 0.9550000000000001 0.1825 0.9550000000000001 0.1825 0.9400000000000001
5 0.3075 0.00125 0.28500000000000003 0.00125 0.28500000000000003 0.01875 0.3075 0.01875 0.3075 0.00125
5 0.47000000000000003 0 0.47000000000000003 0.01 0.485 0.01 0.485 0 0.47000000000000003 0
5 0.4575 0 0.4575 0.015 0.4725 0.015 0.4725 0 0.4575 0
5 0.46375 0.01 0.44625000000000004 0.01 0.44625000000000004 0.0225 0.46375 0.0225 0.46375 0.01
5 0.45125000000000004 0.015 0.43375 0.015 0.43375 0.027500000000000004 0.45125000000000004 0.027500000000000004 0.45125000000000004 0.015
5 0.43875000000000003 0.02 0.42125 0.02 0.42125 0.0325 0.43875000000000003 0.0325 0.43875000000000003 0.02
5 0.425 0.025 0.4125 0.025 0.4125 0.0375 0.425 0.0375 0.425 0.025
5 0.41125 0.03 0.39875 0.03 0.39875 0.042499999999999996 0.41125 0.042499999999999996 0.41125 0.03
5 0.39375 0.041249999999999995 0.37625000000000003 0.041249999999999995 0.37625000000000003 0.05625 0.39375 0.05625 0.39375 0.041249999999999995
5 0.385 0.0475 0.365 0.0475 0.365 0.0625 0.385 0.0625 0.385 0.0475
5 0.3675 0.052500000000000005 0.35 0.052500000000000005 0.35 0.0675 0.3675 0.0675 0.3675 0.052500000000000005
5 0.4625 0.08125 0.4375 0.08125 0.4375 0.09625 0.4625 0.09625 0.4625 0.08125
5 0.51125 0.0325 0.49625 0.0325 0.49625 0.0475 0.51125 0.0475 0.51125 0.0325
5 0.52125 0.02375 0.50625 0.02375 0.50625 0.03875 0.52125 0.03875 0.52125 0.02375
5 0.5349999999999999 0.015 0.5125 0.015 0.5125 0.025 0.5349999999999999 0.025 0.5349999999999999 0.015
5 0.5549999999999999 0.02375 0.5349999999999999 0.02375 0.5349999999999999 0.03375 0.5549999999999999 0.03375 0.5549999999999999 0.02375
5 0.5549999999999999 0.0325 0.5325 0.0325 0.5325 0.045 0.5549999999999999 0.045 0.5549999999999999 0.0325
5 0.55375 0.045 0.5337500000000001 0.045 0.5337500000000001 0.05500000000000001 0.55375 0.05500000000000001 0.55375 0.045
5 0.5525 0.05125 0.53 0.05125 0.53 0.06375 0.5525 0.06375 0.5525 0.05125
5 0.545 0.06 0.525 0.06 0.525 0.06999999999999999 0.545 0.06999999999999999 0.545 0.06
5 0.545 0.0675 0.52 0.0675 0.52 0.08249999999999999 0.545 0.08249999999999999 0.545 0.0675
5 0.5425 0.0775 0.5225 0.0775 0.5225 0.0875 0.5425 0.0875 0.5425 0.0775
5 0.5875 0.0325 0.5625 0.0325 0.5625 0.05 0.5875 0.05 0.5875 0.0325
5 0.585 0.04375 0.5575 0.04375 0.5575 0.058750000000000004 0.585 0.058750000000000004 0.585 0.04375
5 0.57625 0.05625 0.55625 0.05625 0.55625 0.06625 0.57625 0.06625 0.57625 0.05625
5 0.6275000000000001 0.05125 0.605 0.05125 0.605 0.07625 0.6275000000000001 0.07625 0.6275000000000001 0.05125
5 0.615 0.0775 0.5974999999999999 0.0775 0.5974999999999999 0.0975 0.615 0.0975 0.615 0.0775
5 0.65 0.06375 0.63 0.06375 0.63 0.08125 0.65 0.08125 0.65 0.06375
5 0.6325000000000001 0.08125 0.61 0.08125 0.61 0.09875 0.6325000000000001 0.09875 0.6325000000000001 0.08125
5 0.6587500000000001 0.06999999999999999 0.63875 0.06999999999999999 0.63875 0.0875 0.6587500000000001 0.0875 0.6587500000000001 0.06999999999999999
5 0.645 0.08625000000000001 0.6224999999999999 0.08625000000000001 0.6224999999999999 0.10375000000000001 0.645 0.10375000000000001 0.645 0.08625000000000001
5 0.6837500000000001 0.08125 0.6537499999999999 0.08125 0.6537499999999999 0.10124999999999999 0.6837500000000001 0.10124999999999999 0.6837500000000001 0.08125
5 0.65625 0.09 0.63625 0.09 0.63625 0.10500000000000001 0.65625 0.10500000000000001 0.65625 0.09
5 0.655 0.1025 0.635 0.1025 0.635 0.11750000000000001 0.655 0.11750000000000001 0.655 0.1025
5 0.66875 0.11750000000000001 0.6487499999999999 0.11750000000000001 0.6487499999999999 0.1325 0.66875 0.1325 0.66875 0.11750000000000001
5 0.6775 0.12625 0.655 0.12625 0.655 0.13874999999999998 0.6775 0.13874999999999998 0.6775 0.12625
5 0.68125 0.13 0.66125 0.13 0.66125 0.145 0.68125 0.145 0.68125 0.13
5 0.68875 0.13874999999999998 0.66875 0.13874999999999998 0.66875 0.15125 0.68875 0.15125 0.68875 0.13874999999999998
5 0.6950000000000001 0.145 0.6775 0.145 0.6775 0.16 0.6950000000000001 0.16 0.6950000000000001 0.145
5 0.64375 0.12125 0.61375 0.12125 0.61375 0.14125000000000001 0.64375 0.14125000000000001 0.64375 0.12125
5 0.64375 0.13374999999999998 0.62375 0.13374999999999998 0.62375 0.14875 0.64375 0.14875 0.64375 0.13374999999999998
5 0.6575 0.14125000000000001 0.635 0.14125000000000001 0.635 0.15625 0.6575 0.15625 0.6575 0.14125000000000001
5 0.665 0.14625 0.6475 0.14625 0.6475 0.15875 0.665 0.15875 0.665 0.14625
5 0.67375 0.1525 0.65125 0.1525 0.65125 0.16999999999999998 0.67375 0.16999999999999998 0.67375 0.1525
5 0.68125 0.15875 0.66125 0.15875 0.66125 0.17625 0.68125 0.17625 0.68125 0.15875
5 0.73875 0.18375 0.7162499999999999 0.18375 0.7162499999999999 0.20125 0.73875 0.20125 0.73875 0.18375
5 0.74375 0.1925 0.7262500000000001 0.1925 0.7262500000000001 0.20750000000000002 0.74375 0.20750000000000002 0.74375 0.1925
5 0.755 0.1975 0.735 0.1975 0.735 0.2125 0.755 0.2125 0.755 0.1975
5 0.76125 0.20625 0.74125 0.20625 0.74125 0.22125 0.76125 0.22125 0.76125 0.20625
5 0.7675 0.16625 0.74 0.16625 0.74 0.18625 0.7675 0.18625 0.7675 0.16625
5 0.7837500000000001 0.18125 0.75875 0.18125 0.75875 0.19875 0.7837500000000001 0.19875 0.7837500000000001 0.18125
5 0.79375 0.18875 0.76375 0.18875 0.76375 0.20625 0.79375 0.20625 0.79375 0.18875
5 0.8 0.19624999999999998 0.775 0.19624999999999998 0.775 0.21125 0.8 0.21125 0.8 0.19624999999999998
5 0.52625 0.1525 0.50875 0.1525 0.50875 0.1675 0.52625 0.1675 0.52625 0.1525
5 0.53625 0.1575 0.51875 0.1575 0.51875 0.17250000000000001 0.53625 0.17250000000000001 0.53625 0.1575
5 0.54625 0.16125 0.52625 0.16125 0.52625 0.17875000000000002 0.54625 0.17875000000000002 0.54625 0.16125
5 0.55375 0.16499999999999998 0.53625 0.16499999999999998 0.53625 0.185 0.55375 0.185 0.55375 0.16499999999999998
5 0.5625 0.17250000000000001 0.545 0.17250000000000001 0.545 0.1875 0.5625 0.1875 0.5625 0.17250000000000001
5 0.5700000000000001 0.1775 0.5549999999999999 0.1775 0.5549999999999999 0.19 0.5700000000000001 0.19 0.5700000000000001 0.1775
5 0.5825 0.18125 0.5650000000000001 0.18125 0.5650000000000001 0.19875 0.5825 0.19875 0.5825 0.18125
5 0.5912499999999999 0.185 0.57375 0.185 0.57375 0.205 0.5912499999999999 0.205 0.5912499999999999 0.185
5 0.58125 0.16 0.56375 0.16 0.56375 0.175 0.58125 0.175 0.58125 0.16
5 0.58875 0.16625 0.57625 0.16625 0.57625 0.17625 0.58875 0.17625 0.58875 0.16625
5 0.605 0.1675 0.5875 0.1675 0.5875 0.1875 0.605 0.1875 0.605 0.1675
5 0.59875 0.19 0.58375 0.19 0.58375 0.20750000000000002 0.59875 0.20750000000000002 0.59875 0.19
5 0.60625 0.19624999999999998 0.59375 0.19624999999999998 0.59375 0.21125 0.60625 0.21125 0.60625 0.19624999999999998
5 0.6174999999999999 0.20125 0.6 0.20125 0.6 0.21875 0.6174999999999999 0.21875 0.6174999999999999 0.20125
5 0.62625 0.205 0.61125 0.205 0.61125 0.22000000000000003 0.62625 0.22000000000000003 0.62625 0.205
5 0.635 0.21125 0.62 0.21125 0.62 0.22625 0.635 0.22625 0.635 0.21125
5 0.645 0.21625 0.6275000000000001 0.21625 0.6275000000000001 0.23374999999999999 0.645 0.23374999999999999 0.645 0.21625
5 0.6525000000000001 0.22125 0.6375 0.22125 0.6375 0.23875000000000002 0.6525000000000001 0.23875000000000002 0.6525000000000001 0.22125
5 0.665 0.22625 0.645 0.22625 0.645 0.24375 0.665 0.24375 0.665 0.22625
5 0.67125 0.23125 0.65625 0.23125 0.65625 0.24625 0.67125 0.24625 0.67125 0.23125
5 0.6775 0.23625 0.6625 0.23625 0.6625 0.25375000000000003 0.6775 0.25375000000000003 0.6775 0.23625
5 0.68875 0.24125000000000002 0.67125 0.24125000000000002 0.67125 0.25875 0.68875 0.25875 0.68875 0.24125000000000002
5 0.7 0.2475 0.6799999999999999 0.2475 0.6799999999999999 0.2625 0.7 0.2625 0.7 0.2475
5 0.71 0.25375000000000003 0.6875 0.25375000000000003 0.6875 0.26875 0.71 0.26875 0.71 0.25375000000000003
5 0.7150000000000001 0.26 0.6950000000000001 0.26 0.6950000000000001 0.275 0.7150000000000001 0.275 0.7150000000000001 0.26
5 0.68625 0.28250000000000003 0.66875 0.28250000000000003 0.66875 0.2975 0.68625 0.2975 0.68625 0.28250000000000003
5 0.6775 0.27625 0.6575 0.27625 0.6575 0.29375 0.6775 0.29375 0.6775 0.27625
5 0.6675 0.27125 0.65 0.27125 0.65 0.29125 0.6675 0.29125 0.6675 0.27125
5 0.6587500000000001 0.26749999999999996 0.64125 0.26749999999999996 0.64125 0.28500000000000003 0.6587500000000001 0.28500000000000003 0.6587500000000001 0.26749999999999996
5 0.65125 0.26375000000000004 0.63375 0.26375000000000004 0.63375 0.27875 0.65125 0.27875 0.65125 0.26375000000000004
5 0.64 0.2575 0.6224999999999999 0.2575 0.6224999999999999 0.275 0.64 0.275 0.64 0.2575
5 0.63 0.255 0.615 0.255 0.615 0.27 0.63 0.27 0.63 0.255
5 0.62 0.25125000000000003 0.605 0.25125000000000003 0.605 0.26875 0.62 0.26875 0.62 0.25125000000000003
5 0.61 0.24625 0.595 0.24625 0.595 0.26375000000000004 0.61 0.26375000000000004 0.61 0.24625
5 0.6025 0.24125000000000002 0.5875 0.24125000000000002 0.5875 0.25875 0.6025 0.25875 0.6025 0.24125000000000002
5 0.5925 0.23875000000000002 0.5775 0.23875000000000002 0.5775 0.25375000000000003 0.5925 0.25375000000000003 0.5925 0.23875000000000002
5 0.5862499999999999 0.23500000000000001 0.57125 0.23500000000000001 0.57125 0.2475 0.5862499999999999 0.2475 0.5862499999999999 0.23500000000000001
5 0.5775 0.22875 0.5625 0.22875 0.5625 0.24625 0.5775 0.24625 0.5775 0.22875
5 0.56875 0.22374999999999998 0.55375 0.22374999999999998 0.55375 0.24125000000000002 0.56875 0.24125000000000002 0.56875 0.22374999999999998
5 0.5599999999999999 0.21875 0.5425 0.21875 0.5425 0.23625 0.5599999999999999 0.23625 0.5599999999999999 0.21875
5 0.55 0.2125 0.5349999999999999 0.2125 0.5349999999999999 0.22999999999999998 0.55 0.22999999999999998 0.55 0.2125
5 0.54375 0.21000000000000002 0.52625 0.21000000000000002 0.52625 0.225 0.54375 0.225 0.54375 0.21000000000000002
5 0.5325 0.205 0.5175 0.205 0.5175 0.22000000000000003 0.5325 0.22000000000000003 0.5325 0.205
5 0.525 0.2 0.51 0.2 0.51 0.2125 0.525 0.2125 0.525 0.2
5 0.51625 0.19375 0.50125 0.19375 0.50125 0.20625 0.51625 0.20625 0.51625 0.19375
5 0.50875 0.1875 0.49124999999999996 0.1875 0.49124999999999996 0.20249999999999999 0.50875 0.20249999999999999 0.50875 0.1875
5 0.49625 0.185 0.48375 0.185 0.48375 0.1975 0.49625 0.1975 0.49625 0.185
5 0.4925 0.17625 0.4725 0.17625 0.4725 0.19375 0.4925 0.19375 0.4925 0.17625
5 0.48 0.17375000000000002 0.465 0.17375000000000002 0.465 0.18625 0.48 0.18625 0.48 0.17375000000000002
5 0.47125000000000006 0.16625 0.45625 0.16625 0.45625 0.18125 0.47125000000000006 0.18125 0.47125000000000006 0.16625
5 0.46125 0.16 0.44625000000000004 0.16 0.44625000000000004 0.1775 0.46125 0.1775 0.46125 0.16
5 0.4525 0.15625 0.43499999999999994 0.15625 0.43499999999999994 0.17375000000000002 0.4525 0.17375000000000002 0.4525 0.15625
5 0.4425 0.14875 0.425 0.14875 0.425 0.16875 0.4425 0.16875 0.4425 0.14875
5 0.43499999999999994 0.14375 0.4125 0.14375 0.4125 0.16375 0.43499999999999994 0.16375 0.43499999999999994 0.14375
5 0.9875 0.3625 0.9675 0.3625 0.9675 0.39249999999999996 0.9875 0.39249999999999996 0.9875 0.3625
5 1 0.36375 0.99 0.36375 0.99 0.38625 1 0.38625 1 0.36375