5 0.34625 0.92875 0.33625 0.92875 0.33625 0.9512499999999999 0.34625 0.9512499999999999 0.34625 0.92875
5 0.32375 0.82125 0.29874999999999996 0.82125 0.29874999999999996 0.83125 0.32375 0.83125 0.32375 0.82125
5 0.2625 0.79125 0.2525 0.79125 0.2525 0.80625 0.2625 0.80625 0.2625 0.79125
5 0.09875 0.74875 0.09125 0.74875 0.09125 0.76875 0.09875 0.76875 0.09875 0.74875
5 0.36875 0.59375 0.36124999999999996 0.59375 0.36124999999999996 0.61375 0.36875 0.61375 0.36875 0.59375
5 0.3675 0.49874999999999997 0.35750000000000004 0.49874999999999997 0.35750000000000004 0.5237499999999999 0.3675 0.5237499999999999 0.3675 0.49874999999999997
5 0.3175 0.475 0.3 0.475 0.3 0.485 0.3175 0.485 0.3175 0.475
5 0.36124999999999996 0.37625000000000003 0.35125 0.37625000000000003 0.35125 0.39875 0.36124999999999996 0.39875 0.36124999999999996 0.37625000000000003
5 0.3725 0.33875 0.3625 0.33875 0.3625 0.35625 0.3725 0.35625 0.3725 0.33875
5 0.355 0.23125 0.34500000000000003 0.23125 0.34500000000000003 0.24874999999999997 0.355 0.24874999999999997 0.355 0.23125
5 0.36875 0.21875 0.35875 0.21875 0.35875 0.23875000000000002 0.36875 0.23875000000000002 0.36875 0.21875
5 0.36375 0.1825 0.35375 0.1825 0.35375 0.20249999999999999 0.36375 0.20249999999999999 0.36375 0.1825
5 0.34875 0.13999999999999999 0.33875 0.13999999999999999 0.33875 0.16499999999999998 0.34875 0.16499999999999998 0.34875 0.13999999999999999
5 0.365 0.14125000000000001 0.355 0.14125000000000001 0.355 0.16125 0.365 0.16125 0.365 0.14125000000000001
5 0.36375 0.09875 0.35625 0.09875 0.35625 0.11625 0.36375 0.11625 0.36375 0.09875
5 0.34375 0.0675 0.33625 0.0675 0.33625 0.0875 0.34375 0.0875 0.34375 0.0675
5 0.3625 0.03125 0.35 0.03125 0.35 0.05375 0.3625 0.05375 0.3625 0.03125
5 0.3325 0 0.3325 0.021249999999999998 0.34500000000000003 0.021249999999999998 0.34500000000000003 0 0.3325 0
5 0.095 0.14125000000000001 0.08249999999999999 0.14125000000000001 0.08249999999999999 0.16125 0.095 0.16125 0.095 0.14125000000000001
5 0.09 0.67875 0.08249999999999999 0.67875 0.08249999999999999 0.6912499999999999 0.09 0.6912499999999999 0.09 0.67875
5 0.0775 0.0775 0.0625 0.0775 0.0625 0.1325 0.0775 0.1325 0.0775 0.0775
5 0.255 0.86 0.2125 0.86 0.2125 0.8675 0.255 0.8675 0.255 0.86
5 0.1275 0.73875 0.11750000000000001 0.73875 0.11750000000000001 0.75875 0.1275 0.75875 0.1275 0.73875
5 0.38875000000000004 0.72875 0.37875000000000003 0.72875 0.37875000000000003 0.74125 0.38875000000000004 0.74125 0.38875000000000004 0.72875