5 0.8025 0.47625 0.745 0.47625 0.745 0.49124999999999996 0.8025 0.49124999999999996 0.8025 0.47625
5 0.025 0.3175 0.015 0.3175 0.015 0.335 0.025 0.335 0.025 0.3175
5 0.0225 0.33375 0.0125 0.33375 0.0125 0.35375 0.0225 0.35375 0.0225 0.33375
5 0.01875 0.35625 0.008749999999999999 0.35625 0.008749999999999999 0.37374999999999997 0.01875 0.37374999999999997 0.01875 0.35625
5 0.015 0.37625000000000003 0.005 0.37625000000000003 0.005 0.39375 0.015 0.39375 0.015 0.37625000000000003
5 0.01125 0.39875 0.00125 0.39875 0.00125 0.41125 0.01125 0.41125 0.01125 0.39875
5 0 0.43375 0.0075 0.43375 0.0075 0.41875 0 0.41875 0 0.43375
5 0.13374999999999998 0.41500000000000004 0.12625 0.41500000000000004 0.12625 0.43 0.13374999999999998 0.43 0.13374999999999998 0.41500000000000004
5 0.35750000000000004 0.2525 0.34500000000000003 0.2525 0.34500000000000003 0.275 0.35750000000000004 0.275 0.35750000000000004 0.2525
5 0.35375 0.27749999999999997 0.34125 0.27749999999999997 0.34125 0.29500000000000004 0.35375 0.29500000000000004 0.35375 0.27749999999999997
5 0.34500000000000003 0.3525 0.335 0.3525 0.335 0.3675 0.34500000000000003 0.3675 0.34500000000000003 0.3525
5 0.1975 0.2425 0.185 0.2425 0.185 0.2575 0.1975 0.2575 0.1975 0.2425
5 0.1925 0.25875 0.1825 0.25875 0.1825 0.27625 0.1925 0.27625 0.1925 0.25875
5 0.0125 0.23875000000000002 0.005 0.23875000000000002 0.005 0.25375000000000003 0.0125 0.25375000000000003 0.0125 0.23875000000000002
5 0.01125 0.26125 0.00125 0.26125 0.00125 0.27875 0.01125 0.27875 0.01125 0.26125
5 0.03375 0.27125 0.021249999999999998 0.27125 0.021249999999999998 0.28875 0.03375 0.28875 0.03375 0.27125
5 0.02 0.2 0.0125 0.2 0.0125 0.21749999999999997 0.02 0.21749999999999997 0.02 0.2
5 0.35750000000000004 0.21875 0.34750000000000003 0.21875 0.34750000000000003 0.23625 0.35750000000000004 0.23625 0.35750000000000004 0.21875
5 0.36625 0.16375 0.35625 0.16375 0.35625 0.17875000000000002 0.36625 0.17875000000000002 0.36625 0.16375
5 0.37 0.12875 0.35750000000000004 0.12875 0.35750000000000004 0.14375 0.37 0.14375 0.37 0.12875
5 0.3725 0.10625 0.3625 0.10625 0.3625 0.12375 0.3725 0.12375 0.3725 0.10625
5 0.39625 0.11000000000000001 0.38625 0.11000000000000001 0.38625 0.125 0.39625 0.125 0.39625 0.11000000000000001
5 0.06375 0.10375000000000001 0.05125 0.10375000000000001 0.05125 0.12375 0.06375 0.12375 0.06375 0.10375000000000001
5 0.061250000000000006 0.12375 0.04875 0.12375 0.04875 0.13874999999999998 0.061250000000000006 0.13874999999999998 0.061250000000000006 0.12375
5 0.05375 0.16125 0.041249999999999995 0.16125 0.041249999999999995 0.17875000000000002 0.05375 0.17875000000000002 0.05375 0.16125
5 0.05125 0.1825 0.041249999999999995 0.1825 0.041249999999999995 0.1975 0.05125 0.1975 0.05125 0.1825
5 0.04625 0.2 0.03375 0.2 0.03375 0.215 0.04625 0.215 0.04625 0.2
5 0.04 0.2325 0.03 0.2325 0.03 0.24500000000000002 0.04 0.24500000000000002 0.04 0.2325
5 0 0.3 0.0075 0.3 0.0075 0.28250000000000003 0 0.28250000000000003 0 0.3
5 0.4025 0.057499999999999996 0.39249999999999996 0.057499999999999996 0.39249999999999996 0.08 0.4025 0.08 0.4025 0.057499999999999996
5 0.08125 0.01625 0.07125000000000001 0.01625 0.07125000000000001 0.03375 0.08125 0.03375 0.08125 0.01625
5 0.0725 0.05625 0.065 0.05625 0.065 0.07375000000000001 0.0725 0.07375000000000001 0.0725 0.05625
5 0.375 0.06625 0.365 0.06625 0.365 0.08375 0.375 0.08375 0.375 0.06625
5 0.6837500000000001 0.72 0.67125 0.72 0.67125 0.7375 0.6837500000000001 0.7375 0.6837500000000001 0.72
5 0.7150000000000001 0.68875 0.7 0.68875 0.7 0.70625 0.7150000000000001 0.70625 0.7150000000000001 0.68875
5 0.70875 0.76 0.69875 0.76 0.69875 0.775 0.70875 0.775 0.70875 0.76
5 0.66625 0.7537499999999999 0.64375 0.7537499999999999 0.64375 0.76375 0.66625 0.76375 0.66625 0.7537499999999999
5 0.7075 0.78 0.6925 0.78 0.6925 0.8 0.7075 0.8 0.7075 0.78
5 0.67875 0.76 0.66875 0.76 0.66875 0.7775000000000001 0.67875 0.7775000000000001 0.67875 0.76
5 0.6825 0.7825 0.6725 0.7825 0.6725 0.8 0.6825 0.8 0.6825 0.7825
5 0.6849999999999999 0.8237500000000001 0.6725 0.8237500000000001 0.6725 0.8412499999999999 0.6849999999999999 0.8412499999999999 0.6849999999999999 0.8237500000000001
5 0.7075 0.8462500000000001 0.6975 0.8462500000000001 0.6975 0.86625 0.7075 0.86625 0.7075 0.8462500000000001
5 0.67875 0.89625 0.67125 0.89625 0.67125 0.9112500000000001 0.67875 0.9112500000000001 0.67875 0.89625
5 0.68125 0.9125 0.67125 0.9125 0.67125 0.9324999999999999 0.68125 0.9324999999999999 0.68125 0.9125
5 0.9099999999999999 0.67875 0.885 0.67875 0.885 0.68875 0.9099999999999999 0.68875 0.9099999999999999 0.67875
5 0.9025000000000001 0.68875 0.885 0.68875 0.885 0.69875 0.9025000000000001 0.69875 0.9025000000000001 0.68875
5 0.9 0.7162499999999999 0.8825 0.7162499999999999 0.8825 0.72375 0.9 0.72375 0.9 0.7162499999999999
5 0.89875 0.745 0.87375 0.745 0.87375 0.7525000000000001 0.89875 0.7525000000000001 0.89875 0.745
5 0.68625 0.67125 0.67625 0.67125 0.67625 0.6912499999999999 0.68625 0.6912499999999999 0.68625 0.67125
5 0.7262500000000001 0.51375 0.7162499999999999 0.51375 0.7162499999999999 0.53125 0.7262500000000001 0.53125 0.7262500000000001 0.51375
5 0.7262500000000001 0.5337500000000001 0.71375 0.5337500000000001 0.71375 0.54875 0.7262500000000001 0.54875 0.7262500000000001 0.5337500000000001
5 0.67 0.48875 0.645 0.48875 0.645 0.49874999999999997 0.67 0.49874999999999997 0.67 0.48875
5 0.9099999999999999 0.6325000000000001 0.89 0.6325000000000001 0.89 0.6475 0.9099999999999999 0.6475 0.9099999999999999 0.6325000000000001
5 0.9099999999999999 0.65625 0.8875 0.65625 0.8875 0.6637500000000001 0.9099999999999999 0.6637500000000001 0.9099999999999999 0.65625
5 0.6275000000000001 0.73625 0.605 0.73625 0.605 0.74375 0.6275000000000001 0.74375 0.6275000000000001 0.73625
5 0.6 0.7375 0.58 0.7375 0.58 0.745 0.6 0.745 0.6 0.7375
5 0.5175 0.74125 0.495 0.74125 0.495 0.74875 0.5175 0.74875 0.5175 0.74125
5 0.42625 0.76375 0.40625 0.76375 0.40625 0.7737499999999999 0.42625 0.7737499999999999 0.42625 0.76375
5 0.32125 0.7675 0.29874999999999996 0.7675 0.29874999999999996 0.7775000000000001 0.32125 0.7775000000000001 0.32125 0.7675
5 0.37625000000000003 0.75 0.35375 0.75 0.35375 0.755 0.37625000000000003 0.755 0.37625000000000003 0.75
5 0.41375 0.7474999999999999 0.39375 0.7474999999999999 0.39375 0.755 0.41375 0.755 0.41375 0.7474999999999999
5 0.28500000000000003 0.79375 0.27 0.79375 0.27 0.81375 0.28500000000000003 0.81375 0.28500000000000003 0.79375
5 0.505 0.7625 0.48250000000000004 0.7625 0.48250000000000004 0.77 0.505 0.77 0.505 0.7625
5 0.55375 0.76125 0.53125 0.76125 0.53125 0.76875 0.55375 0.76875 0.55375 0.76125
5 0.57875 0.75875 0.55375 0.75875 0.55375 0.76625 0.57875 0.76625 0.57875 0.75875
5 0.6125 0.7575000000000001 0.5900000000000001 0.7575000000000001 0.5900000000000001 0.765 0.6125 0.765 0.6125 0.7575000000000001
5 0.2975 0.83375 0.28250000000000003 0.83375 0.28250000000000003 0.85125 0.2975 0.85125 0.2975 0.83375
5 0.23500000000000001 0.735 0.2225 0.735 0.2225 0.7474999999999999 0.23500000000000001 0.7474999999999999 0.23500000000000001 0.735
5 0.29375 0.9099999999999999 0.27875 0.9099999999999999 0.27875 0.93 0.29375 0.93 0.29375 0.9099999999999999
5 0.34875 0.8862500000000001 0.33125 0.8862500000000001 0.33125 0.89375 0.34875 0.89375 0.34875 0.8862500000000001
5 0.24 0.75 0.22749999999999998 0.75 0.22749999999999998 0.77 0.24 0.77 0.24 0.75
5 0.21625 0.66625 0.20375000000000001 0.66625 0.20375000000000001 0.6837500000000001 0.21625 0.6837500000000001 0.21625 0.66625
5 0.26375000000000004 0.7275 0.25125000000000003 0.7275 0.25125000000000003 0.745 0.26375000000000004 0.745 0.26375000000000004 0.7275
5 0.62 0 0.62 0.00625 0.645 0.00625 0.645 0 0.62 0
5 0.63375 0.045 0.60625 0.045 0.60625 0.05500000000000001 0.63375 0.05500000000000001 0.63375 0.045
5 0.63 0.06 0.605 0.06 0.605 0.0725 0.63 0.0725 0.63 0.06
5 0.62625 0.08125 0.60875 0.08125 0.60875 0.08875 0.62625 0.08875 0.62625 0.08125
5 0.62 0.1025 0.595 0.1025 0.595 0.1125 0.62 0.1125 0.62 0.1025
5 0.61625 0.11499999999999999 0.59375 0.11499999999999999 0.59375 0.125 0.61625 0.125 0.61625 0.11499999999999999
5 0.6125 0.13 0.5925 0.13 0.5925 0.1375 0.6125 0.1375 0.6125 0.13
5 0.6075 0.14750000000000002 0.585 0.14750000000000002 0.585 0.1575 0.6075 0.1575 0.6075 0.14750000000000002
5 0.55125 0.15 0.5387500000000001 0.15 0.5387500000000001 0.16999999999999998 0.55125 0.16999999999999998 0.55125 0.15
5 0.5925 0.21000000000000002 0.575 0.21000000000000002 0.575 0.22000000000000003 0.5925 0.22000000000000003 0.5925 0.21000000000000002
5 0.595 0.21875 0.5725 0.21875 0.5725 0.23125 0.595 0.23125 0.595 0.21875
5 0.8012499999999999 0.13999999999999999 0.7837500000000001 0.13999999999999999 0.7837500000000001 0.1625 0.8012499999999999 0.1625 0.8012499999999999 0.13999999999999999
5 0.82125 0.14750000000000002 0.81125 0.14750000000000002 0.81125 0.1625 0.82125 0.1625 0.82125 0.14750000000000002
5 0.78625 0.18625 0.7737499999999999 0.18625 0.7737499999999999 0.20625 0.78625 0.20625 0.78625 0.18625
5 0.7825 0.21375000000000002 0.7725 0.21375000000000002 0.7725 0.23125 0.7825 0.23125 0.7825 0.21375000000000002
5 0.81375 0.20249999999999999 0.79875 0.20249999999999999 0.79875 0.22000000000000003 0.81375 0.22000000000000003 0.81375 0.20249999999999999
5 0.865 0.475 0.845 0.475 0.845 0.48250000000000004 0.865 0.48250000000000004 0.865 0.475
5 0.35625 0.50875 0.32875 0.50875 0.32875 0.51875 0.35625 0.51875 0.35625 0.50875
5 0.33125 0.5275000000000001 0.32125 0.5275000000000001 0.32125 0.545 0.33125 0.545 0.33125 0.5275000000000001
5 0.225 0.53125 0.20750000000000002 0.53125 0.20750000000000002 0.54875 0.225 0.54875 0.225 0.53125
5 0 0.51625 0.02375 0.51625 0.02375 0.50625 0 0.50625 0 0.51625
5 0.052500000000000005 0.45125000000000004 0.03 0.45125000000000004 0.03 0.46125 0.052500000000000005 0.46125 0.052500000000000005 0.45125000000000004
5 0.095 0.45125000000000004 0.0725 0.45125000000000004 0.0725 0.46125 0.095 0.46125 0.095 0.45125000000000004
5 0.12375 0.45125000000000004 0.10375000000000001 0.45125000000000004 0.10375000000000001 0.45875000000000005 0.12375 0.45875000000000005 0.12375 0.45125000000000004
5 0.061250000000000006 0.4625 0.03625 0.4625 0.03625 0.4725 0.061250000000000006 0.4725 0.061250000000000006 0.4625
5 0.18 0.42750000000000005 0.17250000000000001 0.42750000000000005 0.17250000000000001 0.4425 0.18 0.4425 0.18 0.42750000000000005
5 0.19375 0.42625 0.18375 0.42625 0.18375 0.44375 0.19375 0.44375 0.19375 0.42625
5 0.225 0.42750000000000005 0.2125 0.42750000000000005 0.2125 0.4425 0.225 0.4425 0.225 0.42750000000000005
5 0.265 0.41875 0.255 0.41875 0.255 0.43375 0.265 0.43375 0.265 0.41875
5 0.2875 0.4175 0.27749999999999997 0.4175 0.27749999999999997 0.43499999999999994 0.2875 0.43499999999999994 0.2875 0.4175
5 0.31375000000000003 0.41624999999999995 0.30375 0.41624999999999995 0.30375 0.43125 0.31375000000000003 0.43125 0.31375000000000003 0.41624999999999995
5 0.33625 0.40625 0.32625000000000004 0.40625 0.32625000000000004 0.42374999999999996 0.33625 0.42374999999999996 0.33625 0.40625
5 0.25875 0.44375 0.23125 0.44375 0.23125 0.45375 0.25875 0.45375 0.25875 0.44375
5 0.3 0.44375 0.27999999999999997 0.44375 0.27999999999999997 0.45125000000000004 0.3 0.45125000000000004 0.3 0.44375
5 0.42874999999999996 0.43375 0.40374999999999994 0.43375 0.40374999999999994 0.44125 0.42874999999999996 0.44125 0.42874999999999996 0.43375
5 0.39 0.41 0.3675 0.41 0.3675 0.42000000000000004 0.39 0.42000000000000004 0.39 0.41
5 0.23374999999999999 0.63125 0.22125 0.63125 0.22125 0.65125 0.23374999999999999 0.65125 0.23374999999999999 0.63125
5 0.1975 0.61875 0.1825 0.61875 0.1825 0.63375 0.1975 0.63375 0.1975 0.61875
5 0.8825 0.9324999999999999 0.86 0.9324999999999999 0.86 0.9400000000000001 0.8825 0.9400000000000001 0.8825 0.9324999999999999
5 0.9724999999999999 0.48875 0.9550000000000001 0.48875 0.9550000000000001 0.50875 0.9724999999999999 0.50875 0.9724999999999999 0.48875
5 0.91875 0.5037499999999999 0.90625 0.5037499999999999 0.90625 0.51875 0.91875 0.51875 0.91875 0.5037499999999999
5 0.9087500000000001 0.49124999999999996 0.89375 0.49124999999999996 0.89375 0.50875 0.9087500000000001 0.50875 0.9087500000000001 0.49124999999999996
5 0.89625 0.49375 0.88375 0.49375 0.88375 0.51125 0.89625 0.51125 0.89625 0.49375
5 0.885 0.495 0.8724999999999999 0.495 0.8724999999999999 0.5125 0.885 0.5125 0.885 0.495
5 0.845 0.475 0.82 0.475 0.82 0.485 0.845 0.485 0.845 0.475
5 0.68875 0.385 0.67625 0.385 0.67625 0.4025 0.68875 0.4025 0.68875 0.385
5 0.71875 0.64375 0.70375 0.64375 0.70375 0.6637500000000001 0.71875 0.6637500000000001 0.71875 0.64375
5 0.71875 0.625 0.70625 0.625 0.70625 0.6425 0.71875 0.6425 0.71875 0.625
5 0.68625 0.70125 0.67375 0.70125 0.67375 0.71875 0.68625 0.71875 0.68625 0.70125
5 0.71375 0.70625 0.69625 0.70625 0.69625 0.72375 0.71375 0.72375 0.71375 0.70625
5 0.4875 0.74125 0.46749999999999997 0.74125 0.46749999999999997 0.75125 0.4875 0.75125 0.4875 0.74125
5 0.8887499999999999 0.8525 0.87625 0.8525 0.87625 0.8625 0.8887499999999999 0.8625 0.8887499999999999 0.8525
5 0.8925000000000001 0.8387499999999999 0.8775000000000001 0.8387499999999999 0.8775000000000001 0.8487500000000001 0.8925000000000001 0.8487500000000001 0.8925000000000001 0.8387499999999999
5 0.31375000000000003 0.50875 0.28875 0.50875 0.28875 0.52125 0.31375000000000003 0.52125 0.31375000000000003 0.50875
5 0.03375 0.97 0.01125 0.97 0.01125 0.9800000000000001 0.03375 0.9800000000000001 0.03375 0.97
5 0.51875 0.35375 0.5037499999999999 0.35375 0.5037499999999999 0.37374999999999997 0.51875 0.37374999999999997 0.51875 0.35375
5 0.39625 0.43375 0.37374999999999997 0.43375 0.37374999999999997 0.44375 0.39625 0.44375 0.39625 0.43375
5 0.14375 0.5075000000000001 0.058750000000000004 0.5075000000000001 0.058750000000000004 0.5225 0.14375 0.5225 0.14375 0.5075000000000001