5 0.28625 0.23875000000000002 0.25875 0.23875000000000002 0.25875 0.24625 0.28625 0.24625 0.28625 0.23875000000000002
5 0.3175 0.2375 0.29500000000000004 0.2375 0.29500000000000004 0.2475 0.3175 0.2475 0.3175 0.2375
5 0.3875 0.24125000000000002 0.3525 0.24125000000000002 0.3525 0.25125000000000003 0.3875 0.25125000000000003 0.3875 0.24125000000000002
5 0.4125 0.24 0.39 0.24 0.39 0.2475 0.4125 0.2475 0.4125 0.24
5 0.4375 0.23875000000000002 0.41500000000000004 0.23875000000000002 0.41500000000000004 0.24625 0.4375 0.24625 0.4375 0.23875000000000002
5 0.475 0.24 0.45499999999999996 0.24 0.45499999999999996 0.24500000000000002 0.475 0.24500000000000002 0.475 0.24
5 0.49874999999999997 0.24 0.47874999999999995 0.24 0.47874999999999995 0.24500000000000002 0.49874999999999997 0.24500000000000002 0.49874999999999997 0.24
5 0.5349999999999999 0.2375 0.5125 0.2375 0.5125 0.24500000000000002 0.5349999999999999 0.24500000000000002 0.5349999999999999 0.2375
5 0.575 0.23625 0.5599999999999999 0.23625 0.5599999999999999 0.24375 0.575 0.24375 0.575 0.23625
5 0.59875 0.23625 0.57625 0.23625 0.57625 0.24625 0.59875 0.24625 0.59875 0.23625
5 0.63125 0.23500000000000001 0.61125 0.23500000000000001 0.61125 0.2425 0.63125 0.2425 0.63125 0.23500000000000001
5 0.44375 0.26625 0.42125 0.26625 0.42125 0.27375 0.44375 0.27375 0.44375 0.26625
5 0.48250000000000004 0.2625 0.45999999999999996 0.2625 0.45999999999999996 0.2725 0.48250000000000004 0.2725 0.48250000000000004 0.2625
5 0.505 0.26 0.48250000000000004 0.26 0.48250000000000004 0.2725 0.505 0.2725 0.505 0.26
5 0.5900000000000001 0.25875 0.5625 0.25875 0.5625 0.26875 0.5900000000000001 0.26875 0.5900000000000001 0.25875
5 0.38 0.27999999999999997 0.365 0.27999999999999997 0.365 0.3025 0.38 0.3025 0.38 0.27999999999999997
5 0.37 0.32625000000000004 0.36 0.32625000000000004 0.36 0.34375 0.37 0.34375 0.37 0.32625000000000004
5 0.33875 0.28250000000000003 0.32625000000000004 0.28250000000000003 0.32625000000000004 0.3025 0.33875 0.3025 0.33875 0.28250000000000003
5 0.33875 0.30625 0.32625000000000004 0.30625 0.32625000000000004 0.32625000000000004 0.33875 0.32625000000000004 0.33875 0.30625
5 0.33625 0.35875 0.31875 0.35875 0.31875 0.37625000000000003 0.33625 0.37625000000000003 0.33625 0.35875
5 0.37 0.34249999999999997 0.36 0.34249999999999997 0.36 0.35750000000000004 0.37 0.35750000000000004 0.37 0.34249999999999997
5 0.36625 0.36124999999999996 0.35625 0.36124999999999996 0.35625 0.38125 0.36625 0.38125 0.36625 0.36124999999999996
5 0.32875 0.39625 0.31625000000000003 0.39625 0.31625000000000003 0.41624999999999995 0.32875 0.41624999999999995 0.32875 0.39625
5 0.33625 0.8875 0.31375000000000003 0.8875 0.31375000000000003 0.8949999999999999 0.33625 0.8949999999999999 0.33625 0.8875
5 0.3025 0.8875 0.28250000000000003 0.8875 0.28250000000000003 0.8949999999999999 0.3025 0.8949999999999999 0.3025 0.8875
5 0.275 0.8875 0.255 0.8875 0.255 0.8975 0.275 0.8975 0.275 0.8875
5 0.15625 0.86625 0.13625 0.86625 0.13625 0.87625 0.15625 0.87625 0.15625 0.86625
5 0.05125 0.86875 0.026250000000000002 0.86875 0.026250000000000002 0.88125 0.05125 0.88125 0.05125 0.86875
5 0.3025 0.75125 0.29 0.75125 0.29 0.76875 0.3025 0.76875 0.3025 0.75125
5 0.9425000000000001 0.97625 0.9225 0.97625 0.9225 0.98125 0.9425000000000001 0.98125 0.9425000000000001 0.97625
5 0.89125 0.97625 0.86875 0.97625 0.86875 0.98125 0.89125 0.98125 0.89125 0.97625
5 0.8525 0.9775 0.8300000000000001 0.9775 0.8300000000000001 0.985 0.8525 0.985 0.8525 0.9775
5 0.32375 0.76875 0.31124999999999997 0.76875 0.31124999999999997 0.78625 0.32375 0.78625 0.32375 0.76875
5 0.32999999999999996 0.6575 0.3175 0.6575 0.3175 0.6775 0.32999999999999996 0.6775 0.32999999999999996 0.6575
5 0.9525 0.7325 0.93 0.7325 0.93 0.7474999999999999 0.9525 0.7474999999999999 0.9525 0.7325
5 1 0.8387499999999999 0.9800000000000001 0.8387499999999999 0.9800000000000001 0.8462500000000001 1 0.8462500000000001 1 0.8387499999999999
5 0.89375 0.84375 0.86875 0.84375 0.86875 0.85125 0.89375 0.85125 0.89375 0.84375
5 0.8237500000000001 0.85875 0.80375 0.85875 0.80375 0.8637499999999999 0.8237500000000001 0.8637499999999999 0.8237500000000001 0.85875
5 0.8724999999999999 0.86875 0.85 0.86875 0.85 0.87625 0.8724999999999999 0.87625 0.8724999999999999 0.86875
5 0.7849999999999999 0.87375 0.7625 0.87375 0.7625 0.88125 0.7849999999999999 0.88125 0.7849999999999999 0.87375
5 0.68875 0.7575000000000001 0.67875 0.7575000000000001 0.67875 0.775 0.68875 0.775 0.68875 0.7575000000000001
5 0.6875 0.78 0.675 0.78 0.675 0.8 0.6875 0.8 0.6875 0.78
5 0.6849999999999999 0.8087500000000001 0.67 0.8087500000000001 0.67 0.8262499999999999 0.6849999999999999 0.8262499999999999 0.6849999999999999 0.8087500000000001
5 0.68625 0.82875 0.67125 0.82875 0.67125 0.8462500000000001 0.68625 0.8462500000000001 0.68625 0.82875
5 0.69625 0.8400000000000001 0.6837500000000001 0.8400000000000001 0.6837500000000001 0.8550000000000001 0.69625 0.8550000000000001 0.69625 0.8400000000000001
5 0.92875 0.655 0.91625 0.655 0.91625 0.67 0.92875 0.67 0.92875 0.655
5 0.9412499999999999 0.6537499999999999 0.93125 0.6537499999999999 0.93125 0.67125 0.9412499999999999 0.67125 0.9412499999999999 0.6537499999999999
5 0.93625 0.6212500000000001 0.9237500000000001 0.6212500000000001 0.9237500000000001 0.63875 0.93625 0.63875 0.93625 0.6212500000000001
5 0.8949999999999999 0.6025 0.875 0.6025 0.875 0.61 0.8949999999999999 0.61 0.8949999999999999 0.6025
5 0.8975 0.6125 0.8724999999999999 0.6125 0.8724999999999999 0.6224999999999999 0.8975 0.6224999999999999 0.8975 0.6125
5 0.8975 0.62375 0.8775000000000001 0.62375 0.8775000000000001 0.63125 0.8975 0.63125 0.8975 0.62375
5 0.89625 0.5900000000000001 0.87625 0.5900000000000001 0.87625 0.5974999999999999 0.89625 0.5974999999999999 0.89625 0.5900000000000001
5 0.91375 0.58 0.89625 0.58 0.89625 0.5875 0.91375 0.5875 0.91375 0.58
5 0.9525 0.55 0.93 0.55 0.93 0.5575 0.9525 0.5575 0.9525 0.55
5 0.7025 0.60375 0.6900000000000001 0.60375 0.6900000000000001 0.62375 0.7025 0.62375 0.7025 0.60375
5 0.69625 0.65625 0.68625 0.65625 0.68625 0.67375 0.69625 0.67375 0.69625 0.65625
5 0.66125 0.6849999999999999 0.65125 0.6849999999999999 0.65125 0.7 0.66125 0.7 0.66125 0.6849999999999999
5 0.6587500000000001 0.72375 0.6487499999999999 0.72375 0.6487499999999999 0.73875 0.6587500000000001 0.73875 0.6587500000000001 0.72375
5 0.6525000000000001 0.78 0.6425 0.78 0.6425 0.8 0.6525000000000001 0.8 0.6525000000000001 0.78
5 0.65125 0.805 0.64125 0.805 0.64125 0.82 0.65125 0.82 0.65125 0.805
5 0.64625 0.8225 0.63125 0.8225 0.63125 0.8400000000000001 0.64625 0.8400000000000001 0.64625 0.8225
5 0.6224999999999999 0.8474999999999999 0.605 0.8474999999999999 0.605 0.86 0.6224999999999999 0.86 0.6224999999999999 0.8474999999999999
5 0.57625 0.85375 0.55625 0.85375 0.55625 0.8637499999999999 0.57625 0.8637499999999999 0.57625 0.85375
5 0.48624999999999996 0.8825 0.46624999999999994 0.8825 0.46624999999999994 0.89 0.48624999999999996 0.89 0.48624999999999996 0.8825
5 0.605 0.8825 0.5825 0.8825 0.5825 0.89 0.605 0.89 0.605 0.8825
5 0.56875 0.885 0.55125 0.885 0.55125 0.89 0.56875 0.89 0.56875 0.885
5 0.8099999999999999 0.8474999999999999 0.795 0.8474999999999999 0.795 0.8550000000000001 0.8099999999999999 0.8550000000000001 0.8099999999999999 0.8474999999999999
5 0.71 0.4525 0.6975 0.4525 0.6975 0.4725 0.71 0.4725 0.71 0.4525
5 0.71 0.4875 0.7 0.4875 0.7 0.5075000000000001 0.71 0.5075000000000001 0.71 0.4875
5 0.6837500000000001 0.48250000000000004 0.67375 0.48250000000000004 0.67375 0.49749999999999994 0.6837500000000001 0.49749999999999994 0.6837500000000001 0.48250000000000004
5 0.33375 0.70125 0.31625000000000003 0.70125 0.31625000000000003 0.7262500000000001 0.33375 0.7262500000000001 0.33375 0.70125
5 0.97625 0.3875 0.96125 0.3875 0.96125 0.40499999999999997 0.97625 0.40499999999999997 0.97625 0.3875
5 0.9225 0.3875 0.9075 0.3875 0.9075 0.40499999999999997 0.9225 0.40499999999999997 0.9225 0.3875
5 0.93625 0.38625 0.91875 0.38625 0.91875 0.40875000000000006 0.93625 0.40875000000000006 0.93625 0.38625
5 0.9475 0.3875 0.9349999999999999 0.3875 0.9349999999999999 0.4025 0.9475 0.4025 0.9475 0.3875
5 0.9574999999999999 0.38625 0.9475 0.38625 0.9475 0.40374999999999994 0.9574999999999999 0.40374999999999994 0.9574999999999999 0.38625
5 0.99125 0.38625 0.98125 0.38625 0.98125 0.40125 0.99125 0.40125 0.99125 0.38625
5 0.86625 0.39125 0.85125 0.39125 0.85125 0.41125 0.86625 0.41125 0.86625 0.39125
5 0.83625 0.3875 0.8262499999999999 0.3875 0.8262499999999999 0.40499999999999997 0.83625 0.40499999999999997 0.83625 0.3875
5 0.82 0.3875 0.8074999999999999 0.3875 0.8074999999999999 0.4 0.82 0.4 0.82 0.3875
5 0.78125 0.3775 0.75875 0.3775 0.75875 0.385 0.78125 0.385 0.78125 0.3775
5 0.76 0.39125 0.7474999999999999 0.39125 0.7474999999999999 0.40625 0.76 0.40625 0.76 0.39125
5 0.73625 0.395 0.72875 0.395 0.72875 0.40750000000000003 0.73625 0.40750000000000003 0.73625 0.395
5 0.7075 0.30625 0.6950000000000001 0.30625 0.6950000000000001 0.32375 0.7075 0.32375 0.7075 0.30625
5 0.70625 0.27999999999999997 0.69375 0.27999999999999997 0.69375 0.3025 0.70625 0.3025 0.70625 0.27999999999999997
5 0.68625 0.31 0.67625 0.31 0.67625 0.325 0.68625 0.325 0.68625 0.31
5 1 0.22999999999999998 0.9800000000000001 0.22999999999999998 0.9800000000000001 0.24 1 0.24 1 0.22999999999999998
5 0.335 0.62 0.325 0.62 0.325 0.6375 0.335 0.6375 0.335 0.62
5 0.31625000000000003 0.55625 0.30625 0.55625 0.30625 0.57375 0.31625000000000003 0.57375 0.31625000000000003 0.55625
5 0.31375000000000003 0.5775 0.30125 0.5775 0.30125 0.5925 0.31375000000000003 0.5925 0.31375000000000003 0.5775
5 0.34249999999999997 0.57125 0.32999999999999996 0.57125 0.32999999999999996 0.5912499999999999 0.34249999999999997 0.5912499999999999 0.34249999999999997 0.57125
5 0.34500000000000003 0.54625 0.32999999999999996 0.54625 0.32999999999999996 0.56125 0.34500000000000003 0.56125 0.34500000000000003 0.54625
5 0.31875 0.4925 0.30874999999999997 0.4925 0.30874999999999997 0.5075000000000001 0.31875 0.5075000000000001 0.31875 0.4925
5 0.32125 0.50875 0.31124999999999997 0.50875 0.31124999999999997 0.5287499999999999 0.32125 0.5287499999999999 0.32125 0.50875
5 0.31625000000000003 0.5337500000000001 0.30625 0.5337500000000001 0.30625 0.54875 0.31625000000000003 0.54875 0.31625000000000003 0.5337500000000001
5 0.355 0.43499999999999994 0.34249999999999997 0.43499999999999994 0.34249999999999997 0.4525 0.355 0.4525 0.355 0.43499999999999994
5 0.3525 0.4525 0.34249999999999997 0.4525 0.34249999999999997 0.46749999999999997 0.3525 0.46749999999999997 0.3525 0.4525
5 0.35375 0.47125000000000006 0.34125 0.47125000000000006 0.34125 0.48875 0.35375 0.48875 0.35375 0.47125000000000006
5 0.355 0.495 0.34249999999999997 0.495 0.34249999999999997 0.5125 0.355 0.5125 0.355 0.495
5 0.34750000000000003 0.515 0.335 0.515 0.335 0.5375 0.34750000000000003 0.5375 0.34750000000000003 0.515
5 0.325 0.42374999999999996 0.315 0.42374999999999996 0.315 0.44125 0.325 0.44125 0.325 0.42374999999999996
5 0.35875 0.40625 0.34625 0.40625 0.34625 0.42874999999999996 0.35875 0.42874999999999996 0.35875 0.40625
5 0 0.40750000000000003 0.0075 0.40750000000000003 0.0075 0.3875 0 0.3875 0 0.40750000000000003
5 0.01 0.30375 0.0025 0.30375 0.0025 0.32125 0.01 0.32125 0.01 0.30375
5 0.05375 0.24625 0.03375 0.24625 0.03375 0.25375000000000003 0.05375 0.25375000000000003 0.05375 0.24625
5 0.02 0.21875 0.01 0.21875 0.01 0.23625 0.02 0.23625 0.02 0.21875
5 0.14750000000000002 0.24375 0.1275 0.24375 0.1275 0.25125000000000003 0.14750000000000002 0.25125000000000003 0.14750000000000002 0.24375
5 0.11499999999999999 0.255 0.09 0.255 0.09 0.265 0.11499999999999999 0.265 0.11499999999999999 0.255
5 0.09 0.2725 0.065 0.2725 0.065 0.27999999999999997 0.09 0.27999999999999997 0.09 0.2725
5 0.18125 0.28875 0.16875 0.28875 0.16875 0.30375 0.18125 0.30375 0.18125 0.28875
5 0.22000000000000003 0.26875 0.195 0.26875 0.195 0.27625 0.22000000000000003 0.27625 0.22000000000000003 0.26875
5 0.255 0.27 0.2325 0.27 0.2325 0.27749999999999997 0.255 0.27749999999999997 0.255 0.27
5 0.02375 0.12875 0.008749999999999999 0.12875 0.008749999999999999 0.14875 0.02375 0.14875 0.02375 0.12875
5 0.026250000000000002 0.11125 0.01125 0.11125 0.01125 0.12875 0.026250000000000002 0.12875 0.026250000000000002 0.11125
5 0.026250000000000002 0.058750000000000004 0.013750000000000002 0.058750000000000004 0.013750000000000002 0.07375000000000001 0.026250000000000002 0.07375000000000001 0.026250000000000002 0.058750000000000004
5 0.2 0.0025 0.175 0.0025 0.175 0.01 0.2 0.01 0.2 0.0025
5 0.05500000000000001 0.0025 0.025 0.0025 0.025 0.0125 0.05500000000000001 0.0125 0.05500000000000001 0.0025
5 0.07625 0.00375 0.05375 0.00375 0.05375 0.013750000000000002 0.07625 0.013750000000000002 0.07625 0.00375
5 0.6125 0.80375 0.5925 0.80375 0.5925 0.81375 0.6125 0.81375 0.6125 0.80375
5 0.5599999999999999 0.7575000000000001 0.545 0.7575000000000001 0.545 0.7675 0.5599999999999999 0.7675 0.5599999999999999 0.7575000000000001
5 0.5625 0.7474999999999999 0.545 0.7474999999999999 0.545 0.755 0.5625 0.755 0.5625 0.7474999999999999
5 0.5825 0.81875 0.5725 0.81875 0.5725 0.83125 0.5825 0.83125 0.5825 0.81875
5 0.5974999999999999 0.7275 0.5900000000000001 0.7275 0.5900000000000001 0.745 0.5974999999999999 0.745 0.5974999999999999 0.7275
5 0.61125 0.78125 0.5962500000000001 0.78125 0.5962500000000001 0.7887500000000001 0.61125 0.7887500000000001 0.61125 0.78125
5 0.60875 0.73375 0.6012500000000001 0.73375 0.6012500000000001 0.7462500000000001 0.60875 0.7462500000000001 0.60875 0.73375
5 0.5587500000000001 0.82 0.54875 0.82 0.54875 0.8375 0.5587500000000001 0.8375 0.5587500000000001 0.82
5 0.5625 0.74 0.55 0.74 0.55 0.7474999999999999 0.5625 0.7474999999999999 0.5625 0.74
5 0.545 0.79625 0.5325 0.79625 0.5325 0.8012499999999999 0.545 0.8012499999999999 0.545 0.79625
5 0.5725 0.82 0.5625 0.82 0.5625 0.835 0.5725 0.835 0.5725 0.82
5 0.55125 0.7837500000000001 0.5387500000000001 0.7837500000000001 0.5387500000000001 0.79375 0.55125 0.79375 0.55125 0.7837500000000001
5 0.61 0.7925 0.5925 0.7925 0.5925 0.8 0.61 0.8 0.61 0.7925
5 0.55375 0.7775000000000001 0.54125 0.7775000000000001 0.54125 0.7849999999999999 0.55375 0.7849999999999999 0.55375 0.7775000000000001
5 0.5525 0.7675 0.54 0.7675 0.54 0.775 0.5525 0.775 0.5525 0.7675
5 0.5325 0.82 0.5225 0.82 0.5225 0.835 0.5325 0.835 0.5325 0.82
5 0.61875 0.76375 0.59875 0.76375 0.59875 0.77125 0.61875 0.77125 0.61875 0.76375
5 0.545 0.8175000000000001 0.5375 0.8175000000000001 0.5375 0.8324999999999999 0.545 0.8324999999999999 0.545 0.8175000000000001
5 0.54625 0.805 0.5337500000000001 0.805 0.5337500000000001 0.8125 0.54625 0.8125 0.54625 0.805
5 0.61375 0.77125 0.6012500000000001 0.77125 0.6012500000000001 0.78125 0.61375 0.78125 0.61375 0.77125
5 0.5825 0.76 0.5700000000000001 0.76 0.5700000000000001 0.78 0.5825 0.78 0.5825 0.76
5 0.575 0.7787499999999999 0.5675 0.7787499999999999 0.5675 0.79875 0.575 0.79875 0.575 0.7787499999999999