5 0.8099999999999999 0.7112499999999999 0.7825 0.7112499999999999 0.7825 0.71875 0.8099999999999999 0.71875 0.8099999999999999 0.7112499999999999
5 0.90625 0.11625 0.8862500000000001 0.11625 0.8862500000000001 0.12625 0.90625 0.12625 0.90625 0.11625
5 0.8012499999999999 0.11875 0.77625 0.11875 0.77625 0.13125 0.8012499999999999 0.13125 0.8012499999999999 0.11875
5 0.72875 0.02 0.7162499999999999 0.02 0.7162499999999999 0.042499999999999996 0.72875 0.042499999999999996 0.72875 0.02
5 0.7262500000000001 0.05625 0.71375 0.05625 0.71375 0.07375000000000001 0.7262500000000001 0.07375000000000001 0.7262500000000001 0.05625
5 0.72375 0.075 0.71375 0.075 0.71375 0.0925 0.72375 0.0925 0.72375 0.075
5 0.72375 0.10375000000000001 0.71375 0.10375000000000001 0.71375 0.12125 0.72375 0.12125 0.72375 0.10375000000000001
5 0.6837500000000001 0.0775 0.66875 0.0775 0.66875 0.10500000000000001 0.6837500000000001 0.10500000000000001 0.6837500000000001 0.0775
5 0.67375 0.20375000000000001 0.66125 0.20375000000000001 0.66125 0.22625 0.67375 0.22625 0.67375 0.20375000000000001
5 0.7150000000000001 0.22875 0.705 0.22875 0.705 0.24625 0.7150000000000001 0.24625 0.7150000000000001 0.22875
5 0.66875 0.2575 0.6537499999999999 0.2575 0.6537499999999999 0.27749999999999997 0.66875 0.27749999999999997 0.66875 0.2575
5 0.6425 0.22625 0.6174999999999999 0.22625 0.6174999999999999 0.23625 0.6425 0.23625 0.6425 0.22625
5 0.5525 0.1075 0.525 0.1075 0.525 0.12 0.5525 0.12 0.5525 0.1075
5 1 0.51875 0.9887499999999999 0.51875 0.9887499999999999 0.53625 1 0.53625 1 0.51875
5 0.98375 0.545 0.96875 0.545 0.96875 0.5599999999999999 0.98375 0.5599999999999999 0.98375 0.545
5 0.95625 0.545 0.94375 0.545 0.94375 0.5599999999999999 0.95625 0.5599999999999999 0.95625 0.545
5 0.945 0.5475 0.9324999999999999 0.5475 0.9324999999999999 0.5625 0.945 0.5625 0.945 0.5475
5 0.9237500000000001 0.545 0.91375 0.545 0.91375 0.5599999999999999 0.9237500000000001 0.5599999999999999 0.9237500000000001 0.545
5 0.9112500000000001 0.54375 0.89875 0.54375 0.89875 0.56125 0.9112500000000001 0.56125 0.9112500000000001 0.54375
5 0.89625 0.54625 0.88375 0.54625 0.88375 0.56375 0.89625 0.56375 0.89625 0.54625
5 0.8574999999999999 0.54625 0.845 0.54625 0.845 0.56125 0.8574999999999999 0.56125 0.8574999999999999 0.54625
5 1 0.46125 0.9925 0.46125 0.9925 0.47874999999999995 1 0.47874999999999995 1 0.46125
5 0.1375 0.9712500000000001 0.1125 0.9712500000000001 0.1125 0.98125 0.1375 0.98125 0.1375 0.9712500000000001
5 0.11499999999999999 0.98125 0.0925 0.98125 0.0925 0.99125 0.11499999999999999 0.99125 0.11499999999999999 0.98125
5 0.11875 0.8825 0.10625 0.8825 0.10625 0.9 0.11875 0.9 0.11875 0.8825
5 0.045 0.89125 0.0325 0.89125 0.0325 0.9087500000000001 0.045 0.9087500000000001 0.045 0.89125
5 0.026250000000000002 0.8949999999999999 0.01625 0.8949999999999999 0.01625 0.9099999999999999 0.026250000000000002 0.9099999999999999 0.026250000000000002 0.8949999999999999
5 0.013750000000000002 0.89625 0.00125 0.89625 0.00125 0.91375 0.013750000000000002 0.91375 0.013750000000000002 0.89625
5 0.13374999999999998 0.905 0.11374999999999999 0.905 0.11374999999999999 0.915 0.13374999999999998 0.915 0.13374999999999998 0.905
5 0.08125 0.505 0.07125000000000001 0.505 0.07125000000000001 0.525 0.08125 0.525 0.08125 0.505
5 0.05125 0.46624999999999994 0.041249999999999995 0.46624999999999994 0.041249999999999995 0.48375 0.05125 0.48375 0.05125 0.46624999999999994
5 0.05625 0.26625 0.04875 0.26625 0.04875 0.28875 0.05625 0.28875 0.05625 0.26625
5 0.09 0.195 0.075 0.195 0.075 0.2125 0.09 0.2125 0.09 0.195
5 0.09125 0.26 0.07625 0.26 0.07625 0.2875 0.09125 0.2875 0.09125 0.26
5 0.08499999999999999 0.3525 0.0725 0.3525 0.0725 0.3725 0.08499999999999999 0.3725 0.08499999999999999 0.3525
5 0.058750000000000004 0.385 0.04375 0.385 0.04375 0.4025 0.058750000000000004 0.4025 0.058750000000000004 0.385
5 0.05625 0.40499999999999997 0.041249999999999995 0.40499999999999997 0.041249999999999995 0.4225 0.05625 0.4225 0.05625 0.40499999999999997
5 0 0.36625 0.01 0.36625 0.01 0.35625 0 0.35625 0 0.36625
5 0.052500000000000005 0.42750000000000005 0.042499999999999996 0.42750000000000005 0.042499999999999996 0.4425 0.052500000000000005 0.4425 0.052500000000000005 0.42750000000000005
5 0 0.25125000000000003 0.01625 0.25125000000000003 0.01625 0.24375 0 0.24375 0 0.25125000000000003
5 0.09 0.125 0.08 0.125 0.08 0.14750000000000002 0.09 0.14750000000000002 0.09 0.125
5 0.0925 0.14750000000000002 0.08 0.14750000000000002 0.08 0.1675 0.0925 0.1675 0.0925 0.14750000000000002
5 0.11499999999999999 0.08875 0.0875 0.08875 0.0875 0.09625 0.11499999999999999 0.09625 0.11499999999999999 0.08875
5 0.05125 0.08375 0.028749999999999998 0.08375 0.028749999999999998 0.09125 0.05125 0.09125 0.05125 0.08375
5 0.94375 0.905 0.9237500000000001 0.905 0.9237500000000001 0.9125 0.94375 0.9125 0.94375 0.905
5 0.88375 0.95375 0.86875 0.95375 0.86875 0.9712500000000001 0.88375 0.9712500000000001 0.88375 0.95375
5 0.9099999999999999 1 0.9099999999999999 0.985 0.9 0.985 0.9 1 0.9099999999999999 1
5 0.81875 0.9487500000000001 0.80625 0.9487500000000001 0.80625 0.9637499999999999 0.81875 0.9637499999999999 0.81875 0.9487500000000001
5 0.57875 0.95 0.55125 0.95 0.55125 0.9574999999999999 0.57875 0.9574999999999999 0.57875 0.95
5 0.5974999999999999 0.9550000000000001 0.5775 0.9550000000000001 0.5775 0.9625 0.5974999999999999 0.9625 0.5974999999999999 0.9550000000000001
5 0.91375 0.85875 0.8862500000000001 0.85875 0.8862500000000001 0.8712500000000001 0.91375 0.8712500000000001 0.91375 0.85875
5 0.8637499999999999 0.8612500000000001 0.8412499999999999 0.8612500000000001 0.8412499999999999 0.8712500000000001 0.8637499999999999 0.8712500000000001 0.8637499999999999 0.8612500000000001
5 0.85875 0.8387499999999999 0.85125 0.8387499999999999 0.85125 0.85375 0.85875 0.85375 0.85875 0.8387499999999999
5 0.8724999999999999 0.83625 0.86 0.83625 0.86 0.85125 0.8724999999999999 0.85125 0.8724999999999999 0.83625
5 0.9087500000000001 0.8225 0.89625 0.8225 0.89625 0.8400000000000001 0.9087500000000001 0.8400000000000001 0.9087500000000001 0.8225
5 0.9275 0.8300000000000001 0.9175000000000001 0.8300000000000001 0.9175000000000001 0.8474999999999999 0.9275 0.8474999999999999 0.9275 0.8300000000000001
5 0.9962500000000001 0.8324999999999999 0.9862500000000001 0.8324999999999999 0.9862500000000001 0.85 0.9962500000000001 0.85 0.9962500000000001 0.8324999999999999
5 0.63875 0.845 0.61375 0.845 0.61375 0.8525 0.63875 0.8525 0.63875 0.845
5 0.63875 0.8550000000000001 0.61375 0.8550000000000001 0.61375 0.86 0.63875 0.86 0.63875 0.8550000000000001
5 0.5700000000000001 0.8800000000000001 0.5375 0.8800000000000001 0.5375 0.89 0.5700000000000001 0.89 0.5700000000000001 0.8800000000000001
5 0.5237499999999999 0.8800000000000001 0.50125 0.8800000000000001 0.50125 0.89 0.5237499999999999 0.89 0.5237499999999999 0.8800000000000001
5 0.45125000000000004 0.8862500000000001 0.42625 0.8862500000000001 0.42625 0.89625 0.45125000000000004 0.89625 0.45125000000000004 0.8862500000000001
5 0.38625 0.86875 0.37124999999999997 0.86875 0.37124999999999997 0.88375 0.38625 0.88375 0.38625 0.86875
5 0.3975 0.86875 0.3875 0.86875 0.3875 0.88375 0.3975 0.88375 0.3975 0.86875
5 0.38125 0.96125 0.35875 0.96125 0.35875 0.9712500000000001 0.38125 0.9712500000000001 0.38125 0.96125
5 0.425 0.96125 0.40499999999999997 0.96125 0.40499999999999997 0.9712500000000001 0.425 0.9712500000000001 0.425 0.96125
5 0.45375 0.95875 0.43125 0.95875 0.43125 0.96875 0.45375 0.96875 0.45375 0.95875
5 0.29874999999999996 0.9675 0.27875 0.9675 0.27875 0.9724999999999999 0.29874999999999996 0.9724999999999999 0.29874999999999996 0.9675
5 0.33875 1 0.33875 0.9800000000000001 0.32375 0.9800000000000001 0.32375 1 0.33875 1
5 0.39375 0.9775 0.38125 0.9775 0.38125 0.9949999999999999 0.39375 0.9949999999999999 0.39375 0.9775
5 0.2925 1 0.2925 0.9875 0.27999999999999997 0.9875 0.27999999999999997 1 0.2925 1
5 0.2525 1 0.2525 0.9862500000000001 0.2375 0.9862500000000001 0.2375 1 0.2525 1
5 0.16499999999999998 0.9724999999999999 0.145 0.9724999999999999 0.145 0.9824999999999999 0.16499999999999998 0.9824999999999999 0.16499999999999998 0.9724999999999999
5 0.185 0.87375 0.175 0.87375 0.175 0.89375 0.185 0.89375 0.185 0.87375
5 0.17250000000000001 0.875 0.1625 0.875 0.1625 0.89 0.17250000000000001 0.89 0.17250000000000001 0.875
5 0.19875 0.87375 0.18875 0.87375 0.18875 0.89125 0.19875 0.89125 0.19875 0.87375
5 0.2225 0.8724999999999999 0.20750000000000002 0.8724999999999999 0.20750000000000002 0.89 0.2225 0.89 0.2225 0.8724999999999999
5 0.23625 0.8712500000000001 0.22374999999999998 0.8712500000000001 0.22374999999999998 0.8887499999999999 0.23625 0.8887499999999999 0.23625 0.8712500000000001
5 0.25 0.8699999999999999 0.23500000000000001 0.8699999999999999 0.23500000000000001 0.8875 0.25 0.8875 0.25 0.8699999999999999
5 0.26625 0.8712500000000001 0.25375000000000003 0.8712500000000001 0.25375000000000003 0.8887499999999999 0.26625 0.8887499999999999 0.26625 0.8712500000000001
5 0.27749999999999997 0.8699999999999999 0.26749999999999996 0.8699999999999999 0.26749999999999996 0.8875 0.27749999999999997 0.8875 0.27749999999999997 0.8699999999999999
5 0.05 0.9112500000000001 0.027500000000000004 0.9112500000000001 0.027500000000000004 0.92125 0.05 0.92125 0.05 0.9112500000000001
5 0.16125 0.76375 0.13874999999999998 0.76375 0.13874999999999998 0.77125 0.16125 0.77125 0.16125 0.76375
5 0.34750000000000003 0.7375 0.3275 0.7375 0.3275 0.745 0.34750000000000003 0.745 0.34750000000000003 0.7375
5 0.66875 0.73875 0.65625 0.73875 0.65625 0.75875 0.66875 0.75875 0.66875 0.73875
5 0.64125 0.76875 0.6212500000000001 0.76875 0.6212500000000001 0.77625 0.64125 0.77625 0.64125 0.76875
5 0.63875 0.78125 0.62375 0.78125 0.62375 0.7887500000000001 0.63875 0.7887500000000001 0.63875 0.78125
5 0.64125 0.8099999999999999 0.61875 0.8099999999999999 0.61875 0.82 0.64125 0.82 0.64125 0.8099999999999999
5 0.6375 0.8237500000000001 0.6174999999999999 0.8237500000000001 0.6174999999999999 0.83125 0.6375 0.83125 0.6375 0.8237500000000001
5 0.6425 0.83375 0.6174999999999999 0.83375 0.6174999999999999 0.84375 0.6425 0.84375 0.6425 0.83375
5 0.645 0.68125 0.625 0.68125 0.625 0.68875 0.645 0.68875 0.645 0.68125
5 0.65 0.6900000000000001 0.625 0.6900000000000001 0.625 0.7 0.65 0.7 0.65 0.6900000000000001
5 0.7424999999999999 0.67375 0.71 0.67375 0.71 0.68875 0.7424999999999999 0.68875 0.7424999999999999 0.67375
5 0.76625 0.6375 0.73875 0.6375 0.73875 0.6475 0.76625 0.6475 0.76625 0.6375
5 0.7625 0.6 0.7525000000000001 0.6 0.7525000000000001 0.6174999999999999 0.7625 0.6174999999999999 0.7625 0.6
5 0.81125 0.6950000000000001 0.7887500000000001 0.6950000000000001 0.7887500000000001 0.7025 0.81125 0.7025 0.81125 0.6950000000000001
5 0.8087500000000001 0.7 0.7837500000000001 0.7 0.7837500000000001 0.71 0.8087500000000001 0.71 0.8087500000000001 0.7
5 0.6975 0.44000000000000006 0.6875 0.44000000000000006 0.6875 0.45999999999999996 0.6975 0.45999999999999996 0.6975 0.44000000000000006
5 0.60875 0.56375 0.58125 0.56375 0.58125 0.57125 0.60875 0.57125 0.60875 0.56375
5 0.22749999999999998 0.6075 0.21000000000000002 0.6075 0.21000000000000002 0.6174999999999999 0.22749999999999998 0.6174999999999999 0.22749999999999998 0.6075
5 0 0.645 0.01125 0.645 0.01125 0.635 0 0.635 0 0.645
5 0.4575 0.15625 0.445 0.15625 0.445 0.17375000000000002 0.4575 0.17375000000000002 0.4575 0.15625
5 0.41875 0.195 0.40875000000000006 0.195 0.40875000000000006 0.2125 0.41875 0.2125 0.41875 0.195
5 0.4175 0.21625 0.40499999999999997 0.21625 0.40499999999999997 0.23875000000000002 0.4175 0.23875000000000002 0.4175 0.21625
5 0.43375 0.33375 0.42125 0.33375 0.42125 0.35375 0.43375 0.35375 0.43375 0.33375
5 0.43 0.37124999999999997 0.42000000000000004 0.37124999999999997 0.42000000000000004 0.38875000000000004 0.43 0.38875000000000004 0.43 0.37124999999999997
5 0.40125 0.375 0.39375 0.375 0.39375 0.39249999999999996 0.40125 0.39249999999999996 0.40125 0.375
5 0.40750000000000003 0.42374999999999996 0.39 0.42374999999999996 0.39 0.44875 0.40750000000000003 0.44875 0.40750000000000003 0.42374999999999996
5 0.43125 0.40875000000000006 0.42125 0.40875000000000006 0.42125 0.42625 0.43125 0.42625 0.43125 0.40875000000000006
5 0.43 0.4525 0.4175 0.4525 0.4175 0.475 0.43 0.475 0.43 0.4525
5 0.42374999999999996 0.47750000000000004 0.41375 0.47750000000000004 0.41375 0.495 0.42374999999999996 0.495 0.42374999999999996 0.47750000000000004
5 0.65625 0.43375 0.64375 0.43375 0.64375 0.45375 0.65625 0.45375 0.65625 0.43375
5 0.6587500000000001 0.37875000000000003 0.6487499999999999 0.37875000000000003 0.6487499999999999 0.39625 0.6587500000000001 0.39625 0.6587500000000001 0.37875000000000003
5 0.6587500000000001 0.40499999999999997 0.64625 0.40499999999999997 0.64625 0.425 0.6587500000000001 0.425 0.6587500000000001 0.40499999999999997
5 0.6587500000000001 0.3325 0.6487499999999999 0.3325 0.6487499999999999 0.35 0.6587500000000001 0.35 0.6587500000000001 0.3325
5 0.22000000000000003 0.09625 0.1975 0.09625 0.1975 0.10375000000000001 0.22000000000000003 0.10375000000000001 0.22000000000000003 0.09625
5 0.24 0.0975 0.22000000000000003 0.0975 0.22000000000000003 0.10500000000000001 0.24 0.10500000000000001 0.24 0.0975
5 0.31625000000000003 0.1 0.29625 0.1 0.29625 0.1075 0.31625000000000003 0.1075 0.31625000000000003 0.1
5 0.3525 0.10375000000000001 0.325 0.10375000000000001 0.325 0.11125 0.3525 0.11125 0.3525 0.10375000000000001
5 0.51375 0.07125000000000001 0.48624999999999996 0.07125000000000001 0.48624999999999996 0.09375 0.51375 0.09375 0.51375 0.07125000000000001
5 0.51625 0.0675 0.49625 0.0675 0.49625 0.075 0.51625 0.075 0.51625 0.0675
5 0.49375 0.0225 0.47874999999999995 0.0225 0.47874999999999995 0.04 0.49375 0.04 0.49375 0.0225
5 0.041249999999999995 0.23625 0.01875 0.23625 0.01875 0.24874999999999997 0.041249999999999995 0.24874999999999997 0.041249999999999995 0.23625
5 0.052500000000000005 0.54 0.04 0.54 0.04 0.5549999999999999 0.052500000000000005 0.5549999999999999 0.052500000000000005 0.54
5 0.052500000000000005 0.485 0.04 0.485 0.04 0.5 0.052500000000000005 0.5 0.052500000000000005 0.485
5 0.034999999999999996 0.6587500000000001 0.017499999999999998 0.6587500000000001 0.017499999999999998 0.66625 0.034999999999999996 0.66625 0.034999999999999996 0.6587500000000001
5 0.1975 0.645 0.1875 0.645 0.1875 0.6599999999999999 0.1975 0.6599999999999999 0.1975 0.645
5 0.18625 0.6475 0.17625 0.6475 0.17625 0.6599999999999999 0.18625 0.6599999999999999 0.18625 0.6475
5 0.175 0.6487499999999999 0.16499999999999998 0.6487499999999999 0.16499999999999998 0.66125 0.175 0.66125 0.175 0.6487499999999999
5 0.30125 0.63 0.29125 0.63 0.29125 0.645 0.30125 0.645 0.30125 0.63
5 0.04875 0.5925 0.03875 0.5925 0.03875 0.61 0.04875 0.61 0.04875 0.5925
5 0.05 0.57625 0.0375 0.57625 0.0375 0.59375 0.05 0.59375 0.05 0.57625
5 0.44625000000000004 0.6025 0.42374999999999996 0.6025 0.42374999999999996 0.615 0.44625000000000004 0.615 0.44625000000000004 0.6025
5 0.61125 0.585 0.5862499999999999 0.585 0.5862499999999999 0.595 0.61125 0.595 0.61125 0.585
5 0.42750000000000005 0.55625 0.41500000000000004 0.55625 0.41500000000000004 0.57625 0.42750000000000005 0.57625 0.42750000000000005 0.55625
5 0.89375 0.31875 0.87375 0.31875 0.87375 0.33875 0.89375 0.33875 0.89375 0.31875
5 0.325 1 0.325 0.9824999999999999 0.3125 0.9824999999999999 0.3125 1 0.325 1
5 0.6537499999999999 0.495 0.64125 0.495 0.64125 0.51 0.6537499999999999 0.51 0.6537499999999999 0.495
5 0.12375 0.4525 0.10874999999999999 0.4525 0.10874999999999999 0.47000000000000003 0.12375 0.47000000000000003 0.12375 0.4525
5 0.13374999999999998 0.45625 0.12125 0.45625 0.12125 0.47375 0.13374999999999998 0.47375 0.13374999999999998 0.45625
5 0.145 0.45499999999999996 0.1325 0.45499999999999996 0.1325 0.4725 0.145 0.4725 0.145 0.45499999999999996
5 0.16 0.45625 0.14750000000000002 0.45625 0.14750000000000002 0.47375 0.16 0.47375 0.16 0.45625
5 0.17124999999999999 0.4575 0.16125 0.4575 0.16125 0.475 0.17124999999999999 0.475 0.17124999999999999 0.4575
5 0.185 0.45499999999999996 0.17250000000000001 0.45499999999999996 0.17250000000000001 0.4725 0.185 0.4725 0.185 0.45499999999999996
5 0.19875 0.45375 0.18625 0.45375 0.18625 0.47125000000000006 0.19875 0.47125000000000006 0.19875 0.45375
5 0.41500000000000004 0.265 0.4 0.265 0.4 0.28500000000000003 0.41500000000000004 0.28500000000000003 0.41500000000000004 0.265
5 0.41 0.3125 0.3975 0.3125 0.3975 0.3275 0.41 0.3275 0.41 0.3125
5 0.40625 0.33125 0.39625 0.33125 0.39625 0.34625 0.40625 0.34625 0.40625 0.33125
5 0.05500000000000001 0.2925 0.045 0.2925 0.045 0.3075 0.05500000000000001 0.3075 0.05500000000000001 0.2925
5 0.2625 0.16999999999999998 0.25 0.16999999999999998 0.25 0.185 0.2625 0.185 0.2625 0.16999999999999998
5 0.2725 0.16875 0.26 0.16875 0.26 0.18375 0.2725 0.18375 0.2725 0.16875
5 0.052500000000000005 0.32625000000000004 0.04 0.32625000000000004 0.04 0.34375 0.052500000000000005 0.34375 0.052500000000000005 0.32625000000000004
5 0.52125 0.13 0.49874999999999997 0.13 0.49874999999999997 0.13999999999999999 0.52125 0.13999999999999999 0.52125 0.13
5 0.1575 0.09 0.135 0.09 0.135 0.1 0.1575 0.1 0.1575 0.09
5 0.38 0.08499999999999999 0.3675 0.08499999999999999 0.3675 0.1025 0.38 0.1025 0.38 0.08499999999999999