5 0.7825 0.925 0.76 0.925 0.76 0.9425000000000001 0.7825 0.9425000000000001 0.7825 0.925
5 0.7575000000000001 0.6575 0.735 0.6575 0.735 0.6675 0.7575000000000001 0.6675 0.7575000000000001 0.6575
5 0.76125 0.5912499999999999 0.7462500000000001 0.5912499999999999 0.7462500000000001 0.60875 0.76125 0.60875 0.76125 0.5912499999999999
5 0.99375 0.5625 0.9487500000000001 0.5625 0.9487500000000001 0.5900000000000001 0.99375 0.5900000000000001 0.99375 0.5625
5 0.93 0.42750000000000005 0.9125 0.42750000000000005 0.9125 0.445 0.93 0.445 0.93 0.42750000000000005
5 0 0.96125 0.0125 0.96125 0.0125 0.94375 0 0.94375 0 0.96125
5 0 0.6537499999999999 0.01 0.6537499999999999 0.01 0.63375 0 0.63375 0 0.6537499999999999
5 0.01625 0.6425 0.00125 0.6425 0.00125 0.6625 0.01625 0.6625 0.01625 0.6425
5 0.0325 0.655 0.017499999999999998 0.655 0.017499999999999998 0.6725 0.0325 0.6725 0.0325 0.655
5 0.042499999999999996 0.6599999999999999 0.027500000000000004 0.6599999999999999 0.027500000000000004 0.6799999999999999 0.042499999999999996 0.6799999999999999 0.042499999999999996 0.6599999999999999
5 0.05 0.66625 0.034999999999999996 0.66625 0.034999999999999996 0.68625 0.05 0.68625 0.05 0.66625
5 0.06875 0.6825 0.05375 0.6825 0.05375 0.7 0.06875 0.7 0.06875 0.6825
5 0.08499999999999999 0.69625 0.06999999999999999 0.69625 0.06999999999999999 0.7162499999999999 0.08499999999999999 0.7162499999999999 0.08499999999999999 0.69625
5 0.12625 0.7262500000000001 0.11125 0.7262500000000001 0.11125 0.74375 0.12625 0.74375 0.12625 0.7262500000000001
5 0.13 0.73625 0.12 0.73625 0.12 0.75625 0.13 0.75625 0.13 0.73625
5 0.23875000000000002 0.74125 0.21625 0.74125 0.21625 0.75875 0.23875000000000002 0.75875 0.23875000000000002 0.74125
5 0.07875 0.605 0.05375 0.605 0.05375 0.6224999999999999 0.07875 0.6224999999999999 0.07875 0.605
5 0.03125 0.57625 0.00625 0.57625 0.00625 0.59375 0.03125 0.59375 0.03125 0.57625
5 0.26749999999999996 0.013750000000000002 0.2425 0.013750000000000002 0.2425 0.03375 0.26749999999999996 0.03375 0.26749999999999996 0.013750000000000002
5 0.28875 0.045 0.26625 0.045 0.26625 0.0675 0.28875 0.0675 0.28875 0.045
5 0.33125 0.09625 0.30375 0.09625 0.30375 0.11625 0.33125 0.11625 0.33125 0.09625
5 0.33999999999999997 0.11125 0.3175 0.11125 0.3175 0.12875 0.33999999999999997 0.12875 0.33999999999999997 0.11125
5 0.35375 0.12375 0.32875 0.12375 0.32875 0.14125000000000001 0.35375 0.14125000000000001 0.35375 0.12375
5 0.35875 0.13374999999999998 0.33625 0.13374999999999998 0.33625 0.15125 0.35875 0.15125 0.35875 0.13374999999999998
5 0.3675 0.14125000000000001 0.34500000000000003 0.14125000000000001 0.34500000000000003 0.15875 0.3675 0.15875 0.3675 0.14125000000000001
5 0.37374999999999997 0.15125 0.35625 0.15125 0.35625 0.16625 0.37374999999999997 0.16625 0.37374999999999997 0.15125
5 0.38375 0.1575 0.36625 0.1575 0.36625 0.17250000000000001 0.38375 0.17250000000000001 0.38375 0.1575
5 0.48875 0.11625 0.45875000000000005 0.11625 0.45875000000000005 0.13374999999999998 0.48875 0.13374999999999998 0.48875 0.11625
5 0.50125 0.14625 0.47874999999999995 0.14625 0.47874999999999995 0.16125 0.50125 0.16125 0.50125 0.14625
5 0.53125 0.16499999999999998 0.48125 0.16499999999999998 0.48125 0.1975 0.53125 0.1975 0.53125 0.16499999999999998
5 0.54625 0.18125 0.49874999999999997 0.18125 0.49874999999999997 0.21375000000000002 0.54625 0.21375000000000002 0.54625 0.18125
5 0.5650000000000001 0.20625 0.5125 0.20625 0.5125 0.23875000000000002 0.5650000000000001 0.23875000000000002 0.5650000000000001 0.20625
5 0.5862499999999999 0.23625 0.5387500000000001 0.23625 0.5387500000000001 0.27125 0.5862499999999999 0.27125 0.5862499999999999 0.23625
5 0.44625000000000004 0.225 0.42625 0.225 0.42625 0.24 0.44625000000000004 0.24 0.44625000000000004 0.225
5 0.45375 0.23125 0.43624999999999997 0.23125 0.43624999999999997 0.24625 0.45375 0.24625 0.45375 0.23125
5 0.47750000000000004 0.23125 0.44749999999999995 0.23125 0.44749999999999995 0.25375000000000003 0.47750000000000004 0.25375000000000003 0.47750000000000004 0.23125
5 0.48375 0.2425 0.45875000000000005 0.2425 0.45875000000000005 0.2625 0.48375 0.2625 0.48375 0.2425
5 0.56875 0.30125 0.5237499999999999 0.30125 0.5237499999999999 0.33875 0.56875 0.33875 0.56875 0.30125