5 0.38625 0.93125 0.36875 0.93125 0.36875 0.9512499999999999 0.38625 0.9512499999999999 0.38625 0.93125
5 0.52125 0.485 0.50625 0.485 0.50625 0.505 0.52125 0.505 0.52125 0.485
5 0.4925 0.5549999999999999 0.47750000000000004 0.5549999999999999 0.47750000000000004 0.575 0.4925 0.575 0.4925 0.5549999999999999
5 0.39 0.51 0.3675 0.51 0.3675 0.5325 0.39 0.5325 0.39 0.51
5 0.46125 0.5225 0.43375 0.5225 0.43375 0.5575 0.46125 0.5575 0.46125 0.5225
5 0.46624999999999994 0.545 0.44125 0.545 0.44125 0.5650000000000001 0.46624999999999994 0.5650000000000001 0.46624999999999994 0.545
5 0.6799999999999999 0.74 0.6575 0.74 0.6575 0.76 0.6799999999999999 0.76 0.6799999999999999 0.74
5 0.99875 0.8875 0.95625 0.8875 0.95625 0.9175000000000001 0.99875 0.9175000000000001 0.99875 0.8875
5 0.5237499999999999 0.55375 0.51375 0.55375 0.51375 0.57625 0.5237499999999999 0.57625 0.5237499999999999 0.55375
5 0.4025 0.8975 0.38 0.8975 0.38 0.9175000000000001 0.4025 0.9175000000000001 0.4025 0.8975
5 0.40875000000000006 0.5175 0.38625 0.5175 0.38625 0.5425 0.40875000000000006 0.5425 0.40875000000000006 0.5175
5 0.42374999999999996 0.51875 0.40125 0.51875 0.40125 0.54875 0.42374999999999996 0.54875 0.42374999999999996 0.51875
5 0.395 0.9574999999999999 0.3675 0.9574999999999999 0.3675 0.9775 0.395 0.9775 0.395 0.9574999999999999
5 0.675 0.94375 0.635 0.94375 0.635 0.9737500000000001 0.675 0.9737500000000001 0.675 0.94375
5 0.5962500000000001 0.9175000000000001 0.57375 0.9175000000000001 0.57375 0.9400000000000001 0.5962500000000001 0.9400000000000001 0.5962500000000001 0.9175000000000001
5 0.43499999999999994 0.525 0.41500000000000004 0.525 0.41500000000000004 0.55 0.43499999999999994 0.55 0.43499999999999994 0.525
5 0.70125 0.7275 0.67625 0.7275 0.67625 0.745 0.70125 0.745 0.70125 0.7275
5 0.5587500000000001 0.98125 0.53125 0.98125 0.53125 0.99875 0.5587500000000001 0.99875 0.5587500000000001 0.98125
5 0.5425 0.5599999999999999 0.53 0.5599999999999999 0.53 0.58 0.5425 0.58 0.5425 0.5599999999999999
5 0.51 0.55625 0.495 0.55625 0.495 0.57875 0.51 0.57875 0.51 0.55625
5 0.36875 0.51 0.34625 0.51 0.34625 0.5349999999999999 0.36875 0.5349999999999999 0.36875 0.51
5 0.5325 0.4875 0.5225 0.4875 0.5225 0.505 0.5325 0.505 0.5325 0.4875
5 0.5475 0.49124999999999996 0.5325 0.49124999999999996 0.5325 0.51375 0.5475 0.51375 0.5475 0.49124999999999996
5 0.71375 0.7162499999999999 0.68625 0.7162499999999999 0.68625 0.73625 0.71375 0.73625 0.71375 0.7162499999999999
5 0.3625 0.9487500000000001 0.33999999999999997 0.9487500000000001 0.33999999999999997 0.96875 0.3625 0.96875 0.3625 0.9487500000000001
5 1 0.875 0.9637499999999999 0.875 0.9637499999999999 0.8975 1 0.8975 1 0.875
5 0.70625 0.81875 0.69375 0.81875 0.69375 0.83125 0.70625 0.83125 0.70625 0.81875
5 0.655 0.96875 0.635 0.96875 0.635 0.98375 0.655 0.98375 0.655 0.96875
5 0.5775 0.9199999999999999 0.5549999999999999 0.9199999999999999 0.5549999999999999 0.9349999999999999 0.5775 0.9349999999999999 0.5775 0.9199999999999999
5 0.18625 0.76625 0.16625 0.76625 0.16625 0.7787499999999999 0.18625 0.7787499999999999 0.18625 0.76625
5 0.30625 0.04 0.27875 0.04 0.27875 0.1075 0.30625 0.1075 0.30625 0.04
5 0.26 0.65125 0.2325 0.65125 0.2325 0.66625 0.26 0.66625 0.26 0.65125
5 0.20625 0.75 0.18875 0.75 0.18875 0.7675 0.20625 0.7675 0.20625 0.75
5 0.15375 0.64125 0.13374999999999998 0.64125 0.13374999999999998 0.65125 0.15375 0.65125 0.15375 0.64125
5 0.22125 0.74125 0.20125 0.74125 0.20125 0.75625 0.22125 0.75625 0.22125 0.74125
5 0.23125 0.6375 0.21375000000000002 0.6375 0.21375000000000002 0.65 0.23125 0.65 0.23125 0.6375
5 0.175 0.5900000000000001 0.1575 0.5900000000000001 0.1575 0.6025 0.175 0.6025 0.175 0.5900000000000001
5 0.22875 0.73125 0.21125 0.73125 0.21125 0.7462500000000001 0.22875 0.7462500000000001 0.22875 0.73125
5 0.265 0.7 0.24500000000000002 0.7 0.24500000000000002 0.7125 0.265 0.7125 0.265 0.7
5 0.1375 0.60375 0.11499999999999999 0.60375 0.11499999999999999 0.6212500000000001 0.1375 0.6212500000000001 0.1375 0.60375
5 0.095 0.645 0.0725 0.645 0.0725 0.6575 0.095 0.6575 0.095 0.645
5 0.05125 0.6775 0.03375 0.6775 0.03375 0.6925 0.05125 0.6925 0.05125 0.6775
5 0.17375000000000002 0.6599999999999999 0.15625 0.6599999999999999 0.15625 0.6725 0.17375000000000002 0.6725 0.17375000000000002 0.6599999999999999
5 0.2225 0.625 0.205 0.625 0.205 0.64 0.2225 0.64 0.2225 0.625
5 0.13125 0.6775 0.11374999999999999 0.6775 0.11374999999999999 0.6900000000000001 0.13125 0.6900000000000001 0.13125 0.6775
5 0.1975 0.76 0.175 0.76 0.175 0.775 0.1975 0.775 0.1975 0.76
5 0.12375 0.66625 0.10375000000000001 0.66625 0.10375000000000001 0.6837500000000001 0.12375 0.6837500000000001 0.12375 0.66625
5 0.23125 0.03125 0.18375 0.03125 0.18375 0.08375 0.23125 0.08375 0.23125 0.03125
5 0.10625 0.63625 0.08125 0.63625 0.08125 0.65125 0.10625 0.65125 0.10625 0.63625
5 0.20625 0.68125 0.18625 0.68125 0.18625 0.69625 0.20625 0.69625 0.20625 0.68125
5 0.16625 0.64625 0.14375 0.64625 0.14375 0.6637500000000001 0.16625 0.6637500000000001 0.16625 0.64625
5 0.1625 0.7825 0.145 0.7825 0.145 0.8 0.1625 0.8 0.1625 0.7825
5 0.125 0.77125 0.10500000000000001 0.77125 0.10500000000000001 0.78625 0.125 0.78625 0.125 0.77125
5 0.32625000000000004 0.045 0.30125 0.045 0.30125 0.1125 0.32625000000000004 0.1125 0.32625000000000004 0.045
5 0.1125 0.76125 0.09 0.76125 0.09 0.77625 0.1125 0.77625 0.1125 0.76125
5 0.06 0.66625 0.0375 0.66625 0.0375 0.6837500000000001 0.06 0.6837500000000001 0.06 0.66625
5 0.20249999999999999 0.60625 0.185 0.60625 0.185 0.6212500000000001 0.20249999999999999 0.6212500000000001 0.20249999999999999 0.60625
5 0.27999999999999997 0.042499999999999996 0.26 0.042499999999999996 0.26 0.10500000000000001 0.27999999999999997 0.10500000000000001 0.27999999999999997 0.042499999999999996
5 0.19375 0.6012500000000001 0.17124999999999999 0.6012500000000001 0.17124999999999999 0.6212500000000001 0.19375 0.6212500000000001 0.19375 0.6012500000000001
5 0.24874999999999997 0.7162499999999999 0.23125 0.7162499999999999 0.23125 0.72875 0.24874999999999997 0.72875 0.24874999999999997 0.7162499999999999
5 0 0.5287499999999999 0.013750000000000002 0.5287499999999999 0.013750000000000002 0.51625 0 0.51625 0 0.5287499999999999
5 0.0725 0.66125 0.05 0.66125 0.05 0.67375 0.0725 0.67375 0.0725 0.66125
5 0.11875 0.7125 0.09625 0.7125 0.09625 0.725 0.11875 0.725 0.11875 0.7125
5 0.19375 0.675 0.17625 0.675 0.17625 0.6875 0.19375 0.6875 0.19375 0.675
5 0 0.545 0.013750000000000002 0.545 0.013750000000000002 0.53 0 0.53 0 0.545
5 0.24125000000000002 0.64375 0.21875 0.64375 0.21875 0.6587500000000001 0.24125000000000002 0.6587500000000001 0.24125000000000002 0.64375
5 0.2575 0.7075 0.23500000000000001 0.7075 0.23500000000000001 0.7224999999999999 0.2575 0.7224999999999999 0.2575 0.7075