5 0.54125 0.93125 0.5237499999999999 0.93125 0.5237499999999999 0.9512499999999999 0.54125 0.9512499999999999 0.54125 0.93125
5 0.67625 0.485 0.66125 0.485 0.66125 0.505 0.67625 0.505 0.67625 0.485
5 0.6475 0.5549999999999999 0.6325000000000001 0.5549999999999999 0.6325000000000001 0.575 0.6475 0.575 0.6475 0.5549999999999999
5 0.545 0.51 0.5225 0.51 0.5225 0.5325 0.545 0.5325 0.545 0.51
5 0.61625 0.5225 0.58875 0.5225 0.58875 0.5575 0.61625 0.5575 0.61625 0.5225
5 0.6212500000000001 0.545 0.5962500000000001 0.545 0.5962500000000001 0.5650000000000001 0.6212500000000001 0.5650000000000001 0.6212500000000001 0.545
5 0.835 0.74 0.8125 0.74 0.8125 0.76 0.835 0.76 0.835 0.74
5 0.67875 0.55375 0.66875 0.55375 0.66875 0.57625 0.67875 0.57625 0.67875 0.55375
5 0.5575 0.8975 0.5349999999999999 0.8975 0.5349999999999999 0.9175000000000001 0.5575 0.9175000000000001 0.5575 0.8975
5 0.56375 0.5175 0.54125 0.5175 0.54125 0.5425 0.56375 0.5425 0.56375 0.5175
5 0.57875 0.51875 0.55625 0.51875 0.55625 0.54875 0.57875 0.54875 0.57875 0.51875
5 0.55 0.9574999999999999 0.5225 0.9574999999999999 0.5225 0.9775 0.55 0.9775 0.55 0.9574999999999999
5 0.8300000000000001 0.94375 0.79 0.94375 0.79 0.9737500000000001 0.8300000000000001 0.9737500000000001 0.8300000000000001 0.94375
5 0.75125 0.9175000000000001 0.72875 0.9175000000000001 0.72875 0.9400000000000001 0.75125 0.9400000000000001 0.75125 0.9175000000000001
5 0.5900000000000001 0.525 0.5700000000000001 0.525 0.5700000000000001 0.55 0.5900000000000001 0.55 0.5900000000000001 0.525
5 0.85625 0.7275 0.83125 0.7275 0.83125 0.745 0.85625 0.745 0.85625 0.7275
5 0.71375 0.98125 0.68625 0.98125 0.68625 0.99875 0.71375 0.99875 0.71375 0.98125
5 0.6975 0.5599999999999999 0.6849999999999999 0.5599999999999999 0.6849999999999999 0.58 0.6975 0.58 0.6975 0.5599999999999999
5 0.665 0.55625 0.65 0.55625 0.65 0.57875 0.665 0.57875 0.665 0.55625
5 0.5237499999999999 0.51 0.50125 0.51 0.50125 0.5349999999999999 0.5237499999999999 0.5349999999999999 0.5237499999999999 0.51
5 0.6875 0.4875 0.6775 0.4875 0.6775 0.505 0.6875 0.505 0.6875 0.4875
5 0.7025 0.49124999999999996 0.6875 0.49124999999999996 0.6875 0.51375 0.7025 0.51375 0.7025 0.49124999999999996
5 0.86875 0.7162499999999999 0.8412499999999999 0.7162499999999999 0.8412499999999999 0.73625 0.86875 0.73625 0.86875 0.7162499999999999
5 0.5175 0.9487500000000001 0.495 0.9487500000000001 0.495 0.96875 0.5175 0.96875 0.5175 0.9487500000000001
5 0.8612500000000001 0.81875 0.8487500000000001 0.81875 0.8487500000000001 0.83125 0.8612500000000001 0.83125 0.8612500000000001 0.81875
5 0.8099999999999999 0.96875 0.79 0.96875 0.79 0.98375 0.8099999999999999 0.98375 0.8099999999999999 0.96875
5 0.7325 0.9199999999999999 0.71 0.9199999999999999 0.71 0.9349999999999999 0.7325 0.9349999999999999 0.7325 0.9199999999999999
5 0.34125 0.76625 0.32125 0.76625 0.32125 0.7787499999999999 0.34125 0.7787499999999999 0.34125 0.76625
5 0.46125 0.04 0.43375 0.04 0.43375 0.1075 0.46125 0.1075 0.46125 0.04
5 0.14875 0.58125 0.12875 0.58125 0.12875 0.59375 0.14875 0.59375 0.14875 0.58125
5 0.41500000000000004 0.65125 0.3875 0.65125 0.3875 0.66625 0.41500000000000004 0.66625 0.41500000000000004 0.65125
5 0.36124999999999996 0.75 0.34375 0.75 0.34375 0.7675 0.36124999999999996 0.7675 0.36124999999999996 0.75
5 0.30874999999999997 0.64125 0.28875 0.64125 0.28875 0.65125 0.30874999999999997 0.65125 0.30874999999999997 0.64125
5 0.37625000000000003 0.74125 0.35625 0.74125 0.35625 0.75625 0.37625000000000003 0.75625 0.37625000000000003 0.74125
5 0.1375 0.5875 0.11499999999999999 0.5875 0.11499999999999999 0.6025 0.1375 0.6025 0.1375 0.5875
5 0.38625 0.6375 0.36875 0.6375 0.36875 0.65 0.38625 0.65 0.38625 0.6375
5 0.125 0.5962500000000001 0.10500000000000001 0.5962500000000001 0.10500000000000001 0.60875 0.125 0.60875 0.125 0.5962500000000001
5 0.32999999999999996 0.5900000000000001 0.3125 0.5900000000000001 0.3125 0.6025 0.32999999999999996 0.6025 0.32999999999999996 0.5900000000000001
5 0.38375 0.73125 0.36625 0.73125 0.36625 0.7462500000000001 0.38375 0.7462500000000001 0.38375 0.73125
5 0.42000000000000004 0.7 0.4 0.7 0.4 0.7125 0.42000000000000004 0.7125 0.42000000000000004 0.7
5 0.2925 0.60375 0.27 0.60375 0.27 0.6212500000000001 0.2925 0.6212500000000001 0.2925 0.60375
5 0.25 0.645 0.22749999999999998 0.645 0.22749999999999998 0.6575 0.25 0.6575 0.25 0.645
5 0.20625 0.6775 0.18875 0.6775 0.18875 0.6925 0.20625 0.6925 0.20625 0.6775
5 0.32875 0.6599999999999999 0.31124999999999997 0.6599999999999999 0.31124999999999997 0.6725 0.32875 0.6725 0.32875 0.6599999999999999
5 0.3775 0.625 0.36 0.625 0.36 0.64 0.3775 0.64 0.3775 0.625
5 0.28625 0.6775 0.26875 0.6775 0.26875 0.6900000000000001 0.28625 0.6900000000000001 0.28625 0.6775
5 0.3525 0.76 0.32999999999999996 0.76 0.32999999999999996 0.775 0.3525 0.775 0.3525 0.76
5 0.04375 0.62625 0.03125 0.62625 0.03125 0.64375 0.04375 0.64375 0.04375 0.62625
5 0.27875 0.66625 0.25875 0.66625 0.25875 0.6837500000000001 0.27875 0.6837500000000001 0.27875 0.66625
5 0.38625 0.03125 0.33875 0.03125 0.33875 0.08375 0.38625 0.08375 0.38625 0.03125
5 0.14250000000000002 0.5675 0.12250000000000001 0.5675 0.12250000000000001 0.575 0.14250000000000002 0.575 0.14250000000000002 0.5675
5 0.26125 0.63625 0.23625 0.63625 0.23625 0.65125 0.26125 0.65125 0.26125 0.63625
5 0.36124999999999996 0.68125 0.34125 0.68125 0.34125 0.69625 0.36124999999999996 0.69625 0.36124999999999996 0.68125
5 0.32125 0.64625 0.29874999999999996 0.64625 0.29874999999999996 0.6637500000000001 0.32125 0.6637500000000001 0.32125 0.64625
5 0.3175 0.7825 0.3 0.7825 0.3 0.8 0.3175 0.8 0.3175 0.7825
5 0.27999999999999997 0.77125 0.26 0.77125 0.26 0.78625 0.27999999999999997 0.78625 0.27999999999999997 0.77125
5 0.48125 0.045 0.45625 0.045 0.45625 0.1125 0.48125 0.1125 0.48125 0.045
5 0.26749999999999996 0.76125 0.24500000000000002 0.76125 0.24500000000000002 0.77625 0.26749999999999996 0.77625 0.26749999999999996 0.76125
5 0 0.6212500000000001 0.01125 0.6212500000000001 0.01125 0.60625 0 0.60625 0 0.6212500000000001
5 0.215 0.66625 0.1925 0.66625 0.1925 0.6837500000000001 0.215 0.6837500000000001 0.215 0.66625
5 0.35750000000000004 0.60625 0.33999999999999997 0.60625 0.33999999999999997 0.6212500000000001 0.35750000000000004 0.6212500000000001 0.35750000000000004 0.60625
5 0.43499999999999994 0.042499999999999996 0.41500000000000004 0.042499999999999996 0.41500000000000004 0.10500000000000001 0.43499999999999994 0.10500000000000001 0.43499999999999994 0.042499999999999996
5 0.15375 0.54375 0.12875 0.54375 0.12875 0.55375 0.15375 0.55375 0.15375 0.54375
5 0.12125 0.60875 0.09875 0.60875 0.09875 0.6212500000000001 0.12125 0.6212500000000001 0.12125 0.60875
5 0.09875 0.63 0.07875 0.63 0.07875 0.64 0.09875 0.64 0.09875 0.63
5 0.34875 0.6012500000000001 0.32625000000000004 0.6012500000000001 0.32625000000000004 0.6212500000000001 0.34875 0.6212500000000001 0.34875 0.6012500000000001
5 0.40374999999999994 0.7162499999999999 0.38625 0.7162499999999999 0.38625 0.72875 0.40374999999999994 0.72875 0.40374999999999994 0.7162499999999999
5 0.16875 0.51625 0.14375 0.51625 0.14375 0.5287499999999999 0.16875 0.5287499999999999 0.16875 0.51625
5 0.22749999999999998 0.66125 0.205 0.66125 0.205 0.67375 0.22749999999999998 0.67375 0.22749999999999998 0.66125
5 0.27375 0.7125 0.25125000000000003 0.7125 0.25125000000000003 0.725 0.27375 0.725 0.27375 0.7125
5 0.0325 0.61875 0.02 0.61875 0.02 0.63625 0.0325 0.63625 0.0325 0.61875
5 0.1075 0.61375 0.08499999999999999 0.61375 0.08499999999999999 0.63125 0.1075 0.63125 0.1075 0.61375
5 0.025 0.61125 0.01 0.61125 0.01 0.63125 0.025 0.63125 0.025 0.61125
5 0.34875 0.675 0.33125 0.675 0.33125 0.6875 0.34875 0.6875 0.34875 0.675
5 0.16875 0.53 0.14375 0.53 0.14375 0.545 0.16875 0.545 0.16875 0.53
5 0.15125 0.5549999999999999 0.13125 0.5549999999999999 0.13125 0.5625 0.15125 0.5625 0.15125 0.5549999999999999
5 0.09125 0.6425 0.07125000000000001 0.6425 0.07125000000000001 0.655 0.09125 0.655 0.09125 0.6425
5 0.39625 0.64375 0.37374999999999997 0.64375 0.37374999999999997 0.6587500000000001 0.39625 0.6587500000000001 0.39625 0.64375
5 0.4125 0.7075 0.39 0.7075 0.39 0.7224999999999999 0.4125 0.7224999999999999 0.4125 0.7075