5 0.68625 0.4025 0.6587500000000001 0.4025 0.6587500000000001 0.43 0.68625 0.43 0.68625 0.4025
5 0.89875 0.58125 0.8787499999999999 0.58125 0.8787499999999999 0.59375 0.89875 0.59375 0.89875 0.58125
5 0.8875 0.5875 0.865 0.5875 0.865 0.6025 0.8875 0.6025 0.8875 0.5875
5 0.875 0.5962500000000001 0.8550000000000001 0.5962500000000001 0.8550000000000001 0.60875 0.875 0.60875 0.875 0.5962500000000001
5 1 0.645 0.9775 0.645 0.9775 0.6575 1 0.6575 1 0.645
5 0.95625 0.6775 0.93875 0.6775 0.93875 0.6925 0.95625 0.6925 0.95625 0.6775
5 0.79375 0.62625 0.78125 0.62625 0.78125 0.64375 0.79375 0.64375 0.79375 0.62625
5 0.8925000000000001 0.5675 0.8724999999999999 0.5675 0.8724999999999999 0.575 0.8925000000000001 0.575 0.8925000000000001 0.5675
5 1 0.63625 0.9862500000000001 0.63625 0.9862500000000001 0.65125 1 0.65125 1 0.63625
5 0.76125 0.60625 0.74125 0.60625 0.74125 0.6212500000000001 0.76125 0.6212500000000001 0.76125 0.60625
5 0.9650000000000001 0.66625 0.9425000000000001 0.66625 0.9425000000000001 0.6837500000000001 0.9650000000000001 0.6837500000000001 0.9650000000000001 0.66625
5 0.9037499999999999 0.54375 0.8787499999999999 0.54375 0.8787499999999999 0.55375 0.9037499999999999 0.55375 0.9037499999999999 0.54375
5 0.8712500000000001 0.60875 0.8487500000000001 0.60875 0.8487500000000001 0.6212500000000001 0.8712500000000001 0.6212500000000001 0.8712500000000001 0.60875
5 0.8487500000000001 0.63 0.82875 0.63 0.82875 0.64 0.8487500000000001 0.64 0.8487500000000001 0.63
5 0.91875 0.51625 0.89375 0.51625 0.89375 0.5287499999999999 0.91875 0.5287499999999999 0.91875 0.51625
5 0.9775 0.66125 0.9550000000000001 0.66125 0.9550000000000001 0.67375 0.9775 0.67375 0.9775 0.66125
5 0.7825 0.61875 0.77 0.61875 0.77 0.63625 0.7825 0.63625 0.7825 0.61875
5 0.8574999999999999 0.61375 0.835 0.61375 0.835 0.63125 0.8574999999999999 0.63125 0.8574999999999999 0.61375
5 0.73 0.5575 0.7075 0.5575 0.7075 0.5700000000000001 0.73 0.5700000000000001 0.73 0.5575
5 0.775 0.61125 0.76 0.61125 0.76 0.63125 0.775 0.63125 0.775 0.61125
5 0.91875 0.53 0.89375 0.53 0.89375 0.545 0.91875 0.545 0.91875 0.53
5 0.9012499999999999 0.5549999999999999 0.88125 0.5549999999999999 0.88125 0.5625 0.9012499999999999 0.5625 0.9012499999999999 0.5549999999999999
5 0.8412499999999999 0.6425 0.82125 0.6425 0.82125 0.655 0.8412499999999999 0.655 0.8412499999999999 0.6425