5 0.74125 0.71375 0.72875 0.71375 0.72875 0.73375 0.74125 0.73375 0.74125 0.71375
5 0.73125 0.73 0.7212500000000001 0.73 0.7212500000000001 0.7474999999999999 0.73125 0.7474999999999999 0.73125 0.73
5 0.7112499999999999 0.7474999999999999 0.69875 0.7474999999999999 0.69875 0.7675 0.7112499999999999 0.7675 0.7112499999999999 0.7474999999999999
5 0.71875 0.67125 0.7112499999999999 0.67125 0.7112499999999999 0.68625 0.71875 0.68625 0.71875 0.67125
5 0.2875 0.74 0.27749999999999997 0.74 0.27749999999999997 0.7575000000000001 0.2875 0.7575000000000001 0.2875 0.74
5 0.22999999999999998 0.7275 0.2225 0.7275 0.2225 0.745 0.22999999999999998 0.745 0.22999999999999998 0.7275
5 0.29125 0.7212500000000001 0.28125 0.7212500000000001 0.28125 0.73625 0.29125 0.73625 0.29125 0.7212500000000001
5 0.2225 0.72375 0.215 0.72375 0.215 0.74125 0.2225 0.74125 0.2225 0.72375
5 0.22125 0.705 0.21375000000000002 0.705 0.21375000000000002 0.7224999999999999 0.22125 0.7224999999999999 0.22125 0.705
5 0.13 0.4175 0.11000000000000001 0.4175 0.11000000000000001 0.425 0.13 0.425 0.13 0.4175
5 0.14375 0.4175 0.13125 0.4175 0.13125 0.42750000000000005 0.14375 0.42750000000000005 0.14375 0.4175
5 0.034999999999999996 0.04625 0.015 0.04625 0.015 0.06375 0.034999999999999996 0.06375 0.034999999999999996 0.04625
5 0.12250000000000001 0.45375 0.1125 0.45375 0.1125 0.46875 0.12250000000000001 0.46875 0.12250000000000001 0.45375
5 0.24625 0.7375 0.23374999999999999 0.7375 0.23374999999999999 0.765 0.24625 0.765 0.24625 0.7375
5 0.26749999999999996 0.735 0.2575 0.735 0.2575 0.7575000000000001 0.26749999999999996 0.7575000000000001 0.26749999999999996 0.735
5 0.25 0.6775 0.205 0.6775 0.205 0.6925 0.25 0.6925 0.25 0.6775
5 0.065 0.39 0.05500000000000001 0.39 0.05500000000000001 0.40750000000000003 0.065 0.40750000000000003 0.065 0.39
5 0.05500000000000001 0.01875 0.034999999999999996 0.01875 0.034999999999999996 0.041249999999999995 0.05500000000000001 0.041249999999999995 0.05500000000000001 0.01875
5 0.08249999999999999 0.01 0.05500000000000001 0.01 0.05500000000000001 0.027500000000000004 0.08249999999999999 0.027500000000000004 0.08249999999999999 0.01
5 0.08875 0.0025 0.06625 0.0025 0.06625 0.017499999999999998 0.08875 0.017499999999999998 0.08875 0.0025
5 0.05625 0.07125000000000001 0.03375 0.07125000000000001 0.03375 0.08625000000000001 0.05625 0.08625000000000001 0.05625 0.07125000000000001
5 1 0.20375000000000001 0.97875 0.20375000000000001 0.97875 0.21375000000000002 1 0.21375000000000002 1 0.20375000000000001
5 0.765 0.5912499999999999 0.7525000000000001 0.5912499999999999 0.7525000000000001 0.62375 0.765 0.62375 0.765 0.5912499999999999
5 0.69625 0.65625 0.68875 0.65625 0.68875 0.6837500000000001 0.69625 0.6837500000000001 0.69625 0.65625
5 0.7075 0.6637500000000001 0.6975 0.6637500000000001 0.6975 0.68625 0.7075 0.68625 0.7075 0.6637500000000001
5 0.72875 0.665 0.71875 0.665 0.71875 0.6875 0.72875 0.6875 0.72875 0.665
5 0.7224999999999999 0.7224999999999999 0.7025 0.7224999999999999 0.7025 0.7474999999999999 0.7224999999999999 0.7474999999999999 0.7224999999999999 0.7224999999999999
5 0.71375 0.7125 0.69625 0.7125 0.69625 0.73 0.71375 0.73 0.71375 0.7125
5 0.75 0.6625 0.74 0.6625 0.74 0.6849999999999999 0.75 0.6849999999999999 0.75 0.6625
5 0 0.08625000000000001 0.021249999999999998 0.08625000000000001 0.021249999999999998 0.07125000000000001 0 0.07125000000000001 0 0.08625000000000001
5 0 0.125 0.013750000000000002 0.125 0.013750000000000002 0.11000000000000001 0 0.11000000000000001 0 0.125