5 0.22875 0.8875 0.20625 0.8875 0.20625 0.9025000000000001 0.22875 0.9025000000000001 0.22875 0.8875
5 0.8087500000000001 0.88375 0.78625 0.88375 0.78625 0.9262499999999999 0.8087500000000001 0.9262499999999999 0.8087500000000001 0.88375
5 0.5 0.9324999999999999 0.47000000000000003 0.9324999999999999 0.47000000000000003 0.9675 0.5 0.9675 0.5 0.9324999999999999
5 0.515 0.9400000000000001 0.4875 0.9400000000000001 0.4875 0.97 0.515 0.97 0.515 0.9400000000000001
5 0.5237499999999999 0.945 0.49625 0.945 0.49625 0.9775 0.5237499999999999 0.9775 0.5237499999999999 0.945
5 0.53625 0.95 0.50875 0.95 0.50875 0.985 0.53625 0.985 0.53625 0.95
5 0.7162499999999999 0.8237500000000001 0.63125 0.8237500000000001 0.63125 0.85375 0.7162499999999999 0.85375 0.7162499999999999 0.8237500000000001
5 0.5925 0.8387499999999999 0.5725 0.8387499999999999 0.5725 0.8637499999999999 0.5925 0.8637499999999999 0.5925 0.8387499999999999
5 0.775 0.8225 0.7224999999999999 0.8225 0.7224999999999999 0.8474999999999999 0.775 0.8474999999999999 0.775 0.8225
5 0.635 0.86875 0.615 0.86875 0.615 0.89125 0.635 0.89125 0.635 0.86875
5 0.81875 0.81125 0.76625 0.81125 0.76625 0.84375 0.81875 0.84375 0.81875 0.81125
5 0.87625 0.81375 0.83625 0.81375 0.83625 0.8462500000000001 0.87625 0.8462500000000001 0.87625 0.81375
5 0.8862500000000001 0.8237500000000001 0.8612500000000001 0.8237500000000001 0.8612500000000001 0.84375 0.8862500000000001 0.84375 0.8862500000000001 0.8237500000000001
5 0.89875 0.83125 0.87375 0.83125 0.87375 0.85375 0.89875 0.85375 0.89875 0.83125
5 0.9087500000000001 0.8387499999999999 0.88375 0.8387499999999999 0.88375 0.85875 0.9087500000000001 0.85875 0.9087500000000001 0.8387499999999999
5 0.9962500000000001 0.8412499999999999 0.96875 0.8412499999999999 0.96875 0.8612500000000001 0.9962500000000001 0.8612500000000001 0.9962500000000001 0.8412499999999999
5 0.9875 0.83125 0.96 0.83125 0.96 0.85375 0.9875 0.85375 0.9875 0.83125
5 0.9724999999999999 0.82875 0.945 0.82875 0.945 0.8487500000000001 0.9724999999999999 0.8487500000000001 0.9724999999999999 0.82875
5 0.9650000000000001 0.82125 0.9375 0.82125 0.9375 0.8412499999999999 0.9650000000000001 0.8412499999999999 0.9650000000000001 0.82125
5 0.945 0.80625 0.9175000000000001 0.80625 0.9175000000000001 0.82875 0.945 0.82875 0.945 0.80625
5 0.93125 0.79875 0.9037499999999999 0.79875 0.9037499999999999 0.81875 0.93125 0.81875 0.93125 0.79875
5 0.9175000000000001 0.7887500000000001 0.8875 0.7887500000000001 0.8875 0.81125 0.9175000000000001 0.81125 0.9175000000000001 0.7887500000000001
5 0.9037499999999999 0.78125 0.87625 0.78125 0.87625 0.8012499999999999 0.9037499999999999 0.8012499999999999 0.9037499999999999 0.78125
5 0.8800000000000001 0.76625 0.8474999999999999 0.76625 0.8474999999999999 0.79125 0.8800000000000001 0.79125 0.8800000000000001 0.76625
5 0.8487500000000001 0.79375 0.8087500000000001 0.79375 0.8087500000000001 0.8237500000000001 0.8487500000000001 0.8237500000000001 0.8487500000000001 0.79375
5 0.8324999999999999 0.7875 0.7975 0.7875 0.7975 0.8125 0.8324999999999999 0.8125 0.8324999999999999 0.7875
5 0.8162499999999999 0.7775000000000001 0.7837500000000001 0.7775000000000001 0.7837500000000001 0.805 0.8162499999999999 0.805 0.8162499999999999 0.7775000000000001
5 0.80625 0.77125 0.76625 0.77125 0.76625 0.79625 0.80625 0.79625 0.80625 0.77125
5 0.79125 0.76125 0.76125 0.76125 0.76125 0.78125 0.79125 0.78125 0.79125 0.76125
5 0.8375 0.735 0.805 0.735 0.805 0.7625 0.8375 0.7625 0.8375 0.735
5 0.865 0.75625 0.835 0.75625 0.835 0.7787499999999999 0.865 0.7787499999999999 0.865 0.75625
5 0.82125 0.73 0.8012499999999999 0.73 0.8012499999999999 0.7474999999999999 0.82125 0.7474999999999999 0.82125 0.73
5 0.8074999999999999 0.7212500000000001 0.7825 0.7212500000000001 0.7825 0.74125 0.8074999999999999 0.74125 0.8074999999999999 0.7212500000000001
5 0.795 0.7112499999999999 0.765 0.7112499999999999 0.765 0.73125 0.795 0.73125 0.795 0.7112499999999999
5 0.7737499999999999 0.70375 0.7537499999999999 0.70375 0.7537499999999999 0.7212500000000001 0.7737499999999999 0.7212500000000001 0.7737499999999999 0.70375
5 0.8637499999999999 0.6675 0.83375 0.6675 0.83375 0.6950000000000001 0.8637499999999999 0.6950000000000001 0.8637499999999999 0.6675
5 0.85 0.6575 0.8225 0.6575 0.8225 0.6825 0.85 0.6825 0.85 0.6575
5 0.83625 0.6487499999999999 0.80375 0.6487499999999999 0.80375 0.67125 0.83625 0.67125 0.83625 0.6487499999999999
5 0.8237500000000001 0.64 0.78625 0.64 0.78625 0.6675 0.8237500000000001 0.6675 0.8237500000000001 0.64
5 0.8087500000000001 0.63125 0.77625 0.63125 0.77625 0.65625 0.8087500000000001 0.65625 0.8087500000000001 0.63125
5 0.79625 0.6224999999999999 0.76875 0.6224999999999999 0.76875 0.6425 0.79625 0.6425 0.79625 0.6224999999999999
5 0.7837500000000001 0.615 0.75625 0.615 0.75625 0.6375 0.7837500000000001 0.6375 0.7837500000000001 0.615
5 0.7625 0.6125 0.7375 0.6125 0.7375 0.6275000000000001 0.7625 0.6275000000000001 0.7625 0.6125
5 0.7162499999999999 0.5662499999999999 0.69625 0.5662499999999999 0.69625 0.57875 0.7162499999999999 0.57875 0.7162499999999999 0.5662499999999999
5 0.7112499999999999 0.57625 0.6912499999999999 0.57625 0.6912499999999999 0.5862499999999999 0.7112499999999999 0.5862499999999999 0.7112499999999999 0.57625
5 0.69875 0.57625 0.67125 0.57625 0.67125 0.5912499999999999 0.69875 0.5912499999999999 0.69875 0.57625
5 0.6837500000000001 0.5900000000000001 0.66125 0.5900000000000001 0.66125 0.6 0.6837500000000001 0.6 0.6837500000000001 0.5900000000000001
5 0.68125 0.595 0.65125 0.595 0.65125 0.6125 0.68125 0.6125 0.68125 0.595
5 0.6725 0.605 0.6375 0.605 0.6375 0.6224999999999999 0.6725 0.6224999999999999 0.6725 0.605
5 0.6587500000000001 0.61625 0.63375 0.61625 0.63375 0.63125 0.6587500000000001 0.63125 0.6587500000000001 0.61625
5 0.64625 0.6275000000000001 0.6212500000000001 0.6275000000000001 0.6212500000000001 0.6375 0.64625 0.6375 0.64625 0.6275000000000001
5 0.64125 0.6375 0.61625 0.6375 0.61625 0.645 0.64125 0.645 0.64125 0.6375
5 0.7150000000000001 0.6325000000000001 0.7025 0.6325000000000001 0.7025 0.6525000000000001 0.7150000000000001 0.6525000000000001 0.7150000000000001 0.6325000000000001
5 0.70125 0.63125 0.68625 0.63125 0.68625 0.65125 0.70125 0.65125 0.70125 0.63125
5 0.6799999999999999 0.64125 0.665 0.64125 0.665 0.6587500000000001 0.6799999999999999 0.6587500000000001 0.6799999999999999 0.64125
5 0.7262500000000001 0.6537499999999999 0.70875 0.6537499999999999 0.70875 0.67625 0.7262500000000001 0.67625 0.7262500000000001 0.6537499999999999
5 0.71 0.65125 0.6975 0.65125 0.6975 0.67125 0.71 0.67125 0.71 0.65125
5 0.7975 0.5862499999999999 0.78 0.5862499999999999 0.78 0.59875 0.7975 0.59875 0.7975 0.5862499999999999
5 0.6475 0.71875 0.6224999999999999 0.71875 0.6224999999999999 0.73125 0.6475 0.73125 0.6475 0.71875
5 0.6925 0.73375 0.6675 0.73375 0.6675 0.74125 0.6925 0.74125 0.6925 0.73375
5 0.6900000000000001 0.7424999999999999 0.665 0.7424999999999999 0.665 0.755 0.6900000000000001 0.755 0.6900000000000001 0.7424999999999999
5 0.6325000000000001 0.6525000000000001 0.625 0.6525000000000001 0.625 0.67 0.6325000000000001 0.67 0.6325000000000001 0.6525000000000001
5 0.63375 0.67125 0.62375 0.67125 0.62375 0.68625 0.63375 0.68625 0.63375 0.67125
5 0.595 0.7462500000000001 0.5725 0.7462500000000001 0.5725 0.7837500000000001 0.595 0.7837500000000001 0.595 0.7462500000000001
5 0.9262499999999999 0.86 0.8712500000000001 0.86 0.8712500000000001 0.8975 0.9262499999999999 0.8975 0.9262499999999999 0.86
5 0.9012499999999999 0.89125 0.8787499999999999 0.89125 0.8787499999999999 0.90625 0.9012499999999999 0.90625 0.9012499999999999 0.89125
5 0.93125 0.90625 0.90625 0.90625 0.90625 0.92125 0.93125 0.92125 0.93125 0.90625
5 0.95 0.86875 0.93 0.86875 0.93 0.8862500000000001 0.95 0.8862500000000001 0.95 0.86875
5 0.96 0.875 0.9400000000000001 0.875 0.9400000000000001 0.89 0.96 0.89 0.96 0.875
5 0.9712500000000001 0.88125 0.9487500000000001 0.88125 0.9487500000000001 0.89875 0.9712500000000001 0.89875 0.9712500000000001 0.88125
5 1 0.8875 0.96125 0.8875 0.96125 0.9475 1 0.9475 1 0.8875
5 1 0.9737500000000001 0.94625 0.9737500000000001 0.94625 1 1 1 1 0.9737500000000001
5 0.9075 0.95375 0.8875 0.95375 0.8875 0.9712500000000001 0.9075 0.9712500000000001 0.9075 0.95375
5 0.9237500000000001 0.95875 0.9012499999999999 0.95875 0.9012499999999999 0.97625 0.9237500000000001 0.97625 0.9237500000000001 0.95875
5 0.93125 0.9637499999999999 0.9112500000000001 0.9637499999999999 0.9112500000000001 0.98375 0.93125 0.98375 0.93125 0.9637499999999999
5 1 0.9662499999999999 0.9650000000000001 0.9662499999999999 0.9650000000000001 1 1 1 1 0.9662499999999999
5 1 0.7575000000000001 0.97 0.7575000000000001 0.97 0.7849999999999999 1 0.7849999999999999 1 0.7575000000000001
5 0.97875 0.7375 0.9412499999999999 0.7375 0.9412499999999999 0.77 0.97875 0.77 0.97875 0.7375
5 0.97 0.73 0.9275 0.73 0.9275 0.76 0.97 0.76 0.97 0.73
5 0.9487500000000001 0.72 0.91625 0.72 0.91625 0.7474999999999999 0.9487500000000001 0.7474999999999999 0.9487500000000001 0.72
5 0.9349999999999999 0.7125 0.9 0.7125 0.9 0.74 0.9349999999999999 0.74 0.9349999999999999 0.7125
5 0.9237500000000001 0.7025 0.8887499999999999 0.7025 0.8887499999999999 0.7275 0.9237500000000001 0.7275 0.9237500000000001 0.7025
5 0.9875 0.61 0.9175000000000001 0.61 0.9175000000000001 0.655 0.9875 0.655 0.9875 0.61
5 0.88375 0.5700000000000001 0.8612500000000001 0.5700000000000001 0.8612500000000001 0.585 0.88375 0.585 0.88375 0.5700000000000001
5 0.82875 0.54125 0.8087500000000001 0.54125 0.8087500000000001 0.55625 0.82875 0.55625 0.82875 0.54125
5 0.8125 0.515 0.79 0.515 0.79 0.53 0.8125 0.53 0.8125 0.515
5 0.87375 0.51625 0.8262499999999999 0.51625 0.8262499999999999 0.55125 0.87375 0.55125 0.87375 0.51625
5 0.7525000000000001 0.4625 0.7175 0.4625 0.7175 0.4875 0.7525000000000001 0.4875 0.7525000000000001 0.4625
5 0.8724999999999999 0.305 0.8550000000000001 0.305 0.8550000000000001 0.325 0.8724999999999999 0.325 0.8724999999999999 0.305
5 0.9225 0.325 0.9075 0.325 0.9075 0.34249999999999997 0.9225 0.34249999999999997 0.9225 0.325
5 0.95375 0.3375 0.9412499999999999 0.3375 0.9412499999999999 0.3525 0.95375 0.3525 0.95375 0.3375
5 0.9712500000000001 0.34125 0.95625 0.34125 0.95625 0.36124999999999996 0.9712500000000001 0.36124999999999996 0.9712500000000001 0.34125
5 0.9862500000000001 0.35750000000000004 0.96875 0.35750000000000004 0.96875 0.3725 0.9862500000000001 0.3725 0.9862500000000001 0.35750000000000004
5 0.9512499999999999 0.49749999999999994 0.9337500000000001 0.49749999999999994 0.9337500000000001 0.51 0.9512499999999999 0.51 0.9512499999999999 0.49749999999999994
5 0.86625 0.45999999999999996 0.8487500000000001 0.45999999999999996 0.8487500000000001 0.47000000000000003 0.86625 0.47000000000000003 0.86625 0.45999999999999996
5 0.755 0.37 0.7325 0.37 0.7325 0.3825 0.755 0.3825 0.755 0.37
5 0.6799999999999999 0.41624999999999995 0.6575 0.41624999999999995 0.6575 0.42874999999999996 0.6799999999999999 0.42874999999999996 0.6799999999999999 0.41624999999999995
5 0.63 0.39625 0.5974999999999999 0.39625 0.5974999999999999 0.41624999999999995 0.63 0.41624999999999995 0.63 0.39625
5 0.67375 0.3375 0.6537499999999999 0.3375 0.6537499999999999 0.35 0.67375 0.35 0.67375 0.3375
5 0.63875 0.3 0.61375 0.3 0.61375 0.315 0.63875 0.315 0.63875 0.3
5 0.7025 0.32125 0.6825 0.32125 0.6825 0.33625 0.7025 0.33625 0.7025 0.32125
5 0.52625 0.32375 0.50875 0.32375 0.50875 0.33375 0.52625 0.33375 0.52625 0.32375
5 0.5025000000000001 0.29375 0.48250000000000004 0.29375 0.48250000000000004 0.30625 0.5025000000000001 0.30625 0.5025000000000001 0.29375
5 0.5599999999999999 0.35875 0.5375 0.35875 0.5375 0.37374999999999997 0.5599999999999999 0.37374999999999997 0.5599999999999999 0.35875
5 0.5325 0.4125 0.5125 0.4125 0.5125 0.4225 0.5325 0.4225 0.5325 0.4125
5 0.34625 0.37 0.33125 0.37 0.33125 0.3825 0.34625 0.3825 0.34625 0.37
5 0.42000000000000004 0.30874999999999997 0.4 0.30874999999999997 0.4 0.32375 0.42000000000000004 0.32375 0.42000000000000004 0.30874999999999997
5 0.44000000000000006 0.2725 0.42000000000000004 0.2725 0.42000000000000004 0.28500000000000003 0.44000000000000006 0.28500000000000003 0.44000000000000006 0.2725
5 0.5875 0.2525 0.5625 0.2525 0.5625 0.26749999999999996 0.5875 0.26749999999999996 0.5875 0.2525
5 0.56375 0.2575 0.54125 0.2575 0.54125 0.2725 0.56375 0.2725 0.56375 0.2575
5 0.47375 0.19 0.42374999999999996 0.19 0.42374999999999996 0.21749999999999997 0.47375 0.21749999999999997 0.47375 0.19
5 0.36375 0.20875 0.33875 0.20875 0.33875 0.22374999999999998 0.36375 0.22374999999999998 0.36375 0.20875
5 0.6950000000000001 0.19 0.62 0.19 0.62 0.23500000000000001 0.6950000000000001 0.23500000000000001 0.6950000000000001 0.19
5 0.61 0.16375 0.5625 0.16375 0.5625 0.18875 0.61 0.18875 0.61 0.16375
5 0.4925 0.0975 0.47000000000000003 0.0975 0.47000000000000003 0.11000000000000001 0.4925 0.11000000000000001 0.4925 0.0975
5 0.49749999999999994 0.08875 0.475 0.08875 0.475 0.10124999999999999 0.49749999999999994 0.10124999999999999 0.49749999999999994 0.08875
5 0.50625 0.0775 0.47874999999999995 0.0775 0.47874999999999995 0.0925 0.50625 0.0925 0.50625 0.0775
5 0.50625 0.0675 0.48375 0.0675 0.48375 0.08 0.50625 0.08 0.50625 0.0675
5 0.34500000000000003 0.12625 0.3225 0.12625 0.3225 0.14125000000000001 0.34500000000000003 0.14125000000000001 0.34500000000000003 0.12625
5 0.2975 0.185 0.2725 0.185 0.2725 0.2 0.2975 0.2 0.2975 0.185
5 0.28875 0.22999999999999998 0.26875 0.22999999999999998 0.26875 0.2425 0.28875 0.2425 0.28875 0.22999999999999998
5 0.175 0.12250000000000001 0.1525 0.12250000000000001 0.1525 0.1375 0.175 0.1375 0.175 0.12250000000000001
5 0.075 0.08 0.052500000000000005 0.08 0.052500000000000005 0.095 0.075 0.095 0.075 0.08
5 0.32375 0.08249999999999999 0.29874999999999996 0.08249999999999999 0.29874999999999996 0.1 0.32375 0.1 0.32375 0.08249999999999999
5 0.2925 0.0775 0.24500000000000002 0.0775 0.24500000000000002 0.1075 0.2925 0.1075 0.2925 0.0775
5 0.205 0.026250000000000002 0.1825 0.026250000000000002 0.1825 0.03875 0.205 0.03875 0.205 0.026250000000000002
5 0.1 0 0.1 0.008749999999999999 0.125 0.008749999999999999 0.125 0 0.1 0
5 0.03125 0.052500000000000005 0.008749999999999999 0.052500000000000005 0.008749999999999999 0.0675 0.03125 0.0675 0.03125 0.052500000000000005
5 0.11750000000000001 0.20625 0.0925 0.20625 0.0925 0.23125 0.11750000000000001 0.23125 0.11750000000000001 0.20625
5 0.15125 0.21375000000000002 0.11875 0.21375000000000002 0.11875 0.24125000000000002 0.15125 0.24125000000000002 0.15125 0.21375000000000002
5 0.28500000000000003 0.34125 0.2625 0.34125 0.2625 0.36124999999999996 0.28500000000000003 0.36124999999999996 0.28500000000000003 0.34125
5 0.195 0.3775 0.1675 0.3775 0.1675 0.4025 0.195 0.4025 0.195 0.3775
5 0.20375000000000001 0.3825 0.17875000000000002 0.3825 0.17875000000000002 0.40499999999999997 0.20375000000000001 0.40499999999999997 0.20375000000000001 0.3825
5 0.31 0.01 0.2875 0.01 0.2875 0.0225 0.31 0.0225 0.31 0.01
5 0.33375 0.02 0.30874999999999997 0.02 0.30874999999999997 0.034999999999999996 0.33375 0.034999999999999996 0.33375 0.02
5 0.51 0.058750000000000004 0.495 0.058750000000000004 0.495 0.06875 0.51 0.06875 0.51 0.058750000000000004
5 0.14875 0.08625000000000001 0.12375 0.08625000000000001 0.12375 0.10124999999999999 0.14875 0.10124999999999999 0.14875 0.08625000000000001
5 0.27749999999999997 0.1575 0.255 0.1575 0.255 0.175 0.27749999999999997 0.175 0.27749999999999997 0.1575
5 0.43 0.16 0.41 0.16 0.41 0.175 0.43 0.175 0.43 0.16
5 0.94375 0.6375 0.92125 0.6375 0.92125 0.655 0.94375 0.655 0.94375 0.6375
5 0.645 0.655 0.635 0.655 0.635 0.675 0.645 0.675 0.645 0.655
5 0.96125 0.61375 0.9237500000000001 0.61375 0.9237500000000001 0.64125 0.96125 0.64125 0.96125 0.61375