5 0.026250000000000002 0.3725 0.008749999999999999 0.3725 0.008749999999999999 0.3875 0.026250000000000002 0.3875 0.026250000000000002 0.3725
5 0 0.39375 0.02 0.39375 0.02 0.37875000000000003 0 0.37875000000000003 0 0.39375
5 0.0325 0.43875000000000003 0.015 0.43875000000000003 0.015 0.45625 0.0325 0.45625 0.0325 0.43875000000000003
5 0.32125 0.62625 0.29625 0.62625 0.29625 0.66125 0.32125 0.66125 0.32125 0.62625
5 0.6 0.70125 0.5599999999999999 0.70125 0.5599999999999999 0.7262500000000001 0.6 0.7262500000000001 0.6 0.70125
5 0.42374999999999996 0.9175000000000001 0.39875 0.9175000000000001 0.39875 0.945 0.42374999999999996 0.945 0.42374999999999996 0.9175000000000001
5 0.2525 0.27 0.2325 0.27 0.2325 0.27999999999999997 0.2525 0.27999999999999997 0.2525 0.27
5 0.31625000000000003 0.26625 0.30375 0.26625 0.30375 0.28875 0.31625000000000003 0.28875 0.31625000000000003 0.26625
5 0.32999999999999996 0.26625 0.3175 0.26625 0.3175 0.28625 0.32999999999999996 0.28625 0.32999999999999996 0.26625
5 0.34625 0.26749999999999996 0.33375 0.26749999999999996 0.33375 0.2875 0.34625 0.2875 0.34625 0.26749999999999996
5 0.35750000000000004 0.26749999999999996 0.34750000000000003 0.26749999999999996 0.34750000000000003 0.2875 0.35750000000000004 0.2875 0.35750000000000004 0.26749999999999996
5 0.37374999999999997 0.27 0.36124999999999996 0.27 0.36124999999999996 0.2875 0.37374999999999997 0.2875 0.37374999999999997 0.27
5 0.3875 0.26875 0.375 0.26875 0.375 0.28875 0.3875 0.28875 0.3875 0.26875
5 0.40374999999999994 0.27 0.39125 0.27 0.39125 0.2875 0.40374999999999994 0.2875 0.40374999999999994 0.27
5 0.41875 0.27 0.40625 0.27 0.40625 0.29 0.41875 0.29 0.41875 0.27
5 0.43 0.27 0.42000000000000004 0.27 0.42000000000000004 0.29 0.43 0.29 0.43 0.27
5 0.15625 0.35375 0.13625 0.35375 0.13625 0.37374999999999997 0.15625 0.37374999999999997 0.15625 0.35375