5 0.55 1 0.55 0.98375 0.54 0.98375 0.54 1 0.55 1
5 0.13 0.041249999999999995 0.11000000000000001 0.041249999999999995 0.11000000000000001 0.05375 0.13 0.05375 0.13 0.041249999999999995
5 0.05 0.052500000000000005 0.027500000000000004 0.052500000000000005 0.027500000000000004 0.065 0.05 0.065 0.05 0.052500000000000005
5 0.07125000000000001 0.04875 0.05125 0.04875 0.05125 0.058750000000000004 0.07125000000000001 0.058750000000000004 0.07125000000000001 0.04875
5 0.1825 0.08625000000000001 0.16999999999999998 0.08625000000000001 0.16999999999999998 0.10124999999999999 0.1825 0.10124999999999999 0.1825 0.08625000000000001
5 0.08249999999999999 0.09625 0.0725 0.09625 0.0725 0.11125 0.08249999999999999 0.11125 0.08249999999999999 0.09625
5 0.095 0.11125 0.08249999999999999 0.11125 0.08249999999999999 0.13125 0.095 0.13125 0.095 0.11125
5 0.08125 0.11750000000000001 0.06625 0.11750000000000001 0.06625 0.1375 0.08125 0.1375 0.08125 0.11750000000000001
5 0.045 0.125 0.0325 0.125 0.0325 0.14250000000000002 0.045 0.14250000000000002 0.045 0.125
5 0.027500000000000004 0.125 0.017499999999999998 0.125 0.017499999999999998 0.14250000000000002 0.027500000000000004 0.14250000000000002 0.027500000000000004 0.125
5 0.025 0.10500000000000001 0.015 0.10500000000000001 0.015 0.12250000000000001 0.025 0.12250000000000001 0.025 0.10500000000000001
5 0.43125 0.058750000000000004 0.41624999999999995 0.058750000000000004 0.41624999999999995 0.07625 0.43125 0.07625 0.43125 0.058750000000000004
5 0.1875 0.1025 0.17250000000000001 0.1025 0.17250000000000001 0.12 0.1875 0.12 0.1875 0.1025
5 0.18875 0.11875 0.17875000000000002 0.11875 0.17875000000000002 0.13874999999999998 0.18875 0.13874999999999998 0.18875 0.11875
5 0.7075 0.042499999999999996 0.6900000000000001 0.042499999999999996 0.6900000000000001 0.052500000000000005 0.7075 0.052500000000000005 0.7075 0.042499999999999996
5 0.7150000000000001 0.075 0.6950000000000001 0.075 0.6950000000000001 0.0875 0.7150000000000001 0.0875 0.7150000000000001 0.075
5 0.7175 0.08499999999999999 0.6975 0.08499999999999999 0.6975 0.095 0.7175 0.095 0.7175 0.08499999999999999
5 0.73 0.12875 0.7150000000000001 0.12875 0.7150000000000001 0.13874999999999998 0.73 0.13874999999999998 0.73 0.12875
5 0.63625 0.15875 0.61625 0.15875 0.61625 0.17124999999999999 0.63625 0.17124999999999999 0.63625 0.15875
5 0.79375 0.15375 0.7787499999999999 0.15375 0.7787499999999999 0.17375000000000002 0.79375 0.17375000000000002 0.79375 0.15375
5 0.8 0.20375000000000001 0.7775000000000001 0.20375000000000001 0.7775000000000001 0.22374999999999998 0.8 0.22374999999999998 0.8 0.20375000000000001
5 0.8087500000000001 0.2575 0.79375 0.2575 0.79375 0.275 0.8087500000000001 0.275 0.8087500000000001 0.2575
5 0.78125 0.3175 0.75625 0.3175 0.75625 0.32999999999999996 0.78125 0.32999999999999996 0.78125 0.3175
5 0.6212500000000001 0.33625 0.61125 0.33625 0.61125 0.35375 0.6212500000000001 0.35375 0.6212500000000001 0.33625
5 0.61 0.335 0.595 0.335 0.595 0.355 0.61 0.355 0.61 0.335
5 0.59875 0.34125 0.5862499999999999 0.34125 0.5862499999999999 0.36124999999999996 0.59875 0.36124999999999996 0.59875 0.34125
5 0.585 0.34249999999999997 0.5599999999999999 0.34249999999999997 0.5599999999999999 0.3525 0.585 0.3525 0.585 0.34249999999999997
5 0.56125 0.34500000000000003 0.54875 0.34500000000000003 0.54875 0.36 0.56125 0.36 0.56125 0.34500000000000003
5 0.68625 0.38 0.6587500000000001 0.38 0.6587500000000001 0.39 0.68625 0.39 0.68625 0.38
5 0.655 0.38375 0.6375 0.38375 0.6375 0.39125 0.655 0.39125 0.655 0.38375
5 0.5175 0.41 0.49749999999999994 0.41 0.49749999999999994 0.4225 0.5175 0.4225 0.5175 0.41
5 0.5974999999999999 0.42000000000000004 0.585 0.42000000000000004 0.585 0.44000000000000006 0.5974999999999999 0.44000000000000006 0.5974999999999999 0.42000000000000004
5 0.5337500000000001 0.4225 0.51625 0.4225 0.51625 0.4375 0.5337500000000001 0.4375 0.5337500000000001 0.4225
5 0.59875 0.45125000000000004 0.57625 0.45125000000000004 0.57625 0.46624999999999994 0.59875 0.46624999999999994 0.59875 0.45125000000000004
5 0.5962500000000001 0.47125000000000006 0.57625 0.47125000000000006 0.57625 0.48125 0.5962500000000001 0.48125 0.5962500000000001 0.47125000000000006
5 0.59375 0.48375 0.57375 0.48375 0.57375 0.49124999999999996 0.59375 0.49124999999999996 0.59375 0.48375
5 0.1675 0.63375 0.145 0.63375 0.145 0.64125 0.1675 0.64125 0.1675 0.63375
5 0.07875 0.65625 0.05375 0.65625 0.05375 0.6637500000000001 0.07875 0.6637500000000001 0.07875 0.65625
5 0.28625 0.62625 0.27375 0.62625 0.27375 0.64625 0.28625 0.64625 0.28625 0.62625
5 0.28625 0.6475 0.27375 0.6475 0.27375 0.665 0.28625 0.665 0.28625 0.6475
5 0.28625 0.68875 0.27375 0.68875 0.27375 0.70625 0.28625 0.70625 0.28625 0.68875
5 0.28625 0.72375 0.27375 0.72375 0.27375 0.74125 0.28625 0.74125 0.28625 0.72375
5 0.28625 0.7424999999999999 0.27375 0.7424999999999999 0.27375 0.76 0.28625 0.76 0.28625 0.7424999999999999
5 0.28625 0.77625 0.27375 0.77625 0.27375 0.79625 0.28625 0.79625 0.28625 0.77625
5 0.28500000000000003 0.705 0.275 0.705 0.275 0.7224999999999999 0.28500000000000003 0.7224999999999999 0.28500000000000003 0.705
5 0.55125 0.545 0.54125 0.545 0.54125 0.5650000000000001 0.55125 0.5650000000000001 0.55125 0.545
5 0.55375 0.5675 0.54125 0.5675 0.54125 0.5875 0.55375 0.5875 0.55375 0.5675
5 0.55125 0.7125 0.54125 0.7125 0.54125 0.73 0.55125 0.73 0.55125 0.7125
5 0.5974999999999999 0.6900000000000001 0.5875 0.6900000000000001 0.5875 0.705 0.5974999999999999 0.705 0.5974999999999999 0.6900000000000001
5 0.5974999999999999 0.7150000000000001 0.585 0.7150000000000001 0.585 0.7325 0.5974999999999999 0.7325 0.5974999999999999 0.7150000000000001
5 0.5962500000000001 0.7575000000000001 0.5862499999999999 0.7575000000000001 0.5862499999999999 0.775 0.5962500000000001 0.775 0.5962500000000001 0.7575000000000001
5 0.5775 0.7725 0.5650000000000001 0.7725 0.5650000000000001 0.7925 0.5775 0.7925 0.5775 0.7725
5 0.2925 0.83375 0.27749999999999997 0.83375 0.27749999999999997 0.85375 0.2925 0.85375 0.2925 0.83375
5 0.29500000000000004 0.8862500000000001 0.27999999999999997 0.8862500000000001 0.27999999999999997 0.90625 0.29500000000000004 0.90625 0.29500000000000004 0.8862500000000001
5 0.29125 0.8712500000000001 0.28125 0.8712500000000001 0.28125 0.8862500000000001 0.29125 0.8862500000000001 0.29125 0.8712500000000001
5 0.24625 0.9175000000000001 0.22125 0.9175000000000001 0.22125 0.925 0.24625 0.925 0.24625 0.9175000000000001
5 0.215 0.9175000000000001 0.1875 0.9175000000000001 0.1875 0.9275 0.215 0.9275 0.215 0.9175000000000001
5 0.15625 0.9199999999999999 0.13125 0.9199999999999999 0.13125 0.9275 0.15625 0.9275 0.15625 0.9199999999999999
5 0.1275 0.9199999999999999 0.1075 0.9199999999999999 0.1075 0.9275 0.1275 0.9275 0.1275 0.9199999999999999
5 0.09 0.9199999999999999 0.0475 0.9199999999999999 0.0475 0.93 0.09 0.93 0.09 0.9199999999999999
5 0.16999999999999998 0.9324999999999999 0.155 0.9324999999999999 0.155 0.9525 0.16999999999999998 0.9525 0.16999999999999998 0.9324999999999999
5 0.46375 0.8975 0.44125 0.8975 0.44125 0.9099999999999999 0.46375 0.9099999999999999 0.46375 0.8975
5 0.50875 0.89375 0.48875 0.89375 0.48875 0.9037499999999999 0.50875 0.9037499999999999 0.50875 0.89375
5 0.515 0.9112500000000001 0.4925 0.9112500000000001 0.4925 0.92125 0.515 0.92125 0.515 0.9112500000000001
5 0.40875000000000006 0.9262499999999999 0.38625 0.9262499999999999 0.38625 0.93625 0.40875000000000006 0.93625 0.40875000000000006 0.9262499999999999
5 0.36625 0.9525 0.35125 0.9525 0.35125 0.96 0.36625 0.96 0.36625 0.9525
5 0.26749999999999996 0.9724999999999999 0.255 0.9724999999999999 0.255 0.99 0.26749999999999996 0.99 0.26749999999999996 0.9724999999999999
5 0.22875 0.9574999999999999 0.20625 0.9574999999999999 0.20625 0.9650000000000001 0.22875 0.9650000000000001 0.22875 0.9574999999999999
5 0.52 0.9525 0.5 0.9525 0.5 0.9650000000000001 0.52 0.9650000000000001 0.52 0.9525
5 0.60625 0.94375 0.59375 0.94375 0.59375 0.9637499999999999 0.60625 0.9637499999999999 0.60625 0.94375
5 0.5375 0.9637499999999999 0.5175 0.9637499999999999 0.5175 0.97875 0.5375 0.97875 0.5375 0.9637499999999999
5 0.5825 0.975 0.5700000000000001 0.975 0.5700000000000001 0.9949999999999999 0.5825 0.9949999999999999 0.5825 0.975
5 0.6487499999999999 0.67875 0.63375 0.67875 0.63375 0.69625 0.6487499999999999 0.69625 0.6487499999999999 0.67875
5 0.65625 0.6950000000000001 0.64375 0.6950000000000001 0.64375 0.7125 0.65625 0.7125 0.65625 0.6950000000000001
5 0.6775 0.7525000000000001 0.6625 0.7525000000000001 0.6625 0.7725 0.6775 0.7725 0.6775 0.7525000000000001
5 0.6275000000000001 0.63625 0.605 0.63625 0.605 0.64625 0.6275000000000001 0.64625 0.6275000000000001 0.63625
5 0.61875 0.62 0.60375 0.62 0.60375 0.63 0.61875 0.63 0.61875 0.62
5 0.615 0.61 0.595 0.61 0.595 0.6224999999999999 0.615 0.6224999999999999 0.615 0.61
5 0.61 0.5962500000000001 0.5875 0.5962500000000001 0.5875 0.60625 0.61 0.60625 0.61 0.5962500000000001
5 0.60875 0.5862499999999999 0.58875 0.5862499999999999 0.58875 0.5962500000000001 0.60875 0.5962500000000001 0.60875 0.5862499999999999
5 0.6125 0.5662499999999999 0.585 0.5662499999999999 0.585 0.57625 0.6125 0.57625 0.6125 0.5662499999999999
5 0.8099999999999999 0.82 0.79 0.82 0.79 0.8324999999999999 0.8099999999999999 0.8324999999999999 0.8099999999999999 0.82
5 0.7825 0.8262499999999999 0.76 0.8262499999999999 0.76 0.8387499999999999 0.7825 0.8387499999999999 0.7825 0.8262499999999999
5 0.73 0.8400000000000001 0.7075 0.8400000000000001 0.7075 0.8525 0.73 0.8525 0.73 0.8400000000000001
5 0.67875 0.85125 0.6587500000000001 0.85125 0.6587500000000001 0.8637499999999999 0.67875 0.8637499999999999 0.67875 0.85125
5 0.87625 0.79875 0.85625 0.79875 0.85625 0.81125 0.87625 0.81125 0.87625 0.79875
5 0.90625 0.79125 0.8862500000000001 0.79125 0.8862500000000001 0.80375 0.90625 0.80375 0.90625 0.79125
5 0.96125 0.7787499999999999 0.93875 0.7787499999999999 0.93875 0.79125 0.96125 0.79125 0.96125 0.7787499999999999
5 1 0.78 0.9875 0.78 0.9875 0.79 1 0.79 1 0.78
5 0.9775 0.7462500000000001 0.9525 0.7462500000000001 0.9525 0.75875 0.9775 0.75875 0.9775 0.7462500000000001
5 0.9487500000000001 0.7424999999999999 0.92875 0.7424999999999999 0.92875 0.7525000000000001 0.9487500000000001 0.7525000000000001 0.9487500000000001 0.7424999999999999
5 0.94375 0.73125 0.9237500000000001 0.73125 0.9237500000000001 0.74375 0.94375 0.74375 0.94375 0.73125
5 0.95 0.6775 0.9349999999999999 0.6775 0.9349999999999999 0.6950000000000001 0.95 0.6950000000000001 0.95 0.6775
5 1 0.8125 0.985 0.8125 0.985 0.825 1 0.825 1 0.8125
5 0.915 0.8262499999999999 0.8925000000000001 0.8262499999999999 0.8925000000000001 0.8387499999999999 0.915 0.8387499999999999 0.915 0.8262499999999999
5 0.84375 0.845 0.82125 0.845 0.82125 0.8574999999999999 0.84375 0.8574999999999999 0.84375 0.845
5 0.805 0.8574999999999999 0.79 0.8574999999999999 0.79 0.885 0.805 0.885 0.805 0.8574999999999999
5 0.675 0.89125 0.6525000000000001 0.89125 0.6525000000000001 0.9037499999999999 0.675 0.9037499999999999 0.675 0.89125
5 0.70375 0.8875 0.6837500000000001 0.8875 0.6837500000000001 0.8975 0.70375 0.8975 0.70375 0.8875
5 0.6025 0.9824999999999999 0.5900000000000001 0.9824999999999999 0.5900000000000001 0.9949999999999999 0.6025 0.9949999999999999 0.6025 0.9824999999999999
5 0.8387499999999999 0.9375 0.81875 0.9375 0.81875 0.9525 0.8387499999999999 0.9525 0.8387499999999999 0.9375
5 0.86 0.98125 0.835 0.98125 0.835 0.99375 0.86 0.99375 0.86 0.98125
5 0.9550000000000001 0.605 0.9400000000000001 0.605 0.9400000000000001 0.625 0.9550000000000001 0.625 0.9550000000000001 0.605
5 0.60375 0.53125 0.58375 0.53125 0.58375 0.54125 0.60375 0.54125 0.60375 0.53125
5 0.6025 0.54125 0.58 0.54125 0.58 0.55125 0.6025 0.55125 0.6025 0.54125
5 0.60375 0.55 0.58375 0.55 0.58375 0.5625 0.60375 0.5625 0.60375 0.55
5 0.6012500000000001 0.49874999999999997 0.57875 0.49874999999999997 0.57875 0.50875 0.6012500000000001 0.50875 0.6012500000000001 0.49874999999999997
5 0.8975 0.4375 0.8800000000000001 0.4375 0.8800000000000001 0.4575 0.8975 0.4575 0.8975 0.4375
5 0.85875 0.41624999999999995 0.8487500000000001 0.41624999999999995 0.8487500000000001 0.43125 0.85875 0.43125 0.85875 0.41624999999999995
5 0.8300000000000001 0.3975 0.8125 0.3975 0.8125 0.40750000000000003 0.8300000000000001 0.40750000000000003 0.8300000000000001 0.3975
5 0.8324999999999999 0.41875 0.8175000000000001 0.41875 0.8175000000000001 0.42874999999999996 0.8324999999999999 0.42874999999999996 0.8324999999999999 0.41875
5 0.92875 0.41 0.91375 0.41 0.91375 0.42750000000000005 0.92875 0.42750000000000005 0.92875 0.41
5 0.26125 0.37625000000000003 0.25125000000000003 0.37625000000000003 0.25125000000000003 0.39375 0.26125 0.39375 0.26125 0.37625000000000003
5 0.21625 0.3775 0.20375000000000001 0.3775 0.20375000000000001 0.395 0.21625 0.395 0.21625 0.3775
5 0.20125 0.37875000000000003 0.19125 0.37875000000000003 0.19125 0.39625 0.20125 0.39625 0.20125 0.37875000000000003
5 0.1775 0.38 0.1675 0.38 0.1675 0.3975 0.1775 0.3975 0.1775 0.38
5 0.13999999999999999 0.38 0.13 0.38 0.13 0.3975 0.13999999999999999 0.3975 0.13999999999999999 0.38
5 0.12625 0.38 0.11625 0.38 0.11625 0.3975 0.12625 0.3975 0.12625 0.38
5 0.11374999999999999 0.3825 0.10375000000000001 0.3825 0.10375000000000001 0.3975 0.11374999999999999 0.3975 0.11374999999999999 0.3825
5 0.1 0.3825 0.0875 0.3825 0.0875 0.3975 0.1 0.3975 0.1 0.3825
5 0.08375 0.3825 0.07375000000000001 0.3825 0.07375000000000001 0.4 0.08375 0.4 0.08375 0.3825
5 0.06999999999999999 0.3825 0.06 0.3825 0.06 0.4 0.06999999999999999 0.4 0.06999999999999999 0.3825
5 0.027500000000000004 0.38625 0.017499999999999998 0.38625 0.017499999999999998 0.39875 0.027500000000000004 0.39875 0.027500000000000004 0.38625
5 0.061250000000000006 0.43125 0.03875 0.43125 0.03875 0.44125 0.061250000000000006 0.44125 0.061250000000000006 0.43125
5 0.0925 0.4325 0.0725 0.4325 0.0725 0.44000000000000006 0.0925 0.44000000000000006 0.0925 0.4325
5 0.12250000000000001 0.4325 0.1025 0.4325 0.1025 0.44000000000000006 0.12250000000000001 0.44000000000000006 0.12250000000000001 0.4325
5 0.1875 0.43 0.16999999999999998 0.43 0.16999999999999998 0.4375 0.1875 0.4375 0.1875 0.43
5 0.265 0.44625000000000004 0.255 0.44625000000000004 0.255 0.46624999999999994 0.265 0.46624999999999994 0.265 0.44625000000000004
5 0.64 0.16999999999999998 0.62 0.16999999999999998 0.62 0.1825 0.64 0.1825 0.64 0.16999999999999998
5 0.6425 0.1875 0.635 0.1875 0.635 0.205 0.6425 0.205 0.6425 0.1875