5 0.34249999999999997 0.31625000000000003 0.32 0.31625000000000003 0.32 0.33125 0.34249999999999997 0.33125 0.34249999999999997 0.31625000000000003
5 0.17124999999999999 0.44000000000000006 0.15875 0.44000000000000006 0.15875 0.4625 0.17124999999999999 0.4625 0.17124999999999999 0.44000000000000006
5 0.09625 0.35875 0.07875 0.35875 0.07875 0.37875000000000003 0.09625 0.37875000000000003 0.09625 0.35875
5 0.065 0.375 0.0475 0.375 0.0475 0.39 0.065 0.39 0.065 0.375
5 0.07375000000000001 0.38125 0.05625 0.38125 0.05625 0.39375 0.07375000000000001 0.39375 0.07375000000000001 0.38125
5 0.12250000000000001 0.49375 0.08499999999999999 0.49375 0.08499999999999999 0.52125 0.12250000000000001 0.52125 0.12250000000000001 0.49375
5 0.1275 0.42750000000000005 0.1 0.42750000000000005 0.1 0.4425 0.1275 0.4425 0.1275 0.42750000000000005
5 0.215 0.3875 0.1925 0.3875 0.1925 0.40499999999999997 0.215 0.40499999999999997 0.215 0.3875
5 0.5387500000000001 0.8175000000000001 0.51625 0.8175000000000001 0.51625 0.8324999999999999 0.5387500000000001 0.8324999999999999 0.5387500000000001 0.8175000000000001
5 0.51875 0.8237500000000001 0.50125 0.8237500000000001 0.50125 0.83625 0.51875 0.83625 0.51875 0.8237500000000001
5 0.735 0.82875 0.7150000000000001 0.82875 0.7150000000000001 0.8637499999999999 0.735 0.8637499999999999 0.735 0.82875
5 0.7887500000000001 0.79375 0.76875 0.79375 0.76875 0.81125 0.7887500000000001 0.81125 0.7887500000000001 0.79375
5 0.7625 0.8162499999999999 0.74 0.8162499999999999 0.74 0.83375 0.7625 0.83375 0.7625 0.8162499999999999
5 0.79625 0.6775 0.7787499999999999 0.6775 0.7787499999999999 0.6950000000000001 0.79625 0.6950000000000001 0.79625 0.6775
5 0.2925 0.4375 0.275 0.4375 0.275 0.45499999999999996 0.2925 0.45499999999999996 0.2925 0.4375
5 0.27625 0.4225 0.26125 0.4225 0.26125 0.44000000000000006 0.27625 0.44000000000000006 0.27625 0.4225
5 0.3675 0.3375 0.34500000000000003 0.3375 0.34500000000000003 0.34750000000000003 0.3675 0.34750000000000003 0.3675 0.3375
5 0.13 0.3825 0.1125 0.3825 0.1125 0.3975 0.13 0.3975 0.13 0.3825
5 0.125 0.37625000000000003 0.095 0.37625000000000003 0.095 0.40374999999999994 0.125 0.40374999999999994 0.125 0.37625000000000003
5 0.6224999999999999 0.7775000000000001 0.5875 0.7775000000000001 0.5875 0.7975 0.6224999999999999 0.7975 0.6224999999999999 0.7775000000000001