5 0.55 0.75625 0.54 0.75625 0.54 0.77625 0.55 0.77625 0.55 0.75625
5 0.8087500000000001 0.03 0.79375 0.03 0.79375 0.0475 0.8087500000000001 0.0475 0.8087500000000001 0.03
5 0.78125 0.09 0.75625 0.09 0.75625 0.1025 0.78125 0.1025 0.78125 0.09
5 0.6212500000000001 0.10874999999999999 0.61125 0.10874999999999999 0.61125 0.12625 0.6212500000000001 0.12625 0.6212500000000001 0.10874999999999999
5 0.61 0.1075 0.595 0.1075 0.595 0.1275 0.61 0.1275 0.61 0.1075
5 0.59875 0.11374999999999999 0.5862499999999999 0.11374999999999999 0.5862499999999999 0.13374999999999998 0.59875 0.13374999999999998 0.59875 0.11374999999999999
5 0.585 0.11499999999999999 0.5599999999999999 0.11499999999999999 0.5599999999999999 0.125 0.585 0.125 0.585 0.11499999999999999
5 0.56125 0.11750000000000001 0.54875 0.11750000000000001 0.54875 0.1325 0.56125 0.1325 0.56125 0.11750000000000001
5 0.68625 0.1525 0.6587500000000001 0.1525 0.6587500000000001 0.1625 0.68625 0.1625 0.68625 0.1525
5 0.655 0.15625 0.6375 0.15625 0.6375 0.16375 0.655 0.16375 0.655 0.15625
5 0.5175 0.1825 0.49749999999999994 0.1825 0.49749999999999994 0.195 0.5175 0.195 0.5175 0.1825
5 0.5974999999999999 0.1925 0.585 0.1925 0.585 0.2125 0.5974999999999999 0.2125 0.5974999999999999 0.1925
5 0.5337500000000001 0.195 0.51625 0.195 0.51625 0.21000000000000002 0.5337500000000001 0.21000000000000002 0.5337500000000001 0.195
5 0.59875 0.22374999999999998 0.57625 0.22374999999999998 0.57625 0.23875000000000002 0.59875 0.23875000000000002 0.59875 0.22374999999999998
5 0.5962500000000001 0.24375 0.57625 0.24375 0.57625 0.25375000000000003 0.5962500000000001 0.25375000000000003 0.5962500000000001 0.24375
5 0.59375 0.25625 0.57375 0.25625 0.57375 0.26375000000000004 0.59375 0.26375000000000004 0.59375 0.25625
5 0.1675 0.40625 0.145 0.40625 0.145 0.41375 0.1675 0.41375 0.1675 0.40625
5 0.07875 0.42874999999999996 0.05375 0.42874999999999996 0.05375 0.43624999999999997 0.07875 0.43624999999999997 0.07875 0.42874999999999996
5 0.28625 0.39875 0.27375 0.39875 0.27375 0.41875 0.28625 0.41875 0.28625 0.39875
5 0.28625 0.42000000000000004 0.27375 0.42000000000000004 0.27375 0.4375 0.28625 0.4375 0.28625 0.42000000000000004
5 0.28625 0.46125 0.27375 0.46125 0.27375 0.47874999999999995 0.28625 0.47874999999999995 0.28625 0.46125
5 0.28625 0.49625 0.27375 0.49625 0.27375 0.51375 0.28625 0.51375 0.28625 0.49625
5 0.28625 0.515 0.27375 0.515 0.27375 0.5325 0.28625 0.5325 0.28625 0.515
5 0.28625 0.54875 0.27375 0.54875 0.27375 0.56875 0.28625 0.56875 0.28625 0.54875
5 0.28500000000000003 0.47750000000000004 0.275 0.47750000000000004 0.275 0.495 0.28500000000000003 0.495 0.28500000000000003 0.47750000000000004
5 0.55125 0.3175 0.54125 0.3175 0.54125 0.3375 0.55125 0.3375 0.55125 0.3175
5 0.55375 0.33999999999999997 0.54125 0.33999999999999997 0.54125 0.36 0.55375 0.36 0.55375 0.33999999999999997
5 0.55125 0.485 0.54125 0.485 0.54125 0.5025000000000001 0.55125 0.5025000000000001 0.55125 0.485
5 0.5974999999999999 0.4625 0.5875 0.4625 0.5875 0.47750000000000004 0.5974999999999999 0.47750000000000004 0.5974999999999999 0.4625
5 0.5974999999999999 0.4875 0.585 0.4875 0.585 0.505 0.5974999999999999 0.505 0.5974999999999999 0.4875
5 0.5962500000000001 0.53 0.5862499999999999 0.53 0.5862499999999999 0.5475 0.5962500000000001 0.5475 0.5962500000000001 0.53
5 0.5775 0.545 0.5650000000000001 0.545 0.5650000000000001 0.5650000000000001 0.5775 0.5650000000000001 0.5775 0.545
5 0.2925 0.60625 0.27749999999999997 0.60625 0.27749999999999997 0.62625 0.2925 0.62625 0.2925 0.60625
5 0.29500000000000004 0.6587500000000001 0.27999999999999997 0.6587500000000001 0.27999999999999997 0.67875 0.29500000000000004 0.67875 0.29500000000000004 0.6587500000000001
5 0.29125 0.64375 0.28125 0.64375 0.28125 0.6587500000000001 0.29125 0.6587500000000001 0.29125 0.64375
5 0.24625 0.6900000000000001 0.22125 0.6900000000000001 0.22125 0.6975 0.24625 0.6975 0.24625 0.6900000000000001
5 0.215 0.6900000000000001 0.1875 0.6900000000000001 0.1875 0.7 0.215 0.7 0.215 0.6900000000000001
5 0.15625 0.6925 0.13125 0.6925 0.13125 0.7 0.15625 0.7 0.15625 0.6925
5 0.1275 0.6925 0.1075 0.6925 0.1075 0.7 0.1275 0.7 0.1275 0.6925
5 0.09 0.6925 0.0475 0.6925 0.0475 0.7025 0.09 0.7025 0.09 0.6925
5 0.16999999999999998 0.705 0.155 0.705 0.155 0.725 0.16999999999999998 0.725 0.16999999999999998 0.705
5 0.46375 0.67 0.44125 0.67 0.44125 0.6825 0.46375 0.6825 0.46375 0.67
5 0.50875 0.66625 0.48875 0.66625 0.48875 0.67625 0.50875 0.67625 0.50875 0.66625
5 0.515 0.6837500000000001 0.4925 0.6837500000000001 0.4925 0.69375 0.515 0.69375 0.515 0.6837500000000001
5 0.40875000000000006 0.69875 0.38625 0.69875 0.38625 0.70875 0.40875000000000006 0.70875 0.40875000000000006 0.69875
5 0.36625 0.725 0.35125 0.725 0.35125 0.7325 0.36625 0.7325 0.36625 0.725
5 0.26749999999999996 0.745 0.255 0.745 0.255 0.7625 0.26749999999999996 0.7625 0.26749999999999996 0.745
5 0.22875 0.73 0.20625 0.73 0.20625 0.7375 0.22875 0.7375 0.22875 0.73
5 0.52 0.725 0.5 0.725 0.5 0.7375 0.52 0.7375 0.52 0.725
5 0.60625 0.7162499999999999 0.59375 0.7162499999999999 0.59375 0.73625 0.60625 0.73625 0.60625 0.7162499999999999
5 0.5375 0.73625 0.5175 0.73625 0.5175 0.75125 0.5375 0.75125 0.5375 0.73625
5 0.5825 0.7474999999999999 0.5700000000000001 0.7474999999999999 0.5700000000000001 0.7675 0.5825 0.7675 0.5825 0.7474999999999999
5 0.6487499999999999 0.45125000000000004 0.63375 0.45125000000000004 0.63375 0.46875 0.6487499999999999 0.46875 0.6487499999999999 0.45125000000000004
5 0.65625 0.46749999999999997 0.64375 0.46749999999999997 0.64375 0.485 0.65625 0.485 0.65625 0.46749999999999997
5 0.6775 0.525 0.6625 0.525 0.6625 0.545 0.6775 0.545 0.6775 0.525
5 0.6275000000000001 0.40875000000000006 0.605 0.40875000000000006 0.605 0.41875 0.6275000000000001 0.41875 0.6275000000000001 0.40875000000000006
5 0.61875 0.39249999999999996 0.60375 0.39249999999999996 0.60375 0.4025 0.61875 0.4025 0.61875 0.39249999999999996
5 0.615 0.3825 0.595 0.3825 0.595 0.395 0.615 0.395 0.615 0.3825
5 0.61 0.36875 0.5875 0.36875 0.5875 0.37875000000000003 0.61 0.37875000000000003 0.61 0.36875
5 0.60875 0.35875 0.58875 0.35875 0.58875 0.36875 0.60875 0.36875 0.60875 0.35875
5 0.6125 0.33875 0.585 0.33875 0.585 0.34875 0.6125 0.34875 0.6125 0.33875
5 0.8099999999999999 0.5925 0.79 0.5925 0.79 0.605 0.8099999999999999 0.605 0.8099999999999999 0.5925
5 0.7825 0.59875 0.76 0.59875 0.76 0.61125 0.7825 0.61125 0.7825 0.59875
5 0.73 0.6125 0.7075 0.6125 0.7075 0.625 0.73 0.625 0.73 0.6125
5 0.67875 0.62375 0.6587500000000001 0.62375 0.6587500000000001 0.63625 0.67875 0.63625 0.67875 0.62375
5 0.87625 0.57125 0.85625 0.57125 0.85625 0.58375 0.87625 0.58375 0.87625 0.57125
5 0.90625 0.56375 0.8862500000000001 0.56375 0.8862500000000001 0.57625 0.90625 0.57625 0.90625 0.56375
5 0.96125 0.55125 0.93875 0.55125 0.93875 0.56375 0.96125 0.56375 0.96125 0.55125
5 1 0.5525 0.9875 0.5525 0.9875 0.5625 1 0.5625 1 0.5525
5 0.9775 0.51875 0.9525 0.51875 0.9525 0.53125 0.9775 0.53125 0.9775 0.51875
5 0.9487500000000001 0.515 0.92875 0.515 0.92875 0.525 0.9487500000000001 0.525 0.9487500000000001 0.515
5 0.94375 0.5037499999999999 0.9237500000000001 0.5037499999999999 0.9237500000000001 0.51625 0.94375 0.51625 0.94375 0.5037499999999999
5 0.95 0.45 0.9349999999999999 0.45 0.9349999999999999 0.46749999999999997 0.95 0.46749999999999997 0.95 0.45
5 1 0.585 0.985 0.585 0.985 0.5974999999999999 1 0.5974999999999999 1 0.585
5 0.915 0.59875 0.8925000000000001 0.59875 0.8925000000000001 0.61125 0.915 0.61125 0.915 0.59875
5 0.84375 0.6174999999999999 0.82125 0.6174999999999999 0.82125 0.63 0.84375 0.63 0.84375 0.6174999999999999
5 0.805 0.63 0.79 0.63 0.79 0.6575 0.805 0.6575 0.805 0.63
5 0.675 0.6637500000000001 0.6525000000000001 0.6637500000000001 0.6525000000000001 0.67625 0.675 0.67625 0.675 0.6637500000000001
5 0.70375 0.6599999999999999 0.6837500000000001 0.6599999999999999 0.6837500000000001 0.67 0.70375 0.67 0.70375 0.6599999999999999
5 0.6025 0.755 0.5900000000000001 0.755 0.5900000000000001 0.7675 0.6025 0.7675 0.6025 0.755
5 0.8387499999999999 0.71 0.81875 0.71 0.81875 0.725 0.8387499999999999 0.725 0.8387499999999999 0.71
5 0.86 0.7537499999999999 0.835 0.7537499999999999 0.835 0.76625 0.86 0.76625 0.86 0.7537499999999999
5 0.9550000000000001 0.3775 0.9400000000000001 0.3775 0.9400000000000001 0.3975 0.9550000000000001 0.3975 0.9550000000000001 0.3775
5 0.60375 0.30375 0.58375 0.30375 0.58375 0.31375000000000003 0.60375 0.31375000000000003 0.60375 0.30375
5 0.6025 0.31375000000000003 0.58 0.31375000000000003 0.58 0.32375 0.6025 0.32375 0.6025 0.31375000000000003
5 0.60375 0.3225 0.58375 0.3225 0.58375 0.335 0.60375 0.335 0.60375 0.3225
5 0.6012500000000001 0.27125 0.57875 0.27125 0.57875 0.28125 0.6012500000000001 0.28125 0.6012500000000001 0.27125
5 0.8975 0.21000000000000002 0.8800000000000001 0.21000000000000002 0.8800000000000001 0.22999999999999998 0.8975 0.22999999999999998 0.8975 0.21000000000000002
5 0.85875 0.18875 0.8487500000000001 0.18875 0.8487500000000001 0.20375000000000001 0.85875 0.20375000000000001 0.85875 0.18875
5 0.8300000000000001 0.16999999999999998 0.8125 0.16999999999999998 0.8125 0.18 0.8300000000000001 0.18 0.8300000000000001 0.16999999999999998
5 0.8324999999999999 0.19125 0.8175000000000001 0.19125 0.8175000000000001 0.20125 0.8324999999999999 0.20125 0.8324999999999999 0.19125
5 0.92875 0.1825 0.91375 0.1825 0.91375 0.2 0.92875 0.2 0.92875 0.1825
5 0.26125 0.14875 0.25125000000000003 0.14875 0.25125000000000003 0.16625 0.26125 0.16625 0.26125 0.14875
5 0.21625 0.15 0.20375000000000001 0.15 0.20375000000000001 0.1675 0.21625 0.1675 0.21625 0.15
5 0.20125 0.15125 0.19125 0.15125 0.19125 0.16875 0.20125 0.16875 0.20125 0.15125
5 0.1775 0.1525 0.1675 0.1525 0.1675 0.16999999999999998 0.1775 0.16999999999999998 0.1775 0.1525
5 0.13999999999999999 0.1525 0.13 0.1525 0.13 0.16999999999999998 0.13999999999999999 0.16999999999999998 0.13999999999999999 0.1525
5 0.12625 0.1525 0.11625 0.1525 0.11625 0.16999999999999998 0.12625 0.16999999999999998 0.12625 0.1525
5 0.11374999999999999 0.155 0.10375000000000001 0.155 0.10375000000000001 0.16999999999999998 0.11374999999999999 0.16999999999999998 0.11374999999999999 0.155
5 0.1 0.155 0.0875 0.155 0.0875 0.16999999999999998 0.1 0.16999999999999998 0.1 0.155
5 0.08375 0.155 0.07375000000000001 0.155 0.07375000000000001 0.17250000000000001 0.08375 0.17250000000000001 0.08375 0.155
5 0.06999999999999999 0.155 0.06 0.155 0.06 0.17250000000000001 0.06999999999999999 0.17250000000000001 0.06999999999999999 0.155
5 0.027500000000000004 0.15875 0.017499999999999998 0.15875 0.017499999999999998 0.17124999999999999 0.027500000000000004 0.17124999999999999 0.027500000000000004 0.15875
5 0.061250000000000006 0.20375000000000001 0.03875 0.20375000000000001 0.03875 0.21375000000000002 0.061250000000000006 0.21375000000000002 0.061250000000000006 0.20375000000000001
5 0.0925 0.205 0.0725 0.205 0.0725 0.2125 0.0925 0.2125 0.0925 0.205
5 0.12250000000000001 0.205 0.1025 0.205 0.1025 0.2125 0.12250000000000001 0.2125 0.12250000000000001 0.205
5 0.1875 0.20249999999999999 0.16999999999999998 0.20249999999999999 0.16999999999999998 0.21000000000000002 0.1875 0.21000000000000002 0.1875 0.20249999999999999
5 0.265 0.21875 0.255 0.21875 0.255 0.23875000000000002 0.265 0.23875000000000002 0.265 0.21875