5 0.97625 0.0625 0.9637499999999999 0.0625 0.9637499999999999 0.08499999999999999 0.97625 0.08499999999999999 0.97625 0.0625
5 0.2575 0.8275 0.2425 0.8275 0.2425 0.8474999999999999 0.2575 0.8474999999999999 0.2575 0.8275
5 0.5237499999999999 0.97875 0.50125 0.97875 0.50125 0.99125 0.5237499999999999 0.99125 0.5237499999999999 0.97875
5 0.89 0.44875 0.875 0.44875 0.875 0.47125000000000006 0.89 0.47125000000000006 0.89 0.44875
5 0.23500000000000001 0.82875 0.22000000000000003 0.82875 0.22000000000000003 0.85125 0.23500000000000001 0.85125 0.23500000000000001 0.82875
5 0.12375 0.05 0.10874999999999999 0.05 0.10874999999999999 0.065 0.12375 0.065 0.12375 0.05
5 0.9775 0.69625 0.9675 0.69625 0.9675 0.71375 0.9775 0.71375 0.9775 0.69625
5 0.6375 0.605 0.6174999999999999 0.605 0.6174999999999999 0.615 0.6375 0.615 0.6375 0.605
5 0.24500000000000002 0.8175000000000001 0.2325 0.8175000000000001 0.2325 0.835 0.24500000000000002 0.835 0.24500000000000002 0.8175000000000001
5 0.24500000000000002 0.8162499999999999 0.22999999999999998 0.8162499999999999 0.22999999999999998 0.8387499999999999 0.24500000000000002 0.8387499999999999 0.24500000000000002 0.8162499999999999
5 0.25875 0.825 0.24874999999999997 0.825 0.24874999999999997 0.85 0.25875 0.85 0.25875 0.825
5 0.9637499999999999 0.64125 0.9512499999999999 0.64125 0.9512499999999999 0.66125 0.9637499999999999 0.66125 0.9637499999999999 0.64125
5 0.08875 0.013750000000000002 0.07375000000000001 0.013750000000000002 0.07375000000000001 0.03125 0.08875 0.03125 0.08875 0.013750000000000002
5 0.32625000000000004 0.225 0.30625 0.225 0.30625 0.24500000000000002 0.32625000000000004 0.24500000000000002 0.32625000000000004 0.225
5 0.55 0.6075 0.5325 0.6075 0.5325 0.62 0.55 0.62 0.55 0.6075
5 0.83125 0.90625 0.79375 0.90625 0.79375 0.9262499999999999 0.83125 0.9262499999999999 0.83125 0.90625
5 0.23625 0.8324999999999999 0.22125 0.8324999999999999 0.22125 0.8550000000000001 0.23625 0.8550000000000001 0.23625 0.8324999999999999
5 0.8800000000000001 0.40625 0.865 0.40625 0.865 0.42625 0.8800000000000001 0.42625 0.8800000000000001 0.40625
5 0.10375000000000001 0.03375 0.08625000000000001 0.03375 0.08625000000000001 0.05375 0.10375000000000001 0.05375 0.10375000000000001 0.03375
5 0.2425 0.1775 0.2225 0.1775 0.2225 0.1925 0.2425 0.1925 0.2425 0.1775
5 0.30125 0.22000000000000003 0.28125 0.22000000000000003 0.28125 0.2375 0.30125 0.2375 0.30125 0.22000000000000003
5 0.61875 0.445 0.6012500000000001 0.445 0.6012500000000001 0.45999999999999996 0.61875 0.45999999999999996 0.61875 0.445
5 0.99375 0.825 0.97875 0.825 0.97875 0.8400000000000001 0.99375 0.8400000000000001 0.99375 0.825
5 0.22000000000000003 0.9075 0.2 0.9075 0.2 0.9175000000000001 0.22000000000000003 0.9175000000000001 0.22000000000000003 0.9075