0 0.81125 0.89375 0.73875 0.89375 0.73875 0.9712500000000001 0.81125 0.9712500000000001 0.81125 0.89375
5 0.89875 0.8162499999999999 0.8162499999999999 0.8162499999999999 0.8162499999999999 0.8637499999999999 0.89875 0.8637499999999999 0.89875 0.8162499999999999
0 0.9125 0.8787499999999999 0.8275 0.8787499999999999 0.8275 0.9412499999999999 0.9125 0.9412499999999999 0.9125 0.8787499999999999
5 0.8775000000000001 0.7375 0.8525 0.7375 0.8525 0.7825 0.8775000000000001 0.7825 0.8775000000000001 0.7375
0 0.9512499999999999 0.8400000000000001 0.8887499999999999 0.8400000000000001 0.8887499999999999 0.925 0.9512499999999999 0.925 0.9512499999999999 0.8400000000000001
5 0.63125 0.02375 0.60875 0.02375 0.60875 0.04375 0.63125 0.04375 0.63125 0.02375
4 0.93 0.7075 0.8949999999999999 0.7075 0.8949999999999999 0.725 0.93 0.725 0.93 0.7075
5 0.91375 0 0.91375 0.015 0.92125 0.015 0.92125 0 0.91375 0
5 0.8074999999999999 0.0025 0.8 0.0025 0.8 0.025 0.8074999999999999 0.025 0.8074999999999999 0.0025
5 0.96 0.6925 0.9400000000000001 0.6925 0.9400000000000001 0.7275 0.96 0.7275 0.96 0.6925
5 0.49625 0.78 0.48624999999999996 0.78 0.48624999999999996 0.8 0.49625 0.8 0.49625 0.78
5 0.515 0.7725 0.5025000000000001 0.7725 0.5025000000000001 0.795 0.515 0.795 0.515 0.7725
5 0.4625 0.78625 0.44749999999999995 0.78625 0.44749999999999995 0.80625 0.4625 0.80625 0.4625 0.78625
5 0.5900000000000001 0.8025 0.5700000000000001 0.8025 0.5700000000000001 0.8150000000000001 0.5900000000000001 0.8150000000000001 0.5900000000000001 0.8025
5 0.7837500000000001 0.058750000000000004 0.76125 0.058750000000000004 0.76125 0.07375000000000001 0.7837500000000001 0.07375000000000001 0.7837500000000001 0.058750000000000004
4 0.9275 0.7262500000000001 0.9 0.7262500000000001 0.9 0.73875 0.9275 0.73875 0.9275 0.7262500000000001
5 0.5900000000000001 0.8175000000000001 0.5700000000000001 0.8175000000000001 0.5700000000000001 0.8225 0.5900000000000001 0.8225 0.5900000000000001 0.8175000000000001
5 0.52125 0.7975 0.50875 0.7975 0.50875 0.8175000000000001 0.52125 0.8175000000000001 0.52125 0.7975
5 0.485 0.7825 0.475 0.7825 0.475 0.8025 0.485 0.8025 0.485 0.7825
5 0.4725 0.7787499999999999 0.4625 0.7787499999999999 0.4625 0.8012499999999999 0.4725 0.8012499999999999 0.4725 0.7787499999999999
5 0.63375 0.22125 0.60875 0.22125 0.60875 0.23374999999999999 0.63375 0.23374999999999999 0.63375 0.22125
5 0.80625 0 0.80625 0.017499999999999998 0.82125 0.017499999999999998 0.82125 0 0.80625 0
5 0.8175000000000001 0 0.8175000000000001 0.01 0.8300000000000001 0.01 0.8300000000000001 0 0.8175000000000001 0
4 0.9412499999999999 0.7424999999999999 0.91875 0.7424999999999999 0.91875 0.7825 0.9412499999999999 0.7825 0.9412499999999999 0.7424999999999999
5 0.5275000000000001 0.8612500000000001 0.51 0.8612500000000001 0.51 0.8887499999999999 0.5275000000000001 0.8887499999999999 0.5275000000000001 0.8612500000000001