5 1 0.90625 0.9875 0.90625 0.9875 0.93125 1 0.93125 1 0.90625
5 0.98125 0.9099999999999999 0.9662499999999999 0.9099999999999999 0.9662499999999999 0.9349999999999999 0.98125 0.9349999999999999 0.98125 0.9099999999999999
5 0.9012499999999999 0.8324999999999999 0.88125 0.8324999999999999 0.88125 0.8474999999999999 0.9012499999999999 0.8474999999999999 0.9012499999999999 0.8324999999999999
5 0.8400000000000001 1 0.8400000000000001 0.9875 0.825 0.9875 0.825 1 0.8400000000000001 1
5 1 0.96875 0.985 0.96875 0.985 0.99375 1 0.99375 1 0.96875
5 0.82 0.74875 0.7925 0.74875 0.7925 0.76875 0.82 0.76875 0.82 0.74875
5 0.915 0.85875 0.8875 0.85875 0.8875 0.87625 0.915 0.87625 0.915 0.85875
5 0.6825 0.9199999999999999 0.6625 0.9199999999999999 0.6625 0.9324999999999999 0.6825 0.9324999999999999 0.6825 0.9199999999999999
5 0.63375 0.91375 0.60375 0.91375 0.60375 0.93625 0.63375 0.93625 0.63375 0.91375
5 0.6599999999999999 0.925 0.6375 0.925 0.6375 0.9425000000000001 0.6599999999999999 0.9425000000000001 0.6599999999999999 0.925
5 0.68625 0.9324999999999999 0.66625 0.9324999999999999 0.66625 0.9475 0.68625 0.9475 0.68625 0.9324999999999999