5 0.48375 0.63875 0.47625 0.63875 0.47625 0.6537499999999999 0.48375 0.6537499999999999 0.48375 0.63875
5 0.5337500000000001 0.6775 0.51375 0.6775 0.51375 0.6875 0.5337500000000001 0.6875 0.5337500000000001 0.6775
5 0.35625 0.67625 0.34625 0.67625 0.34625 0.69375 0.35625 0.69375 0.35625 0.67625
5 0.26625 0.71875 0.25375000000000003 0.71875 0.25375000000000003 0.73625 0.26625 0.73625 0.26625 0.71875
5 0.35125 0.70375 0.34125 0.70375 0.34125 0.7212500000000001 0.35125 0.7212500000000001 0.35125 0.70375
5 0.16 0.23500000000000001 0.145 0.23500000000000001 0.145 0.24500000000000002 0.16 0.24500000000000002 0.16 0.23500000000000001
5 0.29874999999999996 0.7825 0.26875 0.7825 0.26875 0.7975 0.29874999999999996 0.7975 0.29874999999999996 0.7825
5 0.3525 0.6900000000000001 0.34249999999999997 0.6900000000000001 0.34249999999999997 0.7025 0.3525 0.7025 0.3525 0.6900000000000001
5 0.22374999999999998 0.82875 0.20375000000000001 0.82875 0.20375000000000001 0.8412499999999999 0.22374999999999998 0.8412499999999999 0.22374999999999998 0.82875
5 0.34750000000000003 0.67875 0.3375 0.67875 0.3375 0.69375 0.34750000000000003 0.69375 0.34750000000000003 0.67875
5 0.32 0.7887500000000001 0.3 0.7887500000000001 0.3 0.80375 0.32 0.80375 0.32 0.7887500000000001
5 0.60375 0.6375 0.56875 0.6375 0.56875 0.655 0.60375 0.655 0.60375 0.6375
5 0.45875000000000005 0.665 0.44875 0.665 0.44875 0.6799999999999999 0.45875000000000005 0.6799999999999999 0.45875000000000005 0.665
5 0.32999999999999996 0.6875 0.315 0.6875 0.315 0.71 0.32999999999999996 0.71 0.32999999999999996 0.6875
5 0.31375000000000003 0.7162499999999999 0.30375 0.7162499999999999 0.30375 0.73125 0.31375000000000003 0.73125 0.31375000000000003 0.7162499999999999
5 0.3875 0.66875 0.375 0.66875 0.375 0.6837500000000001 0.3875 0.6837500000000001 0.3875 0.66875
5 0.13874999999999998 0.12625 0.12125 0.12625 0.12125 0.13874999999999998 0.13874999999999998 0.13874999999999998 0.13874999999999998 0.12625
5 0.335 0.7175 0.3175 0.7175 0.3175 0.7375 0.335 0.7375 0.335 0.7175
5 0.3625 0.7575000000000001 0.34500000000000003 0.7575000000000001 0.34500000000000003 0.77 0.3625 0.77 0.3625 0.7575000000000001
5 0.44375 0.74125 0.42125 0.74125 0.42125 0.75625 0.44375 0.75625 0.44375 0.74125
5 0.34125 0.475 0.31875 0.475 0.31875 0.4875 0.34125 0.4875 0.34125 0.475
5 0.33875 0.49000000000000005 0.32625000000000004 0.49000000000000005 0.32625000000000004 0.5125 0.33875 0.5125 0.33875 0.49000000000000005
5 0.325 0.54625 0.3175 0.54625 0.3175 0.55625 0.325 0.55625 0.325 0.54625
5 0.375 0.69875 0.3675 0.69875 0.3675 0.7112499999999999 0.375 0.7112499999999999 0.375 0.69875
5 0.495 0.63375 0.4875 0.63375 0.4875 0.64625 0.495 0.64625 0.495 0.63375
5 0.5025000000000001 0.6275000000000001 0.495 0.6275000000000001 0.495 0.6425 0.5025000000000001 0.6425 0.5025000000000001 0.6275000000000001
5 0.5125 0.625 0.505 0.625 0.505 0.6375 0.5125 0.6375 0.5125 0.625
5 0.43624999999999997 0.6075 0.42374999999999996 0.6075 0.42374999999999996 0.6325000000000001 0.43624999999999997 0.6325000000000001 0.43624999999999997 0.6075
5 0.52125 0.61875 0.50875 0.61875 0.50875 0.63375 0.52125 0.63375 0.52125 0.61875
5 0.1 0.25875 0.08249999999999999 0.25875 0.08249999999999999 0.27375 0.1 0.27375 0.1 0.25875
5 0.14250000000000002 0.20875 0.13 0.20875 0.13 0.21625 0.14250000000000002 0.21625 0.14250000000000002 0.20875
5 0.14750000000000002 0.215 0.135 0.215 0.135 0.2225 0.14750000000000002 0.2225 0.14750000000000002 0.215
5 0.1125 0.26375000000000004 0.095 0.26375000000000004 0.095 0.27875 0.1125 0.27875 0.1125 0.26375000000000004
5 0.15125 0.29125 0.13625 0.29125 0.13625 0.30375 0.15125 0.30375 0.15125 0.29125
5 0.11750000000000001 0.21125 0.1075 0.21125 0.1075 0.22625 0.11750000000000001 0.22625 0.11750000000000001 0.21125
5 0.4125 0.64625 0.3825 0.64625 0.3825 0.69375 0.4125 0.69375 0.4125 0.64625
5 0.32125 0.44000000000000006 0.30874999999999997 0.44000000000000006 0.30874999999999997 0.4625 0.32125 0.4625 0.32125 0.44000000000000006
5 0.35 0.4875 0.335 0.4875 0.335 0.51 0.35 0.51 0.35 0.4875