5 0.8775000000000001 0.4025 0.8675 0.4025 0.8675 0.4175 0.8775000000000001 0.4175 0.8775000000000001 0.4025
5 0.69875 0.2225 0.67875 0.2225 0.67875 0.22999999999999998 0.69875 0.22999999999999998 0.69875 0.2225
5 0.72875 0.69375 0.71875 0.69375 0.71875 0.70875 0.72875 0.70875 0.72875 0.69375
5 0.76625 0.74125 0.75125 0.74125 0.75125 0.76375 0.76625 0.76375 0.76625 0.74125
5 0.8637499999999999 0.61625 0.85125 0.61625 0.85125 0.63625 0.8637499999999999 0.63625 0.8637499999999999 0.61625
5 0.9949999999999999 0.55125 0.9775 0.55125 0.9775 0.56875 0.9949999999999999 0.56875 0.9949999999999999 0.55125
5 0.92875 0.57375 0.92125 0.57375 0.92125 0.5862499999999999 0.92875 0.5862499999999999 0.92875 0.57375
5 0.8787499999999999 0.40374999999999994 0.86875 0.40374999999999994 0.86875 0.42125 0.8787499999999999 0.42125 0.8787499999999999 0.40374999999999994
5 0.5599999999999999 0.485 0.5425 0.485 0.5425 0.495 0.5599999999999999 0.495 0.5599999999999999 0.485
5 0.3275 0.665 0.31 0.665 0.31 0.6825 0.3275 0.6825 0.3275 0.665
5 0.46125 0.8712500000000001 0.43624999999999997 0.8712500000000001 0.43624999999999997 0.8887499999999999 0.46125 0.8887499999999999 0.46125 0.8712500000000001