5 0.35 0.72875 0.335 0.72875 0.335 0.7462500000000001 0.35 0.7462500000000001 0.35 0.72875
5 0.36875 0.02 0.35375 0.02 0.35375 0.0375 0.36875 0.0375 0.36875 0.02
5 0.38875000000000004 0.01125 0.37374999999999997 0.01125 0.37374999999999997 0.02375 0.38875000000000004 0.02375 0.38875000000000004 0.01125
5 0.11875 0.13 0.10375000000000001 0.13 0.10375000000000001 0.14250000000000002 0.11875 0.14250000000000002 0.11875 0.13
5 0.11875 0.13125 0.10375000000000001 0.13125 0.10375000000000001 0.14625 0.11875 0.14625 0.11875 0.13125
5 0.12875 0.12375 0.11374999999999999 0.12375 0.11374999999999999 0.13874999999999998 0.12875 0.13874999999999998 0.12875 0.12375
5 0.37 0.02 0.3525 0.02 0.3525 0.0375 0.37 0.0375 0.37 0.02
5 0.39125 0.01 0.37374999999999997 0.01 0.37374999999999997 0.027500000000000004 0.39125 0.027500000000000004 0.39125 0.01
5 0.8400000000000001 0.3 0.8225 0.3 0.8225 0.3075 0.8400000000000001 0.3075 0.8400000000000001 0.3
5 0.7125 0.0975 0.6950000000000001 0.0975 0.6950000000000001 0.10500000000000001 0.7125 0.10500000000000001 0.7125 0.0975
5 0.95 0.0025 0.9324999999999999 0.0025 0.9324999999999999 0.0125 0.95 0.0125 0.95 0.0025