5 0.925 0.08249999999999999 0.9175000000000001 0.08249999999999999 0.9175000000000001 0.0925 0.925 0.0925 0.925 0.08249999999999999
5 0.09 0.05625 0.075 0.05625 0.075 0.06375 0.09 0.06375 0.09 0.05625
5 0.4875 0.2425 0.475 0.2425 0.475 0.26 0.4875 0.26 0.4875 0.2425
5 0.8125 0.48 0.7925 0.48 0.7925 0.4875 0.8125 0.4875 0.8125 0.48
5 0.74125 0.46875 0.7112499999999999 0.46875 0.7112499999999999 0.47874999999999995 0.74125 0.47874999999999995 0.74125 0.46875
5 0.70875 0.5625 0.69875 0.5625 0.69875 0.58 0.70875 0.58 0.70875 0.5625
5 0.70875 0.5825 0.70125 0.5825 0.70125 0.5925 0.70875 0.5925 0.70875 0.5825
5 0.71875 0.9375 0.7112499999999999 0.9375 0.7112499999999999 0.95 0.71875 0.95 0.71875 0.9375
5 0.03625 0.9087500000000001 0.02375 0.9087500000000001 0.02375 0.91625 0.03625 0.91625 0.03625 0.9087500000000001
5 0.2325 1 0.2325 0.9887499999999999 0.225 0.9887499999999999 0.225 1 0.2325 1
5 0.255 0.97875 0.2475 0.97875 0.2475 0.99375 0.255 0.99375 0.255 0.97875
5 0.4425 0.85875 0.4325 0.85875 0.4325 0.8637499999999999 0.4425 0.8637499999999999 0.4425 0.85875
5 0.0975 0.6425 0.08499999999999999 0.6425 0.08499999999999999 0.6575 0.0975 0.6575 0.0975 0.6425
5 0.2475 0.98375 0.23500000000000001 0.98375 0.23500000000000001 0.99875 0.2475 0.99875 0.2475 0.98375
5 0.042499999999999996 0.705 0.03 0.705 0.03 0.72 0.042499999999999996 0.72 0.042499999999999996 0.705
5 0.195 0.875 0.1825 0.875 0.1825 0.8800000000000001 0.195 0.8800000000000001 0.195 0.875
5 0.1275 0.67375 0.11499999999999999 0.67375 0.11499999999999999 0.6837500000000001 0.1275 0.6837500000000001 0.1275 0.67375
5 0.12250000000000001 0.67875 0.11000000000000001 0.67875 0.11000000000000001 0.68625 0.12250000000000001 0.68625 0.12250000000000001 0.67875
5 0.11750000000000001 0.6837500000000001 0.1075 0.6837500000000001 0.1075 0.69375 0.11750000000000001 0.69375 0.11750000000000001 0.6837500000000001
5 0.69375 0 0.69375 0.025 0.71875 0.025 0.71875 0 0.69375 0
5 0.195 0.31875 0.185 0.31875 0.185 0.32375 0.195 0.32375 0.195 0.31875
5 0.845 0.065 0.8275 0.065 0.8275 0.0875 0.845 0.0875 0.845 0.065
5 0.85125 0.07125000000000001 0.8412499999999999 0.07125000000000001 0.8412499999999999 0.09375 0.85125 0.09375 0.85125 0.07125000000000001
5 0.81875 0.06625 0.80625 0.06625 0.80625 0.08125 0.81875 0.08125 0.81875 0.06625
5 0.6537499999999999 0.0325 0.63375 0.0325 0.63375 0.05500000000000001 0.6537499999999999 0.05500000000000001 0.6537499999999999 0.0325
5 0.31625000000000003 0.86875 0.29375 0.86875 0.29375 0.88375 0.31625000000000003 0.88375 0.31625000000000003 0.86875
5 0.605 0.95375 0.5900000000000001 0.95375 0.5900000000000001 0.96125 0.605 0.96125 0.605 0.95375
5 0.6125 0.96125 0.5925 0.96125 0.5925 0.9662499999999999 0.6125 0.9662499999999999 0.6125 0.96125
5 0.7162499999999999 0.8887499999999999 0.70875 0.8887499999999999 0.70875 0.9037499999999999 0.7162499999999999 0.9037499999999999 0.7162499999999999 0.8887499999999999