5 0.05625 0.5700000000000001 0.04625 0.5700000000000001 0.04625 0.5900000000000001 0.05625 0.5900000000000001 0.05625 0.5700000000000001
5 0.4175 0.26875 0.41 0.26875 0.41 0.28625 0.4175 0.28625 0.4175 0.26875
5 0.59875 0.38 0.58375 0.38 0.58375 0.39 0.59875 0.39 0.59875 0.38
5 0.81125 0.92125 0.80375 0.92125 0.80375 0.93625 0.81125 0.93625 0.81125 0.92125
5 0.81125 0.85 0.80625 0.85 0.80625 0.865 0.81125 0.865 0.81125 0.85
5 0.8125 0.8387499999999999 0.805 0.8387499999999999 0.805 0.85125 0.8125 0.85125 0.8125 0.8387499999999999
5 0.125 0.6725 0.11750000000000001 0.6725 0.11750000000000001 0.6875 0.125 0.6875 0.125 0.6725
5 0.12625 0.64125 0.11625 0.64125 0.11625 0.65625 0.12625 0.65625 0.12625 0.64125
5 0.12625 0.6575 0.11625 0.6575 0.11625 0.6725 0.12625 0.6725 0.12625 0.6575
5 0.7 0.6125 0.6900000000000001 0.6125 0.6900000000000001 0.6275000000000001 0.7 0.6275000000000001 0.7 0.6125
5 0.27875 0.93 0.26375000000000004 0.93 0.26375000000000004 0.9375 0.27875 0.9375 0.27875 0.93
5 0.36625 0.89375 0.35875 0.89375 0.35875 0.90625 0.36625 0.90625 0.36625 0.89375
5 0.0625 0.5725 0.05500000000000001 0.5725 0.05500000000000001 0.5875 0.0625 0.5875 0.0625 0.5725
5 0.14750000000000002 0.5387500000000001 0.13999999999999999 0.5387500000000001 0.13999999999999999 0.55375 0.14750000000000002 0.55375 0.14750000000000002 0.5387500000000001
5 0.34375 0.55375 0.33375 0.55375 0.33375 0.56875 0.34375 0.56875 0.34375 0.55375
5 0.67 0.51125 0.6575 0.51125 0.6575 0.5237499999999999 0.67 0.5237499999999999 0.67 0.51125
5 0.38625 0.375 0.36875 0.375 0.36875 0.3825 0.38625 0.3825 0.38625 0.375
5 1 0.51625 0.9824999999999999 0.51625 0.9824999999999999 0.52625 1 0.52625 1 0.51625
5 0.12250000000000001 0.6900000000000001 0.11499999999999999 0.6900000000000001 0.11499999999999999 0.705 0.12250000000000001 0.705 0.12250000000000001 0.6900000000000001
5 0.905 0.51875 0.8875 0.51875 0.8875 0.5287499999999999 0.905 0.5287499999999999 0.905 0.51875
5 0.69375 0.82 0.67875 0.82 0.67875 0.8375 0.69375 0.8375 0.69375 0.82
5 0.40750000000000003 0.17625 0.395 0.17625 0.395 0.18875 0.40750000000000003 0.18875 0.40750000000000003 0.17625
5 0.03375 0.57125 0.021249999999999998 0.57125 0.021249999999999998 0.5912499999999999 0.03375 0.5912499999999999 0.03375 0.57125
5 0.1575 0.5700000000000001 0.14750000000000002 0.5700000000000001 0.14750000000000002 0.585 0.1575 0.585 0.1575 0.5700000000000001
5 0.12375 0.7025 0.11374999999999999 0.7025 0.11374999999999999 0.7175 0.12375 0.7175 0.12375 0.7025
5 0.9425000000000001 0.53 0.9175000000000001 0.53 0.9175000000000001 0.54 0.9425000000000001 0.54 0.9425000000000001 0.53
5 0.7325 0.65125 0.72 0.65125 0.72 0.67125 0.7325 0.67125 0.7325 0.65125
5 0.6950000000000001 0.74 0.6849999999999999 0.74 0.6849999999999999 0.7575000000000001 0.6950000000000001 0.7575000000000001 0.6950000000000001 0.74
5 0.0475 0.57125 0.04 0.57125 0.04 0.58875 0.0475 0.58875 0.0475 0.57125
5 0.2525 0.5825 0.22999999999999998 0.5825 0.22999999999999998 0.595 0.2525 0.595 0.2525 0.5825
5 0.14875 0.7575000000000001 0.13125 0.7575000000000001 0.13125 0.775 0.14875 0.775 0.14875 0.7575000000000001
5 0.705 0.5549999999999999 0.6925 0.5549999999999999 0.6925 0.5700000000000001 0.705 0.5700000000000001 0.705 0.5549999999999999
5 0.99875 0.5287499999999999 0.98375 0.5287499999999999 0.98375 0.54125 0.99875 0.54125 0.99875 0.5287499999999999
5 0.70125 0.57375 0.6912499999999999 0.57375 0.6912499999999999 0.58875 0.70125 0.58875 0.70125 0.57375
5 0.05125 0.01 0.03625 0.01 0.03625 0.025 0.05125 0.025 0.05125 0.01
5 0.75 0.6525000000000001 0.74 0.6525000000000001 0.74 0.6625 0.75 0.6625 0.75 0.6525000000000001
5 0.67375 0.77625 0.65625 0.77625 0.65625 0.78625 0.67375 0.78625 0.67375 0.77625
5 0.07875 0.02 0.061250000000000006 0.02 0.061250000000000006 0.034999999999999996 0.07875 0.034999999999999996 0.07875 0.02