5 0.305 0.9487500000000001 0.29500000000000004 0.9487500000000001 0.29500000000000004 0.9637499999999999 0.305 0.9637499999999999 0.305 0.9487500000000001
5 0.33125 0.95 0.32375 0.95 0.32375 0.9650000000000001 0.33125 0.9650000000000001 0.33125 0.95
5 0.30625 0.97 0.29874999999999996 0.97 0.29874999999999996 0.985 0.30625 0.985 0.30625 0.97
5 0.72 0.37625000000000003 0.71 0.37625000000000003 0.71 0.38375 0.72 0.38375 0.72 0.37625000000000003
5 0.47750000000000004 0.365 0.4725 0.365 0.4725 0.3725 0.47750000000000004 0.3725 0.47750000000000004 0.365
5 0.47000000000000003 0.365 0.465 0.365 0.465 0.37 0.47000000000000003 0.37 0.47000000000000003 0.365
5 0.57875 0.6525000000000001 0.5662499999999999 0.6525000000000001 0.5662499999999999 0.6625 0.57875 0.6625 0.57875 0.6525000000000001
5 0.34875 0 0.34875 0.00625 0.36124999999999996 0.00625 0.36124999999999996 0 0.34875 0
5 0.28250000000000003 0.4025 0.27749999999999997 0.4025 0.27749999999999997 0.4175 0.28250000000000003 0.4175 0.28250000000000003 0.4025
5 0.265 0.09875 0.2525 0.09875 0.2525 0.11125 0.265 0.11125 0.265 0.09875
5 0.265 0.21000000000000002 0.2575 0.21000000000000002 0.2575 0.2225 0.265 0.2225 0.265 0.21000000000000002
5 0.5575 0.07875 0.55 0.07875 0.55 0.09125 0.5575 0.09125 0.5575 0.07875
5 0.58 0.06875 0.5725 0.06875 0.5725 0.08375 0.58 0.08375 0.58 0.06875
5 0.041249999999999995 0.48375 0.026250000000000002 0.48375 0.026250000000000002 0.48875 0.041249999999999995 0.48875 0.041249999999999995 0.48375
5 0.0975 0.47375 0.08 0.47375 0.08 0.48125 0.0975 0.48125 0.0975 0.47375
5 0.0725 0.48125 0.05500000000000001 0.48125 0.05500000000000001 0.48875 0.0725 0.48875 0.0725 0.48125
5 0 0.30375 0.008749999999999999 0.30375 0.008749999999999999 0.29625 0 0.29625 0 0.30375
5 0.5725 0.07375000000000001 0.5599999999999999 0.07375000000000001 0.5599999999999999 0.08875 0.5725 0.08875 0.5725 0.07375000000000001
5 0.6912499999999999 0.67 0.66125 0.67 0.66125 0.7025 0.6912499999999999 0.7025 0.6912499999999999 0.67
5 0.3125 0.32 0.3025 0.32 0.3025 0.3325 0.3125 0.3325 0.3125 0.32
5 0.16625 0.31 0.15125 0.31 0.15125 0.3175 0.16625 0.3175 0.16625 0.31
5 0.62 0.9275 0.6075 0.9275 0.6075 0.9400000000000001 0.62 0.9400000000000001 0.62 0.9275
5 0.15625 0.6525000000000001 0.13374999999999998 0.6525000000000001 0.13374999999999998 0.665 0.15625 0.665 0.15625 0.6525000000000001
5 0.95875 0.43624999999999997 0.9337500000000001 0.43624999999999997 0.9337500000000001 0.45625 0.95875 0.45625 0.95875 0.43624999999999997
5 0.11750000000000001 0.29874999999999996 0.0975 0.29874999999999996 0.0975 0.30874999999999997 0.11750000000000001 0.30874999999999997 0.11750000000000001 0.29874999999999996
5 0.30874999999999997 0.6375 0.30125 0.6375 0.30125 0.65 0.30874999999999997 0.65 0.30874999999999997 0.6375
5 0.31124999999999997 0.63625 0.30375 0.63625 0.30375 0.6537499999999999 0.31124999999999997 0.6537499999999999 0.31124999999999997 0.63625
5 0.6475 0.6825 0.6375 0.6825 0.6375 0.705 0.6475 0.705 0.6475 0.6825
5 0.92875 0.66125 0.91375 0.66125 0.91375 0.66875 0.92875 0.66875 0.92875 0.66125
5 0.28250000000000003 0.07625 0.2625 0.07625 0.2625 0.09375 0.28250000000000003 0.09375 0.28250000000000003 0.07625
5 0.69375 0.36625 0.67875 0.36625 0.67875 0.37875000000000003 0.69375 0.37875000000000003 0.69375 0.36625
5 0.7375 0.38125 0.7224999999999999 0.38125 0.7224999999999999 0.38875000000000004 0.7375 0.38875000000000004 0.7375 0.38125
5 0.65125 0.35375 0.63875 0.35375 0.63875 0.36875 0.65125 0.36875 0.65125 0.35375
5 0.22000000000000003 0.645 0.21000000000000002 0.645 0.21000000000000002 0.6625 0.22000000000000003 0.6625 0.22000000000000003 0.645
5 0.79375 0.6525000000000001 0.7737499999999999 0.6525000000000001 0.7737499999999999 0.665 0.79375 0.665 0.79375 0.6525000000000001
5 0.93 0.04375 0.915 0.04375 0.915 0.05125 0.93 0.05125 0.93 0.04375
5 0.86 0.5875 0.85 0.5875 0.85 0.5974999999999999 0.86 0.5974999999999999 0.86 0.5875
5 0.6075 0.8787499999999999 0.6 0.8787499999999999 0.6 0.8887499999999999 0.6075 0.8887499999999999 0.6075 0.8787499999999999
5 0.64125 0.82875 0.61375 0.82875 0.61375 0.85375 0.64125 0.85375 0.64125 0.82875
5 0.3025 0.63375 0.2975 0.63375 0.2975 0.65125 0.3025 0.65125 0.3025 0.63375
5 0.29625 0.625 0.28125 0.625 0.28125 0.645 0.29625 0.645 0.29625 0.625
5 0.84375 0.59375 0.8262499999999999 0.59375 0.8262499999999999 0.60875 0.84375 0.60875 0.84375 0.59375
5 0.9375 0.05125 0.9175000000000001 0.05125 0.9175000000000001 0.05625 0.9375 0.05625 0.9375 0.05125
5 0.54375 0.655 0.5287499999999999 0.655 0.5287499999999999 0.6625 0.54375 0.6625 0.54375 0.655
5 0.265 0.0125 0.25 0.0125 0.25 0.0375 0.265 0.0375 0.265 0.0125
5 0.60875 0.8949999999999999 0.59375 0.8949999999999999 0.59375 0.9075 0.60875 0.9075 0.60875 0.8949999999999999
5 0.9125 0.6587500000000001 0.8975 0.6587500000000001 0.8975 0.66875 0.9125 0.66875 0.9125 0.6587500000000001
5 0.30874999999999997 0.7737499999999999 0.29625 0.7737499999999999 0.29625 0.7887500000000001 0.30874999999999997 0.7887500000000001 0.30874999999999997 0.7737499999999999