5 0.3225 0.9475 0.315 0.9475 0.315 0.9625 0.3225 0.9625 0.3225 0.9475
5 0.355 1 0.355 0.98375 0.34500000000000003 0.98375 0.34500000000000003 1 0.355 1
5 0.135 0.5125 0.12250000000000001 0.5125 0.12250000000000001 0.525 0.135 0.525 0.135 0.5125
5 0.1675 0.5599999999999999 0.1525 0.5599999999999999 0.1525 0.575 0.1675 0.575 0.1675 0.5599999999999999
5 0.3725 0.48 0.36 0.48 0.36 0.49749999999999994 0.3725 0.49749999999999994 0.3725 0.48
5 0.8462500000000001 0.41 0.82875 0.41 0.82875 0.4425 0.8462500000000001 0.4425 0.8462500000000001 0.41
5 0.8175000000000001 0.43875000000000003 0.7775000000000001 0.43875000000000003 0.7775000000000001 0.45375 0.8175000000000001 0.45375 0.8175000000000001 0.43875000000000003
5 0.8162499999999999 0.41624999999999995 0.7787499999999999 0.41624999999999995 0.7787499999999999 0.43125 0.8162499999999999 0.43125 0.8162499999999999 0.41624999999999995
5 0.81875 0.42750000000000005 0.78625 0.42750000000000005 0.78625 0.44000000000000006 0.81875 0.44000000000000006 0.81875 0.42750000000000005
5 0.89125 0.645 0.87625 0.645 0.87625 0.655 0.89125 0.655 0.89125 0.645
5 0.0975 0.43624999999999997 0.0875 0.43624999999999997 0.0875 0.45125000000000004 0.0975 0.45125000000000004 0.0975 0.43624999999999997
5 0.8225 0.66125 0.805 0.66125 0.805 0.66875 0.8225 0.66875 0.8225 0.66125
5 0.8400000000000001 0.6575 0.8225 0.6575 0.8225 0.6675 0.8400000000000001 0.6675 0.8400000000000001 0.6575
5 0.5275000000000001 0.68625 0.5175 0.68625 0.5175 0.70375 0.5275000000000001 0.70375 0.5275000000000001 0.68625
5 0.225 0.78125 0.215 0.78125 0.215 0.79625 0.225 0.79625 0.225 0.78125
5 0.30625 0.89375 0.29375 0.89375 0.29375 0.91375 0.30625 0.91375 0.30625 0.89375
5 0.11875 0.4725 0.10625 0.4725 0.10625 0.4925 0.11875 0.4925 0.11875 0.4725
5 0.29874999999999996 0.8712500000000001 0.28125 0.8712500000000001 0.28125 0.8887499999999999 0.29874999999999996 0.8887499999999999 0.29874999999999996 0.8712500000000001
5 0.56875 0.6799999999999999 0.55375 0.6799999999999999 0.55375 0.7 0.56875 0.7 0.56875 0.6799999999999999
5 0.20375000000000001 0.655 0.19624999999999998 0.655 0.19624999999999998 0.675 0.20375000000000001 0.675 0.20375000000000001 0.655