5 0.39375 0.8099999999999999 0.37875000000000003 0.8099999999999999 0.37875000000000003 0.82 0.39375 0.82 0.39375 0.8099999999999999
5 0.25375000000000003 0.9099999999999999 0.23625 0.9099999999999999 0.23625 0.9199999999999999 0.25375000000000003 0.9199999999999999 0.25375000000000003 0.9099999999999999
5 0.29500000000000004 0.8875 0.27999999999999997 0.8875 0.27999999999999997 0.9 0.29500000000000004 0.9 0.29500000000000004 0.8875
5 0.23875000000000002 0.76375 0.23125 0.76375 0.23125 0.77625 0.23875000000000002 0.77625 0.23875000000000002 0.76375
5 0.34875 0.795 0.33125 0.795 0.33125 0.8025 0.34875 0.8025 0.34875 0.795
5 0.145 0.5900000000000001 0.1375 0.5900000000000001 0.1375 0.6075 0.145 0.6075 0.145 0.5900000000000001
5 0.24874999999999997 0.76625 0.24125000000000002 0.76625 0.24125000000000002 0.7787499999999999 0.24874999999999997 0.7787499999999999 0.24874999999999997 0.76625
5 0.26875 0.82 0.25625 0.82 0.25625 0.8275 0.26875 0.8275 0.26875 0.82
5 0.6849999999999999 0.9349999999999999 0.67 0.9349999999999999 0.67 0.9475 0.6849999999999999 0.9475 0.6849999999999999 0.9349999999999999
5 0.22749999999999998 0.76625 0.22000000000000003 0.76625 0.22000000000000003 0.77625 0.22749999999999998 0.77625 0.22749999999999998 0.76625
5 0.14750000000000002 0.5662499999999999 0.13999999999999999 0.5662499999999999 0.13999999999999999 0.58375 0.14750000000000002 0.58375 0.14750000000000002 0.5662499999999999