5 0.8150000000000001 0.575 0.7975 0.575 0.7975 0.5875 0.8150000000000001 0.5875 0.8150000000000001 0.575
5 0.93125 0.5175 0.91375 0.5175 0.91375 0.5325 0.93125 0.5325 0.93125 0.5175
5 0.06875 0.4025 0.05125 0.4025 0.05125 0.4125 0.06875 0.4125 0.06875 0.4025
5 0.0875 0.45499999999999996 0.0725 0.45499999999999996 0.0725 0.465 0.0875 0.465 0.0875 0.45499999999999996
5 0.061250000000000006 0.43499999999999994 0.04875 0.43499999999999994 0.04875 0.445 0.061250000000000006 0.445 0.061250000000000006 0.43499999999999994
5 0.18875 0.74 0.17375000000000002 0.74 0.17375000000000002 0.7474999999999999 0.18875 0.7474999999999999 0.18875 0.74
5 0.25875 0.9512499999999999 0.23875000000000002 0.9512499999999999 0.23875000000000002 0.9662499999999999 0.25875 0.9662499999999999 0.25875 0.9512499999999999
5 0.025 0.5037499999999999 0.0125 0.5037499999999999 0.0125 0.51875 0.025 0.51875 0.025 0.5037499999999999
5 0.017499999999999998 0.50125 0.0025 0.50125 0.0025 0.51875 0.017499999999999998 0.51875 0.017499999999999998 0.50125
5 0.885 0.5725 0.8724999999999999 0.5725 0.8724999999999999 0.5925 0.885 0.5925 0.885 0.5725
5 0.5662499999999999 0.00375 0.54625 0.00375 0.54625 0.01875 0.5662499999999999 0.01875 0.5662499999999999 0.00375
5 0.08375 0.47125000000000006 0.06625 0.47125000000000006 0.06625 0.48125 0.08375 0.48125 0.08375 0.47125000000000006
5 0.06625 0.41125 0.05125 0.41125 0.05125 0.42625 0.06625 0.42625 0.06625 0.41125