5 0.37625000000000003 0.95 0.34625 0.95 0.34625 0.9650000000000001 0.37625000000000003 0.9650000000000001 0.37625000000000003 0.95
5 0.9637499999999999 0.23875000000000002 0.9512499999999999 0.23875000000000002 0.9512499999999999 0.24625 0.9637499999999999 0.24625 0.9637499999999999 0.23875000000000002
5 0.97625 0.20875 0.96125 0.20875 0.96125 0.21375000000000002 0.97625 0.21375000000000002 0.97625 0.20875
5 0.16875 0.7175 0.15375 0.7175 0.15375 0.725 0.16875 0.725 0.16875 0.7175
5 0.9675 0.22625 0.9550000000000001 0.22625 0.9550000000000001 0.23374999999999999 0.9675 0.23374999999999999 0.9675 0.22625
5 0.9400000000000001 0.9475 0.925 0.9475 0.925 0.9574999999999999 0.9400000000000001 0.9574999999999999 0.9400000000000001 0.9475
5 0.21125 0.5475 0.16125 0.5475 0.16125 0.575 0.21125 0.575 0.21125 0.5475
5 0.16375 0.525 0.10874999999999999 0.525 0.10874999999999999 0.5575 0.16375 0.5575 0.16375 0.525
5 0.11125 0.5075000000000001 0.061250000000000006 0.5075000000000001 0.061250000000000006 0.5375 0.11125 0.5375 0.11125 0.5075000000000001
5 0.06 0.4875 0.01 0.4875 0.01 0.52 0.06 0.52 0.06 0.4875
5 0.41 0.9525 0.4025 0.9525 0.4025 0.9675 0.41 0.9675 0.41 0.9525
5 0.40374999999999994 0.9487500000000001 0.39125 0.9487500000000001 0.39125 0.96875 0.40374999999999994 0.96875 0.40374999999999994 0.9487500000000001
5 0.3875 0.945 0.3775 0.945 0.3775 0.9625 0.3875 0.9625 0.3875 0.945
5 0.4625 0.9737500000000001 0.45 0.9737500000000001 0.45 0.9862500000000001 0.4625 0.9862500000000001 0.4625 0.9737500000000001
5 0.43125 0.95875 0.41875 0.95875 0.41875 0.97875 0.43125 0.97875 0.43125 0.95875
5 0.8375 0.875 0.8225 0.875 0.8225 0.8925000000000001 0.8375 0.8925000000000001 0.8375 0.875
5 0.445 0.9637499999999999 0.43 0.9637499999999999 0.43 0.9862500000000001 0.445 0.9862500000000001 0.445 0.9637499999999999
5 0.42125 0.95375 0.40875000000000006 0.95375 0.40875000000000006 0.9737500000000001 0.42125 0.9737500000000001 0.42125 0.95375
5 0.85625 0.875 0.8412499999999999 0.875 0.8412499999999999 0.9025000000000001 0.85625 0.9025000000000001 0.85625 0.875