5 0.09625 0.13 0.08125 0.13 0.08125 0.13999999999999999 0.09625 0.13999999999999999 0.09625 0.13
5 0.655 0.8800000000000001 0.625 0.8800000000000001 0.625 0.93 0.655 0.93 0.655 0.8800000000000001
5 0.9412499999999999 0.74375 0.93125 0.74375 0.93125 0.75875 0.9412499999999999 0.75875 0.9412499999999999 0.74375
5 0.8775000000000001 0.78125 0.865 0.78125 0.865 0.79875 0.8775000000000001 0.79875 0.8775000000000001 0.78125
5 0.8125 0.76625 0.7925 0.76625 0.7925 0.78125 0.8125 0.78125 0.8125 0.76625
5 0.9349999999999999 0.3875 0.9225 0.3875 0.9225 0.40499999999999997 0.9349999999999999 0.40499999999999997 0.9349999999999999 0.3875
5 1 0.41624999999999995 0.9712500000000001 0.41624999999999995 0.9712500000000001 0.46875 1 0.46875 1 0.41624999999999995
5 0.9375 0.33875 0.9199999999999999 0.33875 0.9199999999999999 0.36375 0.9375 0.36375 0.9375 0.33875
5 0.92125 0.3 0.9012499999999999 0.3 0.9012499999999999 0.3325 0.92125 0.3325 0.92125 0.3
5 0.9112500000000001 0.355 0.9012499999999999 0.355 0.9012499999999999 0.37 0.9112500000000001 0.37 0.9112500000000001 0.355
5 0.8675 0.25875 0.8525 0.25875 0.8525 0.28125 0.8675 0.28125 0.8675 0.25875
5 0.8975 0.31625000000000003 0.8800000000000001 0.31625000000000003 0.8800000000000001 0.33875 0.8975 0.33875 0.8975 0.31625000000000003
5 0.89375 0.75125 0.88125 0.75125 0.88125 0.77625 0.89375 0.77625 0.89375 0.75125
5 0.89875 0.8099999999999999 0.87375 0.8099999999999999 0.87375 0.825 0.89875 0.825 0.89875 0.8099999999999999
5 0.55125 0.48624999999999996 0.53625 0.48624999999999996 0.53625 0.49874999999999997 0.55125 0.49874999999999997 0.55125 0.48624999999999996
5 0.5575 0.50125 0.5425 0.50125 0.5425 0.51125 0.5575 0.51125 0.5575 0.50125
5 0.56125 0.51 0.5387500000000001 0.51 0.5387500000000001 0.525 0.56125 0.525 0.56125 0.51
5 0.56375 0.5175 0.54125 0.5175 0.54125 0.5375 0.56375 0.5375 0.56375 0.5175
5 0.57375 0.5275000000000001 0.54625 0.5275000000000001 0.54625 0.545 0.57375 0.545 0.57375 0.5275000000000001
5 0.57625 0.50625 0.5587500000000001 0.50625 0.5587500000000001 0.52625 0.57625 0.52625 0.57625 0.50625
5 0.575 0.54 0.5549999999999999 0.54 0.5549999999999999 0.55 0.575 0.55 0.575 0.54
5 0.02375 0.49625 0.008749999999999999 0.49625 0.008749999999999999 0.50875 0.02375 0.50875 0.02375 0.49625
5 0.03 0.48624999999999996 0.0125 0.48624999999999996 0.0125 0.50125 0.03 0.50125 0.03 0.48624999999999996
5 0.03375 0.11499999999999999 0.013750000000000002 0.11499999999999999 0.013750000000000002 0.13 0.03375 0.13 0.03375 0.11499999999999999
5 0.8525 0.042499999999999996 0.8375 0.042499999999999996 0.8375 0.06 0.8525 0.06 0.8525 0.042499999999999996