5 0.5037499999999999 0.13125 0.43875000000000003 0.13125 0.43875000000000003 0.16375 0.5037499999999999 0.16375 0.5037499999999999 0.13125
5 0.50875 0.11750000000000001 0.44125 0.11750000000000001 0.44125 0.15 0.50875 0.15 0.50875 0.11750000000000001
5 0.51625 0.11000000000000001 0.45125000000000004 0.11000000000000001 0.45125000000000004 0.1375 0.51625 0.1375 0.51625 0.11000000000000001
5 0.5225 0.08375 0.4425 0.08375 0.4425 0.10874999999999999 0.5225 0.10874999999999999 0.5225 0.08375
5 0.19125 0.0025 0.17625 0.0025 0.17625 0.01 0.19125 0.01 0.19125 0.0025
5 0.20875 0.095 0.19125 0.095 0.19125 0.1025 0.20875 0.1025 0.20875 0.095
5 0.185 0.14625 0.17250000000000001 0.14625 0.17250000000000001 0.15375 0.185 0.15375 0.185 0.14625
5 0.34625 0.57875 0.33625 0.57875 0.33625 0.5962500000000001 0.34625 0.5962500000000001 0.34625 0.57875
5 0.33625 0.5775 0.32625000000000004 0.5775 0.32625000000000004 0.5925 0.33625 0.5925 0.33625 0.5775
5 0.32125 0.5900000000000001 0.31124999999999997 0.5900000000000001 0.31124999999999997 0.61 0.32125 0.61 0.32125 0.5900000000000001
5 0.33125 0.595 0.32125 0.595 0.32125 0.6125 0.33125 0.6125 0.33125 0.595
5 0.34249999999999997 0.5974999999999999 0.3275 0.5974999999999999 0.3275 0.6224999999999999 0.34249999999999997 0.6224999999999999 0.34249999999999997 0.5974999999999999
5 0.35 0.6475 0.3325 0.6475 0.3325 0.6599999999999999 0.35 0.6599999999999999 0.35 0.6475
5 0.57125 0.8225 0.56125 0.8225 0.56125 0.8400000000000001 0.57125 0.8400000000000001 0.57125 0.8225
5 0.5349999999999999 0.87375 0.525 0.87375 0.525 0.8862500000000001 0.5349999999999999 0.8862500000000001 0.5349999999999999 0.87375
5 0.49124999999999996 0.7925 0.47874999999999995 0.7925 0.47874999999999995 0.8125 0.49124999999999996 0.8125 0.49124999999999996 0.7925
5 0.03375 0.85625 0.01625 0.85625 0.01625 0.86875 0.03375 0.86875 0.03375 0.85625
5 0.11625 0.73875 0.09875 0.73875 0.09875 0.74875 0.11625 0.74875 0.11625 0.73875
5 0.12250000000000001 0.7275 0.1025 0.7275 0.1025 0.7375 0.12250000000000001 0.7375 0.12250000000000001 0.7275
5 0.365 0.0075 0.35 0.0075 0.35 0.015 0.365 0.015 0.365 0.0075
5 0.55625 0.8862500000000001 0.5387500000000001 0.8862500000000001 0.5387500000000001 0.89625 0.55625 0.89625 0.55625 0.8862500000000001
5 0.585 0.8425 0.5675 0.8425 0.5675 0.8550000000000001 0.585 0.8550000000000001 0.585 0.8425
5 0.2 0.13125 0.1875 0.13125 0.1875 0.13625 0.2 0.13625 0.2 0.13125
5 0.19125 0.12 0.17625 0.12 0.17625 0.1275 0.19125 0.1275 0.19125 0.12
5 0.20375000000000001 0.12125 0.19375 0.12125 0.19375 0.12625 0.20375000000000001 0.12625 0.20375000000000001 0.12125
5 0.20375000000000001 0.1125 0.19125 0.1125 0.19125 0.12 0.20375000000000001 0.12 0.20375000000000001 0.1125
5 0.18625 0.11125 0.17375000000000002 0.11125 0.17375000000000002 0.11875 0.18625 0.11875 0.18625 0.11125
5 0.20750000000000002 0.1025 0.1925 0.1025 0.1925 0.11000000000000001 0.20750000000000002 0.11000000000000001 0.20750000000000002 0.1025
5 0.19125 0.10124999999999999 0.17625 0.10124999999999999 0.17625 0.10874999999999999 0.19125 0.10874999999999999 0.19125 0.10124999999999999
5 0.1825 0.1525 0.16999999999999998 0.1525 0.16999999999999998 0.16 0.1825 0.16 0.1825 0.1525
5 0.86625 0.36875 0.85625 0.36875 0.85625 0.38625 0.86625 0.38625 0.86625 0.36875
5 0.54875 0.7375 0.48624999999999996 0.7375 0.48624999999999996 0.7575000000000001 0.54875 0.7575000000000001 0.54875 0.7375
5 0.6975 0.6900000000000001 0.6799999999999999 0.6900000000000001 0.6799999999999999 0.6975 0.6975 0.6975 0.6975 0.6900000000000001
5 0.32999999999999996 0.5725 0.3125 0.5725 0.3125 0.5925 0.32999999999999996 0.5925 0.32999999999999996 0.5725