5 0.20875 0.97625 0.18375 0.97625 0.18375 0.9962500000000001 0.20875 0.9962500000000001 0.20875 0.97625
5 0.3525 0.945 0.34249999999999997 0.945 0.34249999999999997 0.9625 0.3525 0.9625 0.3525 0.945
5 0.33125 0.8237500000000001 0.31124999999999997 0.8237500000000001 0.31124999999999997 0.8612500000000001 0.33125 0.8612500000000001 0.33125 0.8237500000000001
5 0.39 0.7737499999999999 0.3725 0.7737499999999999 0.3725 0.8012499999999999 0.39 0.8012499999999999 0.39 0.7737499999999999
5 1 0.5825 0.9550000000000001 0.5825 0.9550000000000001 0.6375 1 0.6375 1 0.5825
5 1 0.5675 0.9724999999999999 0.5675 0.9724999999999999 0.615 1 0.615 1 0.5675
5 0.82 0.56375 0.8074999999999999 0.56375 0.8074999999999999 0.57875 0.82 0.57875 0.82 0.56375
5 0.8262499999999999 0.57125 0.81125 0.57125 0.81125 0.5862499999999999 0.8262499999999999 0.5862499999999999 0.8262499999999999 0.57125
5 0.75125 0.75 0.73625 0.75 0.73625 0.76 0.75125 0.76 0.75125 0.75
5 0.61625 0.6925 0.60375 0.6925 0.60375 0.7025 0.61625 0.7025 0.61625 0.6925
5 0.6224999999999999 0.7525000000000001 0.6075 0.7525000000000001 0.6075 0.76 0.6224999999999999 0.76 0.6224999999999999 0.7525000000000001
5 0.55625 0.77 0.5337500000000001 0.77 0.5337500000000001 0.7775000000000001 0.55625 0.7775000000000001 0.55625 0.77
5 0.5525 0.76 0.5325 0.76 0.5325 0.7675 0.5525 0.7675 0.5525 0.76
5 0.55 0.73375 0.53 0.73375 0.53 0.74375 0.55 0.74375 0.55 0.73375
5 0.6125 0.8625 0.5900000000000001 0.8625 0.5900000000000001 0.915 0.6125 0.915 0.6125 0.8625
5 0.64625 0.8724999999999999 0.62625 0.8724999999999999 0.62625 0.9125 0.64625 0.9125 0.64625 0.8724999999999999
5 0.5475 0.7224999999999999 0.5325 0.7224999999999999 0.5325 0.7325 0.5475 0.7325 0.5475 0.7224999999999999
5 0.56375 0.64625 0.54625 0.64625 0.54625 0.6537499999999999 0.56375 0.6537499999999999 0.56375 0.64625
5 0.5625 0.65625 0.5475 0.65625 0.5475 0.66625 0.5625 0.66625 0.5625 0.65625
5 0.5525 0.6837500000000001 0.5375 0.6837500000000001 0.5375 0.69375 0.5525 0.69375 0.5525 0.6837500000000001
5 0.5925 0.72 0.5825 0.72 0.5825 0.735 0.5925 0.735 0.5925 0.72
5 0.70875 0.9712500000000001 0.66875 0.9712500000000001 0.66875 0.9862500000000001 0.70875 0.9862500000000001 0.70875 0.9712500000000001
5 0.70625 0.2575 0.66875 0.2575 0.66875 0.3125 0.70625 0.3125 0.70625 0.2575
5 0.73125 0.28125 0.70125 0.28125 0.70125 0.31124999999999997 0.73125 0.31124999999999997 0.73125 0.28125
5 0.78625 0.32625000000000004 0.74375 0.32625000000000004 0.74375 0.37124999999999997 0.78625 0.37124999999999997 0.78625 0.32625000000000004
5 0.85375 0.40499999999999997 0.79875 0.40499999999999997 0.79875 0.445 0.85375 0.445 0.85375 0.40499999999999997
5 0.8225 0.3775 0.7975 0.3775 0.7975 0.4 0.8225 0.4 0.8225 0.3775
5 0.2225 0.31 0.20249999999999999 0.31 0.20249999999999999 0.34500000000000003 0.2225 0.34500000000000003 0.2225 0.31
5 0.26375000000000004 0.4575 0.24625 0.4575 0.24625 0.495 0.26375000000000004 0.495 0.26375000000000004 0.4575
5 0.2725 0.5425 0.2575 0.5425 0.2575 0.5725 0.2725 0.5725 0.2725 0.5425
5 0.34375 0.5587500000000001 0.33125 0.5587500000000001 0.33125 0.58375 0.34375 0.58375 0.34375 0.5587500000000001
5 0.06375 0.175 0.03375 0.175 0.03375 0.1875 0.06375 0.1875 0.06375 0.175
5 0.2 0.09625 0.175 0.09625 0.175 0.11125 0.2 0.11125 0.2 0.09625
5 0.9737500000000001 0.54 0.96125 0.54 0.96125 0.55 0.9737500000000001 0.55 0.9737500000000001 0.54
5 0.8724999999999999 0.50125 0.86 0.50125 0.86 0.51625 0.8724999999999999 0.51625 0.8724999999999999 0.50125
5 0.9012499999999999 0.4875 0.89125 0.4875 0.89125 0.5025000000000001 0.9012499999999999 0.5025000000000001 0.9012499999999999 0.4875
5 0.93 0.44000000000000006 0.9125 0.44000000000000006 0.9125 0.44749999999999995 0.93 0.44749999999999995 0.93 0.44000000000000006
5 0.9037499999999999 0.40125 0.89125 0.40125 0.89125 0.41375 0.9037499999999999 0.41375 0.9037499999999999 0.40125
5 0.8862500000000001 0.40625 0.87375 0.40625 0.87375 0.41375 0.8862500000000001 0.41375 0.8862500000000001 0.40625
5 0.8800000000000001 0.39875 0.8675 0.39875 0.8675 0.40875000000000006 0.8800000000000001 0.40875000000000006 0.8800000000000001 0.39875
5 0.89 0.39375 0.8800000000000001 0.39375 0.8800000000000001 0.40374999999999994 0.89 0.40374999999999994 0.89 0.39375
5 0.7975 0.3875 0.7875 0.3875 0.7875 0.4 0.7975 0.4 0.7975 0.3875
5 0.775 0.37 0.7625 0.37 0.7625 0.385 0.775 0.385 0.775 0.37
5 0.7849999999999999 0.33125 0.7725 0.33125 0.7725 0.34375 0.7849999999999999 0.34375 0.7849999999999999 0.33125
5 0.78125 0.3225 0.76875 0.3225 0.76875 0.3325 0.78125 0.3325 0.78125 0.3225
5 0.77125 0.315 0.76125 0.315 0.76125 0.3275 0.77125 0.3275 0.77125 0.315
5 0.76625 0.3075 0.7537499999999999 0.3075 0.7537499999999999 0.32 0.76625 0.32 0.76625 0.3075
5 0.775 0.29625 0.765 0.29625 0.765 0.30874999999999997 0.775 0.30874999999999997 0.775 0.29625
5 0.7887500000000001 0.30874999999999997 0.77625 0.30874999999999997 0.77625 0.32125 0.7887500000000001 0.32125 0.7887500000000001 0.30874999999999997
5 0.7925 0.3025 0.78 0.3025 0.78 0.315 0.7925 0.315 0.7925 0.3025
5 0.7787499999999999 0.28125 0.76875 0.28125 0.76875 0.29375 0.7787499999999999 0.29375 0.7787499999999999 0.28125
5 0.7875 0.28125 0.78 0.28125 0.78 0.29125 0.7875 0.29125 0.7875 0.28125
5 0.7925 0.27375 0.7825 0.27375 0.7825 0.28375 0.7925 0.28375 0.7925 0.27375
5 0.8087500000000001 0.28250000000000003 0.79625 0.28250000000000003 0.79625 0.29500000000000004 0.8087500000000001 0.29500000000000004 0.8087500000000001 0.28250000000000003
5 0.8025 0.28875 0.79 0.28875 0.79 0.30125 0.8025 0.30125 0.8025 0.28875
5 0.79625 0.29500000000000004 0.7837500000000001 0.29500000000000004 0.7837500000000001 0.3075 0.79625 0.3075 0.79625 0.29500000000000004
5 0.8074999999999999 0.25625 0.7975 0.25625 0.7975 0.26625 0.8074999999999999 0.26625 0.8074999999999999 0.25625
5 0.8012499999999999 0.25125000000000003 0.79125 0.25125000000000003 0.79125 0.26125 0.8012499999999999 0.26125 0.8012499999999999 0.25125000000000003
5 0.79875 0.2425 0.7837500000000001 0.2425 0.7837500000000001 0.2575 0.79875 0.2575 0.79875 0.2425
5 0.79 0.2375 0.7775000000000001 0.2375 0.7775000000000001 0.25 0.79 0.25 0.79 0.2375
5 0.7825 0.23125 0.77 0.23125 0.77 0.24375 0.7825 0.24375 0.7825 0.23125
5 0.7737499999999999 0.22749999999999998 0.76375 0.22749999999999998 0.76375 0.2375 0.7737499999999999 0.2375 0.7737499999999999 0.22749999999999998
5 0.76625 0.22374999999999998 0.75625 0.22374999999999998 0.75625 0.23374999999999999 0.76625 0.23374999999999999 0.76625 0.22374999999999998
5 0.76125 0.21625 0.75125 0.21625 0.75125 0.22625 0.76125 0.22625 0.76125 0.21625
5 0.755 0.21000000000000002 0.7424999999999999 0.21000000000000002 0.7424999999999999 0.2225 0.755 0.2225 0.755 0.21000000000000002
5 0.7462500000000001 0.205 0.73375 0.205 0.73375 0.215 0.7462500000000001 0.215 0.7462500000000001 0.205
5 0.74125 0.1975 0.72875 0.1975 0.72875 0.21000000000000002 0.74125 0.21000000000000002 0.74125 0.1975
5 0.73125 0.1925 0.7212500000000001 0.1925 0.7212500000000001 0.20249999999999999 0.73125 0.20249999999999999 0.73125 0.1925
5 0.72375 0.1875 0.71375 0.1875 0.71375 0.1975 0.72375 0.1975 0.72375 0.1875
5 0.7162499999999999 0.1825 0.70375 0.1825 0.70375 0.1925 0.7162499999999999 0.1925 0.7162499999999999 0.1825
5 0.70875 0.17625 0.69875 0.17625 0.69875 0.18875 0.70875 0.18875 0.70875 0.17625
5 0.70125 0.17250000000000001 0.6912499999999999 0.17250000000000001 0.6912499999999999 0.1825 0.70125 0.1825 0.70125 0.17250000000000001
5 0.69375 0.1675 0.6837500000000001 0.1675 0.6837500000000001 0.1775 0.69375 0.1775 0.69375 0.1675
5 0.6875 0.1625 0.6775 0.1625 0.6775 0.17250000000000001 0.6875 0.17250000000000001 0.6875 0.1625
5 0.67875 0.15375 0.66875 0.15375 0.66875 0.16375 0.67875 0.16375 0.67875 0.15375
5 0.6725 0.1675 0.6575 0.1675 0.6575 0.18 0.6725 0.18 0.6725 0.1675
5 0.6825 0.18625 0.6675 0.18625 0.6675 0.20125 0.6825 0.20125 0.6825 0.18625
5 0.6975 0.19875 0.6825 0.19875 0.6825 0.21375000000000002 0.6975 0.21375000000000002 0.6975 0.19875
5 0.7125 0.215 0.7 0.215 0.7 0.22749999999999998 0.7125 0.22749999999999998 0.7125 0.215
5 0.72 0.22125 0.7075 0.22125 0.7075 0.23125 0.72 0.23125 0.72 0.22125
5 0.7275 0.22875 0.7125 0.22875 0.7125 0.24125000000000002 0.7275 0.24125000000000002 0.7275 0.22875
5 0.73375 0.23374999999999999 0.7212500000000001 0.23374999999999999 0.7212500000000001 0.24625 0.73375 0.24625 0.73375 0.23374999999999999
5 0.74125 0.24125000000000002 0.72875 0.24125000000000002 0.72875 0.25125000000000003 0.74125 0.25125000000000003 0.74125 0.24125000000000002
5 0.7474999999999999 0.2475 0.735 0.2475 0.735 0.2575 0.7474999999999999 0.2575 0.7474999999999999 0.2475
5 0.7525000000000001 0.255 0.74 0.255 0.74 0.26749999999999996 0.7525000000000001 0.26749999999999996 0.7525000000000001 0.255
5 0.765 0.26625 0.755 0.26625 0.755 0.27625 0.765 0.27625 0.765 0.26625
5 0.75625 0.27875 0.74375 0.27875 0.74375 0.29125 0.75625 0.29125 0.75625 0.27875
5 0.72875 0.25625 0.7162499999999999 0.25625 0.7162499999999999 0.26625 0.72875 0.26625 0.72875 0.25625
5 0.72 0.25 0.7075 0.25 0.7075 0.2625 0.72 0.2625 0.72 0.25
5 0.67125 0.21875 0.6537499999999999 0.21875 0.6537499999999999 0.23374999999999999 0.67125 0.23374999999999999 0.67125 0.21875
5 0.59375 0.25125000000000003 0.57875 0.25125000000000003 0.57875 0.26875 0.59375 0.26875 0.59375 0.25125000000000003
5 0.5275000000000001 0.20249999999999999 0.51 0.20249999999999999 0.51 0.21000000000000002 0.5275000000000001 0.21000000000000002 0.5275000000000001 0.20249999999999999
5 0.52625 0.21125 0.51125 0.21125 0.51125 0.21625 0.52625 0.21625 0.52625 0.21125
5 0.49874999999999997 0.27625 0.48875 0.27625 0.48875 0.29375 0.49874999999999997 0.29375 0.49874999999999997 0.27625
5 0.50875 0.275 0.50125 0.275 0.50125 0.2925 0.50875 0.2925 0.50875 0.275
5 0.4875 0.305 0.4725 0.305 0.4725 0.3125 0.4875 0.3125 0.4875 0.305
5 0.5275000000000001 0.28125 0.52 0.28125 0.52 0.29625 0.5275000000000001 0.29625 0.5275000000000001 0.28125
5 0.5337500000000001 0.28125 0.52625 0.28125 0.52625 0.29625 0.5337500000000001 0.29625 0.5337500000000001 0.28125
5 0.5425 0.28250000000000003 0.5349999999999999 0.28250000000000003 0.5349999999999999 0.29500000000000004 0.5425 0.29500000000000004 0.5425 0.28250000000000003
5 0.5549999999999999 0.28125 0.545 0.28125 0.545 0.29625 0.5549999999999999 0.29625 0.5549999999999999 0.28125
5 0.5662499999999999 0.28875 0.55625 0.28875 0.55625 0.30125 0.5662499999999999 0.30125 0.5662499999999999 0.28875
5 0.49749999999999994 0.32125 0.48 0.32125 0.48 0.32875 0.49749999999999994 0.32875 0.49749999999999994 0.32125
5 0.65125 0.34750000000000003 0.63875 0.34750000000000003 0.63875 0.365 0.65125 0.365 0.65125 0.34750000000000003
5 0.5387500000000001 0.44625000000000004 0.5237499999999999 0.44625000000000004 0.5237499999999999 0.45125000000000004 0.5387500000000001 0.45125000000000004 0.5387500000000001 0.44625000000000004
5 0.50625 0.41500000000000004 0.49375 0.41500000000000004 0.49375 0.42000000000000004 0.50625 0.42000000000000004 0.50625 0.41500000000000004
5 0.55375 0.3225 0.54125 0.3225 0.54125 0.3325 0.55375 0.3325 0.55375 0.3225
5 0.54125 0.3225 0.52625 0.3225 0.52625 0.335 0.54125 0.335 0.54125 0.3225
5 0.5912499999999999 0.32375 0.57875 0.32375 0.57875 0.33375 0.5912499999999999 0.33375 0.5912499999999999 0.32375
5 0.61625 0.32625000000000004 0.60625 0.32625000000000004 0.60625 0.33625 0.61625 0.33625 0.61625 0.32625000000000004
5 0.64125 0.51375 0.62375 0.51375 0.62375 0.5237499999999999 0.64125 0.5237499999999999 0.64125 0.51375
5 0.62 0.1525 0.6075 0.1525 0.6075 0.16499999999999998 0.62 0.16499999999999998 0.62 0.1525
5 0.62375 0.16 0.61375 0.16 0.61375 0.16999999999999998 0.62375 0.16999999999999998 0.62375 0.16
5 0.61125 0.14375 0.59875 0.14375 0.59875 0.15875 0.61125 0.15875 0.61125 0.14375
5 0.6224999999999999 0.11000000000000001 0.6125 0.11000000000000001 0.6125 0.12 0.6224999999999999 0.12 0.6224999999999999 0.11000000000000001
5 0.61625 0.10625 0.60375 0.10625 0.60375 0.12125 0.61625 0.12125 0.61625 0.10625
5 0.595 0.12625 0.5825 0.12625 0.5825 0.13874999999999998 0.595 0.13874999999999998 0.595 0.12625
5 0.58875 0.11875 0.57375 0.11875 0.57375 0.13374999999999998 0.58875 0.13374999999999998 0.58875 0.11875
5 0.5912499999999999 0.095 0.58125 0.095 0.58125 0.1075 0.5912499999999999 0.1075 0.5912499999999999 0.095
5 0.5700000000000001 0.09375 0.5549999999999999 0.09375 0.5549999999999999 0.10874999999999999 0.5700000000000001 0.10874999999999999 0.5700000000000001 0.09375
5 0.5662499999999999 0.08249999999999999 0.55375 0.08249999999999999 0.55375 0.0975 0.5662499999999999 0.0975 0.5662499999999999 0.08249999999999999
5 0.5599999999999999 0.06625 0.5475 0.06625 0.5475 0.08125 0.5599999999999999 0.08125 0.5599999999999999 0.06625
5 0.5475 0.06 0.5375 0.06 0.5375 0.0675 0.5475 0.0675 0.5475 0.06
5 0.51875 0.0625 0.50125 0.0625 0.50125 0.06999999999999999 0.51875 0.06999999999999999 0.51875 0.0625
5 0.40625 0.0625 0.39375 0.0625 0.39375 0.06999999999999999 0.40625 0.06999999999999999 0.40625 0.0625
5 0.27625 0.19624999999999998 0.26625 0.19624999999999998 0.26625 0.21375000000000002 0.27625 0.21375000000000002 0.27625 0.19624999999999998
5 0.33375 0.24625 0.31875 0.24625 0.31875 0.25375000000000003 0.33375 0.25375000000000003 0.33375 0.24625
5 0.16 0.12125 0.14250000000000002 0.12125 0.14250000000000002 0.13125 0.16 0.13125 0.16 0.12125
5 0.125 0.1375 0.10500000000000001 0.1375 0.10500000000000001 0.14750000000000002 0.125 0.14750000000000002 0.125 0.1375
5 0.095 0.05 0.08499999999999999 0.05 0.08499999999999999 0.065 0.095 0.065 0.095 0.05
5 0.08625000000000001 0.052500000000000005 0.07625 0.052500000000000005 0.07625 0.06999999999999999 0.08625000000000001 0.06999999999999999 0.08625000000000001 0.052500000000000005
5 0.07625 0.052500000000000005 0.06625 0.052500000000000005 0.06625 0.0725 0.07625 0.0725 0.07625 0.052500000000000005
5 0.065 0.905 0.05 0.905 0.05 0.9199999999999999 0.065 0.9199999999999999 0.065 0.905
5 0.0675 0.9 0.057499999999999996 0.9 0.057499999999999996 0.9099999999999999 0.0675 0.9099999999999999 0.0675 0.9
5 0.0225 0.795 0.0075 0.795 0.0075 0.8025 0.0225 0.8025 0.0225 0.795
5 0.052500000000000005 0.78125 0.034999999999999996 0.78125 0.034999999999999996 0.79125 0.052500000000000005 0.79125 0.052500000000000005 0.78125
5 0.034999999999999996 0.775 0.02 0.775 0.02 0.7849999999999999 0.034999999999999996 0.7849999999999999 0.034999999999999996 0.775
5 0.02 0.76 0.0075 0.76 0.0075 0.775 0.02 0.775 0.02 0.76
5 0.03125 0.74 0.01625 0.74 0.01625 0.76 0.03125 0.76 0.03125 0.74
5 0.03375 0.7537499999999999 0.021249999999999998 0.7537499999999999 0.021249999999999998 0.7737499999999999 0.03375 0.7737499999999999 0.03375 0.7537499999999999
5 0.04625 0.7462500000000001 0.03875 0.7462500000000001 0.03875 0.76375 0.04625 0.76375 0.04625 0.7462500000000001
5 0.03125 0.7275 0.02375 0.7275 0.02375 0.7375 0.03125 0.7375 0.03125 0.7275
5 0.025 0.7212500000000001 0.015 0.7212500000000001 0.015 0.73625 0.025 0.73625 0.025 0.7212500000000001
5 0.041249999999999995 0.72875 0.03375 0.72875 0.03375 0.74375 0.041249999999999995 0.74375 0.041249999999999995 0.72875
5 0.06 0.76625 0.042499999999999996 0.76625 0.042499999999999996 0.77625 0.06 0.77625 0.06 0.76625
5 0.0725 0.77 0.05500000000000001 0.77 0.05500000000000001 0.78 0.0725 0.78 0.0725 0.77
5 0.08499999999999999 0.755 0.0725 0.755 0.0725 0.7725 0.08499999999999999 0.7725 0.08499999999999999 0.755
5 0.07875 0.7525000000000001 0.06875 0.7525000000000001 0.06875 0.7625 0.07875 0.7625 0.07875 0.7525000000000001
5 0.06875 0.7525000000000001 0.058750000000000004 0.7525000000000001 0.058750000000000004 0.765 0.06875 0.765 0.06875 0.7525000000000001
5 0.05125 0.73 0.041249999999999995 0.73 0.041249999999999995 0.7474999999999999 0.05125 0.7474999999999999 0.05125 0.73
5 0.061250000000000006 0.7325 0.04875 0.7325 0.04875 0.7474999999999999 0.061250000000000006 0.7474999999999999 0.061250000000000006 0.7325
5 0.06875 0.73375 0.05625 0.73375 0.05625 0.7462500000000001 0.06875 0.7462500000000001 0.06875 0.73375
5 0.07375000000000001 0.735 0.06625 0.735 0.06625 0.745 0.07375000000000001 0.745 0.07375000000000001 0.735
5 0.08249999999999999 0.735 0.0725 0.735 0.0725 0.7474999999999999 0.08249999999999999 0.7474999999999999 0.08249999999999999 0.735
5 0.08625000000000001 0.73625 0.08125 0.73625 0.08125 0.75125 0.08625000000000001 0.75125 0.08625000000000001 0.73625
5 0.39 0.8574999999999999 0.38 0.8574999999999999 0.38 0.8724999999999999 0.39 0.8724999999999999 0.39 0.8574999999999999
5 0.29375 0.61875 0.28375 0.61875 0.28375 0.63375 0.29375 0.63375 0.29375 0.61875
5 0.31 0.67875 0.3 0.67875 0.3 0.6912499999999999 0.31 0.6912499999999999 0.31 0.67875
5 0.29874999999999996 0.68125 0.28875 0.68125 0.28875 0.69875 0.29874999999999996 0.69875 0.29874999999999996 0.68125
5 0.32125 0.49874999999999997 0.31124999999999997 0.49874999999999997 0.31124999999999997 0.51625 0.32125 0.51625 0.32125 0.49874999999999997
5 0.29625 0.32375 0.28875 0.32375 0.28875 0.34125 0.29625 0.34125 0.29625 0.32375
5 0.28500000000000003 0.33875 0.27749999999999997 0.33875 0.27749999999999997 0.35125 0.28500000000000003 0.35125 0.28500000000000003 0.33875
5 0.05500000000000001 0.315 0.045 0.315 0.045 0.3275 0.05500000000000001 0.3275 0.05500000000000001 0.315
5 0.07875 0.32375 0.06875 0.32375 0.06875 0.33625 0.07875 0.33625 0.07875 0.32375
5 0.1 0.33375 0.0875 0.33375 0.0875 0.34625 0.1 0.34625 0.1 0.33375
5 0.11125 0.33875 0.09875 0.33875 0.09875 0.34875 0.11125 0.34875 0.11125 0.33875
5 0.55125 0.8612500000000001 0.51375 0.8612500000000001 0.51375 0.87625 0.55125 0.87625 0.55125 0.8612500000000001
5 0.5650000000000001 0.8712500000000001 0.54 0.8712500000000001 0.54 0.92125 0.5650000000000001 0.92125 0.5650000000000001 0.8712500000000001
5 0.5700000000000001 0.915 0.55 0.915 0.55 0.9425000000000001 0.5700000000000001 0.9425000000000001 0.5700000000000001 0.915
5 0.5825 0.31875 0.5625 0.31875 0.5625 0.33375 0.5825 0.33375 0.5825 0.31875
5 0.54 0.4025 0.5225 0.4025 0.5225 0.4125 0.54 0.4125 0.54 0.4025
5 0.5475 0.41125 0.525 0.41125 0.525 0.42374999999999996 0.5475 0.42374999999999996 0.5475 0.41125
5 0.97875 0.0925 0.9487500000000001 0.0925 0.9487500000000001 0.1375 0.97875 0.1375 0.97875 0.0925
5 0.9525 0.12875 0.9175000000000001 0.12875 0.9175000000000001 0.16875 0.9525 0.16875 0.9525 0.12875
5 0.9875 0.09875 0.9675 0.09875 0.9675 0.12125 0.9875 0.12125 0.9875 0.09875
5 0 0.985 0.025 0.985 0.025 0.9550000000000001 0 0.9550000000000001 0 0.985
5 0.034999999999999996 0.9574999999999999 0.015 0.9574999999999999 0.015 0.9775 0.034999999999999996 0.9775 0.034999999999999996 0.9574999999999999
5 0.04 0.94375 0.017499999999999998 0.94375 0.017499999999999998 0.9662499999999999 0.04 0.9662499999999999 0.04 0.94375
5 0.05 0.9337500000000001 0.027500000000000004 0.9337500000000001 0.027500000000000004 0.95875 0.05 0.95875 0.05 0.9337500000000001
5 0.0725 0.8887499999999999 0.0625 0.8887499999999999 0.0625 0.89875 0.0725 0.89875 0.0725 0.8887499999999999
5 0.2225 0.8887499999999999 0.20750000000000002 0.8887499999999999 0.20750000000000002 0.91375 0.2225 0.91375 0.2225 0.8887499999999999
5 0.27 0.89 0.225 0.89 0.225 0.9075 0.27 0.9075 0.27 0.89
5 0.33625 0.93875 0.32125 0.93875 0.32125 0.9737500000000001 0.33625 0.9737500000000001 0.33625 0.93875
5 0.24375 0.9724999999999999 0.22875 0.9724999999999999 0.22875 0.9974999999999999 0.24375 0.9974999999999999 0.24375 0.9724999999999999
5 0.27749999999999997 0.93 0.2375 0.93 0.2375 0.945 0.27749999999999997 0.945 0.27749999999999997 0.93
5 0.24375 0.9125 0.21875 0.9125 0.21875 0.9275 0.24375 0.9275 0.24375 0.9125
5 0.21749999999999997 0.91875 0.18 0.91875 0.18 0.9487500000000001 0.21749999999999997 0.9487500000000001 0.21749999999999997 0.91875
5 0.2375 0.9337500000000001 0.21749999999999997 0.9337500000000001 0.21749999999999997 0.9512499999999999 0.2375 0.9512499999999999 0.2375 0.9337500000000001
5 0.185 0.95 0.16499999999999998 0.95 0.16499999999999998 0.97 0.185 0.97 0.185 0.95
5 0.20875 0.945 0.18875 0.945 0.18875 0.9625 0.20875 0.9625 0.20875 0.945
5 0.21875 0.95 0.18625 0.95 0.18625 0.9724999999999999 0.21875 0.9724999999999999 0.21875 0.95
5 0.24375 0.9475 0.22374999999999998 0.9475 0.22374999999999998 0.96 0.24375 0.96 0.24375 0.9475
5 0.2625 0.9525 0.23500000000000001 0.9525 0.23500000000000001 0.9675 0.2625 0.9675 0.2625 0.9525
5 0.23500000000000001 0.9574999999999999 0.1975 0.9574999999999999 0.1975 0.9824999999999999 0.23500000000000001 0.9824999999999999 0.23500000000000001 0.9574999999999999
5 0.23875000000000002 1 0.23875000000000002 0.9862500000000001 0.22374999999999998 0.9862500000000001 0.22374999999999998 1 0.23875000000000002 1
5 0.225 1 0.225 0.9887499999999999 0.215 0.9887499999999999 0.215 1 0.225 1
5 0.89625 0.385 0.88375 0.385 0.88375 0.395 0.89625 0.395 0.89625 0.385
5 0.8 0.26749999999999996 0.7875 0.26749999999999996 0.7875 0.27999999999999997 0.8 0.27999999999999997 0.8 0.26749999999999996