5 0.02375 0.7737499999999999 0.00625 0.7737499999999999 0.00625 0.8012499999999999 0.02375 0.8012499999999999 0.02375 0.7737499999999999
5 0.88375 0.845 0.83625 0.845 0.83625 0.8925000000000001 0.88375 0.8925000000000001 0.88375 0.845
5 0.8400000000000001 0.79375 0.7875 0.79375 0.7875 0.8462500000000001 0.8400000000000001 0.8462500000000001 0.8400000000000001 0.79375
5 0.7025 0.6587500000000001 0.6575 0.6587500000000001 0.6575 0.70625 0.7025 0.70625 0.7025 0.6587500000000001
5 0.7737499999999999 0.735 0.73125 0.735 0.73125 0.78 0.7737499999999999 0.78 0.7737499999999999 0.735
5 0.63875 0.5825 0.58875 0.5825 0.58875 0.6375 0.63875 0.6375 0.63875 0.5825
5 0.69375 0.57375 0.67375 0.57375 0.67375 0.5912499999999999 0.69375 0.5912499999999999 0.69375 0.57375
5 0.7162499999999999 0.6325000000000001 0.66875 0.6325000000000001 0.66875 0.6875 0.7162499999999999 0.6875 0.7162499999999999 0.6325000000000001
5 0.7875 0.6950000000000001 0.745 0.6950000000000001 0.745 0.7424999999999999 0.7875 0.7424999999999999 0.7875 0.6950000000000001
5 0.65125 0.5675 0.60625 0.5675 0.60625 0.615 0.65125 0.615 0.65125 0.5675
5 0.45375 0.56375 0.44125 0.56375 0.44125 0.57875 0.45375 0.57875 0.45375 0.56375
5 0.45999999999999996 0.57125 0.445 0.57125 0.445 0.5862499999999999 0.45999999999999996 0.5862499999999999 0.45999999999999996 0.57125
5 0.385 0.75 0.37 0.75 0.37 0.76 0.385 0.76 0.385 0.75
5 0.25 0.6925 0.2375 0.6925 0.2375 0.7025 0.25 0.7025 0.25 0.6925
5 0.25625 0.7525000000000001 0.24125000000000002 0.7525000000000001 0.24125000000000002 0.76 0.25625 0.76 0.25625 0.7525000000000001
5 0.19 0.77 0.1675 0.77 0.1675 0.7775000000000001 0.19 0.7775000000000001 0.19 0.77
5 0.18625 0.76 0.16625 0.76 0.16625 0.7675 0.18625 0.7675 0.18625 0.76
5 0.18375 0.73375 0.16375 0.73375 0.16375 0.74375 0.18375 0.74375 0.18375 0.73375
5 0.24625 0.8625 0.22374999999999998 0.8625 0.22374999999999998 0.915 0.24625 0.915 0.24625 0.8625
5 0.27999999999999997 0.8724999999999999 0.26 0.8724999999999999 0.26 0.9125 0.27999999999999997 0.9125 0.27999999999999997 0.8724999999999999
5 0.18125 0.7224999999999999 0.16625 0.7224999999999999 0.16625 0.7325 0.18125 0.7325 0.18125 0.7224999999999999
5 0.1975 0.64625 0.18 0.64625 0.18 0.6537499999999999 0.1975 0.6537499999999999 0.1975 0.64625
5 0.19624999999999998 0.65625 0.18125 0.65625 0.18125 0.66625 0.19624999999999998 0.66625 0.19624999999999998 0.65625
5 0.18625 0.6837500000000001 0.17124999999999999 0.6837500000000001 0.17124999999999999 0.69375 0.18625 0.69375 0.18625 0.6837500000000001
5 0.22625 0.72 0.21625 0.72 0.21625 0.735 0.22625 0.735 0.22625 0.72
5 0.71875 0.9887499999999999 0.70625 0.9887499999999999 0.70625 0.99375 0.71875 0.99375 0.71875 0.9887499999999999
5 0.7162499999999999 0.97875 0.70625 0.97875 0.70625 0.9862500000000001 0.7162499999999999 0.9862500000000001 0.7162499999999999 0.97875
5 0.7125 0.94375 0.7 0.94375 0.7 0.95875 0.7125 0.95875 0.7125 0.94375
5 0.34249999999999997 0.9712500000000001 0.3025 0.9712500000000001 0.3025 0.9862500000000001 0.34249999999999997 0.9862500000000001 0.34249999999999997 0.9712500000000001
5 0.33999999999999997 0.2575 0.3025 0.2575 0.3025 0.3125 0.33999999999999997 0.3125 0.33999999999999997 0.2575
5 0.365 0.28125 0.335 0.28125 0.335 0.31124999999999997 0.365 0.31124999999999997 0.365 0.28125
5 0.42000000000000004 0.32625000000000004 0.3775 0.32625000000000004 0.3775 0.37124999999999997 0.42000000000000004 0.37124999999999997 0.42000000000000004 0.32625000000000004
5 0.4875 0.40499999999999997 0.4325 0.40499999999999997 0.4325 0.445 0.4875 0.445 0.4875 0.40499999999999997
5 0.45625 0.3775 0.43125 0.3775 0.43125 0.4 0.45625 0.4 0.45625 0.3775
5 0.9475 0.62625 0.8949999999999999 0.62625 0.8949999999999999 0.6637500000000001 0.9475 0.6637500000000001 0.9475 0.62625
5 0.9512499999999999 0.61 0.89875 0.61 0.89875 0.6525000000000001 0.9512499999999999 0.6525000000000001 0.9512499999999999 0.61
5 0.77125 0.5237499999999999 0.7462500000000001 0.5237499999999999 0.7462500000000001 0.54125 0.77125 0.54125 0.77125 0.5237499999999999
5 0.7275 0.49625 0.7125 0.49625 0.7125 0.51125 0.7275 0.51125 0.7275 0.49625
5 0.8099999999999999 0.64125 0.7925 0.64125 0.7925 0.6637500000000001 0.8099999999999999 0.6637500000000001 0.8099999999999999 0.64125
5 0.875 0.94625 0.865 0.94625 0.865 0.96125 0.875 0.96125 0.875 0.94625
5 0.7275 0.8225 0.7075 0.8225 0.7075 0.8324999999999999 0.7275 0.8324999999999999 0.7275 0.8225
5 0.7325 0.83375 0.725 0.83375 0.725 0.85125 0.7325 0.85125 0.7325 0.83375
5 0.78625 0.83625 0.77125 0.83625 0.77125 0.84375 0.78625 0.84375 0.78625 0.83625
5 0.8300000000000001 0.7975 0.8150000000000001 0.7975 0.8150000000000001 0.8125 0.8300000000000001 0.8125 0.8300000000000001 0.7975
5 0.8462500000000001 0.78625 0.83125 0.78625 0.83125 0.8012499999999999 0.8462500000000001 0.8012499999999999 0.8462500000000001 0.78625
5 0.7675 0.8487500000000001 0.7575000000000001 0.8487500000000001 0.7575000000000001 0.8637499999999999 0.7675 0.8637499999999999 0.7675 0.8487500000000001
5 0.75875 0.8487500000000001 0.74875 0.8487500000000001 0.74875 0.86625 0.75875 0.86625 0.75875 0.8487500000000001
5 0.74875 0.8474999999999999 0.73875 0.8474999999999999 0.73875 0.865 0.74875 0.865 0.74875 0.8474999999999999
5 0.75125 0.86625 0.74375 0.86625 0.74375 0.88125 0.75125 0.88125 0.75125 0.86625
5 0.76 0.8675 0.7525000000000001 0.8675 0.7525000000000001 0.8825 0.76 0.8825 0.76 0.8675
5 0.76875 0.8637499999999999 0.76125 0.8637499999999999 0.76125 0.87625 0.76875 0.87625 0.76875 0.8637499999999999
5 0.7887500000000001 0.86875 0.7787499999999999 0.86875 0.7787499999999999 0.88125 0.7887500000000001 0.88125 0.7887500000000001 0.86875
5 0.7787499999999999 0.86875 0.76875 0.86875 0.76875 0.88375 0.7787499999999999 0.88375 0.7787499999999999 0.86875
5 0.7975 0.8462500000000001 0.7825 0.8462500000000001 0.7825 0.85125 0.7975 0.85125 0.7975 0.8462500000000001
5 0.7737499999999999 0.88125 0.76125 0.88125 0.76125 0.89875 0.7737499999999999 0.89875 0.7737499999999999 0.88125
5 0.7625 0.8862500000000001 0.7525000000000001 0.8862500000000001 0.7525000000000001 0.9037499999999999 0.7625 0.9037499999999999 0.7625 0.8862500000000001
5 0.7837500000000001 0.88375 0.77625 0.88375 0.77625 0.89625 0.7837500000000001 0.89625 0.7837500000000001 0.88375
5 0.795 0.8800000000000001 0.7849999999999999 0.8800000000000001 0.7849999999999999 0.8975 0.795 0.8975 0.795 0.8800000000000001
5 0.99375 0.915 0.97875 0.915 0.97875 0.925 0.99375 0.925 0.99375 0.915
5 0.985 0.905 0.97 0.905 0.97 0.9175000000000001 0.985 0.9175000000000001 0.985 0.905
5 0.97 0.89 0.96 0.89 0.96 0.905 0.97 0.905 0.97 0.89
5 0.9637499999999999 0.8825 0.95375 0.8825 0.95375 0.8925000000000001 0.9637499999999999 0.8925000000000001 0.9637499999999999 0.8825
5 0.95875 0.8775000000000001 0.94375 0.8775000000000001 0.94375 0.8875 0.95875 0.8875 0.95875 0.8775000000000001
5 0.9800000000000001 0.8400000000000001 0.9625 0.8400000000000001 0.9625 0.8550000000000001 0.9800000000000001 0.8550000000000001 0.9800000000000001 0.8400000000000001
5 0.9075 0.80625 0.8975 0.80625 0.8975 0.81875 0.9075 0.81875 0.9075 0.80625
5 1 0.8225 0.9925 0.8225 0.9925 0.835 1 0.835 1 0.8225
5 1 0.8150000000000001 0.9875 0.8150000000000001 0.9875 0.8275 1 0.8275 1 0.8150000000000001
5 0.985 0.80375 0.975 0.80375 0.975 0.8162499999999999 0.985 0.8162499999999999 0.985 0.80375
5 0.97875 0.79875 0.9662499999999999 0.79875 0.9662499999999999 0.81125 0.97875 0.81125 0.97875 0.79875
5 0.9712500000000001 0.79375 0.96125 0.79375 0.96125 0.80375 0.9712500000000001 0.80375 0.9712500000000001 0.79375
5 0.915 0.7837500000000001 0.9025000000000001 0.7837500000000001 0.9025000000000001 0.79625 0.915 0.79625 0.915 0.7837500000000001
5 0.9112500000000001 0.79 0.89875 0.79 0.89875 0.8025 0.9112500000000001 0.8025 0.9112500000000001 0.79
5 0.66625 0.6287499999999999 0.65125 0.6287499999999999 0.65125 0.64125 0.66625 0.64125 0.66625 0.6287499999999999
5 0.725 0.6475 0.7125 0.6475 0.7125 0.6599999999999999 0.725 0.6599999999999999 0.725 0.6475
5 0.765 0.6587500000000001 0.7525000000000001 0.6587500000000001 0.7525000000000001 0.66875 0.765 0.66875 0.765 0.6587500000000001
5 0.7525000000000001 0.6675 0.7424999999999999 0.6675 0.7424999999999999 0.6775 0.7525000000000001 0.6775 0.7525000000000001 0.6675
5 0.74875 0.645 0.73625 0.645 0.73625 0.6599999999999999 0.74875 0.6599999999999999 0.74875 0.645
5 0.7975 0.68125 0.7825 0.68125 0.7825 0.6912499999999999 0.7975 0.6912499999999999 0.7975 0.68125
5 0.6837500000000001 0.59375 0.67125 0.59375 0.67125 0.60625 0.6837500000000001 0.60625 0.6837500000000001 0.59375
5 0.6725 0.58 0.6575 0.58 0.6575 0.5900000000000001 0.6725 0.5900000000000001 0.6725 0.58
5 0.6075 0.54 0.595 0.54 0.595 0.55 0.6075 0.55 0.6075 0.54
5 0.50625 0.50125 0.49375 0.50125 0.49375 0.51625 0.50625 0.51625 0.50625 0.50125
5 0.5349999999999999 0.4875 0.525 0.4875 0.525 0.5025000000000001 0.5349999999999999 0.5025000000000001 0.5349999999999999 0.4875
5 0.99 0.6799999999999999 0.975 0.6799999999999999 0.975 0.6925 0.99 0.6925 0.99 0.6799999999999999
5 0.8925000000000001 0.6 0.8800000000000001 0.6 0.8800000000000001 0.61 0.8925000000000001 0.61 0.8925000000000001 0.6
5 0.8125 0.60375 0.8 0.60375 0.8 0.61125 0.8125 0.61125 0.8125 0.60375
5 0.745 0.515 0.7325 0.515 0.7325 0.5275000000000001 0.745 0.5275000000000001 0.745 0.515
5 0.56375 0.44000000000000006 0.54625 0.44000000000000006 0.54625 0.44749999999999995 0.56375 0.44749999999999995 0.56375 0.44000000000000006
5 0.5375 0.40125 0.525 0.40125 0.525 0.41375 0.5375 0.41375 0.5375 0.40125
5 0.52 0.40625 0.5075000000000001 0.40625 0.5075000000000001 0.41375 0.52 0.41375 0.52 0.40625
5 0.51375 0.39875 0.50125 0.39875 0.50125 0.40875000000000006 0.51375 0.40875000000000006 0.51375 0.39875
5 0.5237499999999999 0.39375 0.51375 0.39375 0.51375 0.40374999999999994 0.5237499999999999 0.40374999999999994 0.5237499999999999 0.39375
5 0.43125 0.3875 0.42125 0.3875 0.42125 0.4 0.43125 0.4 0.43125 0.3875
5 0.40875000000000006 0.37 0.39625 0.37 0.39625 0.385 0.40875000000000006 0.385 0.40875000000000006 0.37
5 0.41875 0.33125 0.40625 0.33125 0.40625 0.34375 0.41875 0.34375 0.41875 0.33125
5 0.41500000000000004 0.3225 0.4025 0.3225 0.4025 0.3325 0.41500000000000004 0.3325 0.41500000000000004 0.3225
5 0.40499999999999997 0.315 0.395 0.315 0.395 0.3275 0.40499999999999997 0.3275 0.40499999999999997 0.315
5 0.4 0.3075 0.3875 0.3075 0.3875 0.32 0.4 0.32 0.4 0.3075
5 0.40875000000000006 0.29625 0.39875 0.29625 0.39875 0.30874999999999997 0.40875000000000006 0.30874999999999997 0.40875000000000006 0.29625
5 0.4225 0.30874999999999997 0.41 0.30874999999999997 0.41 0.32125 0.4225 0.32125 0.4225 0.30874999999999997
5 0.42625 0.3025 0.41375 0.3025 0.41375 0.315 0.42625 0.315 0.42625 0.3025
5 0.4125 0.28125 0.4025 0.28125 0.4025 0.29375 0.4125 0.29375 0.4125 0.28125
5 0.42125 0.28125 0.41375 0.28125 0.41375 0.29125 0.42125 0.29125 0.42125 0.28125
5 0.42625 0.27375 0.41624999999999995 0.27375 0.41624999999999995 0.28375 0.42625 0.28375 0.42625 0.27375
5 0.4425 0.28250000000000003 0.43 0.28250000000000003 0.43 0.29500000000000004 0.4425 0.29500000000000004 0.4425 0.28250000000000003
5 0.43624999999999997 0.28875 0.42374999999999996 0.28875 0.42374999999999996 0.30125 0.43624999999999997 0.30125 0.43624999999999997 0.28875
5 0.43 0.29500000000000004 0.4175 0.29500000000000004 0.4175 0.3075 0.43 0.3075 0.43 0.29500000000000004
5 0.44125 0.25625 0.43125 0.25625 0.43125 0.26625 0.44125 0.26625 0.44125 0.25625
5 0.43499999999999994 0.25125000000000003 0.425 0.25125000000000003 0.425 0.26125 0.43499999999999994 0.26125 0.43499999999999994 0.25125000000000003
5 0.4325 0.2425 0.4175 0.2425 0.4175 0.2575 0.4325 0.2575 0.4325 0.2425
5 0.42374999999999996 0.2375 0.41125 0.2375 0.41125 0.25 0.42374999999999996 0.25 0.42374999999999996 0.2375
5 0.41624999999999995 0.23125 0.40374999999999994 0.23125 0.40374999999999994 0.24375 0.41624999999999995 0.24375 0.41624999999999995 0.23125
5 0.40750000000000003 0.22749999999999998 0.3975 0.22749999999999998 0.3975 0.2375 0.40750000000000003 0.2375 0.40750000000000003 0.22749999999999998
5 0.4 0.22374999999999998 0.39 0.22374999999999998 0.39 0.23374999999999999 0.4 0.23374999999999999 0.4 0.22374999999999998
5 0.395 0.21625 0.385 0.21625 0.385 0.22625 0.395 0.22625 0.395 0.21625
5 0.38875000000000004 0.21000000000000002 0.37625000000000003 0.21000000000000002 0.37625000000000003 0.2225 0.38875000000000004 0.2225 0.38875000000000004 0.21000000000000002
5 0.38 0.205 0.3675 0.205 0.3675 0.215 0.38 0.215 0.38 0.205
5 0.375 0.1975 0.3625 0.1975 0.3625 0.21000000000000002 0.375 0.21000000000000002 0.375 0.1975
5 0.365 0.1925 0.355 0.1925 0.355 0.20249999999999999 0.365 0.20249999999999999 0.365 0.1925
5 0.35750000000000004 0.1875 0.34750000000000003 0.1875 0.34750000000000003 0.1975 0.35750000000000004 0.1975 0.35750000000000004 0.1875
5 0.35 0.1825 0.3375 0.1825 0.3375 0.1925 0.35 0.1925 0.35 0.1825
5 0.34249999999999997 0.17625 0.3325 0.17625 0.3325 0.18875 0.34249999999999997 0.18875 0.34249999999999997 0.17625
5 0.335 0.17250000000000001 0.325 0.17250000000000001 0.325 0.1825 0.335 0.1825 0.335 0.17250000000000001
5 0.3275 0.1675 0.3175 0.1675 0.3175 0.1775 0.3275 0.1775 0.3275 0.1675
5 0.32125 0.1625 0.31124999999999997 0.1625 0.31124999999999997 0.17250000000000001 0.32125 0.17250000000000001 0.32125 0.1625
5 0.3125 0.15375 0.3025 0.15375 0.3025 0.16375 0.3125 0.16375 0.3125 0.15375
5 0.30625 0.1675 0.29125 0.1675 0.29125 0.18 0.30625 0.18 0.30625 0.1675
5 0.31625000000000003 0.18625 0.30125 0.18625 0.30125 0.20125 0.31625000000000003 0.20125 0.31625000000000003 0.18625
5 0.33125 0.19875 0.31625000000000003 0.19875 0.31625000000000003 0.21375000000000002 0.33125 0.21375000000000002 0.33125 0.19875
5 0.34625 0.215 0.33375 0.215 0.33375 0.22749999999999998 0.34625 0.22749999999999998 0.34625 0.215
5 0.35375 0.22125 0.34125 0.22125 0.34125 0.23125 0.35375 0.23125 0.35375 0.22125
5 0.36124999999999996 0.22875 0.34625 0.22875 0.34625 0.24125000000000002 0.36124999999999996 0.24125000000000002 0.36124999999999996 0.22875
5 0.3675 0.23374999999999999 0.355 0.23374999999999999 0.355 0.24625 0.3675 0.24625 0.3675 0.23374999999999999
5 0.375 0.24125000000000002 0.3625 0.24125000000000002 0.3625 0.25125000000000003 0.375 0.25125000000000003 0.375 0.24125000000000002
5 0.38125 0.2475 0.36875 0.2475 0.36875 0.2575 0.38125 0.2575 0.38125 0.2475
5 0.38625 0.255 0.37374999999999997 0.255 0.37374999999999997 0.26749999999999996 0.38625 0.26749999999999996 0.38625 0.255
5 0.39875 0.26625 0.38875000000000004 0.26625 0.38875000000000004 0.27625 0.39875 0.27625 0.39875 0.26625
5 0.39 0.27875 0.3775 0.27875 0.3775 0.29125 0.39 0.29125 0.39 0.27875
5 0.3625 0.25625 0.35 0.25625 0.35 0.26625 0.3625 0.26625 0.3625 0.25625
5 0.35375 0.25 0.34125 0.25 0.34125 0.2625 0.35375 0.2625 0.35375 0.25
5 0.305 0.21875 0.2875 0.21875 0.2875 0.23374999999999999 0.305 0.23374999999999999 0.305 0.21875
5 0.22749999999999998 0.25125000000000003 0.2125 0.25125000000000003 0.2125 0.26875 0.22749999999999998 0.26875 0.22749999999999998 0.25125000000000003
5 0.16125 0.20249999999999999 0.14375 0.20249999999999999 0.14375 0.21000000000000002 0.16125 0.21000000000000002 0.16125 0.20249999999999999
5 0.16 0.21125 0.145 0.21125 0.145 0.21625 0.16 0.21625 0.16 0.21125
5 0.1325 0.27625 0.12250000000000001 0.27625 0.12250000000000001 0.29375 0.1325 0.29375 0.1325 0.27625
5 0.14250000000000002 0.275 0.135 0.275 0.135 0.2925 0.14250000000000002 0.2925 0.14250000000000002 0.275
5 0.12125 0.305 0.10625 0.305 0.10625 0.3125 0.12125 0.3125 0.12125 0.305
5 0.16125 0.28125 0.15375 0.28125 0.15375 0.29625 0.16125 0.29625 0.16125 0.28125
5 0.1675 0.28125 0.16 0.28125 0.16 0.29625 0.1675 0.29625 0.1675 0.28125
5 0.17625 0.28250000000000003 0.16875 0.28250000000000003 0.16875 0.29500000000000004 0.17625 0.29500000000000004 0.17625 0.28250000000000003
5 0.18875 0.28125 0.17875000000000002 0.28125 0.17875000000000002 0.29625 0.18875 0.29625 0.18875 0.28125
5 0.2 0.28875 0.19 0.28875 0.19 0.30125 0.2 0.30125 0.2 0.28875
5 0.13125 0.32125 0.11374999999999999 0.32125 0.11374999999999999 0.32875 0.13125 0.32875 0.13125 0.32125
5 0.28500000000000003 0.34750000000000003 0.2725 0.34750000000000003 0.2725 0.365 0.28500000000000003 0.365 0.28500000000000003 0.34750000000000003
5 0.17250000000000001 0.44625000000000004 0.1575 0.44625000000000004 0.1575 0.45125000000000004 0.17250000000000001 0.45125000000000004 0.17250000000000001 0.44625000000000004
5 0.13999999999999999 0.41500000000000004 0.1275 0.41500000000000004 0.1275 0.42000000000000004 0.13999999999999999 0.42000000000000004 0.13999999999999999 0.41500000000000004
5 0.1875 0.3225 0.175 0.3225 0.175 0.3325 0.1875 0.3325 0.1875 0.3225
5 0.175 0.3225 0.16 0.3225 0.16 0.335 0.175 0.335 0.175 0.3225
5 0.225 0.32375 0.2125 0.32375 0.2125 0.33375 0.225 0.33375 0.225 0.32375
5 0.25 0.32625000000000004 0.24 0.32625000000000004 0.24 0.33625 0.25 0.33625 0.25 0.32625000000000004
5 0.275 0.51375 0.2575 0.51375 0.2575 0.5237499999999999 0.275 0.5237499999999999 0.275 0.51375
5 0.25375000000000003 0.1525 0.24125000000000002 0.1525 0.24125000000000002 0.16499999999999998 0.25375000000000003 0.16499999999999998 0.25375000000000003 0.1525
5 0.2575 0.16 0.2475 0.16 0.2475 0.16999999999999998 0.2575 0.16999999999999998 0.2575 0.16
5 0.24500000000000002 0.14375 0.2325 0.14375 0.2325 0.15875 0.24500000000000002 0.15875 0.24500000000000002 0.14375
5 0.25625 0.11000000000000001 0.24625 0.11000000000000001 0.24625 0.12 0.25625 0.12 0.25625 0.11000000000000001
5 0.25 0.10625 0.2375 0.10625 0.2375 0.12125 0.25 0.12125 0.25 0.10625
5 0.22875 0.12625 0.21625 0.12625 0.21625 0.13874999999999998 0.22875 0.13874999999999998 0.22875 0.12625
5 0.2225 0.11875 0.20750000000000002 0.11875 0.20750000000000002 0.13374999999999998 0.2225 0.13374999999999998 0.2225 0.11875
5 0.225 0.095 0.215 0.095 0.215 0.1075 0.225 0.1075 0.225 0.095
5 0.20375000000000001 0.09375 0.18875 0.09375 0.18875 0.10874999999999999 0.20375000000000001 0.10874999999999999 0.20375000000000001 0.09375
5 0.2 0.08249999999999999 0.1875 0.08249999999999999 0.1875 0.0975 0.2 0.0975 0.2 0.08249999999999999
5 0.19375 0.06625 0.18125 0.06625 0.18125 0.08125 0.19375 0.08125 0.19375 0.06625
5 0.18125 0.06 0.17124999999999999 0.06 0.17124999999999999 0.0675 0.18125 0.0675 0.18125 0.06
5 0.1525 0.0625 0.135 0.0625 0.135 0.06999999999999999 0.1525 0.06999999999999999 0.1525 0.0625
5 0.04 0.0625 0.027500000000000004 0.0625 0.027500000000000004 0.06999999999999999 0.04 0.06999999999999999 0.04 0.0625
5 0.02375 0.8574999999999999 0.013750000000000002 0.8574999999999999 0.013750000000000002 0.8724999999999999 0.02375 0.8724999999999999 0.02375 0.8574999999999999
5 1 0.2975 0.9887499999999999 0.2975 0.9887499999999999 0.31 1 0.31 1 0.2975
5 0.9974999999999999 0.3025 0.985 0.3025 0.985 0.315 0.9974999999999999 0.315 0.9974999999999999 0.3025
5 0.99375 0.31124999999999997 0.98125 0.31124999999999997 0.98125 0.32125 0.99375 0.32125 0.99375 0.31124999999999997
5 0.99 0.315 0.975 0.315 0.975 0.3275 0.99 0.3275 0.99 0.315
5 0.9862500000000001 0.32125 0.9712500000000001 0.32125 0.9712500000000001 0.33375 0.9862500000000001 0.33375 0.9862500000000001 0.32125
5 1 0.31875 0.99125 0.31875 0.99125 0.33375 1 0.33375 1 0.31875
5 1 0.325 0.9875 0.325 0.9875 0.3375 1 0.3375 1 0.325
5 0.99875 0.33125 0.98375 0.33125 0.98375 0.34125 0.99875 0.34125 0.99875 0.33125
5 0.185 0.8612500000000001 0.14750000000000002 0.8612500000000001 0.14750000000000002 0.87625 0.185 0.87625 0.185 0.8612500000000001
5 0.19875 0.8712500000000001 0.17375000000000002 0.8712500000000001 0.17375000000000002 0.92125 0.19875 0.92125 0.19875 0.8712500000000001
5 0.20375000000000001 0.915 0.18375 0.915 0.18375 0.9425000000000001 0.20375000000000001 0.9425000000000001 0.20375000000000001 0.915
5 0.8612500000000001 0.5662499999999999 0.80375 0.5662499999999999 0.80375 0.60625 0.8612500000000001 0.60625 0.8612500000000001 0.5662499999999999
5 0.7725 0.5662499999999999 0.7525000000000001 0.5662499999999999 0.7525000000000001 0.57875 0.7725 0.57875 0.7725 0.5662499999999999
5 0.9949999999999999 0.6725 0.9425000000000001 0.6725 0.9425000000000001 0.7125 0.9949999999999999 0.7125 0.9949999999999999 0.6725
5 0.9349999999999999 0.6287499999999999 0.8775000000000001 0.6287499999999999 0.8775000000000001 0.67375 0.9349999999999999 0.67375 0.9349999999999999 0.6287499999999999
5 0.21625 0.31875 0.19624999999999998 0.31875 0.19624999999999998 0.33375 0.21625 0.33375 0.21625 0.31875
5 0.17375000000000002 0.4025 0.15625 0.4025 0.15625 0.4125 0.17375000000000002 0.4125 0.17375000000000002 0.4025
5 0.18125 0.41125 0.15875 0.41125 0.15875 0.42374999999999996 0.18125 0.42374999999999996 0.18125 0.41125
5 0.6125 0.0925 0.5825 0.0925 0.5825 0.1375 0.6125 0.1375 0.6125 0.0925
5 0.5862499999999999 0.12875 0.55125 0.12875 0.55125 0.16875 0.5862499999999999 0.16875 0.5862499999999999 0.12875
5 0.6212500000000001 0.09875 0.6012500000000001 0.09875 0.6012500000000001 0.12125 0.6212500000000001 0.12125 0.6212500000000001 0.09875
5 0.73 0.14750000000000002 0.7075 0.14750000000000002 0.7075 0.17250000000000001 0.73 0.17250000000000001 0.73 0.14750000000000002
5 0.7275 0.18375 0.7075 0.18375 0.7075 0.20875 0.7275 0.20875 0.7275 0.18375
5 0.745 0.19875 0.7175 0.19875 0.7175 0.22125 0.745 0.22125 0.745 0.19875
5 0.73875 0.20750000000000002 0.7112499999999999 0.20750000000000002 0.7112499999999999 0.2325 0.73875 0.2325 0.73875 0.20750000000000002
5 0.9875 1 0.9875 0.9525 0.9375 0.9525 0.9375 1 0.9875 1
5 0.80375 0.59375 0.7887500000000001 0.59375 0.7887500000000001 0.60375 0.80375 0.60375 0.80375 0.59375
5 0.53 0.385 0.5175 0.385 0.5175 0.395 0.53 0.395 0.53 0.385
5 0.43375 0.26749999999999996 0.42125 0.26749999999999996 0.42125 0.27999999999999997 0.43375 0.27999999999999997 0.43375 0.26749999999999996
5 0.9875 0.55375 0.9400000000000001 0.55375 0.9400000000000001 0.5962500000000001 0.9875 0.5962500000000001 0.9875 0.55375