5 0.017499999999999998 0.46624999999999994 0.0075 0.46624999999999994 0.0075 0.48125 0.017499999999999998 0.48125 0.017499999999999998 0.46624999999999994
5 0.01875 0.40125 0.008749999999999999 0.40125 0.008749999999999999 0.41624999999999995 0.01875 0.41624999999999995 0.01875 0.40125
5 0.04 0.36375 0.025 0.36375 0.025 0.37374999999999997 0.04 0.37374999999999997 0.04 0.36375
5 0.021249999999999998 0.37124999999999997 0.00625 0.37124999999999997 0.00625 0.38125 0.021249999999999998 0.38125 0.021249999999999998 0.37124999999999997
5 0.02375 0.36124999999999996 0.01125 0.36124999999999996 0.01125 0.36875 0.02375 0.36875 0.02375 0.36124999999999996
5 0.0125 0.3825 0.0025 0.3825 0.0025 0.3975 0.0125 0.3975 0.0125 0.3825
5 0.017499999999999998 0.15875 0.0075 0.15875 0.0075 0.16625 0.017499999999999998 0.16625 0.017499999999999998 0.15875
5 0.04375 0.14750000000000002 0.03125 0.14750000000000002 0.03125 0.1575 0.04375 0.1575 0.04375 0.14750000000000002
5 0.13374999999999998 0.0975 0.11625 0.0975 0.11625 0.1075 0.13374999999999998 0.1075 0.13374999999999998 0.0975
5 0.12 0.07375000000000001 0.1125 0.07375000000000001 0.1125 0.08625000000000001 0.12 0.08625000000000001 0.12 0.07375000000000001
5 0.17124999999999999 0.06999999999999999 0.15625 0.06999999999999999 0.15625 0.08 0.17124999999999999 0.08 0.17124999999999999 0.06999999999999999
5 0.18875 0.061250000000000006 0.17375000000000002 0.061250000000000006 0.17375000000000002 0.07125000000000001 0.18875 0.07125000000000001 0.18875 0.061250000000000006
5 0.2125 0.05125 0.2 0.05125 0.2 0.058750000000000004 0.2125 0.058750000000000004 0.2125 0.05125
5 0.23125 0.04375 0.21375000000000002 0.04375 0.21375000000000002 0.05375 0.23125 0.05375 0.23125 0.04375
5 0.31375000000000003 0.015 0.29625 0.015 0.29625 0.0225 0.31375000000000003 0.0225 0.31375000000000003 0.015
5 0.34125 0.00125 0.32625000000000004 0.00125 0.32625000000000004 0.008749999999999999 0.34125 0.008749999999999999 0.34125 0.00125
5 0.315 0.005 0.2975 0.005 0.2975 0.0125 0.315 0.0125 0.315 0.005
5 0.29500000000000004 0.01125 0.27999999999999997 0.01125 0.27999999999999997 0.01875 0.29500000000000004 0.01875 0.29500000000000004 0.01125
5 0.4225 0.00375 0.41500000000000004 0.00375 0.41500000000000004 0.01625 0.4225 0.01625 0.4225 0.00375
5 0.43375 0.02375 0.42374999999999996 0.02375 0.42374999999999996 0.03625 0.43375 0.03625 0.43375 0.02375
5 0.5599999999999999 0.1125 0.545 0.1125 0.545 0.12 0.5599999999999999 0.12 0.5599999999999999 0.1125
5 0.5700000000000001 0.12875 0.5575 0.12875 0.5575 0.13625 0.5700000000000001 0.13625 0.5700000000000001 0.12875
5 0.47000000000000003 0.1275 0.45999999999999996 0.1275 0.45999999999999996 0.145 0.47000000000000003 0.145 0.47000000000000003 0.1275
5 0.46375 0.15125 0.44875 0.15125 0.44875 0.16125 0.46375 0.16125 0.46375 0.15125
5 0.46375 0.16875 0.44875 0.16875 0.44875 0.17875000000000002 0.46375 0.17875000000000002 0.46375 0.16875
5 0.44749999999999995 0.17625 0.4325 0.17625 0.4325 0.18625 0.44749999999999995 0.18625 0.44749999999999995 0.17625
5 0.44749999999999995 0.1575 0.4325 0.1575 0.4325 0.1675 0.44749999999999995 0.1675 0.44749999999999995 0.1575
5 0.43 0.16375 0.41500000000000004 0.16375 0.41500000000000004 0.17625 0.43 0.17625 0.43 0.16375
5 0.4125 0.17375000000000002 0.3975 0.17375000000000002 0.3975 0.18375 0.4125 0.18375 0.4125 0.17375000000000002
5 0.3975 0.18 0.3825 0.18 0.3825 0.19 0.3975 0.19 0.3975 0.18
5 0.38 0.1875 0.3675 0.1875 0.3675 0.1975 0.38 0.1975 0.38 0.1875
5 0.365 0.19624999999999998 0.3525 0.19624999999999998 0.3525 0.20625 0.365 0.20625 0.365 0.19624999999999998
5 0.38625 0.205 0.37374999999999997 0.205 0.37374999999999997 0.2125 0.38625 0.2125 0.38625 0.205
5 0.37 0.21375000000000002 0.35750000000000004 0.21375000000000002 0.35750000000000004 0.22125 0.37 0.22125 0.37 0.21375000000000002
5 0.33999999999999997 0.205 0.325 0.205 0.325 0.215 0.33999999999999997 0.215 0.33999999999999997 0.205
5 0.35375 0.22000000000000003 0.34125 0.22000000000000003 0.34125 0.22999999999999998 0.35375 0.22999999999999998 0.35375 0.22000000000000003
5 0.32 0.23500000000000001 0.3025 0.23500000000000001 0.3025 0.24500000000000002 0.32 0.24500000000000002 0.32 0.23500000000000001
5 0.3375 0.22749999999999998 0.3225 0.22749999999999998 0.3225 0.2375 0.3375 0.2375 0.3375 0.22749999999999998
5 0.3025 0.2425 0.2875 0.2425 0.2875 0.255 0.3025 0.255 0.3025 0.2425
5 0.28375 0.25125000000000003 0.27125 0.25125000000000003 0.27125 0.26125 0.28375 0.26125 0.28375 0.25125000000000003
5 0.255 0.24375 0.2425 0.24375 0.2425 0.25375000000000003 0.255 0.25375000000000003 0.255 0.24375
5 0.23500000000000001 0.2525 0.22000000000000003 0.2525 0.22000000000000003 0.2625 0.23500000000000001 0.2625 0.23500000000000001 0.2525
5 0.215 0.26 0.20750000000000002 0.26 0.20750000000000002 0.26749999999999996 0.215 0.26749999999999996 0.215 0.26
5 0.2 0.26749999999999996 0.185 0.26749999999999996 0.185 0.27749999999999997 0.2 0.27749999999999997 0.2 0.26749999999999996
5 0.16375 0.28250000000000003 0.14875 0.28250000000000003 0.14875 0.2925 0.16375 0.2925 0.16375 0.28250000000000003
5 0.145 0.29125 0.13 0.29125 0.13 0.30125 0.145 0.30125 0.145 0.29125
5 0.0625 0.6012500000000001 0.05500000000000001 0.6012500000000001 0.05500000000000001 0.61875 0.0625 0.61875 0.0625 0.6012500000000001
5 0.05375 0.60375 0.03875 0.60375 0.03875 0.61125 0.05375 0.61125 0.05375 0.60375
5 0.05625 0.6125 0.041249999999999995 0.6125 0.041249999999999995 0.62 0.05625 0.62 0.05625 0.6125
5 0.34875 0.57375 0.33875 0.57375 0.33875 0.5862499999999999 0.34875 0.5862499999999999 0.34875 0.57375
5 0.48 0.59875 0.46749999999999997 0.59875 0.46749999999999997 0.60875 0.48 0.60875 0.48 0.59875
5 0.46875 0.6 0.45875000000000005 0.6 0.45875000000000005 0.6125 0.46875 0.6125 0.46875 0.6
5 0.57375 0.575 0.5587500000000001 0.575 0.5587500000000001 0.5875 0.57375 0.5875 0.57375 0.575
5 0.64375 0.6575 0.63125 0.6575 0.63125 0.6675 0.64375 0.6675 0.64375 0.6575
5 0.63875 0.64 0.62375 0.64 0.62375 0.6475 0.63875 0.6475 0.63875 0.64
5 0.63625 0.61125 0.62375 0.61125 0.62375 0.6287499999999999 0.63625 0.6287499999999999 0.63625 0.61125
5 0.62375 0.5775 0.61375 0.5775 0.61375 0.595 0.62375 0.595 0.62375 0.5775
5 0.60875 0.5237499999999999 0.6012500000000001 0.5237499999999999 0.6012500000000001 0.53625 0.60875 0.53625 0.60875 0.5237499999999999
5 0.6 0.49124999999999996 0.5900000000000001 0.49124999999999996 0.5900000000000001 0.50625 0.6 0.50625 0.6 0.49124999999999996
5 0.5875 0.46125 0.5775 0.46125 0.5775 0.47625 0.5875 0.47625 0.5875 0.46125
5 0.5825 0.44625000000000004 0.5725 0.44625000000000004 0.5725 0.46125 0.5825 0.46125 0.5825 0.44625000000000004
5 0.56125 0.39125 0.55125 0.39125 0.55125 0.40374999999999994 0.56125 0.40374999999999994 0.56125 0.39125
5 0.4325 0.39125 0.4225 0.39125 0.4225 0.40374999999999994 0.4325 0.40374999999999994 0.4325 0.39125
5 0.51 0.23500000000000001 0.5 0.23500000000000001 0.5 0.2525 0.51 0.2525 0.51 0.23500000000000001
5 0.595 0.315 0.585 0.315 0.585 0.3325 0.595 0.3325 0.595 0.315
5 0.58375 0.32 0.57875 0.32 0.57875 0.32999999999999996 0.58375 0.32999999999999996 0.58375 0.32
5 0.55625 0.32875 0.54625 0.32875 0.54625 0.34375 0.55625 0.34375 0.55625 0.32875
5 0.5425 0.3225 0.5325 0.3225 0.5325 0.33999999999999997 0.5425 0.33999999999999997 0.5425 0.3225
5 0.47874999999999995 0.375 0.46125 0.375 0.46125 0.385 0.47874999999999995 0.385 0.47874999999999995 0.375
5 0.6575 0.28250000000000003 0.65 0.28250000000000003 0.65 0.2975 0.6575 0.2975 0.6575 0.28250000000000003
5 0.67625 0.27749999999999997 0.66875 0.27749999999999997 0.66875 0.2925 0.67625 0.2925 0.67625 0.27749999999999997
5 0.69625 0.3025 0.68125 0.3025 0.68125 0.3125 0.69625 0.3125 0.69625 0.3025
5 0.6675 0.27875 0.6599999999999999 0.27875 0.6599999999999999 0.29375 0.6675 0.29375 0.6675 0.27875
5 0.735 0.26749999999999996 0.72 0.26749999999999996 0.72 0.27749999999999997 0.735 0.27749999999999997 0.735 0.26749999999999996
5 0.775 0.26375000000000004 0.7575000000000001 0.26375000000000004 0.7575000000000001 0.27125 0.775 0.27125 0.775 0.26375000000000004
5 0.82 0.215 0.8099999999999999 0.215 0.8099999999999999 0.22749999999999998 0.82 0.22749999999999998 0.82 0.215
5 0.8275 0.21000000000000002 0.8175000000000001 0.21000000000000002 0.8175000000000001 0.225 0.8275 0.225 0.8275 0.21000000000000002
5 0.8699999999999999 0.18875 0.86 0.18875 0.86 0.20625 0.8699999999999999 0.20625 0.8699999999999999 0.18875
5 0.8787499999999999 0.1875 0.86875 0.1875 0.86875 0.20249999999999999 0.8787499999999999 0.20249999999999999 0.8787499999999999 0.1875
5 0.8862500000000001 0.18375 0.87625 0.18375 0.87625 0.19875 0.8862500000000001 0.19875 0.8862500000000001 0.18375
5 0.9012499999999999 0.17875000000000002 0.89125 0.17875000000000002 0.89125 0.19125 0.9012499999999999 0.19125 0.9012499999999999 0.17875000000000002
5 0.91875 0.17625 0.9087500000000001 0.17625 0.9087500000000001 0.18375 0.91875 0.18375 0.91875 0.17625
5 0.9525 0.16125 0.9425000000000001 0.16125 0.9425000000000001 0.16875 0.9525 0.16875 0.9525 0.16125
5 0.97 0.1275 0.9625 0.1275 0.9625 0.13999999999999999 0.97 0.13999999999999999 0.97 0.1275
5 0.9512499999999999 0.07375000000000001 0.94625 0.07375000000000001 0.94625 0.08625000000000001 0.9512499999999999 0.08625000000000001 0.9512499999999999 0.07375000000000001
5 0.68625 0.05 0.67375 0.05 0.67375 0.057499999999999996 0.68625 0.057499999999999996 0.68625 0.05
5 0.70375 0.04375 0.6912499999999999 0.04375 0.6912499999999999 0.05125 0.70375 0.05125 0.70375 0.04375
5 0.7262500000000001 0.034999999999999996 0.7112499999999999 0.034999999999999996 0.7112499999999999 0.045 0.7262500000000001 0.045 0.7262500000000001 0.034999999999999996
5 0.79625 0 0.79625 0.0075 0.80625 0.0075 0.80625 0 0.79625 0
5 1 0.89625 0.99375 0.89625 0.99375 0.9112500000000001 1 0.9112500000000001 1 0.89625
5 0.985 0.905 0.9775 0.905 0.9775 0.9175000000000001 0.985 0.9175000000000001 0.985 0.905
5 0.96125 0.9112500000000001 0.9512499999999999 0.9112500000000001 0.9512499999999999 0.9262499999999999 0.96125 0.9262499999999999 0.96125 0.9112500000000001
5 0.9512499999999999 0.91625 0.9412499999999999 0.91625 0.9412499999999999 0.93125 0.9512499999999999 0.93125 0.9512499999999999 0.91625
5 0.95875 0.9662499999999999 0.95375 0.9662499999999999 0.95375 0.97875 0.95875 0.97875 0.95875 0.9662499999999999
5 0.9199999999999999 0.93125 0.9125 0.93125 0.9125 0.9412499999999999 0.9199999999999999 0.9412499999999999 0.9199999999999999 0.93125
5 0.7737499999999999 0.9475 0.76375 0.9475 0.76375 0.9650000000000001 0.7737499999999999 0.9650000000000001 0.7737499999999999 0.9475
5 0.76 0.9025000000000001 0.75 0.9025000000000001 0.75 0.9199999999999999 0.76 0.9199999999999999 0.76 0.9025000000000001
5 0.775 0.91625 0.7625 0.91625 0.7625 0.92875 0.775 0.92875 0.775 0.91625
5 0.73875 0.8425 0.72875 0.8425 0.72875 0.8574999999999999 0.73875 0.8574999999999999 0.73875 0.8425
5 0.28250000000000003 0.9675 0.27 0.9675 0.27 0.9800000000000001 0.28250000000000003 0.9800000000000001 0.28250000000000003 0.9675
5 0.15375 0.8425 0.14625 0.8425 0.14625 0.8574999999999999 0.15375 0.8574999999999999 0.15375 0.8425
5 0.81125 1 0.81125 0.9862500000000001 0.79125 0.9862500000000001 0.79125 1 0.81125 1
5 0.8925000000000001 0.9550000000000001 0.8675 0.9550000000000001 0.8675 0.97 0.8925000000000001 0.97 0.8925000000000001 0.9550000000000001
5 1 0.925 0.9775 0.925 0.9775 0.9375 1 0.9375 1 0.925
5 0.975 0.6525000000000001 0.9550000000000001 0.6525000000000001 0.9550000000000001 0.6675 0.975 0.6675 0.975 0.6525000000000001
5 0.9 0.6825 0.885 0.6825 0.885 0.7 0.9 0.7 0.9 0.6825
5 0.8825 0.6900000000000001 0.8699999999999999 0.6900000000000001 0.8699999999999999 0.7025 0.8825 0.7025 0.8825 0.6900000000000001
5 0.8775000000000001 0.7162499999999999 0.8625 0.7162499999999999 0.8625 0.72875 0.8775000000000001 0.72875 0.8775000000000001 0.7162499999999999
5 0.8712500000000001 0.6950000000000001 0.85625 0.6950000000000001 0.85625 0.7075 0.8712500000000001 0.7075 0.8712500000000001 0.6950000000000001
5 0.74 0.8087500000000001 0.7275 0.8087500000000001 0.7275 0.82125 0.74 0.82125 0.74 0.8087500000000001
5 0.75875 0.845 0.74375 0.845 0.74375 0.8574999999999999 0.75875 0.8574999999999999 0.75875 0.845
5 0.68875 0.7787499999999999 0.67625 0.7787499999999999 0.67625 0.7887500000000001 0.68875 0.7887500000000001 0.68875 0.7787499999999999
5 0.7474999999999999 0.8625 0.735 0.8625 0.735 0.8825 0.7474999999999999 0.8825 0.7474999999999999 0.8625
5 0.77 0.8787499999999999 0.7575000000000001 0.8787499999999999 0.7575000000000001 0.8887499999999999 0.77 0.8887499999999999 0.77 0.8787499999999999
5 0.36875 0.6475 0.35125 0.6475 0.35125 0.665 0.36875 0.665 0.36875 0.6475
5 0.32999999999999996 0.665 0.3125 0.665 0.3125 0.6775 0.32999999999999996 0.6775 0.32999999999999996 0.665
5 0.18 0.925 0.16999999999999998 0.925 0.16999999999999998 0.9400000000000001 0.18 0.9400000000000001 0.18 0.925
5 0.9099999999999999 0.93125 0.9 0.93125 0.9 0.9487500000000001 0.9099999999999999 0.9487500000000001 0.9099999999999999 0.93125
5 0.81125 0.22000000000000003 0.7737499999999999 0.22000000000000003 0.7737499999999999 0.2425 0.81125 0.2425 0.81125 0.22000000000000003
5 0.7150000000000001 0.2925 0.7 0.2925 0.7 0.3025 0.7150000000000001 0.3025 0.7150000000000001 0.2925
5 0.62625 0.33625 0.60375 0.33625 0.60375 0.35375 0.62625 0.35375 0.62625 0.33625
5 0.60625 0.34249999999999997 0.58375 0.34249999999999997 0.58375 0.36 0.60625 0.36 0.60625 0.34249999999999997
5 0.5075000000000001 0.3625 0.485 0.3625 0.485 0.38 0.5075000000000001 0.38 0.5075000000000001 0.3625
5 0.05375 0.59375 0.03375 0.59375 0.03375 0.60625 0.05375 0.60625 0.05375 0.59375
5 0.07875 0.65 0.06375 0.65 0.06375 0.67 0.07875 0.67 0.07875 0.65
5 0.925 0.52125 0.9099999999999999 0.52125 0.9099999999999999 0.53625 0.925 0.53625 0.925 0.52125
5 0.91375 0.525 0.9012499999999999 0.525 0.9012499999999999 0.54 0.91375 0.54 0.91375 0.525
5 0.92875 0.5349999999999999 0.91625 0.5349999999999999 0.91625 0.5475 0.92875 0.5475 0.92875 0.5349999999999999
5 0.9175000000000001 0.54 0.9075 0.54 0.9075 0.55 0.9175000000000001 0.55 0.9175000000000001 0.54
5 0.9199999999999999 0.41 0.9025000000000001 0.41 0.9025000000000001 0.4225 0.9199999999999999 0.4225 0.9199999999999999 0.41
5 0.9324999999999999 0.42625 0.9175000000000001 0.42625 0.9175000000000001 0.43624999999999997 0.9324999999999999 0.43624999999999997 0.9324999999999999 0.42625
5 0.82875 0.44749999999999995 0.81125 0.44749999999999995 0.81125 0.4575 0.82875 0.4575 0.82875 0.44749999999999995
5 0.8225 0.475 0.8099999999999999 0.475 0.8099999999999999 0.4925 0.8225 0.4925 0.8225 0.475
5 0.8474999999999999 0.44000000000000006 0.8324999999999999 0.44000000000000006 0.8324999999999999 0.45 0.8474999999999999 0.45 0.8474999999999999 0.44000000000000006
5 0.86625 0.43375 0.8487500000000001 0.43375 0.8487500000000001 0.44375 0.86625 0.44375 0.86625 0.43375
5 0.8925000000000001 0.4225 0.8724999999999999 0.4225 0.8724999999999999 0.43499999999999994 0.8925000000000001 0.43499999999999994 0.8925000000000001 0.4225
5 0.71875 0.495 0.70375 0.495 0.70375 0.5075000000000001 0.71875 0.5075000000000001 0.71875 0.495
5 0.70625 0.50125 0.68625 0.50125 0.68625 0.51125 0.70625 0.51125 0.70625 0.50125
5 0.775 0.47125000000000006 0.755 0.47125000000000006 0.755 0.48375 0.775 0.48375 0.775 0.47125000000000006
5 0.7849999999999999 0.46624999999999994 0.7725 0.46624999999999994 0.7725 0.47874999999999995 0.7849999999999999 0.47874999999999995 0.7849999999999999 0.46624999999999994
5 0.5900000000000001 0.55375 0.5725 0.55375 0.5725 0.56125 0.5900000000000001 0.56125 0.5900000000000001 0.55375
5 0.5962500000000001 0.47750000000000004 0.58375 0.47750000000000004 0.58375 0.49000000000000005 0.5962500000000001 0.49000000000000005 0.5962500000000001 0.47750000000000004
5 0.57375 0.5587500000000001 0.5587500000000001 0.5587500000000001 0.5587500000000001 0.5662499999999999 0.57375 0.5662499999999999 0.57375 0.5587500000000001
5 0.57375 0.42874999999999996 0.56375 0.42874999999999996 0.56375 0.44125 0.57375 0.44125 0.57375 0.42874999999999996
5 0.8025 0.46125 0.7825 0.46125 0.7825 0.47375 0.8025 0.47375 0.8025 0.46125
5 0.5725 0.31625000000000003 0.5599999999999999 0.31625000000000003 0.5599999999999999 0.32875 0.5725 0.32875 0.5725 0.31625000000000003
5 0.97 0.1525 0.9525 0.1525 0.9525 0.16499999999999998 0.97 0.16499999999999998 0.97 0.1525
5 0.6950000000000001 0.2725 0.6825 0.2725 0.6825 0.28500000000000003 0.6950000000000001 0.28500000000000003 0.6950000000000001 0.2725
5 0.6849999999999999 0.27 0.67 0.27 0.67 0.29 0.6849999999999999 0.29 0.6849999999999999 0.27
5 0.76875 0.0125 0.75625 0.0125 0.75625 0.0225 0.76875 0.0225 0.76875 0.0125
5 0.27 0.02375 0.25 0.02375 0.25 0.03625 0.27 0.03625 0.27 0.02375
5 0.44000000000000006 0.042499999999999996 0.43 0.042499999999999996 0.43 0.06 0.44000000000000006 0.06 0.44000000000000006 0.042499999999999996
5 0.2525 0.03 0.23500000000000001 0.03 0.23500000000000001 0.04 0.2525 0.04 0.2525 0.03
5 0.1575 0.09375 0.1325 0.09375 0.1325 0.10625 0.1575 0.10625 0.1575 0.09375
5 0.1125 0.04875 0.0975 0.04875 0.0975 0.06625 0.1125 0.06625 0.1125 0.04875
5 0.595 0.11374999999999999 0.585 0.11374999999999999 0.585 0.12625 0.595 0.12625 0.595 0.11374999999999999
5 0.605 0.11499999999999999 0.5974999999999999 0.11499999999999999 0.5974999999999999 0.1275 0.605 0.1275 0.605 0.11499999999999999
5 0.79875 0.26 0.78125 0.26 0.78125 0.27 0.79875 0.27 0.79875 0.26
5 0.76375 0.2725 0.7462500000000001 0.2725 0.7462500000000001 0.28500000000000003 0.76375 0.28500000000000003 0.76375 0.2725
5 0.73 0.28875 0.7125 0.28875 0.7125 0.29874999999999996 0.73 0.29874999999999996 0.73 0.28875
5 0.5375 0.35125 0.525 0.35125 0.525 0.36124999999999996 0.5375 0.36124999999999996 0.5375 0.35125
5 0.43375 0.62 0.41875 0.62 0.41875 0.63 0.43375 0.63 0.43375 0.62
5 0.79875 0.24625 0.78625 0.24625 0.78625 0.25375000000000003 0.79875 0.25375000000000003 0.79875 0.24625
5 0 0.46875 0.0125 0.46875 0.0125 0.45125000000000004 0 0.45125000000000004 0 0.46875
5 0.03125 0.505 0.01875 0.505 0.01875 0.525 0.03125 0.525 0.03125 0.505
5 0 0.365 0.01125 0.365 0.01125 0.34500000000000003 0 0.34500000000000003 0 0.365
5 0.017499999999999998 0.34249999999999997 0.005 0.34249999999999997 0.005 0.36 0.017499999999999998 0.36 0.017499999999999998 0.34249999999999997
5 0.02375 0.33999999999999997 0.01125 0.33999999999999997 0.01125 0.35750000000000004 0.02375 0.35750000000000004 0.02375 0.33999999999999997
5 0.03 0.3375 0.017499999999999998 0.3375 0.017499999999999998 0.355 0.03 0.355 0.03 0.3375
5 0.034999999999999996 0.33625 0.025 0.33625 0.025 0.35125 0.034999999999999996 0.35125 0.034999999999999996 0.33625
5 0.042499999999999996 0.335 0.03 0.335 0.03 0.35 0.042499999999999996 0.35 0.042499999999999996 0.335
5 0.6875 0.50625 0.6675 0.50625 0.6675 0.51875 0.6875 0.51875 0.6875 0.50625
5 0.5599999999999999 0.5625 0.54 0.5625 0.54 0.575 0.5599999999999999 0.575 0.5599999999999999 0.5625
5 0.63 0.59375 0.6174999999999999 0.59375 0.6174999999999999 0.61125 0.63 0.61125 0.63 0.59375
5 0.72875 0.48375 0.7162499999999999 0.48375 0.7162499999999999 0.49874999999999997 0.72875 0.49874999999999997 0.72875 0.48375
5 0.73875 0.48125 0.7262500000000001 0.48125 0.7262500000000001 0.49874999999999997 0.73875 0.49874999999999997 0.73875 0.48125
5 0.74875 0.47625 0.73375 0.47625 0.73375 0.49375 0.74875 0.49375 0.74875 0.47625
5 0.76 0.4725 0.7474999999999999 0.4725 0.7474999999999999 0.4875 0.76 0.4875 0.76 0.4725
5 0.8699999999999999 0.45625 0.8474999999999999 0.45625 0.8474999999999999 0.47375 0.8699999999999999 0.47375 0.8699999999999999 0.45625
5 0.835 0.4725 0.82 0.4725 0.82 0.4925 0.835 0.4925 0.835 0.4725
5 0.8412499999999999 0.47125000000000006 0.82875 0.47125000000000006 0.82875 0.48875 0.8412499999999999 0.48875 0.8412499999999999 0.47125000000000006
5 0.8462500000000001 0.46875 0.83375 0.46875 0.83375 0.48624999999999996 0.8462500000000001 0.48624999999999996 0.8462500000000001 0.46875
5 0 0.2225 0.03625 0.2225 0.03625 0.1675 0 0.1675 0 0.2225
5 0.155 0.075 0.1375 0.075 0.1375 0.0875 0.155 0.0875 0.155 0.075
5 0.0225 0.135 0.0025 0.135 0.0025 0.14750000000000002 0.0225 0.14750000000000002 0.0225 0.135
5 0.095 0.10124999999999999 0.075 0.10124999999999999 0.075 0.11374999999999999 0.095 0.11374999999999999 0.095 0.10124999999999999
5 0.76 0.01625 0.7424999999999999 0.01625 0.7424999999999999 0.028749999999999998 0.76 0.028749999999999998 0.76 0.01625
5 0.15625 0.88375 0.14875 0.88375 0.14875 0.89875 0.15625 0.89875 0.15625 0.88375
5 0.15375 0.8699999999999999 0.14125000000000001 0.8699999999999999 0.14125000000000001 0.8875 0.15375 0.8875 0.15375 0.8699999999999999
5 0.16999999999999998 0.9225 0.1575 0.9225 0.1575 0.9400000000000001 0.16999999999999998 0.9400000000000001 0.16999999999999998 0.9225
5 0.17625 0.9375 0.16125 0.9375 0.16125 0.9625 0.17625 0.9625 0.17625 0.9375
5 0.18 0.96125 0.16999999999999998 0.96125 0.16999999999999998 0.97875 0.18 0.97875 0.18 0.96125
5 0.21875 0.71375 0.19875 0.71375 0.19875 0.72875 0.21875 0.72875 0.21875 0.71375
5 0.23500000000000001 0.70375 0.215 0.70375 0.215 0.71875 0.23500000000000001 0.71875 0.23500000000000001 0.70375
5 0.26 0.6912499999999999 0.24 0.6912499999999999 0.24 0.70625 0.26 0.70625 0.26 0.6912499999999999
5 0.28375 0.68125 0.25875 0.68125 0.25875 0.69625 0.28375 0.69625 0.28375 0.68125
5 0.3 0.675 0.28250000000000003 0.675 0.28250000000000003 0.6875 0.3 0.6875 0.3 0.675
5 0.31375000000000003 0.67 0.29625 0.67 0.29625 0.6825 0.31375000000000003 0.6825 0.31375000000000003 0.67
5 0.32999999999999996 0.66625 0.31 0.66625 0.31 0.67875 0.32999999999999996 0.67875 0.32999999999999996 0.66625
5 0.35125 0.6599999999999999 0.33125 0.6599999999999999 0.33125 0.67 0.35125 0.67 0.35125 0.6599999999999999
5 0.37374999999999997 0.6475 0.35125 0.6475 0.35125 0.6625 0.37374999999999997 0.6625 0.37374999999999997 0.6475
5 0.36 0.58875 0.34500000000000003 0.58875 0.34500000000000003 0.60625 0.36 0.60625 0.36 0.58875
5 0.36625 0.60375 0.35125 0.60375 0.35125 0.6212500000000001 0.36625 0.6212500000000001 0.36625 0.60375
5 0.3725 0.615 0.35750000000000004 0.615 0.35750000000000004 0.6325000000000001 0.3725 0.6325000000000001 0.3725 0.615
5 0.3825 0.6287499999999999 0.37 0.6287499999999999 0.37 0.64625 0.3825 0.64625 0.3825 0.6287499999999999
5 0.41125 0.635 0.39125 0.635 0.39125 0.6475 0.41125 0.6475 0.41125 0.635
5 0.32999999999999996 0.6799999999999999 0.315 0.6799999999999999 0.315 0.6950000000000001 0.32999999999999996 0.6950000000000001 0.32999999999999996 0.6799999999999999
5 0.99125 0.64625 0.96875 0.64625 0.96875 0.6637500000000001 0.99125 0.6637500000000001 0.99125 0.64625
5 0.76625 0.7675 0.75125 0.7675 0.75125 0.7775000000000001 0.76625 0.7775000000000001 0.76625 0.7675
5 0.7474999999999999 0.7525000000000001 0.73 0.7525000000000001 0.73 0.765 0.7474999999999999 0.765 0.7474999999999999 0.7525000000000001
5 0.66625 0.705 0.6487499999999999 0.705 0.6487499999999999 0.7150000000000001 0.66625 0.7150000000000001 0.66625 0.705
5 0.6325000000000001 0.7175 0.6174999999999999 0.7175 0.6174999999999999 0.7275 0.6325000000000001 0.7275 0.6325000000000001 0.7175
5 0.61625 0.72375 0.60375 0.72375 0.60375 0.73375 0.61625 0.73375 0.61625 0.72375
5 0.6075 0.7262500000000001 0.5900000000000001 0.7262500000000001 0.5900000000000001 0.73625 0.6075 0.73625 0.6075 0.7262500000000001
5 0.54375 0.70375 0.52625 0.70375 0.52625 0.71375 0.54375 0.71375 0.54375 0.70375