5 0.7325 0.9775 0.725 0.9775 0.725 0.9949999999999999 0.7325 0.9949999999999999 0.7325 0.9775
5 0.7150000000000001 0.9574999999999999 0.7 0.9574999999999999 0.7 0.9675 0.7150000000000001 0.9675 0.7150000000000001 0.9574999999999999
5 0.70375 0.9324999999999999 0.6912499999999999 0.9324999999999999 0.6912499999999999 0.9400000000000001 0.70375 0.9400000000000001 0.70375 0.9324999999999999
5 0.67 0.85 0.655 0.85 0.655 0.86 0.67 0.86 0.67 0.85
5 0.6599999999999999 0.84375 0.65 0.84375 0.65 0.85375 0.6599999999999999 0.85375 0.6599999999999999 0.84375
5 0.67875 0.8775000000000001 0.66625 0.8775000000000001 0.66625 0.885 0.67875 0.885 0.67875 0.8775000000000001
5 0.6825 0.885 0.67 0.885 0.67 0.8925000000000001 0.6825 0.8925000000000001 0.6825 0.885
5 0.64 0.73 0.63 0.73 0.63 0.7474999999999999 0.64 0.7474999999999999 0.64 0.73
5 0.6287499999999999 0.69875 0.61625 0.69875 0.61625 0.7162499999999999 0.6287499999999999 0.7162499999999999 0.6287499999999999 0.69875
5 0.5862499999999999 0.62 0.57375 0.62 0.57375 0.6275000000000001 0.5862499999999999 0.6275000000000001 0.5862499999999999 0.62
5 0.5912499999999999 0.64 0.57625 0.64 0.57625 0.6475 0.5912499999999999 0.6475 0.5912499999999999 0.64
5 0.6275000000000001 0.6375 0.6174999999999999 0.6375 0.6174999999999999 0.65 0.6275000000000001 0.65 0.6275000000000001 0.6375
5 0.59375 0.6012500000000001 0.5862499999999999 0.6012500000000001 0.5862499999999999 0.61625 0.59375 0.61625 0.59375 0.6012500000000001
5 0.61 0.65 0.6025 0.65 0.6025 0.665 0.61 0.665 0.61 0.65
5 0.6325000000000001 0.6575 0.625 0.6575 0.625 0.67 0.6325000000000001 0.67 0.6325000000000001 0.6575
5 0.5974999999999999 0.6625 0.5875 0.6625 0.5875 0.675 0.5974999999999999 0.675 0.5974999999999999 0.6625
5 0.73875 0.75625 0.7262500000000001 0.75625 0.7262500000000001 0.76375 0.73875 0.76375 0.73875 0.75625
5 0.7224999999999999 0.76375 0.71 0.76375 0.71 0.77125 0.7224999999999999 0.77125 0.7224999999999999 0.76375
5 0.82 0.73 0.805 0.73 0.805 0.7375 0.82 0.7375 0.82 0.73
5 0.8675 0.69875 0.8574999999999999 0.69875 0.8574999999999999 0.71375 0.8675 0.71375 0.8675 0.69875
5 0.89625 0.7424999999999999 0.8862500000000001 0.7424999999999999 0.8862500000000001 0.7575000000000001 0.89625 0.7575000000000001 0.89625 0.7424999999999999
5 0.91875 0.73875 0.9087500000000001 0.73875 0.9087500000000001 0.7537499999999999 0.91875 0.7537499999999999 0.91875 0.73875
5 0.93 0.7537499999999999 0.9225 0.7537499999999999 0.9225 0.76875 0.93 0.76875 0.93 0.7537499999999999
5 0.9337500000000001 0.73125 0.9262499999999999 0.73125 0.9262499999999999 0.7462500000000001 0.9337500000000001 0.7462500000000001 0.9337500000000001 0.73125
5 0.9425000000000001 0.7537499999999999 0.9324999999999999 0.7537499999999999 0.9324999999999999 0.76875 0.9425000000000001 0.76875 0.9425000000000001 0.7537499999999999
5 0.945 0.7224999999999999 0.9375 0.7224999999999999 0.9375 0.74 0.945 0.74 0.945 0.7224999999999999
5 0.9650000000000001 0.71 0.9475 0.71 0.9475 0.72 0.9650000000000001 0.72 0.9650000000000001 0.71
5 0.9375 0.7725 0.9225 0.7725 0.9225 0.78 0.9375 0.78 0.9375 0.7725
5 0.9412499999999999 0.78125 0.9237500000000001 0.78125 0.9237500000000001 0.7887500000000001 0.9412499999999999 0.7887500000000001 0.9412499999999999 0.78125
5 0.94375 0.79125 0.92875 0.79125 0.92875 0.79875 0.94375 0.79875 0.94375 0.79125
5 0.945 0.7975 0.9275 0.7975 0.9275 0.805 0.945 0.805 0.945 0.7975
5 0.9475 0.80625 0.93 0.80625 0.93 0.81375 0.9475 0.81375 0.9475 0.80625
5 0.95375 0.82 0.93625 0.82 0.93625 0.8275 0.95375 0.8275 0.95375 0.82
5 0.96125 0.8375 0.94625 0.8375 0.94625 0.845 0.96125 0.845 0.96125 0.8375
5 0.9637499999999999 0.84375 0.9487500000000001 0.84375 0.9487500000000001 0.85125 0.9637499999999999 0.85125 0.9637499999999999 0.84375
5 0.9662499999999999 0.85125 0.95375 0.85125 0.95375 0.85875 0.9662499999999999 0.85875 0.9662499999999999 0.85125
5 0.96875 0.86 0.95625 0.86 0.95625 0.865 0.96875 0.865 0.96875 0.86
5 0.99125 0.8675 0.98375 0.8675 0.98375 0.8825 0.99125 0.8825 0.99125 0.8675
5 0.97625 0.875 0.96125 0.875 0.96125 0.885 0.97625 0.885 0.97625 0.875
5 0.97875 0.8825 0.9637499999999999 0.8825 0.9637499999999999 0.8925000000000001 0.97875 0.8925000000000001 0.97875 0.8825
5 0.9824999999999999 0.89125 0.9675 0.89125 0.9675 0.9012499999999999 0.9824999999999999 0.9012499999999999 0.9824999999999999 0.89125
5 0.9949999999999999 0.915 0.9875 0.915 0.9875 0.925 0.9949999999999999 0.925 0.9949999999999999 0.915
5 0.9974999999999999 0.9025000000000001 0.9824999999999999 0.9025000000000001 0.9824999999999999 0.9075 0.9974999999999999 0.9075 0.9974999999999999 0.9025000000000001
5 0.013750000000000002 0.15125 0.00375 0.15125 0.00375 0.16875 0.013750000000000002 0.16875 0.013750000000000002 0.15125
5 0.021249999999999998 0.17250000000000001 0.01125 0.17250000000000001 0.01125 0.19 0.021249999999999998 0.19 0.021249999999999998 0.17250000000000001
5 0.03375 0.205 0.021249999999999998 0.205 0.021249999999999998 0.2225 0.03375 0.2225 0.03375 0.205
5 0.175 0.20249999999999999 0.16 0.20249999999999999 0.16 0.215 0.175 0.215 0.175 0.20249999999999999
5 0 0.13999999999999999 0.015 0.13999999999999999 0.015 0.11750000000000001 0 0.11750000000000001 0 0.13999999999999999
5 0.40875000000000006 0.06 0.39625 0.06 0.39625 0.0775 0.40875000000000006 0.0775 0.40875000000000006 0.06
5 0.16375 0.05 0.14875 0.05 0.14875 0.06 0.16375 0.06 0.16375 0.05
5 0.315 0.16125 0.2975 0.16125 0.2975 0.16875 0.315 0.16875 0.315 0.16125
5 0.325 0.1575 0.31 0.1575 0.31 0.1675 0.325 0.1675 0.325 0.1575
5 0.6325000000000001 0.2475 0.61 0.2475 0.61 0.2575 0.6325000000000001 0.2575 0.6325000000000001 0.2475
5 0.255 0.5725 0.24 0.5725 0.24 0.595 0.255 0.595 0.255 0.5725
5 0.9775 0.65125 0.9675 0.65125 0.9675 0.66875 0.9775 0.66875 0.9775 0.65125
5 0.9862500000000001 0.65125 0.97625 0.65125 0.97625 0.67125 0.9862500000000001 0.67125 0.9862500000000001 0.65125
5 0.9949999999999999 0.64625 0.9824999999999999 0.64625 0.9824999999999999 0.66125 0.9949999999999999 0.66125 0.9949999999999999 0.64625
5 0.93 0.6325000000000001 0.9199999999999999 0.6325000000000001 0.9199999999999999 0.6475 0.93 0.6475 0.93 0.6325000000000001
5 0.9974999999999999 0.69375 0.9824999999999999 0.69375 0.9824999999999999 0.70375 0.9974999999999999 0.70375 0.9974999999999999 0.69375
5 0.92125 0.60875 0.9087500000000001 0.60875 0.9087500000000001 0.62625 0.92125 0.62625 0.92125 0.60875
5 0.87625 0.5862499999999999 0.86875 0.5862499999999999 0.86875 0.6012500000000001 0.87625 0.6012500000000001 0.87625 0.5862499999999999
5 0.7537499999999999 0.7849999999999999 0.72375 0.7849999999999999 0.72375 0.8025 0.7537499999999999 0.8025 0.7537499999999999 0.7849999999999999
5 0.68125 0.86625 0.65625 0.86625 0.65625 0.8787499999999999 0.68125 0.8787499999999999 0.68125 0.86625
5 0.86625 0.75875 0.85375 0.75875 0.85375 0.77125 0.86625 0.77125 0.86625 0.75875
5 1 0.845 0.9875 0.845 0.9875 0.8550000000000001 1 0.8550000000000001 1 0.845
5 0.83625 0.725 0.81875 0.725 0.81875 0.735 0.83625 0.735 0.83625 0.725
5 0.25375000000000003 0.88125 0.24125000000000002 0.88125 0.24125000000000002 0.9012499999999999 0.25375000000000003 0.9012499999999999 0.25375000000000003 0.88125
5 0.16375 0.89625 0.14875 0.89625 0.14875 0.9087500000000001 0.16375 0.9087500000000001 0.16375 0.89625
5 0.8487500000000001 0.013750000000000002 0.83125 0.013750000000000002 0.83125 0.021249999999999998 0.8487500000000001 0.021249999999999998 0.8487500000000001 0.013750000000000002
5 0.73625 0.02 0.71875 0.02 0.71875 0.03 0.73625 0.03 0.73625 0.02
5 0.76125 0.01 0.75125 0.01 0.75125 0.025 0.76125 0.025 0.76125 0.01
5 0.80375 0.005 0.78625 0.005 0.78625 0.02 0.80375 0.02 0.80375 0.005
5 0.77 0.0075 0.76 0.0075 0.76 0.0225 0.77 0.0225 0.77 0.0075
5 0.705 0.00625 0.6950000000000001 0.00625 0.6950000000000001 0.02375 0.705 0.02375 0.705 0.00625
5 0.84375 0 0.84375 0.00625 0.8637499999999999 0.00625 0.8637499999999999 0 0.84375 0
5 0.68625 0.0075 0.67625 0.0075 0.67625 0.0225 0.68625 0.0225 0.68625 0.0075
5 0.8787499999999999 0.005 0.86625 0.005 0.86625 0.015 0.8787499999999999 0.015 0.8787499999999999 0.005
5 0.67625 0 0.67625 0.021249999999999998 0.6912499999999999 0.021249999999999998 0.6912499999999999 0 0.67625 0
5 0.22625 0.07625 0.21375000000000002 0.07625 0.21375000000000002 0.09375 0.22625 0.09375 0.22625 0.07625
5 0.21000000000000002 0.07125000000000001 0.19 0.07125000000000001 0.19 0.09125 0.21000000000000002 0.09125 0.21000000000000002 0.07125000000000001
5 0.19 0.0225 0.1775 0.0225 0.1775 0.04 0.19 0.04 0.19 0.0225
5 0.20125 0.052500000000000005 0.18625 0.052500000000000005 0.18625 0.06999999999999999 0.20125 0.06999999999999999 0.20125 0.052500000000000005
5 0.025 0.22374999999999998 0.015 0.22374999999999998 0.015 0.23875000000000002 0.025 0.23875000000000002 0.025 0.22374999999999998
5 0.0375 0.22125 0.025 0.22125 0.025 0.23875000000000002 0.0375 0.23875000000000002 0.0375 0.22125
5 0.06 0.28875 0.0475 0.28875 0.0475 0.30625 0.06 0.30625 0.06 0.28875
5 0.06999999999999999 0.32375 0.06 0.32375 0.06 0.33875 0.06999999999999999 0.33875 0.06999999999999999 0.32375
5 0.08499999999999999 0.4325 0.0675 0.4325 0.0675 0.4425 0.08499999999999999 0.4425 0.08499999999999999 0.4325
5 0.11125 0.45499999999999996 0.09875 0.45499999999999996 0.09875 0.4725 0.11125 0.4725 0.11125 0.45499999999999996
5 0.09625 0.4025 0.08375 0.4025 0.08375 0.42000000000000004 0.09625 0.42000000000000004 0.09625 0.4025
5 0.13125 0.4225 0.11875 0.4225 0.11875 0.44000000000000006 0.13125 0.44000000000000006 0.13125 0.4225
5 0.03625 0.44625000000000004 0.01875 0.44625000000000004 0.01875 0.45875000000000005 0.03625 0.45875000000000005 0.03625 0.44625000000000004
5 0.1375 0.5337500000000001 0.11750000000000001 0.5337500000000001 0.11750000000000001 0.54375 0.1375 0.54375 0.1375 0.5337500000000001
5 0.13625 0.545 0.11875 0.545 0.11875 0.5549999999999999 0.13625 0.5549999999999999 0.13625 0.545
5 0.23875000000000002 0.50625 0.22125 0.50625 0.22125 0.5337500000000001 0.23875000000000002 0.5337500000000001 0.23875000000000002 0.50625
5 0.2225 0.34500000000000003 0.21000000000000002 0.34500000000000003 0.21000000000000002 0.3625 0.2225 0.3625 0.2225 0.34500000000000003
5 0.2325 0.34875 0.22000000000000003 0.34875 0.22000000000000003 0.36625 0.2325 0.36625 0.2325 0.34875
5 0.24625 0.35375 0.23125 0.35375 0.23125 0.37374999999999997 0.24625 0.37374999999999997 0.24625 0.35375
5 0.225 0.32 0.20750000000000002 0.32 0.20750000000000002 0.335 0.225 0.335 0.225 0.32
5 0.3075 0.39375 0.2725 0.39375 0.2725 0.44875 0.3075 0.44875 0.3075 0.39375
5 0.26749999999999996 0.3675 0.2575 0.3675 0.2575 0.385 0.26749999999999996 0.385 0.26749999999999996 0.3675
5 0.26 0.365 0.25 0.365 0.25 0.3825 0.26 0.3825 0.26 0.365
5 0.08125 0.22875 0.058750000000000004 0.22875 0.058750000000000004 0.23875000000000002 0.08125 0.23875000000000002 0.08125 0.22875
5 0.20375000000000001 0.195 0.18625 0.195 0.18625 0.205 0.20375000000000001 0.205 0.20375000000000001 0.195
5 0.225 0.1875 0.20249999999999999 0.1875 0.20249999999999999 0.2 0.225 0.2 0.225 0.1875
5 0.13125 0.51625 0.11625 0.51625 0.11625 0.52625 0.13125 0.52625 0.13125 0.51625
5 0.11625 0.4725 0.10625 0.4725 0.10625 0.4875 0.11625 0.4875 0.11625 0.4725
5 0.2 0.5962500000000001 0.1825 0.5962500000000001 0.1825 0.6212500000000001 0.2 0.6212500000000001 0.2 0.5962500000000001
5 0.145 0.6475 0.12 0.6475 0.12 0.6599999999999999 0.145 0.6599999999999999 0.145 0.6475
5 0.16499999999999998 0.67625 0.14750000000000002 0.67625 0.14750000000000002 0.70625 0.16499999999999998 0.70625 0.16499999999999998 0.67625
5 0 0.6675 0.01 0.6675 0.01 0.655 0 0.655 0 0.6675
5 0.31 0.55 0.2875 0.55 0.2875 0.5625 0.31 0.5625 0.31 0.55
5 0.32999999999999996 0.54375 0.31 0.54375 0.31 0.55625 0.32999999999999996 0.55625 0.32999999999999996 0.54375
5 0.34375 0.5525 0.32625000000000004 0.5525 0.32625000000000004 0.5599999999999999 0.34375 0.5599999999999999 0.34375 0.5525
5 0.5775 0.545 0.5650000000000001 0.545 0.5650000000000001 0.5625 0.5775 0.5625 0.5775 0.545
5 0.47125000000000006 0.505 0.44875 0.505 0.44875 0.515 0.47125000000000006 0.515 0.47125000000000006 0.505
5 0.5650000000000001 0.47125000000000006 0.5475 0.47125000000000006 0.5475 0.48624999999999996 0.5650000000000001 0.48624999999999996 0.5650000000000001 0.47125000000000006
5 0.5549999999999999 0.53125 0.5425 0.53125 0.5425 0.5387500000000001 0.5549999999999999 0.5387500000000001 0.5549999999999999 0.53125
5 0.57375 0.48875 0.55125 0.48875 0.55125 0.52125 0.57375 0.52125 0.57375 0.48875
5 0.5675 0.5175 0.5549999999999999 0.5175 0.5549999999999999 0.5425 0.5675 0.5425 0.5675 0.5175
5 0.58 0.52 0.5650000000000001 0.52 0.5650000000000001 0.5525 0.58 0.5525 0.58 0.52
5 0.61625 0.4725 0.6012500000000001 0.4725 0.6012500000000001 0.48250000000000004 0.61625 0.48250000000000004 0.61625 0.4725
5 0.62625 0.4575 0.61125 0.4575 0.61125 0.465 0.62625 0.465 0.62625 0.4575
5 0.5625 0.5475 0.5475 0.5475 0.5475 0.5549999999999999 0.5625 0.5549999999999999 0.5625 0.5475
5 0.5675 0.5625 0.5549999999999999 0.5625 0.5549999999999999 0.5725 0.5675 0.5725 0.5675 0.5625
5 0.5862499999999999 0.5700000000000001 0.57375 0.5700000000000001 0.57375 0.5900000000000001 0.5862499999999999 0.5900000000000001 0.5862499999999999 0.5700000000000001
5 0.5549999999999999 0.4225 0.53 0.4225 0.53 0.45999999999999996 0.5549999999999999 0.45999999999999996 0.5549999999999999 0.4225
5 0.53125 0.3625 0.51125 0.3625 0.51125 0.4 0.53125 0.4 0.53125 0.3625
5 0.6525000000000001 0.43499999999999994 0.64 0.43499999999999994 0.64 0.45 0.6525000000000001 0.45 0.6525000000000001 0.43499999999999994
5 0.7212500000000001 0.41875 0.70375 0.41875 0.70375 0.43125 0.7212500000000001 0.43125 0.7212500000000001 0.41875
5 0.8025 0.39 0.7825 0.39 0.7825 0.4025 0.8025 0.4025 0.8025 0.39
5 0.78125 0.3975 0.76625 0.3975 0.76625 0.40499999999999997 0.78125 0.40499999999999997 0.78125 0.3975
5 0.97 0.32875 0.9475 0.32875 0.9475 0.34375 0.97 0.34375 0.97 0.32875
5 0.9475 0.335 0.93 0.335 0.93 0.35 0.9475 0.35 0.9475 0.335
5 0.9275 0.34249999999999997 0.9099999999999999 0.34249999999999997 0.9099999999999999 0.355 0.9275 0.355 0.9275 0.34249999999999997
5 0.99 0.3225 0.9724999999999999 0.3225 0.9724999999999999 0.335 0.99 0.335 0.99 0.3225
5 0.8574999999999999 0.42874999999999996 0.8474999999999999 0.42874999999999996 0.8474999999999999 0.44375 0.8574999999999999 0.44375 0.8574999999999999 0.42874999999999996
5 0.8387499999999999 0.4625 0.82875 0.4625 0.82875 0.47750000000000004 0.8387499999999999 0.47750000000000004 0.8387499999999999 0.4625
5 0.8550000000000001 0.445 0.8425 0.445 0.8425 0.45999999999999996 0.8550000000000001 0.45999999999999996 0.8550000000000001 0.445
5 0.67625 0.425 0.66125 0.425 0.66125 0.44000000000000006 0.67625 0.44000000000000006 0.67625 0.425
5 0.82875 0.39625 0.81125 0.39625 0.81125 0.42374999999999996 0.82875 0.42374999999999996 0.82875 0.39625
5 0.8474999999999999 0.41125 0.8275 0.41125 0.8275 0.44125 0.8474999999999999 0.44125 0.8474999999999999 0.41125
5 0.8637499999999999 0.46375 0.85125 0.46375 0.85125 0.47874999999999995 0.8637499999999999 0.47874999999999995 0.8637499999999999 0.46375
5 0.6487499999999999 0.2425 0.63125 0.2425 0.63125 0.2525 0.6487499999999999 0.2525 0.6487499999999999 0.2425
5 0.705 0.22000000000000003 0.6900000000000001 0.22000000000000003 0.6900000000000001 0.2325 0.705 0.2325 0.705 0.22000000000000003
5 0.6900000000000001 0.225 0.6725 0.225 0.6725 0.2375 0.6900000000000001 0.2375 0.6900000000000001 0.225
5 0.675 0.23125 0.6599999999999999 0.23125 0.6599999999999999 0.24375 0.675 0.24375 0.675 0.23125
5 0.72375 0.21375000000000002 0.70625 0.21375000000000002 0.70625 0.22625 0.72375 0.22625 0.72375 0.21375000000000002
5 0.73875 0.21000000000000002 0.72375 0.21000000000000002 0.72375 0.22000000000000003 0.73875 0.22000000000000003 0.73875 0.21000000000000002
5 0.54875 0.08625000000000001 0.5287499999999999 0.08625000000000001 0.5287499999999999 0.09625 0.54875 0.09625 0.54875 0.08625000000000001
5 0.61125 0.06625 0.5912499999999999 0.06625 0.5912499999999999 0.07625 0.61125 0.07625 0.61125 0.06625
5 0.64 0.05625 0.6224999999999999 0.05625 0.6224999999999999 0.06625 0.64 0.06625 0.64 0.05625
5 0.14750000000000002 0.865 0.1325 0.865 0.1325 0.885 0.14750000000000002 0.885 0.14750000000000002 0.865
5 0.11000000000000001 0.8225 0.0925 0.8225 0.0925 0.8525 0.11000000000000001 0.8525 0.11000000000000001 0.8225
5 0.12375 0.78 0.11125 0.78 0.11125 0.7975 0.12375 0.7975 0.12375 0.78
5 0.23374999999999999 0.7525000000000001 0.21625 0.7525000000000001 0.21625 0.7675 0.23374999999999999 0.7675 0.23374999999999999 0.7525000000000001
5 0.22625 0.76125 0.20875 0.76125 0.20875 0.77625 0.22625 0.77625 0.22625 0.76125
5 0.14250000000000002 0.68125 0.1275 0.68125 0.1275 0.70375 0.14250000000000002 0.70375 0.14250000000000002 0.68125
5 0.135 0.6725 0.11750000000000001 0.6725 0.11750000000000001 0.6900000000000001 0.135 0.6900000000000001 0.135 0.6725
5 0.06375 0.655 0.03125 0.655 0.03125 0.67 0.06375 0.67 0.06375 0.655
5 0.86625 0.44375 0.85125 0.44375 0.85125 0.46375 0.86625 0.46375 0.86625 0.44375
5 0.69625 0.475 0.63375 0.475 0.63375 0.5650000000000001 0.69625 0.5650000000000001 0.69625 0.475
5 0.3875 0.9037499999999999 0.35750000000000004 0.9037499999999999 0.35750000000000004 0.91875 0.3875 0.91875 0.3875 0.9037499999999999
5 0.32125 0.915 0.29375 0.915 0.29375 0.9275 0.32125 0.9275 0.32125 0.915
5 0.22374999999999998 0.945 0.17375000000000002 0.945 0.17375000000000002 0.9574999999999999 0.22374999999999998 0.9574999999999999 0.22374999999999998 0.945
5 0.26625 0.905 0.25125000000000003 0.905 0.25125000000000003 0.9225 0.26625 0.9225 0.26625 0.905
5 0.61625 0.61 0.5962500000000001 0.61 0.5962500000000001 0.6475 0.61625 0.6475 0.61625 0.61
5 0.63 0.6425 0.605 0.6425 0.605 0.6825 0.63 0.6825 0.63 0.6425
5 0.13374999999999998 0.755 0.12375 0.755 0.12375 0.7675 0.13374999999999998 0.7675 0.13374999999999998 0.755
5 0.41 0.89625 0.3875 0.89625 0.3875 0.9112500000000001 0.41 0.9112500000000001 0.41 0.89625
5 0.6525000000000001 0.69875 0.625 0.69875 0.625 0.73625 0.6525000000000001 0.73625 0.6525000000000001 0.69875
5 0.67 0.73875 0.6425 0.73875 0.6425 0.7737499999999999 0.67 0.7737499999999999 0.67 0.73875
5 0.6675 0.7625 0.645 0.7625 0.645 0.79 0.6675 0.79 0.6675 0.7625
5 0.615 0.8225 0.5775 0.8225 0.5775 0.845 0.615 0.845 0.615 0.8225
5 0.58125 0.83625 0.55375 0.83625 0.55375 0.85125 0.58125 0.85125 0.58125 0.83625
5 0.5125 0.8637499999999999 0.485 0.8637499999999999 0.485 0.87625 0.5125 0.87625 0.5125 0.8637499999999999
5 0.48 0.8724999999999999 0.4575 0.8724999999999999 0.4575 0.885 0.48 0.885 0.48 0.8724999999999999
5 0.45999999999999996 0.8800000000000001 0.4375 0.8800000000000001 0.4375 0.8925000000000001 0.45999999999999996 0.8925000000000001 0.45999999999999996 0.8800000000000001
5 0.6425 0.6849999999999999 0.625 0.6849999999999999 0.625 0.7 0.6425 0.7 0.6425 0.6849999999999999
5 0.5925 0.63 0.5725 0.63 0.5725 0.64 0.5925 0.64 0.5925 0.63
5 0.43875000000000003 0.8825 0.40875000000000006 0.8825 0.40875000000000006 0.9025000000000001 0.43875000000000003 0.9025000000000001 0.43875000000000003 0.8825
5 0.71 0.78125 0.6799999999999999 0.78125 0.6799999999999999 0.79625 0.71 0.79625 0.71 0.78125
5 0.75125 0.765 0.72375 0.765 0.72375 0.7775000000000001 0.75125 0.7775000000000001 0.75125 0.765
5 0.7975 0.75875 0.77 0.75875 0.77 0.77625 0.7975 0.77625 0.7975 0.75875
5 0.765 0.77125 0.74 0.77125 0.74 0.7837500000000001 0.765 0.7837500000000001 0.765 0.77125
5 0.78 0.7787499999999999 0.75 0.7787499999999999 0.75 0.79375 0.78 0.79375 0.78 0.7787499999999999
5 0.6875 0.8262499999999999 0.6775 0.8262499999999999 0.6775 0.85125 0.6875 0.85125 0.6875 0.8262499999999999
5 0.7 0.8074999999999999 0.6825 0.8074999999999999 0.6825 0.82 0.7 0.82 0.7 0.8074999999999999
5 0.70375 0.8150000000000001 0.6837500000000001 0.8150000000000001 0.6837500000000001 0.8275 0.70375 0.8275 0.70375 0.8150000000000001
5 0.6925 0.89875 0.6675 0.89875 0.6675 0.9112500000000001 0.6925 0.9112500000000001 0.6925 0.89875
5 0.95875 0.8275 0.93625 0.8275 0.93625 0.8400000000000001 0.95875 0.8400000000000001 0.95875 0.8275
5 0.8525 0.73875 0.825 0.73875 0.825 0.7537499999999999 0.8525 0.7537499999999999 0.8525 0.73875
5 0.9099999999999999 0.625 0.89 0.625 0.89 0.655 0.9099999999999999 0.655 0.9099999999999999 0.625
5 0.91625 0.6537499999999999 0.9012499999999999 0.6537499999999999 0.9012499999999999 0.67875 0.91625 0.67875 0.91625 0.6537499999999999
5 0.8875 0.5725 0.8724999999999999 0.5725 0.8724999999999999 0.595 0.8875 0.595 0.8875 0.5725