5 0 0.33875 0.0125 0.33875 0.0125 0.32625000000000004 0 0.32625000000000004 0 0.33875
5 0 0.5675 0.01 0.5675 0.01 0.5575 0 0.5575 0 0.5675
5 0.09375 0.5175 0.08625000000000001 0.5175 0.08625000000000001 0.5325 0.09375 0.5325 0.09375 0.5175
5 0.11000000000000001 0.51 0.1 0.51 0.1 0.525 0.11000000000000001 0.525 0.11000000000000001 0.51
5 0.12125 0.50625 0.11125 0.50625 0.11125 0.51875 0.12125 0.51875 0.12125 0.50625
5 0.15 0.49124999999999996 0.13999999999999999 0.49124999999999996 0.13999999999999999 0.50625 0.15 0.50625 0.15 0.49124999999999996
5 0.1575 0.49000000000000005 0.15 0.49000000000000005 0.15 0.5025000000000001 0.1575 0.5025000000000001 0.1575 0.49000000000000005
5 0.17250000000000001 0.47874999999999995 0.1625 0.47874999999999995 0.1625 0.49375 0.17250000000000001 0.49375 0.17250000000000001 0.47874999999999995
5 0.19624999999999998 0.47125000000000006 0.18625 0.47125000000000006 0.18625 0.48875 0.19624999999999998 0.48875 0.19624999999999998 0.47125000000000006
5 0.20375000000000001 0.46875 0.19375 0.46875 0.19375 0.48375 0.20375000000000001 0.48375 0.20375000000000001 0.46875
5 0.1825 0.45999999999999996 0.1675 0.45999999999999996 0.1675 0.46749999999999997 0.1825 0.46749999999999997 0.1825 0.45999999999999996
5 0.21125 0.46624999999999994 0.20125 0.46624999999999994 0.20125 0.48125 0.21125 0.48125 0.21125 0.46624999999999994
5 0.21749999999999997 0.4625 0.21000000000000002 0.4625 0.21000000000000002 0.47750000000000004 0.21749999999999997 0.47750000000000004 0.21749999999999997 0.4625
5 0.22374999999999998 0.45875000000000005 0.21625 0.45875000000000005 0.21625 0.47625 0.22374999999999998 0.47625 0.22374999999999998 0.45875000000000005
5 0.24375 0.5025000000000001 0.22625 0.5025000000000001 0.22625 0.51 0.24375 0.51 0.24375 0.5025000000000001
5 0.2475 0.51 0.2325 0.51 0.2325 0.52 0.2475 0.52 0.2475 0.51
5 0.25875 0.5425 0.24375 0.5425 0.24375 0.55 0.25875 0.55 0.25875 0.5425
5 0.26125 0.55 0.24625 0.55 0.24625 0.5575 0.26125 0.5575 0.26125 0.55
5 0.265 0.5575 0.2475 0.5575 0.2475 0.5650000000000001 0.265 0.5650000000000001 0.265 0.5575
5 0.27 0.5662499999999999 0.25 0.5662499999999999 0.25 0.57375 0.27 0.57375 0.27 0.5662499999999999
5 0.27 0.575 0.2525 0.575 0.2525 0.5825 0.27 0.5825 0.27 0.575
5 0.27375 0.5825 0.25625 0.5825 0.25625 0.5900000000000001 0.27375 0.5900000000000001 0.27375 0.5825
5 0.27625 0.5900000000000001 0.25875 0.5900000000000001 0.25875 0.5974999999999999 0.27625 0.5974999999999999 0.27625 0.5900000000000001
5 0.27625 0.59875 0.26375000000000004 0.59875 0.26375000000000004 0.60625 0.27625 0.60625 0.27625 0.59875
5 0.28375 0.605 0.26625 0.605 0.26625 0.615 0.28375 0.615 0.28375 0.605
5 0.28500000000000003 0.615 0.26749999999999996 0.615 0.26749999999999996 0.6224999999999999 0.28500000000000003 0.6224999999999999 0.28500000000000003 0.615
5 0.2875 0.6212500000000001 0.27 0.6212500000000001 0.27 0.6287499999999999 0.2875 0.6287499999999999 0.2875 0.6212500000000001
5 0.28875 0.63 0.27375 0.63 0.27375 0.635 0.28875 0.635 0.28875 0.63
5 0.29 0.6375 0.275 0.6375 0.275 0.645 0.29 0.645 0.29 0.6375
5 0.29375 0.64375 0.27875 0.64375 0.27875 0.65125 0.29375 0.65125 0.29375 0.64375
5 0.2975 0.65125 0.28250000000000003 0.65125 0.28250000000000003 0.65625 0.2975 0.65625 0.2975 0.65125
5 0.29874999999999996 0.6587500000000001 0.28375 0.6587500000000001 0.28375 0.66625 0.29874999999999996 0.66625 0.29874999999999996 0.6587500000000001
5 0.30874999999999997 0.69875 0.29625 0.69875 0.29625 0.70375 0.30874999999999997 0.70375 0.30874999999999997 0.69875
5 0.30874999999999997 0.68875 0.29375 0.68875 0.29375 0.69875 0.30874999999999997 0.69875 0.30874999999999997 0.68875
5 0.30625 0.6825 0.29125 0.6825 0.29125 0.6900000000000001 0.30625 0.6900000000000001 0.30625 0.6825
5 0.30375 0.6725 0.28875 0.6725 0.28875 0.6799999999999999 0.30375 0.6799999999999999 0.30375 0.6725
5 0.30375 0.66625 0.28875 0.66625 0.28875 0.67375 0.30375 0.67375 0.30375 0.66625
5 0.31875 0.7150000000000001 0.30125 0.7150000000000001 0.30125 0.7224999999999999 0.31875 0.7224999999999999 0.31875 0.7150000000000001
5 0.31875 0.72375 0.30375 0.72375 0.30375 0.73125 0.31875 0.73125 0.31875 0.72375
5 0.32375 0.74125 0.30874999999999997 0.74125 0.30874999999999997 0.74875 0.32375 0.74875 0.32375 0.74125
5 0.32125 0.73125 0.30874999999999997 0.73125 0.30874999999999997 0.73875 0.32125 0.73875 0.32125 0.73125
5 0.325 0.7474999999999999 0.3125 0.7474999999999999 0.3125 0.7525000000000001 0.325 0.7525000000000001 0.325 0.7474999999999999
5 0.3325 0.7625 0.3175 0.7625 0.3175 0.77 0.3325 0.77 0.3325 0.7625
5 0.335 0.77125 0.3225 0.77125 0.3225 0.77625 0.335 0.77625 0.335 0.77125
5 0.33875 0.7775000000000001 0.32125 0.7775000000000001 0.32125 0.7849999999999999 0.33875 0.7849999999999999 0.33875 0.7775000000000001
5 0.34249999999999997 0.7837500000000001 0.3275 0.7837500000000001 0.3275 0.79125 0.34249999999999997 0.79125 0.34249999999999997 0.7837500000000001
5 0.34625 0.7925 0.32875 0.7925 0.32875 0.8 0.34625 0.8 0.34625 0.7925
5 0.35375 0.79875 0.33375 0.79875 0.33375 0.8087500000000001 0.35375 0.8087500000000001 0.35375 0.79875
5 0.355 0.8087500000000001 0.3375 0.8087500000000001 0.3375 0.8162499999999999 0.355 0.8162499999999999 0.355 0.8087500000000001
5 0.35750000000000004 0.8162499999999999 0.33999999999999997 0.8162499999999999 0.33999999999999997 0.8237500000000001 0.35750000000000004 0.8237500000000001 0.35750000000000004 0.8162499999999999
5 0.36124999999999996 0.825 0.34375 0.825 0.34375 0.8324999999999999 0.36124999999999996 0.8324999999999999 0.36124999999999996 0.825
5 0.40374999999999994 0.8487500000000001 0.39125 0.8487500000000001 0.39125 0.86625 0.40374999999999994 0.86625 0.40374999999999994 0.8487500000000001
5 0.41624999999999995 0.88125 0.40125 0.88125 0.40125 0.89125 0.41624999999999995 0.89125 0.41624999999999995 0.88125
5 0.4225 0.8887499999999999 0.40750000000000003 0.8887499999999999 0.40750000000000003 0.89625 0.4225 0.89625 0.4225 0.8887499999999999
5 0.40750000000000003 0.8125 0.4 0.8125 0.4 0.825 0.40750000000000003 0.825 0.40750000000000003 0.8125
5 0.39625 0.78625 0.38625 0.78625 0.38625 0.79875 0.39625 0.79875 0.39625 0.78625
5 0.40750000000000003 0.77125 0.3975 0.77125 0.3975 0.78125 0.40750000000000003 0.78125 0.40750000000000003 0.77125
5 0.42000000000000004 0.7837500000000001 0.40750000000000003 0.7837500000000001 0.40750000000000003 0.79625 0.42000000000000004 0.79625 0.42000000000000004 0.7837500000000001
5 0.43 0.79375 0.4175 0.79375 0.4175 0.80625 0.43 0.80625 0.43 0.79375
5 0.445 0.8074999999999999 0.4325 0.8074999999999999 0.4325 0.8175000000000001 0.445 0.8175000000000001 0.445 0.8074999999999999
5 0.42874999999999996 0.8125 0.41375 0.8125 0.41375 0.825 0.42874999999999996 0.825 0.42874999999999996 0.8125
5 0.44625000000000004 0.8225 0.42874999999999996 0.8225 0.42874999999999996 0.835 0.44625000000000004 0.835 0.44625000000000004 0.8225
5 0.465 0.835 0.45 0.835 0.45 0.845 0.465 0.845 0.465 0.835
5 0.44875 0.8949999999999999 0.43125 0.8949999999999999 0.43125 0.905 0.44875 0.905 0.44875 0.8949999999999999
5 0.46375 0.905 0.45125000000000004 0.905 0.45125000000000004 0.9125 0.46375 0.9125 0.46375 0.905
5 0.3625 0.8975 0.34750000000000003 0.8975 0.34750000000000003 0.9099999999999999 0.3625 0.9099999999999999 0.3625 0.8975
5 0.37 0.91875 0.36 0.91875 0.36 0.9337500000000001 0.37 0.9337500000000001 0.37 0.91875
5 0.34249999999999997 0.9275 0.3325 0.9275 0.3325 0.945 0.34249999999999997 0.945 0.34249999999999997 0.9275
5 0.39249999999999996 0.92875 0.38 0.92875 0.38 0.94625 0.39249999999999996 0.94625 0.39249999999999996 0.92875
5 0.39875 0.9475 0.38625 0.9475 0.38625 0.9625 0.39875 0.9625 0.39875 0.9475
5 0.40750000000000003 0.97 0.395 0.97 0.395 0.985 0.40750000000000003 0.985 0.40750000000000003 0.97
5 0.305 0.9075 0.29 0.9075 0.29 0.915 0.305 0.915 0.305 0.9075
5 0.22875 0.845 0.21625 0.845 0.21625 0.8625 0.22875 0.8625 0.22875 0.845
5 0.335 0.85 0.3275 0.85 0.3275 0.8625 0.335 0.8625 0.335 0.85
5 0.26625 0.8775000000000001 0.25625 0.8775000000000001 0.25625 0.8875 0.26625 0.8875 0.26625 0.8775000000000001
5 0.225 0.97875 0.215 0.97875 0.215 0.99375 0.225 0.99375 0.225 0.97875
5 0.40750000000000003 0.71875 0.39249999999999996 0.71875 0.39249999999999996 0.7262500000000001 0.40750000000000003 0.7262500000000001 0.40750000000000003 0.71875
5 0.41875 0.735 0.39875 0.735 0.39875 0.7474999999999999 0.41875 0.7474999999999999 0.41875 0.735
5 0.4025 0.73 0.39249999999999996 0.73 0.39249999999999996 0.74 0.4025 0.74 0.4025 0.73
5 0.4 0.69375 0.39 0.69375 0.39 0.70875 0.4 0.70875 0.4 0.69375
5 0.39125 0.6912499999999999 0.38125 0.6912499999999999 0.38125 0.70625 0.39125 0.70625 0.39125 0.6912499999999999
5 0.39125 0.66625 0.37374999999999997 0.66625 0.37374999999999997 0.67625 0.39125 0.67625 0.39125 0.66625
5 0.3825 0.6599999999999999 0.3725 0.6599999999999999 0.3725 0.6675 0.3825 0.6675 0.3825 0.6599999999999999
5 0.38375 0.6525000000000001 0.36875 0.6525000000000001 0.36875 0.6599999999999999 0.38375 0.6599999999999999 0.38375 0.6525000000000001
5 0.38 0.64375 0.3675 0.64375 0.3675 0.65125 0.38 0.65125 0.38 0.64375
5 0.37875000000000003 0.63625 0.36375 0.63625 0.36375 0.64375 0.37875000000000003 0.64375 0.37875000000000003 0.63625
5 0.3675 0.6425 0.35750000000000004 0.6425 0.35750000000000004 0.655 0.3675 0.655 0.3675 0.6425
5 0.375 0.6275000000000001 0.35750000000000004 0.6275000000000001 0.35750000000000004 0.6375 0.375 0.6375 0.375 0.6275000000000001
5 0.3675 0.6212500000000001 0.35750000000000004 0.6212500000000001 0.35750000000000004 0.62625 0.3675 0.62625 0.3675 0.6212500000000001
5 0.36875 0.61125 0.35125 0.61125 0.35125 0.6212500000000001 0.36875 0.6212500000000001 0.36875 0.61125
5 0.36375 0.605 0.35125 0.605 0.35125 0.6125 0.36375 0.6125 0.36375 0.605
5 0.3625 0.58875 0.34249999999999997 0.58875 0.34249999999999997 0.59875 0.3625 0.59875 0.3625 0.58875
5 0.36 0.58125 0.33999999999999997 0.58125 0.33999999999999997 0.58875 0.36 0.58875 0.36 0.58125
5 0.35625 0.5725 0.33875 0.5725 0.33875 0.58 0.35625 0.58 0.35625 0.5725
5 0.34875 0.5625 0.33625 0.5625 0.33625 0.5775 0.34875 0.5775 0.34875 0.5625
5 0.34625 0.54875 0.32875 0.54875 0.32875 0.5587500000000001 0.34625 0.5587500000000001 0.34625 0.54875
5 0.34750000000000003 0.5587500000000001 0.32999999999999996 0.5587500000000001 0.32999999999999996 0.56375 0.34750000000000003 0.56375 0.34750000000000003 0.5587500000000001
5 0.33625 0.5349999999999999 0.32125 0.5349999999999999 0.32125 0.5425 0.33625 0.5425 0.33625 0.5349999999999999
5 0.33375 0.5175 0.31875 0.5175 0.31875 0.525 0.33375 0.525 0.33375 0.5175
5 0.335 0.52625 0.3225 0.52625 0.3225 0.53125 0.335 0.53125 0.335 0.52625
5 0.32625000000000004 0.51 0.31375000000000003 0.51 0.31375000000000003 0.5175 0.32625000000000004 0.5175 0.32625000000000004 0.51
5 0.32875 0.49874999999999997 0.31124999999999997 0.49874999999999997 0.31124999999999997 0.50875 0.32875 0.50875 0.32875 0.49874999999999997
5 0.32375 0.49375 0.30874999999999997 0.49375 0.30874999999999997 0.49874999999999997 0.32375 0.49874999999999997 0.32375 0.49375
5 0.32125 0.485 0.30375 0.485 0.30375 0.4925 0.32125 0.4925 0.32125 0.485
5 0.31625000000000003 0.47625 0.30125 0.47625 0.30125 0.48375 0.31625000000000003 0.48375 0.31625000000000003 0.47625
5 0.31 0.46875 0.2975 0.46875 0.2975 0.47625 0.31 0.47625 0.31 0.46875
5 0.3075 0.4625 0.29 0.4625 0.29 0.47000000000000003 0.3075 0.47000000000000003 0.3075 0.4625
5 0.31 0.45375 0.2875 0.45375 0.2875 0.46125 0.31 0.46125 0.31 0.45375
5 0.30375 0.43624999999999997 0.28625 0.43624999999999997 0.28625 0.44625000000000004 0.30375 0.44625000000000004 0.30375 0.43624999999999997
5 0.29874999999999996 0.42750000000000005 0.28375 0.42750000000000005 0.28375 0.4375 0.29874999999999996 0.4375 0.29874999999999996 0.42750000000000005
5 0.29375 0.4225 0.27875 0.4225 0.27875 0.43 0.29375 0.43 0.29375 0.4225
5 0.27625 0.4025 0.26625 0.4025 0.26625 0.41500000000000004 0.27625 0.41500000000000004 0.27625 0.4025
5 0.26125 0.37625000000000003 0.24874999999999997 0.37625000000000003 0.24874999999999997 0.39375 0.26125 0.39375 0.26125 0.37625000000000003
5 0.29375 0.4125 0.27625 0.4125 0.27625 0.42000000000000004 0.29375 0.42000000000000004 0.29375 0.4125
5 0.29125 0.40499999999999997 0.27625 0.40499999999999997 0.27625 0.4125 0.29125 0.4125 0.29125 0.40499999999999997
5 0.2875 0.3975 0.2725 0.3975 0.2725 0.40499999999999997 0.2875 0.40499999999999997 0.2875 0.3975
5 0.28375 0.38875000000000004 0.26875 0.38875000000000004 0.26875 0.39875 0.28375 0.39875 0.28375 0.38875000000000004
5 0.28125 0.3825 0.26625 0.3825 0.26625 0.39 0.28125 0.39 0.28125 0.3825
5 0.27875 0.375 0.26375000000000004 0.375 0.26375000000000004 0.3825 0.27875 0.3825 0.27875 0.375
5 0.275 0.36625 0.26 0.36625 0.26 0.37374999999999997 0.275 0.37374999999999997 0.275 0.36625
5 0.2725 0.36 0.2575 0.36 0.2575 0.3675 0.2725 0.3675 0.2725 0.36
5 0.27 0.35 0.2575 0.35 0.2575 0.35750000000000004 0.27 0.35750000000000004 0.27 0.35
5 0.26875 0.34375 0.25375000000000003 0.34375 0.25375000000000003 0.35125 0.26875 0.35125 0.26875 0.34375
5 0.26749999999999996 0.3375 0.25 0.3375 0.25 0.34500000000000003 0.26749999999999996 0.34500000000000003 0.26749999999999996 0.3375
5 0.2625 0.32875 0.25 0.32875 0.25 0.33625 0.2625 0.33625 0.2625 0.32875
5 0.2575 0.32 0.24500000000000002 0.32 0.24500000000000002 0.3275 0.2575 0.3275 0.2575 0.32
5 0.2525 0.3 0.2375 0.3 0.2375 0.31 0.2525 0.31 0.2525 0.3
5 0.255 0.31 0.24 0.31 0.24 0.32 0.255 0.32 0.255 0.31
5 0.24375 0.27999999999999997 0.22875 0.27999999999999997 0.22875 0.2875 0.24375 0.2875 0.24375 0.27999999999999997
5 0.2375 0.26625 0.225 0.26625 0.225 0.27375 0.2375 0.27375 0.2375 0.26625
5 0.23875000000000002 0.26 0.22125 0.26 0.22125 0.26749999999999996 0.23875000000000002 0.26749999999999996 0.23875000000000002 0.26
5 0.23625 0.2525 0.22125 0.2525 0.22125 0.26 0.23625 0.26 0.23625 0.2525
5 0.22999999999999998 0.24375 0.21749999999999997 0.24375 0.21749999999999997 0.25125000000000003 0.22999999999999998 0.25125000000000003 0.22999999999999998 0.24375
5 0.22875 0.23500000000000001 0.21375000000000002 0.23500000000000001 0.21375000000000002 0.24500000000000002 0.22875 0.24500000000000002 0.22875 0.23500000000000001
5 0.22625 0.22374999999999998 0.20875 0.22374999999999998 0.20875 0.23125 0.22625 0.23125 0.22625 0.22374999999999998
5 0.22000000000000003 0.21375000000000002 0.20750000000000002 0.21375000000000002 0.20750000000000002 0.22374999999999998 0.22000000000000003 0.22374999999999998 0.22000000000000003 0.21375000000000002
5 0.19875 0.19624999999999998 0.18875 0.19624999999999998 0.18875 0.21125 0.19875 0.21125 0.19875 0.19624999999999998
5 0.2125 0.18375 0.195 0.18375 0.195 0.19125 0.2125 0.19125 0.2125 0.18375
5 0.215 0.1925 0.2 0.1925 0.2 0.2 0.215 0.2 0.215 0.1925
5 0.20625 0.16999999999999998 0.19125 0.16999999999999998 0.19125 0.1775 0.20625 0.1775 0.20625 0.16999999999999998
5 0.20249999999999999 0.155 0.1875 0.155 0.1875 0.1625 0.20249999999999999 0.1625 0.20249999999999999 0.155
5 0.20249999999999999 0.1625 0.19 0.1625 0.19 0.16999999999999998 0.20249999999999999 0.16999999999999998 0.20249999999999999 0.1625
5 0.2 0.14625 0.185 0.14625 0.185 0.15625 0.2 0.15625 0.2 0.14625
5 0.1975 0.13625 0.1825 0.13625 0.1825 0.14875 0.1975 0.14875 0.1975 0.13625
5 0.19375 0.13125 0.18125 0.13125 0.18125 0.14125000000000001 0.19375 0.14125000000000001 0.19375 0.13125
5 0.195 0.12375 0.18 0.12375 0.18 0.13374999999999998 0.195 0.13374999999999998 0.195 0.12375
5 0.19 0.11625 0.1775 0.11625 0.1775 0.12375 0.19 0.12375 0.19 0.11625
5 0.185 0.1 0.16999999999999998 0.1 0.16999999999999998 0.1075 0.185 0.1075 0.185 0.1
5 0.1825 0.09375 0.1675 0.09375 0.1675 0.09875 0.1825 0.09875 0.1825 0.09375
5 0.16875 0.09 0.15625 0.09 0.15625 0.1075 0.16875 0.1075 0.16875 0.09
5 0.18125 0.08499999999999999 0.16625 0.08499999999999999 0.16625 0.0925 0.18125 0.0925 0.18125 0.08499999999999999
5 0.17625 0.12625 0.16875 0.12625 0.16875 0.13874999999999998 0.17625 0.13874999999999998 0.17625 0.12625
5 0.1775 0.0775 0.1625 0.0775 0.1625 0.08499999999999999 0.1775 0.08499999999999999 0.1775 0.0775
5 0.16 0.06625 0.15 0.06625 0.15 0.08125 0.16 0.08125 0.16 0.06625
5 0.17625 0.06999999999999999 0.16375 0.06999999999999999 0.16375 0.0775 0.17625 0.0775 0.17625 0.06999999999999999
5 0.17124999999999999 0.05625 0.15625 0.05625 0.15625 0.06375 0.17124999999999999 0.06375 0.17124999999999999 0.05625
5 0.16875 0.0475 0.15375 0.0475 0.15375 0.05500000000000001 0.16875 0.05500000000000001 0.16875 0.0475
5 0.15375 0.0475 0.14125000000000001 0.0475 0.14125000000000001 0.0625 0.15375 0.0625 0.15375 0.0475
5 0.16499999999999998 0.041249999999999995 0.15 0.041249999999999995 0.15 0.04625 0.16499999999999998 0.04625 0.16499999999999998 0.041249999999999995
5 0.135 0 0.135 0.005 0.15 0.005 0.15 0 0.135 0
5 0.95375 0.5725 0.93875 0.5725 0.93875 0.585 0.95375 0.585 0.95375 0.5725
5 0.9487500000000001 0.58375 0.93625 0.58375 0.93625 0.59375 0.9487500000000001 0.59375 0.9487500000000001 0.58375
5 0.9887499999999999 0.575 0.9737500000000001 0.575 0.9737500000000001 0.5925 0.9887499999999999 0.5925 0.9887499999999999 0.575
5 0.93875 0.5962500000000001 0.9262499999999999 0.5962500000000001 0.9262499999999999 0.60875 0.93875 0.60875 0.93875 0.5962500000000001
5 0.93125 0.6012500000000001 0.91875 0.6012500000000001 0.91875 0.61375 0.93125 0.61375 0.93125 0.6012500000000001
5 0.9275 0.60875 0.9125 0.60875 0.9125 0.6212500000000001 0.9275 0.6212500000000001 0.9275 0.60875
5 0.91875 0.615 0.90625 0.615 0.90625 0.6275000000000001 0.91875 0.6275000000000001 0.91875 0.615
5 0.915 0.6275000000000001 0.8949999999999999 0.6275000000000001 0.8949999999999999 0.635 0.915 0.635 0.915 0.6275000000000001
5 0.96 0.56375 0.945 0.56375 0.945 0.57875 0.96 0.57875 0.96 0.56375
5 0.9637499999999999 0.5549999999999999 0.9512499999999999 0.5549999999999999 0.9512499999999999 0.5675 0.9637499999999999 0.5675 0.9637499999999999 0.5549999999999999
5 0.9737500000000001 0.5475 0.95625 0.5475 0.95625 0.5625 0.9737500000000001 0.5625 0.9737500000000001 0.5475
5 1 0.54875 0.99 0.54875 0.99 0.56125 1 0.56125 1 0.54875
5 0.8975 0.645 0.8800000000000001 0.645 0.8800000000000001 0.6525000000000001 0.8975 0.6525000000000001 0.8975 0.645
5 0.88375 0.6537499999999999 0.86875 0.6537499999999999 0.86875 0.66875 0.88375 0.66875 0.88375 0.6537499999999999
5 0.905 0.66625 0.8925000000000001 0.66625 0.8925000000000001 0.6837500000000001 0.905 0.6837500000000001 0.905 0.66625
5 0.87625 0.6849999999999999 0.85875 0.6849999999999999 0.85875 0.7025 0.87625 0.7025 0.87625 0.6849999999999999
5 0.8275 0.7150000000000001 0.8150000000000001 0.7150000000000001 0.8150000000000001 0.735 0.8275 0.735 0.8275 0.7150000000000001
5 0.8162499999999999 0.7275 0.8087500000000001 0.7275 0.8087500000000001 0.74 0.8162499999999999 0.74 0.8162499999999999 0.7275
5 0.80625 0.7325 0.79875 0.7325 0.79875 0.75 0.80625 0.75 0.80625 0.7325
5 0.8 0.74125 0.79 0.74125 0.79 0.75875 0.8 0.75875 0.8 0.74125
5 0.8150000000000001 0.7525000000000001 0.7975 0.7525000000000001 0.7975 0.77 0.8150000000000001 0.77 0.8150000000000001 0.7525000000000001
5 0.8375 0.7262500000000001 0.8225 0.7262500000000001 0.8225 0.74375 0.8375 0.74375 0.8375 0.7262500000000001
5 0.7737499999999999 0.81125 0.76125 0.81125 0.76125 0.8262499999999999 0.7737499999999999 0.8262499999999999 0.7737499999999999 0.81125
5 0.7575000000000001 0.8074999999999999 0.7424999999999999 0.8074999999999999 0.7424999999999999 0.82 0.7575000000000001 0.82 0.7575000000000001 0.8074999999999999
5 0.76 0.8237500000000001 0.745 0.8237500000000001 0.745 0.8387499999999999 0.76 0.8387499999999999 0.76 0.8237500000000001
5 0.71875 0.8262499999999999 0.69875 0.8262499999999999 0.69875 0.83625 0.71875 0.83625 0.71875 0.8262499999999999
5 0.7424999999999999 0.84375 0.725 0.84375 0.725 0.85875 0.7424999999999999 0.85875 0.7424999999999999 0.84375
5 0.63375 0.7875 0.62375 0.7875 0.62375 0.8074999999999999 0.63375 0.8074999999999999 0.63375 0.7875
5 0.65625 0.7849999999999999 0.6487499999999999 0.7849999999999999 0.6487499999999999 0.8025 0.65625 0.8025 0.65625 0.7849999999999999
5 0.6587500000000001 0.76125 0.65125 0.76125 0.65125 0.7787499999999999 0.6587500000000001 0.7787499999999999 0.6587500000000001 0.76125
5 0.6487499999999999 0.7537499999999999 0.64125 0.7537499999999999 0.64125 0.77125 0.6487499999999999 0.77125 0.6487499999999999 0.7537499999999999
5 0.64625 0.7737499999999999 0.63875 0.7737499999999999 0.63875 0.79375 0.64625 0.79375 0.64625 0.7737499999999999
5 0.63875 0.74 0.63125 0.74 0.63125 0.755 0.63875 0.755 0.63875 0.74
5 0.6599999999999999 0.74125 0.6525000000000001 0.74125 0.6525000000000001 0.75625 0.6599999999999999 0.75625 0.6599999999999999 0.74125
5 0.6487499999999999 0.735 0.64125 0.735 0.64125 0.75 0.6487499999999999 0.75 0.6487499999999999 0.735
5 0.65125 0.67875 0.64375 0.67875 0.64375 0.69625 0.65125 0.69625 0.65125 0.67875
5 0.6537499999999999 0.705 0.63875 0.705 0.63875 0.7275 0.6537499999999999 0.7275 0.6537499999999999 0.705
5 0.61875 0.71 0.61125 0.71 0.61125 0.725 0.61875 0.725 0.61875 0.71
5 0.64625 0.6375 0.63625 0.6375 0.63625 0.655 0.64625 0.655 0.64625 0.6375
5 0.6212500000000001 0.64625 0.60625 0.64625 0.60625 0.66625 0.6212500000000001 0.66625 0.6212500000000001 0.64625
5 0.6875 0.5725 0.675 0.5725 0.675 0.595 0.6875 0.595 0.6875 0.5725
5 0.6675 0.5587500000000001 0.6599999999999999 0.5587500000000001 0.6599999999999999 0.57375 0.6675 0.57375 0.6675 0.5587500000000001
5 0.6837500000000001 0.53625 0.67375 0.53625 0.67375 0.55375 0.6837500000000001 0.55375 0.6837500000000001 0.53625
5 0.6075 0.5349999999999999 0.5974999999999999 0.5349999999999999 0.5974999999999999 0.5525 0.6075 0.5525 0.6075 0.5349999999999999
5 0.59875 0.49124999999999996 0.5912499999999999 0.49124999999999996 0.5912499999999999 0.50625 0.59875 0.50625 0.59875 0.49124999999999996
5 0.5862499999999999 0.5700000000000001 0.57875 0.5700000000000001 0.57875 0.5875 0.5862499999999999 0.5875 0.5862499999999999 0.5700000000000001
5 0.5725 0.2575 0.5625 0.2575 0.5625 0.275 0.5725 0.275 0.5725 0.2575
5 0.56375 0.23374999999999999 0.55375 0.23374999999999999 0.55375 0.25375000000000003 0.56375 0.25375000000000003 0.56375 0.23374999999999999
5 0.5912499999999999 0.38875000000000004 0.57875 0.38875000000000004 0.57875 0.41125 0.5912499999999999 0.41125 0.5912499999999999 0.38875000000000004
5 0.5575 0.5675 0.5425 0.5675 0.5425 0.5974999999999999 0.5575 0.5974999999999999 0.5575 0.5675
5 0.6825 0.39375 0.665 0.39375 0.665 0.40125 0.6825 0.40125 0.6825 0.39375
5 0.7 0.4 0.6825 0.4 0.6825 0.41 0.7 0.41 0.7 0.4
5 0.7 0.39249999999999996 0.6825 0.39249999999999996 0.6825 0.4 0.7 0.4 0.7 0.39249999999999996
5 0.7175 0.39249999999999996 0.7 0.39249999999999996 0.7 0.4025 0.7175 0.4025 0.7175 0.39249999999999996
5 0.71875 0.40125 0.70125 0.40125 0.70125 0.41125 0.71875 0.41125 0.71875 0.40125
5 0.73375 0.39375 0.71875 0.39375 0.71875 0.40374999999999994 0.73375 0.40374999999999994 0.73375 0.39375
5 0.73375 0.4025 0.71875 0.4025 0.71875 0.41 0.73375 0.41 0.73375 0.4025
5 0.75125 0.39249999999999996 0.73375 0.39249999999999996 0.73375 0.4025 0.75125 0.4025 0.75125 0.39249999999999996
5 0.7537499999999999 0.40374999999999994 0.73375 0.40374999999999994 0.73375 0.41375 0.7537499999999999 0.41375 0.7537499999999999 0.40374999999999994
5 0.86875 0.2925 0.8487500000000001 0.2925 0.8487500000000001 0.3075 0.86875 0.3075 0.86875 0.2925
5 0.85125 0.29625 0.83375 0.29625 0.83375 0.30874999999999997 0.85125 0.30874999999999997 0.85125 0.29625
5 0.8425 0.30375 0.8275 0.30375 0.8275 0.32375 0.8425 0.32375 0.8425 0.30375
5 0.85375 0.30874999999999997 0.8387499999999999 0.30874999999999997 0.8387499999999999 0.32625000000000004 0.85375 0.32625000000000004 0.85375 0.30874999999999997
5 0.84375 0.32375 0.83125 0.32375 0.83125 0.34125 0.84375 0.34125 0.84375 0.32375
5 0.865 0.3025 0.8525 0.3025 0.8525 0.3225 0.865 0.3225 0.865 0.3025
5 0.85625 0.31875 0.84375 0.31875 0.84375 0.33375 0.85625 0.33375 0.85625 0.31875
5 0.87375 0.31375000000000003 0.85375 0.31375000000000003 0.85375 0.33625 0.87375 0.33625 0.87375 0.31375000000000003
5 0.88125 0.32375 0.86625 0.32375 0.86625 0.33875 0.88125 0.33875 0.88125 0.32375
5 0.8675 0.335 0.8525 0.335 0.8525 0.3525 0.8675 0.3525 0.8675 0.335
5 0.85625 0.33625 0.8412499999999999 0.33625 0.8412499999999999 0.35625 0.85625 0.35625 0.85625 0.33625
5 0.88375 0.32875 0.86875 0.32875 0.86875 0.34875 0.88375 0.34875 0.88375 0.32875
5 0.88125 0.34249999999999997 0.86875 0.34249999999999997 0.86875 0.36 0.88125 0.36 0.88125 0.34249999999999997
5 0.8712500000000001 0.34375 0.85625 0.34375 0.85625 0.36124999999999996 0.8712500000000001 0.36124999999999996 0.8712500000000001 0.34375
5 0.8875 0.35125 0.8724999999999999 0.35125 0.8724999999999999 0.36875 0.8875 0.36875 0.8875 0.35125
5 0.89125 0.35875 0.87625 0.35875 0.87625 0.37875000000000003 0.89125 0.37875000000000003 0.89125 0.35875
5 0.8975 0.3675 0.8825 0.3675 0.8825 0.385 0.8975 0.385 0.8975 0.3675
5 0.9 0.33999999999999997 0.8875 0.33999999999999997 0.8875 0.35750000000000004 0.9 0.35750000000000004 0.9 0.33999999999999997
5 0.89125 0.38875000000000004 0.87375 0.38875000000000004 0.87375 0.40875000000000006 0.89125 0.40875000000000006 0.89125 0.38875000000000004
5 0.8975 0.39249999999999996 0.8825 0.39249999999999996 0.8825 0.41 0.8975 0.41 0.8975 0.39249999999999996
5 0.91875 0.32625000000000004 0.9012499999999999 0.32625000000000004 0.9012499999999999 0.34375 0.91875 0.34375 0.91875 0.32625000000000004
5 0.91375 0.33125 0.89375 0.33125 0.89375 0.35125 0.91375 0.35125 0.91375 0.33125
5 0.91875 0.27999999999999997 0.90625 0.27999999999999997 0.90625 0.3 0.91875 0.3 0.91875 0.27999999999999997
5 0.9275 0.28375 0.915 0.28375 0.915 0.30375 0.9275 0.30375 0.9275 0.28375
5 0.9225 0.3 0.9075 0.3 0.9075 0.3175 0.9225 0.3175 0.9225 0.3
5 0.93125 0.2975 0.91625 0.2975 0.91625 0.3175 0.93125 0.3175 0.93125 0.2975
5 0.94375 0.28625 0.92875 0.28625 0.92875 0.30625 0.94375 0.30625 0.94375 0.28625
5 0.93625 0.30375 0.92125 0.30375 0.92125 0.32125 0.93625 0.32125 0.93625 0.30375
5 0.9512499999999999 0.28875 0.93875 0.28875 0.93875 0.30625 0.9512499999999999 0.30625 0.9512499999999999 0.28875
5 0.945 0.3025 0.93 0.3025 0.93 0.3225 0.945 0.3225 0.945 0.3025
5 0.9675 0.29125 0.95 0.29125 0.95 0.31124999999999997 0.9675 0.31124999999999997 0.9675 0.29125
5 0.96 0.31 0.9475 0.31 0.9475 0.3275 0.96 0.3275 0.96 0.31
5 0.9737500000000001 0.2975 0.95875 0.2975 0.95875 0.3175 0.9737500000000001 0.3175 0.9737500000000001 0.2975
5 0.98375 0.2975 0.96875 0.2975 0.96875 0.3175 0.98375 0.3175 0.98375 0.2975
5 0.94625 0.3275 0.9262499999999999 0.3275 0.9262499999999999 0.34500000000000003 0.94625 0.34500000000000003 0.94625 0.3275
5 0.9400000000000001 0.3325 0.9199999999999999 0.3325 0.9199999999999999 0.35 0.9400000000000001 0.35 0.9400000000000001 0.3325
5 0.9324999999999999 0.3375 0.915 0.3375 0.915 0.355 0.9324999999999999 0.355 0.9324999999999999 0.3375
5 0.96125 0.3325 0.94375 0.3325 0.94375 0.34750000000000003 0.96125 0.34750000000000003 0.96125 0.3325
5 0.99875 0.2875 0.98375 0.2875 0.98375 0.3025 0.99875 0.3025 0.99875 0.2875
5 0.8625 0.21000000000000002 0.85 0.21000000000000002 0.85 0.2325 0.8625 0.2325 0.8625 0.21000000000000002
5 0.99375 0.5237499999999999 0.98375 0.5237499999999999 0.98375 0.5387500000000001 0.99375 0.5387500000000001 0.99375 0.5237499999999999
5 0.9887499999999999 0.5287499999999999 0.97625 0.5287499999999999 0.97625 0.54375 0.9887499999999999 0.54375 0.9887499999999999 0.5287499999999999
5 0.9800000000000001 0.5425 0.97 0.5425 0.97 0.55 0.9800000000000001 0.55 0.9800000000000001 0.5425
5 0.93625 0.89 0.9262499999999999 0.89 0.9262499999999999 0.9 0.93625 0.9 0.93625 0.89
5 0.96125 0.875 0.9487500000000001 0.875 0.9487500000000001 0.8875 0.96125 0.8875 0.96125 0.875
5 0.51625 0.8412499999999999 0.50125 0.8412499999999999 0.50125 0.85125 0.51625 0.85125 0.51625 0.8412499999999999
5 0.525 0.8574999999999999 0.51 0.8574999999999999 0.51 0.8675 0.525 0.8675 0.525 0.8574999999999999
5 0.28250000000000003 0.9512499999999999 0.2725 0.9512499999999999 0.2725 0.9662499999999999 0.28250000000000003 0.9662499999999999 0.28250000000000003 0.9512499999999999
5 0.48125 0.09875 0.46875 0.09875 0.46875 0.12375 0.48125 0.12375 0.48125 0.09875
5 0.48375 0.12125 0.46875 0.12125 0.46875 0.14875 0.48375 0.14875 0.48375 0.12125
5 0.48125 0.1625 0.46875 0.1625 0.46875 0.19 0.48125 0.19 0.48125 0.1625
5 0.5025000000000001 0.09875 0.49000000000000005 0.09875 0.49000000000000005 0.12375 0.5025000000000001 0.12375 0.5025000000000001 0.09875
5 0.505 0.1275 0.4925 0.1275 0.4925 0.1525 0.505 0.1525 0.505 0.1275
5 0.505 0.15375 0.4925 0.15375 0.4925 0.18125 0.505 0.18125 0.505 0.15375
5 0.5075000000000001 0.19125 0.495 0.19125 0.495 0.21875 0.5075000000000001 0.21875 0.5075000000000001 0.19125
5 0.5650000000000001 0.06875 0.5525 0.06875 0.5525 0.08875 0.5650000000000001 0.08875 0.5650000000000001 0.06875
5 0.67 0.09125 0.6575 0.09125 0.6575 0.11125 0.67 0.11125 0.67 0.09125
5 0.6775 0.0925 0.6675 0.0925 0.6675 0.1125 0.6775 0.1125 0.6775 0.0925
5 0.69875 0.0925 0.68625 0.0925 0.68625 0.11499999999999999 0.69875 0.11499999999999999 0.69875 0.0925
5 0.7150000000000001 0.09125 0.705 0.09125 0.705 0.11125 0.7150000000000001 0.11125 0.7150000000000001 0.09125
5 0.7424999999999999 0.09125 0.7325 0.09125 0.7325 0.11125 0.7424999999999999 0.11125 0.7424999999999999 0.09125
5 0.72375 0.09375 0.71375 0.09375 0.71375 0.11374999999999999 0.72375 0.11374999999999999 0.72375 0.09375
5 0.76 0.095 0.75 0.095 0.75 0.11000000000000001 0.76 0.11000000000000001 0.76 0.095
5 0.76875 0.095 0.75875 0.095 0.75875 0.1125 0.76875 0.1125 0.76875 0.095
5 0.7787499999999999 0.0925 0.76875 0.0925 0.76875 0.1125 0.7787499999999999 0.1125 0.7787499999999999 0.0925
5 0.7825 0.09375 0.775 0.09375 0.775 0.11125 0.7825 0.11125 0.7825 0.09375
5 0.79125 0.095 0.7787499999999999 0.095 0.7787499999999999 0.11499999999999999 0.79125 0.11499999999999999 0.79125 0.095
5 0.8012499999999999 0.09625 0.7887500000000001 0.09625 0.7887500000000001 0.11374999999999999 0.8012499999999999 0.11374999999999999 0.8012499999999999 0.09625
5 0.82125 0.095 0.81125 0.095 0.81125 0.1125 0.82125 0.1125 0.82125 0.095
5 0.83125 0.0925 0.81875 0.0925 0.81875 0.11499999999999999 0.83125 0.11499999999999999 0.83125 0.0925
5 0.8387499999999999 0.095 0.82875 0.095 0.82875 0.11499999999999999 0.8387499999999999 0.11499999999999999 0.8387499999999999 0.095
5 0.8487500000000001 0.095 0.83625 0.095 0.83625 0.11499999999999999 0.8487500000000001 0.11499999999999999 0.8487500000000001 0.095
5 0.73375 0.095 0.72375 0.095 0.72375 0.1125 0.73375 0.1125 0.73375 0.095
5 0.76375 0.11625 0.74375 0.11625 0.74375 0.12375 0.76375 0.12375 0.76375 0.11625
5 0.78625 0.11374999999999999 0.76875 0.11374999999999999 0.76875 0.12625 0.78625 0.12625 0.78625 0.11374999999999999
5 0.88125 0.0925 0.86625 0.0925 0.86625 0.11499999999999999 0.88125 0.11499999999999999 0.88125 0.0925
5 0.89625 0.11499999999999999 0.87625 0.11499999999999999 0.87625 0.125 0.89625 0.125 0.89625 0.11499999999999999
5 0.89625 0.09375 0.88375 0.09375 0.88375 0.10874999999999999 0.89625 0.10874999999999999 0.89625 0.09375
5 0.9550000000000001 0.1125 0.9324999999999999 0.1125 0.9324999999999999 0.12250000000000001 0.9550000000000001 0.12250000000000001 0.9550000000000001 0.1125
5 0.83625 0.13 0.81875 0.13 0.81875 0.1375 0.83625 0.1375 0.83625 0.13
5 0.9324999999999999 0.10500000000000001 0.9099999999999999 0.10500000000000001 0.9099999999999999 0.11499999999999999 0.9324999999999999 0.11499999999999999 0.9324999999999999 0.10500000000000001
5 0.9112500000000001 0.10500000000000001 0.89625 0.10500000000000001 0.89625 0.11499999999999999 0.9112500000000001 0.11499999999999999 0.9112500000000001 0.10500000000000001
5 0.9512499999999999 0.10500000000000001 0.93125 0.10500000000000001 0.93125 0.11499999999999999 0.9512499999999999 0.11499999999999999 0.9512499999999999 0.10500000000000001
5 0.9949999999999999 0.11000000000000001 0.9650000000000001 0.11000000000000001 0.9650000000000001 0.12 0.9949999999999999 0.12 0.9949999999999999 0.11000000000000001
5 0.99125 0.09375 0.97875 0.09375 0.97875 0.10874999999999999 0.99125 0.10874999999999999 0.99125 0.09375
5 0.4725 0.8150000000000001 0.45 0.8150000000000001 0.45 0.835 0.4725 0.835 0.4725 0.8150000000000001
5 0.49874999999999997 0.82875 0.46875 0.82875 0.46875 0.84375 0.49874999999999997 0.84375 0.49874999999999997 0.82875
5 0.50875 0.8474999999999999 0.48875 0.8474999999999999 0.48875 0.86 0.50875 0.86 0.50875 0.8474999999999999
5 0.48624999999999996 0.8412499999999999 0.46875 0.8412499999999999 0.46875 0.85375 0.48624999999999996 0.85375 0.48624999999999996 0.8412499999999999
5 0.08375 0.052500000000000005 0.06625 0.052500000000000005 0.06625 0.065 0.08375 0.065 0.08375 0.052500000000000005
5 0.08375 0.06 0.06625 0.06 0.06625 0.06999999999999999 0.08375 0.06999999999999999 0.08375 0.06
5 0.09125 0.05125 0.08125 0.05125 0.08125 0.06625 0.09125 0.06625 0.09125 0.05125
5 0.08499999999999999 0.07625 0.0675 0.07625 0.0675 0.08875 0.08499999999999999 0.08875 0.08499999999999999 0.07625
5 0.0925 0.09125 0.075 0.09125 0.075 0.10375000000000001 0.0925 0.10375000000000001 0.0925 0.09125
5 0.09625 0.09875 0.07875 0.09875 0.07875 0.11125 0.09625 0.11125 0.09625 0.09875
5 0.10124999999999999 0.11875 0.08375 0.11875 0.08375 0.13125 0.10124999999999999 0.13125 0.10124999999999999 0.11875
5 0.10500000000000001 0.1275 0.08499999999999999 0.1275 0.08499999999999999 0.13999999999999999 0.10500000000000001 0.13999999999999999 0.10500000000000001 0.1275
5 0.1075 0.135 0.09 0.135 0.09 0.14750000000000002 0.1075 0.14750000000000002 0.1075 0.135
5 0.10874999999999999 0.145 0.08875 0.145 0.08875 0.1575 0.10874999999999999 0.1575 0.10874999999999999 0.145
5 0.12375 0.16625 0.11374999999999999 0.16625 0.11374999999999999 0.18125 0.12375 0.18125 0.12375 0.16625
5 0.1325 0.18 0.1125 0.18 0.1125 0.1925 0.1325 0.1925 0.1325 0.18
5 0.1125 0.1875 0.0975 0.1875 0.0975 0.1975 0.1125 0.1975 0.1125 0.1875
5 0.11625 0.195 0.10124999999999999 0.195 0.10124999999999999 0.205 0.11625 0.205 0.11625 0.195
5 0.12375 0.2 0.10625 0.2 0.10625 0.2125 0.12375 0.2125 0.12375 0.2
5 0.12625 0.21000000000000002 0.10375000000000001 0.21000000000000002 0.10375000000000001 0.225 0.12625 0.225 0.12625 0.21000000000000002
5 0.12875 0.22000000000000003 0.11125 0.22000000000000003 0.11125 0.22999999999999998 0.12875 0.22999999999999998 0.12875 0.22000000000000003
5 0.13125 0.22625 0.11374999999999999 0.22625 0.11374999999999999 0.23875000000000002 0.13125 0.23875000000000002 0.13125 0.22625
5 0.1375 0.23500000000000001 0.11750000000000001 0.23500000000000001 0.11750000000000001 0.25 0.1375 0.25 0.1375 0.23500000000000001
5 0.14125000000000001 0.20625 0.13125 0.20625 0.13125 0.22125 0.14125000000000001 0.22125 0.14125000000000001 0.20625
5 0.135 0.19 0.125 0.19 0.125 0.205 0.135 0.205 0.135 0.19
5 0.14750000000000002 0.19 0.135 0.19 0.135 0.20750000000000002 0.14750000000000002 0.20750000000000002 0.14750000000000002 0.19
5 0.14750000000000002 0.2225 0.135 0.2225 0.135 0.24 0.14750000000000002 0.24 0.14750000000000002 0.2225
5 0.18625 0.205 0.17625 0.205 0.17625 0.2225 0.18625 0.2225 0.18625 0.205
5 0.14875 0.27 0.13125 0.27 0.13125 0.28500000000000003 0.14875 0.28500000000000003 0.14875 0.27
5 0.13374999999999998 0.27749999999999997 0.11374999999999999 0.27749999999999997 0.11374999999999999 0.29 0.13374999999999998 0.29 0.13374999999999998 0.27749999999999997
5 0.12125 0.27 0.10375000000000001 0.27 0.10375000000000001 0.28250000000000003 0.12125 0.28250000000000003 0.12125 0.27
5 0.1025 0.27749999999999997 0.08499999999999999 0.27749999999999997 0.08499999999999999 0.29 0.1025 0.29 0.1025 0.27749999999999997
5 0.08 0.27625 0.057499999999999996 0.27625 0.057499999999999996 0.28875 0.08 0.28875 0.08 0.27625
5 0.1125 0.28375 0.095 0.28375 0.095 0.29625 0.1125 0.29625 0.1125 0.28375
5 0.09625 0.29125 0.07875 0.29125 0.07875 0.30375 0.09625 0.30375 0.09625 0.29125
5 0.08125 0.29874999999999996 0.061250000000000006 0.29874999999999996 0.061250000000000006 0.30874999999999997 0.08125 0.30874999999999997 0.08125 0.29874999999999996
5 0.0475 0.31 0.027500000000000004 0.31 0.027500000000000004 0.3225 0.0475 0.3225 0.0475 0.31
5 0.027500000000000004 0.3175 0.01 0.3175 0.01 0.32999999999999996 0.027500000000000004 0.32999999999999996 0.027500000000000004 0.3175
5 0.1675 0.3025 0.1525 0.3025 0.1525 0.315 0.1675 0.315 0.1675 0.3025
5 0.175 0.30625 0.155 0.30625 0.155 0.32125 0.175 0.32125 0.175 0.30625
5 0.1775 0.31375000000000003 0.1575 0.31375000000000003 0.1575 0.32625000000000004 0.1775 0.32625000000000004 0.1775 0.31375000000000003
5 0.17875000000000002 0.32125 0.16125 0.32125 0.16125 0.33125 0.17875000000000002 0.33125 0.17875000000000002 0.32125
5 0.18125 0.32875 0.16375 0.32875 0.16375 0.34125 0.18125 0.34125 0.18125 0.32875
5 0.18375 0.33625 0.16625 0.33625 0.16625 0.34625 0.18375 0.34625 0.18375 0.33625
5 0.1875 0.34375 0.16999999999999998 0.34375 0.16999999999999998 0.35375 0.1875 0.35375 0.1875 0.34375
5 0.1875 0.35 0.17250000000000001 0.35 0.17250000000000001 0.36 0.1875 0.36 0.1875 0.35
5 0.19375 0.36 0.17625 0.36 0.17625 0.3725 0.19375 0.3725 0.19375 0.36
5 0.19624999999999998 0.3725 0.17875000000000002 0.3725 0.17875000000000002 0.3825 0.19624999999999998 0.3825 0.19624999999999998 0.3725
5 0.1975 0.37875000000000003 0.1825 0.37875000000000003 0.1825 0.39125 0.1975 0.39125 0.1975 0.37875000000000003
5 0.2 0.39249999999999996 0.185 0.39249999999999996 0.185 0.4 0.2 0.4 0.2 0.39249999999999996
5 0.21625 0.4125 0.20375000000000001 0.4125 0.20375000000000001 0.43499999999999994 0.21625 0.43499999999999994 0.21625 0.4125
5 0.205 0.4325 0.1875 0.4325 0.1875 0.445 0.205 0.445 0.205 0.4325
5 0.19 0.44000000000000006 0.17250000000000001 0.44000000000000006 0.17250000000000001 0.45499999999999996 0.19 0.45499999999999996 0.19 0.44000000000000006
5 0.24125000000000002 0.43875000000000003 0.22374999999999998 0.43875000000000003 0.22374999999999998 0.46375 0.24125000000000002 0.46375 0.24125000000000002 0.43875000000000003
5 0.24625 0.5175 0.23125 0.5175 0.23125 0.53 0.24625 0.53 0.24625 0.5175
5 0.24874999999999997 0.52625 0.23374999999999999 0.52625 0.23374999999999999 0.5387500000000001 0.24874999999999997 0.5387500000000001 0.24874999999999997 0.52625
5 0.24125000000000002 0.4925 0.22374999999999998 0.4925 0.22374999999999998 0.505 0.24125000000000002 0.505 0.24125000000000002 0.4925
5 0.23625 0.4875 0.22125 0.4875 0.22125 0.49749999999999994 0.23625 0.49749999999999994 0.23625 0.4875
5 0.2325 0.47125000000000006 0.215 0.47125000000000006 0.215 0.48375 0.2325 0.48375 0.2325 0.47125000000000006
5 0.06999999999999999 0.35625 0.045 0.35625 0.045 0.39625 0.06999999999999999 0.39625 0.06999999999999999 0.35625
5 0.05125 0.335 0.028749999999999998 0.335 0.028749999999999998 0.34750000000000003 0.05125 0.34750000000000003 0.05125 0.335
5 0.3625 0.59375 0.34750000000000003 0.59375 0.34750000000000003 0.60625 0.3625 0.60625 0.3625 0.59375
5 0.39625 0.67125 0.37374999999999997 0.67125 0.37374999999999997 0.6837500000000001 0.39625 0.6837500000000001 0.39625 0.67125
5 0.39375 0.6825 0.37625000000000003 0.6825 0.37625000000000003 0.6925 0.39375 0.6925 0.39375 0.6825
5 0.37124999999999997 0.6775 0.35375 0.6775 0.35375 0.7175 0.37124999999999997 0.7175 0.37124999999999997 0.6775
5 0.395 0.7325 0.3675 0.7325 0.3675 0.765 0.395 0.765 0.395 0.7325
5 0.42625 0.7525000000000001 0.40625 0.7525000000000001 0.40625 0.7625 0.42625 0.7625 0.42625 0.7525000000000001
5 0.42750000000000005 0.75875 0.41 0.75875 0.41 0.77125 0.42750000000000005 0.77125 0.42750000000000005 0.75875
5 0.43375 0.765 0.41624999999999995 0.765 0.41624999999999995 0.775 0.43375 0.775 0.43375 0.765
5 0.43875000000000003 0.7725 0.42125 0.7725 0.42125 0.7825 0.43875000000000003 0.7825 0.43875000000000003 0.7725
5 0.55 0.495 0.5325 0.495 0.5325 0.5375 0.55 0.5375 0.55 0.495
5 0.54125 0.12375 0.5237499999999999 0.12375 0.5237499999999999 0.16125 0.54125 0.16125 0.54125 0.12375
5 0.5475 0.16499999999999998 0.5275000000000001 0.16499999999999998 0.5275000000000001 0.205 0.5475 0.205 0.5475 0.16499999999999998
5 0.54625 0.20249999999999999 0.53125 0.20249999999999999 0.53125 0.24 0.54625 0.24 0.54625 0.20249999999999999
5 0.55 0.24125000000000002 0.5349999999999999 0.24125000000000002 0.5349999999999999 0.27875 0.55 0.27875 0.55 0.24125000000000002
5 0.5549999999999999 0.27999999999999997 0.5375 0.27999999999999997 0.5375 0.3175 0.5549999999999999 0.3175 0.5549999999999999 0.27999999999999997
5 0.5587500000000001 0.31625000000000003 0.54125 0.31625000000000003 0.54125 0.35625 0.5587500000000001 0.35625 0.5587500000000001 0.31625000000000003
5 0.5725 0.32 0.5575 0.32 0.5575 0.35 0.5725 0.35 0.5725 0.32
5 0.5225 0.3025 0.5075000000000001 0.3025 0.5075000000000001 0.3375 0.5225 0.3375 0.5225 0.3025
5 0.5287499999999999 0.34125 0.51125 0.34125 0.51125 0.38125 0.5287499999999999 0.38125 0.5287499999999999 0.34125
5 0.53625 0.3825 0.51875 0.3825 0.51875 0.4125 0.53625 0.4125 0.53625 0.3825
5 0.5175 0.25625 0.5025000000000001 0.25625 0.5025000000000001 0.28375 0.5175 0.28375 0.5175 0.25625
5 0.5037499999999999 0.26 0.49124999999999996 0.26 0.49124999999999996 0.29 0.5037499999999999 0.29 0.5037499999999999 0.26
5 0.315 0.94375 0.3 0.94375 0.3 0.95375 0.315 0.95375 0.315 0.94375
5 0.29874999999999996 0.9475 0.28875 0.9475 0.28875 0.96 0.29874999999999996 0.96 0.29874999999999996 0.9475
5 0.027500000000000004 0.54875 0.01 0.54875 0.01 0.56375 0.027500000000000004 0.56375 0.027500000000000004 0.54875
5 0.3075 0.44375 0.2875 0.44375 0.2875 0.45625 0.3075 0.45625 0.3075 0.44375
5 0.14375 0.02375 0.13125 0.02375 0.13125 0.041249999999999995 0.14375 0.041249999999999995 0.14375 0.02375
5 0.17375000000000002 0.0625 0.15625 0.0625 0.15625 0.0725 0.17375000000000002 0.0725 0.17375000000000002 0.0625
5 0.19125 0.10625 0.17124999999999999 0.10625 0.17124999999999999 0.11625 0.19125 0.11625 0.19125 0.10625
5 0.15875 0.0075 0.13625 0.0075 0.13625 0.025 0.15875 0.025 0.15875 0.0075
5 0.16999999999999998 0.01875 0.15 0.01875 0.15 0.03125 0.16999999999999998 0.03125 0.16999999999999998 0.01875
5 0.3125 0.495 0.3 0.495 0.3 0.5125 0.3125 0.5125 0.3125 0.495
5 0.335 0.55125 0.3175 0.55125 0.3175 0.56875 0.335 0.56875 0.335 0.55125
5 0.40499999999999997 0.70875 0.3825 0.70875 0.3825 0.72375 0.40499999999999997 0.72375 0.40499999999999997 0.70875
5 0.15 0.29 0.13 0.29 0.13 0.3025 0.15 0.3025 0.15 0.29
5 0.19125 0.475 0.17625 0.475 0.17625 0.4925 0.19125 0.4925 0.19125 0.475
5 0.28375 0.5549999999999999 0.27125 0.5549999999999999 0.27125 0.575 0.28375 0.575 0.28375 0.5549999999999999
5 0.3175 0.705 0.2975 0.705 0.2975 0.7175 0.3175 0.7175 0.3175 0.705
5 0.58375 0 0.58375 0.01125 0.5912499999999999 0.01125 0.5912499999999999 0 0.58375 0
5 0.8862500000000001 0.12875 0.87375 0.12875 0.87375 0.13625 0.8862500000000001 0.13625 0.8862500000000001 0.12875