5 1 0.9862500000000001 0.99 0.9862500000000001 0.99 0.99875 1 0.99875 1 0.9862500000000001
5 0.45125000000000004 0.9337500000000001 0.38125 0.9337500000000001 0.38125 0.99875 0.45125000000000004 0.99875 0.45125000000000004 0.9337500000000001
5 0.9712500000000001 0.975 0.9637499999999999 0.975 0.9637499999999999 0.9875 0.9712500000000001 0.9875 0.9712500000000001 0.975
5 0.8775000000000001 0.465 0.8150000000000001 0.465 0.8150000000000001 0.5225 0.8775000000000001 0.5225 0.8775000000000001 0.465
5 0.9962500000000001 0.675 0.9862500000000001 0.675 0.9862500000000001 0.6849999999999999 0.9962500000000001 0.6849999999999999 0.9962500000000001 0.675
5 0.9337500000000001 0.26875 0.91625 0.26875 0.91625 0.28375 0.9337500000000001 0.28375 0.9337500000000001 0.26875
5 0.9012499999999999 0.3325 0.88375 0.3325 0.88375 0.35 0.9012499999999999 0.35 0.9012499999999999 0.3325
5 0.9199999999999999 0.96125 0.9 0.96125 0.9 0.9737500000000001 0.9199999999999999 0.9737500000000001 0.9199999999999999 0.96125
5 0.9412499999999999 0.9037499999999999 0.9262499999999999 0.9037499999999999 0.9262499999999999 0.91375 0.9412499999999999 0.91375 0.9412499999999999 0.9037499999999999
5 0.95625 0.8637499999999999 0.9412499999999999 0.8637499999999999 0.9412499999999999 0.8712500000000001 0.95625 0.8712500000000001 0.95625 0.8637499999999999
5 0.9862500000000001 0.9800000000000001 0.97625 0.9800000000000001 0.97625 0.9949999999999999 0.9862500000000001 0.9949999999999999 0.9862500000000001 0.9800000000000001
5 0.9800000000000001 0.9775 0.97 0.9775 0.97 0.99 0.9800000000000001 0.99 0.9800000000000001 0.9775
5 0.20375000000000001 0.5725 0.18875 0.5725 0.18875 0.585 0.20375000000000001 0.585 0.20375000000000001 0.5725
5 0.19875 0.58375 0.18625 0.58375 0.18625 0.59375 0.19875 0.59375 0.19875 0.58375
5 0.23875000000000002 0.575 0.22374999999999998 0.575 0.22374999999999998 0.5925 0.23875000000000002 0.5925 0.23875000000000002 0.575
5 0.18875 0.5962500000000001 0.17625 0.5962500000000001 0.17625 0.60875 0.18875 0.60875 0.18875 0.5962500000000001
5 0.18125 0.6012500000000001 0.16875 0.6012500000000001 0.16875 0.61375 0.18125 0.61375 0.18125 0.6012500000000001
5 0.1775 0.60875 0.1625 0.60875 0.1625 0.6212500000000001 0.1775 0.6212500000000001 0.1775 0.60875
5 0.16875 0.615 0.15625 0.615 0.15625 0.6275000000000001 0.16875 0.6275000000000001 0.16875 0.615
5 0.16499999999999998 0.6275000000000001 0.145 0.6275000000000001 0.145 0.635 0.16499999999999998 0.635 0.16499999999999998 0.6275000000000001
5 0.21000000000000002 0.56375 0.195 0.56375 0.195 0.57875 0.21000000000000002 0.57875 0.21000000000000002 0.56375
5 0.21375000000000002 0.5549999999999999 0.20125 0.5549999999999999 0.20125 0.5675 0.21375000000000002 0.5675 0.21375000000000002 0.5549999999999999
5 0.22374999999999998 0.5475 0.20625 0.5475 0.20625 0.5625 0.22374999999999998 0.5625 0.22374999999999998 0.5475
5 0.2525 0.54875 0.24 0.54875 0.24 0.56125 0.2525 0.56125 0.2525 0.54875
5 0.14750000000000002 0.645 0.13 0.645 0.13 0.6525000000000001 0.14750000000000002 0.6525000000000001 0.14750000000000002 0.645
5 0.13374999999999998 0.6537499999999999 0.11875 0.6537499999999999 0.11875 0.66875 0.13374999999999998 0.66875 0.13374999999999998 0.6537499999999999
5 0.155 0.66625 0.14250000000000002 0.66625 0.14250000000000002 0.6837500000000001 0.155 0.6837500000000001 0.155 0.66625
5 0.12625 0.6849999999999999 0.10874999999999999 0.6849999999999999 0.10874999999999999 0.7025 0.12625 0.7025 0.12625 0.6849999999999999
5 0.0775 0.7150000000000001 0.065 0.7150000000000001 0.065 0.735 0.0775 0.735 0.0775 0.7150000000000001
5 0.06625 0.7275 0.058750000000000004 0.7275 0.058750000000000004 0.74 0.06625 0.74 0.06625 0.7275
5 0.05625 0.7325 0.04875 0.7325 0.04875 0.75 0.05625 0.75 0.05625 0.7325
5 0.05 0.74125 0.04 0.74125 0.04 0.75875 0.05 0.75875 0.05 0.74125
5 0.065 0.7525000000000001 0.0475 0.7525000000000001 0.0475 0.77 0.065 0.77 0.065 0.7525000000000001
5 0.0875 0.7262500000000001 0.0725 0.7262500000000001 0.0725 0.74375 0.0875 0.74375 0.0875 0.7262500000000001
5 0.02375 0.81125 0.01125 0.81125 0.01125 0.8262499999999999 0.02375 0.8262499999999999 0.02375 0.81125
5 0 0.82 0.0075 0.82 0.0075 0.8074999999999999 0 0.8074999999999999 0 0.82
5 0 0.8387499999999999 0.01 0.8387499999999999 0.01 0.8237500000000001 0 0.8237500000000001 0 0.8387499999999999
5 0.5349999999999999 0.2325 0.5175 0.2325 0.5175 0.25 0.5349999999999999 0.25 0.5349999999999999 0.2325
5 0.50125 0.23500000000000001 0.48125 0.23500000000000001 0.48125 0.2525 0.50125 0.2525 0.50125 0.23500000000000001
5 0.495 0.2425 0.47750000000000004 0.2425 0.47750000000000004 0.26 0.495 0.26 0.495 0.2425
5 1 0.38375 0.94625 0.38375 0.94625 0.44625000000000004 1 0.44625000000000004 1 0.38375
5 0.64125 0.7224999999999999 0.57875 0.7224999999999999 0.57875 0.7825 0.64125 0.7825 0.64125 0.7224999999999999
5 0.11875 0.2925 0.09875 0.2925 0.09875 0.3075 0.11875 0.3075 0.11875 0.2925
5 0.10124999999999999 0.29625 0.08375 0.29625 0.08375 0.30874999999999997 0.10124999999999999 0.30874999999999997 0.10124999999999999 0.29625
5 0.0925 0.30375 0.0775 0.30375 0.0775 0.32375 0.0925 0.32375 0.0925 0.30375
5 0.10375000000000001 0.30874999999999997 0.08875 0.30874999999999997 0.08875 0.32625000000000004 0.10375000000000001 0.32625000000000004 0.10375000000000001 0.30874999999999997
5 0.09375 0.32375 0.08125 0.32375 0.08125 0.34125 0.09375 0.34125 0.09375 0.32375
5 0.11499999999999999 0.3025 0.1025 0.3025 0.1025 0.3225 0.11499999999999999 0.3225 0.11499999999999999 0.3025
5 0.10625 0.31875 0.09375 0.31875 0.09375 0.33375 0.10625 0.33375 0.10625 0.31875
5 0.12375 0.31375000000000003 0.10375000000000001 0.31375000000000003 0.10375000000000001 0.33625 0.12375 0.33625 0.12375 0.31375000000000003
5 0.13125 0.32375 0.11625 0.32375 0.11625 0.33875 0.13125 0.33875 0.13125 0.32375
5 0.11750000000000001 0.335 0.1025 0.335 0.1025 0.3525 0.11750000000000001 0.3525 0.11750000000000001 0.335
5 0.10625 0.33625 0.09125 0.33625 0.09125 0.35625 0.10625 0.35625 0.10625 0.33625
5 0.13374999999999998 0.32875 0.11875 0.32875 0.11875 0.34875 0.13374999999999998 0.34875 0.13374999999999998 0.32875
5 0.13125 0.34249999999999997 0.11875 0.34249999999999997 0.11875 0.36 0.13125 0.36 0.13125 0.34249999999999997
5 0.12125 0.34375 0.10625 0.34375 0.10625 0.36124999999999996 0.12125 0.36124999999999996 0.12125 0.34375
5 0.1375 0.35125 0.12250000000000001 0.35125 0.12250000000000001 0.36875 0.1375 0.36875 0.1375 0.35125
5 0.14125000000000001 0.35875 0.12625 0.35875 0.12625 0.37875000000000003 0.14125000000000001 0.37875000000000003 0.14125000000000001 0.35875
5 0.14750000000000002 0.3675 0.1325 0.3675 0.1325 0.385 0.14750000000000002 0.385 0.14750000000000002 0.3675
5 0.15 0.33999999999999997 0.1375 0.33999999999999997 0.1375 0.35750000000000004 0.15 0.35750000000000004 0.15 0.33999999999999997
5 0.14125000000000001 0.38875000000000004 0.12375 0.38875000000000004 0.12375 0.40875000000000006 0.14125000000000001 0.40875000000000006 0.14125000000000001 0.38875000000000004
5 0.14750000000000002 0.39249999999999996 0.1325 0.39249999999999996 0.1325 0.41 0.14750000000000002 0.41 0.14750000000000002 0.39249999999999996
5 0.16875 0.32625000000000004 0.15125 0.32625000000000004 0.15125 0.34375 0.16875 0.34375 0.16875 0.32625000000000004
5 0.16375 0.33125 0.14375 0.33125 0.14375 0.35125 0.16375 0.35125 0.16375 0.33125
5 0.16875 0.27999999999999997 0.15625 0.27999999999999997 0.15625 0.3 0.16875 0.3 0.16875 0.27999999999999997
5 0.1775 0.28375 0.16499999999999998 0.28375 0.16499999999999998 0.30375 0.1775 0.30375 0.1775 0.28375
5 0.17250000000000001 0.3 0.1575 0.3 0.1575 0.3175 0.17250000000000001 0.3175 0.17250000000000001 0.3
5 0.18125 0.2975 0.16625 0.2975 0.16625 0.3175 0.18125 0.3175 0.18125 0.2975
5 0.19375 0.28625 0.17875000000000002 0.28625 0.17875000000000002 0.30625 0.19375 0.30625 0.19375 0.28625
5 0.18625 0.30375 0.17124999999999999 0.30375 0.17124999999999999 0.32125 0.18625 0.32125 0.18625 0.30375
5 0.20125 0.28875 0.18875 0.28875 0.18875 0.30625 0.20125 0.30625 0.20125 0.28875
5 0.195 0.3025 0.18 0.3025 0.18 0.3225 0.195 0.3225 0.195 0.3025
5 0.21749999999999997 0.29125 0.2 0.29125 0.2 0.31124999999999997 0.21749999999999997 0.31124999999999997 0.21749999999999997 0.29125
5 0.21000000000000002 0.31 0.1975 0.31 0.1975 0.3275 0.21000000000000002 0.3275 0.21000000000000002 0.31
5 0.22374999999999998 0.2975 0.20875 0.2975 0.20875 0.3175 0.22374999999999998 0.3175 0.22374999999999998 0.2975
5 0.23374999999999999 0.2975 0.21875 0.2975 0.21875 0.3175 0.23374999999999999 0.3175 0.23374999999999999 0.2975
5 0.19624999999999998 0.3275 0.17625 0.3275 0.17625 0.34500000000000003 0.19624999999999998 0.34500000000000003 0.19624999999999998 0.3275
5 0.19 0.3325 0.16999999999999998 0.3325 0.16999999999999998 0.35 0.19 0.35 0.19 0.3325
5 0.1825 0.3375 0.16499999999999998 0.3375 0.16499999999999998 0.355 0.1825 0.355 0.1825 0.3375
5 0.21125 0.3325 0.19375 0.3325 0.19375 0.34750000000000003 0.21125 0.34750000000000003 0.21125 0.3325
5 0.24874999999999997 0.2875 0.23374999999999999 0.2875 0.23374999999999999 0.3025 0.24874999999999997 0.3025 0.24874999999999997 0.2875
5 0.26125 0.2725 0.24625 0.2725 0.24625 0.29 0.26125 0.29 0.26125 0.2725
5 0.27 0.27875 0.2525 0.27875 0.2525 0.29375 0.27 0.29375 0.27 0.27875
5 0.2725 0.28375 0.26 0.28375 0.26 0.29874999999999996 0.2725 0.29874999999999996 0.2725 0.28375
5 0.1125 0.21000000000000002 0.1 0.21000000000000002 0.1 0.2325 0.1125 0.2325 0.1125 0.21000000000000002
5 0.50125 0.30125 0.48624999999999996 0.30125 0.48624999999999996 0.31625000000000003 0.50125 0.31625000000000003 0.50125 0.30125
5 0.48125 0.33625 0.46624999999999994 0.33625 0.46624999999999994 0.35125 0.48125 0.35125 0.48125 0.33625
5 0.475 0.34125 0.4575 0.34125 0.4575 0.35875 0.475 0.35875 0.475 0.34125
5 0.4625 0.35875 0.445 0.35875 0.445 0.37374999999999997 0.4625 0.37374999999999997 0.4625 0.35875
5 0.48125 0.10874999999999999 0.46125 0.10874999999999999 0.46125 0.11875 0.48125 0.11875 0.48125 0.10874999999999999
5 0.46375 0.1075 0.44375 0.1075 0.44375 0.11750000000000001 0.46375 0.11750000000000001 0.46375 0.1075
5 0.445 0.1075 0.42750000000000005 0.1075 0.42750000000000005 0.11750000000000001 0.445 0.11750000000000001 0.445 0.1075
5 0.35875 0.09625 0.34875 0.09625 0.34875 0.11374999999999999 0.35875 0.11374999999999999 0.35875 0.09625
5 0.39375 0.09625 0.38125 0.09625 0.38125 0.11374999999999999 0.39375 0.11374999999999999 0.39375 0.09625
5 0.40625 0.095 0.39625 0.095 0.39625 0.11499999999999999 0.40625 0.11499999999999999 0.40625 0.095
5 0.42625 0.10625 0.40625 0.10625 0.40625 0.11875 0.42625 0.11875 0.42625 0.10625
5 0.98125 0.005 0.9662499999999999 0.005 0.9662499999999999 0.02 0.98125 0.02 0.98125 0.005
5 0.9887499999999999 0.013750000000000002 0.96875 0.013750000000000002 0.96875 0.028749999999999998 0.9887499999999999 0.028749999999999998 0.9887499999999999 0.013750000000000002
5 0.9925 0.01875 0.975 0.01875 0.975 0.03625 0.9925 0.03625 0.9925 0.01875
5 0.725 0.021249999999999998 0.71 0.021249999999999998 0.71 0.026250000000000002 0.725 0.026250000000000002 0.725 0.021249999999999998
5 0.72375 0.04625 0.7112499999999999 0.04625 0.7112499999999999 0.05625 0.72375 0.05625 0.72375 0.04625
5 0.7175 0.05125 0.7075 0.05125 0.7075 0.06375 0.7175 0.06375 0.7175 0.05125
5 0.71 0.057499999999999996 0.7025 0.057499999999999996 0.7025 0.06999999999999999 0.71 0.06999999999999999 0.71 0.057499999999999996
5 0.705 0.065 0.6950000000000001 0.065 0.6950000000000001 0.075 0.705 0.075 0.705 0.065
5 0.65625 0.057499999999999996 0.64375 0.057499999999999996 0.64375 0.06999999999999999 0.65625 0.06999999999999999 0.65625 0.057499999999999996
5 0.67125 0.04375 0.65625 0.04375 0.65625 0.05625 0.67125 0.05625 0.67125 0.04375
5 0.68125 0.03 0.66875 0.03 0.66875 0.045 0.68125 0.045 0.68125 0.03
5 0.68625 0.02375 0.67625 0.02375 0.67625 0.03625 0.68625 0.03625 0.68625 0.02375
5 0.6900000000000001 0.017499999999999998 0.6799999999999999 0.017499999999999998 0.6799999999999999 0.027500000000000004 0.6900000000000001 0.027500000000000004 0.6900000000000001 0.017499999999999998
5 0.6975 0.0125 0.6849999999999999 0.0125 0.6849999999999999 0.0225 0.6975 0.0225 0.6975 0.0125
5 0.70375 0.00625 0.6912499999999999 0.00625 0.6912499999999999 0.01875 0.70375 0.01875 0.70375 0.00625
5 0.645 0.06875 0.6325000000000001 0.06875 0.6325000000000001 0.08125 0.645 0.08125 0.645 0.06875
5 0.63875 0.075 0.6287499999999999 0.075 0.6287499999999999 0.08499999999999999 0.63875 0.08499999999999999 0.63875 0.075
5 0.6275000000000001 0.0875 0.6174999999999999 0.0875 0.6174999999999999 0.1 0.6275000000000001 0.1 0.6275000000000001 0.0875
5 0.6224999999999999 0.0925 0.6125 0.0925 0.6125 0.11000000000000001 0.6224999999999999 0.11000000000000001 0.6224999999999999 0.0925
5 0.6174999999999999 0.10124999999999999 0.6075 0.10124999999999999 0.6075 0.11625 0.6174999999999999 0.11625 0.6174999999999999 0.10124999999999999
5 0.61125 0.11000000000000001 0.6012500000000001 0.11000000000000001 0.6012500000000001 0.12250000000000001 0.61125 0.12250000000000001 0.61125 0.11000000000000001
5 0.60625 0.11499999999999999 0.59375 0.11499999999999999 0.59375 0.1275 0.60625 0.1275 0.60625 0.11499999999999999
5 0.6012500000000001 0.12 0.58875 0.12 0.58875 0.1325 0.6012500000000001 0.1325 0.6012500000000001 0.12
5 0.65125 0.1275 0.63875 0.1275 0.63875 0.13999999999999999 0.65125 0.13999999999999999 0.65125 0.1275
5 0.64375 0.135 0.63375 0.135 0.63375 0.145 0.64375 0.145 0.64375 0.135
5 0.5662499999999999 0.2 0.54875 0.2 0.54875 0.215 0.5662499999999999 0.215 0.5662499999999999 0.2
5 0.505 0.2525 0.4925 0.2525 0.4925 0.26749999999999996 0.505 0.26749999999999996 0.505 0.2525
5 0.47000000000000003 0.26625 0.4575 0.26625 0.4575 0.27625 0.47000000000000003 0.27625 0.47000000000000003 0.26625
5 0.4625 0.27125 0.45 0.27125 0.45 0.28125 0.4625 0.28125 0.4625 0.27125
5 0.45999999999999996 0.27749999999999997 0.4425 0.27749999999999997 0.4425 0.29 0.45999999999999996 0.29 0.45999999999999996 0.27749999999999997
5 0.45 0.28625 0.44000000000000006 0.28625 0.44000000000000006 0.29625 0.45 0.29625 0.45 0.28625
5 0.445 0.29 0.43499999999999994 0.29 0.43499999999999994 0.3025 0.445 0.3025 0.445 0.29
5 0.445 0.29500000000000004 0.43 0.29500000000000004 0.43 0.3075 0.445 0.3075 0.445 0.29500000000000004
5 0.42874999999999996 0.30874999999999997 0.41875 0.30874999999999997 0.41875 0.32125 0.42874999999999996 0.32125 0.42874999999999996 0.30874999999999997
5 0.42374999999999996 0.31375000000000003 0.41375 0.31375000000000003 0.41375 0.32875 0.42374999999999996 0.32875 0.42374999999999996 0.31375000000000003
5 0.42000000000000004 0.32375 0.4125 0.32375 0.4125 0.33875 0.42000000000000004 0.33875 0.42000000000000004 0.32375
5 0.4175 0.3325 0.40499999999999997 0.3325 0.40499999999999997 0.34500000000000003 0.4175 0.34500000000000003 0.4175 0.3325
5 0.41125 0.33875 0.40125 0.33875 0.40125 0.35125 0.41125 0.35125 0.41125 0.33875
5 0.40875000000000006 0.34500000000000003 0.39375 0.34500000000000003 0.39375 0.35750000000000004 0.40875000000000006 0.35750000000000004 0.40875000000000006 0.34500000000000003
5 0.40374999999999994 0.40499999999999997 0.39125 0.40499999999999997 0.39125 0.42000000000000004 0.40374999999999994 0.42000000000000004 0.40374999999999994 0.40499999999999997
5 0.35625 0.39125 0.34375 0.39125 0.34375 0.40125 0.35625 0.40125 0.35625 0.39125
5 0.35125 0.39625 0.33875 0.39625 0.33875 0.40875000000000006 0.35125 0.40875000000000006 0.35125 0.39625
5 0.34750000000000003 0.40374999999999994 0.3325 0.40374999999999994 0.3325 0.41875 0.34750000000000003 0.41875 0.34750000000000003 0.40374999999999994
5 0.3375 0.4125 0.325 0.4125 0.325 0.42750000000000005 0.3375 0.42750000000000005 0.3375 0.4125
5 0.3325 0.42125 0.3175 0.42125 0.3175 0.43624999999999997 0.3325 0.43624999999999997 0.3325 0.42125
5 0.3225 0.43 0.3125 0.43 0.3125 0.4425 0.3225 0.4425 0.3225 0.43
5 0.3175 0.43624999999999997 0.305 0.43624999999999997 0.305 0.44875 0.3175 0.44875 0.3175 0.43624999999999997
5 0.31 0.4425 0.3 0.4425 0.3 0.45499999999999996 0.31 0.45499999999999996 0.31 0.4425
5 0.30625 0.44875 0.29125 0.44875 0.29125 0.46375 0.30625 0.46375 0.30625 0.44875
5 0.38 0.3675 0.3675 0.3675 0.3675 0.3775 0.38 0.3775 0.38 0.3675
5 0.44749999999999995 0.365 0.43499999999999994 0.365 0.43499999999999994 0.3725 0.44749999999999995 0.3725 0.44749999999999995 0.365
5 0.47375 0.37 0.46125 0.37 0.46125 0.3875 0.47375 0.3875 0.47375 0.37
5 0.48250000000000004 0.37625000000000003 0.4725 0.37625000000000003 0.4725 0.38625 0.48250000000000004 0.38625 0.48250000000000004 0.37625000000000003
5 0.48875 0.38125 0.47375 0.38125 0.47375 0.39625 0.48875 0.39625 0.48875 0.38125
5 0.495 0.38625 0.48 0.38625 0.48 0.40125 0.495 0.40125 0.495 0.38625
5 0.5025000000000001 0.39249999999999996 0.49000000000000005 0.39249999999999996 0.49000000000000005 0.4025 0.5025000000000001 0.4025 0.5025000000000001 0.39249999999999996
5 0.50875 0.3975 0.49625 0.3975 0.49625 0.41 0.50875 0.41 0.50875 0.3975
5 0.35125 0.47125000000000006 0.33875 0.47125000000000006 0.33875 0.48624999999999996 0.35125 0.48624999999999996 0.35125 0.47125000000000006
5 0.34125 0.4875 0.32625000000000004 0.4875 0.32625000000000004 0.49749999999999994 0.34125 0.49749999999999994 0.34125 0.4875
5 0.34625 0.48 0.33375 0.48 0.33375 0.4925 0.34625 0.4925 0.34625 0.48
5 0.30375 0.51125 0.28875 0.51125 0.28875 0.51875 0.30375 0.51875 0.30375 0.51125
5 0.29 0.46624999999999994 0.27749999999999997 0.46624999999999994 0.27749999999999997 0.48125 0.29 0.48125 0.29 0.46624999999999994
5 0.28250000000000003 0.47625 0.2725 0.47625 0.2725 0.48624999999999996 0.28250000000000003 0.48624999999999996 0.28250000000000003 0.47625
5 0.27749999999999997 0.48375 0.26749999999999996 0.48375 0.26749999999999996 0.49124999999999996 0.27749999999999997 0.49124999999999996 0.27749999999999997 0.48375
5 0.26625 0.49749999999999994 0.25625 0.49749999999999994 0.25625 0.5075000000000001 0.26625 0.5075000000000001 0.26625 0.49749999999999994
5 0.25625 0.51 0.24625 0.51 0.24625 0.52 0.25625 0.52 0.25625 0.51
5 0.24375 0.5237499999999999 0.23374999999999999 0.5237499999999999 0.23374999999999999 0.5387500000000001 0.24375 0.5387500000000001 0.24375 0.5237499999999999
5 0.23875000000000002 0.5287499999999999 0.22625 0.5287499999999999 0.22625 0.54375 0.23875000000000002 0.54375 0.23875000000000002 0.5287499999999999
5 0.22999999999999998 0.5425 0.22000000000000003 0.5425 0.22000000000000003 0.55 0.22999999999999998 0.55 0.22999999999999998 0.5425
5 0.18625 0.89 0.17625 0.89 0.17625 0.9 0.18625 0.9 0.18625 0.89
5 0.21125 0.875 0.19875 0.875 0.19875 0.8875 0.21125 0.8875 0.21125 0.875
5 0 0.11000000000000001 0.01 0.11000000000000001 0.01 0.095 0 0.095 0 0.11000000000000001
5 0.01875 0.095 0.008749999999999999 0.095 0.008749999999999999 0.1125 0.01875 0.1125 0.01875 0.095
5 0.028749999999999998 0.0925 0.01875 0.0925 0.01875 0.1125 0.028749999999999998 0.1125 0.028749999999999998 0.0925
5 0.0325 0.09375 0.025 0.09375 0.025 0.11125 0.0325 0.11125 0.0325 0.09375
5 0.041249999999999995 0.095 0.028749999999999998 0.095 0.028749999999999998 0.11499999999999999 0.041249999999999995 0.11499999999999999 0.041249999999999995 0.095
5 0.05125 0.09625 0.03875 0.09625 0.03875 0.11374999999999999 0.05125 0.11374999999999999 0.05125 0.09625
5 0.07125000000000001 0.095 0.061250000000000006 0.095 0.061250000000000006 0.1125 0.07125000000000001 0.1125 0.07125000000000001 0.095
5 0.08125 0.0925 0.06875 0.0925 0.06875 0.11499999999999999 0.08125 0.11499999999999999 0.08125 0.0925
5 0.08875 0.095 0.07875 0.095 0.07875 0.11499999999999999 0.08875 0.11499999999999999 0.08875 0.095
5 0.09875 0.095 0.08625000000000001 0.095 0.08625000000000001 0.11499999999999999 0.09875 0.11499999999999999 0.09875 0.095
5 0 0.12375 0.013750000000000002 0.12375 0.013750000000000002 0.11625 0 0.11625 0 0.12375
5 0.03625 0.11374999999999999 0.01875 0.11374999999999999 0.01875 0.12625 0.03625 0.12625 0.03625 0.11374999999999999
5 0.13125 0.0925 0.11625 0.0925 0.11625 0.11499999999999999 0.13125 0.11499999999999999 0.13125 0.0925
5 0.14625 0.11499999999999999 0.12625 0.11499999999999999 0.12625 0.125 0.14625 0.125 0.14625 0.11499999999999999
5 0.14625 0.09375 0.13374999999999998 0.09375 0.13374999999999998 0.10874999999999999 0.14625 0.10874999999999999 0.14625 0.09375
5 0.205 0.1125 0.1825 0.1125 0.1825 0.12250000000000001 0.205 0.12250000000000001 0.205 0.1125
5 0.08625000000000001 0.13 0.06875 0.13 0.06875 0.1375 0.08625000000000001 0.1375 0.08625000000000001 0.13
5 0.1825 0.10500000000000001 0.16 0.10500000000000001 0.16 0.11499999999999999 0.1825 0.11499999999999999 0.1825 0.10500000000000001
5 0.16125 0.10500000000000001 0.14625 0.10500000000000001 0.14625 0.11499999999999999 0.16125 0.11499999999999999 0.16125 0.10500000000000001
5 0.20125 0.10500000000000001 0.18125 0.10500000000000001 0.18125 0.11499999999999999 0.20125 0.11499999999999999 0.20125 0.10500000000000001
5 0.24500000000000002 0.11000000000000001 0.215 0.11000000000000001 0.215 0.12 0.24500000000000002 0.12 0.24500000000000002 0.11000000000000001
5 0.25875 0.0925 0.24874999999999997 0.0925 0.24874999999999997 0.1125 0.25875 0.1125 0.25875 0.0925
5 0.24125000000000002 0.09375 0.22875 0.09375 0.22875 0.10874999999999999 0.24125000000000002 0.10874999999999999 0.24125000000000002 0.09375
5 0.34125 0.09625 0.32625000000000004 0.09625 0.32625000000000004 0.11625 0.34125 0.11625 0.34125 0.09625
5 0.34625 0.09625 0.33875 0.09625 0.33875 0.10874999999999999 0.34625 0.10874999999999999 0.34625 0.09625
5 0.36875 0.095 0.35625 0.095 0.35625 0.1125 0.36875 0.1125 0.36875 0.095
5 0.2975 0.13 0.27999999999999997 0.13 0.27999999999999997 0.1375 0.2975 0.1375 0.2975 0.13
5 0.32125 0.1275 0.29874999999999996 0.1275 0.29874999999999996 0.1375 0.32125 0.1375 0.32125 0.1275
5 0.33999999999999997 0.12875 0.32 0.12875 0.32 0.13874999999999998 0.33999999999999997 0.13874999999999998 0.33999999999999997 0.12875
5 0.35625 0.13 0.34125 0.13 0.34125 0.1375 0.35625 0.1375 0.35625 0.13
5 0.37625000000000003 0.13 0.35625 0.13 0.35625 0.1375 0.37625000000000003 0.1375 0.37625000000000003 0.13
5 0.2725 0.13 0.255 0.13 0.255 0.1375 0.2725 0.1375 0.2725 0.13
5 0.40125 0.13 0.38625 0.13 0.38625 0.1375 0.40125 0.1375 0.40125 0.13
5 0.42000000000000004 0.13 0.4025 0.13 0.4025 0.1375 0.42000000000000004 0.1375 0.42000000000000004 0.13
5 0.43875000000000003 0.12875 0.42125 0.12875 0.42125 0.13874999999999998 0.43875000000000003 0.13874999999999998 0.43875000000000003 0.12875
5 0.45499999999999996 0.13 0.44000000000000006 0.13 0.44000000000000006 0.1375 0.45499999999999996 0.1375 0.45499999999999996 0.13
5 0.47625 0.12875 0.45625 0.12875 0.45625 0.13874999999999998 0.47625 0.13874999999999998 0.47625 0.12875
5 0.49375 0.12875 0.47625 0.12875 0.47625 0.13874999999999998 0.49375 0.13874999999999998 0.49375 0.12875
5 0.47625 0.12 0.45625 0.12 0.45625 0.13 0.47625 0.13 0.47625 0.12
5 0.5675 0.14625 0.545 0.14625 0.545 0.15875 0.5675 0.15875 0.5675 0.14625
5 0.65125 0.0625 0.63625 0.0625 0.63625 0.0775 0.65125 0.0775 0.65125 0.0625
5 0.635 0.08 0.62 0.08 0.62 0.095 0.635 0.095 0.635 0.08
5 0.67875 0.06999999999999999 0.6587500000000001 0.06999999999999999 0.6587500000000001 0.0875 0.67875 0.0875 0.67875 0.06999999999999999
5 0.65 0.10124999999999999 0.635 0.10124999999999999 0.635 0.11625 0.65 0.11625 0.65 0.10124999999999999
5 0.13625 0.12875 0.12375 0.12875 0.12375 0.13625 0.13625 0.13625 0.13625 0.12875
5 0.4375 0.3025 0.4225 0.3025 0.4225 0.315 0.4375 0.315 0.4375 0.3025
5 0.9550000000000001 0.43 0.89 0.43 0.89 0.495 0.9550000000000001 0.495 0.9550000000000001 0.43
5 0.905 0.48 0.8400000000000001 0.48 0.8400000000000001 0.54 0.905 0.54 0.905 0.48
5 0.8525 0.52625 0.7875 0.52625 0.7875 0.58875 0.8525 0.58875 0.8525 0.52625
5 0.8 0.575 0.735 0.575 0.735 0.64 0.8 0.64 0.8 0.575
5 0.75 0.6224999999999999 0.6849999999999999 0.6224999999999999 0.6849999999999999 0.6875 0.75 0.6875 0.75 0.6224999999999999
5 0.69625 0.675 0.63125 0.675 0.63125 0.735 0.69625 0.735 0.69625 0.675
5 0.5900000000000001 0.77125 0.5325 0.77125 0.5325 0.83125 0.5900000000000001 0.83125 0.5900000000000001 0.77125
5 0.495 0.885 0.4375 0.885 0.4375 0.9475 0.495 0.9475 0.495 0.885
5 0.6212500000000001 0.7787499999999999 0.55625 0.7787499999999999 0.55625 0.8387499999999999 0.6212500000000001 0.8387499999999999 0.6212500000000001 0.7787499999999999