5 0.18375 0.6875 0.16375 0.6875 0.16375 0.6925 0.18375 0.6925 0.18375 0.6875
5 0.1875 0.6775 0.16999999999999998 0.6775 0.16999999999999998 0.6875 0.1875 0.6875 0.1875 0.6775
5 0.20249999999999999 0.6912499999999999 0.1875 0.6912499999999999 0.1875 0.69875 0.20249999999999999 0.69875 0.20249999999999999 0.6912499999999999
5 0.03625 0.67375 0.01875 0.67375 0.01875 0.6837500000000001 0.03625 0.6837500000000001 0.03625 0.67375
5 0.27125 0.85875 0.25375000000000003 0.85875 0.25375000000000003 0.87625 0.27125 0.87625 0.27125 0.85875
5 0.125 0.8800000000000001 0.11499999999999999 0.8800000000000001 0.11499999999999999 0.8925000000000001 0.125 0.8925000000000001 0.125 0.8800000000000001
5 0.3 0.73 0.2875 0.73 0.2875 0.745 0.3 0.745 0.3 0.73
5 0.30375 0.73125 0.29625 0.73125 0.29625 0.74375 0.30375 0.74375 0.30375 0.73125
5 0.1275 0.945 0.11499999999999999 0.945 0.11499999999999999 0.9574999999999999 0.1275 0.9574999999999999 0.1275 0.945
5 0.13999999999999999 0.925 0.1275 0.925 0.1275 0.9375 0.13999999999999999 0.9375 0.13999999999999999 0.925
5 0.25625 0.78125 0.23125 0.78125 0.23125 0.79375 0.25625 0.79375 0.25625 0.78125
5 0.17875000000000002 0.31625000000000003 0.15375 0.31625000000000003 0.15375 0.33125 0.17875000000000002 0.33125 0.17875000000000002 0.31625000000000003