5 0.56125 0.9662499999999999 0.55125 0.9662499999999999 0.55125 0.9737500000000001 0.56125 0.9737500000000001 0.56125 0.9662499999999999
5 0.48875 0.845 0.46375 0.845 0.46375 0.8550000000000001 0.48875 0.8550000000000001 0.48875 0.845
5 0.3125 0.9662499999999999 0.2975 0.9662499999999999 0.2975 0.9737500000000001 0.3125 0.9737500000000001 0.3125 0.9662499999999999
5 0.3525 0.96 0.3225 0.96 0.3225 0.9675 0.3525 0.9675 0.3525 0.96
5 0.20750000000000002 0.95625 0.19 0.95625 0.19 0.9662499999999999 0.20750000000000002 0.9662499999999999 0.20750000000000002 0.95625
5 0.8887499999999999 1 0.8887499999999999 0.9862500000000001 0.8787499999999999 0.9862500000000001 0.8787499999999999 1 0.8887499999999999 1
5 0.43499999999999994 0.85625 0.40750000000000003 0.85625 0.40750000000000003 0.8637499999999999 0.43499999999999994 0.8637499999999999 0.43499999999999994 0.85625
5 0.605 0.9724999999999999 0.5925 0.9724999999999999 0.5925 0.9775 0.605 0.9775 0.605 0.9724999999999999
5 0.11374999999999999 0.8375 0.08875 0.8375 0.08875 0.8474999999999999 0.11374999999999999 0.8474999999999999 0.11374999999999999 0.8375
5 0.1275 0.8425 0.1125 0.8425 0.1125 0.85 0.1275 0.85 0.1275 0.8425
5 0.6825 0.86 0.665 0.86 0.665 0.8699999999999999 0.6825 0.8699999999999999 0.6825 0.86
5 0.7262500000000001 0.79 0.7162499999999999 0.79 0.7162499999999999 0.805 0.7262500000000001 0.805 0.7262500000000001 0.79
5 0.6912499999999999 0.021249999999999998 0.68125 0.021249999999999998 0.68125 0.03375 0.6912499999999999 0.03375 0.6912499999999999 0.021249999999999998
5 0.195 0.1675 0.185 0.1675 0.185 0.175 0.195 0.175 0.195 0.1675
5 0.1925 0.175 0.1775 0.175 0.1775 0.19 0.1925 0.19 0.1925 0.175
5 0.18375 0.1875 0.17124999999999999 0.1875 0.17124999999999999 0.1975 0.18375 0.1975 0.18375 0.1875
5 0.16875 0.19875 0.15625 0.19875 0.15625 0.21125 0.16875 0.21125 0.16875 0.19875
5 0.15625 0.21000000000000002 0.14375 0.21000000000000002 0.14375 0.22000000000000003 0.15625 0.22000000000000003 0.15625 0.21000000000000002
5 0.1675 0.845 0.155 0.845 0.155 0.85 0.1675 0.85 0.1675 0.845
5 0.31625000000000003 0.95625 0.29125 0.95625 0.29125 0.9637499999999999 0.31625000000000003 0.9637499999999999 0.31625000000000003 0.95625
5 0.6725 0.8225 0.6599999999999999 0.8225 0.6599999999999999 0.8375 0.6725 0.8375 0.6725 0.8225
5 0.5525 0.25625 0.545 0.25625 0.545 0.27125 0.5525 0.27125 0.5525 0.25625
5 0.6487499999999999 0.26625 0.64125 0.26625 0.64125 0.27875 0.6487499999999999 0.27875 0.6487499999999999 0.26625
5 0.5875 0.26 0.5775 0.26 0.5775 0.27749999999999997 0.5875 0.27749999999999997 0.5875 0.26
5 0.7212500000000001 0.26375000000000004 0.71375 0.26375000000000004 0.71375 0.27625 0.7212500000000001 0.27625 0.7212500000000001 0.26375000000000004
5 0.5599999999999999 0.20875 0.5525 0.20875 0.5525 0.22625 0.5599999999999999 0.22625 0.5599999999999999 0.20875
5 0.57625 0.25875 0.56875 0.25875 0.56875 0.27625 0.57625 0.27625 0.57625 0.25875
5 0.0625 0.70375 0.045 0.70375 0.045 0.71375 0.0625 0.71375 0.0625 0.70375
5 0.7849999999999999 0.255 0.775 0.255 0.775 0.27 0.7849999999999999 0.27 0.7849999999999999 0.255
5 0.34875 0.7325 0.33875 0.7325 0.33875 0.7474999999999999 0.34875 0.7474999999999999 0.34875 0.7325
5 0.6587500000000001 0.82 0.65125 0.82 0.65125 0.8375 0.6587500000000001 0.8375 0.6587500000000001 0.82
5 0.13999999999999999 0.9637499999999999 0.12250000000000001 0.9637499999999999 0.12250000000000001 0.9737500000000001 0.13999999999999999 0.9737500000000001 0.13999999999999999 0.9637499999999999
5 0.09125 0.95625 0.07625 0.95625 0.07625 0.9662499999999999 0.09125 0.9662499999999999 0.09125 0.95625
5 0.28375 0.83125 0.27125 0.83125 0.27125 0.8387499999999999 0.28375 0.8387499999999999 0.28375 0.83125
5 0.5675 0.25875 0.5599999999999999 0.25875 0.5599999999999999 0.27375 0.5675 0.27375 0.5675 0.25875
5 0.5900000000000001 0.44625000000000004 0.5700000000000001 0.44625000000000004 0.5700000000000001 0.45375 0.5900000000000001 0.45375 0.5900000000000001 0.44625000000000004
5 0.33125 0.8474999999999999 0.31625000000000003 0.8474999999999999 0.31625000000000003 0.8550000000000001 0.33125 0.8550000000000001 0.33125 0.8474999999999999
5 0.625 0.44000000000000006 0.5925 0.44000000000000006 0.5925 0.45499999999999996 0.625 0.45499999999999996 0.625 0.44000000000000006
5 0.75625 0.26125 0.7462500000000001 0.26125 0.7462500000000001 0.27375 0.75625 0.27375 0.75625 0.26125
5 0.735 0.2625 0.7275 0.2625 0.7275 0.275 0.735 0.275 0.735 0.2625
5 0.85 0.45125000000000004 0.835 0.45125000000000004 0.835 0.46125 0.85 0.46125 0.85 0.45125000000000004
5 0.6599999999999999 0.8400000000000001 0.645 0.8400000000000001 0.645 0.865 0.6599999999999999 0.865 0.6599999999999999 0.8400000000000001
5 0.8487500000000001 0.7 0.83125 0.7 0.83125 0.71 0.8487500000000001 0.71 0.8487500000000001 0.7
5 0.71 0.26375000000000004 0.7 0.26375000000000004 0.7 0.27875 0.71 0.27875 0.71 0.26375000000000004
5 0.30874999999999997 0.7025 0.29375 0.7025 0.29375 0.7075 0.30874999999999997 0.7075 0.30874999999999997 0.7025
5 0.1325 0.67625 0.12250000000000001 0.67625 0.12250000000000001 0.69375 0.1325 0.69375 0.1325 0.67625
5 0.77125 0.2575 0.76375 0.2575 0.76375 0.2725 0.77125 0.2725 0.77125 0.2575
5 0.5599999999999999 0.2575 0.5525 0.2575 0.5525 0.275 0.5599999999999999 0.275 0.5599999999999999 0.2575
5 0.11625 0.97 0.09875 0.97 0.09875 0.9824999999999999 0.11625 0.9824999999999999 0.11625 0.97
5 0.35750000000000004 0.7262500000000001 0.34500000000000003 0.7262500000000001 0.34500000000000003 0.73875 0.35750000000000004 0.73875 0.35750000000000004 0.7262500000000001
5 0.12625 0.40750000000000003 0.11125 0.40750000000000003 0.11125 0.4175 0.12625 0.4175 0.12625 0.40750000000000003
5 0.8637499999999999 0.70125 0.8487500000000001 0.70125 0.8487500000000001 0.70875 0.8637499999999999 0.70875 0.8637499999999999 0.70125
5 0.975 0.48 0.9475 0.48 0.9475 0.495 0.975 0.495 0.975 0.48
5 0.1375 0.975 0.1275 0.975 0.1275 0.99 0.1375 0.99 0.1375 0.975
5 0.25875 0.96 0.24375 0.96 0.24375 0.9675 0.25875 0.9675 0.25875 0.96