5 0.28500000000000003 0.68625 0.265 0.68625 0.265 0.69625 0.28500000000000003 0.69625 0.28500000000000003 0.68625
5 0.38 0.6725 0.35750000000000004 0.6725 0.35750000000000004 0.6825 0.38 0.6825 0.38 0.6725
5 0.29 0.7375 0.265 0.7375 0.265 0.75 0.29 0.75 0.29 0.7375
5 0.18125 0.745 0.16125 0.745 0.16125 0.76 0.18125 0.76 0.18125 0.745
5 0.20375000000000001 0.755 0.18125 0.755 0.18125 0.77 0.20375000000000001 0.77 0.20375000000000001 0.755
5 0.4325 0.72875 0.40750000000000003 0.72875 0.40750000000000003 0.74375 0.4325 0.74375 0.4325 0.72875
5 0.54875 0.6525000000000001 0.5287499999999999 0.6525000000000001 0.5287499999999999 0.6625 0.54875 0.6625 0.54875 0.6525000000000001
5 0.8099999999999999 0.62625 0.7925 0.62625 0.7925 0.63625 0.8099999999999999 0.63625 0.8099999999999999 0.62625
5 0.81375 0.6875 0.79125 0.6875 0.79125 0.7 0.81375 0.7 0.81375 0.6875
5 0.9412499999999999 0.6174999999999999 0.9237500000000001 0.6174999999999999 0.9237500000000001 0.63 0.9412499999999999 0.63 0.9412499999999999 0.6174999999999999
5 0.17875000000000002 0.55375 0.16625 0.55375 0.16625 0.57375 0.17875000000000002 0.57375 0.17875000000000002 0.55375
5 0.21125 0.4125 0.20125 0.4125 0.20125 0.43 0.21125 0.43 0.21125 0.4125
5 0.13125 0.10625 0.11875 0.10625 0.11875 0.11374999999999999 0.13125 0.11374999999999999 0.13125 0.10625
5 0.12875 0.80625 0.09875 0.80625 0.09875 0.81875 0.12875 0.81875 0.12875 0.80625
5 0.10874999999999999 0.6 0.09125 0.6 0.09125 0.61 0.10874999999999999 0.61 0.10874999999999999 0.6
5 0.29125 0.5375 0.24375 0.5375 0.24375 0.6174999999999999 0.29125 0.6174999999999999 0.29125 0.5375