5 0.49874999999999997 0.41500000000000004 0.48375 0.41500000000000004 0.48375 0.43 0.49874999999999997 0.43 0.49874999999999997 0.41500000000000004
5 0.515 0.43375 0.5 0.43375 0.5 0.45125000000000004 0.515 0.45125000000000004 0.515 0.43375
5 0.55375 0.42874999999999996 0.5387500000000001 0.42874999999999996 0.5387500000000001 0.44125 0.55375 0.44125 0.55375 0.42874999999999996
5 0.56375 0.43875000000000003 0.54625 0.43875000000000003 0.54625 0.45125000000000004 0.56375 0.45125000000000004 0.56375 0.43875000000000003
5 0.5475 0.47874999999999995 0.5275000000000001 0.47874999999999995 0.5275000000000001 0.49124999999999996 0.5475 0.49124999999999996 0.5475 0.47874999999999995
5 0.525 0.44625000000000004 0.515 0.44625000000000004 0.515 0.46375 0.525 0.46375 0.525 0.44625000000000004
5 0.595 0.1975 0.5775 0.1975 0.5775 0.2125 0.595 0.2125 0.595 0.1975
5 0.6075 0.2125 0.5900000000000001 0.2125 0.5900000000000001 0.22749999999999998 0.6075 0.22749999999999998 0.6075 0.2125
5 0.62 0.23625 0.61 0.23625 0.61 0.24625 0.62 0.24625 0.62 0.23625
5 0.6287499999999999 0.24375 0.61375 0.24375 0.61375 0.25125000000000003 0.6287499999999999 0.25125000000000003 0.6287499999999999 0.24375
5 0.63625 0.25 0.61875 0.25 0.61875 0.26 0.63625 0.26 0.63625 0.25
5 0.6425 0.25875 0.625 0.25875 0.625 0.26875 0.6425 0.26875 0.6425 0.25875
5 0.6525000000000001 0.2725 0.6375 0.2725 0.6375 0.28250000000000003 0.6525000000000001 0.28250000000000003 0.6525000000000001 0.2725
5 0.6637500000000001 0.2875 0.6537499999999999 0.2875 0.6537499999999999 0.3 0.6637500000000001 0.3 0.6637500000000001 0.2875
5 0.66875 0.29625 0.6587500000000001 0.29625 0.6587500000000001 0.30625 0.66875 0.30625 0.66875 0.29625
5 0.6875 0.31 0.6725 0.31 0.6725 0.32 0.6875 0.32 0.6875 0.31
5 0.67875 0.305 0.66125 0.305 0.66125 0.315 0.67875 0.315 0.67875 0.305
5 0.70125 0.25375000000000003 0.68625 0.25375000000000003 0.68625 0.26625 0.70125 0.26625 0.70125 0.25375000000000003
5 0.6950000000000001 0.24500000000000002 0.6799999999999999 0.24500000000000002 0.6799999999999999 0.2575 0.6950000000000001 0.2575 0.6950000000000001 0.24500000000000002
5 0.6174999999999999 0.22749999999999998 0.6 0.22749999999999998 0.6 0.2425 0.6174999999999999 0.2425 0.6174999999999999 0.22749999999999998