5 0.7150000000000001 0.71375 0.7 0.71375 0.7 0.7262500000000001 0.7150000000000001 0.7262500000000001 0.7150000000000001 0.71375
5 0.9275 0.52125 0.9099999999999999 0.52125 0.9099999999999999 0.53625 0.9275 0.53625 0.9275 0.52125
5 0.76375 0.6775 0.7462500000000001 0.6775 0.7462500000000001 0.6950000000000001 0.76375 0.6950000000000001 0.76375 0.6775
5 0.83125 0.5575 0.81875 0.5575 0.81875 0.5775 0.83125 0.5775 0.83125 0.5575
5 0.5025000000000001 0.93625 0.4725 0.93625 0.4725 0.95875 0.5025000000000001 0.95875 0.5025000000000001 0.93625
5 0.78625 0.6224999999999999 0.76375 0.6224999999999999 0.76375 0.6425 0.78625 0.6425 0.78625 0.6224999999999999
5 0.8150000000000001 0.8 0.7975 0.8 0.7975 0.8175000000000001 0.8150000000000001 0.8175000000000001 0.8150000000000001 0.8
5 0.5925 0.8699999999999999 0.575 0.8699999999999999 0.575 0.885 0.5925 0.885 0.5925 0.8699999999999999
5 0.9974999999999999 0.72875 0.9800000000000001 0.72875 0.9800000000000001 0.74125 0.9974999999999999 0.74125 0.9974999999999999 0.72875
5 0.89875 0.94375 0.88125 0.94375 0.88125 0.95875 0.89875 0.95875 0.89875 0.94375
5 0.94625 0.37124999999999997 0.9337500000000001 0.37124999999999997 0.9337500000000001 0.38375 0.94625 0.38375 0.94625 0.37124999999999997
5 0.8412499999999999 0.68625 0.81375 0.68625 0.81375 0.71375 0.8412499999999999 0.71375 0.8412499999999999 0.68625
5 0.9887499999999999 0.71375 0.96875 0.71375 0.96875 0.7262500000000001 0.9887499999999999 0.7262500000000001 0.9887499999999999 0.71375
5 1 0.74 0.985 0.74 0.985 0.75 1 0.75 1 0.74
5 0.9925 0.7212500000000001 0.9724999999999999 0.7212500000000001 0.9724999999999999 0.73375 0.9925 0.73375 0.9925 0.7212500000000001
5 0.8400000000000001 0.77 0.825 0.77 0.825 0.7875 0.8400000000000001 0.7875 0.8400000000000001 0.77
5 0.625 0.81375 0.6075 0.81375 0.6075 0.83125 0.625 0.83125 0.625 0.81375
5 0.6275000000000001 0.83125 0.61 0.83125 0.61 0.8487500000000001 0.6275000000000001 0.8487500000000001 0.6275000000000001 0.83125
5 0.67125 0.78125 0.65125 0.78125 0.65125 0.8012499999999999 0.67125 0.8012499999999999 0.67125 0.78125
5 0.83625 0.58125 0.82125 0.58125 0.82125 0.59375 0.83625 0.59375 0.83625 0.58125