5 0.7725 0.5925 0.75 0.5925 0.75 0.605 0.7725 0.605 0.7725 0.5925
5 0.425 0.8862500000000001 0.40499999999999997 0.8862500000000001 0.40499999999999997 0.9012499999999999 0.425 0.9012499999999999 0.425 0.8862500000000001
5 0.5725 0.69875 0.5475 0.69875 0.5475 0.70875 0.5725 0.70875 0.5725 0.69875
5 0.18375 0.9487500000000001 0.16375 0.9487500000000001 0.16375 0.95875 0.18375 0.95875 0.18375 0.9487500000000001
5 0.20625 0.9675 0.18375 0.9675 0.18375 0.9775 0.20625 0.9775 0.20625 0.9675
5 0.445 0.8825 0.425 0.8825 0.425 0.8925000000000001 0.445 0.8925000000000001 0.445 0.8825
5 0.27375 0.7224999999999999 0.25625 0.7224999999999999 0.25625 0.73 0.27375 0.73 0.27375 0.7224999999999999
5 0.14250000000000002 0.96875 0.125 0.96875 0.125 0.97875 0.14250000000000002 0.97875 0.14250000000000002 0.96875
5 0.5900000000000001 0.9099999999999999 0.5725 0.9099999999999999 0.5725 0.9175000000000001 0.5900000000000001 0.9175000000000001 0.5900000000000001 0.9099999999999999
5 0.48875 0.8862500000000001 0.46875 0.8862500000000001 0.46875 0.89875 0.48875 0.89875 0.48875 0.8862500000000001
5 0.7825 0.62 0.755 0.62 0.755 0.6325000000000001 0.7825 0.6325000000000001 0.7825 0.62
5 0.6174999999999999 0.62 0.585 0.62 0.585 0.645 0.6174999999999999 0.645 0.6174999999999999 0.62
5 0.026250000000000002 0.9075 0.01125 0.9075 0.01125 0.9175000000000001 0.026250000000000002 0.9175000000000001 0.026250000000000002 0.9075
5 0 0.7849999999999999 0.017499999999999998 0.7849999999999999 0.017499999999999998 0.775 0 0.775 0 0.7849999999999999
5 0.48624999999999996 0.7212500000000001 0.46624999999999994 0.7212500000000001 0.46624999999999994 0.72875 0.48624999999999996 0.72875 0.48624999999999996 0.7212500000000001
5 0.0925 0.9125 0.0775 0.9125 0.0775 0.925 0.0925 0.925 0.0925 0.9125
5 0.1975 0.73375 0.18 0.73375 0.18 0.73875 0.1975 0.73875 0.1975 0.73375
5 0.5700000000000001 0.9012499999999999 0.55 0.9012499999999999 0.55 0.9087500000000001 0.5700000000000001 0.9087500000000001 0.5700000000000001 0.9012499999999999
5 0.10625 0.8262499999999999 0.08875 0.8262499999999999 0.08875 0.83625 0.10625 0.83625 0.10625 0.8262499999999999
5 0.13374999999999998 0.82125 0.11374999999999999 0.82125 0.11374999999999999 0.83125 0.13374999999999998 0.83125 0.13374999999999998 0.82125
5 0.27875 0.795 0.25875 0.795 0.25875 0.805 0.27875 0.805 0.27875 0.795
5 0.80625 0.5587500000000001 0.78625 0.5587500000000001 0.78625 0.56875 0.80625 0.56875 0.80625 0.5587500000000001
5 0.12625 0.7325 0.10625 0.7325 0.10625 0.74 0.12625 0.74 0.12625 0.7325
5 0.34125 0.71 0.32625000000000004 0.71 0.32625000000000004 0.7175 0.34125 0.7175 0.34125 0.71
5 0.54125 0.6799999999999999 0.51875 0.6799999999999999 0.51875 0.6875 0.54125 0.6875 0.54125 0.6799999999999999
5 0.13874999999999998 0.95625 0.11625 0.95625 0.11625 0.9662499999999999 0.13874999999999998 0.9662499999999999 0.13874999999999998 0.95625
5 0.5225 0.90625 0.505 0.90625 0.505 0.91875 0.5225 0.91875 0.5225 0.90625
5 0.605 0.9037499999999999 0.5875 0.9037499999999999 0.5875 0.91625 0.605 0.91625 0.605 0.9037499999999999
5 0.06 0.9012499999999999 0.042499999999999996 0.9012499999999999 0.042499999999999996 0.91375 0.06 0.91375 0.06 0.9012499999999999
5 0.5775 0.915 0.5625 0.915 0.5625 0.925 0.5775 0.925 0.5775 0.915
5 0.08499999999999999 0.74875 0.0675 0.74875 0.0675 0.75875 0.08499999999999999 0.75875 0.08499999999999999 0.74875
5 0.4175 0.7537499999999999 0.39249999999999996 0.7537499999999999 0.39249999999999996 0.76375 0.4175 0.76375 0.4175 0.7537499999999999
5 0.11625 0.9337500000000001 0.10124999999999999 0.9337500000000001 0.10124999999999999 0.9487500000000001 0.11625 0.9487500000000001 0.11625 0.9337500000000001
5 0.58875 0.8925000000000001 0.56875 0.8925000000000001 0.56875 0.9 0.58875 0.9 0.58875 0.8925000000000001
5 0.0675 0.83625 0.05 0.83625 0.05 0.84375 0.0675 0.84375 0.0675 0.83625
5 0.63625 0.66125 0.61625 0.66125 0.61625 0.67375 0.63625 0.67375 0.63625 0.66125
5 0.041249999999999995 0.9037499999999999 0.021249999999999998 0.9037499999999999 0.021249999999999998 0.91375 0.041249999999999995 0.91375 0.041249999999999995 0.9037499999999999
5 0.13999999999999999 0.9625 0.12 0.9625 0.12 0.9724999999999999 0.13999999999999999 0.9724999999999999 0.13999999999999999 0.9625
5 0.1525 0.81875 0.1325 0.81875 0.1325 0.8262499999999999 0.1525 0.8262499999999999 0.1525 0.81875
5 0.225 0.755 0.1975 0.755 0.1975 0.765 0.225 0.765 0.225 0.755
5 0.1325 0.9487500000000001 0.1125 0.9487500000000001 0.1125 0.95875 0.1325 0.95875 0.1325 0.9487500000000001
5 0.18875 0.9737500000000001 0.16625 0.9737500000000001 0.16625 0.9862500000000001 0.18875 0.9862500000000001 0.18875 0.9737500000000001
5 0.028749999999999998 0.8474999999999999 0.00375 0.8474999999999999 0.00375 0.8574999999999999 0.028749999999999998 0.8574999999999999 0.028749999999999998 0.8474999999999999
5 0.04875 0.8387499999999999 0.026250000000000002 0.8387499999999999 0.026250000000000002 0.85125 0.04875 0.85125 0.04875 0.8387499999999999
5 0.16625 0.9800000000000001 0.14625 0.9800000000000001 0.14625 0.99 0.16625 0.99 0.16625 0.9800000000000001
5 0.25875 0.7975 0.24375 0.7975 0.24375 0.805 0.25875 0.805 0.25875 0.7975
5 0.6912499999999999 0.6525000000000001 0.66875 0.6525000000000001 0.66875 0.6625 0.6912499999999999 0.6625 0.6912499999999999 0.6525000000000001
5 0.0775 0.9025000000000001 0.0625 0.9025000000000001 0.0625 0.9175000000000001 0.0775 0.9175000000000001 0.0775 0.9025000000000001
5 0.1075 0.91875 0.0875 0.91875 0.0875 0.9337500000000001 0.1075 0.9337500000000001 0.1075 0.91875
5 0.5075000000000001 0.89625 0.49000000000000005 0.89625 0.49000000000000005 0.9087500000000001 0.5075000000000001 0.9087500000000001 0.5075000000000001 0.89625
5 0.72875 0.59875 0.71375 0.59875 0.71375 0.60625 0.72875 0.60625 0.72875 0.59875
5 0 0.9275 0.013750000000000002 0.9275 0.013750000000000002 0.9125 0 0.9125 0 0.9275
5 0.47000000000000003 0.8825 0.44749999999999995 0.8825 0.44749999999999995 0.8949999999999999 0.47000000000000003 0.8949999999999999 0.47000000000000003 0.8825
5 0.6075 0.885 0.5875 0.885 0.5875 0.8975 0.6075 0.8975 0.6075 0.885
5 0.275 0.7112499999999999 0.2475 0.7112499999999999 0.2475 0.71875 0.275 0.71875 0.275 0.7112499999999999
5 0.9637499999999999 0.5275000000000001 0.9412499999999999 0.5275000000000001 0.9412499999999999 0.5375 0.9637499999999999 0.5375 0.9637499999999999 0.5275000000000001
5 0.14625 0.9775 0.12875 0.9775 0.12875 0.9875 0.14625 0.9875 0.14625 0.9775
5 0.945 0.54375 0.925 0.54375 0.925 0.55125 0.945 0.55125 0.945 0.54375
5 0.18 0.9375 0.1575 0.9375 0.1575 0.95 0.18 0.95 0.18 0.9375