5 0.5662499999999999 0.93625 0.55375 0.93625 0.55375 0.9487500000000001 0.5662499999999999 0.9487500000000001 0.5662499999999999 0.93625
5 0.9475 0.6075 0.93 0.6075 0.93 0.615 0.9475 0.615 0.9475 0.6075
5 0.11374999999999999 0.26 0.061250000000000006 0.26 0.061250000000000006 0.3 0.11374999999999999 0.3 0.11374999999999999 0.26
5 0.89125 0.74875 0.8787499999999999 0.74875 0.8787499999999999 0.76375 0.89125 0.76375 0.89125 0.74875
5 0.1275 0.27375 0.0875 0.27375 0.0875 0.30125 0.1275 0.30125 0.1275 0.27375
5 0.9512499999999999 0.615 0.93125 0.615 0.93125 0.6224999999999999 0.9512499999999999 0.6224999999999999 0.9512499999999999 0.615
5 0.10124999999999999 0.2475 0.05375 0.2475 0.05375 0.2875 0.10124999999999999 0.2875 0.10124999999999999 0.2475
5 0.13 0.28125 0.095 0.28125 0.095 0.30625 0.13 0.30625 0.13 0.28125
5 0.08375 0.24625 0.04375 0.24625 0.04375 0.27625 0.08375 0.27625 0.08375 0.24625
5 0.1375 0.28875 0.0875 0.28875 0.0875 0.32375 0.1375 0.32375 0.1375 0.28875
5 0.9375 0.5900000000000001 0.9175000000000001 0.5900000000000001 0.9175000000000001 0.5974999999999999 0.9375 0.5974999999999999 0.9375 0.5900000000000001
5 0.9324999999999999 0.58375 0.9075 0.58375 0.9075 0.59375 0.9324999999999999 0.59375 0.9324999999999999 0.58375
5 0.14875 0.6925 0.12625 0.6925 0.12625 0.7025 0.14875 0.7025 0.14875 0.6925
5 0.2225 0.6900000000000001 0.205 0.6900000000000001 0.205 0.7025 0.2225 0.7025 0.2225 0.6900000000000001
5 0.5700000000000001 0.38875000000000004 0.5549999999999999 0.38875000000000004 0.5549999999999999 0.40625 0.5700000000000001 0.40625 0.5700000000000001 0.38875000000000004
5 0.8412499999999999 0.5225 0.79375 0.5225 0.79375 0.5425 0.8412499999999999 0.5425 0.8412499999999999 0.5225
5 0.36625 0.875 0.34875 0.875 0.34875 0.8925000000000001 0.36625 0.8925000000000001 0.36625 0.875
5 0.04875 0.6537499999999999 0.03125 0.6537499999999999 0.03125 0.67125 0.04875 0.67125 0.04875 0.6537499999999999
5 0.53625 0.5825 0.51875 0.5825 0.51875 0.595 0.53625 0.595 0.53625 0.5825
5 0.4125 0.48125 0.395 0.48125 0.395 0.49375 0.4125 0.49375 0.4125 0.48125
5 0.8925000000000001 0.6075 0.8724999999999999 0.6075 0.8724999999999999 0.62 0.8925000000000001 0.62 0.8925000000000001 0.6075
5 0.88125 0.79375 0.8712500000000001 0.79375 0.8712500000000001 0.8087500000000001 0.88125 0.8087500000000001 0.88125 0.79375
5 0.7825 0.70375 0.7675 0.70375 0.7675 0.7162499999999999 0.7825 0.7162499999999999 0.7825 0.70375
5 0.3275 0.5237499999999999 0.31 0.5237499999999999 0.31 0.5337500000000001 0.3275 0.5337500000000001 0.3275 0.5237499999999999
5 0.9199999999999999 0.5575 0.8949999999999999 0.5575 0.8949999999999999 0.5650000000000001 0.9199999999999999 0.5650000000000001 0.9199999999999999 0.5575
5 0.5025000000000001 0.18625 0.4725 0.18625 0.4725 0.20875 0.5025000000000001 0.20875 0.5025000000000001 0.18625
5 0.5587500000000001 0.39875 0.54125 0.39875 0.54125 0.41375 0.5587500000000001 0.41375 0.5587500000000001 0.39875
5 0.6475 0.36124999999999996 0.63 0.36124999999999996 0.63 0.37625000000000003 0.6475 0.37625000000000003 0.6475 0.36124999999999996
5 0.9037499999999999 0.87625 0.89375 0.87625 0.89375 0.89375 0.9037499999999999 0.89375 0.9037499999999999 0.87625
5 0.8925000000000001 0.76875 0.8825 0.76875 0.8825 0.7837500000000001 0.8925000000000001 0.7837500000000001 0.8925000000000001 0.76875
5 0.07125000000000001 0.52 0.04625 0.52 0.04625 0.5349999999999999 0.07125000000000001 0.5349999999999999 0.07125000000000001 0.52
5 0.31625000000000003 0.515 0.30125 0.515 0.30125 0.5275000000000001 0.31625000000000003 0.5275000000000001 0.31625000000000003 0.515
5 0.89375 0.83125 0.88125 0.83125 0.88125 0.85375 0.89375 0.85375 0.89375 0.83125
5 0.83125 0.79 0.82125 0.79 0.82125 0.8 0.83125 0.8 0.83125 0.79
5 0.85875 0.705 0.8487500000000001 0.705 0.8487500000000001 0.72 0.85875 0.72 0.85875 0.705
5 0.8175000000000001 0.73875 0.8099999999999999 0.73875 0.8099999999999999 0.7537499999999999 0.8175000000000001 0.7537499999999999 0.8175000000000001 0.73875
5 0.86 0.6825 0.8474999999999999 0.6825 0.8474999999999999 0.6950000000000001 0.86 0.6950000000000001 0.86 0.6825
5 0.9875 0.43375 0.9675 0.43375 0.9675 0.44875 0.9875 0.44875 0.9875 0.43375
5 0.8150000000000001 0.05 0.7975 0.05 0.7975 0.0675 0.8150000000000001 0.0675 0.8150000000000001 0.05
5 0.28625 0.34625 0.24874999999999997 0.34625 0.24874999999999997 0.37374999999999997 0.28625 0.37374999999999997 0.28625 0.34625
5 0.4375 0.47874999999999995 0.4175 0.47874999999999995 0.4175 0.49625 0.4375 0.49625 0.4375 0.47874999999999995
5 0.8462500000000001 0.6174999999999999 0.82875 0.6174999999999999 0.82875 0.63 0.8462500000000001 0.63 0.8462500000000001 0.6174999999999999
5 0.93875 0.9125 0.9262499999999999 0.9125 0.9262499999999999 0.9275 0.93875 0.9275 0.93875 0.9125
5 0.835 0.8012499999999999 0.825 0.8012499999999999 0.825 0.8162499999999999 0.835 0.8162499999999999 0.835 0.8012499999999999
5 0.8675 0.74125 0.86 0.74125 0.86 0.75625 0.8675 0.75625 0.8675 0.74125
5 0.6537499999999999 0.365 0.64125 0.365 0.64125 0.3775 0.6537499999999999 0.3775 0.6537499999999999 0.365
5 0.96875 0.40875000000000006 0.94625 0.40875000000000006 0.94625 0.42625 0.96875 0.42625 0.96875 0.40875000000000006
5 0.9324999999999999 0.8975 0.9199999999999999 0.8975 0.9199999999999999 0.9125 0.9324999999999999 0.9125 0.9324999999999999 0.8975
5 0.8275 0.7725 0.82 0.7725 0.82 0.7849999999999999 0.8275 0.7849999999999999 0.8275 0.7725
5 0.07625 0.48 0.058750000000000004 0.48 0.058750000000000004 0.495 0.07625 0.495 0.07625 0.48
5 0.5925 0.12 0.575 0.12 0.575 0.135 0.5925 0.135 0.5925 0.12
5 0.51375 0.6012500000000001 0.48125 0.6012500000000001 0.48125 0.62375 0.51375 0.62375 0.51375 0.6012500000000001
5 0.40374999999999994 0.63125 0.38625 0.63125 0.38625 0.64625 0.40374999999999994 0.64625 0.40374999999999994 0.63125
5 0.9400000000000001 0.6 0.9175000000000001 0.6 0.9175000000000001 0.6075 0.9400000000000001 0.6075 0.9400000000000001 0.6
5 0.94375 0.9012499999999999 0.9337500000000001 0.9012499999999999 0.9337500000000001 0.91625 0.94375 0.91625 0.94375 0.9012499999999999
5 0.026250000000000002 0.6849999999999999 0.00125 0.6849999999999999 0.00125 0.6975 0.026250000000000002 0.6975 0.026250000000000002 0.6849999999999999
5 0.09 0.51125 0.06999999999999999 0.51125 0.06999999999999999 0.52625 0.09 0.52625 0.09 0.51125
5 0.4025 0.33375 0.3875 0.33375 0.3875 0.34625 0.4025 0.34625 0.4025 0.33375
5 0.875 0.7025 0.8675 0.7025 0.8675 0.7150000000000001 0.875 0.7150000000000001 0.875 0.7025
5 0.8474999999999999 0.5625 0.8324999999999999 0.5625 0.8324999999999999 0.58 0.8474999999999999 0.58 0.8474999999999999 0.5625
5 0.34750000000000003 0.32 0.3275 0.32 0.3275 0.3375 0.34750000000000003 0.3375 0.34750000000000003 0.32
5 0.6287499999999999 0.43375 0.60625 0.43375 0.60625 0.44875 0.6287499999999999 0.44875 0.6287499999999999 0.43375
5 0.85125 0.60375 0.8412499999999999 0.60375 0.8412499999999999 0.6212500000000001 0.85125 0.6212500000000001 0.85125 0.60375
5 0.89875 0.19375 0.88125 0.19375 0.88125 0.20875 0.89875 0.20875 0.89875 0.19375
5 0.95875 0.28625 0.94375 0.28625 0.94375 0.30375 0.95875 0.30375 0.95875 0.28625
5 0.47125000000000006 0.60875 0.45125000000000004 0.60875 0.45125000000000004 0.61875 0.47125000000000006 0.61875 0.47125000000000006 0.60875
5 0.5900000000000001 0.38 0.5675 0.38 0.5675 0.395 0.5900000000000001 0.395 0.5900000000000001 0.38
5 0.6025 0.35750000000000004 0.5825 0.35750000000000004 0.5825 0.375 0.6025 0.375 0.6025 0.35750000000000004
5 0.6537499999999999 0.40750000000000003 0.63625 0.40750000000000003 0.63625 0.4225 0.6537499999999999 0.4225 0.6537499999999999 0.40750000000000003
5 0.5225 0.79875 0.51 0.79875 0.51 0.8162499999999999 0.5225 0.8162499999999999 0.5225 0.79875
5 0.3225 0.6637500000000001 0.3 0.6637500000000001 0.3 0.67625 0.3225 0.67625 0.3225 0.6637500000000001
5 0.4025 0.465 0.3825 0.465 0.3825 0.475 0.4025 0.475 0.4025 0.465
5 0.6174999999999999 0.4425 0.6025 0.4425 0.6025 0.45499999999999996 0.6174999999999999 0.45499999999999996 0.6174999999999999 0.4425
5 0.39249999999999996 0.49000000000000005 0.37 0.49000000000000005 0.37 0.505 0.39249999999999996 0.505 0.39249999999999996 0.49000000000000005
5 0.9075 0.50125 0.8925000000000001 0.50125 0.8925000000000001 0.51375 0.9075 0.51375 0.9075 0.50125
5 0.875 0.775 0.865 0.775 0.865 0.79 0.875 0.79 0.875 0.775
5 0.9275 0.57875 0.9 0.57875 0.9 0.5862499999999999 0.9275 0.5862499999999999 0.9275 0.57875
5 0.10625 0.505 0.09125 0.505 0.09125 0.52 0.10625 0.52 0.10625 0.505
5 0.4175 0.26 0.3975 0.26 0.3975 0.275 0.4175 0.275 0.4175 0.26
5 0.865 0.44875 0.845 0.44875 0.845 0.46125 0.865 0.46125 0.865 0.44875
5 0.5525 0.8887499999999999 0.54 0.8887499999999999 0.54 0.9037499999999999 0.5525 0.9037499999999999 0.5525 0.8887499999999999
5 0.38375 0.47874999999999995 0.36375 0.47874999999999995 0.36375 0.49124999999999996 0.38375 0.49124999999999996 0.38375 0.47874999999999995
5 0.39875 0.49749999999999994 0.38375 0.49749999999999994 0.38375 0.5125 0.39875 0.5125 0.39875 0.49749999999999994
5 0.71 0.7462500000000001 0.6975 0.7462500000000001 0.6975 0.76125 0.71 0.76125 0.71 0.7462500000000001
5 0.8175000000000001 0.72375 0.805 0.72375 0.805 0.73625 0.8175000000000001 0.73625 0.8175000000000001 0.72375
5 0.40750000000000003 0.4725 0.39 0.4725 0.39 0.4875 0.40750000000000003 0.4875 0.40750000000000003 0.4725
5 0.99875 0.45999999999999996 0.98375 0.45999999999999996 0.98375 0.475 0.99875 0.475 0.99875 0.45999999999999996
5 0.845 0.6425 0.835 0.6425 0.835 0.6575 0.845 0.6575 0.845 0.6425
5 0.3875 0.9037499999999999 0.37 0.9037499999999999 0.37 0.92125 0.3875 0.92125 0.3875 0.9037499999999999
5 0.9225 0.66625 0.9075 0.66625 0.9075 0.68125 0.9225 0.68125 0.9225 0.66625
5 0.85125 0.66625 0.84375 0.66625 0.84375 0.6837500000000001 0.85125 0.6837500000000001 0.85125 0.66625
5 0.94375 0.54875 0.9337500000000001 0.54875 0.9337500000000001 0.5662499999999999 0.94375 0.5662499999999999 0.94375 0.54875
5 0.4575 0.8525 0.4425 0.8525 0.4425 0.8675 0.4575 0.8675 0.4575 0.8525
5 0.59375 0.86625 0.5862499999999999 0.86625 0.5862499999999999 0.88375 0.59375 0.88375 0.59375 0.86625
5 0.6125 0.8474999999999999 0.5900000000000001 0.8474999999999999 0.5900000000000001 0.8574999999999999 0.6125 0.8574999999999999 0.6125 0.8474999999999999
5 0.5862499999999999 0.8699999999999999 0.57375 0.8699999999999999 0.57375 0.89 0.5862499999999999 0.89 0.5862499999999999 0.8699999999999999
5 0.8637499999999999 0.72375 0.85375 0.72375 0.85375 0.73875 0.8637499999999999 0.73875 0.8637499999999999 0.72375
5 0.3275 0.37374999999999997 0.27749999999999997 0.37374999999999997 0.27749999999999997 0.41624999999999995 0.3275 0.41624999999999995 0.3275 0.37374999999999997
5 0.64125 0.4175 0.62625 0.4175 0.62625 0.4325 0.64125 0.4325 0.64125 0.4175
5 0.47874999999999995 0.84375 0.46375 0.84375 0.46375 0.85875 0.47874999999999995 0.85875 0.47874999999999995 0.84375
5 0.8400000000000001 0.02 0.825 0.02 0.825 0.0375 0.8400000000000001 0.0375 0.8400000000000001 0.02
5 0.625 0.06375 0.6075 0.06375 0.6075 0.08125 0.625 0.08125 0.625 0.06375
5 0.6275000000000001 0.08125 0.61 0.08125 0.61 0.09875 0.6275000000000001 0.09875 0.6275000000000001 0.08125
5 0.9425000000000001 0.40625 0.925 0.40625 0.925 0.42125 0.9425000000000001 0.42125 0.9425000000000001 0.40625
5 0.4925 0.8412499999999999 0.4725 0.8412499999999999 0.4725 0.85625 0.4925 0.85625 0.4925 0.8412499999999999
5 0.9262499999999999 0.6849999999999999 0.91625 0.6849999999999999 0.91625 0.7 0.9262499999999999 0.7 0.9262499999999999 0.6849999999999999
5 0.06625 0.6950000000000001 0.04375 0.6950000000000001 0.04375 0.7075 0.06625 0.7075 0.06625 0.6950000000000001
5 0.47750000000000004 0.59375 0.45999999999999996 0.59375 0.45999999999999996 0.60375 0.47750000000000004 0.60375 0.47750000000000004 0.59375
5 0.60625 0.51875 0.5862499999999999 0.51875 0.5862499999999999 0.53125 0.60625 0.53125 0.60625 0.51875
5 0.36875 0.28250000000000003 0.34875 0.28250000000000003 0.34875 0.29500000000000004 0.36875 0.29500000000000004 0.36875 0.28250000000000003
5 0.19125 0.48125 0.17625 0.48125 0.17625 0.49625 0.19125 0.49625 0.19125 0.48125
5 0.38375 0.485 0.36625 0.485 0.36625 0.49749999999999994 0.38375 0.49749999999999994 0.38375 0.485
5 0.67125 0.03125 0.65125 0.03125 0.65125 0.05125 0.67125 0.05125 0.67125 0.03125
5 0.2925 0.6575 0.275 0.6575 0.275 0.67 0.2925 0.67 0.2925 0.6575
5 0.35125 0.6375 0.33125 0.6375 0.33125 0.65 0.35125 0.65 0.35125 0.6375
5 0.6625 0.3975 0.645 0.3975 0.645 0.4175 0.6625 0.4175 0.6625 0.3975
5 0.61 0.8550000000000001 0.5900000000000001 0.8550000000000001 0.5900000000000001 0.8675 0.61 0.8675 0.61 0.8550000000000001
5 0.7825 0.585 0.7675 0.585 0.7675 0.6 0.7825 0.6 0.7825 0.585
5 0.385 0.34500000000000003 0.37 0.34500000000000003 0.37 0.35750000000000004 0.385 0.35750000000000004 0.385 0.34500000000000003
5 0.23125 0.7525000000000001 0.20875 0.7525000000000001 0.20875 0.7625 0.23125 0.7625 0.23125 0.7525000000000001
5 0.2875 0.7625 0.275 0.7625 0.275 0.775 0.2875 0.775 0.2875 0.7625
5 0.8099999999999999 0.7025 0.8 0.7025 0.8 0.7150000000000001 0.8099999999999999 0.7150000000000001 0.8099999999999999 0.7025
5 0.025 0.64125 0.005 0.64125 0.005 0.6587500000000001 0.025 0.6587500000000001 0.025 0.64125
5 0.12 0.45125000000000004 0.1 0.45125000000000004 0.1 0.46624999999999994 0.12 0.46624999999999994 0.12 0.45125000000000004
5 0.53125 0.8 0.51875 0.8 0.51875 0.8125 0.53125 0.8125 0.53125 0.8
5 0.99375 0.8275 0.98125 0.8275 0.98125 0.845 0.99375 0.845 0.99375 0.8275
5 0.79375 0.635 0.78125 0.635 0.78125 0.655 0.79375 0.655 0.79375 0.635
5 0.94625 0.335 0.9337500000000001 0.335 0.9337500000000001 0.34750000000000003 0.94625 0.34750000000000003 0.94625 0.335
5 0.8862500000000001 0.5925 0.87375 0.5925 0.87375 0.6075 0.8862500000000001 0.6075 0.8862500000000001 0.5925
5 0.9525 0.585 0.9400000000000001 0.585 0.9400000000000001 0.605 0.9525 0.605 0.9525 0.585