5 0.8825 0.8625 0.865 0.8625 0.865 0.8800000000000001 0.8825 0.8800000000000001 0.8825 0.8625
5 0.39875 0.94375 0.38625 0.94375 0.38625 0.95625 0.39875 0.95625 0.39875 0.94375
5 0.44125 0.9087500000000001 0.41875 0.9087500000000001 0.41875 0.9237500000000001 0.44125 0.9237500000000001 0.44125 0.9087500000000001
5 0.47375 0.8787499999999999 0.45875000000000005 0.8787499999999999 0.45875000000000005 0.89375 0.47375 0.89375 0.47375 0.8787499999999999
5 0.54875 0.8425 0.53125 0.8425 0.53125 0.8574999999999999 0.54875 0.8574999999999999 0.54875 0.8425
5 0.57625 0.79125 0.55625 0.79125 0.55625 0.81125 0.57625 0.81125 0.57625 0.79125
5 0.60875 0.78625 0.5912499999999999 0.78625 0.5912499999999999 0.80375 0.60875 0.80375 0.60875 0.78625
5 0.64375 0.75875 0.62625 0.75875 0.62625 0.7737499999999999 0.64375 0.7737499999999999 0.64375 0.75875
5 0.7525000000000001 0.69375 0.7375 0.69375 0.7375 0.71875 0.7525000000000001 0.71875 0.7525000000000001 0.69375
5 0.71375 0.6975 0.69625 0.6975 0.69625 0.7150000000000001 0.71375 0.7150000000000001 0.71375 0.6975
5 0.71875 0.67875 0.69875 0.67875 0.69875 0.69875 0.71875 0.69875 0.71875 0.67875
5 0.77125 0.655 0.75625 0.655 0.75625 0.6675 0.77125 0.6675 0.77125 0.655
5 0.81375 0.62625 0.79125 0.62625 0.79125 0.64375 0.81375 0.64375 0.81375 0.62625
5 0.8975 0.5599999999999999 0.8800000000000001 0.5599999999999999 0.8800000000000001 0.5725 0.8975 0.5725 0.8975 0.5599999999999999
5 0.97 0.5 0.9475 0.5 0.9475 0.5175 0.97 0.5175 0.97 0.5
5 0.5650000000000001 0.3875 0.5425 0.3875 0.5425 0.40499999999999997 0.5650000000000001 0.40499999999999997 0.5650000000000001 0.3875
5 0.7575000000000001 0.46624999999999994 0.745 0.46624999999999994 0.745 0.49124999999999996 0.7575000000000001 0.49124999999999996 0.7575000000000001 0.46624999999999994
5 0.765 0.4425 0.745 0.4425 0.745 0.4575 0.765 0.4575 0.765 0.4425
5 0.7875 0.46125 0.7675 0.46125 0.7675 0.47874999999999995 0.7875 0.47874999999999995 0.7875 0.46125
5 0.7787499999999999 0.40625 0.76625 0.40625 0.76625 0.42625 0.7787499999999999 0.42625 0.7787499999999999 0.40625
5 0.755 0.38375 0.74 0.38375 0.74 0.39875 0.755 0.39875 0.755 0.38375
5 0.77 0.34750000000000003 0.755 0.34750000000000003 0.755 0.36 0.77 0.36 0.77 0.34750000000000003
5 0.9724999999999999 0.48125 0.95 0.48125 0.95 0.49874999999999997 0.9724999999999999 0.49874999999999997 0.9724999999999999 0.48125
5 0.9199999999999999 0.075 0.9 0.075 0.9 0.08499999999999999 0.9199999999999999 0.08499999999999999 0.9199999999999999 0.075
5 0.91375 0.052500000000000005 0.89375 0.052500000000000005 0.89375 0.06999999999999999 0.91375 0.06999999999999999 0.91375 0.052500000000000005
5 0.10500000000000001 0.9275 0.0875 0.9275 0.0875 0.9349999999999999 0.10500000000000001 0.9349999999999999 0.10500000000000001 0.9275
5 0.1125 0.76125 0.1 0.76125 0.1 0.7837500000000001 0.1125 0.7837500000000001 0.1125 0.76125
5 0.0325 0.6950000000000001 0.01 0.6950000000000001 0.01 0.72 0.0325 0.72 0.0325 0.6950000000000001
5 0.865 0.3975 0.825 0.3975 0.825 0.43 0.865 0.43 0.865 0.3975
5 0.8550000000000001 0.3875 0.825 0.3875 0.825 0.40750000000000003 0.8550000000000001 0.40750000000000003 0.8550000000000001 0.3875
5 0.8474999999999999 0.3725 0.82 0.3725 0.82 0.3975 0.8474999999999999 0.3975 0.8474999999999999 0.3725
5 0.8262499999999999 0.35 0.8012499999999999 0.35 0.8012499999999999 0.3725 0.8262499999999999 0.3725 0.8262499999999999 0.35
5 0.85125 0.265 0.82875 0.265 0.82875 0.29500000000000004 0.85125 0.29500000000000004 0.85125 0.265