5 0.79875 0.9400000000000001 0.78125 0.9400000000000001 0.78125 0.9625 0.79875 0.9625 0.79875 0.9400000000000001
5 0.8175000000000001 0.9475 0.8 0.9475 0.8 0.9675 0.8175000000000001 0.9675 0.8175000000000001 0.9475
5 0.78625 0.93875 0.7737499999999999 0.93875 0.7737499999999999 0.95375 0.78625 0.95375 0.78625 0.93875
5 0.44875 0.61 0.42874999999999996 0.61 0.42874999999999996 0.6275000000000001 0.44875 0.6275000000000001 0.44875 0.61
5 0.49749999999999994 0.58 0.47750000000000004 0.58 0.47750000000000004 0.6 0.49749999999999994 0.6 0.49749999999999994 0.58
5 0.49874999999999997 0.545 0.48375 0.545 0.48375 0.5599999999999999 0.49874999999999997 0.5599999999999999 0.49874999999999997 0.545
5 0.47874999999999995 0.53 0.47125000000000006 0.53 0.47125000000000006 0.5475 0.47874999999999995 0.5475 0.47874999999999995 0.53
5 0.4875 0.5337500000000001 0.47750000000000004 0.5337500000000001 0.47750000000000004 0.54875 0.4875 0.54875 0.4875 0.5337500000000001
5 0.7 0.53625 0.6799999999999999 0.53625 0.6799999999999999 0.55625 0.7 0.55625 0.7 0.53625
5 0.525 0.57625 0.505 0.57625 0.505 0.58875 0.525 0.58875 0.525 0.57625
5 0.51375 0.5925 0.49625 0.5925 0.49625 0.6075 0.51375 0.6075 0.51375 0.5925
5 0.51625 0.5825 0.49625 0.5825 0.49625 0.5974999999999999 0.51625 0.5974999999999999 0.51625 0.5825
5 0.5287499999999999 0.57125 0.51125 0.57125 0.51125 0.58375 0.5287499999999999 0.58375 0.5287499999999999 0.57125
5 0.19875 0.45625 0.17875000000000002 0.45625 0.17875000000000002 0.47874999999999995 0.19875 0.47874999999999995 0.19875 0.45625
5 0.1775 0.44875 0.16499999999999998 0.44875 0.16499999999999998 0.46624999999999994 0.1775 0.46624999999999994 0.1775 0.44875
5 0.16625 0.44749999999999995 0.15625 0.44749999999999995 0.15625 0.4625 0.16625 0.4625 0.16625 0.44749999999999995
5 0.15875 0.45375 0.14375 0.45375 0.14375 0.47125000000000006 0.15875 0.47125000000000006 0.15875 0.45375
5 0.0725 0.13374999999999998 0.052500000000000005 0.13374999999999998 0.052500000000000005 0.14625 0.0725 0.14625 0.0725 0.13374999999999998
5 0.0975 0.08875 0.0775 0.08875 0.0775 0.10625 0.0975 0.10625 0.0975 0.08875
5 0.10124999999999999 0.08125 0.08375 0.08125 0.08375 0.09625 0.10124999999999999 0.09625 0.10124999999999999 0.08125
5 0.4125 0.705 0.3625 0.705 0.3625 0.74 0.4125 0.74 0.4125 0.705
5 0.7787499999999999 0.89625 0.72375 0.89625 0.72375 0.93875 0.7787499999999999 0.93875 0.7787499999999999 0.89625
5 0.61625 0.7175 0.5962500000000001 0.7175 0.5962500000000001 0.7325 0.61625 0.7325 0.61625 0.7175
5 0.14375 0.4125 0.12625 0.4125 0.12625 0.43 0.14375 0.43 0.14375 0.4125