5 0.21125 0.83375 0.19375 0.83375 0.19375 0.8487500000000001 0.21125 0.8487500000000001 0.21125 0.83375
5 0.16625 0.5575 0.14875 0.5575 0.14875 0.58 0.16625 0.58 0.16625 0.5575
5 0.10375000000000001 0.54375 0.08125 0.54375 0.08125 0.56125 0.10375000000000001 0.56125 0.10375000000000001 0.54375
5 0.13625 0.32375 0.11875 0.32375 0.11875 0.34125 0.13625 0.34125 0.13625 0.32375
5 0.13125 0.3375 0.11125 0.3375 0.11125 0.355 0.13125 0.355 0.13125 0.3375
5 0.12 0.32 0.10500000000000001 0.32 0.10500000000000001 0.335 0.12 0.335 0.12 0.32
5 0.12625 0.34875 0.10124999999999999 0.34875 0.10124999999999999 0.36375 0.12625 0.36375 0.12625 0.34875
5 0.93625 0.22000000000000003 0.91625 0.22000000000000003 0.91625 0.24 0.93625 0.24 0.93625 0.22000000000000003
5 0.31 0.015 0.29500000000000004 0.015 0.29500000000000004 0.027500000000000004 0.31 0.027500000000000004 0.31 0.015
5 0.9650000000000001 0.06999999999999999 0.95 0.06999999999999999 0.95 0.0925 0.9650000000000001 0.0925 0.9650000000000001 0.06999999999999999
5 0.96125 0.89625 0.91375 0.89625 0.91375 0.96125 0.96125 0.96125 0.96125 0.89625
5 0.95875 0.60875 0.91875 0.60875 0.91875 0.64375 0.95875 0.64375 0.95875 0.60875
5 0.975 0.6425 0.9650000000000001 0.6425 0.9650000000000001 0.6599999999999999 0.975 0.6599999999999999 0.975 0.6425
5 0.06 0.33999999999999997 0.0375 0.33999999999999997 0.0375 0.35750000000000004 0.06 0.35750000000000004 0.06 0.33999999999999997