5 0.55625 0.85125 0.53125 0.85125 0.53125 0.8637499999999999 0.55625 0.8637499999999999 0.55625 0.85125
5 0.5675 0.845 0.5575 0.845 0.5575 0.8625 0.5675 0.8625 0.5675 0.845
5 0.58 0.76625 0.5650000000000001 0.76625 0.5650000000000001 0.78125 0.58 0.78125 0.58 0.76625
5 0.5974999999999999 0.745 0.58 0.745 0.58 0.7625 0.5974999999999999 0.7625 0.5974999999999999 0.745
5 0.6224999999999999 0.71375 0.605 0.71375 0.605 0.73375 0.6224999999999999 0.73375 0.6224999999999999 0.71375
5 0.64 0.6900000000000001 0.6224999999999999 0.6900000000000001 0.6224999999999999 0.71 0.64 0.71 0.64 0.6900000000000001
5 0.5775 0.8225 0.5650000000000001 0.8225 0.5650000000000001 0.8400000000000001 0.5775 0.8400000000000001 0.5775 0.8225
5 0.59875 0.79125 0.5862499999999999 0.79125 0.5862499999999999 0.8087500000000001 0.59875 0.8087500000000001 0.59875 0.79125
5 0.61 0.7725 0.595 0.7725 0.595 0.7925 0.61 0.7925 0.61 0.7725
5 0.6224999999999999 0.7625 0.605 0.7625 0.605 0.7775000000000001 0.6224999999999999 0.7775000000000001 0.6224999999999999 0.7625
5 0.64 0.7325 0.62 0.7325 0.62 0.755 0.64 0.755 0.64 0.7325
5 0.67 0.70125 0.6475 0.70125 0.6475 0.7262500000000001 0.67 0.7262500000000001 0.67 0.70125
5 0.6912499999999999 0.67875 0.67375 0.67875 0.67375 0.69625 0.6912499999999999 0.69625 0.6912499999999999 0.67875
5 0.7075 0.6637500000000001 0.6925 0.6637500000000001 0.6925 0.67875 0.7075 0.67875 0.7075 0.6637500000000001
5 0.725 0.6425 0.705 0.6425 0.705 0.665 0.725 0.665 0.725 0.6425
5 0.7875 0.595 0.77 0.595 0.77 0.61 0.7875 0.61 0.7875 0.595
5 0.8237500000000001 0.56875 0.80375 0.56875 0.80375 0.58375 0.8237500000000001 0.58375 0.8237500000000001 0.56875
5 0.73875 0.6224999999999999 0.71875 0.6224999999999999 0.71875 0.6275000000000001 0.73875 0.6275000000000001 0.73875 0.6224999999999999
5 0.8487500000000001 0.59375 0.82875 0.59375 0.82875 0.60875 0.8487500000000001 0.60875 0.8487500000000001 0.59375
5 0.6912499999999999 0.75 0.67625 0.75 0.67625 0.77 0.6912499999999999 0.77 0.6912499999999999 0.75
5 0.8375 0.56125 0.8225 0.56125 0.8225 0.57125 0.8375 0.57125 0.8375 0.56125
5 0.8800000000000001 0.5325 0.8625 0.5325 0.8625 0.5475 0.8800000000000001 0.5475 0.8800000000000001 0.5325
5 0.89625 0.5237499999999999 0.88375 0.5237499999999999 0.88375 0.53625 0.89625 0.53625 0.89625 0.5237499999999999
5 0.615 0.8637499999999999 0.6025 0.8637499999999999 0.6025 0.88125 0.615 0.88125 0.615 0.8637499999999999
5 0.56125 0.92125 0.54875 0.92125 0.54875 0.9412499999999999 0.56125 0.9412499999999999 0.56125 0.92125
5 0.55125 1 0.55125 0.9862500000000001 0.5387500000000001 0.9862500000000001 0.5387500000000001 1 0.55125 1
5 0.6375 0.8237500000000001 0.625 0.8237500000000001 0.625 0.8387499999999999 0.6375 0.8387499999999999 0.6375 0.8237500000000001
5 0.68125 0.8712500000000001 0.67125 0.8712500000000001 0.67125 0.8887499999999999 0.68125 0.8887499999999999 0.68125 0.8712500000000001
5 0.68875 0.8637499999999999 0.68125 0.8637499999999999 0.68125 0.8787499999999999 0.68875 0.8787499999999999 0.68875 0.8637499999999999
5 0.7175 0.8724999999999999 0.6975 0.8724999999999999 0.6975 0.8825 0.7175 0.8825 0.7175 0.8724999999999999
5 0.7175 0.88375 0.7 0.88375 0.7 0.89125 0.7175 0.89125 0.7175 0.88375
5 0.71 0.9 0.6925 0.9 0.6925 0.9075 0.71 0.9075 0.71 0.9
5 0.71875 0.8612500000000001 0.70125 0.8612500000000001 0.70125 0.8712500000000001 0.71875 0.8712500000000001 0.71875 0.8612500000000001
5 0.9862500000000001 0.5862499999999999 0.96875 0.5862499999999999 0.96875 0.6012500000000001 0.9862500000000001 0.6012500000000001 0.9862500000000001 0.5862499999999999
5 0.7887500000000001 0.09625 0.77125 0.09625 0.77125 0.11374999999999999 0.7887500000000001 0.11374999999999999 0.7887500000000001 0.09625
5 0.8162499999999999 0.13625 0.80375 0.13625 0.80375 0.15125 0.8162499999999999 0.15125 0.8162499999999999 0.13625
5 0.86625 0.19375 0.8487500000000001 0.19375 0.8487500000000001 0.21375000000000002 0.86625 0.21375000000000002 0.86625 0.19375
5 0.87625 0.21125 0.85875 0.21125 0.85875 0.23374999999999999 0.87625 0.23374999999999999 0.87625 0.21125
5 0.8387499999999999 0.1625 0.8237500000000001 0.1625 0.8237500000000001 0.185 0.8387499999999999 0.185 0.8387499999999999 0.1625
5 0.99375 0.3375 0.97625 0.3375 0.97625 0.35750000000000004 0.99375 0.35750000000000004 0.99375 0.3375
5 0.97625 0.32125 0.95875 0.32125 0.95875 0.33875 0.97625 0.33875 0.97625 0.32125
5 0.9550000000000001 0.23125 0.9425000000000001 0.23125 0.9425000000000001 0.24375 0.9550000000000001 0.24375 0.9550000000000001 0.23125
5 0.97 0.24375 0.9550000000000001 0.24375 0.9550000000000001 0.25875 0.97 0.25875 0.97 0.24375