5 0.21749999999999997 0.9 0.2 0.9 0.2 0.915 0.21749999999999997 0.915 0.21749999999999997 0.9
5 0.21625 0.8675 0.20125 0.8675 0.20125 0.8825 0.21625 0.8825 0.21625 0.8675
5 0.57375 0.55625 0.5587500000000001 0.55625 0.5587500000000001 0.57625 0.57375 0.57625 0.57375 0.55625
5 0.58125 0.58375 0.5662499999999999 0.58375 0.5662499999999999 0.59875 0.58125 0.59875 0.58125 0.58375
5 0.5825 0.6012500000000001 0.5650000000000001 0.6012500000000001 0.5650000000000001 0.61125 0.5825 0.61125 0.5825 0.6012500000000001
5 0.58125 0.61375 0.56375 0.61375 0.56375 0.62625 0.58125 0.62625 0.58125 0.61375
5 0.575 0.62625 0.5525 0.62625 0.5525 0.64125 0.575 0.64125 0.575 0.62625
5 0.5337500000000001 0.53 0.51875 0.53 0.51875 0.5475 0.5337500000000001 0.5475 0.5337500000000001 0.53
5 0.5275000000000001 0.5125 0.5125 0.5125 0.5125 0.53 0.5275000000000001 0.53 0.5275000000000001 0.5125
5 0.5525 0.485 0.5375 0.485 0.5375 0.505 0.5525 0.505 0.5525 0.485
5 0.515 0.46749999999999997 0.5 0.46749999999999997 0.5 0.485 0.515 0.485 0.515 0.46749999999999997
5 0.515 0.445 0.5 0.445 0.5 0.465 0.515 0.465 0.515 0.445
5 0.54625 0.44875 0.53125 0.44875 0.53125 0.46875 0.54625 0.46875 0.54625 0.44875
5 0.54625 0.42750000000000005 0.5337500000000001 0.42750000000000005 0.5337500000000001 0.4425 0.54625 0.4425 0.54625 0.42750000000000005
5 0.515 0.40374999999999994 0.5025000000000001 0.40374999999999994 0.5025000000000001 0.41875 0.515 0.41875 0.515 0.40374999999999994
5 0.54125 0.39 0.5287499999999999 0.39 0.5287499999999999 0.40750000000000003 0.54125 0.40750000000000003 0.54125 0.39
5 0.515 0.38625 0.5 0.38625 0.5 0.40374999999999994 0.515 0.40374999999999994 0.515 0.38625
5 0.545 0.3675 0.53 0.3675 0.53 0.3825 0.545 0.3825 0.545 0.3675
5 0.5225 0.35 0.505 0.35 0.505 0.3725 0.5225 0.3725 0.5225 0.35
5 0.52 0.30375 0.505 0.30375 0.505 0.31875 0.52 0.31875 0.52 0.30375
5 0.5287499999999999 0.2575 0.51125 0.2575 0.51125 0.2875 0.5287499999999999 0.2875 0.5287499999999999 0.2575
5 0.46375 0.27125 0.44875 0.27125 0.44875 0.28625 0.46375 0.28625 0.46375 0.27125
5 0.48 0.20875 0.4525 0.20875 0.4525 0.25375000000000003 0.48 0.25375000000000003 0.48 0.20875
5 0.46875 0.1125 0.45125000000000004 0.1125 0.45125000000000004 0.1325 0.46875 0.1325 0.46875 0.1125
5 0.55625 0.1025 0.54375 0.1025 0.54375 0.12 0.55625 0.12 0.55625 0.1025
5 0.11625 0.8712500000000001 0.07625 0.8712500000000001 0.07625 0.9087500000000001 0.11625 0.9087500000000001 0.11625 0.8712500000000001
5 0.10500000000000001 0.905 0.06999999999999999 0.905 0.06999999999999999 0.9425000000000001 0.10500000000000001 0.9425000000000001 0.10500000000000001 0.905
5 0.24375 0.49874999999999997 0.22625 0.49874999999999997 0.22625 0.50875 0.24375 0.50875 0.24375 0.49874999999999997
5 0.11499999999999999 0.515 0.11000000000000001 0.515 0.11000000000000001 0.5349999999999999 0.11499999999999999 0.5349999999999999 0.11499999999999999 0.515
5 0.335 0.82 0.3175 0.82 0.3175 0.8324999999999999 0.335 0.8324999999999999 0.335 0.82
5 0.8925000000000001 0.05500000000000001 0.8800000000000001 0.05500000000000001 0.8800000000000001 0.0625 0.8925000000000001 0.0625 0.8925000000000001 0.05500000000000001
5 0.545 0.1375 0.5349999999999999 0.1375 0.5349999999999999 0.1575 0.545 0.1575 0.545 0.1375