5 0.34875 0.7175 0.33375 0.7175 0.33375 0.7275 0.34875 0.7275 0.34875 0.7175
5 0.4875 0.795 0.47000000000000003 0.795 0.47000000000000003 0.8125 0.4875 0.8125 0.4875 0.795
5 0.47750000000000004 0.71 0.43499999999999994 0.71 0.43499999999999994 0.73 0.47750000000000004 0.73 0.47750000000000004 0.71
5 0.43125 0.7625 0.41125 0.7625 0.41125 0.7775000000000001 0.43125 0.7775000000000001 0.43125 0.7625
5 0.365 0.7537499999999999 0.34500000000000003 0.7537499999999999 0.34500000000000003 0.76875 0.365 0.76875 0.365 0.7537499999999999
5 0.43 0.8625 0.4125 0.8625 0.4125 0.8800000000000001 0.43 0.8800000000000001 0.43 0.8625
5 0.32999999999999996 0.7875 0.3075 0.7875 0.3075 0.8074999999999999 0.32999999999999996 0.8074999999999999 0.32999999999999996 0.7875
5 0.3225 0.825 0.305 0.825 0.305 0.8400000000000001 0.3225 0.8400000000000001 0.3225 0.825
5 0.34500000000000003 0.8400000000000001 0.3225 0.8400000000000001 0.3225 0.8574999999999999 0.34500000000000003 0.8574999999999999 0.34500000000000003 0.8400000000000001
5 0.35 0.8487500000000001 0.335 0.8487500000000001 0.335 0.8637499999999999 0.35 0.8637499999999999 0.35 0.8487500000000001
5 0.35875 0.85625 0.34125 0.85625 0.34125 0.8712500000000001 0.35875 0.8712500000000001 0.35875 0.85625
5 0.37124999999999997 0.86 0.34875 0.86 0.34875 0.8800000000000001 0.37124999999999997 0.8800000000000001 0.37124999999999997 0.86
5 0.3775 0.8675 0.35750000000000004 0.8675 0.35750000000000004 0.8825 0.3775 0.8825 0.3775 0.8675
5 0.38375 0.8775000000000001 0.36375 0.8775000000000001 0.36375 0.89 0.38375 0.89 0.38375 0.8775000000000001
5 0.39249999999999996 0.8800000000000001 0.3725 0.8800000000000001 0.3725 0.9 0.39249999999999996 0.9 0.39249999999999996 0.8800000000000001
5 0.40125 0.8875 0.38125 0.8875 0.38125 0.905 0.40125 0.905 0.40125 0.8875
5 0.40625 0.9 0.38875000000000004 0.9 0.38875000000000004 0.915 0.40625 0.915 0.40625 0.9
5 0.41375 0.9087500000000001 0.39875 0.9087500000000001 0.39875 0.91875 0.41375 0.91875 0.41375 0.9087500000000001
5 0.42000000000000004 0.91375 0.40499999999999997 0.91375 0.40499999999999997 0.9262499999999999 0.42000000000000004 0.9262499999999999 0.42000000000000004 0.91375
5 0.38875000000000004 0.9125 0.37124999999999997 0.9125 0.37124999999999997 0.93 0.38875000000000004 0.93 0.38875000000000004 0.9125
5 0.325 0.9 0.3025 0.9 0.3025 0.9175000000000001 0.325 0.9175000000000001 0.325 0.9
5 0.335 0.9125 0.32 0.9125 0.32 0.925 0.335 0.925 0.335 0.9125
5 0.33999999999999997 0.91875 0.3275 0.91875 0.3275 0.93125 0.33999999999999997 0.93125 0.33999999999999997 0.91875
5 0.35125 0.925 0.33375 0.925 0.33375 0.9400000000000001 0.35125 0.9400000000000001 0.35125 0.925
5 0.3625 0.93 0.34249999999999997 0.93 0.34249999999999997 0.9475 0.3625 0.9475 0.3625 0.93
5 0.37124999999999997 0.9375 0.35125 0.9375 0.35125 0.9525 0.37124999999999997 0.9525 0.37124999999999997 0.9375
5 0.38 0.94625 0.36 0.94625 0.36 0.96125 0.38 0.96125 0.38 0.94625
5 0.22374999999999998 0.85625 0.20125 0.85625 0.20125 0.87375 0.22374999999999998 0.87375 0.22374999999999998 0.85625
5 0.205 0.9574999999999999 0.1875 0.9574999999999999 0.1875 0.97 0.205 0.97 0.205 0.9574999999999999
5 0.22749999999999998 0.9775 0.20750000000000002 0.9775 0.20750000000000002 0.9925 0.22749999999999998 0.9925 0.22749999999999998 0.9775
5 0.04 0.97875 0.0225 0.97875 0.0225 0.99375 0.04 0.99375 0.04 0.97875
5 0 0.7887500000000001 0.04 0.7887500000000001 0.04 0.75625 0 0.75625 0 0.7887500000000001
5 0.4925 0.9637499999999999 0.47750000000000004 0.9637499999999999 0.47750000000000004 0.97625 0.4925 0.97625 0.4925 0.9637499999999999
5 0.24874999999999997 0.88375 0.22875 0.88375 0.22875 0.89875 0.24874999999999997 0.89875 0.24874999999999997 0.88375
5 0.05625 1 0.05625 0.99375 0.041249999999999995 0.99375 0.041249999999999995 1 0.05625 1
5 0.11125 0.9349999999999999 0.09125 0.9349999999999999 0.09125 0.9425000000000001 0.11125 0.9425000000000001 0.11125 0.9349999999999999
5 0.21749999999999997 0.9237500000000001 0.1975 0.9237500000000001 0.1975 0.93625 0.21749999999999997 0.93625 0.21749999999999997 0.9237500000000001
5 0.25375000000000003 0.77125 0.23625 0.77125 0.23625 0.78125 0.25375000000000003 0.78125 0.25375000000000003 0.77125
5 0.34750000000000003 0.8099999999999999 0.335 0.8099999999999999 0.335 0.8225 0.34750000000000003 0.8225 0.34750000000000003 0.8099999999999999
5 0.0475 0.9875 0.0325 0.9875 0.0325 0.9974999999999999 0.0475 0.9974999999999999 0.0475 0.9875
5 0.12250000000000001 0.8800000000000001 0.10500000000000001 0.8800000000000001 0.10500000000000001 0.89 0.12250000000000001 0.89 0.12250000000000001 0.8800000000000001
5 0.52 0.9275 0.505 0.9275 0.505 0.9400000000000001 0.52 0.9400000000000001 0.52 0.9275
5 0.50125 0.9675 0.48125 0.9675 0.48125 0.99 0.50125 0.99 0.50125 0.9675
5 0.12375 0.9512499999999999 0.10874999999999999 0.9512499999999999 0.10874999999999999 0.96125 0.12375 0.96125 0.12375 0.9512499999999999
5 0.155 0.8712500000000001 0.1375 0.8712500000000001 0.1375 0.88125 0.155 0.88125 0.155 0.8712500000000001
5 0.19375 0.9037499999999999 0.17625 0.9037499999999999 0.17625 0.91625 0.19375 0.91625 0.19375 0.9037499999999999
5 0.28125 0.9175000000000001 0.26625 0.9175000000000001 0.26625 0.93 0.28125 0.93 0.28125 0.9175000000000001
5 0.21625 0.81375 0.19875 0.81375 0.19875 0.8262499999999999 0.21625 0.8262499999999999 0.21625 0.81375
5 0.24375 0.7625 0.22875 0.7625 0.22875 0.775 0.24375 0.775 0.24375 0.7625
5 0.35750000000000004 0.72 0.34249999999999997 0.72 0.34249999999999997 0.7325 0.35750000000000004 0.7325 0.35750000000000004 0.72
5 0.5387500000000001 0.9349999999999999 0.52125 0.9349999999999999 0.52125 0.9525 0.5387500000000001 0.9525 0.5387500000000001 0.9349999999999999
5 0.26625 0.9 0.24874999999999997 0.9 0.24874999999999997 0.9175000000000001 0.26625 0.9175000000000001 0.26625 0.9
5 0.24500000000000002 0.8412499999999999 0.22749999999999998 0.8412499999999999 0.22749999999999998 0.85625 0.24500000000000002 0.85625 0.24500000000000002 0.8412499999999999
5 0.11499999999999999 0.97875 0.0975 0.97875 0.0975 0.99125 0.11499999999999999 0.99125 0.11499999999999999 0.97875
5 0.10874999999999999 0.8637499999999999 0.09125 0.8637499999999999 0.09125 0.87625 0.10874999999999999 0.87625 0.10874999999999999 0.8637499999999999
5 0.11499999999999999 0.8699999999999999 0.0975 0.8699999999999999 0.0975 0.8825 0.11499999999999999 0.8825 0.11499999999999999 0.8699999999999999
5 0.20375000000000001 0.8087500000000001 0.18625 0.8087500000000001 0.18625 0.82125 0.20375000000000001 0.82125 0.20375000000000001 0.8087500000000001
5 0.2925 0.88125 0.27749999999999997 0.88125 0.27749999999999997 0.89375 0.2925 0.89375 0.2925 0.88125
5 0.11750000000000001 1 0.11750000000000001 0.9875 0.10500000000000001 0.9875 0.10500000000000001 1 0.11750000000000001 1
5 0.17625 0.9275 0.15625 0.9275 0.15625 0.9375 0.17625 0.9375 0.17625 0.9275
5 0.26 0.89625 0.2425 0.89625 0.2425 0.90625 0.26 0.90625 0.26 0.89625
5 0.27625 0.97875 0.26125 0.97875 0.26125 0.99375 0.27625 0.99375 0.27625 0.97875
5 0.18625 0.825 0.16625 0.825 0.16625 0.835 0.18625 0.835 0.18625 0.825
5 0.30125 0.8875 0.28625 0.8875 0.28625 0.8975 0.30125 0.8975 0.30125 0.8875
5 0.29125 0.805 0.27625 0.805 0.27625 0.8175000000000001 0.29125 0.8175000000000001 0.29125 0.805
5 0.47625 0.95 0.45375 0.95 0.45375 0.9675 0.47625 0.9675 0.47625 0.95
5 0.21125 0.9650000000000001 0.19624999999999998 0.9650000000000001 0.19624999999999998 0.9775 0.21125 0.9775 0.21125 0.9650000000000001
5 0.30125 0.93125 0.27875 0.93125 0.27875 0.94375 0.30125 0.94375 0.30125 0.93125
5 0.35750000000000004 0.8150000000000001 0.34249999999999997 0.8150000000000001 0.34249999999999997 0.8275 0.35750000000000004 0.8275 0.35750000000000004 0.8150000000000001
5 0.3875 0.83125 0.37 0.83125 0.37 0.8487500000000001 0.3875 0.8487500000000001 0.3875 0.83125
5 0.14625 0.9724999999999999 0.12875 0.9724999999999999 0.12875 0.985 0.14625 0.985 0.14625 0.9724999999999999
5 0.10124999999999999 0.92875 0.08625000000000001 0.92875 0.08625000000000001 0.93875 0.10124999999999999 0.93875 0.10124999999999999 0.92875
5 0.28875 0.8699999999999999 0.27125 0.8699999999999999 0.27125 0.8875 0.28875 0.8875 0.28875 0.8699999999999999
5 0.54625 0.68625 0.5287499999999999 0.68625 0.5287499999999999 0.69875 0.54625 0.69875 0.54625 0.68625
5 0.061250000000000006 0.9225 0.041249999999999995 0.9225 0.041249999999999995 0.9324999999999999 0.061250000000000006 0.9324999999999999 0.061250000000000006 0.9225
5 0.21749999999999997 0.9712500000000001 0.1975 0.9712500000000001 0.1975 0.9862500000000001 0.21749999999999997 0.9862500000000001 0.21749999999999997 0.9712500000000001
5 0.2375 1 0.2375 0.9875 0.21749999999999997 0.9875 0.21749999999999997 1 0.2375 1
5 0.17375000000000002 0.82 0.15625 0.82 0.15625 0.8300000000000001 0.17375000000000002 0.8300000000000001 0.17375000000000002 0.82
5 0.22875 0.82875 0.21375000000000002 0.82875 0.21375000000000002 0.84375 0.22875 0.84375 0.22875 0.82875
5 0.34249999999999997 0.80375 0.325 0.80375 0.325 0.8162499999999999 0.34249999999999997 0.8162499999999999 0.34249999999999997 0.80375
5 0.095 0.92125 0.08 0.92125 0.08 0.93125 0.095 0.93125 0.095 0.92125
5 0.09 0.91375 0.0725 0.91375 0.0725 0.9237500000000001 0.09 0.9237500000000001 0.09 0.91375
5 0.17875000000000002 0.89125 0.16125 0.89125 0.16125 0.9012499999999999 0.17875000000000002 0.9012499999999999 0.17875000000000002 0.89125
5 0.32999999999999996 0.95875 0.31 0.95875 0.31 0.96875 0.32999999999999996 0.96875 0.32999999999999996 0.95875
5 0.3825 0.7675 0.365 0.7675 0.365 0.78 0.3825 0.78 0.3825 0.7675
5 0.13 0.9574999999999999 0.11000000000000001 0.9574999999999999 0.11000000000000001 0.97 0.13 0.97 0.13 0.9574999999999999
5 0.13999999999999999 0.89 0.12250000000000001 0.89 0.12250000000000001 0.9025000000000001 0.13999999999999999 0.9025000000000001 0.13999999999999999 0.89
5 0.16 0.8787499999999999 0.14750000000000002 0.8787499999999999 0.14750000000000002 0.8887499999999999 0.16 0.8887499999999999 0.16 0.8787499999999999
5 0.19 0.9425000000000001 0.17250000000000001 0.9425000000000001 0.17250000000000001 0.9550000000000001 0.19 0.9550000000000001 0.19 0.9425000000000001
5 0.27375 0.9675 0.25125000000000003 0.9675 0.25125000000000003 0.9824999999999999 0.27375 0.9824999999999999 0.27375 0.9675
5 0.19624999999999998 0.8025 0.17875000000000002 0.8025 0.17875000000000002 0.8125 0.19624999999999998 0.8125 0.19624999999999998 0.8025
5 0.54875 0.885 0.5337500000000001 0.885 0.5337500000000001 0.9 0.54875 0.9 0.54875 0.885
5 0.50125 0.8099999999999999 0.48875 0.8099999999999999 0.48875 0.825 0.50125 0.825 0.50125 0.8099999999999999
5 0.0875 0.95 0.06999999999999999 0.95 0.06999999999999999 0.9625 0.0875 0.9625 0.0875 0.95
5 0.0725 0.9 0.057499999999999996 0.9 0.057499999999999996 0.9099999999999999 0.0725 0.9099999999999999 0.0725 0.9
5 0.185 0.9349999999999999 0.1625 0.9349999999999999 0.1625 0.9475 0.185 0.9475 0.185 0.9349999999999999
5 0.3125 0.945 0.29500000000000004 0.945 0.29500000000000004 0.9550000000000001 0.3125 0.9550000000000001 0.3125 0.945
5 0.09875 0.9650000000000001 0.08375 0.9650000000000001 0.08375 0.9775 0.09875 0.9775 0.09875 0.9650000000000001
5 0.15625 0.9800000000000001 0.13374999999999998 0.9800000000000001 0.13374999999999998 0.9925 0.15625 0.9925 0.15625 0.9800000000000001
5 0.23625 0.83625 0.21875 0.83625 0.21875 0.8462500000000001 0.23625 0.8462500000000001 0.23625 0.83625
5 0.4225 0.8012499999999999 0.40750000000000003 0.8012499999999999 0.40750000000000003 0.81375 0.4225 0.81375 0.4225 0.8012499999999999
5 0.12250000000000001 0.9400000000000001 0.1 0.9400000000000001 0.1 0.9525 0.12250000000000001 0.9525 0.12250000000000001 0.9400000000000001
5 0.3225 0.9512499999999999 0.3075 0.9512499999999999 0.3075 0.9637499999999999 0.3225 0.9637499999999999 0.3225 0.9512499999999999
5 0.205 0.8462500000000001 0.1875 0.8462500000000001 0.1875 0.85625 0.205 0.85625 0.205 0.8462500000000001
5 0.365 0.81875 0.35 0.81875 0.35 0.83625 0.365 0.83625 0.365 0.81875
5 0.45499999999999996 0.885 0.4375 0.885 0.4375 0.8975 0.45499999999999996 0.8975 0.45499999999999996 0.885
5 0.2375 0.93875 0.215 0.93875 0.215 0.95375 0.2375 0.95375 0.2375 0.93875
5 0.1975 0.8400000000000001 0.18 0.8400000000000001 0.18 0.85 0.1975 0.85 0.1975 0.8400000000000001
5 0.41 0.85125 0.395 0.85125 0.395 0.86625 0.41 0.86625 0.41 0.85125
5 0.44125 0.9550000000000001 0.42374999999999996 0.9550000000000001 0.42374999999999996 0.9675 0.44125 0.9675 0.44125 0.9550000000000001
5 0.16875 0.88375 0.15125 0.88375 0.15125 0.89375 0.16875 0.89375 0.16875 0.88375
5 0.20875 0.91875 0.19375 0.91875 0.19375 0.92875 0.20875 0.92875 0.20875 0.91875
5 0.2875 0.9887499999999999 0.27 0.9887499999999999 0.27 0.99875 0.2875 0.99875 0.2875 0.9887499999999999
5 0.25375000000000003 0.95625 0.23625 0.95625 0.23625 0.96875 0.25375000000000003 0.96875 0.25375000000000003 0.95625
5 0.27999999999999997 0.865 0.2625 0.865 0.2625 0.8800000000000001 0.27999999999999997 0.8800000000000001 0.27999999999999997 0.865
5 0.41624999999999995 0.79125 0.39875 0.79125 0.39875 0.8087500000000001 0.41624999999999995 0.8087500000000001 0.41624999999999995 0.79125
5 0.6849999999999999 0.8612500000000001 0.665 0.8612500000000001 0.665 0.8862500000000001 0.6849999999999999 0.8862500000000001 0.6849999999999999 0.8612500000000001
5 0.08249999999999999 0.9400000000000001 0.06 0.9400000000000001 0.06 0.9550000000000001 0.08249999999999999 0.9550000000000001 0.08249999999999999 0.9400000000000001
5 0.14750000000000002 0.8637499999999999 0.13 0.8637499999999999 0.13 0.87375 0.14750000000000002 0.87375 0.14750000000000002 0.8637499999999999
5 0.23875000000000002 0.87625 0.21875 0.87625 0.21875 0.8887499999999999 0.23875000000000002 0.8887499999999999 0.23875000000000002 0.87625
5 0.5275000000000001 1 0.5275000000000001 0.99125 0.51 0.99125 0.51 1 0.5275000000000001 1
5 0.09375 0.95625 0.07875 0.95625 0.07875 0.96875 0.09375 0.96875 0.09375 0.95625
5 0.185 0.89625 0.16999999999999998 0.89625 0.16999999999999998 0.9087500000000001 0.185 0.9087500000000001 0.185 0.89625
5 0.19125 0.8324999999999999 0.17375000000000002 0.8324999999999999 0.17375000000000002 0.8425 0.19125 0.8425 0.19125 0.8324999999999999
5 0.3125 0.89125 0.29500000000000004 0.89125 0.29500000000000004 0.90625 0.3125 0.90625 0.3125 0.89125
5 0.25875 0.7787499999999999 0.24125000000000002 0.7787499999999999 0.24125000000000002 0.79125 0.25875 0.79125 0.25875 0.7787499999999999
5 0.36625 0.725 0.35125 0.725 0.35125 0.7424999999999999 0.36625 0.7424999999999999 0.36625 0.725
5 0.07875 0.9087500000000001 0.06375 0.9087500000000001 0.06375 0.92125 0.07875 0.92125 0.07875 0.9087500000000001
5 0.1325 0.8862500000000001 0.11750000000000001 0.8862500000000001 0.11750000000000001 0.89625 0.1325 0.89625 0.1325 0.8862500000000001
5 0.13374999999999998 0.8474999999999999 0.11374999999999999 0.8474999999999999 0.11374999999999999 0.86 0.13374999999999998 0.86 0.13374999999999998 0.8474999999999999
5 0.27 0.8612500000000001 0.2525 0.8612500000000001 0.2525 0.87375 0.27 0.87375 0.27 0.8612500000000001
5 0.355 0.75 0.3375 0.75 0.3375 0.7625 0.355 0.7625 0.355 0.75
5 0.41624999999999995 0.69375 0.38875000000000004 0.69375 0.38875000000000004 0.70625 0.41624999999999995 0.70625 0.41624999999999995 0.69375
5 0.34750000000000003 0.9712500000000001 0.325 0.9712500000000001 0.325 0.9862500000000001 0.34750000000000003 0.9862500000000001 0.34750000000000003 0.9712500000000001
5 0.33125 0.8 0.31875 0.8 0.31875 0.8099999999999999 0.33125 0.8099999999999999 0.33125 0.8
5 0.52625 0.7625 0.50125 0.7625 0.50125 0.7725 0.52625 0.7725 0.52625 0.7625
5 0.40374999999999994 0.7887500000000001 0.39125 0.7887500000000001 0.39125 0.8012499999999999 0.40374999999999994 0.8012499999999999 0.40374999999999994 0.7887500000000001
5 0.27625 0.9075 0.25875 0.9075 0.25875 0.925 0.27625 0.925 0.27625 0.9075
5 0.44375 0.875 0.42874999999999996 0.875 0.42874999999999996 0.89 0.44375 0.89 0.44375 0.875
5 0.52 0.82 0.505 0.82 0.505 0.8375 0.52 0.8375 0.52 0.82
5 0.34750000000000003 0.74 0.32999999999999996 0.74 0.32999999999999996 0.7575000000000001 0.34750000000000003 0.7575000000000001 0.34750000000000003 0.74
5 0.16 0.915 0.14250000000000002 0.915 0.14250000000000002 0.9275 0.16 0.9275 0.16 0.915
5 0.1675 0.9225 0.15 0.9225 0.15 0.9324999999999999 0.1675 0.9324999999999999 0.1675 0.9225
5 0.25375000000000003 0.8462500000000001 0.23625 0.8462500000000001 0.23625 0.8612500000000001 0.25375000000000003 0.8612500000000001 0.25375000000000003 0.8462500000000001
5 0.30375 0.81125 0.28625 0.81125 0.28625 0.8262499999999999 0.30375 0.8262499999999999 0.30375 0.81125
5 0.5675 0.85 0.55 0.85 0.55 0.865 0.5675 0.865 0.5675 0.85
5 0.32625000000000004 0.735 0.30874999999999997 0.735 0.30874999999999997 0.75 0.32625000000000004 0.75 0.32625000000000004 0.735
5 0.49124999999999996 0.85125 0.47625 0.85125 0.47625 0.86625 0.49124999999999996 0.86625 0.49124999999999996 0.85125
5 0.10625 0.9724999999999999 0.08875 0.9724999999999999 0.08875 0.9824999999999999 0.10625 0.9824999999999999 0.10625 0.9724999999999999
5 0.22000000000000003 0.82125 0.205 0.82125 0.205 0.83375 0.22000000000000003 0.83375 0.22000000000000003 0.82125
5 0.2 0.9099999999999999 0.1825 0.9099999999999999 0.1825 0.9225 0.2 0.9225 0.2 0.9099999999999999
5 0.4575 0.9724999999999999 0.44000000000000006 0.9724999999999999 0.44000000000000006 0.985 0.4575 0.985 0.4575 0.9724999999999999
5 0.04875 0.905 0.026250000000000002 0.905 0.026250000000000002 0.915 0.04875 0.915 0.04875 0.905
5 0.13999999999999999 0.8550000000000001 0.12 0.8550000000000001 0.12 0.8675 0.13999999999999999 0.8675 0.13999999999999999 0.8550000000000001
5 0.22625 0.9337500000000001 0.20875 0.9337500000000001 0.20875 0.94625 0.22625 0.94625 0.22625 0.9337500000000001
5 0.25625 0.9637499999999999 0.24375 0.9637499999999999 0.24375 0.9737500000000001 0.25625 0.9737500000000001 0.25625 0.9637499999999999
5 0.28500000000000003 0.7575000000000001 0.2625 0.7575000000000001 0.2625 0.7725 0.28500000000000003 0.7725 0.28500000000000003 0.7575000000000001
5 0.29874999999999996 0.77 0.28375 0.77 0.28375 0.7849999999999999 0.29874999999999996 0.7849999999999999 0.29874999999999996 0.77
5 0.44875 0.775 0.43125 0.775 0.43125 0.79 0.44875 0.79 0.44875 0.775
5 0.43875000000000003 0.70375 0.41125 0.70375 0.41125 0.71375 0.43875000000000003 0.71375 0.43875000000000003 0.70375
5 0.16375 1 0.16375 0.9875 0.14125000000000001 0.9875 0.14125000000000001 1 0.16375 1
5 0.14625 0.8975 0.13125 0.8975 0.13125 0.9075 0.14625 0.9075 0.14625 0.8975
5 0.2625 0.85375 0.2475 0.85375 0.2475 0.86625 0.2625 0.86625 0.2625 0.85375
5 0.38375 0.73625 0.37124999999999997 0.73625 0.37124999999999997 0.74875 0.38375 0.74875 0.38375 0.73625
5 0.475 0.83625 0.45999999999999996 0.83625 0.45999999999999996 0.85625 0.475 0.85625 0.475 0.83625
5 0.09125 0.69625 0.07625 0.69625 0.07625 0.70375 0.09125 0.70375 0.09125 0.69625
5 0.05625 0.8150000000000001 0.03625 0.8150000000000001 0.03625 0.8275 0.05625 0.8275 0.05625 0.8150000000000001
5 0.51625 0.98375 0.49874999999999997 0.98375 0.49874999999999997 0.99875 0.51625 0.99875 0.51625 0.98375
5 0.03625 0.9724999999999999 0.021249999999999998 0.9724999999999999 0.021249999999999998 0.9824999999999999 0.03625 0.9824999999999999 0.03625 0.9724999999999999
5 0.29125 0.925 0.27375 0.925 0.27375 0.9349999999999999 0.29125 0.9349999999999999 0.29125 0.925
5 0.2325 0.8675 0.2125 0.8675 0.2125 0.8800000000000001 0.2325 0.8800000000000001 0.2325 0.8675
5 0.4375 0.80375 0.41500000000000004 0.80375 0.41500000000000004 0.81875 0.4375 0.81875 0.4375 0.80375
5 0.30874999999999997 0.93875 0.28625 0.93875 0.28625 0.9487500000000001 0.30874999999999997 0.9487500000000001 0.30874999999999997 0.93875
5 0.335 0.8375 0.315 0.8375 0.315 0.8525 0.335 0.8525 0.335 0.8375
5 0.45375 0.8275 0.43875000000000003 0.8275 0.43875000000000003 0.8425 0.45375 0.8425 0.45375 0.8275
5 0.2 0.9475 0.18 0.9475 0.18 0.9625 0.2 0.9625 0.2 0.9475
5 0.39625 0.78 0.38125 0.78 0.38125 0.7975 0.39625 0.7975 0.39625 0.78
5 0.14250000000000002 0.9650000000000001 0.12 0.9650000000000001 0.12 0.975 0.14250000000000002 0.975 0.14250000000000002 0.9650000000000001
5 0.21375000000000002 0.8550000000000001 0.19624999999999998 0.8550000000000001 0.19624999999999998 0.865 0.21375000000000002 0.865 0.21375000000000002 0.8550000000000001
5 0.40125 0.84375 0.38875000000000004 0.84375 0.38875000000000004 0.85875 0.40125 0.85875 0.40125 0.84375