5 0.66625 0.945 0.64375 0.945 0.64375 0.96 0.66625 0.96 0.66625 0.945
5 0.5025000000000001 0.97 0.48250000000000004 0.97 0.48250000000000004 0.985 0.5025000000000001 0.985 0.5025000000000001 0.97
5 0.9225 0.7887500000000001 0.9075 0.7887500000000001 0.9075 0.80625 0.9225 0.80625 0.9225 0.7887500000000001
5 0.48125 0.7875 0.46375 0.7875 0.46375 0.8025 0.48125 0.8025 0.48125 0.7875
5 0.45375 0.77 0.43624999999999997 0.77 0.43624999999999997 0.7825 0.45375 0.7825 0.45375 0.77
5 0.465 0.7675 0.4525 0.7675 0.4525 0.78 0.465 0.78 0.465 0.7675
5 0.5237499999999999 0.8162499999999999 0.50125 0.8162499999999999 0.50125 0.83125 0.5237499999999999 0.83125 0.5237499999999999 0.8162499999999999
5 0.225 0.9262499999999999 0.21000000000000002 0.9262499999999999 0.21000000000000002 0.9412499999999999 0.225 0.9412499999999999 0.225 0.9262499999999999
5 0.27875 0.9175000000000001 0.26625 0.9175000000000001 0.26625 0.93 0.27875 0.93 0.27875 0.9175000000000001
5 0.04 0.6487499999999999 0.025 0.6487499999999999 0.025 0.6637500000000001 0.04 0.6637500000000001 0.04 0.6487499999999999
5 0.034999999999999996 0.5599999999999999 0.015 0.5599999999999999 0.015 0.5725 0.034999999999999996 0.5725 0.034999999999999996 0.5599999999999999
5 0.041249999999999995 0.55125 0.021249999999999998 0.55125 0.021249999999999998 0.56375 0.041249999999999995 0.56375 0.041249999999999995 0.55125
5 0.03125 0.5237499999999999 0.01625 0.5237499999999999 0.01625 0.53625 0.03125 0.53625 0.03125 0.5237499999999999
5 0.0375 0.51375 0.025 0.51375 0.025 0.52625 0.0375 0.52625 0.0375 0.51375
5 0 0.5549999999999999 0.013750000000000002 0.5549999999999999 0.013750000000000002 0.5425 0 0.5425 0 0.5549999999999999
5 0.0325 0.5337500000000001 0.017499999999999998 0.5337500000000001 0.017499999999999998 0.54875 0.0325 0.54875 0.0325 0.5337500000000001
5 0.2525 0.46624999999999994 0.2325 0.46624999999999994 0.2325 0.48125 0.2525 0.48125 0.2525 0.46624999999999994
5 0.31375000000000003 0.45375 0.29625 0.45375 0.29625 0.46624999999999994 0.31375000000000003 0.46624999999999994 0.31375000000000003 0.45375
5 0.34875 0.49749999999999994 0.33375 0.49749999999999994 0.33375 0.51 0.34875 0.51 0.34875 0.49749999999999994
5 0.061250000000000006 0.6525000000000001 0.04625 0.6525000000000001 0.04625 0.6675 0.061250000000000006 0.6675 0.061250000000000006 0.6525000000000001
5 0.9875 0.20375000000000001 0.975 0.20375000000000001 0.975 0.21875 0.9875 0.21875 0.9875 0.20375000000000001
5 0.7462500000000001 0.00125 0.72875 0.00125 0.72875 0.01625 0.7462500000000001 0.01625 0.7462500000000001 0.00125