5 0.94625 0.9512499999999999 0.93625 0.9512499999999999 0.93625 0.9662499999999999 0.94625 0.9662499999999999 0.94625 0.9512499999999999
5 0.9349999999999999 0.9525 0.925 0.9525 0.925 0.9724999999999999 0.9349999999999999 0.9724999999999999 0.9349999999999999 0.9525
5 0.95375 0.945 0.94375 0.945 0.94375 0.9650000000000001 0.95375 0.9650000000000001 0.95375 0.945
5 0.9275 0.9112500000000001 0.9225 0.9112500000000001 0.9225 0.9237500000000001 0.9275 0.9237500000000001 0.9275 0.9112500000000001
5 0.9974999999999999 0.92875 0.9875 0.92875 0.9875 0.9487500000000001 0.9974999999999999 0.9487500000000001 0.9974999999999999 0.92875
5 0.27749999999999997 0.25 0.26 0.25 0.26 0.26 0.27749999999999997 0.26 0.27749999999999997 0.25
5 0.9487500000000001 0.905 0.93875 0.905 0.93875 0.9225 0.9487500000000001 0.9225 0.9487500000000001 0.905
5 0.5225 0.6575 0.5125 0.6575 0.5125 0.675 0.5225 0.675 0.5225 0.6575
5 0.3225 0.205 0.305 0.205 0.305 0.2125 0.3225 0.2125 0.3225 0.205
5 0.2375 0.23125 0.22000000000000003 0.23125 0.22000000000000003 0.24375 0.2375 0.24375 0.2375 0.23125
5 0.98375 0.7925 0.96875 0.7925 0.96875 0.8125 0.98375 0.8125 0.98375 0.7925
5 0.9574999999999999 0.9025000000000001 0.9475 0.9025000000000001 0.9475 0.9175000000000001 0.9574999999999999 0.9175000000000001 0.9574999999999999 0.9025000000000001
5 0.9237500000000001 0.8400000000000001 0.91375 0.8400000000000001 0.91375 0.8625 0.9237500000000001 0.8625 0.9237500000000001 0.8400000000000001
5 1 0.8574999999999999 0.9887499999999999 0.8574999999999999 0.9887499999999999 0.8775000000000001 1 0.8775000000000001 1 0.8574999999999999
5 0.9925 0.8875 0.9824999999999999 0.8875 0.9824999999999999 0.905 0.9925 0.905 0.9925 0.8875
5 0.8887499999999999 0.8237500000000001 0.8787499999999999 0.8237500000000001 0.8787499999999999 0.8412499999999999 0.8887499999999999 0.8412499999999999 0.8887499999999999 0.8237500000000001
5 0.44749999999999995 0.68625 0.43499999999999994 0.68625 0.43499999999999994 0.70625 0.44749999999999995 0.70625 0.44749999999999995 0.68625
5 0.475 0.7162499999999999 0.45499999999999996 0.7162499999999999 0.45499999999999996 0.74125 0.475 0.74125 0.475 0.7162499999999999
5 0.24125000000000002 0.54125 0.22625 0.54125 0.22625 0.55625 0.24125000000000002 0.55625 0.24125000000000002 0.54125
5 0.10500000000000001 0.30874999999999997 0.08499999999999999 0.30874999999999997 0.08499999999999999 0.32125 0.10500000000000001 0.32125 0.10500000000000001 0.30874999999999997
5 0.3 0.2125 0.28250000000000003 0.2125 0.28250000000000003 0.22000000000000003 0.3 0.22000000000000003 0.3 0.2125
5 0.9512499999999999 0.83125 0.9412499999999999 0.83125 0.9412499999999999 0.8487500000000001 0.9512499999999999 0.8487500000000001 0.9512499999999999 0.83125
5 0.47874999999999995 0.6275000000000001 0.46875 0.6275000000000001 0.46875 0.6425 0.47874999999999995 0.6425 0.47874999999999995 0.6275000000000001
5 0.20625 0.45375 0.19375 0.45375 0.19375 0.47375 0.20625 0.47375 0.20625 0.45375
5 0.38 0.70625 0.37 0.70625 0.37 0.72375 0.38 0.72375 0.38 0.70625
5 0.905 0.8462500000000001 0.8949999999999999 0.8462500000000001 0.8949999999999999 0.8637499999999999 0.905 0.8637499999999999 0.905 0.8462500000000001
5 0.28875 0.6174999999999999 0.27625 0.6174999999999999 0.27625 0.635 0.28875 0.635 0.28875 0.6174999999999999
5 0.23500000000000001 0.26749999999999996 0.215 0.26749999999999996 0.215 0.27749999999999997 0.23500000000000001 0.27749999999999997 0.23500000000000001 0.26749999999999996
5 0.34249999999999997 0.23125 0.3275 0.23125 0.3275 0.23875000000000002 0.34249999999999997 0.23875000000000002 0.34249999999999997 0.23125
5 0.40125 0.2125 0.38625 0.2125 0.38625 0.22000000000000003 0.40125 0.22000000000000003 0.40125 0.2125
5 0.62625 0.1125 0.60875 0.1125 0.60875 0.125 0.62625 0.125 0.62625 0.1125
5 0.9375 0.90625 0.9275 0.90625 0.9275 0.9237500000000001 0.9375 0.9237500000000001 0.9375 0.90625
5 0.21625 0.79625 0.19624999999999998 0.79625 0.19624999999999998 0.8087500000000001 0.21625 0.8087500000000001 0.21625 0.79625
5 0.8324999999999999 0.03875 0.805 0.03875 0.805 0.061250000000000006 0.8324999999999999 0.061250000000000006 0.8324999999999999 0.03875
5 0.19375 0.24375 0.17875000000000002 0.24375 0.17875000000000002 0.25125000000000003 0.19375 0.25125000000000003 0.19375 0.24375
5 0.92875 0.8125 0.91875 0.8125 0.91875 0.8300000000000001 0.92875 0.8300000000000001 0.92875 0.8125
5 0.58 0.9225 0.5575 0.9225 0.5575 0.9324999999999999 0.58 0.9324999999999999 0.58 0.9225
5 0.40875000000000006 0.69875 0.39625 0.69875 0.39625 0.7162499999999999 0.40875000000000006 0.7162499999999999 0.40875000000000006 0.69875
5 0.2425 0.67125 0.22999999999999998 0.67125 0.22999999999999998 0.68875 0.2425 0.68875 0.2425 0.67125
5 0.975 0.865 0.9650000000000001 0.865 0.9650000000000001 0.885 0.975 0.885 0.975 0.865
5 0.2625 0.57875 0.25 0.57875 0.25 0.59375 0.2625 0.59375 0.2625 0.57875
5 0.325 0.23625 0.305 0.23625 0.305 0.24625 0.325 0.24625 0.325 0.23625
5 0.31875 0.85625 0.25375000000000003 0.85625 0.25375000000000003 0.93625 0.31875 0.93625 0.31875 0.85625
5 0.9412499999999999 0.835 0.93125 0.835 0.93125 0.8525 0.9412499999999999 0.8525 0.9412499999999999 0.835
5 0.8949999999999999 0.85125 0.8875 0.85125 0.8875 0.86625 0.8949999999999999 0.86625 0.8949999999999999 0.85125
5 0.465 0.6799999999999999 0.45499999999999996 0.6799999999999999 0.45499999999999996 0.6975 0.465 0.6975 0.465 0.6799999999999999
5 0.475 0.19125 0.45999999999999996 0.19125 0.45999999999999996 0.19875 0.475 0.19875 0.475 0.19125
5 0.92125 0.91375 0.9087500000000001 0.91375 0.9087500000000001 0.93125 0.92125 0.93125 0.92125 0.91375
5 0.37374999999999997 0.74 0.36375 0.74 0.36375 0.7575000000000001 0.37374999999999997 0.7575000000000001 0.37374999999999997 0.74
5 0.1975 0.43624999999999997 0.1875 0.43624999999999997 0.1875 0.45125000000000004 0.1975 0.45125000000000004 0.1975 0.43624999999999997
5 0.94625 0.8775000000000001 0.93875 0.8775000000000001 0.93875 0.8949999999999999 0.94625 0.8949999999999999 0.94625 0.8775000000000001
5 0.575 0.7575000000000001 0.5599999999999999 0.7575000000000001 0.5599999999999999 0.78 0.575 0.78 0.575 0.7575000000000001
5 0.10625 0.275 0.08875 0.275 0.08875 0.2875 0.10625 0.2875 0.10625 0.275
5 0.4125 0.17625 0.395 0.17625 0.395 0.18875 0.4125 0.18875 0.4125 0.17625
5 0.93 0.8375 0.9225 0.8375 0.9225 0.8550000000000001 0.93 0.8550000000000001 0.93 0.8375
5 0.39625 0.70125 0.38875000000000004 0.70125 0.38875000000000004 0.7162499999999999 0.39625 0.7162499999999999 0.39625 0.70125
5 0.175 0.25 0.1575 0.25 0.1575 0.26 0.175 0.26 0.175 0.25
5 0.34625 0.1975 0.32875 0.1975 0.32875 0.20750000000000002 0.34625 0.20750000000000002 0.34625 0.1975
5 0.17625 0.35125 0.16625 0.35125 0.16625 0.36625 0.17625 0.36625 0.17625 0.35125
5 0.95375 0.80375 0.9412499999999999 0.80375 0.9412499999999999 0.82125 0.95375 0.82125 0.95375 0.80375
5 0.93875 0.8800000000000001 0.92875 0.8800000000000001 0.92875 0.8975 0.93875 0.8975 0.93875 0.8800000000000001
5 0.9887499999999999 0.9349999999999999 0.97875 0.9349999999999999 0.97875 0.95 0.9887499999999999 0.95 0.9887499999999999 0.9349999999999999
5 0.7150000000000001 0.8775000000000001 0.6975 0.8775000000000001 0.6975 0.885 0.7150000000000001 0.885 0.7150000000000001 0.8775000000000001
5 0.42874999999999996 0.72 0.41875 0.72 0.41875 0.735 0.42874999999999996 0.735 0.42874999999999996 0.72
5 0.21375000000000002 0.47625 0.20375000000000001 0.47625 0.20375000000000001 0.49124999999999996 0.21375000000000002 0.49124999999999996 0.21375000000000002 0.47625
5 0.36875 0.19 0.35375 0.19 0.35375 0.2 0.36875 0.2 0.36875 0.19
5 0.65625 0.1025 0.63625 0.1025 0.63625 0.1125 0.65625 0.1125 0.65625 0.1025
5 0.9412499999999999 0.8087500000000001 0.92875 0.8087500000000001 0.92875 0.82875 0.9412499999999999 0.82875 0.9412499999999999 0.8087500000000001
5 0.41875 0.72375 0.40875000000000006 0.72375 0.40875000000000006 0.73875 0.41875 0.73875 0.41875 0.72375
5 0.08125 0.3175 0.06375 0.3175 0.06375 0.325 0.08125 0.325 0.08125 0.3175
5 0.425 0.825 0.41500000000000004 0.825 0.41500000000000004 0.8425 0.425 0.8425 0.425 0.825
5 0.39875 0.73125 0.38875000000000004 0.73125 0.38875000000000004 0.74875 0.39875 0.74875 0.39875 0.73125
5 0.87625 0.83125 0.86625 0.83125 0.86625 0.8487500000000001 0.87625 0.8487500000000001 0.87625 0.83125
5 0.95625 0.8712500000000001 0.94375 0.8712500000000001 0.94375 0.89125 0.95625 0.89125 0.95625 0.8712500000000001
5 0.385 0.73625 0.375 0.73625 0.375 0.7537499999999999 0.385 0.7537499999999999 0.385 0.73625
5 0.19 0.41125 0.1775 0.41125 0.1775 0.43125 0.19 0.43125 0.19 0.41125
5 0.9099999999999999 0.82 0.9 0.82 0.9 0.8375 0.9099999999999999 0.8375 0.9099999999999999 0.82
5 0.95875 0.82875 0.9512499999999999 0.82875 0.9512499999999999 0.8487500000000001 0.95875 0.8487500000000001 0.95875 0.82875
5 0.9800000000000001 0.9375 0.97 0.9375 0.97 0.9550000000000001 0.9800000000000001 0.9550000000000001 0.9800000000000001 0.9375
5 0.49000000000000005 0.62375 0.47750000000000004 0.62375 0.47750000000000004 0.63875 0.49000000000000005 0.63875 0.49000000000000005 0.62375
5 0.21875 0.23625 0.19875 0.23625 0.19875 0.24874999999999997 0.21875 0.24874999999999997 0.21875 0.23625
5 0.91375 0.8425 0.9037499999999999 0.8425 0.9037499999999999 0.86 0.91375 0.86 0.91375 0.8425
5 0.45499999999999996 0.6325000000000001 0.44749999999999995 0.6325000000000001 0.44749999999999995 0.6475 0.45499999999999996 0.6475 0.45499999999999996 0.6325000000000001
5 0.2725 0.5962500000000001 0.26 0.5962500000000001 0.26 0.61375 0.2725 0.61375 0.2725 0.5962500000000001
5 0.26125 0.22374999999999998 0.24125000000000002 0.22374999999999998 0.24125000000000002 0.23625 0.26125 0.23625 0.26125 0.22374999999999998
5 0.355 0.7162499999999999 0.34249999999999997 0.7162499999999999 0.34249999999999997 0.73375 0.355 0.73375 0.355 0.7162499999999999
5 0.36875 0.71375 0.35625 0.71375 0.35625 0.73125 0.36875 0.73125 0.36875 0.71375
5 0.4175 0.6925 0.40750000000000003 0.6925 0.40750000000000003 0.7125 0.4175 0.7125 0.4175 0.6925
5 0.15375 0.25875 0.13625 0.25875 0.13625 0.26875 0.15375 0.26875 0.15375 0.25875
5 0.37875000000000003 0.21749999999999997 0.36124999999999996 0.21749999999999997 0.36124999999999996 0.22749999999999998 0.37875000000000003 0.22749999999999998 0.37875000000000003 0.21749999999999997
5 0.5025000000000001 0.665 0.4925 0.665 0.4925 0.6849999999999999 0.5025000000000001 0.6849999999999999 0.5025000000000001 0.665
5 0.40750000000000003 0.7275 0.3975 0.7275 0.3975 0.7424999999999999 0.40750000000000003 0.7424999999999999 0.40750000000000003 0.7275
5 0.97875 0.82125 0.96875 0.82125 0.96875 0.8387499999999999 0.97875 0.8387499999999999 0.97875 0.82125
5 0.92875 0.885 0.92125 0.885 0.92125 0.9 0.92875 0.9 0.92875 0.885
5 0.9824999999999999 0.8925000000000001 0.9724999999999999 0.8925000000000001 0.9724999999999999 0.9099999999999999 0.9824999999999999 0.9099999999999999 0.9824999999999999 0.8925000000000001
5 0.9199999999999999 0.8175000000000001 0.9099999999999999 0.8175000000000001 0.9099999999999999 0.8324999999999999 0.9199999999999999 0.8324999999999999 0.9199999999999999 0.8175000000000001
5 0.9875 0.8175000000000001 0.9775 0.8175000000000001 0.9775 0.8375 0.9875 0.8375 0.9875 0.8175000000000001
5 0.9675 0.8237500000000001 0.96 0.8237500000000001 0.96 0.8412499999999999 0.9675 0.8412499999999999 0.9675 0.8237500000000001
5 0.7775000000000001 0.8275 0.76 0.8275 0.76 0.8375 0.7775000000000001 0.8375 0.7775000000000001 0.8275
5 0.46875 0.6287499999999999 0.45625 0.6287499999999999 0.45625 0.64625 0.46875 0.64625 0.46875 0.6287499999999999
5 0.25125000000000003 0.56125 0.23625 0.56125 0.23625 0.57625 0.25125000000000003 0.57625 0.25125000000000003 0.56125
5 0.13 0.26625 0.1125 0.26625 0.1125 0.27875 0.13 0.27875 0.13 0.26625
5 0.9650000000000001 0.86875 0.9550000000000001 0.86875 0.9550000000000001 0.8862500000000001 0.9650000000000001 0.8862500000000001 0.9650000000000001 0.86875
5 0.4575 0.6825 0.44749999999999995 0.6825 0.44749999999999995 0.7 0.4575 0.7 0.4575 0.6825
5 0.49375 0.66875 0.48125 0.66875 0.48125 0.68625 0.49375 0.68625 0.49375 0.66875
5 0.6475 0.86875 0.63 0.86875 0.63 0.8787499999999999 0.6475 0.8787499999999999 0.6475 0.86875
5 0.185 0.34750000000000003 0.175 0.34750000000000003 0.175 0.3625 0.185 0.3625 0.185 0.34750000000000003
5 0.6075 0.11875 0.5900000000000001 0.11875 0.5900000000000001 0.12875 0.6075 0.12875 0.6075 0.11875
5 0.9199999999999999 0.8862500000000001 0.9099999999999999 0.8862500000000001 0.9099999999999999 0.9037499999999999 0.9199999999999999 0.9037499999999999 0.9199999999999999 0.8862500000000001
5 1 0.88375 0.99125 0.88375 0.99125 0.9037499999999999 1 0.9037499999999999 1 0.88375
5 0.47625 0.6725 0.46624999999999994 0.6725 0.46624999999999994 0.6925 0.47625 0.6925 0.47625 0.6725
5 0.39125 0.1825 0.37374999999999997 0.1825 0.37374999999999997 0.195 0.39125 0.195 0.39125 0.1825