5 0.27875 0.015 0.26375000000000004 0.015 0.26375000000000004 0.0325 0.27875 0.0325 0.27875 0.015
5 0.33125 0.08625000000000001 0.31875 0.08625000000000001 0.31875 0.10375000000000001 0.33125 0.10375000000000001 0.33125 0.08625000000000001
5 0.36875 0.13625 0.35375 0.13625 0.35375 0.15125 0.36875 0.15125 0.36875 0.13625
5 0.85625 0.008749999999999999 0.84375 0.008749999999999999 0.84375 0.028749999999999998 0.85625 0.028749999999999998 0.85625 0.008749999999999999
5 0.87625 0.02375 0.85625 0.02375 0.85625 0.04625 0.87625 0.04625 0.87625 0.02375
5 0.93625 0.11125 0.91375 0.11125 0.91375 0.13874999999999998 0.93625 0.13874999999999998 0.93625 0.11125
5 0.9075 0.075 0.8875 0.075 0.8875 0.1 0.9075 0.1 0.9075 0.075
5 0.5775 0.76 0.5599999999999999 0.76 0.5599999999999999 0.77 0.5775 0.77 0.5775 0.76
5 0.7275 0.6012500000000001 0.7125 0.6012500000000001 0.7125 0.61625 0.7275 0.61625 0.7275 0.6012500000000001
5 0.8975 0.59375 0.8800000000000001 0.59375 0.8800000000000001 0.60625 0.8975 0.60625 0.8975 0.59375
5 0.9962500000000001 0.5875 0.98125 0.5875 0.98125 0.6 0.9962500000000001 0.6 0.9962500000000001 0.5875
5 0.8625 0.6174999999999999 0.845 0.6174999999999999 0.845 0.63 0.8625 0.63 0.8625 0.6174999999999999
5 0.95625 0.5599999999999999 0.93625 0.5599999999999999 0.93625 0.5725 0.95625 0.5725 0.95625 0.5599999999999999
5 0.13 0.30125 0.1025 0.30125 0.1025 0.31375000000000003 0.13 0.31375000000000003 0.13 0.30125
5 0.11625 0.27375 0.09125 0.27375 0.09125 0.28625 0.11625 0.28625 0.11625 0.27375
5 0.8387499999999999 0.6275000000000001 0.81875 0.6275000000000001 0.81875 0.64 0.8387499999999999 0.64 0.8387499999999999 0.6275000000000001
5 0.95875 0.61125 0.93875 0.61125 0.93875 0.62375 0.95875 0.62375 0.95875 0.61125
5 0.91625 0.585 0.89875 0.585 0.89875 0.5974999999999999 0.91625 0.5974999999999999 0.91625 0.585
5 0.29375 0.03375 0.27875 0.03375 0.27875 0.05375 0.29375 0.05375 0.29375 0.03375
5 0.9349999999999999 0.5725 0.9175000000000001 0.5725 0.9175000000000001 0.5875 0.9349999999999999 0.5875 0.9349999999999999 0.5725
5 0.8787499999999999 0.60625 0.8637499999999999 0.60625 0.8637499999999999 0.61625 0.8787499999999999 0.61625 0.8787499999999999 0.60625
5 0.09875 0.25875 0.07625 0.25875 0.07625 0.27375 0.09875 0.27375 0.09875 0.25875
5 0.9775 0.59875 0.96 0.59875 0.96 0.61125 0.9775 0.61125 0.9775 0.59875
5 0.905 0.6375 0.8800000000000001 0.6375 0.8800000000000001 0.65 0.905 0.65 0.905 0.6375
5 0.36 0.12 0.34500000000000003 0.12 0.34500000000000003 0.135 0.36 0.135 0.36 0.12