5 0.1925 0.6775 0.17250000000000001 0.6775 0.17250000000000001 0.6925 0.1925 0.6925 0.1925 0.6775
5 0.22625 0.6925 0.20125 0.6925 0.20125 0.7075 0.22625 0.7075 0.22625 0.6925
5 0.4225 0.73625 0.41500000000000004 0.73625 0.41500000000000004 0.7537499999999999 0.4225 0.7537499999999999 0.4225 0.73625
5 0.44375 0.74 0.43125 0.74 0.43125 0.7625 0.44375 0.7625 0.44375 0.74
5 0.28375 0.75875 0.27125 0.75875 0.27125 0.76875 0.28375 0.76875 0.28375 0.75875
5 0.34500000000000003 0.78 0.325 0.78 0.325 0.79 0.34500000000000003 0.79 0.34500000000000003 0.78
5 0.45999999999999996 0.8300000000000001 0.4375 0.8300000000000001 0.4375 0.8400000000000001 0.45999999999999996 0.8400000000000001 0.45999999999999996 0.8300000000000001
5 0.52125 0.82125 0.50125 0.82125 0.50125 0.83625 0.52125 0.83625 0.52125 0.82125
5 0.24874999999999997 0.7025 0.22625 0.7025 0.22625 0.7175 0.24874999999999997 0.7175 0.24874999999999997 0.7025
5 0.7125 0.9012499999999999 0.6925 0.9012499999999999 0.6925 0.9112500000000001 0.7125 0.9112500000000001 0.7125 0.9012499999999999
5 0.28625 0.7162499999999999 0.26375000000000004 0.7162499999999999 0.26375000000000004 0.73375 0.28625 0.73375 0.28625 0.7162499999999999
5 0.31 0.725 0.28500000000000003 0.725 0.28500000000000003 0.7375 0.31 0.7375 0.31 0.725
5 0.16999999999999998 0.6675 0.14250000000000002 0.6675 0.14250000000000002 0.6825 0.16999999999999998 0.6825 0.16999999999999998 0.6675
5 0.4175 0.73 0.40499999999999997 0.73 0.40499999999999997 0.7474999999999999 0.4175 0.7474999999999999 0.4175 0.73
5 0.49625 0.81375 0.47625 0.81375 0.47625 0.8262499999999999 0.49625 0.8262499999999999 0.49625 0.81375
5 0.69625 0.8875 0.67125 0.8875 0.67125 0.9075 0.69625 0.9075 0.69625 0.8875
5 0.6125 0.8625 0.5925 0.8625 0.5925 0.8724999999999999 0.6125 0.8724999999999999 0.6125 0.8625
5 0.675 0.88125 0.65 0.88125 0.65 0.89375 0.675 0.89375 0.675 0.88125
5 0.33625 0.735 0.31375000000000003 0.735 0.31375000000000003 0.7474999999999999 0.33625 0.7474999999999999 0.33625 0.735
5 0.47125000000000006 0.7887500000000001 0.45375 0.7887500000000001 0.45375 0.8162499999999999 0.47125000000000006 0.8162499999999999 0.47125000000000006 0.7887500000000001