5 0.36875 0.64625 0.34875 0.64625 0.34875 0.6637500000000001 0.36875 0.6637500000000001 0.36875 0.64625
5 0.31124999999999997 0.65625 0.23374999999999999 0.65625 0.23374999999999999 0.67125 0.31124999999999997 0.67125 0.31124999999999997 0.65625
5 0.74875 0.11374999999999999 0.7212500000000001 0.11374999999999999 0.7212500000000001 0.13125 0.74875 0.13125 0.74875 0.11374999999999999
5 0.7150000000000001 0.10124999999999999 0.6975 0.10124999999999999 0.6975 0.11374999999999999 0.7150000000000001 0.11374999999999999 0.7150000000000001 0.10124999999999999
5 0.89875 0.06875 0.8862500000000001 0.06875 0.8862500000000001 0.07875 0.89875 0.07875 0.89875 0.06875
5 0.2725 0.3825 0.2625 0.3825 0.2625 0.4025 0.2725 0.4025 0.2725 0.3825
5 0.86625 0.05 0.8487500000000001 0.05 0.8487500000000001 0.065 0.86625 0.065 0.86625 0.05
5 0.10500000000000001 0.48250000000000004 0.095 0.48250000000000004 0.095 0.49749999999999994 0.10500000000000001 0.49749999999999994 0.10500000000000001 0.48250000000000004
5 0.8724999999999999 0.026250000000000002 0.8525 0.026250000000000002 0.8525 0.03625 0.8724999999999999 0.03625 0.8724999999999999 0.026250000000000002
5 0.58375 0.7625 0.55625 0.7625 0.55625 0.7825 0.58375 0.7825 0.58375 0.7625
5 0.13999999999999999 0.50875 0.1325 0.50875 0.1325 0.52625 0.13999999999999999 0.52625 0.13999999999999999 0.50875
5 0.1125 0.22625 0.1 0.22625 0.1 0.24125000000000002 0.1125 0.24125000000000002 0.1125 0.22625
5 0.745 0.0775 0.73 0.0775 0.73 0.0925 0.745 0.0925 0.745 0.0775
5 0.1125 0.24500000000000002 0.1025 0.24500000000000002 0.1025 0.26 0.1125 0.26 0.1125 0.24500000000000002
5 0.28500000000000003 0.145 0.26 0.145 0.26 0.155 0.28500000000000003 0.155 0.28500000000000003 0.145
5 0.10124999999999999 0.5075000000000001 0.09375 0.5075000000000001 0.09375 0.52 0.10124999999999999 0.52 0.10124999999999999 0.5075000000000001
5 0.1125 0.26749999999999996 0.1 0.26749999999999996 0.1 0.28250000000000003 0.1125 0.28250000000000003 0.1125 0.26749999999999996
5 0.8675 0.09125 0.85 0.09125 0.85 0.10874999999999999 0.8675 0.10874999999999999 0.8675 0.09125
5 0.74875 0.73625 0.73375 0.73625 0.73375 0.76125 0.74875 0.76125 0.74875 0.73625
5 0.86875 0.00375 0.85625 0.00375 0.85625 0.01625 0.86875 0.01625 0.86875 0.00375
5 0.7125 0.03375 0.6950000000000001 0.03375 0.6950000000000001 0.04625 0.7125 0.04625 0.7125 0.03375
5 0.065 0.255 0.0475 0.255 0.0475 0.26749999999999996 0.065 0.26749999999999996 0.065 0.255
5 0.19 0.23875000000000002 0.1775 0.23875000000000002 0.1775 0.25375000000000003 0.19 0.25375000000000003 0.19 0.23875000000000002
5 0.7125 0.08375 0.6975 0.08375 0.6975 0.09375 0.7125 0.09375 0.7125 0.08375
5 0.7112499999999999 0.0075 0.69875 0.0075 0.69875 0.0225 0.7112499999999999 0.0225 0.7112499999999999 0.0075
5 0.0975 0.7175 0.08499999999999999 0.7175 0.08499999999999999 0.7325 0.0975 0.7325 0.0975 0.7175
5 0.905 0.04625 0.89 0.04625 0.89 0.061250000000000006 0.905 0.061250000000000006 0.905 0.04625
5 0.11750000000000001 0.19 0.0975 0.19 0.0975 0.21000000000000002 0.11750000000000001 0.21000000000000002 0.11750000000000001 0.19
5 0.11374999999999999 0.28625 0.10124999999999999 0.28625 0.10124999999999999 0.29874999999999996 0.11374999999999999 0.29874999999999996 0.11374999999999999 0.28625