5 0.8025 0.7125 0.775 0.7125 0.775 0.7275 0.8025 0.7275 0.8025 0.7125
5 0.8 0.70375 0.7725 0.70375 0.7725 0.71375 0.8 0.71375 0.8 0.70375
5 0.795 0.6925 0.7675 0.6925 0.7675 0.705 0.795 0.705 0.795 0.6925
5 0.79 0.6825 0.7625 0.6825 0.7625 0.6925 0.79 0.6925 0.79 0.6825
5 0.8125 0.6775 0.7849999999999999 0.6775 0.7849999999999999 0.6875 0.8125 0.6875 0.8125 0.6775
5 0.78 0.67125 0.755 0.67125 0.755 0.6837500000000001 0.78 0.6837500000000001 0.78 0.67125
5 0.77625 0.66125 0.74875 0.66125 0.74875 0.67375 0.77625 0.67375 0.77625 0.66125
5 0.7725 0.65125 0.7474999999999999 0.65125 0.7474999999999999 0.6637500000000001 0.7725 0.6637500000000001 0.7725 0.65125
5 0.76875 0.64125 0.74375 0.64125 0.74375 0.6537499999999999 0.76875 0.6537499999999999 0.76875 0.64125
5 0.7975 0.64375 0.775 0.64375 0.775 0.6587500000000001 0.7975 0.6587500000000001 0.7975 0.64375
5 0.79375 0.635 0.77125 0.635 0.77125 0.645 0.79375 0.645 0.79375 0.635
5 0.76375 0.6325000000000001 0.73625 0.6325000000000001 0.73625 0.6475 0.76375 0.6475 0.76375 0.6325000000000001
5 0.9650000000000001 0.37124999999999997 0.9425000000000001 0.37124999999999997 0.9425000000000001 0.42125 0.9650000000000001 0.42125 0.9650000000000001 0.37124999999999997
5 0.9487500000000001 0.37625000000000003 0.8887499999999999 0.37625000000000003 0.8887499999999999 0.40374999999999994 0.9487500000000001 0.40374999999999994 0.9487500000000001 0.37625000000000003
5 0.9475 0.36 0.89 0.36 0.89 0.3875 0.9475 0.3875 0.9475 0.36
5 0.9475 0.34750000000000003 0.8949999999999999 0.34750000000000003 0.8949999999999999 0.375 0.9475 0.375 0.9475 0.34750000000000003
5 0.9574999999999999 0.33625 0.8975 0.33625 0.8975 0.36124999999999996 0.9574999999999999 0.36124999999999996 0.9574999999999999 0.33625
5 0.9712500000000001 0.32625000000000004 0.91625 0.32625000000000004 0.91625 0.35125 0.9712500000000001 0.35125 0.9712500000000001 0.32625000000000004
5 0.76125 0.09375 0.73125 0.09375 0.73125 0.14125000000000001 0.76125 0.14125000000000001 0.76125 0.09375
5 0.76125 0.32875 0.73625 0.32875 0.73625 0.34375 0.76125 0.34375 0.76125 0.32875
5 0.7675 0.33875 0.7424999999999999 0.33875 0.7424999999999999 0.35125 0.7675 0.35125 0.7675 0.33875
5 0.77 0.35 0.7525000000000001 0.35 0.7525000000000001 0.36 0.77 0.36 0.77 0.35
5 0.1775 0.9237500000000001 0.145 0.9237500000000001 0.145 0.94375 0.1775 0.94375 0.1775 0.9237500000000001
5 0.16999999999999998 0.9037499999999999 0.14250000000000002 0.9037499999999999 0.14250000000000002 0.9237500000000001 0.16999999999999998 0.9237500000000001 0.16999999999999998 0.9037499999999999
5 0.19 0.91625 0.1575 0.91625 0.1575 0.93875 0.19 0.93875 0.19 0.91625
5 0.12 0.86625 0.075 0.86625 0.075 0.9012499999999999 0.12 0.9012499999999999 0.12 0.86625
5 0.76875 0.19624999999999998 0.74375 0.19624999999999998 0.74375 0.21625 0.76875 0.21625 0.76875 0.19624999999999998
5 0.6587500000000001 0.24 0.64625 0.24 0.64625 0.26 0.6587500000000001 0.26 0.6587500000000001 0.24
5 0.6475 0.24375 0.6325000000000001 0.24375 0.6325000000000001 0.26125 0.6475 0.26125 0.6475 0.24375
5 0.5862499999999999 0.03125 0.56125 0.03125 0.56125 0.04625 0.5862499999999999 0.04625 0.5862499999999999 0.03125
5 0.6075 0.0725 0.5900000000000001 0.0725 0.5900000000000001 0.08499999999999999 0.6075 0.08499999999999999 0.6075 0.0725
5 0.8262499999999999 0.85875 0.8012499999999999 0.85875 0.8012499999999999 0.86875 0.8262499999999999 0.86875 0.8262499999999999 0.85875
5 0.61 0.95875 0.5875 0.95875 0.5875 0.9712500000000001 0.61 0.9712500000000001 0.61 0.95875
5 0.57125 0.9349999999999999 0.54375 0.9349999999999999 0.54375 0.9475 0.57125 0.9475 0.57125 0.9349999999999999
5 0.93 0.95875 0.9075 0.95875 0.9075 0.97875 0.93 0.97875 0.93 0.95875
5 0.23125 1 0.23125 0.9875 0.20875 0.9875 0.20875 1 0.23125 1
5 0.24500000000000002 0.98125 0.22999999999999998 0.98125 0.22999999999999998 0.99875 0.24500000000000002 0.99875 0.24500000000000002 0.98125
5 0.2 0.9487500000000001 0.185 0.9487500000000001 0.185 0.9637499999999999 0.2 0.9637499999999999 0.2 0.9487500000000001
5 0.275 1 0.275 0.9862500000000001 0.255 0.9862500000000001 0.255 1 0.275 1
5 0.21000000000000002 0.8025 0.185 0.8025 0.185 0.825 0.21000000000000002 0.825 0.21000000000000002 0.8025
5 0.22875 0.9662499999999999 0.20625 0.9662499999999999 0.20625 0.98375 0.22875 0.98375 0.22875 0.9662499999999999