5 1 0.5599999999999999 0.99 0.5599999999999999 0.99 0.5700000000000001 1 0.5700000000000001 1 0.5599999999999999
5 0.9175000000000001 0.55125 0.9025000000000001 0.55125 0.9025000000000001 0.56125 0.9175000000000001 0.56125 0.9175000000000001 0.55125
5 0.9887499999999999 0.70625 0.9737500000000001 0.70625 0.9737500000000001 0.71375 0.9887499999999999 0.71375 0.9887499999999999 0.70625
5 0.99375 0.7150000000000001 0.9737500000000001 0.7150000000000001 0.9737500000000001 0.72 0.99375 0.72 0.99375 0.7150000000000001
5 0.9875 0.7175 0.9724999999999999 0.7175 0.9724999999999999 0.7275 0.9875 0.7275 0.9875 0.7175
5 0.9875 0.725 0.9724999999999999 0.725 0.9724999999999999 0.7325 0.9875 0.7325 0.9875 0.725
5 0.5825 0.30375 0.5725 0.30375 0.5725 0.32125 0.5825 0.32125 0.5825 0.30375
5 0.7975 0.615 0.7725 0.615 0.7725 0.625 0.7975 0.625 0.7975 0.615
5 0.9962500000000001 0.69625 0.9737500000000001 0.69625 0.9737500000000001 0.70625 0.9962500000000001 0.70625 0.9962500000000001 0.69625
5 0.07625 0.4175 0.06375 0.4175 0.06375 0.4425 0.07625 0.4425 0.07625 0.4175
5 0.39625 0.5912499999999999 0.37374999999999997 0.5912499999999999 0.37374999999999997 0.6012500000000001 0.39625 0.6012500000000001 0.39625 0.5912499999999999
5 0.94375 0.74125 0.91625 0.74125 0.91625 0.74875 0.94375 0.74875 0.94375 0.74125
5 0.99875 0.64 0.97875 0.64 0.97875 0.655 0.99875 0.655 0.99875 0.64
5 0.5775 0.675 0.5675 0.675 0.5675 0.6900000000000001 0.5775 0.6900000000000001 0.5775 0.675
5 0.57375 0.7262500000000001 0.56125 0.7262500000000001 0.56125 0.7462500000000001 0.57375 0.7462500000000001 0.57375 0.7262500000000001
5 0.9775 0.13125 0.9550000000000001 0.13125 0.9550000000000001 0.13874999999999998 0.9775 0.13874999999999998 0.9775 0.13125
5 0.945 0.74875 0.915 0.74875 0.915 0.75625 0.945 0.75625 0.945 0.74875
5 0.17124999999999999 0.5325 0.13874999999999998 0.5325 0.13874999999999998 0.55 0.17124999999999999 0.55 0.17124999999999999 0.5325
5 0.09375 0.27 0.08375 0.27 0.08375 0.29 0.09375 0.29 0.09375 0.27
5 0.9475 0.5549999999999999 0.9275 0.5549999999999999 0.9275 0.5625 0.9475 0.5625 0.9475 0.5549999999999999
5 0.9824999999999999 0.79625 0.9525 0.79625 0.9525 0.80625 0.9824999999999999 0.80625 0.9824999999999999 0.79625
5 0.6375 0.57375 0.6125 0.57375 0.6125 0.58875 0.6375 0.58875 0.6375 0.57375
5 0.27749999999999997 0.50875 0.26 0.50875 0.26 0.51625 0.27749999999999997 0.51625 0.27749999999999997 0.50875
5 0.98125 0.77 0.95625 0.77 0.95625 0.7775000000000001 0.98125 0.7775000000000001 0.98125 0.77
5 0.9875 0.7525000000000001 0.9625 0.7525000000000001 0.9625 0.76 0.9875 0.76 0.9875 0.7525000000000001
5 0.5700000000000001 0.305 0.5599999999999999 0.305 0.5599999999999999 0.3275 0.5700000000000001 0.3275 0.5700000000000001 0.305
5 0.9375 0.41125 0.915 0.41125 0.915 0.41624999999999995 0.9375 0.41624999999999995 0.9375 0.41125
5 0.135 0.05625 0.12250000000000001 0.05625 0.12250000000000001 0.08125 0.135 0.08125 0.135 0.05625
5 0.99 0.7424999999999999 0.9625 0.7424999999999999 0.9625 0.75 0.99 0.75 0.99 0.7424999999999999
5 0.76625 0.8 0.75625 0.8 0.75625 0.82 0.76625 0.82 0.76625 0.8
5 0.545 0.7075 0.5349999999999999 0.7075 0.5349999999999999 0.725 0.545 0.725 0.545 0.7075
5 0.54875 0.66625 0.53625 0.66625 0.53625 0.6837500000000001 0.54875 0.6837500000000001 0.54875 0.66625
5 0.94625 0.73125 0.92125 0.73125 0.92125 0.74125 0.94625 0.74125 0.94625 0.73125
5 0.09875 0.135 0.08625000000000001 0.135 0.08625000000000001 0.1575 0.09875 0.1575 0.09875 0.135
5 0.5662499999999999 0.36 0.5587500000000001 0.36 0.5587500000000001 0.38 0.5662499999999999 0.38 0.5662499999999999 0.36
5 0.11000000000000001 0.08625000000000001 0.095 0.08625000000000001 0.095 0.10874999999999999 0.11000000000000001 0.10874999999999999 0.11000000000000001 0.08625000000000001
5 0.3975 0.51375 0.375 0.51375 0.375 0.5237499999999999 0.3975 0.5237499999999999 0.3975 0.51375
5 0.9550000000000001 0.67125 0.9324999999999999 0.67125 0.9324999999999999 0.68125 0.9550000000000001 0.68125 0.9550000000000001 0.67125
5 0.81875 0.25875 0.79875 0.25875 0.79875 0.26625 0.81875 0.26625 0.81875 0.25875
5 0.94375 0.75625 0.91625 0.75625 0.91625 0.76625 0.94375 0.76625 0.94375 0.75625
5 0.9800000000000001 0.58875 0.9550000000000001 0.58875 0.9550000000000001 0.6012500000000001 0.9800000000000001 0.6012500000000001 0.9800000000000001 0.58875
5 0.9887499999999999 0.73375 0.96125 0.73375 0.96125 0.74125 0.9887499999999999 0.74125 0.9887499999999999 0.73375
5 0.71375 0.5237499999999999 0.69625 0.5237499999999999 0.69625 0.5387500000000001 0.71375 0.5387500000000001 0.71375 0.5237499999999999
5 0.9875 0.76 0.9625 0.76 0.9625 0.77 0.9875 0.77 0.9875 0.76
5 0.58375 0.78125 0.56125 0.78125 0.56125 0.8012499999999999 0.58375 0.8012499999999999 0.58375 0.78125
5 0.575 0.69875 0.5650000000000001 0.69875 0.5650000000000001 0.7162499999999999 0.575 0.7162499999999999 0.575 0.69875
5 0.19875 0.2125 0.17875000000000002 0.2125 0.17875000000000002 0.22000000000000003 0.19875 0.22000000000000003 0.19875 0.2125
5 0.5375 0.62625 0.52 0.62625 0.52 0.63625 0.5375 0.63625 0.5375 0.62625
5 0.69375 0.5337500000000001 0.67375 0.5337500000000001 0.67375 0.54125 0.69375 0.54125 0.69375 0.5337500000000001
5 0.4225 0.58875 0.3975 0.58875 0.3975 0.5962500000000001 0.4225 0.5962500000000001 0.4225 0.58875
5 0.7462500000000001 0.26125 0.71875 0.26125 0.71875 0.26875 0.7462500000000001 0.26875 0.7462500000000001 0.26125
5 0.95 0.7112499999999999 0.9275 0.7112499999999999 0.9275 0.72375 0.95 0.72375 0.95 0.7112499999999999
5 0.6012500000000001 0.013750000000000002 0.58875 0.013750000000000002 0.58875 0.03875 0.6012500000000001 0.03875 0.6012500000000001 0.013750000000000002
5 0.5599999999999999 0.43125 0.55 0.43125 0.55 0.45125000000000004 0.5599999999999999 0.45125000000000004 0.5599999999999999 0.43125
5 0.50875 0.51875 0.48875 0.51875 0.48875 0.5287499999999999 0.50875 0.5287499999999999 0.50875 0.51875
5 0.25375000000000003 0.5075000000000001 0.23625 0.5075000000000001 0.23625 0.515 0.25375000000000003 0.515 0.25375000000000003 0.5075000000000001
5 0.08375 0.37124999999999997 0.07125000000000001 0.37124999999999997 0.07125000000000001 0.39125 0.08375 0.39125 0.08375 0.37124999999999997
5 0.3725 0.58875 0.35 0.58875 0.35 0.6012500000000001 0.3725 0.6012500000000001 0.3725 0.58875
5 0.3025 0.5075000000000001 0.28250000000000003 0.5075000000000001 0.28250000000000003 0.5175 0.3025 0.5175 0.3025 0.5075000000000001
5 0.23125 0.505 0.21125 0.505 0.21125 0.515 0.23125 0.515 0.23125 0.505
5 0.7462500000000001 0.2475 0.7212500000000001 0.2475 0.7212500000000001 0.26 0.7462500000000001 0.26 0.7462500000000001 0.2475
5 0.5875 0.17124999999999999 0.575 0.17124999999999999 0.575 0.19125 0.5875 0.19125 0.5875 0.17124999999999999
5 0.5037499999999999 0.23125 0.48125 0.23125 0.48125 0.24125000000000002 0.5037499999999999 0.24125000000000002 0.5037499999999999 0.23125
5 0.0875 0.29375 0.0775 0.29375 0.0775 0.31124999999999997 0.0875 0.31124999999999997 0.0875 0.29375
5 0.9800000000000001 0.7887500000000001 0.9550000000000001 0.7887500000000001 0.9550000000000001 0.79625 0.9800000000000001 0.79625 0.9800000000000001 0.7887500000000001
5 0.09 0.43499999999999994 0.075 0.43499999999999994 0.075 0.4575 0.09 0.4575 0.09 0.43499999999999994
5 0.2475 0.19875 0.24 0.19875 0.24 0.21625 0.2475 0.21625 0.2475 0.19875
5 0.98125 0.7787499999999999 0.95625 0.7787499999999999 0.95625 0.78625 0.98125 0.78625 0.98125 0.7787499999999999
5 0.0975 0.1675 0.08249999999999999 0.1675 0.08249999999999999 0.1925 0.0975 0.1925 0.0975 0.1675
5 0.35875 0.5337500000000001 0.33625 0.5337500000000001 0.33625 0.54375 0.35875 0.54375 0.35875 0.5337500000000001
5 0.6537499999999999 0.52 0.63375 0.52 0.63375 0.5275000000000001 0.6537499999999999 0.5275000000000001 0.6537499999999999 0.52
5 0.1125 0.0125 0.1025 0.0125 0.1025 0.034999999999999996 0.1125 0.034999999999999996 0.1125 0.0125
5 0.48375 0.51875 0.46375 0.51875 0.46375 0.52625 0.48375 0.52625 0.48375 0.51875
5 0.58125 0.65 0.5662499999999999 0.65 0.5662499999999999 0.67 0.58125 0.67 0.58125 0.65
5 0.5625 0.45999999999999996 0.55 0.45999999999999996 0.55 0.48 0.5625 0.48 0.5625 0.45999999999999996
5 0.54875 0.64625 0.5387500000000001 0.64625 0.5387500000000001 0.6637500000000001 0.54875 0.6637500000000001 0.54875 0.64625
5 0.55375 0.5675 0.5287499999999999 0.5675 0.5287499999999999 0.58 0.55375 0.58 0.55375 0.5675
5 0.15125 0.57875 0.13125 0.57875 0.13125 0.58875 0.15125 0.58875 0.15125 0.57875
5 0.94375 0.77 0.91625 0.77 0.91625 0.7775000000000001 0.94375 0.7775000000000001 0.94375 0.77
5 0.45999999999999996 0.515 0.44000000000000006 0.515 0.44000000000000006 0.525 0.45999999999999996 0.525 0.45999999999999996 0.515
5 0.98375 0.5587500000000001 0.9637499999999999 0.5587500000000001 0.9637499999999999 0.56875 0.98375 0.56875 0.98375 0.5587500000000001