5 0.7875 0.02375 0.78 0.02375 0.78 0.03875 0.7875 0.03875 0.7875 0.02375
5 0.9375 0.02375 0.93 0.02375 0.93 0.041249999999999995 0.9375 0.041249999999999995 0.9375 0.02375
5 0.9199999999999999 0.0225 0.9125 0.0225 0.9125 0.0375 0.9199999999999999 0.0375 0.9199999999999999 0.0225
5 0.85125 0.0475 0.83375 0.0475 0.83375 0.05500000000000001 0.85125 0.05500000000000001 0.85125 0.0475
5 0.9099999999999999 0.0475 0.8925000000000001 0.0475 0.8925000000000001 0.052500000000000005 0.9099999999999999 0.052500000000000005 0.9099999999999999 0.0475
5 0.70875 0.4925 0.69625 0.4925 0.69625 0.515 0.70875 0.515 0.70875 0.4925
5 0.6875 0.6825 0.6799999999999999 0.6825 0.6799999999999999 0.7 0.6875 0.7 0.6875 0.6825
5 0.755 0.23125 0.7474999999999999 0.23125 0.7474999999999999 0.24625 0.755 0.24625 0.755 0.23125
5 0.7375 0.16375 0.7275 0.16375 0.7275 0.17875000000000002 0.7375 0.17875000000000002 0.7375 0.16375
5 0.445 0.35875 0.43499999999999994 0.35875 0.43499999999999994 0.37374999999999997 0.445 0.37374999999999997 0.445 0.35875
5 0.2975 0.635 0.29 0.635 0.29 0.655 0.2975 0.655 0.2975 0.635
5 0.46624999999999994 0.3975 0.44875 0.3975 0.44875 0.40750000000000003 0.46624999999999994 0.40750000000000003 0.46624999999999994 0.3975
5 0.5575 0.42750000000000005 0.5475 0.42750000000000005 0.5475 0.44749999999999995 0.5575 0.44749999999999995 0.5575 0.42750000000000005
5 0.47375 0.46375 0.46624999999999994 0.46375 0.46624999999999994 0.47874999999999995 0.47375 0.47874999999999995 0.47375 0.46375
5 0.465 0.0475 0.45499999999999996 0.0475 0.45499999999999996 0.0625 0.465 0.0625 0.465 0.0475
5 0.465 0.03125 0.4575 0.03125 0.4575 0.04625 0.465 0.04625 0.465 0.03125
5 0.50875 0.37625000000000003 0.50125 0.37625000000000003 0.50125 0.39625 0.50875 0.39625 0.50875 0.37625000000000003
5 0.8099999999999999 0.008749999999999999 0.7925 0.008749999999999999 0.7925 0.01875 0.8099999999999999 0.01875 0.8099999999999999 0.008749999999999999
5 0.43624999999999997 0.36375 0.42625 0.36375 0.42625 0.38375 0.43624999999999997 0.38375 0.43624999999999997 0.36375
5 0.8375 0 0.8375 0.005 0.8525 0.005 0.8525 0 0.8375 0
5 0.3125 0.60875 0.3025 0.60875 0.3025 0.6287499999999999 0.3125 0.6287499999999999 0.3125 0.60875
5 0.25375000000000003 0.40499999999999997 0.23374999999999999 0.40499999999999997 0.23374999999999999 0.4325 0.25375000000000003 0.4325 0.25375000000000003 0.40499999999999997
5 0.48 0.44000000000000006 0.46749999999999997 0.44000000000000006 0.46749999999999997 0.45999999999999996 0.48 0.45999999999999996 0.48 0.44000000000000006
5 0.79375 0 0.79375 0.00375 0.8087500000000001 0.00375 0.8087500000000001 0 0.79375 0
5 0.6925 0.6637500000000001 0.6775 0.6637500000000001 0.6775 0.68125 0.6925 0.68125 0.6925 0.6637500000000001
5 0.54375 0.4 0.51875 0.4 0.51875 0.4175 0.54375 0.4175 0.54375 0.4
5 0.5425 0.38125 0.5349999999999999 0.38125 0.5349999999999999 0.39875 0.5425 0.39875 0.5425 0.38125
5 0.6912499999999999 0.22125 0.67125 0.22125 0.67125 0.23125 0.6912499999999999 0.23125 0.6912499999999999 0.22125
5 0.48 0.39249999999999996 0.4725 0.39249999999999996 0.4725 0.4125 0.48 0.4125 0.48 0.39249999999999996
5 0.445 0.275 0.43499999999999994 0.275 0.43499999999999994 0.29500000000000004 0.445 0.29500000000000004 0.445 0.275
5 0.46375 0.42750000000000005 0.44625000000000004 0.42750000000000005 0.44625000000000004 0.4375 0.46375 0.4375 0.46375 0.42750000000000005
5 0.54875 0.4725 0.5387500000000001 0.4725 0.5387500000000001 0.47750000000000004 0.54875 0.47750000000000004 0.54875 0.4725
5 0.28625 0.63625 0.27625 0.63625 0.27625 0.6587500000000001 0.28625 0.6587500000000001 0.28625 0.63625
5 0.525 0.46624999999999994 0.5175 0.46624999999999994 0.5175 0.47625 0.525 0.47625 0.525 0.46624999999999994
5 0.665 0.23500000000000001 0.6425 0.23500000000000001 0.6425 0.2475 0.665 0.2475 0.665 0.23500000000000001
5 0.5925 0.215 0.5700000000000001 0.215 0.5700000000000001 0.225 0.5925 0.225 0.5925 0.215
5 0.3275 0.515 0.305 0.515 0.305 0.5475 0.3275 0.5475 0.3275 0.515
5 0.54625 0.425 0.5387500000000001 0.425 0.5387500000000001 0.445 0.54625 0.445 0.54625 0.425
5 0.46624999999999994 0.41875 0.44375 0.41875 0.44375 0.42625 0.46624999999999994 0.42625 0.46624999999999994 0.41875
5 0.17875000000000002 0.43375 0.15125 0.43375 0.15125 0.44125 0.17875000000000002 0.44125 0.17875000000000002 0.43375
5 0.82 0.025 0.8125 0.025 0.8125 0.042499999999999996 0.82 0.042499999999999996 0.82 0.025
5 0.56875 0.22875 0.54625 0.22875 0.54625 0.23625 0.56875 0.23625 0.56875 0.22875
5 0.5237499999999999 0.375 0.51375 0.375 0.51375 0.39249999999999996 0.5237499999999999 0.39249999999999996 0.5237499999999999 0.375
5 0.46375 0.44875 0.44125 0.44875 0.44125 0.45625 0.46375 0.45625 0.46375 0.44875
5 0.22625 0.465 0.20875 0.465 0.20875 0.475 0.22625 0.475 0.22625 0.465
5 0.46375 0.20375000000000001 0.45125000000000004 0.20375000000000001 0.45125000000000004 0.22625 0.46375 0.22625 0.46375 0.20375000000000001
5 0.14125000000000001 0.75125 0.11875 0.75125 0.11875 0.75875 0.14125000000000001 0.75875 0.14125000000000001 0.75125
5 0.8387499999999999 0.02 0.83125 0.02 0.83125 0.042499999999999996 0.8387499999999999 0.042499999999999996 0.8387499999999999 0.02
5 0.028749999999999998 0.7537499999999999 0.00625 0.7537499999999999 0.00625 0.76375 0.028749999999999998 0.76375 0.028749999999999998 0.7537499999999999
5 0.48 0.4175 0.4725 0.4175 0.4725 0.43499999999999994 0.48 0.43499999999999994 0.48 0.4175
5 0.9737500000000001 0.021249999999999998 0.9662499999999999 0.021249999999999998 0.9662499999999999 0.03875 0.9737500000000001 0.03875 0.9737500000000001 0.021249999999999998
5 0.38 0.05500000000000001 0.37 0.05500000000000001 0.37 0.075 0.38 0.075 0.38 0.05500000000000001
5 0.3875 0.1025 0.3775 0.1025 0.3775 0.12250000000000001 0.3875 0.12250000000000001 0.3875 0.1025
5 0.4375 0.3375 0.43 0.3375 0.43 0.355 0.4375 0.355 0.4375 0.3375
5 0.37625000000000003 0 0.37625000000000003 0.02 0.38375 0.02 0.38375 0 0.37625000000000003 0
5 0.255 0.55 0.23500000000000001 0.55 0.23500000000000001 0.5700000000000001 0.255 0.5700000000000001 0.255 0.55
5 0.51625 0.42000000000000004 0.50625 0.42000000000000004 0.50625 0.44000000000000006 0.51625 0.44000000000000006 0.51625 0.42000000000000004
5 0.6925 0.6224999999999999 0.6825 0.6224999999999999 0.6825 0.6375 0.6925 0.6375 0.6925 0.6224999999999999
5 0.24125000000000002 0.51625 0.23374999999999999 0.51625 0.23374999999999999 0.53125 0.24125000000000002 0.53125 0.24125000000000002 0.51625