5 0.9037499999999999 0.4225 0.8887499999999999 0.4225 0.8887499999999999 0.43 0.9037499999999999 0.43 0.9037499999999999 0.4225
5 0.94625 0.43499999999999994 0.93125 0.43499999999999994 0.93125 0.4425 0.94625 0.4425 0.94625 0.43499999999999994
5 0.95 0.5775 0.9324999999999999 0.5775 0.9324999999999999 0.5875 0.95 0.5875 0.95 0.5775
5 0.8574999999999999 0.6075 0.85 0.6075 0.85 0.625 0.8574999999999999 0.625 0.8574999999999999 0.6075
5 0.8300000000000001 0.6425 0.8125 0.6425 0.8125 0.65 0.8300000000000001 0.65 0.8300000000000001 0.6425
5 0.8 0.6587500000000001 0.7925 0.6587500000000001 0.7925 0.67375 0.8 0.67375 0.8 0.6587500000000001
5 0.7875 0.7737499999999999 0.78 0.7737499999999999 0.78 0.7887500000000001 0.7875 0.7887500000000001 0.7875 0.7737499999999999
5 0.96125 0.70625 0.94375 0.70625 0.94375 0.7162499999999999 0.96125 0.7162499999999999 0.96125 0.70625
5 0.8975 0.74375 0.8800000000000001 0.74375 0.8800000000000001 0.75125 0.8975 0.75125 0.8975 0.74375
5 0.9375 0.7737499999999999 0.93 0.7737499999999999 0.93 0.79125 0.9375 0.79125 0.9375 0.7737499999999999
5 0.9199999999999999 0.7725 0.9125 0.7725 0.9125 0.7875 0.9199999999999999 0.7875 0.9199999999999999 0.7725
5 0.85125 0.7975 0.83375 0.7975 0.83375 0.805 0.85125 0.805 0.85125 0.7975
5 0.9099999999999999 0.7975 0.8925000000000001 0.7975 0.8925000000000001 0.8025 0.9099999999999999 0.8025 0.9099999999999999 0.7975
5 0.755 0.98125 0.7474999999999999 0.98125 0.7474999999999999 0.9962500000000001 0.755 0.9962500000000001 0.755 0.98125
5 0.7375 0.91375 0.7275 0.91375 0.7275 0.92875 0.7375 0.92875 0.7375 0.91375
5 0.85375 0.73875 0.8387499999999999 0.73875 0.8387499999999999 0.7462500000000001 0.85375 0.7462500000000001 0.85375 0.73875
5 0.89875 0.725 0.88375 0.725 0.88375 0.7325 0.89875 0.7325 0.89875 0.725
5 0.885 0.705 0.875 0.705 0.875 0.7175 0.885 0.7175 0.885 0.705
5 0.9262499999999999 0.64125 0.91625 0.64125 0.91625 0.65625 0.9262499999999999 0.65625 0.9262499999999999 0.64125
5 0.825 0.67125 0.8099999999999999 0.67125 0.8099999999999999 0.67875 0.825 0.67875 0.825 0.67125
5 0.79625 0.6799999999999999 0.79125 0.6799999999999999 0.79125 0.6900000000000001 0.79625 0.6900000000000001 0.79625 0.6799999999999999
5 0.96875 0.57875 0.95375 0.57875 0.95375 0.5862499999999999 0.96875 0.5862499999999999 0.96875 0.57875
5 0.79625 0.53625 0.79125 0.53625 0.79125 0.55125 0.79625 0.55125 0.79625 0.53625
5 0.865 0.70875 0.8574999999999999 0.70875 0.8574999999999999 0.71875 0.865 0.71875 0.865 0.70875
5 0.85625 0.71 0.8387499999999999 0.71 0.8387499999999999 0.7175 0.85625 0.7175 0.85625 0.71
5 0.76125 0.35625 0.74375 0.35625 0.74375 0.36375 0.76125 0.36375 0.76125 0.35625
5 0.48125 0.08875 0.46875 0.08875 0.46875 0.11125 0.48125 0.11125 0.48125 0.08875
5 0.445 0.1025 0.43499999999999994 0.1025 0.43499999999999994 0.12250000000000001 0.445 0.12250000000000001 0.445 0.1025
5 0.46624999999999994 0.13874999999999998 0.45875000000000005 0.13874999999999998 0.45875000000000005 0.16125 0.46624999999999994 0.16125 0.46624999999999994 0.13874999999999998
5 0.3525 0.13874999999999998 0.34249999999999997 0.13874999999999998 0.34249999999999997 0.15875 0.3525 0.15875 0.3525 0.13874999999999998
5 0.34875 0.21125 0.34125 0.21125 0.34125 0.22625 0.34875 0.22625 0.34875 0.21125
5 0.41 0.32125 0.4 0.32125 0.4 0.34125 0.41 0.34125 0.41 0.32125
5 0.39249999999999996 0.3175 0.3825 0.3175 0.3825 0.3375 0.39249999999999996 0.3375 0.39249999999999996 0.3175
5 0.42874999999999996 0.3325 0.41624999999999995 0.3325 0.41624999999999995 0.3525 0.42874999999999996 0.3525 0.42874999999999996 0.3325
5 0.4225 0.51625 0.41 0.51625 0.41 0.5337500000000001 0.4225 0.5337500000000001 0.4225 0.51625
5 0.40750000000000003 0.5025000000000001 0.395 0.5025000000000001 0.395 0.52 0.40750000000000003 0.52 0.40750000000000003 0.5025000000000001
5 0.5237499999999999 0.52625 0.51125 0.52625 0.51125 0.54375 0.5237499999999999 0.54375 0.5237499999999999 0.52625
5 0.49874999999999997 0.5475 0.48375 0.5475 0.48375 0.5625 0.49874999999999997 0.5625 0.49874999999999997 0.5475
5 0.5525 0.525 0.5425 0.525 0.5425 0.54 0.5525 0.54 0.5525 0.525
5 0.5375 0.57375 0.52 0.57375 0.52 0.58375 0.5375 0.58375 0.5375 0.57375
5 0.21375000000000002 0.61625 0.19375 0.61625 0.19375 0.62375 0.21375000000000002 0.62375 0.21375000000000002 0.61625
5 0.465 0.7975 0.45499999999999996 0.7975 0.45499999999999996 0.8125 0.465 0.8125 0.465 0.7975
5 0.465 0.78125 0.4575 0.78125 0.4575 0.79625 0.465 0.79625 0.465 0.78125
5 0.42750000000000005 0.49000000000000005 0.4175 0.49000000000000005 0.4175 0.5075000000000001 0.42750000000000005 0.5075000000000001 0.42750000000000005 0.49000000000000005
5 0.76375 0.175 0.75125 0.175 0.75125 0.20249999999999999 0.76375 0.20249999999999999 0.76375 0.175
5 0.445 0.14125000000000001 0.43499999999999994 0.14125000000000001 0.43499999999999994 0.15875 0.445 0.15875 0.445 0.14125000000000001
5 0.42874999999999996 0.14625 0.42125 0.14625 0.42125 0.15875 0.42874999999999996 0.15875 0.42874999999999996 0.14625
5 0.9125 0.12625 0.8925000000000001 0.12625 0.8925000000000001 0.13374999999999998 0.9125 0.13374999999999998 0.9125 0.12625
5 0.9125 0.13625 0.8949999999999999 0.13625 0.8949999999999999 0.14375 0.9125 0.14375 0.9125 0.13625
5 0.9112500000000001 0.145 0.89125 0.145 0.89125 0.1525 0.9112500000000001 0.1525 0.9112500000000001 0.145
5 0.90625 0.15375 0.89125 0.15375 0.89125 0.16125 0.90625 0.16125 0.90625 0.15375
5 0.7849999999999999 0.43624999999999997 0.7775000000000001 0.43624999999999997 0.7775000000000001 0.45625 0.7849999999999999 0.45625 0.7849999999999999 0.43624999999999997
5 0.78625 0.45875000000000005 0.7787499999999999 0.45875000000000005 0.7787499999999999 0.47874999999999995 0.78625 0.47874999999999995 0.78625 0.45875000000000005
5 0.8099999999999999 0.75875 0.7925 0.75875 0.7925 0.76875 0.8099999999999999 0.76875 0.8099999999999999 0.75875
5 0.9574999999999999 0.74375 0.9375 0.74375 0.9375 0.7537499999999999 0.9574999999999999 0.7537499999999999 0.9574999999999999 0.74375
5 0.8525 0.7474999999999999 0.8375 0.7474999999999999 0.8375 0.755 0.8525 0.755 0.8525 0.7474999999999999
5 0.96125 0.64 0.95375 0.64 0.95375 0.6575 0.96125 0.6575 0.96125 0.64
5 0.8550000000000001 0.72 0.8375 0.72 0.8375 0.7275 0.8550000000000001 0.7275 0.8550000000000001 0.72
5 0.34750000000000003 0.2975 0.325 0.2975 0.325 0.32 0.34750000000000003 0.32 0.34750000000000003 0.2975
5 0.80375 0.5037499999999999 0.7887500000000001 0.5037499999999999 0.7887500000000001 0.5287499999999999 0.80375 0.5287499999999999 0.80375 0.5037499999999999
5 0.85125 0.66875 0.8462500000000001 0.66875 0.8462500000000001 0.6837500000000001 0.85125 0.6837500000000001 0.85125 0.66875
5 0.87375 0.66625 0.8637499999999999 0.66625 0.8637499999999999 0.6837500000000001 0.87375 0.6837500000000001 0.87375 0.66625
5 0.4225 0 0.4225 0.01 0.43 0.01 0.43 0 0.4225 0
5 0.905 0.6025 0.8975 0.6025 0.8975 0.62 0.905 0.62 0.905 0.6025
5 0.47874999999999995 0.7025 0.47125000000000006 0.7025 0.47125000000000006 0.72 0.47874999999999995 0.72 0.47874999999999995 0.7025
5 0.9574999999999999 0.7325 0.9375 0.7325 0.9375 0.74 0.9574999999999999 0.74 0.9574999999999999 0.7325
5 0.825 0.6799999999999999 0.8074999999999999 0.6799999999999999 0.8074999999999999 0.6875 0.825 0.6875 0.825 0.6799999999999999
5 0.9425000000000001 0.6575 0.9324999999999999 0.6575 0.9324999999999999 0.6775 0.9425000000000001 0.6775 0.9425000000000001 0.6575
5 0.9949999999999999 0.73125 0.975 0.73125 0.975 0.74125 0.9949999999999999 0.74125 0.9949999999999999 0.73125
5 0.8087500000000001 0.74875 0.79375 0.74875 0.79375 0.7537499999999999 0.8087500000000001 0.7537499999999999 0.8087500000000001 0.74875
5 0.9037499999999999 0.6575 0.89875 0.6575 0.89875 0.675 0.9037499999999999 0.675 0.9037499999999999 0.6575
5 0.9650000000000001 0.02 0.9574999999999999 0.02 0.9574999999999999 0.0325 0.9650000000000001 0.0325 0.9650000000000001 0.02
5 0.6912499999999999 0.9712500000000001 0.67125 0.9712500000000001 0.67125 0.98125 0.6912499999999999 0.98125 0.6912499999999999 0.9712500000000001
5 0.40625 0.45375 0.36375 0.45375 0.36375 0.5287499999999999 0.40625 0.5287499999999999 0.40625 0.45375
5 0.89625 0.6575 0.89125 0.6575 0.89125 0.6799999999999999 0.89625 0.6799999999999999 0.89625 0.6575
5 0.9112500000000001 0.58 0.89625 0.58 0.89625 0.5875 0.9112500000000001 0.5875 0.9112500000000001 0.58
5 0.8625 0.6675 0.8574999999999999 0.6675 0.8574999999999999 0.6849999999999999 0.8625 0.6849999999999999 0.8625 0.6675
5 0.7887500000000001 0.505 0.78125 0.505 0.78125 0.5225 0.7887500000000001 0.5225 0.7887500000000001 0.505
5 0.97 0.64125 0.9625 0.64125 0.9625 0.65625 0.97 0.65625 0.97 0.64125
5 0.94375 0.02375 0.93625 0.02375 0.93625 0.03375 0.94375 0.03375 0.94375 0.02375
5 0.79375 0.205 0.7887500000000001 0.205 0.7887500000000001 0.2325 0.79375 0.2325 0.79375 0.205
5 0.665 0.985 0.6425 0.985 0.6425 0.9974999999999999 0.665 0.9974999999999999 0.665 0.985
5 0.9425000000000001 0.64125 0.9349999999999999 0.64125 0.9349999999999999 0.6537499999999999 0.9425000000000001 0.6537499999999999 0.9425000000000001 0.64125
5 0.34500000000000003 0.2225 0.3325 0.2225 0.3325 0.24500000000000002 0.34500000000000003 0.24500000000000002 0.34500000000000003 0.2225
5 0.7975 0.08249999999999999 0.79 0.08249999999999999 0.79 0.1 0.7975 0.1 0.7975 0.08249999999999999
5 0.8225 0.6900000000000001 0.8099999999999999 0.6900000000000001 0.8099999999999999 0.6950000000000001 0.8225 0.6950000000000001 0.8225 0.6900000000000001
5 0.98375 0.6375 0.9737500000000001 0.6375 0.9737500000000001 0.6575 0.98375 0.6575 0.98375 0.6375
5 0.39375 0.7175 0.38125 0.7175 0.38125 0.75 0.39375 0.75 0.39375 0.7175
5 0.5925 0.9650000000000001 0.5700000000000001 0.9650000000000001 0.5700000000000001 0.975 0.5925 0.975 0.5925 0.9650000000000001
5 0.925 0.6599999999999999 0.915 0.6599999999999999 0.915 0.6775 0.925 0.6775 0.925 0.6599999999999999
5 0.99125 0.745 0.9712500000000001 0.745 0.9712500000000001 0.7525000000000001 0.99125 0.7525000000000001 0.99125 0.745
5 0.35375 0.1825 0.34125 0.1825 0.34125 0.205 0.35375 0.205 0.35375 0.1825
5 0.82 0.775 0.8125 0.775 0.8125 0.7925 0.82 0.7925 0.82 0.775
5 0.93125 0.595 0.9237500000000001 0.595 0.9237500000000001 0.6174999999999999 0.93125 0.6174999999999999 0.93125 0.595
5 0.72875 0 0.72875 0.01 0.73625 0.01 0.73625 0 0.72875 0
5 0.85625 0.645 0.8487500000000001 0.645 0.8487500000000001 0.6675 0.85625 0.6675 0.85625 0.645
5 0.81875 0.7212500000000001 0.79875 0.7212500000000001 0.79875 0.73125 0.81875 0.73125 0.81875 0.7212500000000001
5 0.89125 0.64125 0.88125 0.64125 0.88125 0.6587500000000001 0.89125 0.6587500000000001 0.89125 0.64125
5 0.56875 0.97875 0.54625 0.97875 0.54625 0.9862500000000001 0.56875 0.9862500000000001 0.56875 0.97875
5 0.46375 0.95375 0.45125000000000004 0.95375 0.45125000000000004 0.97625 0.46375 0.97625 0.46375 0.95375
5 0.9075 0.64 0.8975 0.64 0.8975 0.655 0.9075 0.655 0.9075 0.64
5 0.8387499999999999 0.77 0.83125 0.77 0.83125 0.7925 0.8387499999999999 0.7925 0.8387499999999999 0.77
5 0.38875000000000004 0.5625 0.35625 0.5625 0.35625 0.6025 0.38875000000000004 0.6025 0.38875000000000004 0.5625
5 0.46749999999999997 0.01 0.4575 0.01 0.4575 0.027500000000000004 0.46749999999999997 0.027500000000000004 0.46749999999999997 0.01
5 0.79375 0.6925 0.78625 0.6925 0.78625 0.7150000000000001 0.79375 0.7150000000000001 0.79375 0.6925
5 0.9275 0.57875 0.9125 0.57875 0.9125 0.58875 0.9275 0.58875 0.9275 0.57875
5 0.82 0.7125 0.8025 0.7125 0.8025 0.72 0.82 0.72 0.82 0.7125
5 0.9025000000000001 0.6975 0.8825 0.6975 0.8825 0.705 0.9025000000000001 0.705 0.9025000000000001 0.6975
5 0.8574999999999999 0.69875 0.8400000000000001 0.69875 0.8400000000000001 0.70875 0.8574999999999999 0.70875 0.8574999999999999 0.69875
5 0.43 0.07375000000000001 0.41500000000000004 0.07375000000000001 0.41500000000000004 0.10124999999999999 0.43 0.10124999999999999 0.43 0.07375000000000001
5 0.9550000000000001 0.017499999999999998 0.9525 0.017499999999999998 0.9525 0.034999999999999996 0.9550000000000001 0.034999999999999996 0.9550000000000001 0.017499999999999998
5 0.9737500000000001 0.77125 0.9662499999999999 0.77125 0.9662499999999999 0.7887500000000001 0.9737500000000001 0.7887500000000001 0.9737500000000001 0.77125
5 0.8637499999999999 0.645 0.85875 0.645 0.85875 0.6625 0.8637499999999999 0.6625 0.8637499999999999 0.645
5 0.9675 0.6599999999999999 0.9625 0.6599999999999999 0.9625 0.6775 0.9675 0.6775 0.9675 0.6599999999999999
5 0.38 0.805 0.37 0.805 0.37 0.825 0.38 0.825 0.38 0.805
5 0.3875 0.8525 0.3775 0.8525 0.3775 0.8724999999999999 0.3875 0.8724999999999999 0.3875 0.8525
5 0.82 0.69625 0.8025 0.69625 0.8025 0.70375 0.82 0.70375 0.82 0.69625
5 0.40499999999999997 0.52625 0.3675 0.52625 0.3675 0.5662499999999999 0.40499999999999997 0.5662499999999999 0.40499999999999997 0.52625
5 0.73375 0 0.73375 0.017499999999999998 0.7462500000000001 0.017499999999999998 0.7462500000000001 0 0.73375 0
5 0.38375 0.75 0.37625000000000003 0.75 0.37625000000000003 0.77 0.38375 0.77 0.38375 0.75
5 0.8175000000000001 0.74125 0.7975 0.74125 0.7975 0.7462500000000001 0.8175000000000001 0.7462500000000001 0.8175000000000001 0.74125
5 0.96 0.6599999999999999 0.9525 0.6599999999999999 0.9525 0.6775 0.96 0.6775 0.96 0.6599999999999999
5 0.93875 0.725 0.91875 0.725 0.91875 0.7325 0.93875 0.7325 0.93875 0.725
5 0.9400000000000001 0.70625 0.9199999999999999 0.70625 0.9199999999999999 0.7162499999999999 0.9400000000000001 0.7162499999999999 0.9400000000000001 0.70625
5 0.96125 0.69375 0.9412499999999999 0.69375 0.9412499999999999 0.70375 0.96125 0.70375 0.96125 0.69375