5 0.9650000000000001 0.7175 0.9475 0.7175 0.9475 0.73 0.9650000000000001 0.73 0.9650000000000001 0.7175
5 0.96875 0.74125 0.93875 0.74125 0.93875 0.75875 0.96875 0.75875 0.96875 0.74125
5 0.3075 0.3075 0.29 0.3075 0.29 0.3225 0.3075 0.3225 0.3075 0.3075
5 0.3225 0.2925 0.305 0.2925 0.305 0.31 0.3225 0.31 0.3225 0.2925
5 0.335 0.275 0.3175 0.275 0.3175 0.2925 0.335 0.2925 0.335 0.275
5 0.15375 0.22999999999999998 0.13874999999999998 0.22999999999999998 0.13874999999999998 0.2425 0.15375 0.2425 0.15375 0.22999999999999998
5 0.485 0.49749999999999994 0.465 0.49749999999999994 0.465 0.5125 0.485 0.5125 0.485 0.49749999999999994
5 1 0.71 0.9800000000000001 0.71 0.9800000000000001 0.7224999999999999 1 0.7224999999999999 1 0.71
5 0.76 0.45375 0.7474999999999999 0.45375 0.7474999999999999 0.47125000000000006 0.76 0.47125000000000006 0.76 0.45375
5 0.77125 0.46125 0.75875 0.46125 0.75875 0.47625 0.77125 0.47625 0.77125 0.46125
5 0.75625 0.6287499999999999 0.73875 0.6287499999999999 0.73875 0.64125 0.75625 0.64125 0.75625 0.6287499999999999
5 1 0.70375 0.985 0.70375 0.985 0.71375 1 0.71375 1 0.70375
5 0.865 0.89625 0.8574999999999999 0.89625 0.8574999999999999 0.91625 0.865 0.91625 0.865 0.89625
5 0 0.89875 0.017499999999999998 0.89875 0.017499999999999998 0.88375 0 0.88375 0 0.89875
5 0.2925 0.32375 0.27999999999999997 0.32375 0.27999999999999997 0.34125 0.2925 0.34125 0.2925 0.32375
5 0.39875 0.44875 0.37625000000000003 0.44875 0.37625000000000003 0.46375 0.39875 0.46375 0.39875 0.44875
5 0.945 0.7975 0.9324999999999999 0.7975 0.9324999999999999 0.8150000000000001 0.945 0.8150000000000001 0.945 0.7975
5 0.29125 0.5549999999999999 0.27125 0.5549999999999999 0.27125 0.5725 0.29125 0.5725 0.29125 0.5549999999999999
5 0.495 0.77 0.47000000000000003 0.77 0.47000000000000003 0.7875 0.495 0.7875 0.495 0.77
5 0.43 0.74375 0.4175 0.74375 0.4175 0.76375 0.43 0.76375 0.43 0.74375
5 0.025 0.26375000000000004 0.005 0.26375000000000004 0.005 0.28125 0.025 0.28125 0.025 0.26375000000000004
5 0.11125 0.625 0.07875 0.625 0.07875 0.6425 0.11125 0.6425 0.11125 0.625
5 0.87625 0.6925 0.85625 0.6925 0.85625 0.705 0.87625 0.705 0.87625 0.6925
5 0.6912499999999999 0.5925 0.67625 0.5925 0.67625 0.6075 0.6912499999999999 0.6075 0.6912499999999999 0.5925
5 0.9237500000000001 0.69625 0.9037499999999999 0.69625 0.9037499999999999 0.7112499999999999 0.9237500000000001 0.7112499999999999 0.9237500000000001 0.69625
5 0.24125000000000002 0.6825 0.22875 0.6825 0.22875 0.6925 0.24125000000000002 0.6925 0.24125000000000002 0.6825
5 0.23374999999999999 0.32 0.21625 0.32 0.21625 0.34500000000000003 0.23374999999999999 0.34500000000000003 0.23374999999999999 0.32
5 0.9175000000000001 0.76375 0.8975 0.76375 0.8975 0.77625 0.9175000000000001 0.77625 0.9175000000000001 0.76375
5 0.765 0.915 0.7575000000000001 0.915 0.7575000000000001 0.9324999999999999 0.765 0.9324999999999999 0.765 0.915
5 0.525 0.6912499999999999 0.505 0.6912499999999999 0.505 0.70375 0.525 0.70375 0.525 0.6912499999999999
5 0.64375 0.8550000000000001 0.62625 0.8550000000000001 0.62625 0.8675 0.64375 0.8675 0.64375 0.8550000000000001
5 0.16125 0.505 0.13874999999999998 0.505 0.13874999999999998 0.52 0.16125 0.52 0.16125 0.505
5 0.3025 0.40499999999999997 0.27999999999999997 0.40499999999999997 0.27999999999999997 0.4175 0.3025 0.4175 0.3025 0.40499999999999997
5 0 0.4375 0.015 0.4375 0.015 0.425 0 0.425 0 0.4375
5 0.13874999999999998 0.6725 0.10874999999999999 0.6725 0.10874999999999999 0.6925 0.13874999999999998 0.6925 0.13874999999999998 0.6725
5 0.63625 0.5662499999999999 0.61375 0.5662499999999999 0.61375 0.58125 0.63625 0.58125 0.63625 0.5662499999999999
5 0 0.60625 0.01875 0.60625 0.01875 0.59375 0 0.59375 0 0.60625
5 0.505 0.75 0.485 0.75 0.485 0.765 0.505 0.765 0.505 0.75
5 0.56875 0.54 0.54625 0.54 0.54625 0.5549999999999999 0.56875 0.5549999999999999 0.56875 0.54
5 0.57125 0.76375 0.54625 0.76375 0.54625 0.77625 0.57125 0.77625 0.57125 0.76375
5 0.91875 0.9125 0.9112500000000001 0.9125 0.9112500000000001 0.9275 0.91875 0.9275 0.91875 0.9125
5 0.95625 0.81125 0.9412499999999999 0.81125 0.9412499999999999 0.83125 0.95625 0.83125 0.95625 0.81125
5 0.9962500000000001 0.865 0.97625 0.865 0.97625 0.8875 0.9962500000000001 0.8875 0.9962500000000001 0.865
5 0.37875000000000003 0.7262500000000001 0.36625 0.7262500000000001 0.36625 0.74875 0.37875000000000003 0.74875 0.37875000000000003 0.7262500000000001
5 0.5125 0.7424999999999999 0.4925 0.7424999999999999 0.4925 0.755 0.5125 0.755 0.5125 0.7424999999999999
5 0.43499999999999994 0.77625 0.4125 0.77625 0.4125 0.79125 0.43499999999999994 0.79125 0.43499999999999994 0.77625
5 0.69375 0.8712500000000001 0.67375 0.8712500000000001 0.67375 0.8862500000000001 0.69375 0.8862500000000001 0.69375 0.8712500000000001
5 0.4 0.7325 0.3875 0.7325 0.3875 0.7525000000000001 0.4 0.7525000000000001 0.4 0.7325
5 0.57125 0.775 0.55125 0.775 0.55125 0.7849999999999999 0.57125 0.7849999999999999 0.57125 0.775
5 0.9800000000000001 0.8474999999999999 0.9650000000000001 0.8474999999999999 0.9650000000000001 0.8675 0.9800000000000001 0.8675 0.9800000000000001 0.8474999999999999
5 0.91875 0.7175 0.9012499999999999 0.7175 0.9012499999999999 0.7325 0.91875 0.7325 0.91875 0.7175
5 0.9037499999999999 0.6900000000000001 0.8862500000000001 0.6900000000000001 0.8862500000000001 0.7025 0.9037499999999999 0.7025 0.9037499999999999 0.6900000000000001
5 0.7825 0.64375 0.77 0.64375 0.77 0.6587500000000001 0.7825 0.6587500000000001 0.7825 0.64375
5 0.24625 0.37 0.22125 0.37 0.22125 0.3875 0.24625 0.3875 0.24625 0.37
5 0.8150000000000001 0.67375 0.7975 0.67375 0.7975 0.68625 0.8150000000000001 0.68625 0.8150000000000001 0.67375
5 0.845 0.89375 0.835 0.89375 0.835 0.9112500000000001 0.845 0.9112500000000001 0.845 0.89375
5 0.57375 0.7575000000000001 0.55125 0.7575000000000001 0.55125 0.765 0.57375 0.765 0.57375 0.7575000000000001
5 0.30874999999999997 0.705 0.28375 0.705 0.28375 0.7175 0.30874999999999997 0.7175 0.30874999999999997 0.705
5 0.925 0.76875 0.9025000000000001 0.76875 0.9025000000000001 0.78125 0.925 0.78125 0.925 0.76875
5 0.34750000000000003 0.42750000000000005 0.325 0.42750000000000005 0.325 0.4425 0.34750000000000003 0.4425 0.34750000000000003 0.42750000000000005
5 0.34500000000000003 0.41 0.32 0.41 0.32 0.425 0.34500000000000003 0.425 0.34500000000000003 0.41
5 0.67 0.59375 0.65 0.59375 0.65 0.60875 0.67 0.60875 0.67 0.59375
5 0.7150000000000001 0.845 0.705 0.845 0.705 0.865 0.7150000000000001 0.865 0.7150000000000001 0.845
5 0.8375 0.8862500000000001 0.8275 0.8862500000000001 0.8275 0.90625 0.8375 0.90625 0.8375 0.8862500000000001
5 0.5425 0.70375 0.525 0.70375 0.525 0.7162499999999999 0.5425 0.7162499999999999 0.5425 0.70375
5 0.6875 0.8412499999999999 0.6625 0.8412499999999999 0.6625 0.85375 0.6875 0.85375 0.6875 0.8412499999999999
5 0.9662499999999999 0.8262499999999999 0.9487500000000001 0.8262499999999999 0.9487500000000001 0.8487500000000001 0.9662499999999999 0.8487500000000001 0.9662499999999999 0.8262499999999999
5 0.9275 0.7787499999999999 0.9075 0.7787499999999999 0.9075 0.7887500000000001 0.9275 0.7887500000000001 0.9275 0.7787499999999999
5 0.5650000000000001 0.7837500000000001 0.5425 0.7837500000000001 0.5425 0.79375 0.5650000000000001 0.79375 0.5650000000000001 0.7837500000000001
5 0.47000000000000003 0.76875 0.4525 0.76875 0.4525 0.7787499999999999 0.47000000000000003 0.7787499999999999 0.47000000000000003 0.76875
5 0.26625 0.725 0.24874999999999997 0.725 0.24874999999999997 0.735 0.26625 0.735 0.26625 0.725
5 0.81875 0.8787499999999999 0.80625 0.8787499999999999 0.80625 0.89625 0.81875 0.89625 0.81875 0.8787499999999999
5 0.795 0.8712500000000001 0.78 0.8712500000000001 0.78 0.89875 0.795 0.89875 0.795 0.8712500000000001
5 0.065 0.6475 0.045 0.6475 0.045 0.6599999999999999 0.065 0.6599999999999999 0.065 0.6475
5 0.26 0.39249999999999996 0.2425 0.39249999999999996 0.2425 0.4025 0.26 0.4025 0.26 0.39249999999999996
5 0.89875 0.90625 0.8862500000000001 0.90625 0.8862500000000001 0.9237500000000001 0.89875 0.9237500000000001 0.89875 0.90625
5 0.05375 0.61 0.028749999999999998 0.61 0.028749999999999998 0.6224999999999999 0.05375 0.6224999999999999 0.05375 0.61
5 0.265 0.6900000000000001 0.24 0.6900000000000001 0.24 0.705 0.265 0.705 0.265 0.6900000000000001
5 0.29500000000000004 0.73375 0.26749999999999996 0.73375 0.26749999999999996 0.74875 0.29500000000000004 0.74875 0.29500000000000004 0.73375
5 0.15 0.645 0.125 0.645 0.125 0.6575 0.15 0.6575 0.15 0.645
5 0.74375 0.9075 0.73125 0.9075 0.73125 0.9225 0.74375 0.9225 0.74375 0.9075
5 0.775 0.91875 0.765 0.91875 0.765 0.9337500000000001 0.775 0.9337500000000001 0.775 0.91875
5 0.56125 0.7224999999999999 0.54125 0.7224999999999999 0.54125 0.7325 0.56125 0.7325 0.56125 0.7224999999999999
5 0.11000000000000001 0.665 0.0875 0.665 0.0875 0.6775 0.11000000000000001 0.6775 0.11000000000000001 0.665
5 0.2425 0.70375 0.22000000000000003 0.70375 0.22000000000000003 0.7162499999999999 0.2425 0.7162499999999999 0.2425 0.70375
5 0.46375 0.68875 0.44625000000000004 0.68875 0.44625000000000004 0.69875 0.46375 0.69875 0.46375 0.68875
5 0.43125 0.54125 0.41624999999999995 0.54125 0.41624999999999995 0.56375 0.43125 0.56375 0.43125 0.54125
5 0.28125 0.33999999999999997 0.26625 0.33999999999999997 0.26625 0.3625 0.28125 0.3625 0.28125 0.33999999999999997
5 0.75875 0.6174999999999999 0.73875 0.6174999999999999 0.73875 0.6275000000000001 0.75875 0.6275000000000001 0.75875 0.6174999999999999
5 0.4325 0.64 0.41500000000000004 0.64 0.41500000000000004 0.6525000000000001 0.4325 0.6525000000000001 0.4325 0.64
5 0.49375 0.06375 0.46624999999999994 0.06375 0.46624999999999994 0.08375 0.49375 0.08375 0.49375 0.06375
5 0.8775000000000001 0.9 0.865 0.9 0.865 0.9225 0.8775000000000001 0.9225 0.8775000000000001 0.9
5 0.5700000000000001 0.73375 0.5525 0.73375 0.5525 0.7462500000000001 0.5700000000000001 0.7462500000000001 0.5700000000000001 0.73375
5 0.7725 0.62625 0.755 0.62625 0.755 0.64125 0.7725 0.64125 0.7725 0.62625
5 0.9949999999999999 0.72 0.9775 0.72 0.9775 0.7325 0.9949999999999999 0.7325 0.9949999999999999 0.72
5 0.9099999999999999 0.9099999999999999 0.9 0.9099999999999999 0.9 0.93 0.9099999999999999 0.93 0.9099999999999999 0.9099999999999999
5 0.7575000000000001 0.9125 0.75 0.9125 0.75 0.93 0.7575000000000001 0.93 0.7575000000000001 0.9125
5 0.44749999999999995 0.7575000000000001 0.42750000000000005 0.7575000000000001 0.42750000000000005 0.77 0.44749999999999995 0.77 0.44749999999999995 0.7575000000000001
5 0.14125000000000001 0.915 0.11625 0.915 0.11625 0.9324999999999999 0.14125000000000001 0.9324999999999999 0.14125000000000001 0.915
5 0.40125 0.65125 0.38125 0.65125 0.38125 0.6637500000000001 0.40125 0.6637500000000001 0.40125 0.65125
5 0.23625 0.41 0.21125 0.41 0.21125 0.42750000000000005 0.23625 0.42750000000000005 0.23625 0.41
5 0.52625 0.51125 0.50875 0.51125 0.50875 0.5287499999999999 0.52625 0.5287499999999999 0.52625 0.51125
5 0.7875 0.92125 0.775 0.92125 0.775 0.9337500000000001 0.7875 0.9337500000000001 0.7875 0.92125
5 0.22999999999999998 0.54625 0.21000000000000002 0.54625 0.21000000000000002 0.56375 0.22999999999999998 0.56375 0.22999999999999998 0.54625
5 0.8775000000000001 0.6224999999999999 0.86 0.6224999999999999 0.86 0.6425 0.8775000000000001 0.6425 0.8775000000000001 0.6224999999999999
5 0.8875 0.9 0.8775000000000001 0.9 0.8775000000000001 0.9225 0.8875 0.9225 0.8875 0.9
5 0.20625 0.66625 0.18125 0.66625 0.18125 0.68125 0.20625 0.68125 0.20625 0.66625
5 0.77 0.865 0.755 0.865 0.755 0.8875 0.77 0.8875 0.77 0.865
5 0.07375000000000001 0.88375 0.05625 0.88375 0.05625 0.9012499999999999 0.07375000000000001 0.9012499999999999 0.07375000000000001 0.88375
5 0.2125 0.5375 0.195 0.5375 0.195 0.5525 0.2125 0.5525 0.2125 0.5375
5 0.22999999999999998 0.42874999999999996 0.21000000000000002 0.42874999999999996 0.21000000000000002 0.44125 0.22999999999999998 0.44125 0.22999999999999998 0.42874999999999996
5 0.27375 0.35625 0.24874999999999997 0.35625 0.24874999999999997 0.36625 0.27375 0.36625 0.27375 0.35625
5 0.14750000000000002 0.33625 0.12250000000000001 0.33625 0.12250000000000001 0.35125 0.14750000000000002 0.35125 0.14750000000000002 0.33625
5 0.97625 0.79625 0.96125 0.79625 0.96125 0.81125 0.97625 0.81125 0.97625 0.79625
5 0.9887499999999999 0.8074999999999999 0.9737500000000001 0.8074999999999999 0.9737500000000001 0.825 0.9887499999999999 0.825 0.9887499999999999 0.8074999999999999
5 0.35875 0.5974999999999999 0.33875 0.5974999999999999 0.33875 0.6125 0.35875 0.6125 0.35875 0.5974999999999999
5 0.9349999999999999 0.78125 0.9125 0.78125 0.9125 0.79625 0.9349999999999999 0.79625 0.9349999999999999 0.78125
5 0.75125 0.9099999999999999 0.74125 0.9099999999999999 0.74125 0.93 0.75125 0.93 0.75125 0.9099999999999999
5 0.82125 0.9112500000000001 0.8012499999999999 0.9112500000000001 0.8012499999999999 0.9237500000000001 0.82125 0.9237500000000001 0.82125 0.9112500000000001
5 0.93 0.9125 0.9199999999999999 0.9125 0.9199999999999999 0.9324999999999999 0.93 0.9324999999999999 0.93 0.9125
5 0.80375 0.8775000000000001 0.79375 0.8775000000000001 0.79375 0.8975 0.80375 0.8975 0.80375 0.8775000000000001
5 1 0.8825 0.99125 0.8825 0.99125 0.9025000000000001 1 0.9025000000000001 1 0.8825
5 0.33375 0.75 0.31625000000000003 0.75 0.31625000000000003 0.7625 0.33375 0.7625 0.33375 0.75
5 0.8574999999999999 0.89375 0.845 0.89375 0.845 0.91625 0.8574999999999999 0.91625 0.8574999999999999 0.89375
5 0.7837500000000001 0.8675 0.77125 0.8675 0.77125 0.8925000000000001 0.7837500000000001 0.8925000000000001 0.7837500000000001 0.8675
5 0.5587500000000001 0.79375 0.5387500000000001 0.79375 0.5387500000000001 0.8012499999999999 0.5587500000000001 0.8012499999999999 0.5587500000000001 0.79375
5 0.57125 0.7887500000000001 0.55625 0.7887500000000001 0.55625 0.81375 0.57125 0.81375 0.57125 0.7887500000000001
5 0.215 0.4175 0.2 0.4175 0.2 0.44000000000000006 0.215 0.44000000000000006 0.215 0.4175
5 0.4025 0.19875 0.38 0.19875 0.38 0.22374999999999998 0.4025 0.22374999999999998 0.4025 0.19875
5 0.03875 0.6012500000000001 0.01625 0.6012500000000001 0.01625 0.61375 0.03875 0.61375 0.03875 0.6012500000000001
5 0.62 0.82 0.595 0.82 0.595 0.835 0.62 0.835 0.62 0.82
5 0.93875 0.70375 0.92125 0.70375 0.92125 0.7162499999999999 0.93875 0.7162499999999999 0.93875 0.70375
5 0.39375 0.021249999999999998 0.37875000000000003 0.021249999999999998 0.37875000000000003 0.03375 0.39375 0.03375 0.39375 0.021249999999999998