5 0.215 0.7825 0.1975 0.7825 0.1975 0.795 0.215 0.795 0.215 0.7825
5 0.21875 0.80625 0.18875 0.80625 0.18875 0.8237500000000001 0.21875 0.8237500000000001 0.21875 0.80625
5 0.26625 0.30625 0.24874999999999997 0.30625 0.24874999999999997 0.32875 0.26625 0.32875 0.26625 0.30625
5 0.25 0.775 0.22999999999999998 0.775 0.22999999999999998 0.7875 0.25 0.7875 0.25 0.775
5 0 0.53625 0.01 0.53625 0.01 0.51875 0 0.51875 0 0.53625
5 0.021249999999999998 0.52625 0.008749999999999999 0.52625 0.008749999999999999 0.54125 0.021249999999999998 0.54125 0.021249999999999998 0.52625
5 0.255 0.76875 0.23500000000000001 0.76875 0.23500000000000001 0.7787499999999999 0.255 0.7787499999999999 0.255 0.76875
5 0.11499999999999999 0.96125 0.1075 0.96125 0.1075 0.98125 0.11499999999999999 0.98125 0.11499999999999999 0.96125
5 0.43499999999999994 0.19375 0.4225 0.19375 0.4225 0.21125 0.43499999999999994 0.21125 0.43499999999999994 0.19375
5 0.36124999999999996 0.2475 0.33625 0.2475 0.33625 0.2625 0.36124999999999996 0.2625 0.36124999999999996 0.2475
5 0.195 0.8625 0.1825 0.8625 0.1825 0.8800000000000001 0.195 0.8800000000000001 0.195 0.8625
5 0.32875 0.28625 0.31124999999999997 0.28625 0.31124999999999997 0.30125 0.32875 0.30125 0.32875 0.28625
5 0.4625 0.24125000000000002 0.44749999999999995 0.24125000000000002 0.44749999999999995 0.25125000000000003 0.4625 0.25125000000000003 0.4625 0.24125000000000002
5 0.12625 0.7575000000000001 0.10625 0.7575000000000001 0.10625 0.77 0.12625 0.77 0.12625 0.7575000000000001
5 0.17375000000000002 0.76125 0.15375 0.76125 0.15375 0.77625 0.17375000000000002 0.77625 0.17375000000000002 0.76125
5 0.4225 0.21125 0.4175 0.21125 0.4175 0.23125 0.4225 0.23125 0.4225 0.21125
5 0.1675 0.82875 0.14750000000000002 0.82875 0.14750000000000002 0.8412499999999999 0.1675 0.8412499999999999 0.1675 0.82875
5 0.015 0.9800000000000001 0.0075 0.9800000000000001 0.0075 0.9974999999999999 0.015 0.9974999999999999 0.015 0.9800000000000001
5 0.4175 0.89 0.4 0.89 0.4 0.905 0.4175 0.905 0.4175 0.89
5 0.45999999999999996 0.14125000000000001 0.44000000000000006 0.14125000000000001 0.44000000000000006 0.15125 0.45999999999999996 0.15125 0.45999999999999996 0.14125000000000001
5 0.16875 0.9775 0.16125 0.9775 0.16125 0.9925 0.16875 0.9925 0.16875 0.9775
5 0.20625 0.87625 0.19125 0.87625 0.19125 0.89625 0.20625 0.89625 0.20625 0.87625
5 0.24625 0.93 0.22625 0.93 0.22625 0.9525 0.24625 0.9525 0.24625 0.93
5 0.36625 0.305 0.35125 0.305 0.35125 0.3175 0.36625 0.3175 0.36625 0.305
5 0.22999999999999998 0.9125 0.215 0.9125 0.215 0.9324999999999999 0.22999999999999998 0.9324999999999999 0.22999999999999998 0.9125
5 0.16875 0.7825 0.15125 0.7825 0.15125 0.7975 0.16875 0.7975 0.16875 0.7825
5 0.15375 0.755 0.13625 0.755 0.13625 0.7675 0.15375 0.7675 0.15375 0.755
5 0.0325 0.70875 0.02 0.70875 0.02 0.72375 0.0325 0.72375 0.0325 0.70875
5 0.065 0.73875 0.0475 0.73875 0.0475 0.75125 0.065 0.75125 0.065 0.73875
5 0.40625 0.24375 0.38625 0.24375 0.38625 0.26375000000000004 0.40625 0.26375000000000004 0.40625 0.24375
5 0.095 0.95875 0.08499999999999999 0.95875 0.08499999999999999 0.97625 0.095 0.97625 0.095 0.95875
5 0.2875 0.92875 0.27 0.92875 0.27 0.9512499999999999 0.2875 0.9512499999999999 0.2875 0.92875
5 0.40499999999999997 0.13874999999999998 0.39 0.13874999999999998 0.39 0.14875 0.40499999999999997 0.14875 0.40499999999999997 0.13874999999999998
5 0.175 0.83375 0.1525 0.83375 0.1525 0.8462500000000001 0.175 0.8462500000000001 0.175 0.83375
5 0.43875000000000003 0.13125 0.42125 0.13125 0.42125 0.14375 0.43875000000000003 0.14375 0.43875000000000003 0.13125
5 0.48875 0.20249999999999999 0.47375 0.20249999999999999 0.47375 0.21749999999999997 0.48875 0.21749999999999997 0.48875 0.20249999999999999
5 0.0875 0.9512499999999999 0.0775 0.9512499999999999 0.0775 0.9712500000000001 0.0875 0.9712500000000001 0.0875 0.9512499999999999
5 0.21625 0.89125 0.19875 0.89125 0.19875 0.91375 0.21625 0.91375 0.21625 0.89125
5 0.26 0.90625 0.2475 0.90625 0.2475 0.9237500000000001 0.26 0.9237500000000001 0.26 0.90625
5 0.1775 0.84375 0.1575 0.84375 0.1575 0.85375 0.1775 0.85375 0.1775 0.84375
5 0.49749999999999994 0.11000000000000001 0.48250000000000004 0.11000000000000001 0.48250000000000004 0.1325 0.49749999999999994 0.1325 0.49749999999999994 0.11000000000000001
5 0.06875 0.94375 0.05625 0.94375 0.05625 0.96125 0.06875 0.96125 0.06875 0.94375
5 0.045 0.93625 0.03 0.93625 0.03 0.9637499999999999 0.045 0.9637499999999999 0.045 0.93625
5 0.27749999999999997 0.9824999999999999 0.265 0.9824999999999999 0.265 0.9974999999999999 0.27749999999999997 0.9974999999999999 0.27749999999999997 0.9824999999999999
5 0.39125 0.16 0.38125 0.16 0.38125 0.17250000000000001 0.39125 0.17250000000000001 0.39125 0.16
5 0.5025000000000001 0.185 0.48 0.185 0.48 0.2 0.5025000000000001 0.2 0.5025000000000001 0.185
5 0.14875 0.9712500000000001 0.13625 0.9712500000000001 0.13625 0.9887499999999999 0.14875 0.9887499999999999 0.14875 0.9712500000000001
5 0.025 0.98375 0.015 0.98375 0.015 0.99875 0.025 0.99875 0.025 0.98375
5 0.1275 0.9650000000000001 0.11499999999999999 0.9650000000000001 0.11499999999999999 0.9875 0.1275 0.9875 0.1275 0.9650000000000001
5 0.0225 0.6912499999999999 0.005 0.6912499999999999 0.005 0.70625 0.0225 0.70625 0.0225 0.6912499999999999
5 0.24500000000000002 0.7849999999999999 0.22749999999999998 0.7849999999999999 0.22749999999999998 0.7975 0.24500000000000002 0.7975 0.24500000000000002 0.7849999999999999
5 0.31375000000000003 0.97 0.29375 0.97 0.29375 0.9875 0.31375000000000003 0.9875 0.31375000000000003 0.97
5 0.16 0.975 0.15 0.975 0.15 0.9949999999999999 0.16 0.9949999999999999 0.16 0.975
5 0 0.9949999999999999 0.0075 0.9949999999999999 0.0075 0.9775 0 0.9775 0 0.9949999999999999
5 0.0375 0.9862500000000001 0.025 0.9862500000000001 0.025 0.99875 0.0375 0.99875 0.0375 0.9862500000000001
5 0.1275 0.6875 0.11000000000000001 0.6875 0.11000000000000001 0.7075 0.1275 0.7075 0.1275 0.6875
5 0.35 0.34500000000000003 0.32999999999999996 0.34500000000000003 0.32999999999999996 0.355 0.35 0.355 0.35 0.34500000000000003
5 0.1375 0.9650000000000001 0.1275 0.9650000000000001 0.1275 0.9875 0.1375 0.9875 0.1375 0.9650000000000001
5 0.02 0.93 0.005 0.93 0.005 0.9525 0.02 0.9525 0.02 0.93
5 0.39875 0.8775000000000001 0.38125 0.8775000000000001 0.38125 0.8925000000000001 0.39875 0.8925000000000001 0.39875 0.8775000000000001
5 0.3825 0.86875 0.3675 0.86875 0.3675 0.8787499999999999 0.3825 0.8787499999999999 0.3825 0.86875
5 0.22625 0.8612500000000001 0.21125 0.8612500000000001 0.21125 0.87625 0.22625 0.87625 0.22625 0.8612500000000001
5 0.23875000000000002 0.8724999999999999 0.22374999999999998 0.8724999999999999 0.22374999999999998 0.89 0.23875000000000002 0.89 0.23875000000000002 0.8724999999999999
5 0.2925 0.94375 0.27749999999999997 0.94375 0.27749999999999997 0.96125 0.2925 0.96125 0.2925 0.94375
5 0.185 0.8462500000000001 0.1625 0.8462500000000001 0.1625 0.8612500000000001 0.185 0.8612500000000001 0.185 0.8462500000000001
5 0.07125000000000001 0.97625 0.05125 0.97625 0.05125 0.9887499999999999 0.07125000000000001 0.9887499999999999 0.07125000000000001 0.97625
5 0.18 0.9775 0.16999999999999998 0.9775 0.16999999999999998 0.9974999999999999 0.18 0.9974999999999999 0.18 0.9775
5 0.05375 0.9425000000000001 0.04375 0.9425000000000001 0.04375 0.9625 0.05375 0.9625 0.05375 0.9425000000000001
5 0.25375000000000003 0.9475 0.24125000000000002 0.9475 0.24125000000000002 0.9675 0.25375000000000003 0.9675 0.25375000000000003 0.9475
5 0.1075 0.95875 0.095 0.95875 0.095 0.98125 0.1075 0.98125 0.1075 0.95875
5 0.03375 0.9324999999999999 0.021249999999999998 0.9324999999999999 0.021249999999999998 0.9574999999999999 0.03375 0.9574999999999999 0.03375 0.9324999999999999
5 0.27625 0.92125 0.25875 0.92125 0.25875 0.93875 0.27625 0.93875 0.27625 0.92125
5 0.18875 0.76875 0.17124999999999999 0.76875 0.17124999999999999 0.78125 0.18875 0.78125 0.18875 0.76875