5 0.9037499999999999 0.29500000000000004 0.8887499999999999 0.29500000000000004 0.8887499999999999 0.3075 0.9037499999999999 0.3075 0.9037499999999999 0.29500000000000004
5 0.7675 0.9487500000000001 0.745 0.9487500000000001 0.745 0.9637499999999999 0.7675 0.9637499999999999 0.7675 0.9487500000000001
5 0.17250000000000001 0.6475 0.14750000000000002 0.6475 0.14750000000000002 0.665 0.17250000000000001 0.665 0.17250000000000001 0.6475
5 0.275 0.6875 0.2475 0.6875 0.2475 0.71 0.275 0.71 0.275 0.6875
5 0.14375 0.4225 0.12875 0.4225 0.12875 0.4325 0.14375 0.4325 0.14375 0.4225
5 0.10375000000000001 0.40625 0.08375 0.40625 0.08375 0.41875 0.10375000000000001 0.41875 0.10375000000000001 0.40625
5 0.11374999999999999 0.44125 0.09375 0.44125 0.09375 0.45125000000000004 0.11374999999999999 0.45125000000000004 0.11374999999999999 0.44125
5 0.58 0.3825 0.5650000000000001 0.3825 0.5650000000000001 0.4 0.58 0.4 0.58 0.3825
5 0.1975 0.445 0.185 0.445 0.185 0.4525 0.1975 0.4525 0.1975 0.445
5 0.5925 0.6275000000000001 0.585 0.6275000000000001 0.585 0.64 0.5925 0.64 0.5925 0.6275000000000001
5 0.5862499999999999 0.5900000000000001 0.56875 0.5900000000000001 0.56875 0.5974999999999999 0.5862499999999999 0.5974999999999999 0.5862499999999999 0.5900000000000001
5 0.6375 0.63875 0.6075 0.63875 0.6075 0.65625 0.6375 0.65625 0.6375 0.63875
5 0.09875 0.65625 0.07875 0.65625 0.07875 0.66875 0.09875 0.66875 0.09875 0.65625
5 0.03375 0.6174999999999999 0.01125 0.6174999999999999 0.01125 0.6325000000000001 0.03375 0.6325000000000001 0.03375 0.6174999999999999
5 0.3875 0.50875 0.3675 0.50875 0.3675 0.5237499999999999 0.3875 0.5237499999999999 0.3875 0.50875
5 0.66875 0.40750000000000003 0.6537499999999999 0.40750000000000003 0.6537499999999999 0.4175 0.66875 0.4175 0.66875 0.40750000000000003
5 0.10625 0 0.10625 0.01 0.12125 0.01 0.12125 0 0.10625 0
5 0.65125 0.6125 0.6287499999999999 0.6125 0.6287499999999999 0.625 0.65125 0.625 0.65125 0.6125
5 0.775 0.32875 0.755 0.32875 0.755 0.34625 0.775 0.34625 0.775 0.32875
5 0.08125 0.63875 0.058750000000000004 0.63875 0.058750000000000004 0.66125 0.08125 0.66125 0.08125 0.63875
5 0.8612500000000001 0.6900000000000001 0.82875 0.6900000000000001 0.82875 0.7075 0.8612500000000001 0.7075 0.8612500000000001 0.6900000000000001
5 0.12125 0.6637500000000001 0.09875 0.6637500000000001 0.09875 0.67875 0.12125 0.67875 0.12125 0.6637500000000001
5 0.99125 0.7474999999999999 0.97875 0.7474999999999999 0.97875 0.7575000000000001 0.99125 0.7575000000000001 0.99125 0.7474999999999999
5 0.38 0.77 0.355 0.77 0.355 0.7849999999999999 0.38 0.7849999999999999 0.38 0.77
5 0.98375 0.385 0.9662499999999999 0.385 0.9662499999999999 0.41 0.98375 0.41 0.98375 0.385
5 0.034999999999999996 0.3825 0.015 0.3825 0.015 0.39249999999999996 0.034999999999999996 0.39249999999999996 0.034999999999999996 0.3825
5 0.13125 0.45125000000000004 0.11374999999999999 0.45125000000000004 0.11374999999999999 0.46125 0.13125 0.46125 0.13125 0.45125000000000004
5 0.40374999999999994 0.7787499999999999 0.38625 0.7787499999999999 0.38625 0.79375 0.40374999999999994 0.79375 0.40374999999999994 0.7787499999999999
5 0.9112500000000001 0.5700000000000001 0.8887499999999999 0.5700000000000001 0.8887499999999999 0.585 0.9112500000000001 0.585 0.9112500000000001 0.5700000000000001
5 0.765 0.49000000000000005 0.7474999999999999 0.49000000000000005 0.7474999999999999 0.5025000000000001 0.765 0.5025000000000001 0.765 0.49000000000000005
5 0.2725 0.0875 0.255 0.0875 0.255 0.1025 0.2725 0.1025 0.2725 0.0875
5 0.2525 0.6775 0.2225 0.6775 0.2225 0.6975 0.2525 0.6975 0.2525 0.6775
5 0.8887499999999999 0.7375 0.85875 0.7375 0.85875 0.7575000000000001 0.8887499999999999 0.7575000000000001 0.8887499999999999 0.7375
5 0.76875 0.6587500000000001 0.7462500000000001 0.6587500000000001 0.7462500000000001 0.67125 0.76875 0.67125 0.76875 0.6587500000000001
5 0.29500000000000004 0.47874999999999995 0.27749999999999997 0.47874999999999995 0.27749999999999997 0.48875 0.29500000000000004 0.48875 0.29500000000000004 0.47874999999999995
5 0.34750000000000003 0.495 0.3225 0.495 0.3225 0.5075000000000001 0.34750000000000003 0.5075000000000001 0.34750000000000003 0.495
5 0.6525000000000001 0.39625 0.635 0.39625 0.635 0.40625 0.6525000000000001 0.40625 0.6525000000000001 0.39625
5 0.62 0.88375 0.595 0.88375 0.595 0.89625 0.62 0.89625 0.62 0.88375
5 0.34500000000000003 0.7625 0.3225 0.7625 0.3225 0.7725 0.34500000000000003 0.7725 0.34500000000000003 0.7625
5 0.55125 0.59375 0.53125 0.59375 0.53125 0.60375 0.55125 0.60375 0.55125 0.59375
5 0.9962500000000001 0.43499999999999994 0.9712500000000001 0.43499999999999994 0.9712500000000001 0.4525 0.9962500000000001 0.4525 0.9962500000000001 0.43499999999999994
5 0.0925 0.08249999999999999 0.0775 0.08249999999999999 0.0775 0.0975 0.0925 0.0975 0.0925 0.08249999999999999
5 0.09125 0.43624999999999997 0.07375000000000001 0.43624999999999997 0.07375000000000001 0.44625000000000004 0.09125 0.44625000000000004 0.09125 0.43624999999999997
5 0.65625 0.19125 0.63875 0.19125 0.63875 0.21625 0.65625 0.21625 0.65625 0.19125
5 0.38125 0.74375 0.36375 0.74375 0.36375 0.75125 0.38125 0.75125 0.38125 0.74375
5 0.12875 0.057499999999999996 0.11125 0.057499999999999996 0.11125 0.0675 0.12875 0.0675 0.12875 0.057499999999999996
5 0.29500000000000004 0.705 0.2725 0.705 0.2725 0.7175 0.29500000000000004 0.7175 0.29500000000000004 0.705
5 0.74875 0.33625 0.73125 0.33625 0.73125 0.34375 0.74875 0.34375 0.74875 0.33625
5 0.8150000000000001 0.7125 0.795 0.7125 0.795 0.725 0.8150000000000001 0.725 0.8150000000000001 0.7125
5 0.6637500000000001 0.20750000000000002 0.64625 0.20750000000000002 0.64625 0.225 0.6637500000000001 0.225 0.6637500000000001 0.20750000000000002
5 0.1975 0.4575 0.1825 0.4575 0.1825 0.47000000000000003 0.1975 0.47000000000000003 0.1975 0.4575
5 0.80375 0.675 0.7787499999999999 0.675 0.7787499999999999 0.6875 0.80375 0.6875 0.80375 0.675
5 0.31 0.0875 0.2875 0.0875 0.2875 0.10500000000000001 0.31 0.10500000000000001 0.31 0.0875
5 0.14625 0.64 0.12875 0.64 0.12875 0.6575 0.14625 0.6575 0.14625 0.64
5 0.63625 0.22374999999999998 0.6212500000000001 0.22374999999999998 0.6212500000000001 0.24125000000000002 0.63625 0.24125000000000002 0.63625 0.22374999999999998
5 0.9 0.71 0.875 0.71 0.875 0.7224999999999999 0.9 0.7224999999999999 0.9 0.71
5 0.69625 0.9099999999999999 0.66875 0.9099999999999999 0.66875 0.9324999999999999 0.69625 0.9324999999999999 0.69625 0.9099999999999999
5 0.86 0.73 0.8375 0.73 0.8375 0.7424999999999999 0.86 0.7424999999999999 0.86 0.73
5 0.9925 0.76875 0.97 0.76875 0.97 0.78125 0.9925 0.78125 0.9925 0.76875
5 0.20249999999999999 0.47375 0.185 0.47375 0.185 0.48375 0.20249999999999999 0.48375 0.20249999999999999 0.47375
5 0.1525 0.45625 0.1325 0.45625 0.1325 0.46624999999999994 0.1525 0.46624999999999994 0.1525 0.45625
5 0.46749999999999997 0.5387500000000001 0.4375 0.5387500000000001 0.4375 0.55625 0.46749999999999997 0.55625 0.46749999999999997 0.5387500000000001
5 0.23125 0.06875 0.21125 0.06875 0.21125 0.08125 0.23125 0.08125 0.23125 0.06875
5 0.16375 0.058750000000000004 0.14625 0.058750000000000004 0.14625 0.07375000000000001 0.16375 0.07375000000000001 0.16375 0.058750000000000004
5 0.11125 0.017499999999999998 0.10124999999999999 0.017499999999999998 0.10124999999999999 0.0375 0.11125 0.0375 0.11125 0.017499999999999998
5 0.21000000000000002 0.058750000000000004 0.185 0.058750000000000004 0.185 0.07375000000000001 0.21000000000000002 0.07375000000000001 0.21000000000000002 0.058750000000000004
5 0.12375 0.41624999999999995 0.10874999999999999 0.41624999999999995 0.10874999999999999 0.42625 0.12375 0.42625 0.12375 0.41624999999999995
5 0.0925 0.015 0.0775 0.015 0.0775 0.025 0.0925 0.025 0.0925 0.015
5 0.6575 0.6525000000000001 0.64 0.6525000000000001 0.64 0.665 0.6575 0.665 0.6575 0.6525000000000001
5 0.61125 0.5962500000000001 0.58375 0.5962500000000001 0.58375 0.60875 0.61125 0.60875 0.61125 0.5962500000000001
5 0.89125 0.9800000000000001 0.86625 0.9800000000000001 0.86625 0.9974999999999999 0.89125 0.9974999999999999 0.89125 0.9800000000000001
5 0.9862500000000001 0.475 0.96125 0.475 0.96125 0.4925 0.9862500000000001 0.4925 0.9862500000000001 0.475
5 0.70875 0.425 0.68125 0.425 0.68125 0.4425 0.70875 0.4425 0.70875 0.425
5 0.1775 0.46624999999999994 0.1575 0.46624999999999994 0.1575 0.47625 0.1775 0.47625 0.1775 0.46624999999999994
5 0.6075 0.31875 0.595 0.31875 0.595 0.32875 0.6075 0.32875 0.6075 0.31875
5 0.9800000000000001 0.61125 0.96 0.61125 0.96 0.6287499999999999 0.9800000000000001 0.6287499999999999 0.9800000000000001 0.61125
5 0.5675 0.58125 0.5475 0.58125 0.5475 0.59375 0.5675 0.59375 0.5675 0.58125
5 0.95625 0.73125 0.93125 0.73125 0.93125 0.7462500000000001 0.95625 0.7462500000000001 0.95625 0.73125
5 0.43499999999999994 0.5275000000000001 0.4125 0.5275000000000001 0.4125 0.5425 0.43499999999999994 0.5425 0.43499999999999994 0.5275000000000001
5 0.575 0.8612500000000001 0.55 0.8612500000000001 0.55 0.8787499999999999 0.575 0.8787499999999999 0.575 0.8612500000000001
5 0.8237500000000001 0.9487500000000001 0.80625 0.9487500000000001 0.80625 0.9662499999999999 0.8237500000000001 0.9662499999999999 0.8237500000000001 0.9487500000000001
5 0.9625 0.6025 0.945 0.6025 0.945 0.6174999999999999 0.9625 0.6174999999999999 0.9625 0.6025
5 0.9800000000000001 0.49375 0.96 0.49375 0.96 0.50625 0.9800000000000001 0.50625 0.9800000000000001 0.49375
5 0.8975 0.40125 0.8724999999999999 0.40125 0.8724999999999999 0.41624999999999995 0.8975 0.41624999999999995 0.8975 0.40125
5 0.65625 0.2875 0.63375 0.2875 0.63375 0.3025 0.65625 0.3025 0.65625 0.2875
5 0.655 0.88375 0.6224999999999999 0.88375 0.6224999999999999 0.90625 0.655 0.90625 0.655 0.88375
5 0.30625 0.095 0.28375 0.095 0.28375 0.11499999999999999 0.30625 0.11499999999999999 0.30625 0.095
5 0.08375 0.40125 0.05625 0.40125 0.05625 0.42374999999999996 0.08375 0.42374999999999996 0.08375 0.40125
5 0.72 0.67125 0.6849999999999999 0.67125 0.6849999999999999 0.6837500000000001 0.72 0.6837500000000001 0.72 0.67125
5 0.1 0.61875 0.0775 0.61875 0.0775 0.63625 0.1 0.63625 0.1 0.61875
5 0.16 0.0325 0.1275 0.0325 0.1275 0.05500000000000001 0.16 0.05500000000000001 0.16 0.0325
5 0.48875 0.54875 0.46624999999999994 0.54875 0.46624999999999994 0.56375 0.48875 0.56375 0.48875 0.54875
5 0.5599999999999999 0.615 0.5475 0.615 0.5475 0.63 0.5599999999999999 0.63 0.5599999999999999 0.615
5 0.12375 0.63 0.09625 0.63 0.09625 0.645 0.12375 0.645 0.12375 0.63
5 0.9650000000000001 0.48250000000000004 0.95 0.48250000000000004 0.95 0.505 0.9650000000000001 0.505 0.9650000000000001 0.48250000000000004
5 0.5337500000000001 0.41624999999999995 0.5237499999999999 0.41624999999999995 0.5237499999999999 0.43375 0.5337500000000001 0.43375 0.5337500000000001 0.41624999999999995
5 0.7887500000000001 0.66625 0.76625 0.66625 0.76625 0.67875 0.7887500000000001 0.67875 0.7887500000000001 0.66625
5 0.034999999999999996 0.5912499999999999 0.01 0.5912499999999999 0.01 0.60625 0.034999999999999996 0.60625 0.034999999999999996 0.5912499999999999
5 0.22749999999999998 0.6675 0.195 0.6675 0.195 0.6900000000000001 0.22749999999999998 0.6900000000000001 0.22749999999999998 0.6675