5 0.9487500000000001 0.3725 0.93625 0.3725 0.93625 0.39 0.9487500000000001 0.39 0.9487500000000001 0.3725
5 0.9574999999999999 0.37124999999999997 0.9475 0.37124999999999997 0.9475 0.38875000000000004 0.9574999999999999 0.38875000000000004 0.9574999999999999 0.37124999999999997
5 0.43624999999999997 0.10124999999999999 0.42125 0.10124999999999999 0.42125 0.11625 0.43624999999999997 0.11625 0.43624999999999997 0.10124999999999999
5 0.44625000000000004 0.1075 0.43125 0.1075 0.43125 0.1275 0.44625000000000004 0.1275 0.44625000000000004 0.1075
5 0.45625 0.11125 0.44125 0.11125 0.44125 0.12875 0.45625 0.12875 0.45625 0.11125
5 0.46749999999999997 0.11875 0.4525 0.11875 0.4525 0.13625 0.46749999999999997 0.13625 0.46749999999999997 0.11875
5 0.50875 0.07625 0.48375 0.07625 0.48375 0.09875 0.50875 0.09875 0.50875 0.07625
5 0.057499999999999996 0.8262499999999999 0.04 0.8262499999999999 0.04 0.84375 0.057499999999999996 0.84375 0.057499999999999996 0.8262499999999999
5 0.64375 0.16 0.63125 0.16 0.63125 0.175 0.64375 0.175 0.64375 0.16
5 0.85625 0.24625 0.8412499999999999 0.24625 0.8412499999999999 0.25625 0.85625 0.25625 0.85625 0.24625
5 0.75125 0.06625 0.72875 0.06625 0.72875 0.08375 0.75125 0.08375 0.75125 0.06625
5 0.6487499999999999 0.12125 0.63625 0.12125 0.63625 0.13874999999999998 0.6487499999999999 0.13874999999999998 0.6487499999999999 0.12125
5 0.78625 0.2125 0.76375 0.2125 0.76375 0.2375 0.78625 0.2375 0.78625 0.2125
5 0.32375 0.24500000000000002 0.27875 0.24500000000000002 0.27875 0.275 0.32375 0.275 0.32375 0.24500000000000002
5 0.8724999999999999 0.3325 0.85 0.3325 0.85 0.34249999999999997 0.8724999999999999 0.34249999999999997 0.8724999999999999 0.3325
5 0.05 0.16125 0.025 0.16125 0.025 0.17625 0.05 0.17625 0.05 0.16125
5 0.71 0.36375 0.6900000000000001 0.36375 0.6900000000000001 0.37625000000000003 0.71 0.37625000000000003 0.71 0.36375
5 0.8487500000000001 0.27 0.82875 0.27 0.82875 0.27749999999999997 0.8487500000000001 0.27749999999999997 0.8487500000000001 0.27
5 0.8525 0.35625 0.8324999999999999 0.35625 0.8324999999999999 0.36875 0.8525 0.36875 0.8525 0.35625
5 0.8637499999999999 0.3825 0.85125 0.3825 0.85125 0.40499999999999997 0.8637499999999999 0.40499999999999997 0.8637499999999999 0.3825
5 0.875 0.14750000000000002 0.8550000000000001 0.14750000000000002 0.8550000000000001 0.1675 0.875 0.1675 0.875 0.14750000000000002
5 0.225 0.21375000000000002 0.1975 0.21375000000000002 0.1975 0.22625 0.225 0.22625 0.225 0.21375000000000002
5 0.78 0.37625000000000003 0.7675 0.37625000000000003 0.7675 0.39875 0.78 0.39875 0.78 0.37625000000000003
5 0.93625 0.34249999999999997 0.91625 0.34249999999999997 0.91625 0.35750000000000004 0.93625 0.35750000000000004 0.93625 0.34249999999999997
5 0.5337500000000001 0.095 0.52125 0.095 0.52125 0.11499999999999999 0.5337500000000001 0.11499999999999999 0.5337500000000001 0.095
5 0.79375 0.19375 0.77125 0.19375 0.77125 0.21375000000000002 0.79375 0.21375000000000002 0.79375 0.19375
5 0.725 0.43499999999999994 0.7025 0.43499999999999994 0.7025 0.45 0.725 0.45 0.725 0.43499999999999994
5 0.75125 0.29125 0.73875 0.29125 0.73875 0.30125 0.75125 0.30125 0.75125 0.29125
5 0.73375 0.33125 0.70875 0.33125 0.70875 0.34125 0.73375 0.34125 0.73375 0.33125
5 0.74125 0.17250000000000001 0.7162499999999999 0.17250000000000001 0.7162499999999999 0.19 0.74125 0.19 0.74125 0.17250000000000001
5 0.33875 0.0625 0.32875 0.0625 0.32875 0.075 0.33875 0.075 0.33875 0.0625
5 0.77 0.26375000000000004 0.745 0.26375000000000004 0.745 0.27625 0.77 0.27625 0.77 0.26375000000000004
5 0.7837500000000001 0.24500000000000002 0.75625 0.24500000000000002 0.75625 0.255 0.7837500000000001 0.255 0.7837500000000001 0.24500000000000002
5 0.69375 0.1275 0.67625 0.1275 0.67625 0.1525 0.69375 0.1525 0.69375 0.1275
5 0.745 0.36875 0.735 0.36875 0.735 0.38875000000000004 0.745 0.38875000000000004 0.745 0.36875
5 0.89125 0.37875000000000003 0.8787499999999999 0.37875000000000003 0.8787499999999999 0.40374999999999994 0.89125 0.40374999999999994 0.89125 0.37875000000000003
5 0.925 0.37625000000000003 0.915 0.37625000000000003 0.915 0.39625 0.925 0.39625 0.925 0.37625000000000003
5 0.95875 0.2625 0.94625 0.2625 0.94625 0.28250000000000003 0.95875 0.28250000000000003 0.95875 0.2625
5 0.79875 0.16875 0.77625 0.16875 0.77625 0.18875 0.79875 0.18875 0.79875 0.16875
5 0.76375 0.1575 0.74125 0.1575 0.74125 0.1775 0.76375 0.1775 0.76375 0.1575
5 0.74125 0.4 0.7262500000000001 0.4 0.7262500000000001 0.41500000000000004 0.74125 0.41500000000000004 0.74125 0.4
5 0.79125 0.19624999999999998 0.76875 0.19624999999999998 0.76875 0.20625 0.79125 0.20625 0.79125 0.19624999999999998
5 0.6900000000000001 0.175 0.675 0.175 0.675 0.195 0.6900000000000001 0.195 0.6900000000000001 0.175
5 0.745 0.305 0.7275 0.305 0.7275 0.315 0.745 0.315 0.745 0.305
5 0.7162499999999999 0.35375 0.69375 0.35375 0.69375 0.36124999999999996 0.7162499999999999 0.36124999999999996 0.7162499999999999 0.35375
5 0.765 0.27125 0.745 0.27125 0.745 0.28375 0.765 0.28375 0.765 0.27125
5 0.83125 0.30125 0.80625 0.30125 0.80625 0.31375000000000003 0.83125 0.31375000000000003 0.83125 0.30125
5 0.87625 0.3775 0.8612500000000001 0.3775 0.8612500000000001 0.40499999999999997 0.87625 0.40499999999999997 0.87625 0.3775
5 0.6837500000000001 0.1325 0.6587500000000001 0.1325 0.6587500000000001 0.1575 0.6837500000000001 0.1575 0.6837500000000001 0.1325
5 0.5387500000000001 0.09625 0.51125 0.09625 0.51125 0.11374999999999999 0.5387500000000001 0.11374999999999999 0.5387500000000001 0.09625
5 0.28625 0.008749999999999999 0.24125000000000002 0.008749999999999999 0.24125000000000002 0.026250000000000002 0.28625 0.026250000000000002 0.28625 0.008749999999999999
5 0.74375 0.1975 0.7262500000000001 0.1975 0.7262500000000001 0.21749999999999997 0.74375 0.21749999999999997 0.74375 0.1975
5 0.91375 0.29874999999999996 0.89625 0.29874999999999996 0.89625 0.30874999999999997 0.91375 0.30874999999999997 0.91375 0.29874999999999996
5 0.7175 0.3625 0.6875 0.3625 0.6875 0.375 0.7175 0.375 0.7175 0.3625
5 0.7875 0.29125 0.765 0.29125 0.765 0.30874999999999997 0.7875 0.30874999999999997 0.7875 0.29125
5 0.775 0.1625 0.7525000000000001 0.1625 0.7525000000000001 0.18 0.775 0.18 0.775 0.1625
5 0.6825 0.13 0.67 0.13 0.67 0.14750000000000002 0.6825 0.14750000000000002 0.6825 0.13
5 0.6325000000000001 0.155 0.625 0.155 0.625 0.16999999999999998 0.6325000000000001 0.16999999999999998 0.6325000000000001 0.155
5 0.8712500000000001 0.32875 0.8487500000000001 0.32875 0.8487500000000001 0.34125 0.8712500000000001 0.34125 0.8712500000000001 0.32875
5 0.37875000000000003 0.005 0.35625 0.005 0.35625 0.0475 0.37875000000000003 0.0475 0.37875000000000003 0.005
5 0.81875 0.17250000000000001 0.80375 0.17250000000000001 0.80375 0.1975 0.81875 0.1975 0.81875 0.17250000000000001
5 0.7212500000000001 0.34249999999999997 0.70125 0.34249999999999997 0.70125 0.3525 0.7212500000000001 0.3525 0.7212500000000001 0.34249999999999997
5 0.7737499999999999 0.25125000000000003 0.75625 0.25125000000000003 0.75625 0.26125 0.7737499999999999 0.26125 0.7737499999999999 0.25125000000000003
5 0.25875 0.25125000000000003 0.24125000000000002 0.25125000000000003 0.24125000000000002 0.26125 0.25875 0.26125 0.25875 0.25125000000000003
5 0.805 0.1775 0.7875 0.1775 0.7875 0.1925 0.805 0.1925 0.805 0.1775
5 0.79875 0.21875 0.78125 0.21875 0.78125 0.23875000000000002 0.79875 0.23875000000000002 0.79875 0.21875
5 0.8087500000000001 0.042499999999999996 0.78625 0.042499999999999996 0.78625 0.05500000000000001 0.8087500000000001 0.05500000000000001 0.8087500000000001 0.042499999999999996
5 0.665 0.12375 0.6575 0.12375 0.6575 0.14625 0.665 0.14625 0.665 0.12375
5 0.81375 0.38625 0.80625 0.38625 0.80625 0.40374999999999994 0.81375 0.40374999999999994 0.81375 0.38625
5 0.48375 0.20750000000000002 0.46125 0.20750000000000002 0.46125 0.24 0.48375 0.24 0.48375 0.20750000000000002
5 0.615 0.10625 0.6025 0.10625 0.6025 0.12875 0.615 0.12875 0.615 0.10625
5 0.2125 0.2325 0.19 0.2325 0.19 0.24500000000000002 0.2125 0.24500000000000002 0.2125 0.2325
5 0.74375 0.1525 0.73375 0.1525 0.73375 0.175 0.74375 0.175 0.74375 0.1525
5 0.6675 0.16625 0.6525000000000001 0.16625 0.6525000000000001 0.18625 0.6675 0.18625 0.6675 0.16625
5 0.76 0.27875 0.74 0.27875 0.74 0.29125 0.76 0.29125 0.76 0.27875
5 0.75625 0.37 0.74375 0.37 0.74375 0.395 0.75625 0.395 0.75625 0.37
5 0.91625 0.26375000000000004 0.9012499999999999 0.26375000000000004 0.9012499999999999 0.27875 0.91625 0.27875 0.91625 0.26375000000000004
5 0.8675 0.335 0.8400000000000001 0.335 0.8400000000000001 0.35 0.8675 0.35 0.8675 0.335
5 0.5425 0.34750000000000003 0.52 0.34750000000000003 0.52 0.36 0.5425 0.36 0.5425 0.34750000000000003
5 0.76875 0.20625 0.7462500000000001 0.20625 0.7462500000000001 0.22875 0.76875 0.22875 0.76875 0.20625
5 0.1275 0.1875 0.1075 0.1875 0.1075 0.2 0.1275 0.2 0.1275 0.1875
5 0.72 0.34249999999999997 0.6975 0.34249999999999997 0.6975 0.3525 0.72 0.3525 0.72 0.34249999999999997
5 0.74375 0.19624999999999998 0.71875 0.19624999999999998 0.71875 0.21875 0.74375 0.21875 0.74375 0.19624999999999998
5 0.725 0.145 0.71 0.145 0.71 0.16499999999999998 0.725 0.16499999999999998 0.725 0.145
5 0.7025 0.1375 0.6825 0.1375 0.6825 0.1575 0.7025 0.1575 0.7025 0.1375
5 0.9862500000000001 0.095 0.9637499999999999 0.095 0.9637499999999999 0.1075 0.9862500000000001 0.1075 0.9862500000000001 0.095
5 0.7837500000000001 0.21375000000000002 0.7737499999999999 0.21375000000000002 0.7737499999999999 0.23625 0.7837500000000001 0.23625 0.7837500000000001 0.21375000000000002
5 0.7224999999999999 0.14750000000000002 0.7150000000000001 0.14750000000000002 0.7150000000000001 0.16499999999999998 0.7224999999999999 0.16499999999999998 0.7224999999999999 0.14750000000000002
5 0.76375 0.18875 0.74125 0.18875 0.74125 0.19875 0.76375 0.19875 0.76375 0.18875
5 0.7424999999999999 0.315 0.72 0.315 0.72 0.3275 0.7424999999999999 0.3275 0.7424999999999999 0.315
5 0.9375 0.37 0.925 0.37 0.925 0.39249999999999996 0.9375 0.39249999999999996 0.9375 0.37
5 0.46125 0.315 0.44125 0.315 0.44125 0.3275 0.46125 0.3275 0.46125 0.315
5 0.7775000000000001 0.25125000000000003 0.745 0.25125000000000003 0.745 0.26375000000000004 0.7775000000000001 0.26375000000000004 0.7775000000000001 0.25125000000000003
5 0.465 0.2375 0.4425 0.2375 0.4425 0.2625 0.465 0.2625 0.465 0.2375
5 0.40750000000000003 0.01875 0.3875 0.01875 0.3875 0.05625 0.40750000000000003 0.05625 0.40750000000000003 0.01875
5 0.41875 0.02375 0.39875 0.02375 0.39875 0.061250000000000006 0.41875 0.061250000000000006 0.41875 0.02375
5 1 0.24500000000000002 0.99 0.24500000000000002 0.99 0.26749999999999996 1 0.26749999999999996 1 0.24500000000000002
5 0.8800000000000001 0.31375000000000003 0.8574999999999999 0.31375000000000003 0.8574999999999999 0.32125 0.8800000000000001 0.32125 0.8800000000000001 0.31375000000000003
5 0.9012499999999999 0.20125 0.88375 0.20125 0.88375 0.21875 0.9012499999999999 0.21875 0.9012499999999999 0.20125
5 0.8975 0.27 0.875 0.27 0.875 0.27999999999999997 0.8975 0.27999999999999997 0.8975 0.27
5 0.0675 0.1525 0.0475 0.1525 0.0475 0.16499999999999998 0.0675 0.16499999999999998 0.0675 0.1525
5 0.825 0.38375 0.8150000000000001 0.38375 0.8150000000000001 0.40625 0.825 0.40625 0.825 0.38375
5 0.32125 0.32625000000000004 0.30375 0.32625000000000004 0.30375 0.33875 0.32125 0.33875 0.32125 0.32625000000000004
5 0.7675 0.205 0.7525000000000001 0.205 0.7525000000000001 0.22749999999999998 0.7675 0.22749999999999998 0.7675 0.205
5 0.755 0.3 0.73 0.3 0.73 0.3075 0.755 0.3075 0.755 0.3
5 0.8162499999999999 0.18125 0.8012499999999999 0.18125 0.8012499999999999 0.20125 0.8162499999999999 0.20125 0.8162499999999999 0.18125
5 0.9337500000000001 0 0.9337500000000001 0.01125 0.95375 0.01125 0.95375 0 0.9337500000000001 0
5 0.7325 0.14750000000000002 0.725 0.14750000000000002 0.725 0.16999999999999998 0.7325 0.16999999999999998 0.7325 0.14750000000000002
5 0.9512499999999999 0.275 0.93625 0.275 0.93625 0.2975 0.9512499999999999 0.2975 0.9512499999999999 0.275
5 0.42874999999999996 0.22374999999999998 0.41125 0.22374999999999998 0.41125 0.24625 0.42874999999999996 0.24625 0.42874999999999996 0.22374999999999998
5 0.79375 0.22000000000000003 0.7837500000000001 0.22000000000000003 0.7837500000000001 0.2375 0.79375 0.2375 0.79375 0.22000000000000003
5 0.8787499999999999 0.325 0.85625 0.325 0.85625 0.3325 0.8787499999999999 0.3325 0.8787499999999999 0.325
5 0.7787499999999999 0.2925 0.76875 0.2925 0.76875 0.3125 0.7787499999999999 0.3125 0.7787499999999999 0.2925
5 0.7675 0.15625 0.7575000000000001 0.15625 0.7575000000000001 0.18375 0.7675 0.18375 0.7675 0.15625
5 0.97 0.31875 0.9574999999999999 0.31875 0.9574999999999999 0.33875 0.97 0.33875 0.97 0.31875
5 0.8462500000000001 0.47750000000000004 0.8237500000000001 0.47750000000000004 0.8237500000000001 0.495 0.8462500000000001 0.495 0.8462500000000001 0.47750000000000004
5 0.7725 0.26125 0.75 0.26125 0.75 0.27375 0.7725 0.27375 0.7725 0.26125
5 0.8625 0.33625 0.8375 0.33625 0.8375 0.34875 0.8625 0.34875 0.8625 0.33625
5 0.7925 0.16499999999999998 0.7825 0.16499999999999998 0.7825 0.19 0.7925 0.19 0.7925 0.16499999999999998
5 0.8300000000000001 0.18 0.8150000000000001 0.18 0.8150000000000001 0.1975 0.8300000000000001 0.1975 0.8300000000000001 0.18
5 0.8400000000000001 0.28500000000000003 0.8175000000000001 0.28500000000000003 0.8175000000000001 0.29500000000000004 0.8400000000000001 0.29500000000000004 0.8400000000000001 0.28500000000000003
5 0.9400000000000001 0.32875 0.9175000000000001 0.32875 0.9175000000000001 0.34625 0.9400000000000001 0.34625 0.9400000000000001 0.32875
5 0.5575 0.0875 0.545 0.0875 0.545 0.1075 0.5575 0.1075 0.5575 0.0875
5 0.85875 0.34625 0.8412499999999999 0.34625 0.8412499999999999 0.35875 0.85875 0.35875 0.85875 0.34625
5 0.8550000000000001 0.2575 0.8324999999999999 0.2575 0.8324999999999999 0.26749999999999996 0.8550000000000001 0.26749999999999996 0.8550000000000001 0.2575
5 0.8387499999999999 0.38 0.82125 0.38 0.82125 0.40750000000000003 0.8387499999999999 0.40750000000000003 0.8387499999999999 0.38
5 0.9025000000000001 0.3725 0.89 0.3725 0.89 0.4 0.9025000000000001 0.4 0.9025000000000001 0.3725
5 0.7 0.13374999999999998 0.6900000000000001 0.13374999999999998 0.6900000000000001 0.15875 0.7 0.15875 0.7 0.13374999999999998
5 0.9824999999999999 0.30625 0.97 0.30625 0.97 0.32375 0.9824999999999999 0.32375 0.9824999999999999 0.30625
5 0.7875 0.23125 0.76 0.23125 0.76 0.24625 0.7875 0.24625 0.7875 0.23125
5 0.7787499999999999 0.16375 0.76875 0.16375 0.76875 0.18375 0.7787499999999999 0.18375 0.7787499999999999 0.16375
5 0.6224999999999999 0.14750000000000002 0.6125 0.14750000000000002 0.6125 0.16499999999999998 0.6224999999999999 0.16499999999999998 0.6224999999999999 0.14750000000000002
5 0.8625 0.24125000000000002 0.845 0.24125000000000002 0.845 0.25375000000000003 0.8625 0.25375000000000003 0.8625 0.24125000000000002
5 0.80375 0.3825 0.79375 0.3825 0.79375 0.40750000000000003 0.80375 0.40750000000000003 0.80375 0.3825
5 0.90625 0.31375000000000003 0.8787499999999999 0.31375000000000003 0.8787499999999999 0.32875 0.90625 0.32875 0.90625 0.31375000000000003
5 0.8525 0.47750000000000004 0.8225 0.47750000000000004 0.8225 0.495 0.8525 0.495 0.8525 0.47750000000000004
5 0.7150000000000001 0.13874999999999998 0.7 0.13874999999999998 0.7 0.16375 0.7150000000000001 0.16375 0.7150000000000001 0.13874999999999998
5 0.8412499999999999 0.27749999999999997 0.82125 0.27749999999999997 0.82125 0.28500000000000003 0.8412499999999999 0.28500000000000003 0.8412499999999999 0.27749999999999997
5 0.88375 0.34500000000000003 0.86875 0.34500000000000003 0.86875 0.35750000000000004 0.88375 0.35750000000000004 0.88375 0.34500000000000003
5 0.72 0.35125 0.6875 0.35125 0.6875 0.36124999999999996 0.72 0.36124999999999996 0.72 0.35125
5 0.7474999999999999 0.1525 0.73 0.1525 0.73 0.175 0.7474999999999999 0.175 0.7474999999999999 0.1525
5 0.62375 0.1125 0.61375 0.1125 0.61375 0.135 0.62375 0.135 0.62375 0.1125
5 0.635 0.11499999999999999 0.62 0.11499999999999999 0.62 0.13999999999999999 0.635 0.13999999999999999 0.635 0.11499999999999999
5 0.7849999999999999 0.23625 0.7675 0.23625 0.7675 0.24625 0.7849999999999999 0.24625 0.7849999999999999 0.23625
5 0.78125 0.24375 0.76125 0.24375 0.76125 0.25375000000000003 0.78125 0.25375000000000003 0.78125 0.24375
5 0.39 0.01125 0.37 0.01125 0.37 0.04875 0.39 0.04875 0.39 0.01125
5 0.64 0.01 0.615 0.01 0.615 0.025 0.64 0.025 0.64 0.01
5 0.75625 0.155 0.7462500000000001 0.155 0.7462500000000001 0.175 0.75625 0.175 0.75625 0.155
5 0.79125 0.3825 0.78125 0.3825 0.78125 0.4025 0.79125 0.4025 0.79125 0.3825
5 0.89625 0.28125 0.8712500000000001 0.28125 0.8712500000000001 0.29625 0.89625 0.29625 0.89625 0.28125
5 0.77 0.185 0.7424999999999999 0.185 0.7424999999999999 0.2 0.77 0.2 0.77 0.185
5 0.83125 0.1825 0.81125 0.1825 0.81125 0.20249999999999999 0.83125 0.20249999999999999 0.83125 0.1825
5 0.58875 0.1 0.57125 0.1 0.57125 0.11750000000000001 0.58875 0.11750000000000001 0.58875 0.1
5 0.8025 0.16999999999999998 0.7925 0.16999999999999998 0.7925 0.195 0.8025 0.195 0.8025 0.16999999999999998
5 0.6537499999999999 0.16 0.64375 0.16 0.64375 0.18 0.6537499999999999 0.18 0.6537499999999999 0.16
5 0.8237500000000001 0.31124999999999997 0.8012499999999999 0.31124999999999997 0.8012499999999999 0.32625000000000004 0.8237500000000001 0.32625000000000004 0.8237500000000001 0.31124999999999997
5 0.76875 0.375 0.75625 0.375 0.75625 0.395 0.76875 0.395 0.76875 0.375
5 0.8925000000000001 0.33625 0.8724999999999999 0.33625 0.8724999999999999 0.34625 0.8925000000000001 0.34625 0.8925000000000001 0.33625
5 0.85 0.385 0.8400000000000001 0.385 0.8400000000000001 0.40499999999999997 0.85 0.40499999999999997 0.85 0.385
5 0.71875 0.14125000000000001 0.69375 0.14125000000000001 0.69375 0.16625 0.71875 0.16625 0.71875 0.14125000000000001
5 0.4525 0.29500000000000004 0.44000000000000006 0.29500000000000004 0.44000000000000006 0.3075 0.4525 0.3075 0.4525 0.29500000000000004
5 0.5725 0.09125 0.5599999999999999 0.09125 0.5599999999999999 0.11625 0.5725 0.11625 0.5725 0.09125
5 0.605 0.10124999999999999 0.5900000000000001 0.10124999999999999 0.5900000000000001 0.12875 0.605 0.12875 0.605 0.10124999999999999
5 0.43875000000000003 0.24 0.41875 0.24 0.41875 0.27749999999999997 0.43875000000000003 0.27749999999999997 0.43875000000000003 0.24
5 0.95 0.325 0.9324999999999999 0.325 0.9324999999999999 0.3375 0.95 0.3375 0.95 0.325
5 0.48375 0.15625 0.45875000000000005 0.15625 0.45875000000000005 0.17375000000000002 0.48375 0.17375000000000002 0.48375 0.15625