5 0.9199999999999999 0.11374999999999999 0.905 0.11374999999999999 0.905 0.13125 0.9199999999999999 0.13125 0.9199999999999999 0.11374999999999999
5 0.76625 0.0925 0.75625 0.0925 0.75625 0.10500000000000001 0.76625 0.10500000000000001 0.76625 0.0925
5 0.735 0.20875 0.725 0.20875 0.725 0.22125 0.735 0.22125 0.735 0.20875
5 0.64625 0.6675 0.63875 0.6675 0.63875 0.6799999999999999 0.64625 0.6799999999999999 0.64625 0.6675
5 0.5862499999999999 0.89625 0.57375 0.89625 0.57375 0.9112500000000001 0.5862499999999999 0.9112500000000001 0.5862499999999999 0.89625
5 0.73875 0.18875 0.72875 0.18875 0.72875 0.20125 0.73875 0.20125 0.73875 0.18875
5 0.6475 0.72375 0.6375 0.72375 0.6375 0.73875 0.6475 0.73875 0.6475 0.72375
5 0.595 0.9349999999999999 0.5825 0.9349999999999999 0.5825 0.945 0.595 0.945 0.595 0.9349999999999999
5 0.5875 0.9712500000000001 0.575 0.9712500000000001 0.575 0.98125 0.5875 0.98125 0.5875 0.9712500000000001
5 0.6425 0.6875 0.6325000000000001 0.6875 0.6325000000000001 0.7025 0.6425 0.7025 0.6425 0.6875
5 0.9199999999999999 0.27875 0.9025000000000001 0.27875 0.9025000000000001 0.28625 0.9199999999999999 0.28625 0.9199999999999999 0.27875
5 0.75 0.16125 0.7375 0.16125 0.7375 0.17625 0.75 0.17625 0.75 0.16125
5 0.045 0.91375 0.025 0.91375 0.025 0.9237500000000001 0.045 0.9237500000000001 0.045 0.91375
5 0.755 0.13999999999999999 0.745 0.13999999999999999 0.745 0.1575 0.755 0.1575 0.755 0.13999999999999999
5 0.23374999999999999 1 0.23374999999999999 0.99125 0.22374999999999998 0.99125 0.22374999999999998 1 0.23374999999999999 1
5 0.20875 1 0.20875 0.9875 0.19624999999999998 0.9875 0.19624999999999998 1 0.20875 1
5 0.7625 0.12250000000000001 0.7525000000000001 0.12250000000000001 0.7525000000000001 0.1375 0.7625 0.1375 0.7625 0.12250000000000001
5 0.93625 0.33125 0.92875 0.33125 0.92875 0.34875 0.93625 0.34875 0.93625 0.33125
5 0.96 0.2925 0.9425000000000001 0.2925 0.9425000000000001 0.3025 0.96 0.3025 0.96 0.2925
5 0.7825 0.29874999999999996 0.7725 0.29874999999999996 0.7725 0.31375000000000003 0.7825 0.31375000000000003 0.7825 0.29874999999999996
5 0.55 0.9512499999999999 0.5425 0.9512499999999999 0.5425 0.95875 0.55 0.95875 0.55 0.9512499999999999
5 0.7887500000000001 0.28375 0.77625 0.28375 0.77625 0.29874999999999996 0.7887500000000001 0.29874999999999996 0.7887500000000001 0.28375
5 0.7675 0.26125 0.755 0.26125 0.755 0.27625 0.7675 0.27625 0.7675 0.26125
5 0.63125 0.7212500000000001 0.6212500000000001 0.7212500000000001 0.6212500000000001 0.74375 0.63125 0.74375 0.63125 0.7212500000000001
5 0.96125 0.30375 0.94375 0.30375 0.94375 0.31625000000000003 0.96125 0.31625000000000003 0.96125 0.30375
5 0.60875 0.89125 0.5962500000000001 0.89125 0.5962500000000001 0.9087500000000001 0.60875 0.9087500000000001 0.60875 0.89125
5 0.59875 0.85875 0.5862499999999999 0.85875 0.5862499999999999 0.87625 0.59875 0.87625 0.59875 0.85875
5 0.265 0.95875 0.2475 0.95875 0.2475 0.96875 0.265 0.96875 0.265 0.95875
5 0.18 0.9887499999999999 0.1675 0.9887499999999999 0.1675 0.99375 0.18 0.99375 0.18 0.9887499999999999
5 0 0.41375 0.008749999999999999 0.41375 0.008749999999999999 0.39875 0 0.39875 0 0.41375
5 0.017499999999999998 0.4 0.0075 0.4 0.0075 0.4175 0.017499999999999998 0.4175 0.017499999999999998 0.4
5 0.028749999999999998 0.44125 0.008749999999999999 0.44125 0.008749999999999999 0.44875 0.028749999999999998 0.44875 0.028749999999999998 0.44125
5 0.03 0.44875 0.0125 0.44875 0.0125 0.45625 0.03 0.45625 0.03 0.44875
5 0 0.47874999999999995 0.0125 0.47874999999999995 0.0125 0.46125 0 0.46125 0 0.47874999999999995
5 0.03625 0.9262499999999999 0.008749999999999999 0.9262499999999999 0.008749999999999999 0.93625 0.03625 0.93625 0.03625 0.9262499999999999
5 0.5900000000000001 0.9512499999999999 0.58 0.9512499999999999 0.58 0.9637499999999999 0.5900000000000001 0.9637499999999999 0.5900000000000001 0.9512499999999999
5 0.48624999999999996 0.00125 0.47375 0.00125 0.47375 0.00625 0.48624999999999996 0.00625 0.48624999999999996 0.00125
5 0.48 0.00625 0.47000000000000003 0.00625 0.47000000000000003 0.013750000000000002 0.48 0.013750000000000002 0.48 0.00625
5 1 0.8574999999999999 0.975 0.8574999999999999 0.975 0.9099999999999999 1 0.9099999999999999 1 0.8574999999999999