5 0.93875 0.24874999999999997 0.9237500000000001 0.24874999999999997 0.9237500000000001 0.25875 0.93875 0.25875 0.93875 0.24874999999999997
5 0.69875 0.38625 0.69375 0.38625 0.69375 0.39375 0.69875 0.39375 0.69875 0.38625
5 0.83125 0.325 0.81875 0.325 0.81875 0.335 0.83125 0.335 0.83125 0.325
5 0.68875 0.4025 0.67875 0.4025 0.67875 0.42000000000000004 0.68875 0.42000000000000004 0.68875 0.4025
5 0.9525 0.27999999999999997 0.9375 0.27999999999999997 0.9375 0.28500000000000003 0.9525 0.28500000000000003 0.9525 0.27999999999999997
5 0.8699999999999999 0.20750000000000002 0.8574999999999999 0.20750000000000002 0.8574999999999999 0.22000000000000003 0.8699999999999999 0.22000000000000003 0.8699999999999999 0.20750000000000002
5 0.72 0.35625 0.71 0.35625 0.71 0.36625 0.72 0.36625 0.72 0.35625
5 0.8175000000000001 0.20375000000000001 0.8074999999999999 0.20375000000000001 0.8074999999999999 0.21625 0.8175000000000001 0.21625 0.8175000000000001 0.20375000000000001
5 0.515 0.93625 0.5075000000000001 0.93625 0.5075000000000001 0.94375 0.515 0.94375 0.515 0.93625
5 0.95375 0.27125 0.93125 0.27125 0.93125 0.27625 0.95375 0.27625 0.95375 0.27125
5 0.6425 0.5650000000000001 0.635 0.5650000000000001 0.635 0.58 0.6425 0.58 0.6425 0.5650000000000001
5 0.665 0.47000000000000003 0.6575 0.47000000000000003 0.6575 0.48 0.665 0.48 0.665 0.47000000000000003
5 0.5237499999999999 0.9125 0.51875 0.9125 0.51875 0.925 0.5237499999999999 0.925 0.5237499999999999 0.9125
5 0.84375 0.11374999999999999 0.82875 0.11374999999999999 0.82875 0.13374999999999998 0.84375 0.13374999999999998 0.84375 0.11374999999999999
5 0.79625 0.20875 0.78625 0.20875 0.78625 0.22125 0.79625 0.22125 0.79625 0.20875
5 0.9375 0.2575 0.9275 0.2575 0.9275 0.265 0.9375 0.265 0.9375 0.2575
5 0.6174999999999999 0.62375 0.61 0.62375 0.61 0.63875 0.6174999999999999 0.63875 0.6174999999999999 0.62375
5 0.635 0.54125 0.6275000000000001 0.54125 0.6275000000000001 0.55125 0.635 0.55125 0.635 0.54125
5 0.8825 0.19624999999999998 0.8699999999999999 0.19624999999999998 0.8699999999999999 0.20625 0.8825 0.20625 0.8825 0.19624999999999998
5 0.5075000000000001 0.9675 0.5025000000000001 0.9675 0.5025000000000001 0.975 0.5075000000000001 0.975 0.5075000000000001 0.9675
5 0.71 0.39375 0.7 0.39375 0.7 0.40625 0.71 0.40625 0.71 0.39375
5 0.9574999999999999 0.24500000000000002 0.95 0.24500000000000002 0.95 0.2525 0.9574999999999999 0.2525 0.9574999999999999 0.24500000000000002
5 0.78125 0.24375 0.77125 0.24375 0.77125 0.25875 0.78125 0.25875 0.78125 0.24375
5 0.64625 0.54 0.63875 0.54 0.63875 0.55 0.64625 0.55 0.64625 0.54
5 0.74375 0.3725 0.73125 0.3725 0.73125 0.38 0.74375 0.38 0.74375 0.3725
5 0.8099999999999999 0.16 0.8025 0.16 0.8025 0.16999999999999998 0.8099999999999999 0.16999999999999998 0.8099999999999999 0.16
5 0.945 0.29 0.9324999999999999 0.29 0.9324999999999999 0.2975 0.945 0.2975 0.945 0.29
5 0.96875 0.255 0.95375 0.255 0.95375 0.2625 0.96875 0.2625 0.96875 0.255
5 0.82125 0.1325 0.81375 0.1325 0.81375 0.145 0.82125 0.145 0.82125 0.1325
5 0.9800000000000001 0.265 0.9675 0.265 0.9675 0.275 0.9800000000000001 0.275 0.9800000000000001 0.265
5 0.9425000000000001 0.24500000000000002 0.9349999999999999 0.24500000000000002 0.9349999999999999 0.25 0.9425000000000001 0.25 0.9425000000000001 0.24500000000000002
5 0.53625 1 0.53625 0.9949999999999999 0.5237499999999999 0.9949999999999999 0.5237499999999999 1 0.53625 1
5 0.51875 0.9775 0.51125 0.9775 0.51125 0.9875 0.51875 0.9875 0.51875 0.9775
5 0.75125 0.31 0.74375 0.31 0.74375 0.32 0.75125 0.32 0.75125 0.31
5 0.875 0.19875 0.8625 0.19875 0.8625 0.21375000000000002 0.875 0.21375000000000002 0.875 0.19875
5 0.9262499999999999 0.22875 0.9087500000000001 0.22875 0.9087500000000001 0.23875000000000002 0.9262499999999999 0.23875000000000002 0.9262499999999999 0.22875
5 0.91625 0.23875000000000002 0.9037499999999999 0.23875000000000002 0.9037499999999999 0.24375 0.91625 0.24375 0.91625 0.23875000000000002
5 0.62625 0.56875 0.61875 0.56875 0.61875 0.58125 0.62625 0.58125 0.62625 0.56875
5 0.9949999999999999 0.2525 0.9800000000000001 0.2525 0.9800000000000001 0.2625 0.9949999999999999 0.2625 0.9949999999999999 0.2525
5 0.76375 0.26875 0.7462500000000001 0.26875 0.7462500000000001 0.28375 0.76375 0.28375 0.76375 0.26875
5 0.99125 0.2625 0.98125 0.2625 0.98125 0.27 0.99125 0.27 0.99125 0.2625
5 0.76875 0.305 0.75875 0.305 0.75875 0.315 0.76875 0.315 0.76875 0.305
5 0.5287499999999999 0.9800000000000001 0.51875 0.9800000000000001 0.51875 0.9925 0.5287499999999999 0.9925 0.5287499999999999 0.9800000000000001
5 0.97625 0.25 0.9637499999999999 0.25 0.9637499999999999 0.2575 0.97625 0.2575 0.97625 0.25
5 0.9625 0.3 0.9525 0.3 0.9525 0.3075 0.9625 0.3075 0.9625 0.3
5 0.8625 0.215 0.8525 0.215 0.8525 0.22749999999999998 0.8625 0.22749999999999998 0.8625 0.215
5 0.515 0.9087500000000001 0.5075000000000001 0.9087500000000001 0.5075000000000001 0.91875 0.515 0.91875 0.515 0.9087500000000001
5 0.9737500000000001 0.3075 0.9637499999999999 0.3075 0.9637499999999999 0.32 0.9737500000000001 0.32 0.9737500000000001 0.3075
5 0.61625 0.59875 0.60625 0.59875 0.60625 0.61875 0.61625 0.61875 0.61625 0.59875
5 0.8712500000000001 0 0.8712500000000001 0.01125 0.8787499999999999 0.01125 0.8787499999999999 0 0.8712500000000001 0
5 0.28875 0.44625000000000004 0.28125 0.44625000000000004 0.28125 0.45875000000000005 0.28875 0.45875000000000005 0.28875 0.44625000000000004
5 0.29874999999999996 0.45 0.28875 0.45 0.28875 0.465 0.29874999999999996 0.465 0.29874999999999996 0.45
5 0.30874999999999997 0.45375 0.29625 0.45375 0.29625 0.46875 0.30874999999999997 0.46875 0.30874999999999997 0.45375
5 0.84375 0.0875 0.83125 0.0875 0.83125 0.1 0.84375 0.1 0.84375 0.0875
5 0.8074999999999999 0.06999999999999999 0.795 0.06999999999999999 0.795 0.08499999999999999 0.8074999999999999 0.08499999999999999 0.8074999999999999 0.06999999999999999
5 0.8699999999999999 0.065 0.86 0.065 0.86 0.08 0.8699999999999999 0.08 0.8699999999999999 0.065
5 0.8525 0.06 0.845 0.06 0.845 0.0725 0.8525 0.0725 0.8525 0.06
5 0.83625 0.06 0.8237500000000001 0.06 0.8237500000000001 0.075 0.83625 0.075 0.83625 0.06
5 0.85375 0.0325 0.8412499999999999 0.0325 0.8412499999999999 0.045 0.85375 0.045 0.85375 0.0325
5 0.8625 0.03 0.8550000000000001 0.03 0.8550000000000001 0.0375 0.8625 0.0375 0.8625 0.03
5 0.88375 0.02 0.87375 0.02 0.87375 0.034999999999999996 0.88375 0.034999999999999996 0.88375 0.02
5 0.8925000000000001 0.01125 0.885 0.01125 0.885 0.02375 0.8925000000000001 0.02375 0.8925000000000001 0.01125
5 0.8074999999999999 0.04875 0.795 0.04875 0.795 0.06625 0.8074999999999999 0.06625 0.8074999999999999 0.04875
5 0.8525 0 0.8525 0.01125 0.8625 0.01125 0.8625 0 0.8525 0
5 0.31625000000000003 0.45499999999999996 0.30375 0.45499999999999996 0.30375 0.47000000000000003 0.31625000000000003 0.47000000000000003 0.31625000000000003 0.45499999999999996
5 0.21375000000000002 0.41500000000000004 0.20125 0.41500000000000004 0.20125 0.425 0.21375000000000002 0.425 0.21375000000000002 0.41500000000000004
5 0.20750000000000002 0.41125 0.195 0.41125 0.195 0.42125 0.20750000000000002 0.42125 0.20750000000000002 0.41125
5 0.21749999999999997 0.42625 0.205 0.42625 0.205 0.43375 0.21749999999999997 0.43375 0.21749999999999997 0.42625
5 0.22374999999999998 0.43 0.20875 0.43 0.20875 0.4425 0.22374999999999998 0.4425 0.22374999999999998 0.43
5 0.17375000000000002 0.41500000000000004 0.16125 0.41500000000000004 0.16125 0.42750000000000005 0.17375000000000002 0.42750000000000005 0.17375000000000002 0.41500000000000004
5 0.315 0.4875 0.3 0.4875 0.3 0.495 0.315 0.495 0.315 0.4875
5 0.3275 0.49124999999999996 0.315 0.49124999999999996 0.315 0.49874999999999997 0.3275 0.49874999999999997 0.3275 0.49124999999999996
5 0.21875 0.45875000000000005 0.20375000000000001 0.45875000000000005 0.20375000000000001 0.46624999999999994 0.21875 0.46624999999999994 0.21875 0.45875000000000005
5 0.32375 0.45875000000000005 0.31625000000000003 0.45875000000000005 0.31625000000000003 0.47125000000000006 0.32375 0.47125000000000006 0.32375 0.45875000000000005
5 0.33375 0.4625 0.32375 0.4625 0.32375 0.475 0.33375 0.475 0.33375 0.4625
5 0.33999999999999997 0.465 0.3325 0.465 0.3325 0.47750000000000004 0.33999999999999997 0.47750000000000004 0.33999999999999997 0.465
5 0.33875 0.49625 0.32625000000000004 0.49625 0.32625000000000004 0.5037499999999999 0.33875 0.5037499999999999 0.33875 0.49625
5 0.35 0.5 0.3375 0.5 0.3375 0.5075000000000001 0.35 0.5075000000000001 0.35 0.5
5 0.15 0.41 0.14250000000000002 0.41 0.14250000000000002 0.42000000000000004 0.15 0.42000000000000004 0.15 0.41
5 0.15625 0.40875000000000006 0.14875 0.40875000000000006 0.14875 0.41875 0.15625 0.41875 0.15625 0.40875000000000006
5 0.16499999999999998 0.41375 0.1575 0.41375 0.1575 0.42374999999999996 0.16499999999999998 0.42374999999999996 0.16499999999999998 0.41375
5 0.08125 0.36375 0.06375 0.36375 0.06375 0.37625000000000003 0.08125 0.37625000000000003 0.08125 0.36375
5 0.09 0.34875 0.0775 0.34875 0.0775 0.36124999999999996 0.09 0.36124999999999996 0.09 0.34875
5 0.1275 0.40499999999999997 0.11750000000000001 0.40499999999999997 0.11750000000000001 0.4125 0.1275 0.4125 0.1275 0.40499999999999997
5 0.155 0.66875 0.13999999999999999 0.66875 0.13999999999999999 0.67875 0.155 0.67875 0.155 0.66875
5 0.275 0.7112499999999999 0.2575 0.7112499999999999 0.2575 0.72375 0.275 0.72375 0.275 0.7112499999999999
5 0.155 0.64375 0.14750000000000002 0.64375 0.14750000000000002 0.65625 0.155 0.65625 0.155 0.64375
5 0.8025 0.12250000000000001 0.7875 0.12250000000000001 0.7875 0.13 0.8025 0.13 0.8025 0.12250000000000001
5 0.8025 0.13125 0.7875 0.13125 0.7875 0.14125000000000001 0.8025 0.14125000000000001 0.8025 0.13125
5 0.78625 0.13874999999999998 0.7737499999999999 0.13874999999999998 0.7737499999999999 0.15125 0.78625 0.15125 0.78625 0.13874999999999998
5 0.78125 0.15375 0.76875 0.15375 0.76875 0.16375 0.78125 0.16375 0.78125 0.15375
5 0.7825 0.17124999999999999 0.7725 0.17124999999999999 0.7725 0.18375 0.7825 0.18375 0.7825 0.17124999999999999
5 0.89125 0.23625 0.88125 0.23625 0.88125 0.24375 0.89125 0.24375 0.89125 0.23625
5 0.7725 0.16999999999999998 0.7625 0.16999999999999998 0.7625 0.18 0.7725 0.18 0.7725 0.16999999999999998
5 0.7737499999999999 0.185 0.76625 0.185 0.76625 0.1975 0.7737499999999999 0.1975 0.7737499999999999 0.185
5 0.765 0.1825 0.7575000000000001 0.1825 0.7575000000000001 0.1925 0.765 0.1925 0.765 0.1825
5 0.76625 0.1975 0.75625 0.1975 0.75625 0.21000000000000002 0.76625 0.21000000000000002 0.76625 0.1975
5 0.74375 0.23125 0.73625 0.23125 0.73625 0.24375 0.74375 0.24375 0.74375 0.23125
5 0.74875 0.24625 0.73875 0.24625 0.73875 0.26125 0.74875 0.26125 0.74875 0.24625
5 0.79 0.1575 0.7775000000000001 0.1575 0.7775000000000001 0.16499999999999998 0.79 0.16499999999999998 0.79 0.1575
5 0.795 0.14125000000000001 0.7849999999999999 0.14125000000000001 0.7849999999999999 0.15125 0.795 0.15125 0.795 0.14125000000000001
5 0.8637499999999999 0 0.8637499999999999 0.01125 0.8712500000000001 0.01125 0.8712500000000001 0 0.8637499999999999 0
5 0.9075 0.22374999999999998 0.89 0.22374999999999998 0.89 0.23875000000000002 0.9075 0.23875000000000002 0.9075 0.22374999999999998
5 0.8800000000000001 0.22374999999999998 0.8625 0.22374999999999998 0.8625 0.23875000000000002 0.8800000000000001 0.23875000000000002 0.8800000000000001 0.22374999999999998
5 0.8 0.43 0.79 0.43 0.79 0.4425 0.8 0.4425 0.8 0.43
5 0.6575 0.57375 0.6475 0.57375 0.6475 0.58875 0.6575 0.58875 0.6575 0.57375
5 0.6224999999999999 0.6525000000000001 0.6125 0.6525000000000001 0.6125 0.67 0.6224999999999999 0.67 0.6224999999999999 0.6525000000000001
5 0.60375 0.66125 0.5962500000000001 0.66125 0.5962500000000001 0.67375 0.60375 0.67375 0.60375 0.66125
5 0.5962500000000001 0.6625 0.5862499999999999 0.6625 0.5862499999999999 0.675 0.5962500000000001 0.675 0.5962500000000001 0.6625
5 0.6012500000000001 0.69625 0.58375 0.69625 0.58375 0.73625 0.6012500000000001 0.73625 0.6012500000000001 0.69625
5 0.5825 0.755 0.5650000000000001 0.755 0.5650000000000001 0.7975 0.5825 0.7975 0.5825 0.755
5 0.57375 0.73625 0.56375 0.73625 0.56375 0.75125 0.57375 0.75125 0.57375 0.73625
5 0.55 0.8025 0.545 0.8025 0.545 0.8150000000000001 0.55 0.8150000000000001 0.55 0.8025
5 0.54375 0.8324999999999999 0.5287499999999999 0.8324999999999999 0.5287499999999999 0.85 0.54375 0.85 0.54375 0.8324999999999999
5 0.96875 0.265 0.95625 0.265 0.95625 0.275 0.96875 0.275 0.96875 0.265
5 0.9512499999999999 0.2525 0.9412499999999999 0.2525 0.9412499999999999 0.26 0.9512499999999999 0.26 0.9512499999999999 0.2525
5 0.9112500000000001 0.21625 0.89375 0.21625 0.89375 0.23125 0.9112500000000001 0.23125 0.9112500000000001 0.21625
5 0.8975 0.21000000000000002 0.885 0.21000000000000002 0.885 0.22000000000000003 0.8975 0.22000000000000003 0.8975 0.21000000000000002
5 0.6275000000000001 0.595 0.62 0.595 0.62 0.605 0.6275000000000001 0.605 0.6275000000000001 0.595
5 0.65125 0.51125 0.64125 0.51125 0.64125 0.52125 0.65125 0.52125 0.65125 0.51125
5 0.6599999999999999 0.515 0.6525000000000001 0.515 0.6525000000000001 0.5275000000000001 0.6599999999999999 0.5275000000000001 0.6599999999999999 0.515
5 0.53125 0.96125 0.5237499999999999 0.96125 0.5237499999999999 0.96875 0.53125 0.96875 0.53125 0.96125
5 0.495 0.98125 0.485 0.98125 0.485 0.99375 0.495 0.99375 0.495 0.98125
5 0.85375 0.015 0.8462500000000001 0.015 0.8462500000000001 0.027500000000000004 0.85375 0.027500000000000004 0.85375 0.015