5 0.76375 0.7537499999999999 0.7462500000000001 0.7537499999999999 0.7462500000000001 0.77625 0.76375 0.77625 0.76375 0.7537499999999999
5 0.55125 0.19125 0.52625 0.19125 0.52625 0.20625 0.55125 0.20625 0.55125 0.19125
5 0.45375 0.14250000000000002 0.43624999999999997 0.14250000000000002 0.43624999999999997 0.1525 0.45375 0.1525 0.45375 0.14250000000000002
5 0.77 0.1375 0.75 0.1375 0.75 0.1525 0.77 0.1525 0.77 0.1375
5 0.7162499999999999 0.23500000000000001 0.68875 0.23500000000000001 0.68875 0.2525 0.7162499999999999 0.2525 0.7162499999999999 0.23500000000000001
5 0.51875 0.0375 0.49124999999999996 0.0375 0.49124999999999996 0.05500000000000001 0.51875 0.05500000000000001 0.51875 0.0375
5 0.37625000000000003 0.10625 0.35625 0.10625 0.35625 0.12125 0.37625000000000003 0.12125 0.37625000000000003 0.10625
5 0.37 0.13 0.35 0.13 0.35 0.145 0.37 0.145 0.37 0.13
5 0.23875000000000002 0 0.23875000000000002 0.01125 0.25625 0.01125 0.25625 0 0.23875000000000002 0
5 0.9099999999999999 0.25375000000000003 0.89 0.25375000000000003 0.89 0.26875 0.9099999999999999 0.26875 0.9099999999999999 0.25375000000000003
5 0.41875 0.005 0.36875 0.005 0.36875 0.027500000000000004 0.41875 0.027500000000000004 0.41875 0.005
5 0.175 0 0.175 0.008749999999999999 0.2 0.008749999999999999 0.2 0 0.175 0
5 0.11625 0.05 0.09375 0.05 0.09375 0.0625 0.11625 0.0625 0.11625 0.05
5 0.9637499999999999 0.28375 0.9412499999999999 0.28375 0.9412499999999999 0.29625 0.9637499999999999 0.29625 0.9637499999999999 0.28375
5 0.10874999999999999 0.061250000000000006 0.08375 0.061250000000000006 0.08375 0.07625 0.10874999999999999 0.07625 0.10874999999999999 0.061250000000000006
5 0.42000000000000004 0.00375 0.3975 0.00375 0.3975 0.01625 0.42000000000000004 0.01625 0.42000000000000004 0.00375
5 0.525 0 0.525 0.0075 0.5525 0.0075 0.5525 0 0.525 0
5 0.6675 0.8724999999999999 0.6525000000000001 0.8724999999999999 0.6525000000000001 0.9 0.6675 0.9 0.6675 0.8724999999999999