5 0.10625 0.615 0.09375 0.615 0.09375 0.6275000000000001 0.10625 0.6275000000000001 0.10625 0.615
5 0.75125 0.13 0.73125 0.13 0.73125 0.14250000000000002 0.75125 0.14250000000000002 0.75125 0.13
5 0.795 0.11875 0.7775000000000001 0.11875 0.7775000000000001 0.13125 0.795 0.13125 0.795 0.11875
5 0.805 0.7162499999999999 0.7925 0.7162499999999999 0.7925 0.73625 0.805 0.73625 0.805 0.7162499999999999
5 0.41 0.28875 0.39 0.28875 0.39 0.29874999999999996 0.41 0.29874999999999996 0.41 0.28875
5 0.47125000000000006 0.3325 0.45125000000000004 0.3325 0.45125000000000004 0.34500000000000003 0.47125000000000006 0.34500000000000003 0.47125000000000006 0.3325
5 0.58 0.33875 0.5625 0.33875 0.5625 0.34875 0.58 0.34875 0.58 0.33875
5 0.6275000000000001 0.38875000000000004 0.615 0.38875000000000004 0.615 0.40875000000000006 0.6275000000000001 0.40875000000000006 0.6275000000000001 0.38875000000000004
5 0.51875 0.32125 0.50125 0.32125 0.50125 0.32875 0.51875 0.32875 0.51875 0.32125
5 0.5 0.31625000000000003 0.48250000000000004 0.31625000000000003 0.48250000000000004 0.32875 0.5 0.32875 0.5 0.31625000000000003
5 0.5625 0.35750000000000004 0.545 0.35750000000000004 0.545 0.3675 0.5625 0.3675 0.5625 0.35750000000000004
5 0.36124999999999996 0.27875 0.34625 0.27875 0.34625 0.28875 0.36124999999999996 0.28875 0.36124999999999996 0.27875
5 0.38375 0.28500000000000003 0.36625 0.28500000000000003 0.36625 0.29500000000000004 0.38375 0.29500000000000004 0.38375 0.28500000000000003
5 0.34750000000000003 0.24874999999999997 0.335 0.24874999999999997 0.335 0.26875 0.34750000000000003 0.26875 0.34750000000000003 0.24874999999999997
5 0.395 0.01 0.3775 0.01 0.3775 0.0225 0.395 0.0225 0.395 0.01
5 0.52125 0.0375 0.50125 0.0375 0.50125 0.0475 0.52125 0.0475 0.52125 0.0375
5 0.54125 0.04 0.52125 0.04 0.52125 0.05 0.54125 0.05 0.54125 0.04
5 0.595 0.057499999999999996 0.58 0.057499999999999996 0.58 0.0675 0.595 0.0675 0.595 0.057499999999999996
5 0.65625 0.17375000000000002 0.63875 0.17375000000000002 0.63875 0.18875 0.65625 0.18875 0.65625 0.17375000000000002
5 0.725 0.10874999999999999 0.6900000000000001 0.10874999999999999 0.6900000000000001 0.12875 0.725 0.12875 0.725 0.10874999999999999
5 0.675 0.6849999999999999 0.6625 0.6849999999999999 0.6625 0.7 0.675 0.7 0.675 0.6849999999999999
5 0.735 0.6575 0.7150000000000001 0.6575 0.7150000000000001 0.6675 0.735 0.6675 0.735 0.6575
5 0.76 0.6637500000000001 0.7424999999999999 0.6637500000000001 0.7424999999999999 0.67625 0.76 0.67625 0.76 0.6637500000000001
5 0.69875 0.6900000000000001 0.68625 0.6900000000000001 0.68625 0.705 0.69875 0.705 0.69875 0.6900000000000001
5 0.71 0.69625 0.6975 0.69625 0.6975 0.71375 0.71 0.71375 0.71 0.69625
5 0.78125 0.67 0.76375 0.67 0.76375 0.6799999999999999 0.78125 0.6799999999999999 0.78125 0.67
5 0.74875 0.70125 0.73625 0.70125 0.73625 0.72375 0.74875 0.72375 0.74875 0.70125
5 0.765 0.705 0.7525000000000001 0.705 0.7525000000000001 0.7224999999999999 0.765 0.7224999999999999 0.765 0.705
5 0.77625 0.7112499999999999 0.76125 0.7112499999999999 0.76125 0.72875 0.77625 0.72875 0.77625 0.7112499999999999
5 0.7575000000000001 0.75125 0.7375 0.75125 0.7375 0.76125 0.7575000000000001 0.76125 0.7575000000000001 0.75125
5 0.79125 0.76125 0.7737499999999999 0.76125 0.7737499999999999 0.7737499999999999 0.79125 0.7737499999999999 0.79125 0.76125
5 0.2725 0.50875 0.26 0.50875 0.26 0.5287499999999999 0.2725 0.5287499999999999 0.2725 0.50875
5 0.28125 0.50875 0.26875 0.50875 0.26875 0.53125 0.28125 0.53125 0.28125 0.50875
5 0.29125 0.51625 0.28125 0.51625 0.28125 0.5337500000000001 0.29125 0.5337500000000001 0.29125 0.51625
5 0.3225 0.51625 0.31 0.51625 0.31 0.5387500000000001 0.3225 0.5387500000000001 0.3225 0.51625
5 0.1775 0.61625 0.16499999999999998 0.61625 0.16499999999999998 0.63375 0.1775 0.63375 0.1775 0.61625
5 0.15875 0.5425 0.14375 0.5425 0.14375 0.5625 0.15875 0.5625 0.15875 0.5425
5 0.175 0.54125 0.1625 0.54125 0.1625 0.5587500000000001 0.175 0.5587500000000001 0.175 0.54125
5 0.27875 0.5725 0.26625 0.5725 0.26625 0.5925 0.27875 0.5925 0.27875 0.5725
5 0.23125 0.6075 0.22125 0.6075 0.22125 0.625 0.23125 0.625 0.23125 0.6075
5 0.24500000000000002 0.6125 0.22999999999999998 0.6125 0.22999999999999998 0.63 0.24500000000000002 0.63 0.24500000000000002 0.6125
5 0.25625 0.61625 0.24375 0.61625 0.24375 0.63625 0.25625 0.63625 0.25625 0.61625
5 0.29625 0.6375 0.28375 0.6375 0.28375 0.655 0.29625 0.655 0.29625 0.6375
5 0.34500000000000003 0.5862499999999999 0.3325 0.5862499999999999 0.3325 0.60375 0.34500000000000003 0.60375 0.34500000000000003 0.5862499999999999
5 0.30625 0.6425 0.29125 0.6425 0.29125 0.6625 0.30625 0.6625 0.30625 0.6425
5 0.29 0.65625 0.27749999999999997 0.65625 0.27749999999999997 0.67375 0.29 0.67375 0.29 0.65625
5 0.31124999999999997 0.6637500000000001 0.29625 0.6637500000000001 0.29625 0.6837500000000001 0.31124999999999997 0.6837500000000001 0.31124999999999997 0.6637500000000001
5 0.31625000000000003 0.6425 0.30375 0.6425 0.30375 0.6625 0.31625000000000003 0.6625 0.31625000000000003 0.6425
5 0.32125 0.6637500000000001 0.30874999999999997 0.6637500000000001 0.30874999999999997 0.6837500000000001 0.32125 0.6837500000000001 0.32125 0.6637500000000001
5 0.32625000000000004 0.6475 0.31625000000000003 0.6475 0.31625000000000003 0.6625 0.32625000000000004 0.6625 0.32625000000000004 0.6475
5 0.35 0.60625 0.3375 0.60625 0.3375 0.62375 0.35 0.62375 0.35 0.60625
5 0.35375 0.58875 0.34375 0.58875 0.34375 0.60625 0.35375 0.60625 0.35375 0.58875
5 0.35875 0.60875 0.34875 0.60875 0.34875 0.62625 0.35875 0.62625 0.35875 0.60875
5 0.36625 0.5925 0.35375 0.5925 0.35375 0.6075 0.36625 0.6075 0.36625 0.5925
5 0.32999999999999996 0.66625 0.32 0.66625 0.32 0.68625 0.32999999999999996 0.68625 0.32999999999999996 0.66625
5 0.34500000000000003 0.65 0.3325 0.65 0.3325 0.67 0.34500000000000003 0.67 0.34500000000000003 0.65
5 0.34125 0.66875 0.33125 0.66875 0.33125 0.68875 0.34125 0.68875 0.34125 0.66875
5 0.34875 0.6775 0.33875 0.6775 0.33875 0.6975 0.34875 0.6975 0.34875 0.6775
5 0.35375 0.6575 0.34125 0.6575 0.34125 0.675 0.35375 0.675 0.35375 0.6575
5 0.38125 0.6174999999999999 0.36875 0.6174999999999999 0.36875 0.635 0.38125 0.635 0.38125 0.6174999999999999
5 0.38375 0.6012500000000001 0.37374999999999997 0.6012500000000001 0.37374999999999997 0.61625 0.38375 0.61625 0.38375 0.6012500000000001
5 0.39 0.61875 0.38 0.61875 0.38 0.63875 0.39 0.63875 0.39 0.61875
5 0.39625 0.6012500000000001 0.38375 0.6012500000000001 0.38375 0.6212500000000001 0.39625 0.6212500000000001 0.39625 0.6012500000000001
5 0.36375 0.6625 0.35375 0.6625 0.35375 0.6799999999999999 0.36375 0.6799999999999999 0.36375 0.6625
5 0.3625 0.6799999999999999 0.35 0.6799999999999999 0.35 0.7 0.3625 0.7 0.3625 0.6799999999999999
5 0.375 0.665 0.365 0.665 0.365 0.6825 0.375 0.6825 0.375 0.665
5 0.375 0.6837500000000001 0.3625 0.6837500000000001 0.3625 0.70125 0.375 0.70125 0.375 0.6837500000000001
5 0.385 0.67 0.375 0.67 0.375 0.6849999999999999 0.385 0.6849999999999999 0.385 0.67
5 0.3825 0.6900000000000001 0.3725 0.6900000000000001 0.3725 0.7075 0.3825 0.7075 0.3825 0.6900000000000001
5 0.39875 0.67125 0.38625 0.67125 0.38625 0.6912499999999999 0.39875 0.6912499999999999 0.39875 0.67125
5 0.39625 0.6925 0.38375 0.6925 0.38375 0.71 0.39625 0.71 0.39625 0.6925
5 0.40374999999999994 0.625 0.39125 0.625 0.39125 0.6425 0.40374999999999994 0.6425 0.40374999999999994 0.625
5 0.40750000000000003 0.605 0.3975 0.605 0.3975 0.6224999999999999 0.40750000000000003 0.6224999999999999 0.40750000000000003 0.605
5 0.41375 0.6275000000000001 0.40374999999999994 0.6275000000000001 0.40374999999999994 0.6425 0.41375 0.6425 0.41375 0.6275000000000001
5 0.4175 0.61 0.40750000000000003 0.61 0.40750000000000003 0.625 0.4175 0.625 0.4175 0.61
5 0.40374999999999994 0.69375 0.39375 0.69375 0.39375 0.7112499999999999 0.40374999999999994 0.7112499999999999 0.40374999999999994 0.69375
5 0.41 0.6775 0.4 0.6775 0.4 0.6925 0.41 0.6925 0.41 0.6775
5 0.425 0.61125 0.4175 0.61125 0.4175 0.6287499999999999 0.425 0.6287499999999999 0.425 0.61125
5 0.43499999999999994 0.61375 0.425 0.61375 0.425 0.63125 0.43499999999999994 0.63125 0.43499999999999994 0.61375
5 0.4425 0.61625 0.4325 0.61625 0.4325 0.63125 0.4425 0.63125 0.4425 0.61625
5 0.43875000000000003 0.6325000000000001 0.42625 0.6325000000000001 0.42625 0.65 0.43875000000000003 0.65 0.43875000000000003 0.6325000000000001
5 0.44875 0.63875 0.43624999999999997 0.63875 0.43624999999999997 0.6537499999999999 0.44875 0.6537499999999999 0.44875 0.63875
5 0.4525 0.62 0.44000000000000006 0.62 0.44000000000000006 0.6375 0.4525 0.6375 0.4525 0.62
5 0.4625 0.62 0.45 0.62 0.45 0.6375 0.4625 0.6375 0.4625 0.62
5 0.465 0.64 0.4525 0.64 0.4525 0.655 0.465 0.655 0.465 0.64
5 0.47000000000000003 0.62375 0.45999999999999996 0.62375 0.45999999999999996 0.64125 0.47000000000000003 0.64125 0.47000000000000003 0.62375
5 0.4725 0.64125 0.4625 0.64125 0.4625 0.6587500000000001 0.4725 0.6587500000000001 0.4725 0.64125
5 0.475 0.625 0.46749999999999997 0.625 0.46749999999999997 0.64 0.475 0.64 0.475 0.625
5 0.48875 0.64625 0.47874999999999995 0.64625 0.47874999999999995 0.66125 0.48875 0.66125 0.48875 0.64625
5 0.49375 0.6275000000000001 0.48125 0.6275000000000001 0.48125 0.645 0.49375 0.645 0.49375 0.6275000000000001
5 0.5037499999999999 0.63125 0.49375 0.63125 0.49375 0.6487499999999999 0.5037499999999999 0.6487499999999999 0.5037499999999999 0.63125
5 0.51375 0.63875 0.5037499999999999 0.63875 0.5037499999999999 0.65125 0.51375 0.65125 0.51375 0.63875
5 0.41500000000000004 0.6950000000000001 0.4025 0.6950000000000001 0.4025 0.7150000000000001 0.41500000000000004 0.7150000000000001 0.41500000000000004 0.6950000000000001
5 0.42125 0.675 0.41125 0.675 0.41125 0.6950000000000001 0.42125 0.6950000000000001 0.42125 0.675
5 0.425 0.6975 0.41500000000000004 0.6975 0.41500000000000004 0.7175 0.425 0.7175 0.425 0.6975
5 0.43 0.68125 0.42000000000000004 0.68125 0.42000000000000004 0.69625 0.43 0.69625 0.43 0.68125
5 0.43499999999999994 0.7025 0.42750000000000005 0.7025 0.42750000000000005 0.7175 0.43499999999999994 0.7175 0.43499999999999994 0.7025
5 0.4425 0.6849999999999999 0.4325 0.6849999999999999 0.4325 0.7025 0.4425 0.7025 0.4425 0.6849999999999999
5 0.45 0.6875 0.4425 0.6875 0.4425 0.705 0.45 0.705 0.45 0.6875
5 0.4625 0.68875 0.4525 0.68875 0.4525 0.70875 0.4625 0.70875 0.4625 0.68875
5 0.44625000000000004 0.705 0.43624999999999997 0.705 0.43624999999999997 0.7224999999999999 0.44625000000000004 0.7224999999999999 0.44625000000000004 0.705
5 0.47750000000000004 0.71 0.46749999999999997 0.71 0.46749999999999997 0.725 0.47750000000000004 0.725 0.47750000000000004 0.71
5 0.48125 0.6925 0.47125000000000006 0.6925 0.47125000000000006 0.71 0.48125 0.71 0.48125 0.6925
5 0.4875 0.7150000000000001 0.47750000000000004 0.7150000000000001 0.47750000000000004 0.7325 0.4875 0.7325 0.4875 0.7150000000000001
5 0.49124999999999996 0.69375 0.48125 0.69375 0.48125 0.7112499999999999 0.49124999999999996 0.7112499999999999 0.49124999999999996 0.69375
5 0.5025000000000001 0.69625 0.4925 0.69625 0.4925 0.7162499999999999 0.5025000000000001 0.7162499999999999 0.5025000000000001 0.69625
5 0.49625 0.71375 0.48624999999999996 0.71375 0.48624999999999996 0.73375 0.49625 0.73375 0.49625 0.71375
5 0.51125 0.69625 0.50125 0.69625 0.50125 0.7162499999999999 0.51125 0.7162499999999999 0.51125 0.69625
5 0.5075000000000001 0.71875 0.49749999999999994 0.71875 0.49749999999999994 0.73625 0.5075000000000001 0.73625 0.5075000000000001 0.71875
5 0.52 0.72 0.51 0.72 0.51 0.74 0.52 0.74 0.52 0.72
5 0.5225 0.7 0.5125 0.7 0.5125 0.72 0.5225 0.72 0.5225 0.7
5 0.53 0.7212500000000001 0.52 0.7212500000000001 0.52 0.74125 0.53 0.74125 0.53 0.7212500000000001
5 0.5375 0.7 0.525 0.7 0.525 0.72 0.5375 0.72 0.5375 0.7
5 0.5387500000000001 0.72375 0.5287499999999999 0.72375 0.5287499999999999 0.7462500000000001 0.5387500000000001 0.7462500000000001 0.5387500000000001 0.72375
5 0.54625 0.705 0.5337500000000001 0.705 0.5337500000000001 0.7224999999999999 0.54625 0.7224999999999999 0.54625 0.705
5 0.55125 0.7275 0.54125 0.7275 0.54125 0.745 0.55125 0.745 0.55125 0.7275
5 0.5625 0.7262500000000001 0.5525 0.7262500000000001 0.5525 0.74375 0.5625 0.74375 0.5625 0.7262500000000001
5 0.5650000000000001 0.7075 0.5525 0.7075 0.5525 0.7275 0.5650000000000001 0.7275 0.5650000000000001 0.7075
5 0.5775 0.7112499999999999 0.5650000000000001 0.7112499999999999 0.5650000000000001 0.73125 0.5775 0.73125 0.5775 0.7112499999999999
5 0.595 0.735 0.5825 0.735 0.5825 0.755 0.595 0.755 0.595 0.735
5 0.605 0.735 0.5925 0.735 0.5925 0.7575000000000001 0.605 0.7575000000000001 0.605 0.735
5 0.0725 0.465 0.034999999999999996 0.465 0.034999999999999996 0.48250000000000004 0.0725 0.48250000000000004 0.0725 0.465
5 0.12875 0.21000000000000002 0.09875 0.21000000000000002 0.09875 0.22749999999999998 0.12875 0.22749999999999998 0.12875 0.21000000000000002
5 0.026250000000000002 0.49749999999999994 0.00625 0.49749999999999994 0.00625 0.52 0.026250000000000002 0.52 0.026250000000000002 0.49749999999999994
5 0.6587500000000001 0.35750000000000004 0.63375 0.35750000000000004 0.63375 0.3725 0.6587500000000001 0.3725 0.6587500000000001 0.35750000000000004
5 0.36375 0.5287499999999999 0.34625 0.5287499999999999 0.34625 0.55375 0.36375 0.55375 0.36375 0.5287499999999999
5 0.16625 0.24 0.13874999999999998 0.24 0.13874999999999998 0.26 0.16625 0.26 0.16625 0.24
5 0.72 0.42125 0.71 0.42125 0.71 0.43875000000000003 0.72 0.43875000000000003 0.72 0.42125
5 0.605 0.14375 0.5875 0.14375 0.5875 0.15625 0.605 0.15625 0.605 0.14375
5 0.26625 0.23125 0.25125000000000003 0.23125 0.25125000000000003 0.25375000000000003 0.26625 0.25375000000000003 0.26625 0.23125
5 0.39 0.32999999999999996 0.38 0.32999999999999996 0.38 0.3525 0.39 0.3525 0.39 0.32999999999999996
5 0.7112499999999999 0.37374999999999997 0.68875 0.37374999999999997 0.68875 0.38625 0.7112499999999999 0.38625 0.7112499999999999 0.37374999999999997
5 0.5725 0.13625 0.5549999999999999 0.13625 0.5549999999999999 0.14625 0.5725 0.14625 0.5725 0.13625
5 0.36875 0.3275 0.35875 0.3275 0.35875 0.34500000000000003 0.36875 0.34500000000000003 0.36875 0.3275
5 0.375 0.5325 0.35750000000000004 0.5325 0.35750000000000004 0.5549999999999999 0.375 0.5549999999999999 0.375 0.5325
5 0.7575000000000001 0.4125 0.7325 0.4125 0.7325 0.4225 0.7575000000000001 0.4225 0.7575000000000001 0.4125
5 0.275 0.23374999999999999 0.26 0.23374999999999999 0.26 0.25875 0.275 0.25875 0.275 0.23374999999999999
5 0.09125 0.23374999999999999 0.07625 0.23374999999999999 0.07625 0.25625 0.09125 0.25625 0.09125 0.23374999999999999
5 0.66875 0.40499999999999997 0.6587500000000001 0.40499999999999997 0.6587500000000001 0.42750000000000005 0.66875 0.42750000000000005 0.66875 0.40499999999999997
5 0.14625 0.23500000000000001 0.11374999999999999 0.23500000000000001 0.11374999999999999 0.255 0.14625 0.255 0.14625 0.23500000000000001
5 0.35750000000000004 0.325 0.34500000000000003 0.325 0.34500000000000003 0.34249999999999997 0.35750000000000004 0.34249999999999997 0.35750000000000004 0.325
5 0.37875000000000003 0.3275 0.36875 0.3275 0.36875 0.34750000000000003 0.37875000000000003 0.34750000000000003 0.37875000000000003 0.3275
5 0.77625 0.13874999999999998 0.75625 0.13874999999999998 0.75625 0.14875 0.77625 0.14875 0.77625 0.13874999999999998