5 0.1125 0.6375 0.0975 0.6375 0.0975 0.6525000000000001 0.1125 0.6525000000000001 0.1125 0.6375
5 0.12 0.6425 0.1075 0.6425 0.1075 0.6575 0.12 0.6575 0.12 0.6425
5 0.03625 0.58875 0.021249999999999998 0.58875 0.021249999999999998 0.60625 0.03625 0.60625 0.03625 0.58875
5 0 0.58875 0.01 0.58875 0.01 0.57125 0 0.57125 0 0.58875
5 0.08249999999999999 0.61625 0.075 0.61625 0.075 0.63375 0.08249999999999999 0.63375 0.08249999999999999 0.61625
5 0.10874999999999999 0.69375 0.09125 0.69375 0.09125 0.71375 0.10874999999999999 0.71375 0.10874999999999999 0.69375
5 0.12125 0.69625 0.10375000000000001 0.69625 0.10375000000000001 0.7162499999999999 0.12125 0.7162499999999999 0.12125 0.69625
5 0.28125 0.8012499999999999 0.26375000000000004 0.8012499999999999 0.26375000000000004 0.81875 0.28125 0.81875 0.28125 0.8012499999999999
5 0.29375 0.73625 0.27375 0.73625 0.27375 0.76375 0.29375 0.76375 0.29375 0.73625
5 0.2625 0.7275 0.2475 0.7275 0.2475 0.745 0.2625 0.745 0.2625 0.7275
5 0.39375 0.80625 0.38125 0.80625 0.38125 0.8237500000000001 0.39375 0.8237500000000001 0.39375 0.80625
5 0.4175 0.8099999999999999 0.4025 0.8099999999999999 0.4025 0.8324999999999999 0.4175 0.8324999999999999 0.4175 0.8099999999999999
5 0.38 0.8550000000000001 0.365 0.8550000000000001 0.365 0.8724999999999999 0.38 0.8724999999999999 0.38 0.8550000000000001
5 0.58875 0.9650000000000001 0.57125 0.9650000000000001 0.57125 0.9800000000000001 0.58875 0.9800000000000001 0.58875 0.9650000000000001
5 0.32 0.205 0.3075 0.205 0.3075 0.2225 0.32 0.2225 0.32 0.205
5 0.33999999999999997 0.21375000000000002 0.325 0.21375000000000002 0.325 0.23374999999999999 0.33999999999999997 0.23374999999999999 0.33999999999999997 0.21375000000000002
5 0.37625000000000003 0.2575 0.35625 0.2575 0.35625 0.27 0.37625000000000003 0.27 0.37625000000000003 0.2575
5 0.385 0.24874999999999997 0.3625 0.24874999999999997 0.3625 0.26625 0.385 0.26625 0.385 0.24874999999999997
5 0.38875000000000004 0.24375 0.36875 0.24375 0.36875 0.26375000000000004 0.38875000000000004 0.26375000000000004 0.38875000000000004 0.24375
5 0.63 0.45999999999999996 0.61 0.45999999999999996 0.61 0.47750000000000004 0.63 0.47750000000000004 0.63 0.45999999999999996
5 0.6224999999999999 0.47000000000000003 0.605 0.47000000000000003 0.605 0.48250000000000004 0.6224999999999999 0.48250000000000004 0.6224999999999999 0.47000000000000003
5 0.61875 0.47625 0.6012500000000001 0.47625 0.6012500000000001 0.49124999999999996 0.61875 0.49124999999999996 0.61875 0.47625
5 0.6125 0.48250000000000004 0.595 0.48250000000000004 0.595 0.49749999999999994 0.6125 0.49749999999999994 0.6125 0.48250000000000004
5 0.7075 0.34875 0.6900000000000001 0.34875 0.6900000000000001 0.36124999999999996 0.7075 0.36124999999999996 0.7075 0.34875
5 0.7 0.36 0.6825 0.36 0.6825 0.37 0.7 0.37 0.7 0.36
5 0.69625 0.36375 0.67875 0.36375 0.67875 0.37625000000000003 0.69625 0.37625000000000003 0.69625 0.36375
5 0.52625 0.6 0.47874999999999995 0.6 0.47874999999999995 0.6375 0.52625 0.6375 0.52625 0.6
5 0.7474999999999999 0.042499999999999996 0.73 0.042499999999999996 0.73 0.05500000000000001 0.7474999999999999 0.05500000000000001 0.7474999999999999 0.042499999999999996
5 0.87375 0.16875 0.85625 0.16875 0.85625 0.18375 0.87375 0.18375 0.87375 0.16875
5 0.8637499999999999 0.19624999999999998 0.8487500000000001 0.19624999999999998 0.8487500000000001 0.20875 0.8637499999999999 0.20875 0.8637499999999999 0.19624999999999998
5 0.39 0.21375000000000002 0.3725 0.21375000000000002 0.3725 0.23125 0.39 0.23125 0.39 0.21375000000000002
5 0.545 0.135 0.525 0.135 0.525 0.1525 0.545 0.1525 0.545 0.135
5 0.81125 0.07375000000000001 0.79125 0.07375000000000001 0.79125 0.08625000000000001 0.81125 0.08625000000000001 0.81125 0.07375000000000001
5 0.8025 0.11499999999999999 0.7849999999999999 0.11499999999999999 0.7849999999999999 0.13 0.8025 0.13 0.8025 0.11499999999999999
5 0.7787499999999999 0.11499999999999999 0.75875 0.11499999999999999 0.75875 0.1325 0.7787499999999999 0.1325 0.7787499999999999 0.11499999999999999
5 0.7825 0.135 0.7625 0.135 0.7625 0.15 0.7825 0.15 0.7825 0.135
5 0.73625 0.01625 0.71375 0.01625 0.71375 0.03125 0.73625 0.03125 0.73625 0.01625
5 0.11374999999999999 0.025 0.10124999999999999 0.025 0.10124999999999999 0.04 0.11374999999999999 0.04 0.11374999999999999 0.025
5 0.1325 0.03375 0.11499999999999999 0.03375 0.11499999999999999 0.04875 0.1325 0.04875 0.1325 0.03375
5 0.12 0.03 0.1075 0.03 0.1075 0.045 0.12 0.045 0.12 0.03
5 0 0.44125 0.0075 0.44125 0.0075 0.42125 0 0.42125 0 0.44125
5 0.0725 0.42874999999999996 0.05500000000000001 0.42874999999999996 0.05500000000000001 0.44375 0.0725 0.44375 0.0725 0.42874999999999996
5 0.095 0.4425 0.0775 0.4425 0.0775 0.45499999999999996 0.095 0.45499999999999996 0.095 0.4425
5 0.045 0.44375 0.027500000000000004 0.44375 0.027500000000000004 0.46125 0.045 0.46125 0.045 0.44375
5 0.05125 0.45375 0.03875 0.45375 0.03875 0.47125000000000006 0.05125 0.47125000000000006 0.05125 0.45375
5 0.065 0.45875000000000005 0.05 0.45875000000000005 0.05 0.47874999999999995 0.065 0.47874999999999995 0.065 0.45875000000000005
5 0.07625 0.46624999999999994 0.061250000000000006 0.46624999999999994 0.061250000000000006 0.48375 0.07625 0.48375 0.07625 0.46624999999999994
5 0.09875 0.48 0.08375 0.48 0.08375 0.5 0.09875 0.5 0.09875 0.48
5 0.16875 0.0325 0.15375 0.0325 0.15375 0.05 0.16875 0.05 0.16875 0.0325
5 0.12250000000000001 0.42374999999999996 0.1025 0.42374999999999996 0.1025 0.44125 0.12250000000000001 0.44125 0.12250000000000001 0.42374999999999996
5 0.16499999999999998 0.41624999999999995 0.14250000000000002 0.41624999999999995 0.14250000000000002 0.43624999999999997 0.16499999999999998 0.43624999999999997 0.16499999999999998 0.41624999999999995
5 0.175 0.41375 0.16 0.41375 0.16 0.43125 0.175 0.43125 0.175 0.41375
5 0.18875 0.41 0.17124999999999999 0.41 0.17124999999999999 0.42750000000000005 0.18875 0.42750000000000005 0.18875 0.41
5 0.1975 0.40499999999999997 0.1775 0.40499999999999997 0.1775 0.4175 0.1975 0.4175 0.1975 0.40499999999999997
5 0.38625 0.11875 0.37124999999999997 0.11875 0.37124999999999997 0.13374999999999998 0.38625 0.13374999999999998 0.38625 0.11875
5 0.02375 0.64125 0.008749999999999999 0.64125 0.008749999999999999 0.6587500000000001 0.02375 0.6587500000000001 0.02375 0.64125
5 0.21125 0.31 0.19624999999999998 0.31 0.19624999999999998 0.3325 0.21125 0.3325 0.21125 0.31
5 0.23374999999999999 0.26125 0.21125 0.26125 0.21125 0.28125 0.23374999999999999 0.28125 0.23374999999999999 0.26125
5 0.24 0.28250000000000003 0.21749999999999997 0.28250000000000003 0.21749999999999997 0.3 0.24 0.3 0.24 0.28250000000000003
5 0.17875000000000002 0.0625 0.16125 0.0625 0.16125 0.08499999999999999 0.17875000000000002 0.08499999999999999 0.17875000000000002 0.0625
5 0.58125 0.665 0.54875 0.665 0.54875 0.7 0.58125 0.7 0.58125 0.665
5 0.03375 0.64375 0.01625 0.64375 0.01625 0.6637500000000001 0.03375 0.6637500000000001 0.03375 0.64375
5 0.25375000000000003 0.72 0.23374999999999999 0.72 0.23374999999999999 0.74 0.25375000000000003 0.74 0.25375000000000003 0.72
5 0.6625 0.42750000000000005 0.6325000000000001 0.42750000000000005 0.6325000000000001 0.45 0.6625 0.45 0.6625 0.42750000000000005
5 0.20875 0.26749999999999996 0.18625 0.26749999999999996 0.18625 0.29500000000000004 0.20875 0.29500000000000004 0.20875 0.26749999999999996
5 0.8262499999999999 0.5275000000000001 0.77125 0.5275000000000001 0.77125 0.5675 0.8262499999999999 0.5675 0.8262499999999999 0.5275000000000001
5 0.14750000000000002 0.6575 0.1325 0.6575 0.1325 0.675 0.14750000000000002 0.675 0.14750000000000002 0.6575
5 0.135 0.6900000000000001 0.11499999999999999 0.6900000000000001 0.11499999999999999 0.705 0.135 0.705 0.135 0.6900000000000001
5 0 0.6537499999999999 0.01875 0.6537499999999999 0.01875 0.63375 0 0.63375 0 0.6537499999999999
5 0.2 0.05 0.1775 0.05 0.1775 0.06999999999999999 0.2 0.06999999999999999 0.2 0.05
5 0.27749999999999997 0.12625 0.26 0.12625 0.26 0.14625 0.27749999999999997 0.14625 0.27749999999999997 0.12625
5 0.28625 0.0325 0.27125 0.0325 0.27125 0.052500000000000005 0.28625 0.052500000000000005 0.28625 0.0325
5 0.2375 0.7675 0.22000000000000003 0.7675 0.22000000000000003 0.79 0.2375 0.79 0.2375 0.7675
5 0.027500000000000004 0.57875 0.015 0.57875 0.015 0.59875 0.027500000000000004 0.59875 0.027500000000000004 0.57875
5 0.17375000000000002 0.67125 0.16125 0.67125 0.16125 0.6912499999999999 0.17375000000000002 0.6912499999999999 0.17375000000000002 0.67125
5 0.9475 0.21749999999999997 0.9275 0.21749999999999997 0.9275 0.22999999999999998 0.9475 0.22999999999999998 0.9475 0.21749999999999997
5 0.24375 0.29500000000000004 0.21875 0.29500000000000004 0.21875 0.3125 0.24375 0.3125 0.24375 0.29500000000000004
5 0.22999999999999998 0.21625 0.1975 0.21625 0.1975 0.23875000000000002 0.22999999999999998 0.23875000000000002 0.22999999999999998 0.21625
5 0.21375000000000002 0.6975 0.19875 0.6975 0.19875 0.7175 0.21375000000000002 0.7175 0.21375000000000002 0.6975
5 0.13999999999999999 0.6525000000000001 0.125 0.6525000000000001 0.125 0.6675 0.13999999999999999 0.6675 0.13999999999999999 0.6525000000000001
5 0.1975 0.6849999999999999 0.18 0.6849999999999999 0.18 0.705 0.1975 0.705 0.1975 0.6849999999999999
5 0.16625 0.665 0.15125 0.665 0.15125 0.6849999999999999 0.16625 0.6849999999999999 0.16625 0.665
5 0.37124999999999997 0.09125 0.35375 0.09125 0.35375 0.10625 0.37124999999999997 0.10625 0.37124999999999997 0.09125
5 0.17250000000000001 0.057499999999999996 0.1525 0.057499999999999996 0.1525 0.08 0.17250000000000001 0.08 0.17250000000000001 0.057499999999999996
5 0.6900000000000001 0.37374999999999997 0.665 0.37374999999999997 0.665 0.38875000000000004 0.6900000000000001 0.38875000000000004 0.6900000000000001 0.37374999999999997
5 0.20750000000000002 0.7525000000000001 0.19 0.7525000000000001 0.19 0.7675 0.20750000000000002 0.7675 0.20750000000000002 0.7525000000000001
5 0.09125 0.6837500000000001 0.07375000000000001 0.6837500000000001 0.07375000000000001 0.69875 0.09125 0.69875 0.09125 0.6837500000000001
5 0.08125 0.67875 0.06375 0.67875 0.06375 0.69375 0.08125 0.69375 0.08125 0.67875
5 0.22374999999999998 0.70125 0.20875 0.70125 0.20875 0.72375 0.22374999999999998 0.72375 0.22374999999999998 0.70125
5 0.13125 0.645 0.11374999999999999 0.645 0.11374999999999999 0.665 0.13125 0.665 0.13125 0.645
5 0.64375 0.44749999999999995 0.6212500000000001 0.44749999999999995 0.6212500000000001 0.45999999999999996 0.64375 0.45999999999999996 0.64375 0.44749999999999995
5 0.31875 0.12250000000000001 0.29375 0.12250000000000001 0.29375 0.14250000000000002 0.31875 0.14250000000000002 0.31875 0.12250000000000001
5 0.10124999999999999 0.68875 0.08375 0.68875 0.08375 0.70375 0.10124999999999999 0.70375 0.10124999999999999 0.68875
5 0.23500000000000001 0.2475 0.21000000000000002 0.2475 0.21000000000000002 0.265 0.23500000000000001 0.265 0.23500000000000001 0.2475
5 0.14125000000000001 0.03375 0.12125 0.03375 0.12125 0.058750000000000004 0.14125000000000001 0.058750000000000004 0.14125000000000001 0.03375
5 0.2 0.25 0.1825 0.25 0.1825 0.2725 0.2 0.2725 0.2 0.25
5 0.2375 0.275 0.2125 0.275 0.2125 0.29 0.2375 0.29 0.2375 0.275
5 0.3775 0.034999999999999996 0.36 0.034999999999999996 0.36 0.06 0.3775 0.06 0.3775 0.034999999999999996
5 0.06999999999999999 0.67 0.052500000000000005 0.67 0.052500000000000005 0.6900000000000001 0.06999999999999999 0.6900000000000001 0.06999999999999999 0.67
5 0.3275 0.05375 0.3075 0.05375 0.3075 0.08125 0.3275 0.08125 0.3275 0.05375
5 0.66625 0.40750000000000003 0.64625 0.40750000000000003 0.64625 0.4225 0.66625 0.4225 0.66625 0.40750000000000003
5 0.042499999999999996 0.655 0.027500000000000004 0.655 0.027500000000000004 0.6725 0.042499999999999996 0.6725 0.042499999999999996 0.655
5 0.13125 0.7025 0.11374999999999999 0.7025 0.11374999999999999 0.7224999999999999 0.13125 0.7224999999999999 0.13125 0.7025
5 0.39375 0.04625 0.37374999999999997 0.04625 0.37374999999999997 0.07125000000000001 0.39375 0.07125000000000001 0.39375 0.04625
5 0.1375 0.71 0.12250000000000001 0.71 0.12250000000000001 0.735 0.1375 0.735 0.1375 0.71
5 0.1875 0.74 0.17250000000000001 0.74 0.17250000000000001 0.755 0.1875 0.755 0.1875 0.74
5 0.15625 0.7212500000000001 0.14125000000000001 0.7212500000000001 0.14125000000000001 0.74125 0.15625 0.74125 0.15625 0.7212500000000001
5 0.14875 0.71375 0.13125 0.71375 0.13125 0.73625 0.14875 0.73625 0.14875 0.71375
5 0.1975 0.06875 0.175 0.06875 0.175 0.09375 0.1975 0.09375 0.1975 0.06875
5 0.23875000000000002 0.10124999999999999 0.21875 0.10124999999999999 0.21875 0.12375 0.23875000000000002 0.12375 0.23875000000000002 0.10124999999999999
5 0.2425 0.7150000000000001 0.22999999999999998 0.7150000000000001 0.22999999999999998 0.735 0.2425 0.735 0.2425 0.7150000000000001
5 0.2925 0.1325 0.275 0.1325 0.275 0.1525 0.2925 0.1525 0.2925 0.1325
5 0.1525 0.045 0.1375 0.045 0.1375 0.0675 0.1525 0.0675 0.1525 0.045
5 0.0625 0.6637500000000001 0.045 0.6637500000000001 0.045 0.6837500000000001 0.0625 0.6837500000000001 0.0625 0.6637500000000001
5 0.31124999999999997 0.045 0.29375 0.045 0.29375 0.06999999999999999 0.31124999999999997 0.06999999999999999 0.31124999999999997 0.045
5 0.4175 0.06 0.3975 0.06 0.3975 0.08499999999999999 0.4175 0.08499999999999999 0.4175 0.06
5 0.6587500000000001 0.42000000000000004 0.64125 0.42000000000000004 0.64125 0.43 0.6587500000000001 0.43 0.6587500000000001 0.42000000000000004
5 0.19875 0.745 0.18125 0.745 0.18125 0.765 0.19875 0.765 0.19875 0.745
5 0.41875 0.11374999999999999 0.39625 0.11374999999999999 0.39625 0.13125 0.41875 0.13125 0.41875 0.11374999999999999
5 0.40499999999999997 0.10500000000000001 0.3875 0.10500000000000001 0.3875 0.1275 0.40499999999999997 0.1275 0.40499999999999997 0.10500000000000001
5 0.24625 0.77625 0.22625 0.77625 0.22625 0.79375 0.24625 0.79375 0.24625 0.77625
5 0.21625 0.75625 0.20125 0.75625 0.20125 0.7737499999999999 0.21625 0.7737499999999999 0.21625 0.75625
5 0.3175 0.1525 0.3 0.1525 0.3 0.16999999999999998 0.3175 0.16999999999999998 0.3175 0.1525
5 0.625 0.028749999999999998 0.6025 0.028749999999999998 0.6025 0.04875 0.625 0.04875 0.625 0.028749999999999998
5 0.26875 0.0925 0.24625 0.0925 0.24625 0.11499999999999999 0.26875 0.11499999999999999 0.26875 0.0925
5 0.275 0.05125 0.2575 0.05125 0.2575 0.07125000000000001 0.275 0.07125000000000001 0.275 0.05125
5 0.0225 0.57125 0.0025 0.57125 0.0025 0.59375 0.0225 0.59375 0.0225 0.57125
5 0.18 0.73125 0.1625 0.73125 0.1625 0.7537499999999999 0.18 0.7537499999999999 0.18 0.73125
5 0.205 0.6925 0.1875 0.6925 0.1875 0.7150000000000001 0.205 0.7150000000000001 0.205 0.6925
5 0.425 0.06875 0.40499999999999997 0.06875 0.40499999999999997 0.08875 0.425 0.08875 0.425 0.06875
5 0.18875 0.6775 0.17124999999999999 0.6775 0.17124999999999999 0.6975 0.18875 0.6975 0.18875 0.6775
5 0.1575 0.66125 0.13999999999999999 0.66125 0.13999999999999999 0.68125 0.1575 0.68125 0.1575 0.66125
5 0.14625 0.04 0.13125 0.04 0.13125 0.0625 0.14625 0.0625 0.14625 0.04
5 0.395 0.09875 0.3775 0.09875 0.3775 0.12125 0.395 0.12125 0.395 0.09875
5 0.34375 0.06625 0.32375 0.06625 0.32375 0.08875 0.34375 0.08875 0.34375 0.06625
5 0.23625 0.70625 0.21875 0.70625 0.21875 0.72875 0.23625 0.72875 0.23625 0.70625
5 0.26375000000000004 0.11625 0.24125000000000002 0.11625 0.24125000000000002 0.13874999999999998 0.26375000000000004 0.13874999999999998 0.26375000000000004 0.11625
5 0.64625 0.7849999999999999 0.57875 0.7849999999999999 0.57875 0.82 0.64625 0.82 0.64625 0.7849999999999999
5 0.05375 0.6575 0.03625 0.6575 0.03625 0.6775 0.05375 0.6775 0.05375 0.6575
5 0.7887500000000001 0.54625 0.7462500000000001 0.54625 0.7462500000000001 0.59375 0.7887500000000001 0.59375 0.7887500000000001 0.54625
5 0.2475 0.10375000000000001 0.22999999999999998 0.10375000000000001 0.22999999999999998 0.12375 0.2475 0.12375 0.2475 0.10375000000000001
5 0.18375 0.042499999999999996 0.16625 0.042499999999999996 0.16625 0.06 0.18375 0.06 0.18375 0.042499999999999996
5 0.1675 0.7275 0.1525 0.7275 0.1525 0.75 0.1675 0.75 0.1675 0.7275
5 0.6825 0.3875 0.6525000000000001 0.3875 0.6525000000000001 0.41 0.6825 0.41 0.6825 0.3875
5 0.1625 0.05125 0.145 0.05125 0.145 0.07375000000000001 0.1625 0.07375000000000001 0.1625 0.05125