4 0.3675 0.27125 0.34249999999999997 0.27125 0.34249999999999997 0.28375 0.3675 0.28375 0.3675 0.27125
5 0.28250000000000003 0.7725 0.2575 0.7725 0.2575 0.7825 0.28250000000000003 0.7825 0.28250000000000003 0.7725
5 0.81375 0.19 0.79875 0.19 0.79875 0.205 0.81375 0.205 0.81375 0.19
5 0.8612500000000001 0.21125 0.8462500000000001 0.21125 0.8462500000000001 0.22374999999999998 0.8612500000000001 0.22374999999999998 0.8612500000000001 0.21125
5 0.8474999999999999 0.16999999999999998 0.835 0.16999999999999998 0.835 0.1875 0.8474999999999999 0.1875 0.8474999999999999 0.16999999999999998
5 0.9025000000000001 0.20875 0.8875 0.20875 0.8875 0.22625 0.9025000000000001 0.22625 0.9025000000000001 0.20875
5 0.91375 0.21375000000000002 0.89625 0.21375000000000002 0.89625 0.23374999999999999 0.91375 0.23374999999999999 0.91375 0.21375000000000002
5 0.91875 0.225 0.90625 0.225 0.90625 0.24 0.91875 0.24 0.91875 0.225
5 0.93125 0.22875 0.91625 0.22875 0.91625 0.24625 0.93125 0.24625 0.93125 0.22875
5 0.89125 0.135 0.87375 0.135 0.87375 0.155 0.89125 0.155 0.89125 0.135
5 0.9075 0.14750000000000002 0.89 0.14750000000000002 0.89 0.16499999999999998 0.9075 0.16499999999999998 0.9075 0.14750000000000002
5 0.91625 0.155 0.9037499999999999 0.155 0.9037499999999999 0.175 0.91625 0.175 0.91625 0.155
5 0.9275 0.1625 0.9099999999999999 0.1625 0.9099999999999999 0.18 0.9275 0.18 0.9275 0.1625
5 0.945 0.17625 0.93 0.17625 0.93 0.19375 0.945 0.19375 0.945 0.17625
5 0.96 0.1825 0.9475 0.1825 0.9475 0.20249999999999999 0.96 0.20249999999999999 0.96 0.1825
5 0.9712500000000001 0.19375 0.95375 0.19375 0.95375 0.21125 0.9712500000000001 0.21125 0.9712500000000001 0.19375
5 0.9824999999999999 0.2 0.9675 0.2 0.9675 0.2125 0.9824999999999999 0.2125 0.9824999999999999 0.2
5 0.9875 0.205 0.975 0.205 0.975 0.22000000000000003 0.9875 0.22000000000000003 0.9875 0.205
5 0.9962500000000001 0.21125 0.98375 0.21125 0.98375 0.22875 0.9962500000000001 0.22875 0.9962500000000001 0.21125
5 1 0.21875 0.9925 0.21875 0.9925 0.23625 1 0.23625 1 0.21875
5 0.70125 0.09375 0.6837500000000001 0.09375 0.6837500000000001 0.10874999999999999 0.70125 0.10874999999999999 0.70125 0.09375
5 0.7925 0.06625 0.775 0.06625 0.775 0.08125 0.7925 0.08125 0.7925 0.06625
5 0.8675 0.12125 0.8550000000000001 0.12125 0.8550000000000001 0.13625 0.8675 0.13625 0.8675 0.12125
5 0.96875 0.28500000000000003 0.9512499999999999 0.28500000000000003 0.9512499999999999 0.2975 0.96875 0.2975 0.96875 0.28500000000000003
5 0.82 0.08125 0.8 0.08125 0.8 0.10375000000000001 0.82 0.10375000000000001 0.82 0.08125
5 0.56375 0.6025 0.55375 0.6025 0.55375 0.625 0.56375 0.625 0.56375 0.6025
5 0.835 0.0975 0.8175000000000001 0.0975 0.8175000000000001 0.11750000000000001 0.835 0.11750000000000001 0.835 0.0975
5 0.52 0.67625 0.5025000000000001 0.67625 0.5025000000000001 0.69875 0.52 0.69875 0.52 0.67625
5 0.805 0.26375000000000004 0.7849999999999999 0.26375000000000004 0.7849999999999999 0.28375 0.805 0.28375 0.805 0.26375000000000004
5 0.7112499999999999 0.69375 0.69375 0.69375 0.69375 0.7212500000000001 0.7112499999999999 0.7212500000000001 0.7112499999999999 0.69375