5 0.9087500000000001 0.065 0.89375 0.065 0.89375 0.095 0.9087500000000001 0.095 0.9087500000000001 0.065
5 0.64125 0.75875 0.60625 0.75875 0.60625 0.7737499999999999 0.64125 0.7737499999999999 0.64125 0.75875
5 0.6799999999999999 0.6775 0.6599999999999999 0.6775 0.6599999999999999 0.6875 0.6799999999999999 0.6875 0.6799999999999999 0.6775
5 0.67 0.7 0.6475 0.7 0.6475 0.7125 0.67 0.7125 0.67 0.7
5 0.74875 0.72875 0.72875 0.72875 0.72875 0.73875 0.74875 0.73875 0.74875 0.72875
5 0.18375 0.77625 0.17124999999999999 0.77625 0.17124999999999999 0.7887500000000001 0.18375 0.7887500000000001 0.18375 0.77625
5 0.9175000000000001 0.4875 0.905 0.4875 0.905 0.51 0.9175000000000001 0.51 0.9175000000000001 0.4875
5 0.8087500000000001 0.48624999999999996 0.79125 0.48624999999999996 0.79125 0.50625 0.8087500000000001 0.50625 0.8087500000000001 0.48624999999999996
5 0.5775 0.64125 0.5700000000000001 0.64125 0.5700000000000001 0.65625 0.5775 0.65625 0.5775 0.64125
5 0.66875 0.26625 0.6537499999999999 0.26625 0.6537499999999999 0.28375 0.66875 0.28375 0.66875 0.26625
5 0.70875 0.26749999999999996 0.69625 0.26749999999999996 0.69625 0.28500000000000003 0.70875 0.28500000000000003 0.70875 0.26749999999999996
5 0.7 0.2525 0.6875 0.2525 0.6875 0.26749999999999996 0.7 0.26749999999999996 0.7 0.2525
5 0.63625 0.1975 0.61625 0.1975 0.61625 0.20750000000000002 0.63625 0.20750000000000002 0.63625 0.1975
5 0.64 0.20625 0.6224999999999999 0.20625 0.6224999999999999 0.21375000000000002 0.64 0.21375000000000002 0.64 0.20625
5 0.645 0.21375000000000002 0.6275000000000001 0.21375000000000002 0.6275000000000001 0.22374999999999998 0.645 0.22374999999999998 0.645 0.21375000000000002
5 0.6487499999999999 0.2225 0.63125 0.2225 0.63125 0.22999999999999998 0.6487499999999999 0.22999999999999998 0.6487499999999999 0.2225
5 0.6525000000000001 0.23125 0.6375 0.23125 0.6375 0.24125000000000002 0.6525000000000001 0.24125000000000002 0.6525000000000001 0.23125
5 0.6625 0.25125000000000003 0.6425 0.25125000000000003 0.6425 0.26125 0.6625 0.26125 0.6625 0.25125000000000003
5 0.6625 0.16875 0.65 0.16875 0.65 0.18625 0.6625 0.18625 0.6625 0.16875
5 0.5900000000000001 0.061250000000000006 0.5725 0.061250000000000006 0.5725 0.08125 0.5900000000000001 0.08125 0.5900000000000001 0.061250000000000006
5 0.9637499999999999 0.22999999999999998 0.94625 0.22999999999999998 0.94625 0.2575 0.9637499999999999 0.2575 0.9637499999999999 0.22999999999999998
5 0.5575 0.7162499999999999 0.54 0.7162499999999999 0.54 0.72875 0.5575 0.72875 0.5575 0.7162499999999999
5 0.36875 1 0.36875 0.9875 0.34375 0.9875 0.34375 1 0.36875 1
5 0.5 0.9037499999999999 0.475 0.9037499999999999 0.475 0.91875 0.5 0.91875 0.5 0.9037499999999999
5 0.36375 0.08625000000000001 0.34375 0.08625000000000001 0.34375 0.09875 0.36375 0.09875 0.36375 0.08625000000000001
5 0.99125 0.6799999999999999 0.9712500000000001 0.6799999999999999 0.9712500000000001 0.705 0.99125 0.705 0.99125 0.6799999999999999
5 0.905 0.9 0.885 0.9 0.885 0.915 0.905 0.915 0.905 0.9
5 0.3825 0.945 0.3625 0.945 0.3625 0.9625 0.3825 0.9625 0.3825 0.945
5 0.40374999999999994 0.79625 0.38125 0.79625 0.38125 0.81125 0.40374999999999994 0.81125 0.40374999999999994 0.79625
5 0.2975 0.82875 0.27999999999999997 0.82875 0.27999999999999997 0.8412499999999999 0.2975 0.8412499999999999 0.2975 0.82875
5 0.545 0.6537499999999999 0.525 0.6537499999999999 0.525 0.6637500000000001 0.545 0.6637500000000001 0.545 0.6537499999999999
5 0.2525 0.15125 0.2425 0.15125 0.2425 0.16625 0.2525 0.16625 0.2525 0.15125
5 0.29500000000000004 0.385 0.28500000000000003 0.385 0.28500000000000003 0.39249999999999996 0.29500000000000004 0.39249999999999996 0.29500000000000004 0.385
5 0.40499999999999997 0.41500000000000004 0.3875 0.41500000000000004 0.3875 0.42750000000000005 0.40499999999999997 0.42750000000000005 0.40499999999999997 0.41500000000000004
5 0.4625 0.765 0.4325 0.765 0.4325 0.7825 0.4625 0.7825 0.4625 0.765
5 0.7325 0.86875 0.705 0.86875 0.705 0.8787499999999999 0.7325 0.8787499999999999 0.7325 0.86875
5 0.32999999999999996 0.82125 0.3 0.82125 0.3 0.83625 0.32999999999999996 0.83625 0.32999999999999996 0.82125
5 0.51875 0.735 0.49874999999999997 0.735 0.49874999999999997 0.7525000000000001 0.51875 0.7525000000000001 0.51875 0.735
5 0.6025 0.11750000000000001 0.5825 0.11750000000000001 0.5825 0.1275 0.6025 0.1275 0.6025 0.11750000000000001
5 0.24 0.37 0.2225 0.37 0.2225 0.38 0.24 0.38 0.24 0.37
5 0.45125000000000004 0.44625000000000004 0.43125 0.44625000000000004 0.43125 0.46125 0.45125000000000004 0.46125 0.45125000000000004 0.44625000000000004
5 0.7675 0.275 0.755 0.275 0.755 0.2875 0.7675 0.2875 0.7675 0.275
5 0.645 0.14250000000000002 0.6375 0.14250000000000002 0.6375 0.155 0.645 0.155 0.645 0.14250000000000002
5 0.5912499999999999 0.6587500000000001 0.57625 0.6587500000000001 0.57625 0.67375 0.5912499999999999 0.67375 0.5912499999999999 0.6587500000000001
5 0.7975 0.5125 0.7825 0.5125 0.7825 0.5225 0.7975 0.5225 0.7975 0.5125
5 0.33875 0.9650000000000001 0.31375000000000003 0.9650000000000001 0.31375000000000003 0.9800000000000001 0.33875 0.9800000000000001 0.33875 0.9650000000000001
5 0.45375 0.9237500000000001 0.42874999999999996 0.9237500000000001 0.42874999999999996 0.9412499999999999 0.45375 0.9412499999999999 0.45375 0.9237500000000001
5 0.9737500000000001 0.8625 0.9512499999999999 0.8625 0.9512499999999999 0.885 0.9737500000000001 0.885 0.9737500000000001 0.8625
5 0.335 0.865 0.315 0.865 0.315 0.875 0.335 0.875 0.335 0.865
5 0.71375 0.041249999999999995 0.69875 0.041249999999999995 0.69875 0.05375 0.71375 0.05375 0.71375 0.041249999999999995
5 0.53125 0.72375 0.51875 0.72375 0.51875 0.73875 0.53125 0.73875 0.53125 0.72375
5 0.9075 0.91875 0.8825 0.91875 0.8825 0.93125 0.9075 0.93125 0.9075 0.91875
5 0.55125 0.9225 0.5287499999999999 0.9225 0.5287499999999999 0.9349999999999999 0.55125 0.9349999999999999 0.55125 0.9225
5 0.51625 0.58375 0.49625 0.58375 0.49625 0.5962500000000001 0.51625 0.5962500000000001 0.51625 0.58375
5 0.3275 0.29874999999999996 0.31 0.29874999999999996 0.31 0.32375 0.3275 0.32375 0.3275 0.29874999999999996
5 0.4025 0.09 0.39 0.09 0.39 0.10500000000000001 0.4025 0.10500000000000001 0.4025 0.09
5 0.38 0.1 0.37 0.1 0.37 0.11750000000000001 0.38 0.11750000000000001 0.38 0.1
5 0.645 0.18625 0.63 0.18625 0.63 0.20375000000000001 0.645 0.20375000000000001 0.645 0.18625
5 0.29625 0.9862500000000001 0.27125 0.9862500000000001 0.27125 0.99875 0.29625 0.99875 0.29625 0.9862500000000001
5 0.9712500000000001 0.29 0.9512499999999999 0.29 0.9512499999999999 0.31 0.9712500000000001 0.31 0.9712500000000001 0.29
5 0.89375 0.0625 0.87375 0.0625 0.87375 0.08249999999999999 0.89375 0.08249999999999999 0.89375 0.0625
5 0.68875 0.225 0.67625 0.225 0.67625 0.2475 0.68875 0.2475 0.68875 0.225
5 0.42000000000000004 0.46125 0.4 0.46125 0.4 0.46875 0.42000000000000004 0.46875 0.42000000000000004 0.46125
5 0.25875 0.39875 0.24375 0.39875 0.24375 0.40374999999999994 0.25875 0.40374999999999994 0.25875 0.39875
5 0.385 0.3375 0.3625 0.3375 0.3625 0.34750000000000003 0.385 0.34750000000000003 0.385 0.3375
5 0.86875 0 0.86875 0.01 0.8862500000000001 0.01 0.8862500000000001 0 0.86875 0
5 0.70125 0.02375 0.68875 0.02375 0.68875 0.03375 0.70125 0.03375 0.70125 0.02375
5 1 0.36875 0.99 0.36875 0.99 0.39125 1 0.39125 1 0.36875
5 0.4375 0.97625 0.4125 0.97625 0.4125 0.99375 0.4375 0.99375 0.4375 0.97625
5 0.7262500000000001 0.86 0.69625 0.86 0.69625 0.8699999999999999 0.7262500000000001 0.8699999999999999 0.7262500000000001 0.86
5 0.18 0.825 0.1575 0.825 0.1575 0.835 0.18 0.835 0.18 0.825
5 0.26 0.17124999999999999 0.25 0.17124999999999999 0.25 0.18625 0.26 0.18625 0.26 0.17124999999999999
5 0.6950000000000001 0.7375 0.6775 0.7375 0.6775 0.7474999999999999 0.6950000000000001 0.7474999999999999 0.6950000000000001 0.7375
5 0.7625 0.86 0.735 0.86 0.735 0.875 0.7625 0.875 0.7625 0.86
5 0.375 0.8025 0.355 0.8025 0.355 0.82 0.375 0.82 0.375 0.8025
5 0.7875 0.44000000000000006 0.775 0.44000000000000006 0.775 0.45999999999999996 0.7875 0.45999999999999996 0.7875 0.44000000000000006
5 0.735 0.33125 0.7125 0.33125 0.7125 0.34125 0.735 0.34125 0.735 0.33125
5 0.43 0.4225 0.42000000000000004 0.4225 0.42000000000000004 0.4425 0.43 0.4425 0.43 0.4225
5 0.8474999999999999 0.73625 0.8275 0.73625 0.8275 0.75125 0.8474999999999999 0.75125 0.8474999999999999 0.73625
5 0.5525 0.86875 0.53 0.86875 0.53 0.88125 0.5525 0.88125 0.5525 0.86875
5 0.67 0.8925000000000001 0.65 0.8925000000000001 0.65 0.9075 0.67 0.9075 0.67 0.8925000000000001
5 0.16125 0.77625 0.13874999999999998 0.77625 0.13874999999999998 0.79125 0.16125 0.79125 0.16125 0.77625
5 0.38625 0.79125 0.36625 0.79125 0.36625 0.80625 0.38625 0.80625 0.38625 0.79125
5 0.54375 0.5675 0.5287499999999999 0.5675 0.5287499999999999 0.585 0.54375 0.585 0.54375 0.5675
5 0.525 0.61 0.5075000000000001 0.61 0.5075000000000001 0.62 0.525 0.62 0.525 0.61
5 0.8675 0.64375 0.8474999999999999 0.64375 0.8474999999999999 0.6587500000000001 0.8675 0.6587500000000001 0.8675 0.64375
5 0.9887499999999999 0.85625 0.97625 0.85625 0.97625 0.87625 0.9887499999999999 0.87625 0.9887499999999999 0.85625
5 0.62 0.8400000000000001 0.5925 0.8400000000000001 0.5925 0.8550000000000001 0.62 0.8550000000000001 0.62 0.8400000000000001
5 0.76125 0.94375 0.74125 0.94375 0.74125 0.95625 0.76125 0.95625 0.76125 0.94375
5 0.93625 0.09375 0.91625 0.09375 0.91625 0.11374999999999999 0.93625 0.11374999999999999 0.93625 0.09375
5 0.72375 0.38125 0.71375 0.38125 0.71375 0.39625 0.72375 0.39625 0.72375 0.38125
5 0.14375 0.39875 0.12875 0.39875 0.12875 0.41125 0.14375 0.41125 0.14375 0.39875
5 0.38375 0.34625 0.36875 0.34625 0.36875 0.35375 0.38375 0.35375 0.38375 0.34625
5 0.4725 0.9487500000000001 0.44000000000000006 0.9487500000000001 0.44000000000000006 0.9662499999999999 0.4725 0.9662499999999999 0.4725 0.9487500000000001
5 0.95375 0.24625 0.9337500000000001 0.24625 0.9337500000000001 0.26625 0.95375 0.26625 0.95375 0.24625
5 0.7175 0.7262500000000001 0.6950000000000001 0.7262500000000001 0.6950000000000001 0.73625 0.7175 0.73625 0.7175 0.7262500000000001
5 0.70625 0.35 0.69625 0.35 0.69625 0.3625 0.70625 0.3625 0.70625 0.35
5 0.42000000000000004 0.425 0.40750000000000003 0.425 0.40750000000000003 0.445 0.42000000000000004 0.445 0.42000000000000004 0.425
5 0.23374999999999999 0.39375 0.22374999999999998 0.39375 0.22374999999999998 0.41125 0.23374999999999999 0.41125 0.23374999999999999 0.39375
5 0.28250000000000003 0.3875 0.27 0.3875 0.27 0.3975 0.28250000000000003 0.3975 0.28250000000000003 0.3875
5 0.6625 0.76125 0.6475 0.76125 0.6475 0.77125 0.6625 0.77125 0.6625 0.76125
5 0.40499999999999997 0.8550000000000001 0.38 0.8550000000000001 0.38 0.865 0.40499999999999997 0.865 0.40499999999999997 0.8550000000000001
5 0.4125 0.9724999999999999 0.385 0.9724999999999999 0.385 0.9925 0.4125 0.9925 0.4125 0.9724999999999999
5 0.17625 0.81375 0.15625 0.81375 0.15625 0.82875 0.17625 0.82875 0.17625 0.81375
5 0.5599999999999999 0.67125 0.54 0.67125 0.54 0.68125 0.5599999999999999 0.68125 0.5599999999999999 0.67125
5 0.55625 0.6625 0.5337500000000001 0.6625 0.5337500000000001 0.6725 0.55625 0.6725 0.55625 0.6625
5 0.5287499999999999 0.6212500000000001 0.51375 0.6212500000000001 0.51375 0.6287499999999999 0.5287499999999999 0.6287499999999999 0.5287499999999999 0.6212500000000001
5 0.71875 0.36124999999999996 0.70375 0.36124999999999996 0.70375 0.38125 0.71875 0.38125 0.71875 0.36124999999999996
5 1 0.8712500000000001 0.99 0.8712500000000001 0.99 0.89125 1 0.89125 1 0.8712500000000001
5 0.7125 0.945 0.6900000000000001 0.945 0.6900000000000001 0.9574999999999999 0.7125 0.9574999999999999 0.7125 0.945
5 0.9237500000000001 0.1375 0.89875 0.1375 0.89875 0.1575 0.9237500000000001 0.1575 0.9237500000000001 0.1375
5 0.34875 0.8099999999999999 0.32875 0.8099999999999999 0.32875 0.8275 0.34875 0.8275 0.34875 0.8099999999999999
5 0.65625 0.20125 0.64125 0.20125 0.64125 0.22125 0.65625 0.22125 0.65625 0.20125
5 0.33875 0.01875 0.32875 0.01875 0.32875 0.03125 0.33875 0.03125 0.33875 0.01875
5 0.6575 0.2425 0.64 0.2425 0.64 0.2525 0.6575 0.2525 0.6575 0.2425
5 0.40125 0.29500000000000004 0.37875000000000003 0.29500000000000004 0.37875000000000003 0.315 0.40125 0.315 0.40125 0.29500000000000004
5 0.41 0.9412499999999999 0.385 0.9412499999999999 0.385 0.96125 0.41 0.96125 0.41 0.9412499999999999
5 0.5962500000000001 0.9175000000000001 0.56875 0.9175000000000001 0.56875 0.9349999999999999 0.5962500000000001 0.9349999999999999 0.5962500000000001 0.9175000000000001
5 0.15875 0.7887500000000001 0.13874999999999998 0.7887500000000001 0.13874999999999998 0.8012499999999999 0.15875 0.8012499999999999 0.15875 0.7887500000000001
5 0.54375 0.64375 0.5237499999999999 0.64375 0.5237499999999999 0.6587500000000001 0.54375 0.6587500000000001 0.54375 0.64375
5 0.15625 0.03 0.14125000000000001 0.03 0.14125000000000001 0.0475 0.15625 0.0475 0.15625 0.03
5 0.28625 0.355 0.27125 0.355 0.27125 0.365 0.28625 0.365 0.28625 0.355
5 0.8525 0.265 0.8324999999999999 0.265 0.8324999999999999 0.275 0.8525 0.275 0.8525 0.265
5 0.7725 0.77625 0.7525000000000001 0.77625 0.7525000000000001 0.79125 0.7725 0.79125 0.7725 0.77625
5 0.60375 0.9800000000000001 0.57375 0.9800000000000001 0.57375 0.9974999999999999 0.60375 0.9974999999999999 0.60375 0.9800000000000001
5 0.67875 0.8712500000000001 0.65625 0.8712500000000001 0.65625 0.8862500000000001 0.67875 0.8862500000000001 0.67875 0.8712500000000001
5 0.55625 0.595 0.54625 0.595 0.54625 0.615 0.55625 0.615 0.55625 0.595
5 0.51375 0.595 0.49874999999999997 0.595 0.49874999999999997 0.605 0.51375 0.605 0.51375 0.595
5 0.3125 0.25375000000000003 0.2975 0.25375000000000003 0.2975 0.27375 0.3125 0.27375 0.3125 0.25375000000000003
5 0.1075 0.4425 0.095 0.4425 0.095 0.45999999999999996 0.1075 0.45999999999999996 0.1075 0.4425
5 0.825 0.7462500000000001 0.8099999999999999 0.7462500000000001 0.8099999999999999 0.76125 0.825 0.76125 0.825 0.7462500000000001
5 0.5962500000000001 0.8637499999999999 0.5662499999999999 0.8637499999999999 0.5662499999999999 0.87625 0.5962500000000001 0.87625 0.5962500000000001 0.8637499999999999
5 0.75125 0.35625 0.73125 0.35625 0.73125 0.36875 0.75125 0.36875 0.75125 0.35625
5 0.76625 0.38 0.73875 0.38 0.73875 0.39249999999999996 0.76625 0.39249999999999996 0.76625 0.38
5 0.61 0.13625 0.5900000000000001 0.13625 0.5900000000000001 0.14875 0.61 0.14875 0.61 0.13625
5 0.50875 0.7275 0.48875 0.7275 0.48875 0.745 0.50875 0.745 0.50875 0.7275
5 0.7162499999999999 0.81375 0.69625 0.81375 0.69625 0.8237500000000001 0.7162499999999999 0.8237500000000001 0.7162499999999999 0.81375
5 0.64375 0.84375 0.6212500000000001 0.84375 0.6212500000000001 0.8612500000000001 0.64375 0.8612500000000001 0.64375 0.84375
5 0.43624999999999997 0.7725 0.41375 0.7725 0.41375 0.7925 0.43624999999999997 0.7925 0.43624999999999997 0.7725
5 0.62 0.7837500000000001 0.595 0.7837500000000001 0.595 0.79625 0.62 0.79625 0.62 0.7837500000000001
5 0.7787499999999999 0.47750000000000004 0.7537499999999999 0.47750000000000004 0.7537499999999999 0.49000000000000005 0.7787499999999999 0.49000000000000005 0.7787499999999999 0.47750000000000004
5 0.3875 0.06 0.37 0.06 0.37 0.08249999999999999 0.3875 0.08249999999999999 0.3875 0.06
5 0.9 0.0325 0.8825 0.0325 0.8825 0.05500000000000001 0.9 0.05500000000000001 0.9 0.0325
5 0.6174999999999999 0.70625 0.595 0.70625 0.595 0.7162499999999999 0.6174999999999999 0.7162499999999999 0.6174999999999999 0.70625
5 0.5974999999999999 0.85 0.575 0.85 0.575 0.865 0.5974999999999999 0.865 0.5974999999999999 0.85
5 0.7150000000000001 0.8 0.6925 0.8 0.6925 0.8125 0.7150000000000001 0.8125 0.7150000000000001 0.8
5 0.6675 0.82 0.6425 0.82 0.6425 0.8324999999999999 0.6675 0.8324999999999999 0.6675 0.82
5 0.26 0.89875 0.24500000000000002 0.89875 0.24500000000000002 0.9087500000000001 0.26 0.9087500000000001 0.26 0.89875
5 0.36375 0.27875 0.34125 0.27875 0.34125 0.28875 0.36375 0.28875 0.36375 0.27875
5 0.12 0.43499999999999994 0.11000000000000001 0.43499999999999994 0.11000000000000001 0.45 0.12 0.45 0.12 0.43499999999999994
5 0.36625 0.10375000000000001 0.35625 0.10375000000000001 0.35625 0.11625 0.36625 0.11625 0.36625 0.10375000000000001
5 0.69625 0.80625 0.67125 0.80625 0.67125 0.8237500000000001 0.69625 0.8237500000000001 0.69625 0.80625
5 0.79625 0.85 0.7737499999999999 0.85 0.7737499999999999 0.8625 0.79625 0.8625 0.79625 0.85
5 0.85125 0.9225 0.8237500000000001 0.9225 0.8237500000000001 0.9375 0.85125 0.9375 0.85125 0.9225
5 0.7625 0.36875 0.7325 0.36875 0.7325 0.37875000000000003 0.7625 0.37875000000000003 0.7625 0.36875
5 0.44749999999999995 0.4625 0.44000000000000006 0.4625 0.44000000000000006 0.48250000000000004 0.44749999999999995 0.48250000000000004 0.44749999999999995 0.4625
5 0.30625 0.3825 0.29625 0.3825 0.29625 0.3875 0.30625 0.3875 0.30625 0.3825
5 0.12375 0.40374999999999994 0.10625 0.40374999999999994 0.10625 0.41875 0.12375 0.41875 0.12375 0.40374999999999994
5 0.20625 0.91625 0.19375 0.91625 0.19375 0.9337500000000001 0.20625 0.9337500000000001 0.20625 0.91625
5 0.7275 0.73625 0.71 0.73625 0.71 0.7462500000000001 0.7275 0.7462500000000001 0.7275 0.73625
5 0.315 0.97625 0.2925 0.97625 0.2925 0.99125 0.315 0.99125 0.315 0.97625
5 0.48375 0.96 0.45875000000000005 0.96 0.45875000000000005 0.975 0.48375 0.975 0.48375 0.96
5 0.53 0.94375 0.5075000000000001 0.94375 0.5075000000000001 0.95375 0.53 0.95375 0.53 0.94375
5 0.57625 0.86 0.54875 0.86 0.54875 0.875 0.57625 0.875 0.57625 0.86
5 0.6224999999999999 0.85375 0.5974999999999999 0.85375 0.5974999999999999 0.86625 0.6224999999999999 0.86625 0.6224999999999999 0.85375
5 0.80375 0.9425000000000001 0.78125 0.9425000000000001 0.78125 0.9525 0.80375 0.9525 0.80375 0.9425000000000001
5 0.94625 0.16625 0.91875 0.16625 0.91875 0.18625 0.94625 0.18625 0.94625 0.16625
5 0.16125 0.79625 0.14625 0.79625 0.14625 0.8087500000000001 0.16125 0.8087500000000001 0.16125 0.79625
5 0.1675 0.8074999999999999 0.14750000000000002 0.8074999999999999 0.14750000000000002 0.82 0.1675 0.82 0.1675 0.8074999999999999
5 0.35875 0.8 0.33375 0.8 0.33375 0.8125 0.35875 0.8125 0.35875 0.8
5 0.8525 0.255 0.8225 0.255 0.8225 0.265 0.8525 0.265 0.8525 0.255
5 0.63 0.18875 0.6125 0.18875 0.6125 0.19875 0.63 0.19875 0.63 0.18875
5 0.6849999999999999 0.7537499999999999 0.665 0.7537499999999999 0.665 0.76875 0.6849999999999999 0.76875 0.6849999999999999 0.7537499999999999
5 0.37 0.96 0.34249999999999997 0.96 0.34249999999999997 0.9800000000000001 0.37 0.9800000000000001 0.37 0.96
5 0.6925 0.8237500000000001 0.665 0.8237500000000001 0.665 0.83375 0.6925 0.83375 0.6925 0.8237500000000001
5 0.74 0.9375 0.7150000000000001 0.9375 0.7150000000000001 0.95 0.74 0.95 0.74 0.9375
5 0.97875 0.26625 0.95375 0.26625 0.95375 0.28875 0.97875 0.28875 0.97875 0.26625
5 0.13374999999999998 0.43499999999999994 0.12375 0.43499999999999994 0.12375 0.44749999999999995 0.13374999999999998 0.44749999999999995 0.13374999999999998 0.43499999999999994
5 0.64625 0.77125 0.62625 0.77125 0.62625 0.7837500000000001 0.64625 0.7837500000000001 0.64625 0.77125
5 0.33375 0.8775000000000001 0.31375000000000003 0.8775000000000001 0.31375000000000003 0.8875 0.33375 0.8875 0.33375 0.8775000000000001
5 0.53 0.8800000000000001 0.5075000000000001 0.8800000000000001 0.5075000000000001 0.8925000000000001 0.53 0.8925000000000001 0.53 0.8800000000000001
5 0.37 0.31 0.34249999999999997 0.31 0.34249999999999997 0.325 0.37 0.325 0.37 0.31
5 0.22000000000000003 0.41 0.195 0.41 0.195 0.4225 0.22000000000000003 0.4225 0.22000000000000003 0.41
5 0.24500000000000002 0.4 0.23500000000000001 0.4 0.23500000000000001 0.40750000000000003 0.24500000000000002 0.40750000000000003 0.24500000000000002 0.4
5 0.4025 0.42874999999999996 0.395 0.42874999999999996 0.395 0.44625000000000004 0.4025 0.44625000000000004 0.4025 0.42874999999999996
5 0.8862500000000001 0.7325 0.8612500000000001 0.7325 0.8612500000000001 0.75 0.8862500000000001 0.75 0.8862500000000001 0.7325
5 1 0.7537499999999999 0.99125 0.7537499999999999 0.99125 0.77125 1 0.77125 1 0.7537499999999999
5 0.9724999999999999 0.69625 0.9425000000000001 0.69625 0.9425000000000001 0.70875 0.9724999999999999 0.70875 0.9724999999999999 0.69625
5 0.79875 0.27875 0.7787499999999999 0.27875 0.7787499999999999 0.29375 0.79875 0.29375 0.79875 0.27875
5 0.24500000000000002 0.13 0.2325 0.13 0.2325 0.15 0.24500000000000002 0.15 0.24500000000000002 0.13
5 0.49000000000000005 0.7575000000000001 0.46749999999999997 0.7575000000000001 0.46749999999999997 0.7725 0.49000000000000005 0.7725 0.49000000000000005 0.7575000000000001
5 0.5075000000000001 0.9349999999999999 0.475 0.9349999999999999 0.475 0.95 0.5075000000000001 0.95 0.5075000000000001 0.9349999999999999
5 0.4425 0.42000000000000004 0.43 0.42000000000000004 0.43 0.44000000000000006 0.4425 0.44000000000000006 0.4425 0.42000000000000004
5 0.27 0.39125 0.2575 0.39125 0.2575 0.40125 0.27 0.40125 0.27 0.39125
5 0.335 0.27375 0.32 0.27375 0.32 0.29625 0.335 0.29625 0.335 0.27375
5 0.64625 0.31124999999999997 0.63125 0.31124999999999997 0.63125 0.32375 0.64625 0.32375 0.64625 0.31124999999999997
5 0.40875000000000006 0.7837500000000001 0.39125 0.7837500000000001 0.39125 0.79625 0.40875000000000006 0.79625 0.40875000000000006 0.7837500000000001
5 0.5349999999999999 0.63 0.515 0.63 0.515 0.6375 0.5349999999999999 0.6375 0.5349999999999999 0.63
5 0.54 0.635 0.5125 0.635 0.5125 0.6475 0.54 0.6475 0.54 0.635
5 0.66625 0.225 0.6487499999999999 0.225 0.6487499999999999 0.23500000000000001 0.66625 0.23500000000000001 0.66625 0.225
5 0.9925 0.35875 0.9675 0.35875 0.9675 0.37875000000000003 0.9925 0.37875000000000003 0.9925 0.35875
5 0.775 0.925 0.7474999999999999 0.925 0.7474999999999999 0.9425000000000001 0.775 0.9425000000000001 0.775 0.925
5 0.98375 0.22625 0.9637499999999999 0.22625 0.9637499999999999 0.24874999999999997 0.98375 0.24874999999999997 0.98375 0.22625
5 0.56375 0.61 0.54875 0.61 0.54875 0.625 0.56375 0.625 0.56375 0.61
5 0.63125 0.31875 0.60875 0.31875 0.60875 0.33125 0.63125 0.33125 0.63125 0.31875
5 0.76375 0.845 0.74125 0.845 0.74125 0.8574999999999999 0.76375 0.8574999999999999 0.76375 0.845
5 0.60375 0.125 0.58125 0.125 0.58125 0.1375 0.60375 0.1375 0.60375 0.125
5 0.4325 0.40875000000000006 0.4125 0.40875000000000006 0.4125 0.42125 0.4325 0.42125 0.4325 0.40875000000000006
5 0.39 0.09625 0.38 0.09625 0.38 0.11125 0.39 0.11125 0.39 0.09625
5 0.21749999999999997 0.3775 0.2 0.3775 0.2 0.3875 0.21749999999999997 0.3875 0.21749999999999997 0.3775
5 1 0.8949999999999999 0.9800000000000001 0.8949999999999999 0.9800000000000001 0.9175000000000001 1 0.9175000000000001 1 0.8949999999999999
5 0.30874999999999997 0.335 0.29625 0.335 0.29625 0.35 0.30874999999999997 0.35 0.30874999999999997 0.335
5 0.37374999999999997 0.3175 0.35625 0.3175 0.35625 0.32999999999999996 0.37374999999999997 0.32999999999999996 0.37374999999999997 0.3175
5 0.6912499999999999 0.0025 0.68125 0.0025 0.68125 0.015 0.6912499999999999 0.015 0.6912499999999999 0.0025
5 0.18625 0.83625 0.16375 0.83625 0.16375 0.8462500000000001 0.18625 0.8462500000000001 0.18625 0.83625
5 0.74125 0.34125 0.7212500000000001 0.34125 0.7212500000000001 0.35375 0.74125 0.35375 0.74125 0.34125
5 0.74375 0.35 0.7212500000000001 0.35 0.7212500000000001 0.3625 0.74375 0.3625 0.74375 0.35
5 0.3775 0.32875 0.36 0.32875 0.36 0.33875 0.3775 0.33875 0.3775 0.32875
5 0.6637500000000001 0.7474999999999999 0.64125 0.7474999999999999 0.64125 0.7625 0.6637500000000001 0.7625 0.6637500000000001 0.7474999999999999