5 0.8099999999999999 0.37 0.79 0.37 0.79 0.39249999999999996 0.8099999999999999 0.39249999999999996 0.8099999999999999 0.37
5 0.37625000000000003 0.0925 0.35625 0.0925 0.35625 0.11499999999999999 0.37625000000000003 0.11499999999999999 0.37625000000000003 0.0925
5 0.54875 0.027500000000000004 0.5237499999999999 0.027500000000000004 0.5237499999999999 0.0475 0.54875 0.0475 0.54875 0.027500000000000004
5 0.03375 0.585 0.00625 0.585 0.00625 0.6025 0.03375 0.6025 0.03375 0.585
5 0.06 0.155 0.042499999999999996 0.155 0.042499999999999996 0.16999999999999998 0.06 0.16999999999999998 0.06 0.155
5 0.76875 0.09125 0.70125 0.09125 0.70125 0.14625 0.76875 0.14625 0.76875 0.09125
5 0.17375000000000002 0.71375 0.15625 0.71375 0.15625 0.7262500000000001 0.17375000000000002 0.7262500000000001 0.17375000000000002 0.71375
5 0.7575000000000001 0.75625 0.74 0.75625 0.74 0.76875 0.7575000000000001 0.76875 0.7575000000000001 0.75625
5 0.73375 0.71 0.71375 0.71 0.71375 0.73 0.73375 0.73 0.73375 0.71
5 0.7462500000000001 0.725 0.73125 0.725 0.73125 0.7375 0.7462500000000001 0.7375 0.7462500000000001 0.725
5 0.79375 0.7975 0.7737499999999999 0.7975 0.7737499999999999 0.8125 0.79375 0.8125 0.79375 0.7975
5 0.44375 0.15 0.42125 0.15 0.42125 0.175 0.44375 0.175 0.44375 0.15
5 0.82875 0.47000000000000003 0.80625 0.47000000000000003 0.80625 0.49000000000000005 0.82875 0.49000000000000005 0.82875 0.47000000000000003
5 0.83625 0.37875000000000003 0.81375 0.37875000000000003 0.81375 0.39875 0.83625 0.39875 0.83625 0.37875000000000003
5 0.75125 0.3075 0.7262500000000001 0.3075 0.7262500000000001 0.32999999999999996 0.75125 0.32999999999999996 0.75125 0.3075
5 0.89375 0.27125 0.8712500000000001 0.27125 0.8712500000000001 0.28875 0.89375 0.28875 0.89375 0.27125
5 0.92125 0.24500000000000002 0.9012499999999999 0.24500000000000002 0.9012499999999999 0.26 0.92125 0.26 0.92125 0.24500000000000002
5 0.85375 0.26749999999999996 0.83625 0.26749999999999996 0.83625 0.28250000000000003 0.85375 0.28250000000000003 0.85375 0.26749999999999996
5 0.34375 0.39375 0.32125 0.39375 0.32125 0.41125 0.34375 0.41125 0.34375 0.39375
5 0.2325 0.3 0.2125 0.3 0.2125 0.32 0.2325 0.32 0.2325 0.3
5 0.28125 0.70125 0.25875 0.70125 0.25875 0.7162499999999999 0.28125 0.7162499999999999 0.28125 0.70125
5 0.29625 0.6825 0.27875 0.6825 0.27875 0.7025 0.29625 0.7025 0.29625 0.6825
5 0.6212500000000001 0.17875000000000002 0.58125 0.17875000000000002 0.58125 0.20875 0.6212500000000001 0.20875 0.6212500000000001 0.17875000000000002
5 0.215 0.765 0.1925 0.765 0.1925 0.78 0.215 0.78 0.215 0.765
5 0.7875 0.315 0.765 0.315 0.765 0.3375 0.7875 0.3375 0.7875 0.315
5 0.9112500000000001 0.34125 0.88125 0.34125 0.88125 0.36375 0.9112500000000001 0.36375 0.9112500000000001 0.34125
5 0.38625 0.4625 0.36875 0.4625 0.36875 0.47750000000000004 0.38625 0.47750000000000004 0.38625 0.4625
5 0.41125 0.4575 0.39625 0.4575 0.39625 0.47000000000000003 0.41125 0.47000000000000003 0.41125 0.4575
5 0.5725 0.14125000000000001 0.5549999999999999 0.14125000000000001 0.5549999999999999 0.15625 0.5725 0.15625 0.5725 0.14125000000000001
5 0.28125 0.7474999999999999 0.26625 0.7474999999999999 0.26625 0.76 0.28125 0.76 0.28125 0.7474999999999999
5 0.9662499999999999 0.2225 0.9487500000000001 0.2225 0.9487500000000001 0.23500000000000001 0.9662499999999999 0.23500000000000001 0.9662499999999999 0.2225
5 0.3125 0.7212500000000001 0.2975 0.7212500000000001 0.2975 0.73625 0.3125 0.73625 0.3125 0.7212500000000001
5 0.45375 0.89 0.43375 0.89 0.43375 0.905 0.45375 0.905 0.45375 0.89
5 0.026250000000000002 0.16 0.00125 0.16 0.00125 0.18 0.026250000000000002 0.18 0.026250000000000002 0.16
5 0.70625 0.7125 0.68625 0.7125 0.68625 0.735 0.70625 0.735 0.70625 0.7125
5 0.8237500000000001 0.78625 0.80625 0.78625 0.80625 0.80625 0.8237500000000001 0.80625 0.8237500000000001 0.78625
5 0.81375 0.1675 0.79625 0.1675 0.79625 0.185 0.81375 0.185 0.81375 0.1675
5 0.32 0.74375 0.3025 0.74375 0.3025 0.75625 0.32 0.75625 0.32 0.74375
5 0.6675 0.66875 0.6475 0.66875 0.6475 0.68625 0.6675 0.68625 0.6675 0.66875
5 0.5625 0.805 0.55 0.805 0.55 0.8125 0.5625 0.8125 0.5625 0.805
5 0.10124999999999999 0.46624999999999994 0.08375 0.46624999999999994 0.08375 0.47874999999999995 0.10124999999999999 0.47874999999999995 0.10124999999999999 0.46624999999999994
5 0.5525 0.09875 0.5175 0.09875 0.5175 0.13125 0.5525 0.13125 0.5525 0.09875
5 0.69375 0.0225 0.63375 0.0225 0.63375 0.08 0.69375 0.08 0.69375 0.0225
5 0.73125 0.73875 0.7112499999999999 0.73875 0.7112499999999999 0.75625 0.73125 0.75625 0.73125 0.73875
5 0.33875 0.6912499999999999 0.31375000000000003 0.6912499999999999 0.31375000000000003 0.70125 0.33875 0.70125 0.33875 0.6912499999999999
5 0.31 0.755 0.2875 0.755 0.2875 0.77 0.31 0.77 0.31 0.755
5 0.3825 0.7462500000000001 0.365 0.7462500000000001 0.365 0.76375 0.3825 0.76375 0.3825 0.7462500000000001
5 0.075 0.16999999999999998 0.05500000000000001 0.16999999999999998 0.05500000000000001 0.1825 0.075 0.1825 0.075 0.16999999999999998
5 0.29375 0.795 0.27625 0.795 0.27625 0.8074999999999999 0.29375 0.8074999999999999 0.29375 0.795
5 0.425 0.8875 0.40499999999999997 0.8875 0.40499999999999997 0.905 0.425 0.905 0.425 0.8875
5 0.4375 0.49874999999999997 0.41500000000000004 0.49874999999999997 0.41500000000000004 0.51875 0.4375 0.51875 0.4375 0.49874999999999997
5 0.11000000000000001 0.6537499999999999 0.08499999999999999 0.6537499999999999 0.08499999999999999 0.66875 0.11000000000000001 0.66875 0.11000000000000001 0.6537499999999999
5 0.145 0.2225 0.12250000000000001 0.2225 0.12250000000000001 0.24 0.145 0.24 0.145 0.2225
5 0.77625 0.8012499999999999 0.75875 0.8012499999999999 0.75875 0.8162499999999999 0.77625 0.8162499999999999 0.77625 0.8012499999999999
5 0.79 0.81125 0.775 0.81125 0.775 0.82875 0.79 0.82875 0.79 0.81125
5 0.36375 0.71875 0.34125 0.71875 0.34125 0.73125 0.36375 0.73125 0.36375 0.71875
5 0.38125 0.73125 0.36124999999999996 0.73125 0.36124999999999996 0.74375 0.38125 0.74375 0.38125 0.73125
5 0.30375 0.7224999999999999 0.28875 0.7224999999999999 0.28875 0.74 0.30375 0.74 0.30375 0.7224999999999999
5 0.04875 0.13874999999999998 0.021249999999999998 0.13874999999999998 0.021249999999999998 0.16125 0.04875 0.16125 0.04875 0.13874999999999998
5 0.4575 0.07125000000000001 0.4325 0.07125000000000001 0.4325 0.08875 0.4575 0.08875 0.4575 0.07125000000000001
5 0.51875 0.5375 0.49874999999999997 0.5375 0.49874999999999997 0.5549999999999999 0.51875 0.5549999999999999 0.51875 0.5375
5 0.68625 0.72875 0.66875 0.72875 0.66875 0.74375 0.68625 0.74375 0.68625 0.72875
5 0.81875 0.8025 0.79375 0.8025 0.79375 0.82 0.81875 0.82 0.81875 0.8025
5 0.8400000000000001 0.8025 0.82 0.8025 0.82 0.8175000000000001 0.8400000000000001 0.8175000000000001 0.8400000000000001 0.8025
5 0.6575 0.1975 0.6325000000000001 0.1975 0.6325000000000001 0.22000000000000003 0.6575 0.22000000000000003 0.6575 0.1975
5 0.53125 0.21625 0.50875 0.21625 0.50875 0.23625 0.53125 0.23625 0.53125 0.21625
5 0.36375 0.745 0.34375 0.745 0.34375 0.76 0.36375 0.76 0.36375 0.745
5 0.545 0.58375 0.525 0.58375 0.525 0.60375 0.545 0.60375 0.545 0.58375
5 0.78625 0.75625 0.76875 0.75625 0.76875 0.77125 0.78625 0.77125 0.78625 0.75625
5 0.9425000000000001 0.08125 0.93 0.08125 0.93 0.10375000000000001 0.9425000000000001 0.10375000000000001 0.9425000000000001 0.08125
5 0.2575 0.7175 0.2375 0.7175 0.2375 0.7375 0.2575 0.7375 0.2575 0.7175
5 0.34249999999999997 0.69625 0.32 0.69625 0.32 0.7112499999999999 0.34249999999999997 0.7112499999999999 0.34249999999999997 0.69625
5 0.24 0.7474999999999999 0.215 0.7474999999999999 0.215 0.7625 0.24 0.7625 0.24 0.7474999999999999
5 0.37875000000000003 0.48 0.35875 0.48 0.35875 0.4925 0.37875000000000003 0.4925 0.37875000000000003 0.48
5 0.25625 0.805 0.24375 0.805 0.24375 0.8150000000000001 0.25625 0.8150000000000001 0.25625 0.805
5 0.265 0.7737499999999999 0.2475 0.7737499999999999 0.2475 0.7887500000000001 0.265 0.7887500000000001 0.265 0.7737499999999999
5 0.30375 0.65625 0.28125 0.65625 0.28125 0.67125 0.30375 0.67125 0.30375 0.65625
5 0.3775 0.7537499999999999 0.3525 0.7537499999999999 0.3525 0.77125 0.3775 0.77125 0.3775 0.7537499999999999
5 0.31 0.3975 0.2875 0.3975 0.2875 0.41500000000000004 0.31 0.41500000000000004 0.31 0.3975
5 0.98375 0.275 0.92125 0.275 0.92125 0.3175 0.98375 0.3175 0.98375 0.275
5 0.28125 0.7887500000000001 0.26375000000000004 0.7887500000000001 0.26375000000000004 0.8012499999999999 0.28125 0.8012499999999999 0.28125 0.7887500000000001
5 0.9037499999999999 0.43 0.86875 0.43 0.86875 0.4625 0.9037499999999999 0.4625 0.9037499999999999 0.43
5 0.3775 0.425 0.35750000000000004 0.425 0.35750000000000004 0.4425 0.3775 0.4425 0.3775 0.425
5 0.645 0.6912499999999999 0.6275000000000001 0.6912499999999999 0.6275000000000001 0.7112499999999999 0.645 0.7112499999999999 0.645 0.6912499999999999
5 0.53 0.6012500000000001 0.5125 0.6012500000000001 0.5125 0.61375 0.53 0.61375 0.53 0.6012500000000001
5 0.12250000000000001 0.20375000000000001 0.1 0.20375000000000001 0.1 0.22625 0.12250000000000001 0.22625 0.12250000000000001 0.20375000000000001
5 0.12125 0.665 0.09875 0.665 0.09875 0.6875 0.12125 0.6875 0.12125 0.665
5 0.27125 0.7825 0.25625 0.7825 0.25625 0.8 0.27125 0.8 0.27125 0.7825
5 0.71875 0.38375 0.69875 0.38375 0.69875 0.40625 0.71875 0.40625 0.71875 0.38375
5 0.6799999999999999 0.12125 0.6625 0.12125 0.6625 0.14375 0.6799999999999999 0.14375 0.6799999999999999 0.12125
5 0.57375 0.5925 0.55125 0.5925 0.55125 0.6125 0.57375 0.6125 0.57375 0.5925
5 0.28375 0.6900000000000001 0.27125 0.6900000000000001 0.27125 0.7075 0.28375 0.7075 0.28375 0.6900000000000001
5 0.37374999999999997 0.725 0.34875 0.725 0.34875 0.7375 0.37374999999999997 0.7375 0.37374999999999997 0.725
5 0.14125000000000001 0.7775000000000001 0.11625 0.7775000000000001 0.11625 0.7925 0.14125000000000001 0.7925 0.14125000000000001 0.7775000000000001
5 0.63125 0.625 0.61125 0.625 0.61125 0.6425 0.63125 0.6425 0.63125 0.625
5 0.325 0.68625 0.3075 0.68625 0.3075 0.69875 0.325 0.69875 0.325 0.68625
5 0.32999999999999996 0.73375 0.305 0.73375 0.305 0.74875 0.32999999999999996 0.74875 0.32999999999999996 0.73375
5 0.2225 0.73375 0.205 0.73375 0.205 0.75125 0.2225 0.75125 0.2225 0.73375
5 0.36375 0.46375 0.34625 0.46375 0.34625 0.48375 0.36375 0.48375 0.36375 0.46375
5 0.9487500000000001 0.355 0.92125 0.355 0.92125 0.3775 0.9487500000000001 0.3775 0.9487500000000001 0.355
5 0.31625000000000003 0.67125 0.29625 0.67125 0.29625 0.68875 0.31625000000000003 0.68875 0.31625000000000003 0.67125
5 0.26625 0.68625 0.24874999999999997 0.68625 0.24874999999999997 0.70375 0.26625 0.70375 0.26625 0.68625
5 0.7837500000000001 0.215 0.76375 0.215 0.76375 0.23500000000000001 0.7837500000000001 0.23500000000000001 0.7837500000000001 0.215
5 0.45499999999999996 0.865 0.43499999999999994 0.865 0.43499999999999994 0.8800000000000001 0.45499999999999996 0.8800000000000001 0.45499999999999996 0.865
5 0.5075000000000001 0.5625 0.4925 0.5625 0.4925 0.5775 0.5075000000000001 0.5775 0.5075000000000001 0.5625
5 0.47375 0.55625 0.45375 0.55625 0.45375 0.56875 0.47375 0.56875 0.47375 0.55625
5 0 0.54625 0.02 0.54625 0.02 0.5287499999999999 0 0.5287499999999999 0 0.54625
5 0.03875 0.52625 0.021249999999999998 0.52625 0.021249999999999998 0.54125 0.03875 0.54125 0.03875 0.52625
5 0.76125 0.73625 0.74375 0.73625 0.74375 0.75125 0.76125 0.75125 0.76125 0.73625
5 0.29375 0.74125 0.27375 0.74125 0.27375 0.75625 0.29375 0.75625 0.29375 0.74125
5 0.68875 0.69875 0.66625 0.69875 0.66625 0.71375 0.68875 0.71375 0.68875 0.69875
5 0.8862500000000001 0.89125 0.8712500000000001 0.89125 0.8712500000000001 0.9087500000000001 0.8862500000000001 0.9087500000000001 0.8862500000000001 0.89125
5 0.0225 0.515 0.0025 0.515 0.0025 0.5275000000000001 0.0225 0.5275000000000001 0.0225 0.515
5 0.6825 0.67125 0.6675 0.67125 0.6675 0.6912499999999999 0.6825 0.6912499999999999 0.6825 0.67125
5 0.355 0.7125 0.3375 0.7125 0.3375 0.725 0.355 0.725 0.355 0.7125
5 0.32625000000000004 0.7125 0.30625 0.7125 0.30625 0.7275 0.32625000000000004 0.7275 0.32625000000000004 0.7125
5 0.605 0.7474999999999999 0.5825 0.7474999999999999 0.5825 0.7675 0.605 0.7675 0.605 0.7474999999999999
5 0.5425 0.79625 0.5225 0.79625 0.5225 0.81375 0.5425 0.81375 0.5425 0.79625
5 0.9800000000000001 0.905 0.9650000000000001 0.905 0.9650000000000001 0.9199999999999999 0.9800000000000001 0.9199999999999999 0.9800000000000001 0.905
5 0.028749999999999998 0.12625 0.00625 0.12625 0.00625 0.14125000000000001 0.028749999999999998 0.14125000000000001 0.028749999999999998 0.12625
5 0.945 0.44875 0.915 0.44875 0.915 0.47625 0.945 0.47625 0.945 0.44875
5 0.30375 0.68125 0.29125 0.68125 0.29125 0.69625 0.30375 0.69625 0.30375 0.68125
5 0.52 0.1125 0.505 0.1125 0.505 0.1325 0.52 0.1325 0.52 0.1125
5 0.08 0.21749999999999997 0.065 0.21749999999999997 0.065 0.2325 0.08 0.2325 0.08 0.21749999999999997
5 0.33625 0.78 0.31875 0.78 0.31875 0.7925 0.33625 0.7925 0.33625 0.78
5 0.6487499999999999 0.63875 0.62375 0.63875 0.62375 0.6587500000000001 0.6487499999999999 0.6587500000000001 0.6487499999999999 0.63875
5 0.21125 0.28500000000000003 0.19375 0.28500000000000003 0.19375 0.2975 0.21125 0.2975 0.21125 0.28500000000000003
5 0.9099999999999999 0.85875 0.89 0.85875 0.89 0.87625 0.9099999999999999 0.87625 0.9099999999999999 0.85875
5 0.1125 0.47000000000000003 0.095 0.47000000000000003 0.095 0.485 0.1125 0.485 0.1125 0.47000000000000003
5 0.6125 0.61375 0.6 0.61375 0.6 0.63375 0.6125 0.63375 0.6125 0.61375
5 0.6325000000000001 0.67875 0.6125 0.67875 0.6125 0.70375 0.6325000000000001 0.70375 0.6325000000000001 0.67875
5 0.02 0.865 0.0025 0.865 0.0025 0.8775000000000001 0.02 0.8775000000000001 0.02 0.865
5 0.9112500000000001 0.12875 0.89375 0.12875 0.89375 0.14875 0.9112500000000001 0.14875 0.9112500000000001 0.12875
5 0.19 0.29 0.175 0.29 0.175 0.305 0.19 0.305 0.19 0.29
5 0.175 0.7262500000000001 0.155 0.7262500000000001 0.155 0.74125 0.175 0.74125 0.175 0.7262500000000001
5 0.05500000000000001 0.50875 0.0325 0.50875 0.0325 0.52625 0.05500000000000001 0.52625 0.05500000000000001 0.50875
5 0.3 0.73375 0.275 0.73375 0.275 0.75125 0.3 0.75125 0.3 0.73375
5 0.24625 0.7525000000000001 0.22374999999999998 0.7525000000000001 0.22374999999999998 0.765 0.24625 0.765 0.24625 0.7525000000000001
5 0.21375000000000002 0 0.21375000000000002 0.03 0.26125 0.03 0.26125 0 0.21375000000000002 0
5 0.8087500000000001 0.44125 0.76875 0.44125 0.76875 0.46624999999999994 0.8087500000000001 0.46624999999999994 0.8087500000000001 0.44125
5 0.42625 0.028749999999999998 0.40125 0.028749999999999998 0.40125 0.04875 0.42625 0.04875 0.42625 0.028749999999999998
5 0.80375 0.43125 0.78625 0.43125 0.78625 0.44375 0.80375 0.44375 0.80375 0.43125
5 0.18125 0.25375000000000003 0.16125 0.25375000000000003 0.16125 0.27375 0.18125 0.27375 0.18125 0.25375000000000003
5 0.58125 0.64 0.56375 0.64 0.56375 0.6575 0.58125 0.6575 0.58125 0.64
5 0.6212500000000001 0.09875 0.5862499999999999 0.09875 0.5862499999999999 0.12875 0.6212500000000001 0.12875 0.6212500000000001 0.09875
5 0.24 0.7175 0.22000000000000003 0.7175 0.22000000000000003 0.7375 0.24 0.7375 0.24 0.7175
5 0.2525 0.7025 0.2325 0.7025 0.2325 0.7175 0.2525 0.7175 0.2525 0.7025
5 0.85875 0.375 0.83625 0.375 0.83625 0.4 0.85875 0.4 0.85875 0.375
5 1 0.89375 0.9775 0.89375 0.9775 0.9112500000000001 1 0.9112500000000001 1 0.89375
5 0.2325 0.32625000000000004 0.215 0.32625000000000004 0.215 0.33875 0.2325 0.33875 0.2325 0.32625000000000004
5 0.3075 0.36875 0.29 0.36875 0.29 0.38125 0.3075 0.38125 0.3075 0.36875
5 0.04625 0.8487500000000001 0.02375 0.8487500000000001 0.02375 0.8637499999999999 0.04625 0.8637499999999999 0.04625 0.8487500000000001
5 0.06999999999999999 0.8324999999999999 0.05500000000000001 0.8324999999999999 0.05500000000000001 0.85 0.06999999999999999 0.85 0.06999999999999999 0.8324999999999999
5 0.495 0.52125 0.48 0.52125 0.48 0.54125 0.495 0.54125 0.495 0.52125
5 0.8125 0.82875 0.795 0.82875 0.795 0.8487500000000001 0.8125 0.8487500000000001 0.8125 0.82875
5 0.03875 0.6375 0.021249999999999998 0.6375 0.021249999999999998 0.655 0.03875 0.655 0.03875 0.6375
5 0.10500000000000001 0.19624999999999998 0.0875 0.19624999999999998 0.0875 0.20875 0.10500000000000001 0.20875 0.10500000000000001 0.19624999999999998
5 0.28500000000000003 0.6725 0.26749999999999996 0.6725 0.26749999999999996 0.6875 0.28500000000000003 0.6875 0.28500000000000003 0.6725
5 0.80625 0.7725 0.78625 0.7725 0.78625 0.7925 0.80625 0.7925 0.80625 0.7725
5 0.255 0.76 0.2325 0.76 0.2325 0.775 0.255 0.775 0.255 0.76
5 0.25875 0.76875 0.24125000000000002 0.76875 0.24125000000000002 0.78125 0.25875 0.78125 0.25875 0.76875
5 0.095 0.8099999999999999 0.075 0.8099999999999999 0.075 0.8275 0.095 0.8275 0.095 0.8099999999999999
5 0.34875 0.7737499999999999 0.32875 0.7737499999999999 0.32875 0.7887500000000001 0.34875 0.7887500000000001 0.34875 0.7737499999999999
5 0.6625 0.7025 0.645 0.7025 0.645 0.72 0.6625 0.72 0.6625 0.7025
5 0.6675 0.65625 0.6475 0.65625 0.6475 0.67625 0.6675 0.67625 0.6675 0.65625
5 0.08875 0.18125 0.07125000000000001 0.18125 0.07125000000000001 0.19624999999999998 0.08875 0.19624999999999998 0.08875 0.18125
5 0.10375000000000001 0.8099999999999999 0.08375 0.8099999999999999 0.08375 0.8225 0.10375000000000001 0.8225 0.10375000000000001 0.8099999999999999
5 0.07375000000000001 0.19624999999999998 0.05625 0.19624999999999998 0.05625 0.21375000000000002 0.07375000000000001 0.21375000000000002 0.07375000000000001 0.19624999999999998
5 0.13125 0.7887500000000001 0.11125 0.7887500000000001 0.11125 0.8012499999999999 0.13125 0.8012499999999999 0.13125 0.7887500000000001
5 0.30874999999999997 0.69875 0.28875 0.69875 0.28875 0.71375 0.30874999999999997 0.71375 0.30874999999999997 0.69875
5 0.22000000000000003 0.725 0.1975 0.725 0.1975 0.7424999999999999 0.22000000000000003 0.7424999999999999 0.22000000000000003 0.725
5 0.49749999999999994 0.84375 0.48250000000000004 0.84375 0.48250000000000004 0.85625 0.49749999999999994 0.85625 0.49749999999999994 0.84375
5 0.43 0.4725 0.4125 0.4725 0.4125 0.4875 0.43 0.4875 0.43 0.4725
5 0.33625 0.7625 0.31625000000000003 0.7625 0.31625000000000003 0.775 0.33625 0.775 0.33625 0.7625
5 0.12125 0.23875000000000002 0.09875 0.23875000000000002 0.09875 0.25875 0.12125 0.25875 0.12125 0.23875000000000002
5 0.5475 0.56375 0.53 0.56375 0.53 0.57875 0.5475 0.57875 0.5475 0.56375
5 0.6012500000000001 0.63625 0.57875 0.63625 0.57875 0.6537499999999999 0.6012500000000001 0.6537499999999999 0.6012500000000001 0.63625
5 0.061250000000000006 0.655 0.041249999999999995 0.655 0.041249999999999995 0.6725 0.061250000000000006 0.6725 0.061250000000000006 0.655
5 0.9862500000000001 0.20375000000000001 0.9737500000000001 0.20375000000000001 0.9737500000000001 0.21875 0.9862500000000001 0.21875 0.9862500000000001 0.20375000000000001
5 0.27999999999999997 0.7 0.2625 0.7 0.2625 0.72 0.27999999999999997 0.72 0.27999999999999997 0.7
5 0.25 0 0.25 0.02 0.28250000000000003 0.02 0.28250000000000003 0 0.25 0
5 0.32999999999999996 0.78625 0.31 0.78625 0.31 0.8012499999999999 0.32999999999999996 0.8012499999999999 0.32999999999999996 0.78625
5 0.5875 0.76375 0.5650000000000001 0.76375 0.5650000000000001 0.7787499999999999 0.5875 0.7787499999999999 0.5875 0.76375
5 0.3125 0.425 0.29500000000000004 0.425 0.29500000000000004 0.44000000000000006 0.3125 0.44000000000000006 0.3125 0.425
5 0.34625 0.705 0.33125 0.705 0.33125 0.72 0.34625 0.72 0.34625 0.705
5 0.7275 0.37124999999999997 0.7075 0.37124999999999997 0.7075 0.39125 0.7275 0.39125 0.7275 0.37124999999999997
5 0.35875 0.7675 0.33625 0.7675 0.33625 0.78 0.35875 0.78 0.35875 0.7675
5 0.51 0.8400000000000001 0.495 0.8400000000000001 0.495 0.86 0.51 0.86 0.51 0.8400000000000001
5 0.7162499999999999 0.69875 0.69875 0.69875 0.69875 0.71375 0.7162499999999999 0.71375 0.7162499999999999 0.69875
5 0.92875 0.875 0.90625 0.875 0.90625 0.8925000000000001 0.92875 0.8925000000000001 0.92875 0.875
5 0.2625 0.7112499999999999 0.24500000000000002 0.7112499999999999 0.24500000000000002 0.73125 0.2625 0.73125 0.2625 0.7112499999999999
5 0.31375000000000003 0.7474999999999999 0.29375 0.7474999999999999 0.29375 0.76 0.31375000000000003 0.76 0.31375000000000003 0.7474999999999999
5 0.85625 0.8175000000000001 0.8412499999999999 0.8175000000000001 0.8412499999999999 0.8300000000000001 0.85625 0.8300000000000001 0.85625 0.8175000000000001