5 0.275 0.1375 0.26 0.1375 0.26 0.1525 0.275 0.1525 0.275 0.1375
5 0.20625 0.095 0.18875 0.095 0.18875 0.1075 0.20625 0.1075 0.20625 0.095
5 0.18375 0.06999999999999999 0.15375 0.06999999999999999 0.15375 0.0925 0.18375 0.0925 0.18375 0.06999999999999999
5 0.10874999999999999 0.0125 0.08875 0.0125 0.08875 0.03 0.10874999999999999 0.03 0.10874999999999999 0.0125
5 0.2625 0.0125 0.2475 0.0125 0.2475 0.03 0.2625 0.03 0.2625 0.0125
5 0.26875 0.01875 0.25375000000000003 0.01875 0.25375000000000003 0.03625 0.26875 0.03625 0.26875 0.01875
5 0.3225 0.0625 0.305 0.0625 0.305 0.0775 0.3225 0.0775 0.3225 0.0625
5 0.27625 0.028749999999999998 0.26125 0.028749999999999998 0.26125 0.041249999999999995 0.27625 0.041249999999999995 0.27625 0.028749999999999998
5 0.12250000000000001 0.1825 0.1025 0.1825 0.1025 0.2 0.12250000000000001 0.2 0.12250000000000001 0.1825
5 0.21875 0.27 0.19375 0.27 0.19375 0.29 0.21875 0.29 0.21875 0.27
5 0.29874999999999996 0.28250000000000003 0.28125 0.28250000000000003 0.28125 0.3 0.29874999999999996 0.3 0.29874999999999996 0.28250000000000003
5 0.5337500000000001 0.4375 0.50625 0.4375 0.50625 0.45999999999999996 0.5337500000000001 0.45999999999999996 0.5337500000000001 0.4375
5 0.665 0.51625 0.645 0.51625 0.645 0.53125 0.665 0.53125 0.665 0.51625
5 0.8412499999999999 0.6275000000000001 0.8237500000000001 0.6275000000000001 0.8237500000000001 0.64 0.8412499999999999 0.64 0.8412499999999999 0.6275000000000001
5 0.9412499999999999 0.57125 0.91875 0.57125 0.91875 0.5862499999999999 0.9412499999999999 0.5862499999999999 0.9412499999999999 0.57125
5 0.99875 0.62375 0.97875 0.62375 0.97875 0.63375 0.99875 0.63375 0.99875 0.62375
5 0.8862500000000001 1 0.8862500000000001 0.98375 0.86625 0.98375 0.86625 1 0.8862500000000001 1
5 0.8787499999999999 0.9800000000000001 0.85625 0.9800000000000001 0.85625 0.9974999999999999 0.8787499999999999 0.9974999999999999 0.8787499999999999 0.9800000000000001
5 0.9099999999999999 0.5974999999999999 0.8925000000000001 0.5974999999999999 0.8925000000000001 0.6125 0.9099999999999999 0.6125 0.9099999999999999 0.5974999999999999
5 0.8925000000000001 0.5825 0.875 0.5825 0.875 0.595 0.8925000000000001 0.595 0.8925000000000001 0.5825
5 0.8862500000000001 0.645 0.86875 0.645 0.86875 0.6599999999999999 0.8862500000000001 0.6599999999999999 0.8862500000000001 0.645
5 0.9425000000000001 0.64625 0.925 0.64625 0.925 0.66125 0.9425000000000001 0.66125 0.9425000000000001 0.64625
5 0.9625 0.6475 0.9475 0.6475 0.9475 0.6575 0.9625 0.6575 0.9625 0.6475
5 0.96 0.63875 0.9425000000000001 0.63875 0.9425000000000001 0.6487499999999999 0.96 0.6487499999999999 0.96 0.63875
5 0.9487500000000001 0.63125 0.9337500000000001 0.63125 0.9337500000000001 0.64375 0.9487500000000001 0.64375 0.9487500000000001 0.63125
5 0.9375 0.625 0.925 0.625 0.925 0.635 0.9375 0.635 0.9375 0.625
5 0.93125 0.6174999999999999 0.91625 0.6174999999999999 0.91625 0.6275000000000001 0.93125 0.6275000000000001 0.93125 0.6174999999999999
5 0.9574999999999999 0.8712500000000001 0.9400000000000001 0.8712500000000001 0.9400000000000001 0.8862500000000001 0.9574999999999999 0.8862500000000001 0.9574999999999999 0.8712500000000001
5 0.8724999999999999 0.9737500000000001 0.8474999999999999 0.9737500000000001 0.8474999999999999 0.99125 0.8724999999999999 0.99125 0.8724999999999999 0.9737500000000001
5 0.8612500000000001 0.9650000000000001 0.8387499999999999 0.9650000000000001 0.8387499999999999 0.985 0.8612500000000001 0.985 0.8612500000000001 0.9650000000000001
5 0.9662499999999999 1 0.9662499999999999 0.9875 0.94375 0.9875 0.94375 1 0.9662499999999999 1
5 0.058750000000000004 0.45499999999999996 0.04375 0.45499999999999996 0.04375 0.47000000000000003 0.058750000000000004 0.47000000000000003 0.058750000000000004 0.45499999999999996
5 0.0625 0.495 0.045 0.495 0.045 0.51 0.0625 0.51 0.0625 0.495
5 0.22125 0.37374999999999997 0.20375000000000001 0.37374999999999997 0.20375000000000001 0.38625 0.22125 0.38625 0.22125 0.37374999999999997
5 0.41875 0.9574999999999999 0.39625 0.9574999999999999 0.39625 0.985 0.41875 0.985 0.41875 0.9574999999999999
5 0.9925 0.8975 0.97 0.8975 0.97 0.9175000000000001 0.9925 0.9175000000000001 0.9925 0.8975
5 0.7162499999999999 0.9550000000000001 0.69875 0.9550000000000001 0.69875 0.9724999999999999 0.7162499999999999 0.9724999999999999 0.7162499999999999 0.9550000000000001
5 0.8474999999999999 0.78125 0.8300000000000001 0.78125 0.8300000000000001 0.79625 0.8474999999999999 0.79625 0.8474999999999999 0.78125
5 0.2875 0.28250000000000003 0.265 0.28250000000000003 0.265 0.29500000000000004 0.2875 0.29500000000000004 0.2875 0.28250000000000003
5 0.08125 0.44125 0.06375 0.44125 0.06375 0.45375 0.08125 0.45375 0.08125 0.44125
5 0.97625 0.8925000000000001 0.94625 0.8925000000000001 0.94625 0.915 0.97625 0.915 0.97625 0.8925000000000001
5 1 0.8387499999999999 0.99125 0.8387499999999999 0.99125 0.8487500000000001 1 0.8487500000000001 1 0.8387499999999999
5 0.70125 0.6575 0.6837500000000001 0.6575 0.6837500000000001 0.6799999999999999 0.70125 0.6799999999999999 0.70125 0.6575
5 0.4375 0.9775 0.42000000000000004 0.9775 0.42000000000000004 0.9925 0.4375 0.9925 0.4375 0.9775
5 0.5025000000000001 0.9650000000000001 0.485 0.9650000000000001 0.485 0.9800000000000001 0.5025000000000001 0.9800000000000001 0.5025000000000001 0.9650000000000001
5 0.615 0.15125 0.5925 0.15125 0.5925 0.17375000000000002 0.615 0.17375000000000002 0.615 0.15125
5 0.44375 0.465 0.42125 0.465 0.42125 0.47750000000000004 0.44375 0.47750000000000004 0.44375 0.465
5 0.42874999999999996 0.0075 0.41125 0.0075 0.41125 0.025 0.42874999999999996 0.025 0.42874999999999996 0.0075
5 0.03 0.10874999999999999 0.01 0.10874999999999999 0.01 0.12125 0.03 0.12125 0.03 0.10874999999999999
5 0.2475 0.28250000000000003 0.225 0.28250000000000003 0.225 0.3025 0.2475 0.3025 0.2475 0.28250000000000003
5 0.575 0.5725 0.5549999999999999 0.5725 0.5549999999999999 0.5825 0.575 0.5825 0.575 0.5725
5 0.88125 0.8074999999999999 0.85875 0.8074999999999999 0.85875 0.825 0.88125 0.825 0.88125 0.8074999999999999
5 0.985 0.76375 0.9650000000000001 0.76375 0.9650000000000001 0.78125 0.985 0.78125 0.985 0.76375
5 0.7537499999999999 0.9375 0.73625 0.9375 0.73625 0.95 0.7537499999999999 0.95 0.7537499999999999 0.9375
5 0.66875 0.34750000000000003 0.65125 0.34750000000000003 0.65125 0.3625 0.66875 0.3625 0.66875 0.34750000000000003
5 0.5375 0.09125 0.525 0.09125 0.525 0.10375000000000001 0.5375 0.10375000000000001 0.5375 0.09125
5 0.5925 0.1275 0.58 0.1275 0.58 0.14250000000000002 0.5925 0.14250000000000002 0.5925 0.1275
5 0.08875 0.68125 0.07375000000000001 0.68125 0.07375000000000001 0.69375 0.08875 0.69375 0.08875 0.68125
5 0.14250000000000002 0.20125 0.12250000000000001 0.20125 0.12250000000000001 0.21375000000000002 0.14250000000000002 0.21375000000000002 0.14250000000000002 0.20125
5 0.97 0.8324999999999999 0.9400000000000001 0.8324999999999999 0.9400000000000001 0.8525 0.97 0.8525 0.97 0.8324999999999999
5 0.93875 0.8550000000000001 0.91625 0.8550000000000001 0.91625 0.8699999999999999 0.93875 0.8699999999999999 0.93875 0.8550000000000001
5 0.9375 0.79875 0.9175000000000001 0.79875 0.9175000000000001 0.81375 0.9375 0.81375 0.9375 0.79875
5 0.6025 0.76 0.58 0.76 0.58 0.77 0.6025 0.77 0.6025 0.76
5 0.78125 0.9125 0.75875 0.9125 0.75875 0.9275 0.78125 0.9275 0.78125 0.9125
5 0.4175 0.8612500000000001 0.395 0.8612500000000001 0.395 0.87625 0.4175 0.87625 0.4175 0.8612500000000001
5 0.43875000000000003 0.18 0.41624999999999995 0.18 0.41624999999999995 0.1975 0.43875000000000003 0.1975 0.43875000000000003 0.18
5 0.2875 0.16499999999999998 0.265 0.16499999999999998 0.265 0.185 0.2875 0.185 0.2875 0.16499999999999998
5 0.7462500000000001 0.2925 0.7262500000000001 0.2925 0.7262500000000001 0.3075 0.7462500000000001 0.3075 0.7462500000000001 0.2925
5 0.35 0.145 0.3375 0.145 0.3375 0.16 0.35 0.16 0.35 0.145
5 0.765 0.91875 0.745 0.91875 0.745 0.93625 0.765 0.93625 0.765 0.91875
5 0.87625 0.63875 0.85625 0.63875 0.85625 0.6587500000000001 0.87625 0.6587500000000001 0.87625 0.63875
5 0.52125 0.77625 0.49874999999999997 0.77625 0.49874999999999997 0.79125 0.52125 0.79125 0.52125 0.77625
5 0.3975 0.87375 0.3825 0.87375 0.3825 0.89375 0.3975 0.89375 0.3975 0.87375
5 0.7150000000000001 0.48875 0.6950000000000001 0.48875 0.6950000000000001 0.50125 0.7150000000000001 0.50125 0.7150000000000001 0.48875
5 0.79625 0.44749999999999995 0.77625 0.44749999999999995 0.77625 0.465 0.79625 0.465 0.79625 0.44749999999999995
5 0.42125 0.4425 0.40374999999999994 0.4425 0.40374999999999994 0.4575 0.42125 0.4575 0.42125 0.4425
5 0.19875 0.12875 0.18125 0.12875 0.18125 0.14125000000000001 0.19875 0.14125000000000001 0.19875 0.12875
5 0.76875 0.9025000000000001 0.74375 0.9025000000000001 0.74375 0.915 0.76875 0.915 0.76875 0.9025000000000001
5 0.6875 0.915 0.67 0.915 0.67 0.925 0.6875 0.925 0.6875 0.915
5 0.34500000000000003 0.2475 0.335 0.2475 0.335 0.26 0.34500000000000003 0.26 0.34500000000000003 0.2475
5 0.0675 0.45125000000000004 0.052500000000000005 0.45125000000000004 0.052500000000000005 0.46125 0.0675 0.46125 0.0675 0.45125000000000004
5 0.6487499999999999 0.33375 0.63375 0.33375 0.63375 0.34625 0.6487499999999999 0.34625 0.6487499999999999 0.33375
5 0.8712500000000001 0.6900000000000001 0.8612500000000001 0.6900000000000001 0.8612500000000001 0.7025 0.8712500000000001 0.7025 0.8712500000000001 0.6900000000000001
5 0.6487499999999999 0.8800000000000001 0.63625 0.8800000000000001 0.63625 0.8925000000000001 0.6487499999999999 0.8925000000000001 0.6487499999999999 0.8800000000000001
5 0.7162499999999999 0.9175000000000001 0.69875 0.9175000000000001 0.69875 0.9324999999999999 0.7162499999999999 0.9324999999999999 0.7162499999999999 0.9175000000000001
5 0.3725 0.91625 0.3525 0.91625 0.3525 0.93875 0.3725 0.93875 0.3725 0.91625
5 0.575 0.1325 0.5575 0.1325 0.5575 0.14750000000000002 0.575 0.14750000000000002 0.575 0.1325
5 0.67625 0.35875 0.66125 0.35875 0.66125 0.37124999999999997 0.67625 0.37124999999999997 0.67625 0.35875
5 0.57375 0.26375000000000004 0.55125 0.26375000000000004 0.55125 0.27875 0.57375 0.27875 0.57375 0.26375000000000004
5 0.36124999999999996 0.26625 0.34125 0.26625 0.34125 0.28125 0.36124999999999996 0.28125 0.36124999999999996 0.26625
5 0.18375 0.40625 0.16875 0.40625 0.16875 0.41624999999999995 0.18375 0.41624999999999995 0.18375 0.40625
5 0.06 0.0125 0.04 0.0125 0.04 0.027500000000000004 0.06 0.027500000000000004 0.06 0.0125
5 0.72375 0.86625 0.70125 0.86625 0.70125 0.8787499999999999 0.72375 0.8787499999999999 0.72375 0.86625
5 0.7075 0.89625 0.6950000000000001 0.89625 0.6950000000000001 0.9087500000000001 0.7075 0.9087500000000001 0.7075 0.89625
5 0.65 0.91625 0.63 0.91625 0.63 0.9412499999999999 0.65 0.9412499999999999 0.65 0.91625
5 0.72875 0.9262499999999999 0.70375 0.9262499999999999 0.70375 0.9412499999999999 0.72875 0.9412499999999999 0.72875 0.9262499999999999
5 0.825 0.8862500000000001 0.8025 0.8862500000000001 0.8025 0.9012499999999999 0.825 0.9012499999999999 0.825 0.8862500000000001
5 0.9574999999999999 0.585 0.9400000000000001 0.585 0.9400000000000001 0.6 0.9574999999999999 0.6 0.9574999999999999 0.585
5 0.66125 0.34249999999999997 0.64375 0.34249999999999997 0.64375 0.355 0.66125 0.355 0.66125 0.34249999999999997
5 0.6912499999999999 0.3675 0.66875 0.3675 0.66875 0.38 0.6912499999999999 0.38 0.6912499999999999 0.3675
5 0.22999999999999998 0.32375 0.2125 0.32375 0.2125 0.33875 0.22999999999999998 0.33875 0.22999999999999998 0.32375
5 0.6125 0.41500000000000004 0.585 0.41500000000000004 0.585 0.43 0.6125 0.43 0.6125 0.41500000000000004
5 0.5349999999999999 0.38375 0.5175 0.38375 0.5175 0.39875 0.5349999999999999 0.39875 0.5349999999999999 0.38375
5 0.61 0.76125 0.5925 0.76125 0.5925 0.7787499999999999 0.61 0.7787499999999999 0.61 0.76125
5 0.67875 0.91875 0.66125 0.91875 0.66125 0.9337500000000001 0.67875 0.9337500000000001 0.67875 0.91875
5 0.6875 0.9625 0.6675 0.9625 0.6675 0.9724999999999999 0.6875 0.9724999999999999 0.6875 0.9625
5 0.68875 0.615 0.66625 0.615 0.66625 0.6425 0.68875 0.6425 0.68875 0.615
5 0.9262499999999999 0.6599999999999999 0.9112500000000001 0.6599999999999999 0.9112500000000001 0.6775 0.9262499999999999 0.6775 0.9262499999999999 0.6599999999999999
5 0.5349999999999999 0.225 0.5175 0.225 0.5175 0.2375 0.5349999999999999 0.2375 0.5349999999999999 0.225
5 0.9262499999999999 0.4025 0.9087500000000001 0.4025 0.9087500000000001 0.41500000000000004 0.9262499999999999 0.41500000000000004 0.9262499999999999 0.4025
5 0.72875 0.47375 0.7112499999999999 0.47375 0.7112499999999999 0.48624999999999996 0.72875 0.48624999999999996 0.72875 0.47375
5 0.595 0.425 0.58 0.425 0.58 0.4375 0.595 0.4375 0.595 0.425
5 0.18 0.11374999999999999 0.16499999999999998 0.11374999999999999 0.16499999999999998 0.12625 0.18 0.12625 0.18 0.11374999999999999
5 0.29 0.13125 0.265 0.13125 0.265 0.14625 0.29 0.14625 0.29 0.13125
5 0.34249999999999997 0.8949999999999999 0.3125 0.8949999999999999 0.3125 0.9175000000000001 0.34249999999999997 0.9175000000000001 0.34249999999999997 0.8949999999999999
5 0.3075 0.8487500000000001 0.29 0.8487500000000001 0.29 0.8712500000000001 0.3075 0.8712500000000001 0.3075 0.8487500000000001
5 0.5325 1 0.5325 0.985 0.515 0.985 0.515 1 0.5325 1
5 0.5475 0.39375 0.53 0.39375 0.53 0.40625 0.5475 0.40625 0.5475 0.39375
5 0.43125 0.44000000000000006 0.41375 0.44000000000000006 0.41375 0.4525 0.43125 0.4525 0.43125 0.44000000000000006
5 0.4925 0.5037499999999999 0.475 0.5037499999999999 0.475 0.51875 0.4925 0.51875 0.4925 0.5037499999999999
5 0.3 0.32999999999999996 0.2875 0.32999999999999996 0.2875 0.34249999999999997 0.3 0.34249999999999997 0.3 0.32999999999999996
5 0.045 0.46749999999999997 0.03 0.46749999999999997 0.03 0.48 0.045 0.48 0.045 0.46749999999999997
5 0.3175 0.16875 0.3075 0.16875 0.3075 0.18125 0.3175 0.18125 0.3175 0.16875
5 0.6212500000000001 0.31124999999999997 0.60625 0.31124999999999997 0.60625 0.32875 0.6212500000000001 0.32875 0.6212500000000001 0.31124999999999997
5 0.725 0.9075 0.7075 0.9075 0.7075 0.925 0.725 0.925 0.725 0.9075
5 0.43 0.90625 0.41 0.90625 0.41 0.92125 0.43 0.92125 0.43 0.90625
5 0.17124999999999999 0.39125 0.15375 0.39125 0.15375 0.40374999999999994 0.17124999999999999 0.40374999999999994 0.17124999999999999 0.39125
5 0.1525 0.08375 0.1325 0.08375 0.1325 0.10375000000000001 0.1525 0.10375000000000001 0.1525 0.08375
5 0.32999999999999996 0.06625 0.315 0.06625 0.315 0.08625000000000001 0.32999999999999996 0.08625000000000001 0.32999999999999996 0.06625
5 0.37875000000000003 0.39375 0.35875 0.39375 0.35875 0.40625 0.37875000000000003 0.40625 0.37875000000000003 0.39375
5 0.39125 0.8474999999999999 0.37625000000000003 0.8474999999999999 0.37625000000000003 0.8675 0.39125 0.8675 0.39125 0.8474999999999999
5 0.485 0.9475 0.4625 0.9475 0.4625 0.9675 0.485 0.9675 0.485 0.9475
5 0.5237499999999999 0.12250000000000001 0.49375 0.12250000000000001 0.49375 0.14250000000000002 0.5237499999999999 0.14250000000000002 0.5237499999999999 0.12250000000000001
5 0.11000000000000001 0.44875 0.09 0.44875 0.09 0.46375 0.11000000000000001 0.46375 0.11000000000000001 0.44875
5 0.26375000000000004 0.17250000000000001 0.24874999999999997 0.17250000000000001 0.24874999999999997 0.19 0.26375000000000004 0.19 0.26375000000000004 0.17250000000000001
5 0.55375 0.54625 0.5387500000000001 0.54625 0.5387500000000001 0.56125 0.55375 0.56125 0.55375 0.54625
5 0.9625 0.5912499999999999 0.945 0.5912499999999999 0.945 0.61125 0.9625 0.61125 0.9625 0.5912499999999999
5 0.18625 0.2475 0.16375 0.2475 0.16375 0.26 0.18625 0.26 0.18625 0.2475
5 0.5825 0.37124999999999997 0.5599999999999999 0.37124999999999997 0.5599999999999999 0.38375 0.5825 0.38375 0.5825 0.37124999999999997
5 0.08249999999999999 0.48250000000000004 0.065 0.48250000000000004 0.065 0.4925 0.08249999999999999 0.4925 0.08249999999999999 0.48250000000000004
5 0.7 0.9037499999999999 0.6849999999999999 0.9037499999999999 0.6849999999999999 0.91375 0.7 0.91375 0.7 0.9037499999999999
5 0.6950000000000001 0.9775 0.6825 0.9775 0.6825 0.99 0.6950000000000001 0.99 0.6950000000000001 0.9775
5 0.915 0.6675 0.8949999999999999 0.6675 0.8949999999999999 0.6799999999999999 0.915 0.6799999999999999 0.915 0.6675
5 0.63625 0.15 0.61625 0.15 0.61625 0.1675 0.63625 0.1675 0.63625 0.15
5 1 0.005 0.9737500000000001 0.005 0.9737500000000001 0.025 1 0.025 1 0.005
5 0.64 0.325 0.6224999999999999 0.325 0.6224999999999999 0.33999999999999997 0.64 0.33999999999999997 0.64 0.325
5 0.97875 0.8574999999999999 0.9637499999999999 0.8574999999999999 0.9637499999999999 0.8775000000000001 0.97875 0.8775000000000001 0.97875 0.8574999999999999
5 1 0.96125 0.9800000000000001 0.96125 0.9800000000000001 0.97875 1 0.97875 1 0.96125
5 0.70125 0.6075 0.68875 0.6075 0.68875 0.62 0.70125 0.62 0.70125 0.6075
5 0.605 0.2975 0.585 0.2975 0.585 0.31 0.605 0.31 0.605 0.2975
5 0.32999999999999996 0.35 0.3125 0.35 0.3125 0.3675 0.32999999999999996 0.3675 0.32999999999999996 0.35
5 0.11750000000000001 0.0625 0.0975 0.0625 0.0975 0.0775 0.11750000000000001 0.0775 0.11750000000000001 0.0625
5 0.7537499999999999 0.2725 0.73375 0.2725 0.73375 0.29500000000000004 0.7537499999999999 0.29500000000000004 0.7537499999999999 0.2725
5 0.56125 0.3875 0.54125 0.3875 0.54125 0.4 0.56125 0.4 0.56125 0.3875
5 0.5 0.2125 0.485 0.2125 0.485 0.2225 0.5 0.2225 0.5 0.2125
5 0.058750000000000004 0.135 0.041249999999999995 0.135 0.041249999999999995 0.14750000000000002 0.058750000000000004 0.14750000000000002 0.058750000000000004 0.135
5 0.71875 0.26875 0.70375 0.26875 0.70375 0.28875 0.71875 0.28875 0.71875 0.26875
5 0.1275 0.07125000000000001 0.1125 0.07125000000000001 0.1125 0.08875 0.1275 0.08875 0.1275 0.07125000000000001
5 0.1875 0.12 0.175 0.12 0.175 0.1325 0.1875 0.1325 0.1875 0.12
5 0.9949999999999999 0.9175000000000001 0.9775 0.9175000000000001 0.9775 0.93 0.9949999999999999 0.93 0.9949999999999999 0.9175000000000001
5 0.6725 0.88125 0.65 0.88125 0.65 0.89625 0.6725 0.89625 0.6725 0.88125
5 0.52 0.51625 0.505 0.51625 0.505 0.5287499999999999 0.52 0.5287499999999999 0.52 0.51625
5 0.1 0.46624999999999994 0.08249999999999999 0.46624999999999994 0.08249999999999999 0.48375 0.1 0.48375 0.1 0.46624999999999994
5 0.6900000000000001 0.54 0.6675 0.54 0.6675 0.5599999999999999 0.6900000000000001 0.5599999999999999 0.6900000000000001 0.54
5 0.04875 0.00625 0.028749999999999998 0.00625 0.028749999999999998 0.021249999999999998 0.04875 0.021249999999999998 0.04875 0.00625
5 0.95375 0.7837500000000001 0.93625 0.7837500000000001 0.93625 0.80375 0.95375 0.80375 0.95375 0.7837500000000001
5 0.6975 0.9099999999999999 0.6775 0.9099999999999999 0.6775 0.9199999999999999 0.6975 0.9199999999999999 0.6975 0.9099999999999999
5 0.64 0.925 0.62 0.925 0.62 0.945 0.64 0.945 0.64 0.925
5 0.6012500000000001 0.2925 0.57625 0.2925 0.57625 0.305 0.6012500000000001 0.305 0.6012500000000001 0.2925
5 0.48 0.48 0.4625 0.48 0.4625 0.495 0.48 0.495 0.48 0.48
5 0.4175 0.1975 0.395 0.1975 0.395 0.20750000000000002 0.4175 0.20750000000000002 0.4175 0.1975
5 0.37625000000000003 0.40125 0.35625 0.40125 0.35625 0.41624999999999995 0.37625000000000003 0.41624999999999995 0.37625000000000003 0.40125
5 0.9887499999999999 0.795 0.9637499999999999 0.795 0.9637499999999999 0.8074999999999999 0.9887499999999999 0.8074999999999999 0.9887499999999999 0.795
5 0.705 0.8474999999999999 0.6849999999999999 0.8474999999999999 0.6849999999999999 0.86 0.705 0.86 0.705 0.8474999999999999
5 0.7162499999999999 0.5962500000000001 0.69875 0.5962500000000001 0.69875 0.60875 0.7162499999999999 0.60875 0.7162499999999999 0.5962500000000001
5 0.5237499999999999 0.43 0.49874999999999997 0.43 0.49874999999999997 0.45 0.5237499999999999 0.45 0.5237499999999999 0.43
5 0.08125 0.15125 0.06375 0.15125 0.06375 0.16875 0.08125 0.16875 0.08125 0.15125
5 0.215 0.26 0.20249999999999999 0.26 0.20249999999999999 0.2725 0.215 0.2725 0.215 0.26
5 0.17875000000000002 0.3675 0.16125 0.3675 0.16125 0.3775 0.17875000000000002 0.3775 0.17875000000000002 0.3675
5 0.44749999999999995 0.28125 0.43 0.28125 0.43 0.29125 0.44749999999999995 0.29125 0.44749999999999995 0.28125
5 0.62 0.78125 0.605 0.78125 0.605 0.79125 0.62 0.79125 0.62 0.78125
5 0.76625 0.5875 0.7462500000000001 0.5875 0.7462500000000001 0.605 0.76625 0.605 0.76625 0.5875
5 0.5275000000000001 0.74375 0.5 0.74375 0.5 0.76125 0.5275000000000001 0.76125 0.5275000000000001 0.74375
5 0.4125 0.8925000000000001 0.395 0.8925000000000001 0.395 0.905 0.4125 0.905 0.4125 0.8925000000000001
5 0.42125 0.9349999999999999 0.40125 0.9349999999999999 0.40125 0.9550000000000001 0.42125 0.9550000000000001 0.42125 0.9349999999999999
5 0.45999999999999996 0.1575 0.44000000000000006 0.1575 0.44000000000000006 0.175 0.45999999999999996 0.175 0.45999999999999996 0.1575
5 0.225 0 0.225 0.01 0.24500000000000002 0.01 0.24500000000000002 0 0.225 0
5 0.35625 0.11125 0.33875 0.11125 0.33875 0.13125 0.35625 0.13125 0.35625 0.11125
5 0.0975 0.43125 0.08 0.43125 0.08 0.44125 0.0975 0.44125 0.0975 0.43125
5 0.08125 0.0325 0.061250000000000006 0.0325 0.061250000000000006 0.0475 0.08125 0.0475 0.08125 0.0325
5 0.5425 0.22749999999999998 0.525 0.22749999999999998 0.525 0.2425 0.5425 0.2425 0.5425 0.22749999999999998
5 0.6287499999999999 0.315 0.61625 0.315 0.61625 0.3325 0.6287499999999999 0.3325 0.6287499999999999 0.315
5 0.45499999999999996 0.8 0.43499999999999994 0.8 0.43499999999999994 0.8125 0.45499999999999996 0.8125 0.45499999999999996 0.8
5 0.96 0.44000000000000006 0.9425000000000001 0.44000000000000006 0.9425000000000001 0.45999999999999996 0.96 0.45999999999999996 0.96 0.44000000000000006
5 0.57375 0.5625 0.55625 0.5625 0.55625 0.5700000000000001 0.57375 0.5700000000000001 0.57375 0.5625
5 0.6287499999999999 0.66625 0.61125 0.66625 0.61125 0.67625 0.6287499999999999 0.67625 0.6287499999999999 0.66625
5 0.8387499999999999 0.5025000000000001 0.82125 0.5025000000000001 0.82125 0.515 0.8387499999999999 0.515 0.8387499999999999 0.5025000000000001
5 0.4925 0.24625 0.4725 0.24625 0.4725 0.25875 0.4925 0.25875 0.4925 0.24625
5 0.6975 0.5 0.6825 0.5 0.6825 0.51 0.6975 0.51 0.6975 0.5
5 0.5387500000000001 0.5349999999999999 0.52125 0.5349999999999999 0.52125 0.55 0.5387500000000001 0.55 0.5387500000000001 0.5349999999999999
5 0.69625 0.86 0.67625 0.86 0.67625 0.8800000000000001 0.69625 0.8800000000000001 0.69625 0.86
5 0.7175 0.8525 0.6950000000000001 0.8525 0.6950000000000001 0.8724999999999999 0.7175 0.8724999999999999 0.7175 0.8525
5 0.51 0.5037499999999999 0.4875 0.5037499999999999 0.4875 0.51875 0.51 0.51875 0.51 0.5037499999999999
5 0.13374999999999998 0.4425 0.11625 0.4425 0.11625 0.45499999999999996 0.13374999999999998 0.45499999999999996 0.13374999999999998 0.4425
5 0.1025 0.05 0.08499999999999999 0.05 0.08499999999999999 0.0625 0.1025 0.0625 0.1025 0.05
5 0.1675 0.10375000000000001 0.1525 0.10375000000000001 0.1525 0.12125 0.1675 0.12125 0.1675 0.10375000000000001
5 0.74375 0.8775000000000001 0.7212500000000001 0.8775000000000001 0.7212500000000001 0.8949999999999999 0.74375 0.8949999999999999 0.74375 0.8775000000000001
5 0.89625 0.8175000000000001 0.87625 0.8175000000000001 0.87625 0.8375 0.89625 0.8375 0.89625 0.8175000000000001
5 0.44625000000000004 0.91875 0.42874999999999996 0.91875 0.42874999999999996 0.93625 0.44625000000000004 0.93625 0.44625000000000004 0.91875
5 0.87375 0.36875 0.85625 0.36875 0.85625 0.38125 0.87375 0.38125 0.87375 0.36875
5 0.5425 0.11125 0.53 0.11125 0.53 0.12125 0.5425 0.12125 0.5425 0.11125
5 0.43624999999999997 0.29125 0.40875000000000006 0.29125 0.40875000000000006 0.30874999999999997 0.43624999999999997 0.30874999999999997 0.43624999999999997 0.29125
5 0.56875 0.38 0.54875 0.38 0.54875 0.395 0.56875 0.395 0.56875 0.38
5 0.49375 0.49124999999999996 0.47375 0.49124999999999996 0.47375 0.50125 0.49375 0.50125 0.49375 0.49124999999999996
5 0.34875 0.36875 0.33375 0.36875 0.33375 0.38125 0.34875 0.38125 0.34875 0.36875
5 0.11625 0.4575 0.09625 0.4575 0.09625 0.47000000000000003 0.11625 0.47000000000000003 0.11625 0.4575
5 0.9275 0.4375 0.9075 0.4375 0.9075 0.4525 0.9275 0.4525 0.9275 0.4375
5 0.24375 0.16 0.22374999999999998 0.16 0.22374999999999998 0.17250000000000001 0.24375 0.17250000000000001 0.24375 0.16
5 0.9512499999999999 0.5775 0.92875 0.5775 0.92875 0.5925 0.9512499999999999 0.5925 0.9512499999999999 0.5775
5 0.845 0.6587500000000001 0.8324999999999999 0.6587500000000001 0.8324999999999999 0.67875 0.845 0.67875 0.845 0.6587500000000001
5 0.47125000000000006 0.7875 0.45125000000000004 0.7875 0.45125000000000004 0.8025 0.47125000000000006 0.8025 0.47125000000000006 0.7875
5 0.5650000000000001 0.25875 0.5425 0.25875 0.5425 0.27375 0.5650000000000001 0.27375 0.5650000000000001 0.25875
5 0.5962500000000001 0.35750000000000004 0.57625 0.35750000000000004 0.57625 0.3725 0.5962500000000001 0.3725 0.5962500000000001 0.35750000000000004
5 0.72375 0.39875 0.70875 0.39875 0.70875 0.40875000000000006 0.72375 0.40875000000000006 0.72375 0.39875
5 0.3175 0.2625 0.29 0.2625 0.29 0.275 0.3175 0.275 0.3175 0.2625
5 0.21625 0.33625 0.19875 0.33625 0.19875 0.35125 0.21625 0.35125 0.21625 0.33625
5 0.7075 0.5325 0.6799999999999999 0.5325 0.6799999999999999 0.5549999999999999 0.7075 0.5549999999999999 0.7075 0.5325
5 0.69875 0.93125 0.68125 0.93125 0.68125 0.94375 0.69875 0.94375 0.69875 0.93125
5 0.7175 0.675 0.6975 0.675 0.6975 0.6925 0.7175 0.6925 0.7175 0.675
5 0.6799999999999999 0.50125 0.665 0.50125 0.665 0.51875 0.6799999999999999 0.51875 0.6799999999999999 0.50125
5 0.74875 0.41624999999999995 0.73375 0.41624999999999995 0.73375 0.43125 0.74875 0.43125 0.74875 0.41624999999999995
5 0.8300000000000001 0.34375 0.805 0.34375 0.805 0.36124999999999996 0.8300000000000001 0.36124999999999996 0.8300000000000001 0.34375
5 0.03125 0.51875 0.013750000000000002 0.51875 0.013750000000000002 0.5337500000000001 0.03125 0.5337500000000001 0.03125 0.51875
5 0.14250000000000002 0.395 0.12 0.395 0.12 0.41 0.14250000000000002 0.41 0.14250000000000002 0.395
5 0.075 0.025 0.052500000000000005 0.025 0.052500000000000005 0.04 0.075 0.04 0.075 0.025
5 0.75 0.89 0.73 0.89 0.73 0.8975 0.75 0.8975 0.75 0.89
5 0.6775 0.86625 0.6599999999999999 0.86625 0.6599999999999999 0.88375 0.6775 0.88375 0.6775 0.86625
5 0.58125 0.765 0.56375 0.765 0.56375 0.78 0.58125 0.78 0.58125 0.765
5 0.23125 0 0.23125 0.01875 0.25625 0.01875 0.25625 0 0.23125 0
5 0.44625000000000004 0.45375 0.42625 0.45375 0.42625 0.46624999999999994 0.44625000000000004 0.46624999999999994 0.44625000000000004 0.45375
5 0.08875 0.04 0.06875 0.04 0.06875 0.052500000000000005 0.08875 0.052500000000000005 0.08875 0.04
5 0.23125 0.15375 0.21625 0.15375 0.21625 0.17124999999999999 0.23125 0.17124999999999999 0.23125 0.15375
5 0.73375 0.8724999999999999 0.71375 0.8724999999999999 0.71375 0.885 0.73375 0.885 0.73375 0.8724999999999999
5 0.8 0.74125 0.7825 0.74125 0.7825 0.75875 0.8 0.75875 0.8 0.74125