5 0.29874999999999996 0.34750000000000003 0.28875 0.34750000000000003 0.28875 0.365 0.29874999999999996 0.365 0.29874999999999996 0.34750000000000003
5 0.255 0.355 0.24500000000000002 0.355 0.24500000000000002 0.375 0.255 0.375 0.255 0.355
5 0.17375000000000002 0.45125000000000004 0.16125 0.45125000000000004 0.16125 0.47125000000000006 0.17375000000000002 0.47125000000000006 0.17375000000000002 0.45125000000000004
5 0.1925 0.445 0.18 0.445 0.18 0.465 0.1925 0.465 0.1925 0.445
5 0.215 0.43875000000000003 0.2 0.43875000000000003 0.2 0.45875000000000005 0.215 0.45875000000000005 0.215 0.43875000000000003
5 0.2375 0.42874999999999996 0.22000000000000003 0.42874999999999996 0.22000000000000003 0.45375 0.2375 0.45375 0.2375 0.42874999999999996
5 0.25375000000000003 0.4325 0.24125000000000002 0.4325 0.24125000000000002 0.45 0.25375000000000003 0.45 0.25375000000000003 0.4325
5 0.27625 0.425 0.26375000000000004 0.425 0.26375000000000004 0.44749999999999995 0.27625 0.44749999999999995 0.27625 0.425
5 0.29625 0.42125 0.28375 0.42125 0.28375 0.44375 0.29625 0.44375 0.29625 0.42125
5 0.14250000000000002 0.6 0.12250000000000001 0.6 0.12250000000000001 0.6125 0.14250000000000002 0.6125 0.14250000000000002 0.6
5 0.8425 0.33999999999999997 0.835 0.33999999999999997 0.835 0.35750000000000004 0.8425 0.35750000000000004 0.8425 0.33999999999999997
5 0.53 0.3725 0.485 0.3725 0.485 0.39249999999999996 0.53 0.39249999999999996 0.53 0.3725
5 0.865 0.0075 0.8175000000000001 0.0075 0.8175000000000001 0.03 0.865 0.03 0.865 0.0075
5 0.48 0.057499999999999996 0.4375 0.057499999999999996 0.4375 0.08499999999999999 0.48 0.08499999999999999 0.48 0.057499999999999996
5 0.34500000000000003 0.48624999999999996 0.3325 0.48624999999999996 0.3325 0.50875 0.34500000000000003 0.50875 0.34500000000000003 0.48624999999999996
5 0.33375 0.48875 0.32125 0.48875 0.32125 0.50875 0.33375 0.50875 0.33375 0.48875
5 0.32375 0.4925 0.31124999999999997 0.4925 0.31124999999999997 0.515 0.32375 0.515 0.32375 0.4925
5 0.31375000000000003 0.49375 0.30125 0.49375 0.30125 0.51375 0.31375000000000003 0.51375 0.31375000000000003 0.49375
5 0.30375 0.49375 0.29125 0.49375 0.29125 0.51375 0.30375 0.51375 0.30375 0.49375
5 0.2925 0.49625 0.27999999999999997 0.49625 0.27999999999999997 0.51875 0.2925 0.51875 0.2925 0.49625
5 0.28250000000000003 0.49874999999999997 0.27 0.49874999999999997 0.27 0.52125 0.28250000000000003 0.52125 0.28250000000000003 0.49874999999999997
5 0.2725 0.5025000000000001 0.26 0.5025000000000001 0.26 0.5225 0.2725 0.5225 0.2725 0.5025000000000001
5 0.26375000000000004 0.5037499999999999 0.25125000000000003 0.5037499999999999 0.25125000000000003 0.5237499999999999 0.26375000000000004 0.5237499999999999 0.26375000000000004 0.5037499999999999
5 0.25125000000000003 0.50625 0.24125000000000002 0.50625 0.24125000000000002 0.52625 0.25125000000000003 0.52625 0.25125000000000003 0.50625
5 0.24 0.5 0.22749999999999998 0.5 0.22749999999999998 0.5275000000000001 0.24 0.5275000000000001 0.24 0.5
5 0.20750000000000002 0.51625 0.1975 0.51625 0.1975 0.53625 0.20750000000000002 0.53625 0.20750000000000002 0.51625
5 0.10500000000000001 0.5387500000000001 0.095 0.5387500000000001 0.095 0.5587500000000001 0.10500000000000001 0.5587500000000001 0.10500000000000001 0.5387500000000001
5 0.35 0.515 0.3375 0.515 0.3375 0.5375 0.35 0.5375 0.35 0.515
5 0.33999999999999997 0.52 0.32999999999999996 0.52 0.32999999999999996 0.5375 0.33999999999999997 0.5375 0.33999999999999997 0.52
5 0.3325 0.52 0.32 0.52 0.32 0.54 0.3325 0.54 0.3325 0.52
5 0.32125 0.52125 0.30874999999999997 0.52125 0.30874999999999997 0.54375 0.32125 0.54375 0.32125 0.52125
5 0.30125 0.5275000000000001 0.28875 0.5275000000000001 0.28875 0.5475 0.30125 0.5475 0.30125 0.5275000000000001
5 0.29125 0.5275000000000001 0.27875 0.5275000000000001 0.27875 0.55 0.29125 0.55 0.29125 0.5275000000000001
5 0.27749999999999997 0.5325 0.265 0.5325 0.265 0.5475 0.27749999999999997 0.5475 0.27749999999999997 0.5325
5 0.26625 0.5337500000000001 0.25625 0.5337500000000001 0.25625 0.55375 0.26625 0.55375 0.26625 0.5337500000000001
5 0.25875 0.5337500000000001 0.24625 0.5337500000000001 0.24625 0.5587500000000001 0.25875 0.5587500000000001 0.25875 0.5337500000000001
5 0.2475 0.5387500000000001 0.2375 0.5387500000000001 0.2375 0.5587500000000001 0.2475 0.5587500000000001 0.2475 0.5387500000000001
5 0.23500000000000001 0.5387500000000001 0.225 0.5387500000000001 0.225 0.5587500000000001 0.23500000000000001 0.5587500000000001 0.23500000000000001 0.5387500000000001
5 0.22749999999999998 0.54125 0.215 0.54125 0.215 0.56125 0.22749999999999998 0.56125 0.22749999999999998 0.54125
5 0.215 0.5425 0.205 0.5425 0.205 0.5625 0.215 0.5625 0.215 0.5425
5 0.20375000000000001 0.545 0.19375 0.545 0.19375 0.5625 0.20375000000000001 0.5625 0.20375000000000001 0.545
5 0.195 0.54625 0.185 0.54625 0.185 0.5662499999999999 0.195 0.5662499999999999 0.195 0.54625
5 0.18625 0.55125 0.17375000000000002 0.55125 0.17375000000000002 0.57125 0.18625 0.57125 0.18625 0.55125
5 0.17625 0.55125 0.16375 0.55125 0.16375 0.57125 0.17625 0.57125 0.17625 0.55125
5 0.16499999999999998 0.5549999999999999 0.155 0.5549999999999999 0.155 0.5700000000000001 0.16499999999999998 0.5700000000000001 0.16499999999999998 0.5549999999999999
5 0.20625 0.5912499999999999 0.19624999999999998 0.5912499999999999 0.19624999999999998 0.61375 0.20625 0.61375 0.20625 0.5912499999999999
5 0.21875 0.5900000000000001 0.20625 0.5900000000000001 0.20625 0.61 0.21875 0.61 0.21875 0.5900000000000001
5 0.22875 0.5875 0.21625 0.5875 0.21625 0.61 0.22875 0.61 0.22875 0.5875
5 0.2375 0.5862499999999999 0.22749999999999998 0.5862499999999999 0.22749999999999998 0.60625 0.2375 0.60625 0.2375 0.5862499999999999
5 0.24874999999999997 0.5862499999999999 0.23625 0.5862499999999999 0.23625 0.60625 0.24874999999999997 0.60625 0.24874999999999997 0.5862499999999999
5 0.26125 0.5825 0.24874999999999997 0.5825 0.24874999999999997 0.6 0.26125 0.6 0.26125 0.5825
5 0.26749999999999996 0.58125 0.2575 0.58125 0.2575 0.59875 0.26749999999999996 0.59875 0.26749999999999996 0.58125
5 0.29 0.575 0.27749999999999997 0.575 0.27749999999999997 0.595 0.29 0.595 0.29 0.575
5 0.3225 0.57125 0.31 0.57125 0.31 0.5912499999999999 0.3225 0.5912499999999999 0.3225 0.57125
5 0.31 0.5700000000000001 0.2975 0.5700000000000001 0.2975 0.5900000000000001 0.31 0.5900000000000001 0.31 0.5700000000000001
5 0.3 0.575 0.2875 0.575 0.2875 0.5900000000000001 0.3 0.5900000000000001 0.3 0.575
5 0.335 0.5662499999999999 0.32 0.5662499999999999 0.32 0.5862499999999999 0.335 0.5862499999999999 0.335 0.5662499999999999
5 0.34500000000000003 0.5625 0.32999999999999996 0.5625 0.32999999999999996 0.585 0.34500000000000003 0.585 0.34500000000000003 0.5625
5 0.3525 0.5587500000000001 0.3375 0.5587500000000001 0.3375 0.58125 0.3525 0.58125 0.3525 0.5587500000000001
5 0.3675 0.5875 0.355 0.5875 0.355 0.6075 0.3675 0.6075 0.3675 0.5875
5 0.36 0.5900000000000001 0.34500000000000003 0.5900000000000001 0.34500000000000003 0.61 0.36 0.61 0.36 0.5900000000000001
5 0.34875 0.5925 0.33625 0.5925 0.33625 0.61 0.34875 0.61 0.34875 0.5925
5 0.33875 0.5962500000000001 0.32625000000000004 0.5962500000000001 0.32625000000000004 0.61875 0.33875 0.61875 0.33875 0.5962500000000001
5 0.32875 0.59875 0.31625000000000003 0.59875 0.31625000000000003 0.61875 0.32875 0.61875 0.32875 0.59875
5 0.33125 0.6 0.31625000000000003 0.6 0.31625000000000003 0.62 0.33125 0.62 0.33125 0.6
5 0.32 0.59875 0.305 0.59875 0.305 0.61875 0.32 0.61875 0.32 0.59875
5 0.30625 0.6012500000000001 0.29375 0.6012500000000001 0.29375 0.61875 0.30625 0.61875 0.30625 0.6012500000000001
5 0.2975 0.6075 0.28500000000000003 0.6075 0.28500000000000003 0.625 0.2975 0.625 0.2975 0.6075
5 0.28500000000000003 0.60625 0.275 0.60625 0.275 0.6212500000000001 0.28500000000000003 0.6212500000000001 0.28500000000000003 0.60625
5 0.27875 0.60625 0.26375000000000004 0.60625 0.26375000000000004 0.6287499999999999 0.27875 0.6287499999999999 0.27875 0.60625
5 0.26625 0.61125 0.25375000000000003 0.61125 0.25375000000000003 0.63125 0.26625 0.63125 0.26625 0.61125
5 0.2575 0.6125 0.24500000000000002 0.6125 0.24500000000000002 0.6325000000000001 0.2575 0.6325000000000001 0.2575 0.6125
5 0.24625 0.615 0.23374999999999999 0.615 0.23374999999999999 0.635 0.24625 0.635 0.24625 0.615
5 0.23500000000000001 0.6174999999999999 0.2225 0.6174999999999999 0.2225 0.635 0.23500000000000001 0.635 0.23500000000000001 0.6174999999999999
5 0.225 0.6174999999999999 0.2125 0.6174999999999999 0.2125 0.6375 0.225 0.6375 0.225 0.6174999999999999
5 0.2125 0.61875 0.2 0.61875 0.2 0.63875 0.2125 0.63875 0.2125 0.61875
5 0.27999999999999997 0.57875 0.26749999999999996 0.57875 0.26749999999999996 0.5962500000000001 0.27999999999999997 0.5962500000000001 0.27999999999999997 0.57875
5 0.32 0.64625 0.305 0.64625 0.305 0.66875 0.32 0.66875 0.32 0.64625
5 0.33999999999999997 0.645 0.3275 0.645 0.3275 0.665 0.33999999999999997 0.665 0.33999999999999997 0.645
5 0.34875 0.63875 0.33625 0.63875 0.33625 0.65625 0.34875 0.65625 0.34875 0.63875
5 0.35625 0.6375 0.34625 0.6375 0.34625 0.6575 0.35625 0.6575 0.35625 0.6375
5 0.37 0.63625 0.35750000000000004 0.63625 0.35750000000000004 0.6587500000000001 0.37 0.6587500000000001 0.37 0.63625
5 0.3825 0.635 0.3675 0.635 0.3675 0.6575 0.3825 0.6575 0.3825 0.635
5 0.53125 0.1025 0.49625 0.1025 0.49625 0.125 0.53125 0.125 0.53125 0.1025
5 0.5862499999999999 0.09125 0.54125 0.09125 0.54125 0.11374999999999999 0.5862499999999999 0.11374999999999999 0.5862499999999999 0.09125
5 0.62375 0.0925 0.5912499999999999 0.0925 0.5912499999999999 0.1075 0.62375 0.1075 0.62375 0.0925
5 0.6599999999999999 0.08249999999999999 0.6275000000000001 0.08249999999999999 0.6275000000000001 0.095 0.6599999999999999 0.095 0.6599999999999999 0.08249999999999999
5 0.5925 0.12 0.5425 0.12 0.5425 0.145 0.5925 0.145 0.5925 0.12
5 0.5962500000000001 0.13625 0.54625 0.13625 0.54625 0.15875 0.5962500000000001 0.15875 0.5962500000000001 0.13625
5 0.6287499999999999 0.11374999999999999 0.59375 0.11374999999999999 0.59375 0.13374999999999998 0.6287499999999999 0.13374999999999998 0.6287499999999999 0.11374999999999999
5 0.66125 0.11750000000000001 0.62625 0.11750000000000001 0.62625 0.1375 0.66125 0.1375 0.66125 0.11750000000000001
5 0.62625 0.135 0.5962500000000001 0.135 0.5962500000000001 0.1525 0.62625 0.1525 0.62625 0.135
5 0.54 0.1525 0.5125 0.1525 0.5125 0.16999999999999998 0.54 0.16999999999999998 0.54 0.1525
5 0.55125 0.175 0.51375 0.175 0.51375 0.1975 0.55125 0.1975 0.55125 0.175
5 0.5875 0.16999999999999998 0.5575 0.16999999999999998 0.5575 0.185 0.5875 0.185 0.5875 0.16999999999999998
5 0.58375 0.18125 0.54875 0.18125 0.54875 0.20125 0.58375 0.20125 0.58375 0.18125
5 0.655 0.16 0.62 0.16 0.62 0.175 0.655 0.175 0.655 0.16
5 0.6875 0.1675 0.64 0.1675 0.64 0.1875 0.6875 0.1875 0.6875 0.1675
5 0.65125 0.2 0.61375 0.2 0.61375 0.22000000000000003 0.65125 0.22000000000000003 0.65125 0.2
5 0.61 0.20875 0.5700000000000001 0.20875 0.5700000000000001 0.22875 0.61 0.22875 0.61 0.20875
5 0.56125 0.21875 0.51125 0.21875 0.51125 0.24125000000000002 0.56125 0.24125000000000002 0.56125 0.21875
5 0.50125 0.22875 0.46125 0.22875 0.46125 0.24874999999999997 0.50125 0.24874999999999997 0.50125 0.22875
5 0.46375 0.22749999999999998 0.43624999999999997 0.22749999999999998 0.43624999999999997 0.2425 0.46375 0.2425 0.46375 0.22749999999999998
5 0.49375 0.265 0.46125 0.265 0.46125 0.28500000000000003 0.49375 0.28500000000000003 0.49375 0.265
5 0.55 0.2525 0.5025000000000001 0.2525 0.5025000000000001 0.275 0.55 0.275 0.55 0.2525
5 0.6012500000000001 0.24 0.56125 0.24 0.56125 0.2625 0.6012500000000001 0.2625 0.6012500000000001 0.24
5 0.63125 0.23500000000000001 0.60375 0.23500000000000001 0.60375 0.255 0.63125 0.255 0.63125 0.23500000000000001
5 0.6900000000000001 0.2225 0.64 0.2225 0.64 0.2475 0.6900000000000001 0.2475 0.6900000000000001 0.2225
5 0.68875 0.19624999999999998 0.65625 0.19624999999999998 0.65625 0.21375000000000002 0.68875 0.21375000000000002 0.68875 0.19624999999999998
5 0.75625 0.16625 0.72875 0.16625 0.72875 0.21125 0.75625 0.21125 0.75625 0.16625
5 0.70625 0.2575 0.66875 0.2575 0.66875 0.28250000000000003 0.70625 0.28250000000000003 0.70625 0.2575
5 0.6587500000000001 0.27875 0.6287499999999999 0.27875 0.6287499999999999 0.29375 0.6587500000000001 0.29375 0.6587500000000001 0.27875
5 0.655 0.265 0.615 0.265 0.615 0.28500000000000003 0.655 0.28500000000000003 0.655 0.265
5 0.56375 0.28125 0.5287499999999999 0.28125 0.5287499999999999 0.30125 0.56375 0.30125 0.56375 0.28125
5 0.5650000000000001 0.29500000000000004 0.53 0.29500000000000004 0.53 0.3125 0.5650000000000001 0.3125 0.5650000000000001 0.29500000000000004
5 0.5237499999999999 0.30125 0.47375 0.30125 0.47375 0.32375 0.5237499999999999 0.32375 0.5237499999999999 0.30125
5 0.5025000000000001 0.34125 0.475 0.34125 0.475 0.35625 0.5025000000000001 0.35625 0.5025000000000001 0.34125
5 0.5599999999999999 0.325 0.51 0.325 0.51 0.34750000000000003 0.5599999999999999 0.34750000000000003 0.5599999999999999 0.325
5 0.53 0.34500000000000003 0.4875 0.34500000000000003 0.4875 0.365 0.53 0.365 0.53 0.34500000000000003
5 0.50625 0.3625 0.45875000000000005 0.3625 0.45875000000000005 0.385 0.50625 0.385 0.50625 0.3625
5 0.54875 0.35375 0.51375 0.35375 0.51375 0.37374999999999997 0.54875 0.37374999999999997 0.54875 0.35375
5 0.5725 0.3675 0.5349999999999999 0.3675 0.5349999999999999 0.3875 0.5725 0.3875 0.5725 0.3675
5 0.6075 0.315 0.5650000000000001 0.315 0.5650000000000001 0.3375 0.6075 0.3375 0.6075 0.315
5 0.6587500000000001 0.3075 0.61125 0.3075 0.61125 0.32999999999999996 0.6587500000000001 0.32999999999999996 0.6587500000000001 0.3075
5 0.7125 0.2975 0.67 0.2975 0.67 0.3175 0.7125 0.3175 0.7125 0.2975
5 0.79875 0.27625 0.75625 0.27625 0.75625 0.31625000000000003 0.79875 0.31625000000000003 0.79875 0.27625
5 0.82875 0.24625 0.79875 0.24625 0.79875 0.26375000000000004 0.82875 0.26375000000000004 0.82875 0.24625
5 0.8574999999999999 0.24125000000000002 0.8300000000000001 0.24125000000000002 0.8300000000000001 0.25375000000000003 0.8574999999999999 0.25375000000000003 0.8574999999999999 0.24125000000000002
5 0.81125 0.16875 0.77625 0.16875 0.77625 0.18625 0.81125 0.18625 0.81125 0.16875
5 0.85 0.1575 0.8074999999999999 0.1575 0.8074999999999999 0.1775 0.85 0.1775 0.85 0.1575
5 0.82875 0.19624999999999998 0.79375 0.19624999999999998 0.79375 0.21375000000000002 0.82875 0.21375000000000002 0.82875 0.19624999999999998
5 0.8625 0.1925 0.8324999999999999 0.1925 0.8324999999999999 0.2125 0.8625 0.2125 0.8625 0.1925
5 0.825 0.21000000000000002 0.79 0.21000000000000002 0.79 0.2325 0.825 0.2325 0.825 0.21000000000000002
5 0.7737499999999999 0.13 0.76125 0.13 0.76125 0.15 0.7737499999999999 0.15 0.7737499999999999 0.13
5 0.8237500000000001 0.12250000000000001 0.77625 0.12250000000000001 0.77625 0.145 0.8237500000000001 0.145 0.8237500000000001 0.12250000000000001
5 0.8074999999999999 0.07875 0.765 0.07875 0.765 0.09875 0.8074999999999999 0.09875 0.8074999999999999 0.07875
5 0.80375 0.0925 0.76625 0.0925 0.76625 0.1125 0.80375 0.1125 0.80375 0.0925
5 0.84375 0.08249999999999999 0.81125 0.08249999999999999 0.81125 0.1 0.84375 0.1 0.84375 0.08249999999999999
5 0.7887500000000001 0.05125 0.7537499999999999 0.05125 0.7537499999999999 0.07625 0.7887500000000001 0.07625 0.7887500000000001 0.05125
5 0.8300000000000001 0.042499999999999996 0.7925 0.042499999999999996 0.7925 0.06999999999999999 0.8300000000000001 0.06999999999999999 0.8300000000000001 0.042499999999999996
5 0.98125 0.22000000000000003 0.9662499999999999 0.22000000000000003 0.9662499999999999 0.2425 0.98125 0.2425 0.98125 0.22000000000000003
5 0.9337500000000001 0.2525 0.88375 0.2525 0.88375 0.275 0.9337500000000001 0.275 0.9337500000000001 0.2525
5 0.92875 0.28375 0.89375 0.28375 0.89375 0.30125 0.92875 0.30125 0.92875 0.28375
5 0.86625 0.3075 0.8162499999999999 0.3075 0.8162499999999999 0.32999999999999996 0.86625 0.32999999999999996 0.86625 0.3075
5 0.9199999999999999 0.3 0.8699999999999999 0.3 0.8699999999999999 0.32 0.9199999999999999 0.32 0.9199999999999999 0.3
5 0.91375 0.33125 0.87375 0.33125 0.87375 0.35125 0.91375 0.35125 0.91375 0.33125
5 0.9225 0.36375 0.885 0.36375 0.885 0.38375 0.9225 0.38375 0.9225 0.36375
5 0.96125 0.35625 0.9262499999999999 0.35625 0.9262499999999999 0.37625000000000003 0.96125 0.37625000000000003 0.96125 0.35625
5 0.6212500000000001 0.35750000000000004 0.58375 0.35750000000000004 0.58375 0.375 0.6212500000000001 0.375 0.6212500000000001 0.35750000000000004
5 0.6775 0.34249999999999997 0.625 0.34249999999999997 0.625 0.3675 0.6775 0.3675 0.6775 0.34249999999999997
5 0.6950000000000001 0.33875 0.6825 0.33875 0.6825 0.36875 0.6950000000000001 0.36875 0.6950000000000001 0.33875
5 0.6925 0.36875 0.6825 0.36875 0.6825 0.38875000000000004 0.6925 0.38875000000000004 0.6925 0.36875
5 0.6725 0.375 0.6575 0.375 0.6575 0.395 0.6725 0.395 0.6725 0.375
5 0.95 0.28875 0.9375 0.28875 0.9375 0.30874999999999997 0.95 0.30874999999999997 0.95 0.28875
5 0.64125 0.42625 0.62625 0.42625 0.62625 0.44625000000000004 0.64125 0.44625000000000004 0.64125 0.42625
5 0.65125 0.425 0.63875 0.425 0.63875 0.445 0.65125 0.445 0.65125 0.425
5 0.6625 0.42374999999999996 0.6475 0.42374999999999996 0.6475 0.44375 0.6625 0.44375 0.6625 0.42374999999999996
5 0.6725 0.42125 0.6575 0.42125 0.6575 0.44375 0.6725 0.44375 0.6725 0.42125
5 0.68125 0.42000000000000004 0.66875 0.42000000000000004 0.66875 0.4375 0.68125 0.4375 0.68125 0.42000000000000004
5 0.6950000000000001 0.41375 0.6825 0.41375 0.6825 0.43375 0.6950000000000001 0.43375 0.6950000000000001 0.41375
5 0.70375 0.41500000000000004 0.6912499999999999 0.41500000000000004 0.6912499999999999 0.43499999999999994 0.70375 0.43499999999999994 0.70375 0.41500000000000004
5 0.7150000000000001 0.41125 0.7 0.41125 0.7 0.43125 0.7150000000000001 0.43125 0.7150000000000001 0.41125
5 0.7262500000000001 0.40750000000000003 0.70875 0.40750000000000003 0.70875 0.4325 0.7262500000000001 0.4325 0.7262500000000001 0.40750000000000003
5 0.735 0.40374999999999994 0.72 0.40374999999999994 0.72 0.43125 0.735 0.43125 0.735 0.40374999999999994
5 0.7462500000000001 0.4025 0.73125 0.4025 0.73125 0.42750000000000005 0.7462500000000001 0.42750000000000005 0.7462500000000001 0.4025
5 0.6125 0.28125 0.5675 0.28125 0.5675 0.29874999999999996 0.6125 0.29874999999999996 0.6125 0.28125
5 0.95625 0.10874999999999999 0.93875 0.10874999999999999 0.93875 0.13625 0.95625 0.13625 0.95625 0.10874999999999999
5 0.9225 0.2225 0.8699999999999999 0.2225 0.8699999999999999 0.24500000000000002 0.9225 0.24500000000000002 0.9225 0.2225
5 0.97625 0.16999999999999998 0.95625 0.16999999999999998 0.95625 0.21749999999999997 0.97625 0.21749999999999997 0.97625 0.16999999999999998
5 0.92875 0.12125 0.90625 0.12125 0.90625 0.17375000000000002 0.92875 0.17375000000000002 0.92875 0.12125
5 0.5125 0.48875 0.505 0.48875 0.505 0.5037499999999999 0.5125 0.5037499999999999 0.5125 0.48875
5 0.6799999999999999 0.45125000000000004 0.6675 0.45125000000000004 0.6675 0.46875 0.6799999999999999 0.46875 0.6799999999999999 0.45125000000000004
5 0.74 0.43499999999999994 0.7275 0.43499999999999994 0.7275 0.45499999999999996 0.74 0.45499999999999996 0.74 0.43499999999999994
5 0.74875 0.43499999999999994 0.74125 0.43499999999999994 0.74125 0.45499999999999996 0.74875 0.45499999999999996 0.74875 0.43499999999999994
5 0.52125 0.51375 0.5037499999999999 0.51375 0.5037499999999999 0.52625 0.52125 0.52625 0.52125 0.51375
5 0.56375 0.475 0.55375 0.475 0.55375 0.4925 0.56375 0.4925 0.56375 0.475
5 0.72375 0.44125 0.70625 0.44125 0.70625 0.46375 0.72375 0.46375 0.72375 0.44125
5 0.5425 0.525 0.5349999999999999 0.525 0.5349999999999999 0.545 0.5425 0.545 0.5425 0.525
5 0.57625 0.46875 0.56125 0.46875 0.56125 0.49625 0.57625 0.49625 0.57625 0.46875
5 0.7462500000000001 0.00125 0.69375 0.00125 0.69375 0.028749999999999998 0.7462500000000001 0.028749999999999998 0.7462500000000001 0.00125
5 0.63125 0.45875000000000005 0.61375 0.45875000000000005 0.61375 0.48125 0.63125 0.48125 0.63125 0.45875000000000005
5 0.2525 0.4575 0.2375 0.4575 0.2375 0.48250000000000004 0.2525 0.48250000000000004 0.2525 0.4575
5 0.5650000000000001 0.44125 0.53 0.44125 0.53 0.46375 0.5650000000000001 0.46375 0.5650000000000001 0.44125
5 0.32625000000000004 0.44000000000000006 0.30874999999999997 0.44000000000000006 0.30874999999999997 0.46749999999999997 0.32625000000000004 0.46749999999999997 0.32625000000000004 0.44000000000000006
5 0.73125 0.4875 0.71875 0.4875 0.71875 0.51 0.73125 0.51 0.73125 0.4875
5 0.625 0.42874999999999996 0.5875 0.42874999999999996 0.5875 0.45625 0.625 0.45625 0.625 0.42874999999999996
5 0.6 0.515 0.5825 0.515 0.5825 0.5375 0.6 0.5375 0.6 0.515
5 0.5337500000000001 0.47874999999999995 0.52125 0.47874999999999995 0.52125 0.50125 0.5337500000000001 0.50125 0.5337500000000001 0.47874999999999995
5 0.5875 0.03 0.5325 0.03 0.5325 0.06 0.5875 0.06 0.5875 0.03
5 0.66125 0.37625000000000003 0.6212500000000001 0.37625000000000003 0.6212500000000001 0.40125 0.66125 0.40125 0.66125 0.37625000000000003
5 0.7325 0.365 0.6925 0.365 0.6925 0.3875 0.7325 0.3875 0.7325 0.365
5 0.5912499999999999 0.4325 0.57375 0.4325 0.57375 0.45999999999999996 0.5912499999999999 0.45999999999999996 0.5912499999999999 0.4325
5 0.6875 0.01625 0.6375 0.01625 0.6375 0.03875 0.6875 0.03875 0.6875 0.01625
5 0.76125 0.48 0.74875 0.48 0.74875 0.5025000000000001 0.76125 0.5025000000000001 0.76125 0.48
5 0.5675 0.4 0.525 0.4 0.525 0.4175 0.5675 0.4175 0.5675 0.4
5 0.6375 0.02375 0.5875 0.02375 0.5875 0.05125 0.6375 0.05125 0.6375 0.02375
5 0.6587500000000001 0.5025000000000001 0.64625 0.5025000000000001 0.64625 0.525 0.6587500000000001 0.525 0.6587500000000001 0.5025000000000001
5 0.58125 0.43375 0.5662499999999999 0.43375 0.5662499999999999 0.46624999999999994 0.58125 0.46624999999999994 0.58125 0.43375
5 0.5337500000000001 0.5287499999999999 0.52125 0.5287499999999999 0.52125 0.55125 0.5337500000000001 0.55125 0.5337500000000001 0.5287499999999999
5 0.6174999999999999 0.5125 0.6075 0.5125 0.6075 0.5375 0.6174999999999999 0.5375 0.6174999999999999 0.5125
5 0.55125 0.48125 0.54375 0.48125 0.54375 0.49625 0.55125 0.49625 0.55125 0.48125
5 0.29375 0.45 0.27875 0.45 0.27875 0.475 0.29375 0.475 0.29375 0.45
5 0.5662499999999999 0.5237499999999999 0.55625 0.5237499999999999 0.55625 0.54375 0.5662499999999999 0.54375 0.5662499999999999 0.5237499999999999
5 0.3125 0.44125 0.2975 0.44125 0.2975 0.46875 0.3125 0.46875 0.3125 0.44125
5 0.6849999999999999 0.365 0.67 0.365 0.67 0.3975 0.6849999999999999 0.3975 0.6849999999999999 0.365
5 0.53 0.45 0.5 0.45 0.5 0.47000000000000003 0.53 0.47000000000000003 0.53 0.45
5 0.94625 0.0625 0.9037499999999999 0.0625 0.9037499999999999 0.11499999999999999 0.94625 0.11499999999999999 0.94625 0.0625
5 0.63875 0.50875 0.62625 0.50875 0.62625 0.53125 0.63875 0.53125 0.63875 0.50875
5 0.54375 0.48375 0.5337500000000001 0.48375 0.5337500000000001 0.49874999999999997 0.54375 0.49874999999999997 0.54375 0.48375
5 0.53125 0.40499999999999997 0.49625 0.40499999999999997 0.49625 0.43 0.53125 0.43 0.53125 0.40499999999999997
5 0.97 0.12875 0.9400000000000001 0.12875 0.9400000000000001 0.17124999999999999 0.97 0.17124999999999999 0.97 0.12875
5 0.5525 0.5237499999999999 0.545 0.5237499999999999 0.545 0.54375 0.5525 0.54375 0.5525 0.5237499999999999
5 0.3025 0.44375 0.2875 0.44375 0.2875 0.47125000000000006 0.3025 0.47125000000000006 0.3025 0.44375
5 0.58875 0.47000000000000003 0.57125 0.47000000000000003 0.57125 0.49000000000000005 0.58875 0.49000000000000005 0.58875 0.47000000000000003
5 0.275 0.45 0.255 0.45 0.255 0.475 0.275 0.475 0.275 0.45
5 0.7112499999999999 0.495 0.69875 0.495 0.69875 0.515 0.7112499999999999 0.515 0.7112499999999999 0.495
5 0.26375000000000004 0.4525 0.24625 0.4525 0.24625 0.47750000000000004 0.26375000000000004 0.47750000000000004 0.26375000000000004 0.4525
5 0.5862499999999999 0.5175 0.57625 0.5175 0.57625 0.54 0.5862499999999999 0.54 0.5862499999999999 0.5175