5 0.24375 0.8625 0.23125 0.8625 0.23125 0.8800000000000001 0.24375 0.8800000000000001 0.24375 0.8625
5 0.20625 0.8099999999999999 0.19624999999999998 0.8099999999999999 0.19624999999999998 0.825 0.20625 0.825 0.20625 0.8099999999999999
5 0.17375000000000002 0.6775 0.15875 0.6775 0.15875 0.7 0.17375000000000002 0.7 0.17375000000000002 0.6775
5 0.21625 0.795 0.20875 0.795 0.20875 0.8099999999999999 0.21625 0.8099999999999999 0.21625 0.795
5 0.81125 0.63875 0.79875 0.63875 0.79875 0.67625 0.81125 0.67625 0.81125 0.63875
5 0.7537499999999999 0.23875000000000002 0.74125 0.23875000000000002 0.74125 0.25625 0.7537499999999999 0.25625 0.7537499999999999 0.23875000000000002
5 0.84375 0.8125 0.83375 0.8125 0.83375 0.825 0.84375 0.825 0.84375 0.8125
5 0.83625 0.55625 0.82875 0.55625 0.82875 0.56875 0.83625 0.56875 0.83625 0.55625
5 0.22999999999999998 0.83625 0.22000000000000003 0.83625 0.22000000000000003 0.8487500000000001 0.22999999999999998 0.8487500000000001 0.22999999999999998 0.83625
5 0.23374999999999999 0.85375 0.22625 0.85375 0.22625 0.8637499999999999 0.23374999999999999 0.8637499999999999 0.23374999999999999 0.85375
5 0.8275 0.60375 0.82 0.60375 0.82 0.62375 0.8275 0.62375 0.8275 0.60375
5 0.845 0.6599999999999999 0.8375 0.6599999999999999 0.8375 0.6725 0.845 0.6725 0.845 0.6599999999999999
5 0.7625 0.20249999999999999 0.7525000000000001 0.20249999999999999 0.7525000000000001 0.22749999999999998 0.7625 0.22749999999999998 0.7625 0.20249999999999999
5 0.8712500000000001 0.81875 0.8612500000000001 0.81875 0.8612500000000001 0.83375 0.8712500000000001 0.83375 0.8712500000000001 0.81875
5 0.76125 0.18125 0.7537499999999999 0.18125 0.7537499999999999 0.19624999999999998 0.76125 0.19624999999999998 0.76125 0.18125
5 0.79375 0.32375 0.7787499999999999 0.32375 0.7787499999999999 0.34375 0.79375 0.34375 0.79375 0.32375
5 0.78 0.36 0.7725 0.36 0.7725 0.375 0.78 0.375 0.78 0.36
5 0.9887499999999999 0.3675 0.98125 0.3675 0.98125 0.385 0.9887499999999999 0.385 0.9887499999999999 0.3675
5 0.8975 0.89625 0.885 0.89625 0.885 0.91625 0.8975 0.91625 0.8975 0.89625
5 0.8400000000000001 0.6975 0.8300000000000001 0.6975 0.8300000000000001 0.7125 0.8400000000000001 0.7125 0.8400000000000001 0.6975
5 0.80375 0.32625000000000004 0.79375 0.32625000000000004 0.79375 0.34125 0.80375 0.34125 0.80375 0.32625000000000004
5 0.86 0.8324999999999999 0.8525 0.8324999999999999 0.8525 0.85 0.86 0.85 0.86 0.8324999999999999
5 0.83375 0.49375 0.8262499999999999 0.49375 0.8262499999999999 0.50875 0.83375 0.50875 0.83375 0.49375
5 0.85375 0.885 0.84375 0.885 0.84375 0.9 0.85375 0.9 0.85375 0.885
5 0.82 0.48125 0.8125 0.48125 0.8125 0.49874999999999997 0.82 0.49874999999999997 0.82 0.48125
5 0.8724999999999999 0.8712500000000001 0.865 0.8712500000000001 0.865 0.88375 0.8724999999999999 0.88375 0.8724999999999999 0.8712500000000001
5 0.145 0.6475 0.1375 0.6475 0.1375 0.665 0.145 0.665 0.145 0.6475
5 0.8275 0.735 0.8175000000000001 0.735 0.8175000000000001 0.7525000000000001 0.8275 0.7525000000000001 0.8275 0.735
5 0.82875 0.57125 0.82125 0.57125 0.82125 0.5912499999999999 0.82875 0.5912499999999999 0.82875 0.57125
5 0.8074999999999999 0.3825 0.7975 0.3825 0.7975 0.4 0.8074999999999999 0.4 0.8074999999999999 0.3825
5 0.5587500000000001 0.43875000000000003 0.55125 0.43875000000000003 0.55125 0.45125000000000004 0.5587500000000001 0.45125000000000004 0.5587500000000001 0.43875000000000003
5 0.90625 0.9375 0.89375 0.9375 0.89375 0.9550000000000001 0.90625 0.9550000000000001 0.90625 0.9375
5 0.8262499999999999 0.51875 0.8162499999999999 0.51875 0.8162499999999999 0.5387500000000001 0.8262499999999999 0.5387500000000001 0.8262499999999999 0.51875
5 0.8387499999999999 0.60875 0.83125 0.60875 0.83125 0.63125 0.8387499999999999 0.63125 0.8387499999999999 0.60875
5 0.8825 0.905 0.8724999999999999 0.905 0.8724999999999999 0.9199999999999999 0.8825 0.9199999999999999 0.8825 0.905
5 0.8550000000000001 0.74375 0.85 0.74375 0.85 0.75875 0.8550000000000001 0.75875 0.8550000000000001 0.74375
5 0.85125 0.7837500000000001 0.84375 0.7837500000000001 0.84375 0.80375 0.85125 0.80375 0.85125 0.7837500000000001
5 0.83375 0.8025 0.8237500000000001 0.8025 0.8237500000000001 0.8175000000000001 0.83375 0.8175000000000001 0.83375 0.8025
5 0.825 0.43875000000000003 0.8150000000000001 0.43875000000000003 0.8150000000000001 0.45125000000000004 0.825 0.45125000000000004 0.825 0.43875000000000003
5 0.81125 0.3525 0.80375 0.3525 0.80375 0.37 0.81125 0.37 0.81125 0.3525
5 0.92125 0.98125 0.91375 0.98125 0.91375 0.9962500000000001 0.92125 0.9962500000000001 0.92125 0.98125
5 0.7424999999999999 0.14625 0.735 0.14625 0.735 0.16125 0.7424999999999999 0.16125 0.7424999999999999 0.14625
5 0.74375 0.11625 0.73625 0.11625 0.73625 0.13125 0.74375 0.13125 0.74375 0.11625
5 0.8412499999999999 0.73375 0.83625 0.73375 0.83625 0.75125 0.8412499999999999 0.75125 0.8412499999999999 0.73375