5 0.41875 0.55625 0.39875 0.55625 0.39875 0.56875 0.41875 0.56875 0.41875 0.55625
5 0.39625 0.54625 0.37374999999999997 0.54625 0.37374999999999997 0.5587500000000001 0.39625 0.5587500000000001 0.39625 0.54625
5 0.37625000000000003 0.54125 0.35625 0.54125 0.35625 0.55375 0.37625000000000003 0.55375 0.37625000000000003 0.54125
5 0.3 0.5325 0.28250000000000003 0.5325 0.28250000000000003 0.545 0.3 0.545 0.3 0.5325
5 0.46749999999999997 0.74375 0.44000000000000006 0.74375 0.44000000000000006 0.76125 0.46749999999999997 0.76125 0.46749999999999997 0.74375
5 0.51625 0.63875 0.49874999999999997 0.63875 0.49874999999999997 0.6837500000000001 0.51625 0.6837500000000001 0.51625 0.63875
5 0.49749999999999994 0.5875 0.48 0.5875 0.48 0.61 0.49749999999999994 0.61 0.49749999999999994 0.5875
5 0.34750000000000003 0.22749999999999998 0.325 0.22749999999999998 0.325 0.24 0.34750000000000003 0.24 0.34750000000000003 0.22749999999999998
5 0.77125 0.33125 0.74875 0.33125 0.74875 0.34375 0.77125 0.34375 0.77125 0.33125
5 0.8387499999999999 0.33875 0.81125 0.33875 0.81125 0.35375 0.8387499999999999 0.35375 0.8387499999999999 0.33875
5 0.86875 0.34625 0.8487500000000001 0.34625 0.8487500000000001 0.35625 0.86875 0.35625 0.86875 0.34625
5 0.3725 0.23500000000000001 0.3525 0.23500000000000001 0.3525 0.2475 0.3725 0.2475 0.3725 0.23500000000000001
5 0.43499999999999994 0.25 0.4175 0.25 0.4175 0.265 0.43499999999999994 0.265 0.43499999999999994 0.25
5 0.4575 0.2725 0.4375 0.2725 0.4375 0.28250000000000003 0.4575 0.28250000000000003 0.4575 0.2725