5 0.99375 0.7625 0.95875 0.7625 0.95875 0.7825 0.99375 0.7825 0.99375 0.7625
5 0.3025 0.32999999999999996 0.275 0.32999999999999996 0.275 0.34750000000000003 0.3025 0.34750000000000003 0.3025 0.32999999999999996
5 0.28125 0.385 0.25875 0.385 0.25875 0.3975 0.28125 0.3975 0.28125 0.385
5 0.29 0.36375 0.27 0.36375 0.27 0.37625000000000003 0.29 0.37625000000000003 0.29 0.36375
5 0.3075 0.3175 0.29 0.3175 0.29 0.3275 0.3075 0.3275 0.3075 0.3175
5 0.32625000000000004 0.1575 0.30375 0.1575 0.30375 0.20249999999999999 0.32625000000000004 0.20249999999999999 0.32625000000000004 0.1575
5 0.44000000000000006 0.15125 0.42000000000000004 0.15125 0.42000000000000004 0.16375 0.44000000000000006 0.16375 0.44000000000000006 0.15125
5 0.40125 0.24 0.38375 0.24 0.38375 0.2525 0.40125 0.2525 0.40125 0.24
5 0.48875 0.14750000000000002 0.46875 0.14750000000000002 0.46875 0.16 0.48875 0.16 0.48875 0.14750000000000002
5 0.49874999999999997 0.12250000000000001 0.48125 0.12250000000000001 0.48125 0.135 0.49874999999999997 0.135 0.49874999999999997 0.12250000000000001
5 0.034999999999999996 0.185 0.015 0.185 0.015 0.195 0.034999999999999996 0.195 0.034999999999999996 0.185
5 0.11000000000000001 0.11374999999999999 0.08249999999999999 0.11374999999999999 0.08249999999999999 0.13125 0.11000000000000001 0.13125 0.11000000000000001 0.11374999999999999
5 0.41125 0.22374999999999998 0.39375 0.22374999999999998 0.39375 0.23625 0.41125 0.23625 0.41125 0.22374999999999998
5 0.5237499999999999 0 0.5237499999999999 0.008749999999999999 0.53625 0.008749999999999999 0.53625 0 0.5237499999999999 0
5 0.36875 0.46125 0.34375 0.46125 0.34375 0.47375 0.36875 0.47375 0.36875 0.46125
5 0.4425 0.73875 0.39 0.73875 0.39 0.7737499999999999 0.4425 0.7737499999999999 0.4425 0.73875
5 0.45625 0.24500000000000002 0.42874999999999996 0.24500000000000002 0.42874999999999996 0.26 0.45625 0.26 0.45625 0.24500000000000002
5 0.39 0.41500000000000004 0.36 0.41500000000000004 0.36 0.4325 0.39 0.4325 0.39 0.41500000000000004
5 0.35750000000000004 0.48624999999999996 0.3325 0.48624999999999996 0.3325 0.5037499999999999 0.35750000000000004 0.5037499999999999 0.35750000000000004 0.48624999999999996
5 0.26 0.45125000000000004 0.22999999999999998 0.45125000000000004 0.22999999999999998 0.46875 0.26 0.46875 0.26 0.45125000000000004
5 0.9337500000000001 0.65625 0.91375 0.65625 0.91375 0.67125 0.9337500000000001 0.67125 0.9337500000000001 0.65625
5 0.32999999999999996 0.43 0.2975 0.43 0.2975 0.4525 0.32999999999999996 0.4525 0.32999999999999996 0.43
5 0.44125 0.28250000000000003 0.41624999999999995 0.28250000000000003 0.41624999999999995 0.29500000000000004 0.44125 0.29500000000000004 0.44125 0.28250000000000003
5 0.42000000000000004 0.33375 0.39249999999999996 0.33375 0.39249999999999996 0.34875 0.42000000000000004 0.34875 0.42000000000000004 0.33375
5 0.37625000000000003 0.31875 0.35125 0.31875 0.35125 0.33375 0.37625000000000003 0.33375 0.37625000000000003 0.31875
5 0.33125 0.42750000000000005 0.30874999999999997 0.42750000000000005 0.30874999999999997 0.4425 0.33125 0.4425 0.33125 0.42750000000000005
5 0.45 0.2525 0.425 0.2525 0.425 0.27 0.45 0.27 0.45 0.2525
5 0.40750000000000003 0.3625 0.385 0.3625 0.385 0.3775 0.40750000000000003 0.3775 0.40750000000000003 0.3625
5 0.96125 0.81875 0.94625 0.81875 0.94625 0.83125 0.96125 0.83125 0.96125 0.81875
5 0.51125 0.7625 0.46125 0.7625 0.46125 0.795 0.51125 0.795 0.51125 0.7625
5 0.3825 0.29874999999999996 0.355 0.29874999999999996 0.355 0.31875 0.3825 0.31875 0.3825 0.29874999999999996
5 0.3725 0.32625000000000004 0.34750000000000003 0.32625000000000004 0.34750000000000003 0.34375 0.3725 0.34375 0.3725 0.32625000000000004
5 0.3025 0.50125 0.27999999999999997 0.50125 0.27999999999999997 0.51625 0.3025 0.51625 0.3025 0.50125
5 0.37875000000000003 0.4425 0.35125 0.4425 0.35125 0.4575 0.37875000000000003 0.4575 0.37875000000000003 0.4425
5 0.3 0.34249999999999997 0.27749999999999997 0.34249999999999997 0.27749999999999997 0.36 0.3 0.36 0.3 0.34249999999999997
5 0.335 0.4175 0.31 0.4175 0.31 0.4325 0.335 0.4325 0.335 0.4175
5 0.31625000000000003 0.4725 0.29125 0.4725 0.29125 0.49000000000000005 0.31625000000000003 0.49000000000000005 0.31625000000000003 0.4725
5 0.29500000000000004 0.35375 0.27 0.35375 0.27 0.36875 0.29500000000000004 0.36875 0.29500000000000004 0.35375
5 0.44875 0.26375000000000004 0.42125 0.26375000000000004 0.42125 0.27625 0.44875 0.27625 0.44875 0.26375000000000004
5 0.2725 0.41 0.2425 0.41 0.2425 0.42750000000000005 0.2725 0.42750000000000005 0.2725 0.41
5 0.26625 0.42125 0.24125000000000002 0.42125 0.24125000000000002 0.43875000000000003 0.26625 0.43875000000000003 0.26625 0.42125
5 0.30375 0.48875 0.28125 0.48875 0.28125 0.50625 0.30375 0.50625 0.30375 0.48875
5 0.43375 0.3 0.40875000000000006 0.3 0.40875000000000006 0.3125 0.43375 0.3125 0.43375 0.3
5 0.28375 0.39249999999999996 0.25125000000000003 0.39249999999999996 0.25125000000000003 0.41 0.28375 0.41 0.28375 0.39249999999999996
5 0.395 0.275 0.3675 0.275 0.3675 0.29 0.395 0.29 0.395 0.275
5 0.34375 0.4 0.31875 0.4 0.31875 0.41500000000000004 0.34375 0.41500000000000004 0.34375 0.4
5 0.32 0.46375 0.2925 0.46375 0.2925 0.47874999999999995 0.32 0.47874999999999995 0.32 0.46375
5 0.36375 0.46875 0.33625 0.46875 0.33625 0.48624999999999996 0.36375 0.48624999999999996 0.36375 0.46875
5 0.9775 0.79375 0.9550000000000001 0.79375 0.9550000000000001 0.80375 0.9775 0.80375 0.9775 0.79375
5 0.39 0.28250000000000003 0.3625 0.28250000000000003 0.3625 0.3 0.39 0.3 0.39 0.28250000000000003
5 0.29 0.3725 0.2625 0.3725 0.2625 0.3875 0.29 0.3875 0.29 0.3725
5 0.35 0.38375 0.3275 0.38375 0.3275 0.39875 0.35 0.39875 0.35 0.38375
5 0.42374999999999996 0.32625000000000004 0.39875 0.32625000000000004 0.39875 0.34125 0.42374999999999996 0.34125 0.42374999999999996 0.32625000000000004
5 0.35375 0.5075000000000001 0.32625000000000004 0.5075000000000001 0.32625000000000004 0.5225 0.35375 0.5225 0.35375 0.5075000000000001
5 0.41125 0.3525 0.38375 0.3525 0.38375 0.3675 0.41125 0.3675 0.41125 0.3525
5 0.3975 0.3975 0.37 0.3975 0.37 0.4125 0.3975 0.4125 0.3975 0.3975
5 0.47750000000000004 0.17124999999999999 0.45499999999999996 0.17124999999999999 0.45499999999999996 0.18625 0.47750000000000004 0.18625 0.47750000000000004 0.17124999999999999
5 0.4375 0.29125 0.4125 0.29125 0.4125 0.30625 0.4375 0.30625 0.4375 0.29125
5 0.395 0.3875 0.37 0.3875 0.37 0.4025 0.395 0.4025 0.395 0.3875
5 0.3825 0.43499999999999994 0.35750000000000004 0.43499999999999994 0.35750000000000004 0.45 0.3825 0.45 0.3825 0.43499999999999994
5 0.40125 0.25625 0.37625000000000003 0.25625 0.37625000000000003 0.27125 0.40125 0.27125 0.40125 0.25625
5 0.32125 0.45375 0.29874999999999996 0.45375 0.29874999999999996 0.47125000000000006 0.32125 0.47125000000000006 0.32125 0.45375
5 0.37875000000000003 0.31124999999999997 0.35375 0.31124999999999997 0.35375 0.32625000000000004 0.37875000000000003 0.32625000000000004 0.37875000000000003 0.31124999999999997
5 0.36124999999999996 0.35625 0.33625 0.35625 0.33625 0.37124999999999997 0.36124999999999996 0.37124999999999997 0.36124999999999996 0.35625
5 0.4575 0.23500000000000001 0.43 0.23500000000000001 0.43 0.2525 0.4575 0.2525 0.4575 0.23500000000000001
5 0.34625 0.5237499999999999 0.31875 0.5237499999999999 0.31875 0.5387500000000001 0.34625 0.5387500000000001 0.34625 0.5237499999999999
5 0.26749999999999996 0.43125 0.2425 0.43125 0.2425 0.44625000000000004 0.26749999999999996 0.44625000000000004 0.26749999999999996 0.43125
5 0.9625 0.83375 0.9275 0.83375 0.9275 0.8487500000000001 0.9625 0.8487500000000001 0.9625 0.83375
5 0.34750000000000003 0.39125 0.3225 0.39125 0.3225 0.40625 0.34750000000000003 0.40625 0.34750000000000003 0.39125
5 0.3825 0.425 0.355 0.425 0.355 0.44000000000000006 0.3825 0.44000000000000006 0.3825 0.425
5 0.395 0.265 0.37 0.265 0.37 0.27999999999999997 0.395 0.27999999999999997 0.395 0.265
5 0.40374999999999994 0.36875 0.37875000000000003 0.36875 0.37875000000000003 0.38625 0.40374999999999994 0.38625 0.40374999999999994 0.36875
5 0.32625000000000004 0.44375 0.29874999999999996 0.44375 0.29874999999999996 0.46125 0.32625000000000004 0.46125 0.32625000000000004 0.44375
5 0.43 0.3075 0.4025 0.3075 0.4025 0.3225 0.43 0.3225 0.43 0.3075
5 0.48875 0.16375 0.45875000000000005 0.16375 0.45875000000000005 0.17875000000000002 0.48875 0.17875000000000002 0.48875 0.16375
5 0.25125000000000003 0.45999999999999996 0.22625 0.45999999999999996 0.22625 0.47750000000000004 0.25125000000000003 0.47750000000000004 0.25125000000000003 0.45999999999999996
5 0.31 0.32375 0.28250000000000003 0.32375 0.28250000000000003 0.33875 0.31 0.33875 0.31 0.32375
5 0.355 0.36625 0.335 0.36625 0.335 0.38125 0.355 0.38125 0.355 0.36625
5 0.46749999999999997 0.21875 0.44000000000000006 0.21875 0.44000000000000006 0.23374999999999999 0.46749999999999997 0.23374999999999999 0.46749999999999997 0.21875
5 0.41875 0.34249999999999997 0.38625 0.34249999999999997 0.38625 0.36 0.41875 0.36 0.41875 0.34249999999999997
5 0.38625 0.29500000000000004 0.35875 0.29500000000000004 0.35875 0.3075 0.38625 0.3075 0.38625 0.29500000000000004
5 0.4425 0.27375 0.42000000000000004 0.27375 0.42000000000000004 0.28625 0.4425 0.28625 0.4425 0.27375
5 0.34875 0.515 0.32125 0.515 0.32125 0.53 0.34875 0.53 0.34875 0.515
5 0.9824999999999999 0.7825 0.9550000000000001 0.7825 0.9550000000000001 0.7975 0.9824999999999999 0.7975 0.9824999999999999 0.7825
5 0.33875 0.41 0.31375000000000003 0.41 0.31375000000000003 0.425 0.33875 0.425 0.33875 0.41
5 0.29874999999999996 0.50875 0.27375 0.50875 0.27375 0.5237499999999999 0.29874999999999996 0.5237499999999999 0.29874999999999996 0.50875
5 0.42625 0.31625000000000003 0.39875 0.31625000000000003 0.39875 0.33125 0.42625 0.33125 0.42625 0.31625000000000003
5 0.3675 0.3375 0.34249999999999997 0.3375 0.34249999999999997 0.3525 0.3675 0.3525 0.3675 0.3375
5 0.35125 0.375 0.33125 0.375 0.33125 0.39 0.35125 0.39 0.35125 0.375
5 0.95875 0.85375 0.92875 0.85375 0.92875 0.8712500000000001 0.95875 0.8712500000000001 0.95875 0.85375
5 0.40625 0.25125000000000003 0.38125 0.25125000000000003 0.38125 0.26375000000000004 0.40625 0.26375000000000004 0.40625 0.25125000000000003
5 0.36124999999999996 0.48 0.33625 0.48 0.33625 0.495 0.36124999999999996 0.495 0.36124999999999996 0.48
5 0.45999999999999996 0.22749999999999998 0.4375 0.22749999999999998 0.4375 0.24 0.45999999999999996 0.24 0.45999999999999996 0.22749999999999998
5 0.395 0.40499999999999997 0.3625 0.40499999999999997 0.3625 0.4225 0.395 0.4225 0.395 0.40499999999999997
5 0.27875 0.4025 0.25125000000000003 0.4025 0.25125000000000003 0.42000000000000004 0.27875 0.42000000000000004 0.27875 0.4025
5 0.36625 0.34625 0.34125 0.34625 0.34125 0.36124999999999996 0.36625 0.36124999999999996 0.36625 0.34625
5 0.31 0.48125 0.28500000000000003 0.48125 0.28500000000000003 0.49874999999999997 0.31 0.49874999999999997 0.31 0.48125
5 0.4 0.38 0.375 0.38 0.375 0.395 0.4 0.395 0.4 0.38
5 0.37124999999999997 0.45125000000000004 0.34625 0.45125000000000004 0.34625 0.46875 0.37124999999999997 0.46875 0.37124999999999997 0.45125000000000004
5 0.35375 0.49874999999999997 0.33125 0.49874999999999997 0.33125 0.51375 0.35375 0.51375 0.35375 0.49874999999999997
5 0.26 0.44000000000000006 0.2325 0.44000000000000006 0.2325 0.45499999999999996 0.26 0.45499999999999996 0.26 0.44000000000000006