5 0.6725 0.5962500000000001 0.6525000000000001 0.5962500000000001 0.6525000000000001 0.61125 0.6725 0.61125 0.6725 0.5962500000000001
5 0.7625 0.6212500000000001 0.74 0.6212500000000001 0.74 0.63625 0.7625 0.63625 0.7625 0.6212500000000001
5 0.795 0.635 0.77 0.635 0.77 0.6475 0.795 0.6475 0.795 0.635
5 0.79875 0.8637499999999999 0.78125 0.8637499999999999 0.78125 0.87375 0.79875 0.87375 0.79875 0.8637499999999999
5 0.9574999999999999 0.6825 0.945 0.6825 0.945 0.7075 0.9574999999999999 0.7075 0.9574999999999999 0.6825
5 0.94375 0.5662499999999999 0.92875 0.5662499999999999 0.92875 0.58875 0.94375 0.58875 0.94375 0.5662499999999999
5 0.975 0.83625 0.9525 0.83625 0.9525 0.8612500000000001 0.975 0.8612500000000001 0.975 0.83625
5 0.8574999999999999 0.8699999999999999 0.835 0.8699999999999999 0.835 0.8825 0.8574999999999999 0.8825 0.8574999999999999 0.8699999999999999
5 0.6825 0.8550000000000001 0.6625 0.8550000000000001 0.6625 0.8724999999999999 0.6825 0.8724999999999999 0.6825 0.8550000000000001
5 0.8949999999999999 0.28250000000000003 0.8825 0.28250000000000003 0.8825 0.3025 0.8949999999999999 0.3025 0.8949999999999999 0.28250000000000003
5 0.3875 0.70625 0.37 0.70625 0.37 0.7262500000000001 0.3875 0.7262500000000001 0.3875 0.70625
5 0.2325 0.85375 0.215 0.85375 0.215 0.86875 0.2325 0.86875 0.2325 0.85375
5 0.7224999999999999 0.2975 0.705 0.2975 0.705 0.3075 0.7224999999999999 0.3075 0.7224999999999999 0.2975
5 0.06 0.86625 0.0375 0.86625 0.0375 0.88375 0.06 0.88375 0.06 0.86625
5 0.1775 0.8712500000000001 0.16 0.8712500000000001 0.16 0.88375 0.1775 0.88375 0.1775 0.8712500000000001
5 0.74125 0.8675 0.7112499999999999 0.8675 0.7112499999999999 0.8800000000000001 0.74125 0.8800000000000001 0.74125 0.8675
5 0.925 0.44875 0.9125 0.44875 0.9125 0.46875 0.925 0.46875 0.925 0.44875
5 0.5549999999999999 0.525 0.53 0.525 0.53 0.54 0.5549999999999999 0.54 0.5549999999999999 0.525
5 0.22999999999999998 0.38 0.2125 0.38 0.2125 0.395 0.22999999999999998 0.395 0.22999999999999998 0.38
5 0.9275 0.4725 0.9099999999999999 0.4725 0.9099999999999999 0.495 0.9275 0.495 0.9275 0.4725
5 0.635 0.8724999999999999 0.6025 0.8724999999999999 0.6025 0.8875 0.635 0.8875 0.635 0.8724999999999999
5 0.9125 0.1925 0.8925000000000001 0.1925 0.8925000000000001 0.215 0.9125 0.215 0.9125 0.1925
5 0.89875 0.20249999999999999 0.8787499999999999 0.20249999999999999 0.8787499999999999 0.225 0.89875 0.225 0.89875 0.20249999999999999
5 0.9125 0.9099999999999999 0.8925000000000001 0.9099999999999999 0.8925000000000001 0.9400000000000001 0.9125 0.9400000000000001 0.9125 0.9099999999999999
5 0.8825 0.0775 0.8550000000000001 0.0775 0.8550000000000001 0.1025 0.8825 0.1025 0.8825 0.0775
5 0.9375 0.4125 0.9175000000000001 0.4125 0.9175000000000001 0.42750000000000005 0.9375 0.42750000000000005 0.9375 0.4125
5 0.96 0.42625 0.9400000000000001 0.42625 0.9400000000000001 0.45375 0.96 0.45375 0.96 0.42625
5 0.615 0.35 0.6025 0.35 0.6025 0.3725 0.615 0.3725 0.615 0.35
5 0.665 0.305 0.6525000000000001 0.305 0.6525000000000001 0.3175 0.665 0.3175 0.665 0.305
5 0.20875 0.63875 0.18875 0.63875 0.18875 0.6487499999999999 0.20875 0.6487499999999999 0.20875 0.63875
5 0.07375000000000001 0.44625000000000004 0.05125 0.44625000000000004 0.05125 0.46875 0.07375000000000001 0.46875 0.07375000000000001 0.44625000000000004
5 0.75625 0.8775000000000001 0.72875 0.8775000000000001 0.72875 0.89 0.75625 0.89 0.75625 0.8775000000000001
5 0.86875 0.12375 0.85125 0.12375 0.85125 0.14375 0.86875 0.14375 0.86875 0.12375
5 0.36124999999999996 0.7075 0.34125 0.7075 0.34125 0.725 0.36124999999999996 0.725 0.36124999999999996 0.7075
5 0.47125000000000006 0.495 0.45125000000000004 0.495 0.45125000000000004 0.5075000000000001 0.47125000000000006 0.5075000000000001 0.47125000000000006 0.495
5 0.5037499999999999 0.0025 0.48875 0.0025 0.48875 0.025 0.5037499999999999 0.025 0.5037499999999999 0.0025
5 0.755 0.31 0.735 0.31 0.735 0.32 0.755 0.32 0.755 0.31
5 0.48125 0.55375 0.46875 0.55375 0.46875 0.57375 0.48125 0.57375 0.48125 0.55375
5 0.5650000000000001 0.54625 0.5375 0.54625 0.5375 0.56125 0.5650000000000001 0.56125 0.5650000000000001 0.54625
5 0.46749999999999997 0.6075 0.4375 0.6075 0.4375 0.6275000000000001 0.46749999999999997 0.6275000000000001 0.46749999999999997 0.6075
5 0 0.5662499999999999 0.015 0.5662499999999999 0.015 0.54625 0 0.54625 0 0.5662499999999999
5 0.2 0.40374999999999994 0.1825 0.40374999999999994 0.1825 0.41125 0.2 0.41125 0.2 0.40374999999999994
5 0.30125 0.2625 0.28375 0.2625 0.28375 0.275 0.30125 0.275 0.30125 0.2625
5 0.5587500000000001 0.79875 0.53625 0.79875 0.53625 0.8087500000000001 0.5587500000000001 0.8087500000000001 0.5587500000000001 0.79875
5 0.11125 0.16375 0.09625 0.16375 0.09625 0.17625 0.11125 0.17625 0.11125 0.16375
5 0.4425 0.58875 0.425 0.58875 0.425 0.60875 0.4425 0.60875 0.4425 0.58875
5 0.475 0.5900000000000001 0.45 0.5900000000000001 0.45 0.6075 0.475 0.6075 0.475 0.5900000000000001
5 0.3975 0.65125 0.3825 0.65125 0.3825 0.67375 0.3975 0.67375 0.3975 0.65125
5 1 0.98125 0.985 0.98125 0.985 0.99375 1 0.99375 1 0.98125
5 0.95625 0.62 0.93875 0.62 0.93875 0.6375 0.95625 0.6375 0.95625 0.62
5 0.6 0.8800000000000001 0.58 0.8800000000000001 0.58 0.8949999999999999 0.6 0.8949999999999999 0.6 0.8800000000000001
5 0.5575 0.8975 0.5325 0.8975 0.5325 0.9099999999999999 0.5575 0.9099999999999999 0.5575 0.8975
5 0.1775 0.375 0.155 0.375 0.155 0.3875 0.1775 0.3875 0.1775 0.375
5 0.26875 0.28875 0.24375 0.28875 0.24375 0.30125 0.26875 0.30125 0.26875 0.28875
5 0.45125000000000004 0.9487500000000001 0.43624999999999997 0.9487500000000001 0.43624999999999997 0.95625 0.45125000000000004 0.95625 0.45125000000000004 0.9487500000000001
5 0.43125 0.6487499999999999 0.41875 0.6487499999999999 0.41875 0.66875 0.43125 0.66875 0.43125 0.6487499999999999
5 0.23500000000000001 0.39875 0.2125 0.39875 0.2125 0.41125 0.23500000000000001 0.41125 0.23500000000000001 0.39875
5 0.99875 1 0.99875 0.985 0.9712500000000001 0.985 0.9712500000000001 1 0.99875 1
5 0.87375 0.1525 0.8612500000000001 0.1525 0.8612500000000001 0.16999999999999998 0.87375 0.16999999999999998 0.87375 0.1525
5 0.9625 0.64375 0.9425000000000001 0.64375 0.9425000000000001 0.6637500000000001 0.9625 0.6637500000000001 0.9625 0.64375
5 0.9887499999999999 0.7025 0.9737500000000001 0.7025 0.9737500000000001 0.72 0.9887499999999999 0.72 0.9887499999999999 0.7025
5 0.645 0.3075 0.6325000000000001 0.3075 0.6325000000000001 0.32999999999999996 0.645 0.32999999999999996 0.645 0.3075
5 0.4875 0.045 0.47000000000000003 0.045 0.47000000000000003 0.06 0.4875 0.06 0.4875 0.045
5 0.16 0.20625 0.145 0.20625 0.145 0.22374999999999998 0.16 0.22374999999999998 0.16 0.20625
5 0.49375 0.06875 0.47874999999999995 0.06875 0.47874999999999995 0.07875 0.49375 0.07875 0.49375 0.06875
5 0.63375 0.35 0.61625 0.35 0.61625 0.37 0.63375 0.37 0.63375 0.35
5 0.275 0.82125 0.2475 0.82125 0.2475 0.8412499999999999 0.275 0.8412499999999999 0.275 0.82125
5 0.64625 0.595 0.61875 0.595 0.61875 0.6125 0.64625 0.6125 0.64625 0.595
5 0.9025000000000001 0.9425000000000001 0.8699999999999999 0.9425000000000001 0.8699999999999999 0.96 0.9025000000000001 0.96 0.9025000000000001 0.9425000000000001
5 0.8375 0.87625 0.805 0.87625 0.805 0.89375 0.8375 0.89375 0.8375 0.87625
5 0.7150000000000001 0.61 0.6900000000000001 0.61 0.6900000000000001 0.6275000000000001 0.7150000000000001 0.6275000000000001 0.7150000000000001 0.61
5 0.36 0.69375 0.32999999999999996 0.69375 0.32999999999999996 0.70625 0.36 0.70625 0.36 0.69375
5 0.034999999999999996 0.5575 0.015 0.5575 0.015 0.5725 0.034999999999999996 0.5725 0.034999999999999996 0.5575
5 0.45875000000000005 0.5675 0.44625000000000004 0.5675 0.44625000000000004 0.585 0.45875000000000005 0.585 0.45875000000000005 0.5675
5 0.38875000000000004 0.9675 0.36625 0.9675 0.36625 0.9775 0.38875000000000004 0.9775 0.38875000000000004 0.9675
5 0.9862500000000001 0.8300000000000001 0.9637499999999999 0.8300000000000001 0.9637499999999999 0.8474999999999999 0.9862500000000001 0.8474999999999999 0.9862500000000001 0.8300000000000001
5 0.8099999999999999 0.8887499999999999 0.775 0.8887499999999999 0.775 0.9087500000000001 0.8099999999999999 0.9087500000000001 0.8099999999999999 0.8887499999999999
5 0.74 0.8412499999999999 0.71 0.8412499999999999 0.71 0.85625 0.74 0.85625 0.74 0.8412499999999999
5 0.9237500000000001 0.31124999999999997 0.9112500000000001 0.31124999999999997 0.9112500000000001 0.33375 0.9237500000000001 0.33375 0.9237500000000001 0.31124999999999997
5 0.43 0.6325000000000001 0.41 0.6325000000000001 0.41 0.65 0.43 0.65 0.43 0.6325000000000001
5 0.11000000000000001 0.32375 0.0925 0.32375 0.0925 0.34125 0.11000000000000001 0.34125 0.11000000000000001 0.32375
5 0.07125000000000001 0.47750000000000004 0.05125 0.47750000000000004 0.05125 0.4925 0.07125000000000001 0.4925 0.07125000000000001 0.47750000000000004
5 0.9199999999999999 0.35 0.9 0.35 0.9 0.3725 0.9199999999999999 0.3725 0.9199999999999999 0.35
5 0.29375 0.79375 0.26875 0.79375 0.26875 0.81375 0.29375 0.81375 0.29375 0.79375
5 0.24874999999999997 0.8162499999999999 0.22374999999999998 0.8162499999999999 0.22374999999999998 0.83375 0.24874999999999997 0.83375 0.24874999999999997 0.8162499999999999
5 0.02375 0.5075000000000001 0.00125 0.5075000000000001 0.00125 0.5225 0.02375 0.5225 0.02375 0.5075000000000001
5 0.4325 0.5912499999999999 0.4125 0.5912499999999999 0.4125 0.61125 0.4325 0.61125 0.4325 0.5912499999999999
5 0.69625 0.24125000000000002 0.67125 0.24125000000000002 0.67125 0.26625 0.69625 0.26625 0.69625 0.24125000000000002
5 0.02 0.8474999999999999 0.0075 0.8474999999999999 0.0075 0.8574999999999999 0.02 0.8574999999999999 0.02 0.8474999999999999
5 0.32999999999999996 0.7849999999999999 0.3075 0.7849999999999999 0.3075 0.8125 0.32999999999999996 0.8125 0.32999999999999996 0.7849999999999999
5 0.7275 0.19125 0.7125 0.19125 0.7125 0.20375000000000001 0.7275 0.20375000000000001 0.7275 0.19125
5 0.185 0.1925 0.1675 0.1925 0.1675 0.20249999999999999 0.185 0.20249999999999999 0.185 0.1925
5 0.16625 0.34249999999999997 0.13625 0.34249999999999997 0.13625 0.3675 0.16625 0.3675 0.16625 0.34249999999999997
5 0.6799999999999999 0.88375 0.65 0.88375 0.65 0.89625 0.6799999999999999 0.89625 0.6799999999999999 0.88375
5 0.9237500000000001 0.41875 0.9012499999999999 0.41875 0.9012499999999999 0.44375 0.9237500000000001 0.44375 0.9237500000000001 0.41875
5 0.20375000000000001 0.8800000000000001 0.17625 0.8800000000000001 0.17625 0.8949999999999999 0.20375000000000001 0.8949999999999999 0.20375000000000001 0.8800000000000001
5 0.49625 0.515 0.47375 0.515 0.47375 0.5349999999999999 0.49625 0.5349999999999999 0.49625 0.515
5 0.48875 0.14750000000000002 0.47375 0.14750000000000002 0.47375 0.16499999999999998 0.48875 0.16499999999999998 0.48875 0.14750000000000002
5 0.1875 0.6275000000000001 0.1675 0.6275000000000001 0.1675 0.6375 0.1875 0.6375 0.1875 0.6275000000000001
5 0.32375 0.7775000000000001 0.30625 0.7775000000000001 0.30625 0.7875 0.32375 0.7875 0.32375 0.7775000000000001
5 0.11000000000000001 0.45 0.08499999999999999 0.45 0.08499999999999999 0.465 0.11000000000000001 0.465 0.11000000000000001 0.45
5 0.9324999999999999 0.37625000000000003 0.915 0.37625000000000003 0.915 0.39875 0.9324999999999999 0.39875 0.9324999999999999 0.37625000000000003
5 0.98375 0.59375 0.96875 0.59375 0.96875 0.61375 0.98375 0.61375 0.98375 0.59375
5 0.9724999999999999 0.58875 0.9475 0.58875 0.9475 0.61375 0.9724999999999999 0.61375 0.9724999999999999 0.58875
5 0.39 0.6475 0.3675 0.6475 0.3675 0.6625 0.39 0.6625 0.39 0.6475
5 0.15375 0.40374999999999994 0.13625 0.40374999999999994 0.13625 0.41624999999999995 0.15375 0.41624999999999995 0.15375 0.40374999999999994
5 0.4225 0.6125 0.41 0.6125 0.41 0.6325000000000001 0.4225 0.6325000000000001 0.4225 0.6125
5 0.6925 0.29125 0.6775 0.29125 0.6775 0.31124999999999997 0.6925 0.31124999999999997 0.6925 0.29125
5 0.057499999999999996 0.13374999999999998 0.0375 0.13374999999999998 0.0375 0.14375 0.057499999999999996 0.14375 0.057499999999999996 0.13374999999999998
5 0.375 0.20375000000000001 0.3525 0.20375000000000001 0.3525 0.22125 0.375 0.22125 0.375 0.20375000000000001
5 0.5725 0.445 0.55 0.445 0.55 0.4625 0.5725 0.4625 0.5725 0.445
5 0.40875000000000006 0.60625 0.39375 0.60625 0.39375 0.63125 0.40875000000000006 0.63125 0.40875000000000006 0.60625
5 0.7474999999999999 0.18375 0.7375 0.18375 0.7375 0.20625 0.7474999999999999 0.20625 0.7474999999999999 0.18375
5 0.215 0.32999999999999996 0.20249999999999999 0.32999999999999996 0.20249999999999999 0.33999999999999997 0.215 0.33999999999999997 0.215 0.32999999999999996
5 0.9175000000000001 0.37875000000000003 0.9 0.37875000000000003 0.9 0.40125 0.9175000000000001 0.40125 0.9175000000000001 0.37875000000000003
5 0.9037499999999999 0.13625 0.88125 0.13625 0.88125 0.15625 0.9037499999999999 0.15625 0.9037499999999999 0.13625
5 0.47874999999999995 0.51 0.45375 0.51 0.45375 0.5275000000000001 0.47874999999999995 0.5275000000000001 0.47874999999999995 0.51
5 0.16999999999999998 0.92125 0.13999999999999999 0.92125 0.13999999999999999 0.9337500000000001 0.16999999999999998 0.9337500000000001 0.16999999999999998 0.92125
5 0.49000000000000005 0.1325 0.46749999999999997 0.1325 0.46749999999999997 0.145 0.49000000000000005 0.145 0.49000000000000005 0.1325
5 0.4925 0.5525 0.48250000000000004 0.5525 0.48250000000000004 0.5775 0.4925 0.5775 0.4925 0.5525
5 0.2425 0.3525 0.21749999999999997 0.3525 0.21749999999999997 0.365 0.2425 0.365 0.2425 0.3525
5 0.89125 0.14750000000000002 0.86875 0.14750000000000002 0.86875 0.16999999999999998 0.89125 0.16999999999999998 0.89125 0.14750000000000002
5 0.97875 0.73625 0.95375 0.73625 0.95375 0.7537499999999999 0.97875 0.7537499999999999 0.97875 0.73625
5 0.625 0.5587500000000001 0.6 0.5587500000000001 0.6 0.57375 0.625 0.57375 0.625 0.5587500000000001
5 0.5900000000000001 0.55625 0.5675 0.55625 0.5675 0.56875 0.5900000000000001 0.56875 0.5900000000000001 0.55625
5 0.58875 0.545 0.57125 0.545 0.57125 0.5549999999999999 0.58875 0.5549999999999999 0.58875 0.545
5 0.45 0.6287499999999999 0.42750000000000005 0.6287499999999999 0.42750000000000005 0.64625 0.45 0.64625 0.45 0.6287499999999999
5 0.10625 0.36375 0.08875 0.36375 0.08875 0.37875000000000003 0.10625 0.37875000000000003 0.10625 0.36375
5 0.4625 0.14125000000000001 0.445 0.14125000000000001 0.445 0.16375 0.4625 0.16375 0.4625 0.14125000000000001
5 0.48375 0.028749999999999998 0.46875 0.028749999999999998 0.46875 0.04375 0.48375 0.04375 0.48375 0.028749999999999998
5 0.47625 0.93 0.45625 0.93 0.45625 0.9425000000000001 0.47625 0.9425000000000001 0.47625 0.93
5 0.5775 0.4225 0.5650000000000001 0.4225 0.5650000000000001 0.43499999999999994 0.5775 0.43499999999999994 0.5775 0.4225
5 0.29 0.66625 0.2625 0.66625 0.2625 0.68125 0.29 0.68125 0.29 0.66625
5 0.9824999999999999 0.56125 0.96 0.56125 0.96 0.58375 0.9824999999999999 0.58375 0.9824999999999999 0.56125
5 0.95625 0.5225 0.93875 0.5225 0.93875 0.545 0.95625 0.545 0.95625 0.5225
5 0.15125 0.9175000000000001 0.13125 0.9175000000000001 0.13125 0.93 0.15125 0.93 0.15125 0.9175000000000001
5 0.31 0.675 0.29 0.675 0.29 0.6875 0.31 0.6875 0.31 0.675
5 0.16625 0.17250000000000001 0.14625 0.17250000000000001 0.14625 0.185 0.16625 0.185 0.16625 0.17250000000000001
5 0.28500000000000003 0.27749999999999997 0.265 0.27749999999999997 0.265 0.2875 0.28500000000000003 0.2875 0.28500000000000003 0.27749999999999997
5 0.041249999999999995 0.48624999999999996 0.01625 0.48624999999999996 0.01625 0.50125 0.041249999999999995 0.50125 0.041249999999999995 0.48624999999999996
5 0.79375 0.9087500000000001 0.76625 0.9087500000000001 0.76625 0.9237500000000001 0.79375 0.9237500000000001 0.79375 0.9087500000000001
5 0.94375 0.4625 0.9237500000000001 0.4625 0.9237500000000001 0.48250000000000004 0.94375 0.48250000000000004 0.94375 0.4625
5 0.5599999999999999 0.90625 0.5025000000000001 0.90625 0.5025000000000001 0.93625 0.5599999999999999 0.93625 0.5599999999999999 0.90625
5 0.95375 0.4875 0.9337500000000001 0.4875 0.9337500000000001 0.51 0.95375 0.51 0.95375 0.4875
5 0.89125 0.04875 0.86875 0.04875 0.86875 0.06875 0.89125 0.06875 0.89125 0.04875
5 0.22875 0.34500000000000003 0.21125 0.34500000000000003 0.21125 0.36 0.22875 0.36 0.22875 0.34500000000000003
5 0.3975 0.18125 0.375 0.18125 0.375 0.19875 0.3975 0.19875 0.3975 0.18125
5 0.22999999999999998 0.83375 0.21000000000000002 0.83375 0.21000000000000002 0.8462500000000001 0.22999999999999998 0.8462500000000001 0.22999999999999998 0.83375
5 0.9099999999999999 0.26 0.89 0.26 0.89 0.27749999999999997 0.9099999999999999 0.27749999999999997 0.9099999999999999 0.26
5 0.73625 0.8525 0.70625 0.8525 0.70625 0.8699999999999999 0.73625 0.8699999999999999 0.73625 0.8525
5 0.33125 0.275 0.31625000000000003 0.275 0.31625000000000003 0.29 0.33125 0.29 0.33125 0.275
5 0.6537499999999999 0.8550000000000001 0.63125 0.8550000000000001 0.63125 0.8675 0.6537499999999999 0.8675 0.6537499999999999 0.8550000000000001
5 0.49625 0.5025000000000001 0.47625 0.5025000000000001 0.47625 0.5175 0.49625 0.5175 0.49625 0.5025000000000001
5 0.49874999999999997 0.10625 0.48375 0.10625 0.48375 0.12625 0.49874999999999997 0.12625 0.49874999999999997 0.10625
5 0.9425000000000001 0.43375 0.9199999999999999 0.43375 0.9199999999999999 0.45625 0.9425000000000001 0.45625 0.9425000000000001 0.43375
5 0.6525000000000001 0.5700000000000001 0.625 0.5700000000000001 0.625 0.585 0.6525000000000001 0.585 0.6525000000000001 0.5700000000000001
5 0.44875 0.49874999999999997 0.42874999999999996 0.49874999999999997 0.42874999999999996 0.51375 0.44875 0.51375 0.44875 0.49874999999999997
5 0.0925 0.9625 0.0675 0.9625 0.0675 0.9800000000000001 0.0925 0.9800000000000001 0.0925 0.9625
5 0.41125 0.17250000000000001 0.39625 0.17250000000000001 0.39625 0.18 0.41125 0.18 0.41125 0.17250000000000001
5 0.48125 0.11625 0.46125 0.11625 0.46125 0.13374999999999998 0.48125 0.13374999999999998 0.48125 0.11625
5 0.1875 0.86 0.1825 0.86 0.1825 0.8699999999999999 0.1875 0.8699999999999999 0.1875 0.86
5 0.9550000000000001 0.72875 0.9425000000000001 0.72875 0.9425000000000001 0.7537499999999999 0.9550000000000001 0.7537499999999999 0.9550000000000001 0.72875
5 0.83625 0.8612500000000001 0.79875 0.8612500000000001 0.79875 0.88375 0.83625 0.88375 0.83625 0.8612500000000001
5 0.5700000000000001 0.91875 0.54 0.91875 0.54 0.9337500000000001 0.5700000000000001 0.9337500000000001 0.5700000000000001 0.91875
5 0.89125 0.16875 0.8712500000000001 0.16875 0.8712500000000001 0.19125 0.89125 0.19125 0.89125 0.16875
5 0.48 0.01 0.465 0.01 0.465 0.03 0.48 0.03 0.48 0.01
5 0.51 0.06625 0.495 0.06625 0.495 0.08625000000000001 0.51 0.08625000000000001 0.51 0.06625
5 0.16625 0.3625 0.14625 0.3625 0.14625 0.3825 0.16625 0.3825 0.16625 0.3625
5 0.47125000000000006 0.54125 0.45625 0.54125 0.45625 0.57125 0.47125000000000006 0.57125 0.47125000000000006 0.54125
5 0.9075 0.32999999999999996 0.8875 0.32999999999999996 0.8875 0.35 0.9075 0.35 0.9075 0.32999999999999996
5 0.8699999999999999 0.02 0.85 0.02 0.85 0.042499999999999996 0.8699999999999999 0.042499999999999996 0.8699999999999999 0.02
5 0.5900000000000001 0.5725 0.5675 0.5725 0.5675 0.5875 0.5900000000000001 0.5875 0.5900000000000001 0.5725
5 0.38125 0.74125 0.35375 0.74125 0.35375 0.75625 0.38125 0.75625 0.38125 0.74125
5 0.1525 0.93625 0.095 0.93625 0.095 0.9712500000000001 0.1525 0.9712500000000001 0.1525 0.93625
5 0.21625 0.34500000000000003 0.19875 0.34500000000000003 0.19875 0.35750000000000004 0.21625 0.35750000000000004 0.21625 0.34500000000000003
5 0.13874999999999998 0.63875 0.12125 0.63875 0.12125 0.6537499999999999 0.13874999999999998 0.6537499999999999 0.13874999999999998 0.63875
5 0.15125 0.89625 0.13874999999999998 0.89625 0.13874999999999998 0.90625 0.15125 0.90625 0.15125 0.89625
5 0.24500000000000002 0.83125 0.22999999999999998 0.83125 0.22999999999999998 0.8412499999999999 0.24500000000000002 0.8412499999999999 0.24500000000000002 0.83125
5 0.6575 0.845 0.635 0.845 0.635 0.8574999999999999 0.6575 0.8574999999999999 0.6575 0.845
5 0.85625 0.042499999999999996 0.83375 0.042499999999999996 0.83375 0.06999999999999999 0.85625 0.06999999999999999 0.85625 0.042499999999999996
5 0.635 0.835 0.615 0.835 0.615 0.8474999999999999 0.635 0.8474999999999999 0.635 0.835
5 1 0.7224999999999999 0.9862500000000001 0.7224999999999999 0.9862500000000001 0.745 1 0.745 1 0.7224999999999999
5 0.37625000000000003 0.6625 0.35625 0.6625 0.35625 0.6825 0.37625000000000003 0.6825 0.37625000000000003 0.6625
5 0.17375000000000002 0.38375 0.15875 0.38375 0.15875 0.39875 0.17375000000000002 0.39875 0.17375000000000002 0.38375
5 0.15125 0.215 0.13625 0.215 0.13625 0.2325 0.15125 0.2325 0.15125 0.215
5 0.10124999999999999 0.43875000000000003 0.08625000000000001 0.43875000000000003 0.08625000000000001 0.44875 0.10124999999999999 0.44875 0.10124999999999999 0.43875000000000003
5 0.985 0.8724999999999999 0.9650000000000001 0.8724999999999999 0.9650000000000001 0.8925000000000001 0.985 0.8925000000000001 0.985 0.8724999999999999
5 0.97625 0.7725 0.95875 0.7725 0.95875 0.795 0.97625 0.795 0.97625 0.7725
5 0.70625 0.58875 0.67375 0.58875 0.67375 0.60375 0.70625 0.60375 0.70625 0.58875
5 0.95625 0.7112499999999999 0.9412499999999999 0.7112499999999999 0.9412499999999999 0.7262500000000001 0.95625 0.7262500000000001 0.95625 0.7112499999999999
5 0.13999999999999999 0.38125 0.12250000000000001 0.38125 0.12250000000000001 0.40125 0.13999999999999999 0.40125 0.13999999999999999 0.38125
5 0.2925 0.28250000000000003 0.275 0.28250000000000003 0.275 0.2975 0.2925 0.2975 0.2925 0.28250000000000003
5 0.315 0.76125 0.2925 0.76125 0.2925 0.78125 0.315 0.78125 0.315 0.76125
5 0.78625 0.8724999999999999 0.75125 0.8724999999999999 0.75125 0.8875 0.78625 0.8875 0.78625 0.8724999999999999
5 0.93875 0.49625 0.91625 0.49625 0.91625 0.51625 0.93875 0.51625 0.93875 0.49625
5 0.9225 0.27875 0.905 0.27875 0.905 0.30625 0.9225 0.30625 0.9225 0.27875
5 0.13625 0.20625 0.12625 0.20625 0.12625 0.22125 0.13625 0.22125 0.13625 0.20625
5 0.06875 0.68125 0.05375 0.68125 0.05375 0.69375 0.06875 0.69375 0.06875 0.68125
5 0.2375 0.64375 0.2125 0.64375 0.2125 0.66125 0.2375 0.66125 0.2375 0.64375
5 0.725 0.8887499999999999 0.6925 0.8887499999999999 0.6925 0.9037499999999999 0.725 0.9037499999999999 0.725 0.8887499999999999
5 0.5725 0.5625 0.545 0.5625 0.545 0.5775 0.5725 0.5775 0.5725 0.5625
5 0.04625 1 0.04625 0.985 0.02375 0.985 0.02375 1 0.04625 1
5 0.18375 0.3525 0.16625 0.3525 0.16625 0.365 0.18375 0.365 0.18375 0.3525
5 0.13999999999999999 0.17124999999999999 0.11499999999999999 0.17124999999999999 0.11499999999999999 0.18125 0.13999999999999999 0.18125 0.13999999999999999 0.17124999999999999
5 0.3525 0.22125 0.32999999999999996 0.22125 0.32999999999999996 0.23875000000000002 0.3525 0.23875000000000002 0.3525 0.22125
5 0.5875 0.37124999999999997 0.5599999999999999 0.37124999999999997 0.5599999999999999 0.40875000000000006 0.5875 0.40875000000000006 0.5875 0.37124999999999997
5 0.6775 0.27875 0.6599999999999999 0.27875 0.6599999999999999 0.29125 0.6775 0.29125 0.6775 0.27875
5 0.1675 0.205 0.14750000000000002 0.205 0.14750000000000002 0.215 0.1675 0.215 0.1675 0.205
5 0.8487500000000001 0.005 0.83125 0.005 0.83125 0.0325 0.8487500000000001 0.0325 0.8487500000000001 0.005
5 0.76875 0.905 0.74375 0.905 0.74375 0.915 0.76875 0.915 0.76875 0.905
5 0.8949999999999999 0.24375 0.875 0.24375 0.875 0.26125 0.8949999999999999 0.26125 0.8949999999999999 0.24375
5 0.89375 0.10500000000000001 0.88125 0.10500000000000001 0.88125 0.125 0.89375 0.125 0.89375 0.10500000000000001
5 0.41624999999999995 0.7375 0.38625 0.7375 0.38625 0.7474999999999999 0.41624999999999995 0.7474999999999999 0.41624999999999995 0.7375
5 0.10124999999999999 0.925 0.07625 0.925 0.07625 0.9475 0.10124999999999999 0.9475 0.10124999999999999 0.925
5 0.12 0.5962500000000001 0.0975 0.5962500000000001 0.0975 0.61125 0.12 0.61125 0.12 0.5962500000000001
5 0.48375 0.57125 0.46624999999999994 0.57125 0.46624999999999994 0.58875 0.48375 0.58875 0.48375 0.57125
5 0.0925 0.15375 0.0775 0.15375 0.0775 0.16375 0.0925 0.16375 0.0925 0.15375
5 0.8825 0.1075 0.8675 0.1075 0.8675 0.1325 0.8825 0.1325 0.8825 0.1075
5 0.25875 0.31124999999999997 0.23875000000000002 0.31124999999999997 0.23875000000000002 0.32375 0.25875 0.32375 0.25875 0.31124999999999997
5 0.4175 0.6487499999999999 0.4025 0.6487499999999999 0.4025 0.67125 0.4175 0.67125 0.4175 0.6487499999999999
5 0.11000000000000001 0.19 0.1 0.19 0.1 0.2 0.11000000000000001 0.2 0.11000000000000001 0.19
5 0.5237499999999999 0.515 0.5037499999999999 0.515 0.5037499999999999 0.5325 0.5237499999999999 0.5325 0.5237499999999999 0.515
5 0.9712500000000001 0.69625 0.95875 0.69625 0.95875 0.7112499999999999 0.9712500000000001 0.7112499999999999 0.9712500000000001 0.69625
5 0.12875 0.375 0.11625 0.375 0.11625 0.385 0.12875 0.385 0.12875 0.375
5 0.325 0.24500000000000002 0.305 0.24500000000000002 0.305 0.2575 0.325 0.2575 0.325 0.24500000000000002
5 0.52 0.017499999999999998 0.5075000000000001 0.017499999999999998 0.5075000000000001 0.042499999999999996 0.52 0.042499999999999996 0.52 0.017499999999999998
5 0.47874999999999995 0.14750000000000002 0.46375 0.14750000000000002 0.46375 0.16 0.47874999999999995 0.16 0.47874999999999995 0.14750000000000002
5 0.03 0.47874999999999995 0.015 0.47874999999999995 0.015 0.48875 0.03 0.48875 0.03 0.47874999999999995
5 0.42625 0.95625 0.40625 0.95625 0.40625 0.9662499999999999 0.42625 0.9662499999999999 0.42625 0.95625
5 0.24 0.32625000000000004 0.21000000000000002 0.32625000000000004 0.21000000000000002 0.34375 0.24 0.34375 0.24 0.32625000000000004
5 0.66125 0.88125 0.63625 0.88125 0.63625 0.89125 0.66125 0.89125 0.66125 0.88125
5 0.0925 0.67 0.075 0.67 0.075 0.6825 0.0925 0.6825 0.0925 0.67
5 0.8099999999999999 0.0625 0.79 0.0625 0.79 0.09 0.8099999999999999 0.09 0.8099999999999999 0.0625
5 0.51125 0.9375 0.48375 0.9375 0.48375 0.95 0.51125 0.95 0.51125 0.9375
5 0.87375 0.2325 0.85875 0.2325 0.85875 0.255 0.87375 0.255 0.87375 0.2325
5 0.19 0.9037499999999999 0.16499999999999998 0.9037499999999999 0.16499999999999998 0.91875 0.19 0.91875 0.19 0.9037499999999999
5 0.5475 0.47375 0.53 0.47375 0.53 0.49124999999999996 0.5475 0.49124999999999996 0.5475 0.47375
5 0.36375 0.24874999999999997 0.34625 0.24874999999999997 0.34625 0.26125 0.36375 0.26125 0.36375 0.24874999999999997
5 0.315 0.2875 0.2975 0.2875 0.2975 0.3 0.315 0.3 0.315 0.2875
5 0.805 0.008749999999999999 0.7825 0.008749999999999999 0.7825 0.03125 0.805 0.03125 0.805 0.008749999999999999
5 0.9412499999999999 0.5275000000000001 0.92125 0.5275000000000001 0.92125 0.55 0.9412499999999999 0.55 0.9412499999999999 0.5275000000000001
5 0.8099999999999999 0.8712500000000001 0.7825 0.8712500000000001 0.7825 0.89375 0.8099999999999999 0.89375 0.8099999999999999 0.8712500000000001
5 0.725 0.8775000000000001 0.6925 0.8775000000000001 0.6925 0.89 0.725 0.89 0.725 0.8775000000000001
5 0.69625 0.8724999999999999 0.67375 0.8724999999999999 0.67375 0.8825 0.69625 0.8825 0.69625 0.8724999999999999
5 0.61625 0.89125 0.58875 0.89125 0.58875 0.9037499999999999 0.61625 0.9037499999999999 0.61625 0.89125
5 0.145 0.18 0.1275 0.18 0.1275 0.19 0.145 0.19 0.145 0.18
5 0.13125 0.4175 0.10874999999999999 0.4175 0.10874999999999999 0.43499999999999994 0.13125 0.43499999999999994 0.13125 0.4175
5 0.5337500000000001 0.5337500000000001 0.5037499999999999 0.5337500000000001 0.5037499999999999 0.54875 0.5337500000000001 0.54875 0.5337500000000001 0.5337500000000001
5 0.48624999999999996 0.9574999999999999 0.45875000000000005 0.9574999999999999 0.45875000000000005 0.9775 0.48624999999999996 0.9775 0.48624999999999996 0.9574999999999999
5 0.9087500000000001 0.16999999999999998 0.8887499999999999 0.16999999999999998 0.8887499999999999 0.19 0.9087500000000001 0.19 0.9087500000000001 0.16999999999999998
5 0.44375 0.6125 0.42125 0.6125 0.42125 0.6325000000000001 0.44375 0.6325000000000001 0.44375 0.6125
5 0.08875 0.465 0.07125000000000001 0.465 0.07125000000000001 0.48 0.08875 0.48 0.08875 0.465
5 0.18 0.4025 0.1575 0.4025 0.1575 0.4125 0.18 0.4125 0.18 0.4025
5 0.93625 0.905 0.9112500000000001 0.905 0.9112500000000001 0.9199999999999999 0.93625 0.9199999999999999 0.93625 0.905