5 0.9099999999999999 0.9737500000000001 0.89 0.9737500000000001 0.89 0.9962500000000001 0.9099999999999999 0.9962500000000001 0.9099999999999999 0.9737500000000001
5 0.8862500000000001 1 0.8862500000000001 0.98375 0.86875 0.98375 0.86875 1 0.8862500000000001 1
5 0.71375 0.9675 0.69875 0.9675 0.69875 0.985 0.71375 0.985 0.71375 0.9675
5 0.69375 0.9724999999999999 0.67875 0.9724999999999999 0.67875 0.9925 0.69375 0.9925 0.69375 0.9724999999999999
5 0.7525000000000001 0.90625 0.735 0.90625 0.735 0.9237500000000001 0.7525000000000001 0.9237500000000001 0.7525000000000001 0.90625
5 0.775 0.865 0.7525000000000001 0.865 0.7525000000000001 0.875 0.775 0.875 0.775 0.865
5 0.79625 0.86625 0.77625 0.86625 0.77625 0.87625 0.79625 0.87625 0.79625 0.86625
5 0.73625 0.875 0.71375 0.875 0.71375 0.8875 0.73625 0.8875 0.73625 0.875
5 0.75125 0.88125 0.72875 0.88125 0.72875 0.89625 0.75125 0.89625 0.75125 0.88125
5 0.7837500000000001 0.9025000000000001 0.76625 0.9025000000000001 0.76625 0.9225 0.7837500000000001 0.9225 0.7837500000000001 0.9025000000000001
5 0.6925 0.9075 0.6825 0.9075 0.6825 0.9275 0.6925 0.9275 0.6925 0.9075
5 0.28375 1 0.28375 0.99 0.26625 0.99 0.26625 1 0.28375 1
5 0.33625 0.985 0.32125 0.985 0.32125 0.9974999999999999 0.33625 0.9974999999999999 0.33625 0.985
5 0.38125 0.9637499999999999 0.35625 0.9637499999999999 0.35625 0.98125 0.38125 0.98125 0.38125 0.9637499999999999
5 0.40625 0.9525 0.38875000000000004 0.9525 0.38875000000000004 0.9675 0.40625 0.9675 0.40625 0.9525
5 0.44000000000000006 0.9400000000000001 0.4175 0.9400000000000001 0.4175 0.9525 0.44000000000000006 0.9525 0.44000000000000006 0.9400000000000001
5 0.47125000000000006 0.9225 0.45375 0.9225 0.45375 0.9349999999999999 0.47125000000000006 0.9349999999999999 0.47125000000000006 0.9225
5 0.4025 0.8275 0.39249999999999996 0.8275 0.39249999999999996 0.8474999999999999 0.4025 0.8474999999999999 0.4025 0.8275
5 0.4125 0.8237500000000001 0.4025 0.8237500000000001 0.4025 0.8462500000000001 0.4125 0.8462500000000001 0.4125 0.8237500000000001
5 0.44125 0.82875 0.42125 0.82875 0.42125 0.8462500000000001 0.44125 0.8462500000000001 0.44125 0.82875
5 0.47125000000000006 0.77625 0.45875000000000005 0.77625 0.45875000000000005 0.79625 0.47125000000000006 0.79625 0.47125000000000006 0.77625
5 0.5387500000000001 0.78625 0.52625 0.78625 0.52625 0.80625 0.5387500000000001 0.80625 0.5387500000000001 0.78625
5 0.8324999999999999 0.61875 0.8175000000000001 0.61875 0.8175000000000001 0.63375 0.8324999999999999 0.63375 0.8324999999999999 0.61875
5 0.765 0.61125 0.7474999999999999 0.61125 0.7474999999999999 0.6212500000000001 0.765 0.6212500000000001 0.765 0.61125
5 0.805 0.54 0.7849999999999999 0.54 0.7849999999999999 0.5599999999999999 0.805 0.5599999999999999 0.805 0.54
5 0.79 0.575 0.77 0.575 0.77 0.585 0.79 0.585 0.79 0.575
5 0.9262499999999999 0.48375 0.90625 0.48375 0.90625 0.5037499999999999 0.9262499999999999 0.5037499999999999 0.9262499999999999 0.48375
5 0.8787499999999999 0.44125 0.8612500000000001 0.44125 0.8612500000000001 0.45875000000000005 0.8787499999999999 0.45875000000000005 0.8787499999999999 0.44125
5 0.8862500000000001 0.43375 0.86625 0.43375 0.86625 0.44875 0.8862500000000001 0.44875 0.8862500000000001 0.43375
5 0.89375 0.425 0.87375 0.425 0.87375 0.4375 0.89375 0.4375 0.89375 0.425
5 0.5349999999999999 0.6837500000000001 0.52 0.6837500000000001 0.52 0.7112499999999999 0.5349999999999999 0.7112499999999999 0.5349999999999999 0.6837500000000001
5 0.43499999999999994 0.55125 0.4125 0.55125 0.4125 0.56875 0.43499999999999994 0.56875 0.43499999999999994 0.55125
5 0.585 0.51125 0.5725 0.51125 0.5725 0.53125 0.585 0.53125 0.585 0.51125
5 0.6012500000000001 0.48875 0.5862499999999999 0.48875 0.5862499999999999 0.50875 0.6012500000000001 0.50875 0.6012500000000001 0.48875
5 0.47750000000000004 0.5225 0.465 0.5225 0.465 0.5425 0.47750000000000004 0.5425 0.47750000000000004 0.5225
5 0.24 0.7125 0.22749999999999998 0.7125 0.22749999999999998 0.7325 0.24 0.7325 0.24 0.7125
5 0.5237499999999999 0.72 0.51375 0.72 0.51375 0.7375 0.5237499999999999 0.7375 0.5237499999999999 0.72
5 0.4625 0.7075 0.4525 0.7075 0.4525 0.725 0.4625 0.725 0.4625 0.7075
5 0.52625 0.6475 0.51625 0.6475 0.51625 0.67 0.52625 0.67 0.52625 0.6475
5 0.2 0.63875 0.19 0.63875 0.19 0.6637500000000001 0.2 0.6637500000000001 0.2 0.63875
5 0.19624999999999998 0.61375 0.17124999999999999 0.61375 0.17124999999999999 0.6287499999999999 0.19624999999999998 0.6287499999999999 0.19624999999999998 0.61375
5 0.18625 0.605 0.16625 0.605 0.16625 0.6174999999999999 0.18625 0.6174999999999999 0.18625 0.605
5 0.18375 0.58375 0.16125 0.58375 0.16125 0.5962500000000001 0.18375 0.5962500000000001 0.18375 0.58375
5 0.1775 0.5700000000000001 0.1575 0.5700000000000001 0.1575 0.58 0.1775 0.58 0.1775 0.5700000000000001
5 0.18 0.5575 0.1575 0.5575 0.1575 0.5700000000000001 0.18 0.5700000000000001 0.18 0.5575
5 0.18875 0.52125 0.17875000000000002 0.52125 0.17875000000000002 0.5387500000000001 0.18875 0.5387500000000001 0.18875 0.52125
5 0.1775 0.5225 0.1675 0.5225 0.1675 0.5425 0.1775 0.5425 0.1775 0.5225
5 0.16625 0.52125 0.15375 0.52125 0.15375 0.54375 0.16625 0.54375 0.16625 0.52125
5 0.155 0.5225 0.13999999999999999 0.5225 0.13999999999999999 0.5475 0.155 0.5475 0.155 0.5225
5 0.14250000000000002 0.5287499999999999 0.1325 0.5287499999999999 0.1325 0.54875 0.14250000000000002 0.54875 0.14250000000000002 0.5287499999999999
5 0.13125 0.5325 0.12125 0.5325 0.12125 0.5525 0.13125 0.5525 0.13125 0.5325
5 0.0925 0.54125 0.08 0.54125 0.08 0.5587500000000001 0.0925 0.5587500000000001 0.0925 0.54125
5 0.08125 0.5425 0.06875 0.5425 0.06875 0.5625 0.08125 0.5625 0.08125 0.5425
5 0.0675 0.54375 0.057499999999999996 0.54375 0.057499999999999996 0.56125 0.0675 0.56125 0.0675 0.54375
5 0.058750000000000004 0.545 0.04375 0.545 0.04375 0.5650000000000001 0.058750000000000004 0.5650000000000001 0.058750000000000004 0.545
5 0.04375 0.55125 0.03375 0.55125 0.03375 0.56875 0.04375 0.56875 0.04375 0.55125
5 0.03125 0.5525 0.01875 0.5525 0.01875 0.5675 0.03125 0.5675 0.03125 0.5525
5 0.1675 0.4375 0.155 0.4375 0.155 0.45999999999999996 0.1675 0.45999999999999996 0.1675 0.4375
5 0.08125 0.5 0.06875 0.5 0.06875 0.52 0.08125 0.52 0.08125 0.5
5 0.09125 0.495 0.08125 0.495 0.08125 0.5125 0.09125 0.5125 0.09125 0.495
5 0.10375000000000001 0.49000000000000005 0.08875 0.49000000000000005 0.08875 0.515 0.10375000000000001 0.515 0.10375000000000001 0.49000000000000005
5 0.1275 0.49000000000000005 0.12 0.49000000000000005 0.12 0.51 0.1275 0.51 0.1275 0.49000000000000005
5 0.14375 0.485 0.12875 0.485 0.12875 0.5075000000000001 0.14375 0.5075000000000001 0.14375 0.485
5 0.15 0.48624999999999996 0.13999999999999999 0.48624999999999996 0.13999999999999999 0.5037499999999999 0.15 0.5037499999999999 0.15 0.48624999999999996
5 0.16375 0.48250000000000004 0.15125 0.48250000000000004 0.15125 0.5025000000000001 0.16375 0.5025000000000001 0.16375 0.48250000000000004
5 0.17625 0.47375 0.15875 0.47375 0.15875 0.49375 0.17625 0.49375 0.17625 0.47375
5 0.41875 0.485 0.39875 0.485 0.39875 0.5 0.41875 0.5 0.41875 0.485
5 0.41624999999999995 0.475 0.39625 0.475 0.39625 0.49000000000000005 0.41624999999999995 0.49000000000000005 0.41624999999999995 0.475
5 0.41125 0.44875 0.39375 0.44875 0.39375 0.46375 0.41125 0.46375 0.41125 0.44875
5 0.40625 0.43875000000000003 0.38875000000000004 0.43875000000000003 0.38875000000000004 0.45375 0.40625 0.45375 0.40625 0.43875000000000003
5 0.4325 0.4225 0.42000000000000004 0.4225 0.42000000000000004 0.4425 0.4325 0.4425 0.4325 0.4225
5 0.45875000000000005 0.3975 0.44625000000000004 0.3975 0.44625000000000004 0.4175 0.45875000000000005 0.4175 0.45875000000000005 0.3975
5 0.42625 0.25125000000000003 0.41375 0.25125000000000003 0.41375 0.26875 0.42625 0.26875 0.42625 0.25125000000000003
5 0.38 0.27 0.3675 0.27 0.3675 0.2875 0.38 0.2875 0.38 0.27
5 0.385 0.29125 0.3725 0.29125 0.3725 0.31124999999999997 0.385 0.31124999999999997 0.385 0.29125
5 0.058750000000000004 0.2325 0.04625 0.2325 0.04625 0.2525 0.058750000000000004 0.2525 0.058750000000000004 0.2325
5 0.16625 0.29874999999999996 0.15375 0.29874999999999996 0.15375 0.31875 0.16625 0.31875 0.16625 0.29874999999999996
5 0.16 0.33125 0.14750000000000002 0.33125 0.14750000000000002 0.35125 0.16 0.35125 0.16 0.33125
5 0.10500000000000001 0.22125 0.095 0.22125 0.095 0.23625 0.10500000000000001 0.23625 0.10500000000000001 0.22125
5 0.0475 0.1975 0.0325 0.1975 0.0325 0.22000000000000003 0.0475 0.22000000000000003 0.0475 0.1975
5 0.155 0.12 0.14250000000000002 0.12 0.14250000000000002 0.13999999999999999 0.155 0.13999999999999999 0.155 0.12
5 0.17124999999999999 0.11499999999999999 0.15625 0.11499999999999999 0.15625 0.1375 0.17124999999999999 0.1375 0.17124999999999999 0.11499999999999999
5 0.195 0.1125 0.185 0.1125 0.185 0.1325 0.195 0.1325 0.195 0.1125
5 0.2475 0.10124999999999999 0.23500000000000001 0.10124999999999999 0.23500000000000001 0.12125 0.2475 0.12125 0.2475 0.10124999999999999
5 0.26125 0.1 0.24625 0.1 0.24625 0.11750000000000001 0.26125 0.11750000000000001 0.26125 0.1
5 0.275 0.0975 0.2575 0.0975 0.2575 0.1125 0.275 0.1125 0.275 0.0975
5 0.54 0.03875 0.53 0.03875 0.53 0.05375 0.54 0.05375 0.54 0.03875
5 0.45999999999999996 0.0325 0.45 0.0325 0.45 0.0475 0.45999999999999996 0.0475 0.45999999999999996 0.0325
5 0.6825 0.3375 0.6599999999999999 0.3375 0.6599999999999999 0.35750000000000004 0.6825 0.35750000000000004 0.6825 0.3375
5 0.93 0.3675 0.9125 0.3675 0.9125 0.385 0.93 0.385 0.93 0.3675
5 0.55125 0.16625 0.5287499999999999 0.16625 0.5287499999999999 0.18125 0.55125 0.18125 0.55125 0.16625
5 0.6799999999999999 0.065 0.6625 0.065 0.6625 0.08499999999999999 0.6799999999999999 0.08499999999999999 0.6799999999999999 0.065
5 0.665 0.08625000000000001 0.6525000000000001 0.08625000000000001 0.6525000000000001 0.10625 0.665 0.10625 0.665 0.08625000000000001
5 0.07125000000000001 0.29375 0.04875 0.29375 0.04875 0.30375 0.07125000000000001 0.30375 0.07125000000000001 0.29375
5 0.45499999999999996 0.885 0.4375 0.885 0.4375 0.905 0.45499999999999996 0.905 0.45499999999999996 0.885
5 0.705 0.69875 0.6875 0.69875 0.6875 0.71375 0.705 0.71375 0.705 0.69875
5 0.6950000000000001 0.70875 0.6775 0.70875 0.6775 0.72375 0.6950000000000001 0.72375 0.6950000000000001 0.70875
5 0.74125 0.74375 0.72375 0.74375 0.72375 0.76125 0.74125 0.76125 0.74125 0.74375
5 0.06999999999999999 0.5025000000000001 0.06 0.5025000000000001 0.06 0.5225 0.06999999999999999 0.5225 0.06999999999999999 0.5025000000000001
5 0.845 0.42125 0.8300000000000001 0.42125 0.8300000000000001 0.44375 0.845 0.44375 0.845 0.42125