5 0.63875 0.44000000000000006 0.61875 0.44000000000000006 0.61875 0.48 0.63875 0.48 0.63875 0.44000000000000006
5 0.635 0.40374999999999994 0.6174999999999999 0.40374999999999994 0.6174999999999999 0.43875000000000003 0.635 0.43875000000000003 0.635 0.40374999999999994
5 0.2725 0.945 0.26 0.945 0.26 0.96 0.2725 0.96 0.2725 0.945
5 0.26875 0.9225 0.25625 0.9225 0.25625 0.9425000000000001 0.26875 0.9425000000000001 0.26875 0.9225
5 0.27375 0.905 0.25875 0.905 0.25875 0.9225 0.27375 0.9225 0.27375 0.905
5 0.2425 0.8862500000000001 0.225 0.8862500000000001 0.225 0.9037499999999999 0.2425 0.9037499999999999 0.2425 0.8862500000000001
5 0.39249999999999996 0.16375 0.375 0.16375 0.375 0.19125 0.39249999999999996 0.19125 0.39249999999999996 0.16375
5 0.2 0.72 0.18 0.72 0.18 0.74 0.2 0.74 0.2 0.72
5 0.18875 0.645 0.17625 0.645 0.17625 0.665 0.18875 0.665 0.18875 0.645
5 0.5475 0.6975 0.5275000000000001 0.6975 0.5275000000000001 0.7075 0.5475 0.7075 0.5475 0.6975
5 0.54625 0.70875 0.52125 0.70875 0.52125 0.71875 0.54625 0.71875 0.54625 0.70875
5 0.56125 0.70625 0.54375 0.70625 0.54375 0.7162499999999999 0.56125 0.7162499999999999 0.56125 0.70625
5 0.65125 0.79 0.64125 0.79 0.64125 0.8099999999999999 0.65125 0.8099999999999999 0.65125 0.79
5 0.62375 0.33999999999999997 0.60875 0.33999999999999997 0.60875 0.3625 0.62375 0.3625 0.62375 0.33999999999999997
5 0.46375 0.61 0.45625 0.61 0.45625 0.62 0.46375 0.62 0.46375 0.61
5 0.355 0.39875 0.34750000000000003 0.39875 0.34750000000000003 0.41375 0.355 0.41375 0.355 0.39875
5 0.63375 0.70875 0.62375 0.70875 0.62375 0.7262500000000001 0.63375 0.7262500000000001 0.63375 0.70875
5 0.79125 0.21875 0.76625 0.21875 0.76625 0.22875 0.79125 0.22875 0.79125 0.21875
5 0.71 0.7787499999999999 0.6975 0.7787499999999999 0.6975 0.80375 0.71 0.80375 0.71 0.7787499999999999
5 0.70375 0.74125 0.6912499999999999 0.74125 0.6912499999999999 0.76375 0.70375 0.76375 0.70375 0.74125
5 0.20249999999999999 0.6425 0.1875 0.6425 0.1875 0.6675 0.20249999999999999 0.6675 0.20249999999999999 0.6425
5 0.7125 0.8012499999999999 0.7 0.8012499999999999 0.7 0.82125 0.7125 0.82125 0.7125 0.8012499999999999
5 0.6975 0.78 0.6799999999999999 0.78 0.6799999999999999 0.7975 0.6975 0.7975 0.6975 0.78
5 0.84375 0.55625 0.82875 0.55625 0.82875 0.57375 0.84375 0.57375 0.84375 0.55625
5 0.755 0.2325 0.7224999999999999 0.2325 0.7224999999999999 0.2475 0.755 0.2475 0.755 0.2325
5 0.25625 0.865 0.23374999999999999 0.865 0.23374999999999999 0.8800000000000001 0.25625 0.8800000000000001 0.25625 0.865
5 0.3725 0.7575000000000001 0.34249999999999997 0.7575000000000001 0.34249999999999997 0.77 0.3725 0.77 0.3725 0.7575000000000001
5 0.1125 0.365 0.1 0.365 0.1 0.3875 0.1125 0.3875 0.1125 0.365
5 0.61125 0.6575 0.59875 0.6575 0.59875 0.6799999999999999 0.61125 0.6799999999999999 0.61125 0.6575
5 0.64125 0.36625 0.6287499999999999 0.36625 0.6287499999999999 0.38875000000000004 0.64125 0.38875000000000004 0.64125 0.36625
5 0.17875000000000002 0.67375 0.16625 0.67375 0.16625 0.68625 0.17875000000000002 0.68625 0.17875000000000002 0.67375
5 0.20249999999999999 0.6975 0.19 0.6975 0.19 0.7125 0.20249999999999999 0.7125 0.20249999999999999 0.6975
5 0.01125 0 0.01125 0.01625 0.028749999999999998 0.01625 0.028749999999999998 0 0.01125 0
5 0.05 0.14125000000000001 0.034999999999999996 0.14125000000000001 0.034999999999999996 0.16625 0.05 0.16625 0.05 0.14125000000000001
5 0.185 0.58125 0.16999999999999998 0.58125 0.16999999999999998 0.60375 0.185 0.60375 0.185 0.58125
5 0.6487499999999999 0.34125 0.63625 0.34125 0.63625 0.36625 0.6487499999999999 0.36625 0.6487499999999999 0.34125
5 0.8 0.56125 0.79 0.56125 0.79 0.58125 0.8 0.58125 0.8 0.56125
5 0.465 0.585 0.4525 0.585 0.4525 0.6075 0.465 0.6075 0.465 0.585
5 0.755 0.10375000000000001 0.7325 0.10375000000000001 0.7325 0.12125 0.755 0.12125 0.755 0.10375000000000001
5 0.6637500000000001 1 0.6637500000000001 0.98375 0.64375 0.98375 0.64375 1 0.6637500000000001 1
5 0.5962500000000001 0.5625 0.57875 0.5625 0.57875 0.5825 0.5962500000000001 0.5825 0.5962500000000001 0.5625
5 0.58375 0.0375 0.57375 0.0375 0.57375 0.057499999999999996 0.58375 0.057499999999999996 0.58375 0.0375
5 0.5775 0.335 0.5675 0.335 0.5675 0.3625 0.5775 0.3625 0.5775 0.335
5 0.98375 0.56125 0.96125 0.56125 0.96125 0.57625 0.98375 0.57625 0.98375 0.56125
5 1 0.2 0.9775 0.2 0.9775 0.215 1 0.215 1 0.2
5 0.6537499999999999 0.9175000000000001 0.63375 0.9175000000000001 0.63375 0.9475 0.6537499999999999 0.9475 0.6537499999999999 0.9175000000000001
5 0.6224999999999999 0.5675 0.6 0.5675 0.6 0.5900000000000001 0.6224999999999999 0.5900000000000001 0.6224999999999999 0.5675
5 0.27625 0.9625 0.26375000000000004 0.9625 0.26375000000000004 0.9800000000000001 0.27625 0.9800000000000001 0.27625 0.9625
5 0.6475 0.76125 0.6375 0.76125 0.6375 0.7787499999999999 0.6475 0.7787499999999999 0.6475 0.76125
5 0.08499999999999999 0.28250000000000003 0.0725 0.28250000000000003 0.0725 0.3 0.08499999999999999 0.3 0.08499999999999999 0.28250000000000003
5 0.17250000000000001 0.75625 0.16 0.75625 0.16 0.77125 0.17250000000000001 0.77125 0.17250000000000001 0.75625
5 0.6425 0.39249999999999996 0.6325000000000001 0.39249999999999996 0.6325000000000001 0.41 0.6425 0.41 0.6425 0.39249999999999996
5 1 0.52625 0.9925 0.52625 0.9925 0.54875 1 0.54875 1 0.52625
5 0.475 0.64125 0.45999999999999996 0.64125 0.45999999999999996 0.6637500000000001 0.475 0.6637500000000001 0.475 0.64125
5 0.33375 0.41624999999999995 0.32125 0.41624999999999995 0.32125 0.43375 0.33375 0.43375 0.33375 0.41624999999999995
5 0.9075 0.545 0.8925000000000001 0.545 0.8925000000000001 0.5599999999999999 0.9075 0.5599999999999999 0.9075 0.545
5 0.735 0.83125 0.725 0.83125 0.725 0.84375 0.735 0.84375 0.735 0.83125
5 0.43 0.39 0.4175 0.39 0.4175 0.40499999999999997 0.43 0.40499999999999997 0.43 0.39
5 0.72875 0.975 0.7162499999999999 0.975 0.7162499999999999 0.9974999999999999 0.72875 0.9974999999999999 0.72875 0.975
5 0.67125 0.96125 0.65625 0.96125 0.65625 0.98125 0.67125 0.98125 0.67125 0.96125
5 0.64 0.7849999999999999 0.62 0.7849999999999999 0.62 0.8074999999999999 0.64 0.8074999999999999 0.64 0.7849999999999999
5 0.6875 0.70625 0.665 0.70625 0.665 0.73875 0.6875 0.73875 0.6875 0.70625
5 0.1325 0.4375 0.11750000000000001 0.4375 0.11750000000000001 0.45499999999999996 0.1325 0.45499999999999996 0.1325 0.4375
5 0.6012500000000001 0.32999999999999996 0.57875 0.32999999999999996 0.57875 0.34500000000000003 0.6012500000000001 0.34500000000000003 0.6012500000000001 0.32999999999999996
5 0.7150000000000001 0.9025000000000001 0.6950000000000001 0.9025000000000001 0.6950000000000001 0.9199999999999999 0.7150000000000001 0.9199999999999999 0.7150000000000001 0.9025000000000001
5 0.5862499999999999 0.39875 0.56375 0.39875 0.56375 0.41875 0.5862499999999999 0.41875 0.5862499999999999 0.39875
5 0.6487499999999999 0.88375 0.6287499999999999 0.88375 0.6287499999999999 0.9037499999999999 0.6487499999999999 0.9037499999999999 0.6487499999999999 0.88375
5 0.335 0.7375 0.32 0.7375 0.32 0.7525000000000001 0.335 0.7525000000000001 0.335 0.7375
5 0.6 0.7262500000000001 0.5725 0.7262500000000001 0.5725 0.73875 0.6 0.73875 0.6 0.7262500000000001
5 0.43875000000000003 0.43 0.42125 0.43 0.42125 0.4525 0.43875000000000003 0.4525 0.43875000000000003 0.43
5 0.39875 0.32875 0.38125 0.32875 0.38125 0.34125 0.39875 0.34125 0.39875 0.32875
5 0.72 0.92875 0.705 0.92875 0.705 0.9512499999999999 0.72 0.9512499999999999 0.72 0.92875
5 0.61125 0.24 0.5862499999999999 0.24 0.5862499999999999 0.265 0.61125 0.265 0.61125 0.24
5 0.64375 0.25625 0.6212500000000001 0.25625 0.6212500000000001 0.26625 0.64375 0.26625 0.64375 0.25625
5 0.325 0.6975 0.31 0.6975 0.31 0.7125 0.325 0.7125 0.325 0.6975
5 0.03875 0.11750000000000001 0.026250000000000002 0.11750000000000001 0.026250000000000002 0.1375 0.03875 0.1375 0.03875 0.11750000000000001
5 0.675 0.58875 0.67 0.58875 0.67 0.60875 0.675 0.60875 0.675 0.58875
5 0.6675 0.59375 0.655 0.59375 0.655 0.61625 0.6675 0.61625 0.6675 0.59375
5 0.93125 0.53625 0.91375 0.53625 0.91375 0.5587500000000001 0.93125 0.5587500000000001 0.93125 0.53625
5 0.7537499999999999 0.2225 0.7262500000000001 0.2225 0.7262500000000001 0.23500000000000001 0.7537499999999999 0.23500000000000001 0.7537499999999999 0.2225
5 0.29625 0.97875 0.28125 0.97875 0.28125 0.9962500000000001 0.29625 0.9962500000000001 0.29625 0.97875
5 0.5725 0.44375 0.5599999999999999 0.44375 0.5599999999999999 0.46875 0.5725 0.46875 0.5725 0.44375
5 0.585 0.41624999999999995 0.575 0.41624999999999995 0.575 0.43875000000000003 0.585 0.43875000000000003 0.585 0.41624999999999995
5 0.99125 0.52625 0.98375 0.52625 0.98375 0.54625 0.99125 0.54625 0.99125 0.52625
5 0.48250000000000004 0.68625 0.46749999999999997 0.68625 0.46749999999999997 0.70625 0.48250000000000004 0.70625 0.48250000000000004 0.68625
5 0.15 0.4425 0.1325 0.4425 0.1325 0.4725 0.15 0.4725 0.15 0.4425
5 0.6525000000000001 0.53625 0.6425 0.53625 0.6425 0.55625 0.6525000000000001 0.55625 0.6525000000000001 0.53625
5 0.655 0.9487500000000001 0.64 0.9487500000000001 0.64 0.9662499999999999 0.655 0.9662499999999999 0.655 0.9487500000000001
5 0.635 0.6725 0.615 0.6725 0.615 0.6950000000000001 0.635 0.6950000000000001 0.635 0.6725
5 0.7325 0.13874999999999998 0.7125 0.13874999999999998 0.7125 0.15875 0.7325 0.15875 0.7325 0.13874999999999998
5 0.76125 0.24625 0.70375 0.24625 0.70375 0.26625 0.76125 0.26625 0.76125 0.24625
5 0.75875 0.9275 0.73125 0.9275 0.73125 0.95 0.75875 0.95 0.75875 0.9275
5 0.18625 0.79625 0.16875 0.79625 0.16875 0.81125 0.18625 0.81125 0.18625 0.79625
5 0.58375 0.49874999999999997 0.56875 0.49874999999999997 0.56875 0.52125 0.58375 0.52125 0.58375 0.49874999999999997
5 0.6625 0.5650000000000001 0.6475 0.5650000000000001 0.6475 0.58 0.6625 0.58 0.6625 0.5650000000000001
5 0.8225 0.215 0.8 0.215 0.8 0.22749999999999998 0.8225 0.22749999999999998 0.8225 0.215
5 0.39875 0.22749999999999998 0.38875000000000004 0.22749999999999998 0.38875000000000004 0.24 0.39875 0.24 0.39875 0.22749999999999998
5 0.35125 0.42625 0.34125 0.42625 0.34125 0.44125 0.35125 0.44125 0.35125 0.42625
5 0.76 0.57125 0.7424999999999999 0.57125 0.7424999999999999 0.58875 0.76 0.58875 0.76 0.57125
5 0.7375 0.91375 0.7125 0.91375 0.7125 0.93625 0.7375 0.93625 0.7375 0.91375
5 0.65625 0.27625 0.60875 0.27625 0.60875 0.32625000000000004 0.65625 0.32625000000000004 0.65625 0.27625
5 0.645 0.9025000000000001 0.6375 0.9025000000000001 0.6375 0.9199999999999999 0.645 0.9199999999999999 0.645 0.9025000000000001
5 0.95375 0.5700000000000001 0.9337500000000001 0.5700000000000001 0.9337500000000001 0.5775 0.95375 0.5775 0.95375 0.5700000000000001
5 0.47874999999999995 0.665 0.46375 0.665 0.46375 0.6849999999999999 0.47874999999999995 0.6849999999999999 0.47874999999999995 0.665
5 0.075 0.22875 0.065 0.22875 0.065 0.24874999999999997 0.075 0.24874999999999997 0.075 0.22875
5 0.9012499999999999 0.57625 0.87625 0.57625 0.87625 0.59375 0.9012499999999999 0.59375 0.9012499999999999 0.57625
5 0.58375 0.3675 0.56125 0.3675 0.56125 0.39249999999999996 0.58375 0.39249999999999996 0.58375 0.3675
5 0.8462500000000001 0.23625 0.8262499999999999 0.23625 0.8262499999999999 0.24375 0.8462500000000001 0.24375 0.8462500000000001 0.23625
5 0.6287499999999999 0.64 0.61125 0.64 0.61125 0.6599999999999999 0.6287499999999999 0.6599999999999999 0.6287499999999999 0.64
5 0.5962500000000001 0.47750000000000004 0.58125 0.47750000000000004 0.58125 0.49749999999999994 0.5962500000000001 0.49749999999999994 0.5962500000000001 0.47750000000000004
5 0.6212500000000001 0.21875 0.6012500000000001 0.21875 0.6012500000000001 0.24125000000000002 0.6212500000000001 0.24125000000000002 0.6212500000000001 0.21875
5 0.205 0.8712500000000001 0.1875 0.8712500000000001 0.1875 0.88125 0.205 0.88125 0.205 0.8712500000000001
5 0.34249999999999997 0.77625 0.335 0.77625 0.335 0.79375 0.34249999999999997 0.79375 0.34249999999999997 0.77625
5 0.3975 0.20625 0.385 0.20625 0.385 0.22125 0.3975 0.22125 0.3975 0.20625
5 0.34750000000000003 0.34750000000000003 0.3325 0.34750000000000003 0.3325 0.3625 0.34750000000000003 0.3625 0.34750000000000003 0.34750000000000003
5 0.01125 0.013750000000000002 0.00375 0.013750000000000002 0.00375 0.028749999999999998 0.01125 0.028749999999999998 0.01125 0.013750000000000002
5 0.1775 0.77625 0.16499999999999998 0.77625 0.16499999999999998 0.79375 0.1775 0.79375 0.1775 0.77625
5 0.7474999999999999 0.8949999999999999 0.73 0.8949999999999999 0.73 0.9125 0.7474999999999999 0.9125 0.7474999999999999 0.8949999999999999
5 0.34249999999999997 0.7575000000000001 0.3275 0.7575000000000001 0.3275 0.775 0.34249999999999997 0.775 0.34249999999999997 0.7575000000000001
5 0.7025 0.63125 0.6925 0.63125 0.6925 0.65625 0.7025 0.65625 0.7025 0.63125
5 0.64375 0.8637499999999999 0.62625 0.8637499999999999 0.62625 0.8862500000000001 0.64375 0.8862500000000001 0.64375 0.8637499999999999
5 0.60625 0.17250000000000001 0.58375 0.17250000000000001 0.58375 0.2 0.60625 0.2 0.60625 0.17250000000000001
5 0.51 0.7424999999999999 0.49000000000000005 0.7424999999999999 0.49000000000000005 0.755 0.51 0.755 0.51 0.7424999999999999
5 0.9324999999999999 0.57375 0.905 0.57375 0.905 0.58875 0.9324999999999999 0.58875 0.9324999999999999 0.57375
5 0.6525000000000001 0.43875000000000003 0.6425 0.43875000000000003 0.6425 0.45625 0.6525000000000001 0.45625 0.6525000000000001 0.43875000000000003
5 0.25875 0.6975 0.23374999999999999 0.6975 0.23374999999999999 0.71 0.25875 0.71 0.25875 0.6975
5 0.19125 0.8175000000000001 0.17625 0.8175000000000001 0.17625 0.8300000000000001 0.19125 0.8300000000000001 0.19125 0.8175000000000001
5 0.10124999999999999 0.27625 0.08875 0.27625 0.08875 0.29625 0.10124999999999999 0.29625 0.10124999999999999 0.27625
5 0.1675 0.51 0.155 0.51 0.155 0.5275000000000001 0.1675 0.5275000000000001 0.1675 0.51
5 0.17625 0.5325 0.16125 0.5325 0.16125 0.5549999999999999 0.17625 0.5549999999999999 0.17625 0.5325
5 0.9800000000000001 0.53125 0.97 0.53125 0.97 0.55375 0.9800000000000001 0.55375 0.9800000000000001 0.53125
5 0.40875000000000006 0.26 0.39375 0.26 0.39375 0.27999999999999997 0.40875000000000006 0.27999999999999997 0.40875000000000006 0.26
5 0.37124999999999997 0.33375 0.35625 0.33375 0.35625 0.34375 0.37124999999999997 0.34375 0.37124999999999997 0.33375
5 0.8324999999999999 0.205 0.8099999999999999 0.205 0.8099999999999999 0.215 0.8324999999999999 0.215 0.8324999999999999 0.205
5 0.6012500000000001 0.12125 0.58125 0.12125 0.58125 0.14375 0.6012500000000001 0.14375 0.6012500000000001 0.12125
5 0.16125 0.775 0.15125 0.775 0.15125 0.79 0.16125 0.79 0.16125 0.775
5 0.7175 0.82875 0.7075 0.82875 0.7075 0.84375 0.7175 0.84375 0.7175 0.82875
5 0.47125000000000006 0.6275000000000001 0.45875000000000005 0.6275000000000001 0.45875000000000005 0.6425 0.47125000000000006 0.6425 0.47125000000000006 0.6275000000000001
5 0.70375 0.2425 0.68625 0.2425 0.68625 0.25 0.70375 0.25 0.70375 0.2425
5 0.62625 0.60625 0.60625 0.60625 0.60625 0.62625 0.62625 0.62625 0.62625 0.60625
5 0.64125 0.73625 0.61875 0.73625 0.61875 0.7537499999999999 0.64125 0.7537499999999999 0.64125 0.73625
5 0.7 0.79875 0.6799999999999999 0.79875 0.6799999999999999 0.81875 0.7 0.81875 0.7 0.79875
5 0.69875 0.59875 0.67875 0.59875 0.67875 0.62625 0.69875 0.62625 0.69875 0.59875
5 0.042499999999999996 0.06 0.03 0.06 0.03 0.08249999999999999 0.042499999999999996 0.08249999999999999 0.042499999999999996 0.06
5 0.06 0.13999999999999999 0.0475 0.13999999999999999 0.0475 0.16 0.06 0.16 0.06 0.13999999999999999
5 0.76125 0.60625 0.74375 0.60625 0.74375 0.61375 0.76125 0.61375 0.76125 0.60625
5 0.68625 0.9775 0.66625 0.9775 0.66625 0.9949999999999999 0.68625 0.9949999999999999 0.68625 0.9775
5 0.6725 0.92125 0.65 0.92125 0.65 0.94625 0.6725 0.94625 0.6725 0.92125
5 0.71 0.82125 0.6799999999999999 0.82125 0.6799999999999999 0.87375 0.71 0.87375 0.71 0.82125
5 0.6375 0.82 0.62 0.82 0.62 0.8400000000000001 0.6375 0.8400000000000001 0.6375 0.82
5 0.8237500000000001 0.55625 0.8012499999999999 0.55625 0.8012499999999999 0.57875 0.8237500000000001 0.57875 0.8237500000000001 0.55625
5 0.6075 0.21749999999999997 0.5875 0.21749999999999997 0.5875 0.2375 0.6075 0.2375 0.6075 0.21749999999999997
5 0.6725 0.88125 0.6525000000000001 0.88125 0.6525000000000001 0.9037499999999999 0.6725 0.9037499999999999 0.6725 0.88125
5 0.6825 0.28125 0.6525000000000001 0.28125 0.6525000000000001 0.30375 0.6825 0.30375 0.6825 0.28125
5 0.5337500000000001 0.74125 0.51375 0.74125 0.51375 0.75125 0.5337500000000001 0.75125 0.5337500000000001 0.74125
5 0.73875 0.8612500000000001 0.73125 0.8612500000000001 0.73125 0.87625 0.73875 0.87625 0.73875 0.8612500000000001
5 0.1375 0.4 0.12250000000000001 0.4 0.12250000000000001 0.4225 0.1375 0.4225 0.1375 0.4
5 0.6224999999999999 0.7525000000000001 0.61 0.7525000000000001 0.61 0.77 0.6224999999999999 0.77 0.6224999999999999 0.7525000000000001
5 0.78625 0.6012500000000001 0.76375 0.6012500000000001 0.76375 0.61375 0.78625 0.61375 0.78625 0.6012500000000001
5 0.71375 0.16999999999999998 0.69875 0.16999999999999998 0.69875 0.19 0.71375 0.19 0.71375 0.16999999999999998
5 0.6012500000000001 0.10124999999999999 0.58375 0.10124999999999999 0.58375 0.11875 0.6012500000000001 0.11875 0.6012500000000001 0.10124999999999999
5 0.6487499999999999 0.49625 0.63875 0.49625 0.63875 0.51875 0.6487499999999999 0.51875 0.6487499999999999 0.49625
5 0.64625 0.8074999999999999 0.63625 0.8074999999999999 0.63625 0.8300000000000001 0.64625 0.8300000000000001 0.64625 0.8074999999999999
5 0.68875 0.74875 0.66875 0.74875 0.66875 0.76875 0.68875 0.76875 0.68875 0.74875
5 0.75125 0.1325 0.73125 0.1325 0.73125 0.15 0.75125 0.15 0.75125 0.1325
5 0.9425000000000001 0.195 0.9099999999999999 0.195 0.9099999999999999 0.21000000000000002 0.9425000000000001 0.21000000000000002 0.9425000000000001 0.195
5 0.675 0.63625 0.655 0.63625 0.655 0.6537499999999999 0.675 0.6537499999999999 0.675 0.63625
5 0.26 0.88375 0.2425 0.88375 0.2425 0.9012499999999999 0.26 0.9012499999999999 0.26 0.88375
5 0.05125 0.10874999999999999 0.04375 0.10874999999999999 0.04375 0.12875 0.05125 0.12875 0.05125 0.10874999999999999
5 0.09125 0.30625 0.07875 0.30625 0.07875 0.32375 0.09125 0.32375 0.09125 0.30625
5 0.16 0.5375 0.14750000000000002 0.5375 0.14750000000000002 0.5650000000000001 0.16 0.5650000000000001 0.16 0.5375
5 0.1825 0.73625 0.1675 0.73625 0.1675 0.7537499999999999 0.1825 0.7537499999999999 0.1825 0.73625
5 0.6950000000000001 0.6725 0.6799999999999999 0.6725 0.6799999999999999 0.6925 0.6950000000000001 0.6925 0.6950000000000001 0.6725
5 0.635 0.8375 0.6275000000000001 0.8375 0.6275000000000001 0.8574999999999999 0.635 0.8574999999999999 0.635 0.8375
5 0.42374999999999996 0.36124999999999996 0.41125 0.36124999999999996 0.41125 0.38375 0.42374999999999996 0.38375 0.42374999999999996 0.36124999999999996
5 0.61 0.525 0.5875 0.525 0.5875 0.5475 0.61 0.5475 0.61 0.525
5 0.14875 0.7625 0.13374999999999998 0.7625 0.13374999999999998 0.7825 0.14875 0.7825 0.14875 0.7625
5 0.17124999999999999 0.7325 0.15875 0.7325 0.15875 0.745 0.17124999999999999 0.745 0.17124999999999999 0.7325
5 0.27375 0.68625 0.25875 0.68625 0.25875 0.69375 0.27375 0.69375 0.27375 0.68625
5 0.0475 0.0875 0.0375 0.0875 0.0375 0.10500000000000001 0.0475 0.10500000000000001 0.0475 0.0875
5 0.1025 0.29625 0.0925 0.29625 0.0925 0.31124999999999997 0.1025 0.31124999999999997 0.1025 0.29625
5 0.18 0.63125 0.16999999999999998 0.63125 0.16999999999999998 0.64625 0.18 0.64625 0.18 0.63125
5 0.95625 0.5325 0.94375 0.5325 0.94375 0.5549999999999999 0.95625 0.5549999999999999 0.95625 0.5325
5 0.45375 0.5287499999999999 0.44125 0.5287499999999999 0.44125 0.54625 0.45375 0.54625 0.45375 0.5287499999999999
5 0.255 0.33875 0.23500000000000001 0.33875 0.23500000000000001 0.35125 0.255 0.35125 0.255 0.33875
5 0.185 0.5549999999999999 0.1625 0.5549999999999999 0.1625 0.5825 0.185 0.5825 0.185 0.5549999999999999
5 0.73125 0.8925000000000001 0.7162499999999999 0.8925000000000001 0.7162499999999999 0.9125 0.73125 0.9125 0.73125 0.8925000000000001
5 0.8925000000000001 0.54625 0.875 0.54625 0.875 0.5662499999999999 0.8925000000000001 0.5662499999999999 0.8925000000000001 0.54625
5 0.91375 0.205 0.88375 0.205 0.88375 0.22000000000000003 0.91375 0.22000000000000003 0.91375 0.205
5 0.1675 0.79375 0.16 0.79375 0.16 0.8087500000000001 0.1675 0.8087500000000001 0.1675 0.79375
5 0.585 0.5237499999999999 0.5725 0.5237499999999999 0.5725 0.54375 0.585 0.54375 0.585 0.5237499999999999
5 0.6625 0.8087500000000001 0.645 0.8087500000000001 0.645 0.83625 0.6625 0.83625 0.6625 0.8087500000000001
5 0.70625 0.66875 0.69375 0.66875 0.69375 0.6912499999999999 0.70625 0.6912499999999999 0.70625 0.66875
5 0.6837500000000001 0.26625 0.65625 0.26625 0.65625 0.28625 0.6837500000000001 0.28625 0.6837500000000001 0.26625
5 0.5974999999999999 0.08125 0.575 0.08125 0.575 0.10124999999999999 0.5974999999999999 0.10124999999999999 0.5974999999999999 0.08125
5 0.59875 0.58125 0.58125 0.58125 0.58125 0.60375 0.59875 0.60375 0.59875 0.58125
5 0.075 0.19375 0.05500000000000001 0.19375 0.05500000000000001 0.21375000000000002 0.075 0.21375000000000002 0.075 0.19375
5 0.17625 0.5974999999999999 0.15875 0.5974999999999999 0.15875 0.62 0.17625 0.62 0.17625 0.5974999999999999
5 0.7212500000000001 0.8474999999999999 0.70875 0.8474999999999999 0.70875 0.8724999999999999 0.7212500000000001 0.8724999999999999 0.7212500000000001 0.8474999999999999
5 0.7875 0.56375 0.78 0.56375 0.78 0.58125 0.7875 0.58125 0.7875 0.56375
5 0.68625 0.6837500000000001 0.6587500000000001 0.6837500000000001 0.6587500000000001 0.70625 0.68625 0.70625 0.68625 0.6837500000000001
5 0.5925 0.4525 0.575 0.4525 0.575 0.4725 0.5925 0.4725 0.5925 0.4525
5 0.67 0.47750000000000004 0.6575 0.47750000000000004 0.6575 0.49749999999999994 0.67 0.49749999999999994 0.67 0.47750000000000004
5 0.71375 0.88125 0.69625 0.88125 0.69625 0.9012499999999999 0.71375 0.9012499999999999 0.71375 0.88125
5 0.67 0.2425 0.6475 0.2425 0.6475 0.26 0.67 0.26 0.67 0.2425
5 0.1625 0.7537499999999999 0.1525 0.7537499999999999 0.1525 0.76625 0.1625 0.76625 0.1625 0.7537499999999999
5 0.10375000000000001 0.32625000000000004 0.08625000000000001 0.32625000000000004 0.08625000000000001 0.34875 0.10375000000000001 0.34875 0.10375000000000001 0.32625000000000004
5 0.71 0.6975 0.6950000000000001 0.6975 0.6950000000000001 0.725 0.71 0.725 0.71 0.6975
5 0.11499999999999999 0.39125 0.1025 0.39125 0.1025 0.40875000000000006 0.11499999999999999 0.40875000000000006 0.11499999999999999 0.39125
5 0.8712500000000001 0.55 0.85375 0.55 0.85375 0.5725 0.8712500000000001 0.5725 0.8712500000000001 0.55
5 0.6125 0.15125 0.5900000000000001 0.15125 0.5900000000000001 0.17124999999999999 0.6125 0.17124999999999999 0.6125 0.15125
5 0.5662499999999999 0.38125 0.54875 0.38125 0.54875 0.40625 0.5662499999999999 0.40625 0.5662499999999999 0.38125
5 0.2575 0.9025000000000001 0.24 0.9025000000000001 0.24 0.9199999999999999 0.2575 0.9199999999999999 0.2575 0.9025000000000001
5 0.22625 0.865 0.21125 0.865 0.21125 0.8775000000000001 0.22625 0.8775000000000001 0.22625 0.865
5 0.12250000000000001 0.41 0.1075 0.41 0.1075 0.42750000000000005 0.12250000000000001 0.42750000000000005 0.12250000000000001 0.41
5 0.6849999999999999 0.62 0.6725 0.62 0.6725 0.645 0.6849999999999999 0.645 0.6849999999999999 0.62
5 1 0.21000000000000002 0.9875 0.21000000000000002 0.9875 0.2225 1 0.2225 1 0.21000000000000002
5 0.73125 0.78125 0.7112499999999999 0.78125 0.7112499999999999 0.80625 0.73125 0.80625 0.73125 0.78125
5 0.81875 0.5925 0.79125 0.5925 0.79125 0.6075 0.81875 0.6075 0.81875 0.5925
5 0.665 0.8412499999999999 0.645 0.8412499999999999 0.645 0.85875 0.665 0.85875 0.665 0.8412499999999999
5 0.021249999999999998 0.04625 0.008749999999999999 0.04625 0.008749999999999999 0.06625 0.021249999999999998 0.06625 0.021249999999999998 0.04625
5 0.1275 0.36875 0.1125 0.36875 0.1125 0.38625 0.1275 0.38625 0.1275 0.36875
5 0.5974999999999999 0.60875 0.5875 0.60875 0.5875 0.6287499999999999 0.5974999999999999 0.6287499999999999 0.5974999999999999 0.60875
5 0.8125 0.22875 0.8 0.22875 0.8 0.23875000000000002 0.8125 0.23875000000000002 0.8125 0.22875
5 0.66125 0.40625 0.6487499999999999 0.40625 0.6487499999999999 0.42874999999999996 0.66125 0.42874999999999996 0.66125 0.40625
5 0.6637500000000001 0.8637499999999999 0.64625 0.8637499999999999 0.64625 0.88375 0.6637500000000001 0.88375 0.6637500000000001 0.8637499999999999
5 0.2125 0.84375 0.195 0.84375 0.195 0.85875 0.2125 0.85875 0.2125 0.84375
5 0.16875 0.6849999999999999 0.16125 0.6849999999999999 0.16125 0.705 0.16875 0.705 0.16875 0.6849999999999999
5 0.3275 0.7212500000000001 0.3125 0.7212500000000001 0.3125 0.73375 0.3275 0.73375 0.3275 0.7212500000000001
5 0.6025 0.63125 0.595 0.63125 0.595 0.65125 0.6025 0.65125 0.6025 0.63125
5 0.7775000000000001 0.5662499999999999 0.7675 0.5662499999999999 0.7675 0.58125 0.7775000000000001 0.58125 0.7775000000000001 0.5662499999999999
5 0.7150000000000001 0.18625 0.6950000000000001 0.18625 0.6950000000000001 0.20875 0.7150000000000001 0.20875 0.7150000000000001 0.18625
5 0.7887500000000001 0.061250000000000006 0.76875 0.061250000000000006 0.76875 0.08125 0.7887500000000001 0.08125 0.7887500000000001 0.061250000000000006
5 0.74375 0.9625 0.72375 0.9625 0.72375 0.9800000000000001 0.74375 0.9800000000000001 0.74375 0.9625
5 0.5912499999999999 0.061250000000000006 0.57875 0.061250000000000006 0.57875 0.08125 0.5912499999999999 0.08125 0.5912499999999999 0.061250000000000006
5 0.03625 0.02375 0.01875 0.02375 0.01875 0.04375 0.03625 0.04375 0.03625 0.02375
5 0.20125 0.6275000000000001 0.18375 0.6275000000000001 0.18375 0.645 0.20125 0.645 0.20125 0.6275000000000001
5 0.34375 0.71 0.32625000000000004 0.71 0.32625000000000004 0.7275 0.34375 0.7275 0.34375 0.71
5 0.675 0.51125 0.665 0.51125 0.665 0.53125 0.675 0.53125 0.675 0.51125
5 0.575 0.4225 0.5525 0.4225 0.5525 0.4425 0.575 0.4425 0.575 0.4225
5 0.56125 0.34375 0.54125 0.34375 0.54125 0.36124999999999996 0.56125 0.36124999999999996 0.56125 0.34375
5 0.155 0.71875 0.14250000000000002 0.71875 0.14250000000000002 0.73875 0.155 0.73875 0.155 0.71875
5 0.9412499999999999 0.53625 0.93125 0.53625 0.93125 0.55625 0.9412499999999999 0.55625 0.9412499999999999 0.53625
5 0.9675 0.5325 0.9574999999999999 0.5325 0.9574999999999999 0.5525 0.9675 0.5525 0.9675 0.5325
5 0.6537499999999999 0.4625 0.64125 0.4625 0.64125 0.485 0.6537499999999999 0.485 0.6537499999999999 0.4625
5 0.47750000000000004 0.605 0.465 0.605 0.465 0.625 0.47750000000000004 0.625 0.47750000000000004 0.605
5 1 0.24625 0.99 0.24625 0.99 0.26375000000000004 1 0.26375000000000004 1 0.24625
5 0.675 0.54375 0.6575 0.54375 0.6575 0.5662499999999999 0.675 0.5662499999999999 0.675 0.54375
5 0.16375 0.7 0.15125 0.7 0.15125 0.7175 0.16375 0.7175 0.16375 0.7
5 0.1525 0.75 0.13999999999999999 0.75 0.13999999999999999 0.7625 0.1525 0.7625 0.1525 0.75
5 0.20125 0.67 0.19125 0.67 0.19125 0.6900000000000001 0.20125 0.6900000000000001 0.20125 0.67
5 0.3025 0.6875 0.28250000000000003 0.6875 0.28250000000000003 0.705 0.3025 0.705 0.3025 0.6875
5 0.09125 0.22875 0.07625 0.22875 0.07625 0.25375000000000003 0.09125 0.25375000000000003 0.09125 0.22875
5 0.6875 0.57625 0.6799999999999999 0.57625 0.6799999999999999 0.59375 0.6875 0.59375 0.6875 0.57625
5 0.7424999999999999 0.575 0.7325 0.575 0.7325 0.595 0.7424999999999999 0.595 0.7424999999999999 0.575