5 0.1025 0.5599999999999999 0.09 0.5599999999999999 0.09 0.5700000000000001 0.1025 0.5700000000000001 0.1025 0.5599999999999999
5 0.10124999999999999 0.16875 0.08625000000000001 0.16875 0.08625000000000001 0.17875000000000002 0.10124999999999999 0.17875000000000002 0.10124999999999999 0.16875
5 0.12125 0.14750000000000002 0.10625 0.14750000000000002 0.10625 0.16 0.12125 0.16 0.12125 0.14750000000000002
5 0.8574999999999999 0.68125 0.8400000000000001 0.68125 0.8400000000000001 0.69875 0.8574999999999999 0.69875 0.8574999999999999 0.68125
5 0.86875 0.68875 0.85125 0.68875 0.85125 0.70375 0.86875 0.70375 0.86875 0.68875
5 0.87375 0.69625 0.85875 0.69625 0.85875 0.7112499999999999 0.87375 0.7112499999999999 0.87375 0.69625
5 0.885 0.7025 0.8675 0.7025 0.8675 0.7175 0.885 0.7175 0.885 0.7025
5 0.89125 0.71 0.87375 0.71 0.87375 0.725 0.89125 0.725 0.89125 0.71
5 0.9 0.71375 0.885 0.71375 0.885 0.73125 0.9 0.73125 0.9 0.71375
5 0.9199999999999999 0.72875 0.9025000000000001 0.72875 0.9025000000000001 0.7462500000000001 0.9199999999999999 0.7462500000000001 0.9199999999999999 0.72875
5 0.92875 0.735 0.9112500000000001 0.735 0.9112500000000001 0.755 0.92875 0.755 0.92875 0.735
5 0.9425000000000001 0.75125 0.9275 0.75125 0.9275 0.76875 0.9425000000000001 0.76875 0.9425000000000001 0.75125
5 0.9712500000000001 0.77125 0.95375 0.77125 0.95375 0.78625 0.9712500000000001 0.78625 0.9712500000000001 0.77125
5 0.55 0.96875 0.53 0.96875 0.53 0.98125 0.55 0.98125 0.55 0.96875
5 0.155 0.9199999999999999 0.1375 0.9199999999999999 0.1375 0.9375 0.155 0.9375 0.155 0.9199999999999999
5 0.145 0.9275 0.1325 0.9275 0.1325 0.9425000000000001 0.145 0.9425000000000001 0.145 0.9275
5 0.6675 0.96875 0.655 0.96875 0.655 0.99375 0.6675 0.99375 0.6675 0.96875
5 0.8474999999999999 0.8487500000000001 0.8400000000000001 0.8487500000000001 0.8400000000000001 0.8612500000000001 0.8474999999999999 0.8612500000000001 0.8474999999999999 0.8487500000000001
5 0.445 0.12625 0.425 0.12625 0.425 0.14125000000000001 0.445 0.14125000000000001 0.445 0.12625
5 0.50125 0.061250000000000006 0.48125 0.061250000000000006 0.48125 0.07875 0.50125 0.07875 0.50125 0.061250000000000006
5 0.86 0.03375 0.8425 0.03375 0.8425 0.05125 0.86 0.05125 0.86 0.03375
5 0.865 0.041249999999999995 0.85 0.041249999999999995 0.85 0.05625 0.865 0.05625 0.865 0.041249999999999995
5 0.87375 0.0475 0.85875 0.0475 0.85875 0.0625 0.87375 0.0625 0.87375 0.0475
5 0.8825 0.05500000000000001 0.8675 0.05500000000000001 0.8675 0.06999999999999999 0.8825 0.06999999999999999 0.8825 0.05500000000000001
5 0.8925000000000001 0.058750000000000004 0.875 0.058750000000000004 0.875 0.07625 0.8925000000000001 0.07625 0.8925000000000001 0.058750000000000004
5 0.9 0.06625 0.8825 0.06625 0.8825 0.08125 0.9 0.08125 0.9 0.06625
5 0.90625 0.06999999999999999 0.89125 0.06999999999999999 0.89125 0.09 0.90625 0.09 0.90625 0.06999999999999999
5 0.9125 0.07625 0.8975 0.07625 0.8975 0.09375 0.9125 0.09375 0.9125 0.07625
5 0.9275 0.09 0.9125 0.09 0.9125 0.10500000000000001 0.9275 0.10500000000000001 0.9275 0.09
5 0.9425000000000001 0.10124999999999999 0.9275 0.10124999999999999 0.9275 0.11875 0.9425000000000001 0.11875 0.9425000000000001 0.10124999999999999
5 0.9637499999999999 0.11625 0.9487500000000001 0.11625 0.9487500000000001 0.13125 0.9637499999999999 0.13125 0.9637499999999999 0.11625
5 0.9037499999999999 0.027500000000000004 0.8887499999999999 0.027500000000000004 0.8887499999999999 0.042499999999999996 0.9037499999999999 0.042499999999999996 0.9037499999999999 0.027500000000000004
5 0.6875 0.8775000000000001 0.6725 0.8775000000000001 0.6725 0.8949999999999999 0.6875 0.8949999999999999 0.6875 0.8775000000000001
5 0.76625 0.7825 0.75625 0.7825 0.75625 0.8 0.76625 0.8 0.76625 0.7825
5 0.7875 0.78625 0.775 0.78625 0.775 0.80625 0.7875 0.80625 0.7875 0.78625
5 0.6212500000000001 0.79375 0.60875 0.79375 0.60875 0.81125 0.6212500000000001 0.81125 0.6212500000000001 0.79375
5 0.5675 0.77625 0.5549999999999999 0.77625 0.5549999999999999 0.79375 0.5675 0.79375 0.5675 0.77625
5 0.515 0.7925 0.5025000000000001 0.7925 0.5025000000000001 0.8074999999999999 0.515 0.8074999999999999 0.515 0.7925
5 0.5025000000000001 0.76 0.4925 0.76 0.4925 0.77 0.5025000000000001 0.77 0.5025000000000001 0.76
5 0.6125 0.5037499999999999 0.5974999999999999 0.5037499999999999 0.5974999999999999 0.51625 0.6125 0.51625 0.6125 0.5037499999999999
5 0.6025 0.49874999999999997 0.5900000000000001 0.49874999999999997 0.5900000000000001 0.51125 0.6025 0.51125 0.6025 0.49874999999999997
5 0.5725 0.51 0.5549999999999999 0.51 0.5549999999999999 0.52 0.5725 0.52 0.5725 0.51
5 0.9075 0.27375 0.8925000000000001 0.27375 0.8925000000000001 0.28625 0.9075 0.28625 0.9075 0.27375
5 0.40875000000000006 0.835 0.39375 0.835 0.39375 0.8550000000000001 0.40875000000000006 0.8550000000000001 0.40875000000000006 0.835
5 0.41624999999999995 0.8400000000000001 0.40374999999999994 0.8400000000000001 0.40374999999999994 0.8574999999999999 0.41624999999999995 0.8574999999999999 0.41624999999999995 0.8400000000000001
5 0.42625 0.84375 0.41624999999999995 0.84375 0.41624999999999995 0.8612500000000001 0.42625 0.8612500000000001 0.42625 0.84375
5 0.4175 0.8800000000000001 0.40750000000000003 0.8800000000000001 0.40750000000000003 0.8925000000000001 0.4175 0.8925000000000001 0.4175 0.8800000000000001
5 0.39125 0.87625 0.38125 0.87625 0.38125 0.8887499999999999 0.39125 0.8887499999999999 0.39125 0.87625
5 0.28125 0.87375 0.26875 0.87375 0.26875 0.89375 0.28125 0.89375 0.28125 0.87375
5 0.41 0.9075 0.3975 0.9075 0.3975 0.9275 0.41 0.9275 0.41 0.9075
5 0.22749999999999998 0.9337500000000001 0.2125 0.9337500000000001 0.2125 0.9512499999999999 0.22749999999999998 0.9512499999999999 0.22749999999999998 0.9337500000000001
5 0.3225 0.92875 0.31 0.92875 0.31 0.93625 0.3225 0.93625 0.3225 0.92875
5 0.45125000000000004 0.89 0.44125 0.89 0.44125 0.8949999999999999 0.45125000000000004 0.8949999999999999 0.45125000000000004 0.89
5 0.40750000000000003 0.7625 0.39249999999999996 0.7625 0.39249999999999996 0.78 0.40750000000000003 0.78 0.40750000000000003 0.7625
5 0.31875 0.85375 0.30874999999999997 0.85375 0.30874999999999997 0.8637499999999999 0.31875 0.8637499999999999 0.31875 0.85375
5 0.37374999999999997 0.86875 0.36375 0.86875 0.36375 0.8787499999999999 0.37374999999999997 0.8787499999999999 0.37374999999999997 0.86875
5 0.655 0.97 0.6475 0.97 0.6475 0.99 0.655 0.99 0.655 0.97
5 0.39625 0.8324999999999999 0.38625 0.8324999999999999 0.38625 0.85 0.39625 0.85 0.39625 0.8324999999999999
5 0.41500000000000004 0.76875 0.40499999999999997 0.76875 0.40499999999999997 0.78625 0.41500000000000004 0.78625 0.41500000000000004 0.76875
5 0.47625 0.9650000000000001 0.46125 0.9650000000000001 0.46125 0.9775 0.47625 0.9775 0.47625 0.9650000000000001
5 0.45875000000000005 0.11125 0.44375 0.11125 0.44375 0.12375 0.45875000000000005 0.12375 0.45875000000000005 0.11125
5 0.4025 0.73375 0.39249999999999996 0.73375 0.39249999999999996 0.74875 0.4025 0.74875 0.4025 0.73375
5 0.34125 0.8175000000000001 0.33125 0.8175000000000001 0.33125 0.8375 0.34125 0.8375 0.34125 0.8175000000000001
5 0.6950000000000001 0.9775 0.6775 0.9775 0.6775 0.9974999999999999 0.6950000000000001 0.9974999999999999 0.6950000000000001 0.9775
5 0.42374999999999996 0.7737499999999999 0.41624999999999995 0.7737499999999999 0.41624999999999995 0.79125 0.42374999999999996 0.79125 0.42374999999999996 0.7737499999999999