5 0.30625 0.26749999999999996 0.28875 0.26749999999999996 0.28875 0.28500000000000003 0.30625 0.28500000000000003 0.30625 0.26749999999999996
5 0.32 0.25 0.3025 0.25 0.3025 0.26749999999999996 0.32 0.26749999999999996 0.32 0.25
5 0.325 0.2575 0.31 0.2575 0.31 0.2725 0.325 0.2725 0.325 0.2575
5 0.33375 0.26375000000000004 0.31625000000000003 0.26375000000000004 0.31625000000000003 0.28125 0.33375 0.28125 0.33375 0.26375000000000004
5 0.33875 0.27125 0.32625000000000004 0.27125 0.32625000000000004 0.28625 0.33875 0.28625 0.33875 0.27125
5 0.35 0.27749999999999997 0.335 0.27749999999999997 0.335 0.2925 0.35 0.2925 0.35 0.27749999999999997
5 0.36 0.28375 0.34500000000000003 0.28375 0.34500000000000003 0.29874999999999996 0.36 0.29874999999999996 0.36 0.28375
5 0.3675 0.29 0.3525 0.29 0.3525 0.3025 0.3675 0.3025 0.3675 0.29
5 0.3725 0.29625 0.36 0.29625 0.36 0.31124999999999997 0.3725 0.31124999999999997 0.3725 0.29625
5 0.38375 0.30375 0.37124999999999997 0.30375 0.37124999999999997 0.31875 0.38375 0.31875 0.38375 0.30375
5 0.395 0.31124999999999997 0.3775 0.31124999999999997 0.3775 0.32625000000000004 0.395 0.32625000000000004 0.395 0.31124999999999997
5 0.4025 0.31875 0.3875 0.31875 0.3875 0.33375 0.4025 0.33375 0.4025 0.31875
5 0.40875000000000006 0.32375 0.39625 0.32375 0.39625 0.33875 0.40875000000000006 0.33875 0.40875000000000006 0.32375
5 0.3025 0.2925 0.28500000000000003 0.2925 0.28500000000000003 0.3075 0.3025 0.3075 0.3025 0.2925
5 0.30625 0.24375 0.29125 0.24375 0.29125 0.26125 0.30625 0.26125 0.30625 0.24375
5 0.1075 0.41875 0.09 0.41875 0.09 0.43624999999999997 0.1075 0.43624999999999997 0.1075 0.41875
5 0.11875 0.42625 0.10124999999999999 0.42625 0.10124999999999999 0.44125 0.11875 0.44125 0.11875 0.42625
5 0.12375 0.43375 0.10874999999999999 0.43375 0.10874999999999999 0.44875 0.12375 0.44875 0.12375 0.43375
5 0.135 0.44000000000000006 0.11750000000000001 0.44000000000000006 0.11750000000000001 0.45499999999999996 0.135 0.45499999999999996 0.135 0.44000000000000006
5 0.14125000000000001 0.44749999999999995 0.12375 0.44749999999999995 0.12375 0.4625 0.14125000000000001 0.4625 0.14125000000000001 0.44749999999999995
5 0.15 0.45125000000000004 0.135 0.45125000000000004 0.135 0.46875 0.15 0.46875 0.15 0.45125000000000004
5 0.16999999999999998 0.46624999999999994 0.1525 0.46624999999999994 0.1525 0.48375 0.16999999999999998 0.48375 0.16999999999999998 0.46624999999999994
5 0.17875000000000002 0.4725 0.16125 0.4725 0.16125 0.4925 0.17875000000000002 0.4925 0.17875000000000002 0.4725
5 0.1925 0.48875 0.1775 0.48875 0.1775 0.50625 0.1925 0.50625 0.1925 0.48875
5 0.22125 0.50875 0.20375000000000001 0.50875 0.20375000000000001 0.5237499999999999 0.22125 0.5237499999999999 0.22125 0.50875
5 0 0.85625 0.005 0.85625 0.005 0.84375 0 0.84375 0 0.85625
5 0.0975 0.5862499999999999 0.09 0.5862499999999999 0.09 0.59875 0.0975 0.59875 0.0975 0.5862499999999999
5 0.37374999999999997 0.045 0.35375 0.045 0.35375 0.05500000000000001 0.37374999999999997 0.05500000000000001 0.37374999999999997 0.045
5 0.34500000000000003 0.10375000000000001 0.32999999999999996 0.10375000000000001 0.32999999999999996 0.12375 0.34500000000000003 0.12375 0.34500000000000003 0.10375000000000001
5 0.40499999999999997 0.04625 0.3875 0.04625 0.3875 0.05625 0.40499999999999997 0.05625 0.40499999999999997 0.04625
5 0.4175 0.075 0.4 0.075 0.4 0.0875 0.4175 0.0875 0.4175 0.075
5 0.4025 0.1025 0.3825 0.1025 0.3825 0.11499999999999999 0.4025 0.11499999999999999 0.4025 0.1025
5 0.40750000000000003 0.11125 0.39 0.11125 0.39 0.12375 0.40750000000000003 0.12375 0.40750000000000003 0.11125
5 0.4125 0.11875 0.395 0.11875 0.395 0.13374999999999998 0.4125 0.13374999999999998 0.4125 0.11875
5 0.385 0.1675 0.365 0.1675 0.365 0.1825 0.385 0.1825 0.385 0.1675
5 0.4175 0.1325 0.3975 0.1325 0.3975 0.14250000000000002 0.4175 0.14250000000000002 0.4175 0.1325
5 0.42125 0.13874999999999998 0.40125 0.13874999999999998 0.40125 0.15125 0.42125 0.15125 0.42125 0.13874999999999998
5 0.42874999999999996 0.15 0.41125 0.15 0.41125 0.16 0.42874999999999996 0.16 0.42874999999999996 0.15
5 0.4325 0.15875 0.41500000000000004 0.15875 0.41500000000000004 0.16875 0.4325 0.16875 0.4325 0.15875
5 0.4375 0.16875 0.4175 0.16875 0.4175 0.17875000000000002 0.4375 0.17875000000000002 0.4375 0.16875
5 0.44125 0.18 0.42374999999999996 0.18 0.42374999999999996 0.19 0.44125 0.19 0.44125 0.18
5 0.445 0.1875 0.42750000000000005 0.1875 0.42750000000000005 0.1975 0.445 0.1975 0.445 0.1875
5 0.48624999999999996 0.20625 0.46875 0.20625 0.46875 0.21625 0.48624999999999996 0.21625 0.48624999999999996 0.20625
5 0.5225 0.18 0.505 0.18 0.505 0.19 0.5225 0.19 0.5225 0.18
5 0.5175 0.26 0.5 0.26 0.5 0.2725 0.5175 0.2725 0.5175 0.26
5 0.5387500000000001 0.21625 0.5237499999999999 0.21625 0.5237499999999999 0.22625 0.5387500000000001 0.22625 0.5387500000000001 0.21625
5 0.45625 0.30874999999999997 0.43624999999999997 0.30874999999999997 0.43624999999999997 0.32125 0.45625 0.32125 0.45625 0.30874999999999997
5 0.49625 0.29125 0.47874999999999995 0.29125 0.47874999999999995 0.30375 0.49625 0.30375 0.49625 0.29125
5 0.37875000000000003 0.05625 0.36124999999999996 0.05625 0.36124999999999996 0.06875 0.37875000000000003 0.06875 0.37875000000000003 0.05625
5 0.38375 0.06625 0.36625 0.06625 0.36625 0.07875 0.38375 0.07875 0.38375 0.06625
5 0.3875 0.075 0.3725 0.075 0.3725 0.0875 0.3875 0.0875 0.3875 0.075
5 0.39249999999999996 0.08499999999999999 0.3725 0.08499999999999999 0.3725 0.0975 0.39249999999999996 0.0975 0.39249999999999996 0.08499999999999999
5 0.39625 0.095 0.38125 0.095 0.38125 0.10500000000000001 0.39625 0.10500000000000001 0.39625 0.095
5 0.49749999999999994 0.3 0.48250000000000004 0.3 0.48250000000000004 0.31 0.49749999999999994 0.31 0.49749999999999994 0.3
5 0.45875000000000005 0.3175 0.44125 0.3175 0.44125 0.3325 0.45875000000000005 0.3325 0.45875000000000005 0.3175
5 0.585 0.22999999999999998 0.5675 0.22999999999999998 0.5675 0.2425 0.585 0.2425 0.585 0.22999999999999998
5 0.57375 0.215 0.55625 0.215 0.55625 0.22749999999999998 0.57375 0.22749999999999998 0.57375 0.215
5 0.5587500000000001 0.1825 0.54125 0.1825 0.54125 0.195 0.5587500000000001 0.195 0.5587500000000001 0.1825
5 0.60625 0.17625 0.58875 0.17625 0.58875 0.18875 0.60625 0.18875 0.60625 0.17625
5 0.6 0.16625 0.5825 0.16625 0.5825 0.17875000000000002 0.6 0.17875000000000002 0.6 0.16625
5 0.55375 0.17625 0.5387500000000001 0.17625 0.5387500000000001 0.18625 0.55375 0.18625 0.55375 0.17625
5 0.58375 0.13999999999999999 0.5662499999999999 0.13999999999999999 0.5662499999999999 0.15 0.58375 0.15 0.58375 0.13999999999999999
5 0.57875 0.13125 0.56125 0.13125 0.56125 0.14125000000000001 0.57875 0.14125000000000001 0.57875 0.13125
5 0.5325 0.125 0.5125 0.125 0.5125 0.13999999999999999 0.5325 0.13999999999999999 0.5325 0.125
5 0.5599999999999999 0.09375 0.545 0.09375 0.545 0.10375000000000001 0.5599999999999999 0.10375000000000001 0.5599999999999999 0.09375
5 0.51 0.09125 0.495 0.09125 0.495 0.10375000000000001 0.51 0.10375000000000001 0.51 0.09125
5 0.54375 0.05500000000000001 0.52625 0.05500000000000001 0.52625 0.0675 0.54375 0.0675 0.54375 0.05500000000000001
5 0.5325 0.03875 0.5175 0.03875 0.5175 0.04875 0.5325 0.04875 0.5325 0.03875
5 0.56375 0.03375 0.54875 0.03375 0.54875 0.04625 0.56375 0.04625 0.56375 0.03375
5 0.5575 0.025 0.5425 0.025 0.5425 0.034999999999999996 0.5575 0.034999999999999996 0.5575 0.025
5 0.5287499999999999 0.03 0.51375 0.03 0.51375 0.04 0.5287499999999999 0.04 0.5287499999999999 0.03
5 0.58 0.0625 0.5625 0.0625 0.5625 0.075 0.58 0.075 0.58 0.0625
5 0.485 0.1025 0.47000000000000003 0.1025 0.47000000000000003 0.11499999999999999 0.485 0.11499999999999999 0.485 0.1025
5 0.47000000000000003 0.07375000000000001 0.45499999999999996 0.07375000000000001 0.45499999999999996 0.08625000000000001 0.47000000000000003 0.08625000000000001 0.47000000000000003 0.07375000000000001
5 0.45875000000000005 0.05625 0.44125 0.05625 0.44125 0.06875 0.45875000000000005 0.06875 0.45875000000000005 0.05625
5 0.45625 0.04625 0.43375 0.04625 0.43375 0.058750000000000004 0.45625 0.058750000000000004 0.45625 0.04625
5 0.45 0.03625 0.4325 0.03625 0.4325 0.04625 0.45 0.04625 0.45 0.03625
5 0.6025 0.11000000000000001 0.585 0.11000000000000001 0.585 0.12250000000000001 0.6025 0.12250000000000001 0.6025 0.11000000000000001
5 0.61125 0.028749999999999998 0.59375 0.028749999999999998 0.59375 0.03875 0.61125 0.03875 0.61125 0.028749999999999998
5 0.61625 0.0375 0.59875 0.0375 0.59875 0.0475 0.61625 0.0475 0.61625 0.0375
5 0.6325000000000001 0.07375000000000001 0.6125 0.07375000000000001 0.6125 0.08625000000000001 0.6325000000000001 0.08625000000000001 0.6325000000000001 0.07375000000000001
5 0.64375 0.09125 0.62625 0.09125 0.62625 0.10124999999999999 0.64375 0.10124999999999999 0.64375 0.09125
5 0.66625 0.06999999999999999 0.6487499999999999 0.06999999999999999 0.6487499999999999 0.08499999999999999 0.66625 0.08499999999999999 0.66625 0.06999999999999999
5 0.7837500000000001 0.1325 0.76625 0.1325 0.76625 0.145 0.7837500000000001 0.145 0.7837500000000001 0.1325
5 0.6325000000000001 0.16499999999999998 0.6125 0.16499999999999998 0.6125 0.1775 0.6325000000000001 0.1775 0.6325000000000001 0.16499999999999998
5 0.73 0.1925 0.71 0.1925 0.71 0.205 0.73 0.205 0.73 0.1925
5 0.73125 0.20249999999999999 0.71375 0.20249999999999999 0.71375 0.215 0.73125 0.215 0.73125 0.20249999999999999
5 0.01625 0.52 0.00625 0.52 0.00625 0.5375 0.01625 0.5375 0.01625 0.52
5 0.0375 0.5237499999999999 0.025 0.5237499999999999 0.025 0.54375 0.0375 0.54375 0.0375 0.5237499999999999
5 0.1575 0.01125 0.14250000000000002 0.01125 0.14250000000000002 0.02375 0.1575 0.02375 0.1575 0.01125
5 0.2625 0.62 0.25 0.62 0.25 0.6325000000000001 0.2625 0.6325000000000001 0.2625 0.62
5 0.27375 0.27375 0.26375000000000004 0.27375 0.26375000000000004 0.28625 0.27375 0.28625 0.27375 0.27375
5 0.28375 0.22875 0.27625 0.22875 0.27625 0.24125000000000002 0.28375 0.24125000000000002 0.28375 0.22875
5 0.28125 0.22374999999999998 0.26875 0.22374999999999998 0.26875 0.23625 0.28125 0.23625 0.28125 0.22374999999999998
5 0.29625 0.23875000000000002 0.28625 0.23875000000000002 0.28625 0.25125000000000003 0.29625 0.25125000000000003 0.29625 0.23875000000000002