5 0.27 0.36625 0.225 0.36625 0.225 0.40374999999999994 0.27 0.40374999999999994 0.27 0.36625
5 0.8825 0.05125 0.865 0.05125 0.865 0.06875 0.8825 0.06875 0.8825 0.05125
5 0.915 0.057499999999999996 0.8975 0.057499999999999996 0.8975 0.0775 0.915 0.0775 0.915 0.057499999999999996
5 0.9475 0.05500000000000001 0.9324999999999999 0.05500000000000001 0.9324999999999999 0.06999999999999999 0.9475 0.06999999999999999 0.9475 0.05500000000000001
5 0.99375 0.08125 0.9737500000000001 0.08125 0.9737500000000001 0.10124999999999999 0.99375 0.10124999999999999 0.99375 0.08125
5 0.96 0.10500000000000001 0.9400000000000001 0.10500000000000001 0.9400000000000001 0.12250000000000001 0.96 0.12250000000000001 0.96 0.10500000000000001
5 0.9237500000000001 0.14875 0.90625 0.14875 0.90625 0.16375 0.9237500000000001 0.16375 0.9237500000000001 0.14875
5 0.63 0.9375 0.61 0.9375 0.61 0.9525 0.63 0.9525 0.63 0.9375
5 0.6224999999999999 0.9712500000000001 0.61 0.9712500000000001 0.61 0.9862500000000001 0.6224999999999999 0.9862500000000001 0.6224999999999999 0.9712500000000001
5 0.12250000000000001 0.25375000000000003 0.0925 0.25375000000000003 0.0925 0.27625 0.12250000000000001 0.27625 0.12250000000000001 0.25375000000000003
5 0.37 0.65625 0.3525 0.65625 0.3525 0.67375 0.37 0.67375 0.37 0.65625