5 0.30625 0.53 0.28875 0.53 0.28875 0.5475 0.30625 0.5475 0.30625 0.53
5 0.32 0.5125 0.3025 0.5125 0.3025 0.53 0.32 0.53 0.32 0.5125
5 0.325 0.52 0.31 0.52 0.31 0.5349999999999999 0.325 0.5349999999999999 0.325 0.52
5 0.33375 0.52625 0.31625000000000003 0.52625 0.31625000000000003 0.54375 0.33375 0.54375 0.33375 0.52625
5 0.33875 0.5337500000000001 0.32625000000000004 0.5337500000000001 0.32625000000000004 0.54875 0.33875 0.54875 0.33875 0.5337500000000001
5 0.35 0.54 0.335 0.54 0.335 0.5549999999999999 0.35 0.5549999999999999 0.35 0.54
5 0.36 0.54625 0.34500000000000003 0.54625 0.34500000000000003 0.56125 0.36 0.56125 0.36 0.54625
5 0.3675 0.5525 0.3525 0.5525 0.3525 0.5650000000000001 0.3675 0.5650000000000001 0.3675 0.5525
5 0.3725 0.5587500000000001 0.36 0.5587500000000001 0.36 0.57375 0.3725 0.57375 0.3725 0.5587500000000001
5 0.38375 0.5662499999999999 0.37124999999999997 0.5662499999999999 0.37124999999999997 0.58125 0.38375 0.58125 0.38375 0.5662499999999999
5 0.395 0.57375 0.3775 0.57375 0.3775 0.58875 0.395 0.58875 0.395 0.57375
5 0.4025 0.58125 0.3875 0.58125 0.3875 0.5962500000000001 0.4025 0.5962500000000001 0.4025 0.58125
5 0.40875000000000006 0.5862499999999999 0.39625 0.5862499999999999 0.39625 0.6012500000000001 0.40875000000000006 0.6012500000000001 0.40875000000000006 0.5862499999999999
5 0.3025 0.5549999999999999 0.28500000000000003 0.5549999999999999 0.28500000000000003 0.5700000000000001 0.3025 0.5700000000000001 0.3025 0.5549999999999999
5 0.30625 0.50625 0.29125 0.50625 0.29125 0.5237499999999999 0.30625 0.5237499999999999 0.30625 0.50625
5 0.1075 0.68125 0.09 0.68125 0.09 0.69875 0.1075 0.69875 0.1075 0.68125
5 0.11875 0.68875 0.10124999999999999 0.68875 0.10124999999999999 0.70375 0.11875 0.70375 0.11875 0.68875
5 0.12375 0.69625 0.10874999999999999 0.69625 0.10874999999999999 0.7112499999999999 0.12375 0.7112499999999999 0.12375 0.69625
5 0.135 0.7025 0.11750000000000001 0.7025 0.11750000000000001 0.7175 0.135 0.7175 0.135 0.7025
5 0.14125000000000001 0.71 0.12375 0.71 0.12375 0.725 0.14125000000000001 0.725 0.14125000000000001 0.71
5 0.15 0.71375 0.135 0.71375 0.135 0.73125 0.15 0.73125 0.15 0.71375
5 0.16999999999999998 0.72875 0.1525 0.72875 0.1525 0.7462500000000001 0.16999999999999998 0.7462500000000001 0.16999999999999998 0.72875
5 0.17875000000000002 0.735 0.16125 0.735 0.16125 0.755 0.17875000000000002 0.755 0.17875000000000002 0.735
5 0.1925 0.75125 0.1775 0.75125 0.1775 0.76875 0.1925 0.76875 0.1925 0.75125
5 0.22125 0.77125 0.20375000000000001 0.77125 0.20375000000000001 0.78625 0.22125 0.78625 0.22125 0.77125
5 0.0975 0.8487500000000001 0.09 0.8487500000000001 0.09 0.8612500000000001 0.0975 0.8612500000000001 0.0975 0.8487500000000001
5 0.36 0.24625 0.34750000000000003 0.24625 0.34750000000000003 0.26625 0.36 0.26625 0.36 0.24625
5 0.3675 0.2425 0.35750000000000004 0.2425 0.35750000000000004 0.2625 0.3675 0.2625 0.3675 0.2425
5 0.38 0.24 0.37 0.24 0.37 0.26 0.38 0.26 0.38 0.24
5 0.4025 0.2375 0.39249999999999996 0.2375 0.39249999999999996 0.2575 0.4025 0.2575 0.4025 0.2375
5 0.43624999999999997 0.23374999999999999 0.42625 0.23374999999999999 0.42625 0.25625 0.43624999999999997 0.25625 0.43624999999999997 0.23374999999999999
5 0.46749999999999997 0.23374999999999999 0.45999999999999996 0.23374999999999999 0.45999999999999996 0.24874999999999997 0.46749999999999997 0.24874999999999997 0.46749999999999997 0.23374999999999999
5 0.40374999999999994 0.23875000000000002 0.39375 0.23875000000000002 0.39375 0.25625 0.40374999999999994 0.25625 0.40374999999999994 0.23875000000000002
5 0.43624999999999997 0.23500000000000001 0.42625 0.23500000000000001 0.42625 0.255 0.43624999999999997 0.255 0.43624999999999997 0.23500000000000001
5 0.47000000000000003 0.2325 0.45999999999999996 0.2325 0.45999999999999996 0.25 0.47000000000000003 0.25 0.47000000000000003 0.2325
5 0.4925 0.22999999999999998 0.48250000000000004 0.22999999999999998 0.48250000000000004 0.2475 0.4925 0.2475 0.4925 0.22999999999999998
5 0.51625 0.22875 0.50625 0.22875 0.50625 0.24625 0.51625 0.24625 0.51625 0.22875
5 0.5375 0.22749999999999998 0.53 0.22749999999999998 0.53 0.24500000000000002 0.5375 0.24500000000000002 0.5375 0.22749999999999998
5 0.37374999999999997 0.3075 0.35375 0.3075 0.35375 0.3175 0.37374999999999997 0.3175 0.37374999999999997 0.3075
5 0.34500000000000003 0.36625 0.32999999999999996 0.36625 0.32999999999999996 0.38625 0.34500000000000003 0.38625 0.34500000000000003 0.36625
5 0.40499999999999997 0.30874999999999997 0.3875 0.30874999999999997 0.3875 0.31875 0.40499999999999997 0.31875 0.40499999999999997 0.30874999999999997
5 0.4175 0.3375 0.4 0.3375 0.4 0.35 0.4175 0.35 0.4175 0.3375
5 0.4025 0.365 0.3825 0.365 0.3825 0.3775 0.4025 0.3775 0.4025 0.365
5 0.40750000000000003 0.37374999999999997 0.39 0.37374999999999997 0.39 0.38625 0.40750000000000003 0.38625 0.40750000000000003 0.37374999999999997
5 0.4125 0.38125 0.395 0.38125 0.395 0.39625 0.4125 0.39625 0.4125 0.38125
5 0.385 0.43 0.365 0.43 0.365 0.445 0.385 0.445 0.385 0.43
5 0.4175 0.395 0.3975 0.395 0.3975 0.40499999999999997 0.4175 0.40499999999999997 0.4175 0.395
5 0.42125 0.40125 0.40125 0.40125 0.40125 0.41375 0.42125 0.41375 0.42125 0.40125
5 0.42874999999999996 0.4125 0.41125 0.4125 0.41125 0.4225 0.42874999999999996 0.4225 0.42874999999999996 0.4125
5 0.4325 0.42125 0.41500000000000004 0.42125 0.41500000000000004 0.43125 0.4325 0.43125 0.4325 0.42125
5 0.4375 0.43125 0.4175 0.43125 0.4175 0.44125 0.4375 0.44125 0.4375 0.43125
5 0.44125 0.4425 0.42374999999999996 0.4425 0.42374999999999996 0.4525 0.44125 0.4525 0.44125 0.4425
5 0.445 0.45 0.42750000000000005 0.45 0.42750000000000005 0.45999999999999996 0.445 0.45999999999999996 0.445 0.45
5 0.48624999999999996 0.46875 0.46875 0.46875 0.46875 0.47874999999999995 0.48624999999999996 0.47874999999999995 0.48624999999999996 0.46875
5 0.5225 0.4425 0.505 0.4425 0.505 0.4525 0.5225 0.4525 0.5225 0.4425
5 0.5175 0.5225 0.5 0.5225 0.5 0.5349999999999999 0.5175 0.5349999999999999 0.5175 0.5225
5 0.5387500000000001 0.47874999999999995 0.5237499999999999 0.47874999999999995 0.5237499999999999 0.48875 0.5387500000000001 0.48875 0.5387500000000001 0.47874999999999995
5 0.45625 0.57125 0.43624999999999997 0.57125 0.43624999999999997 0.58375 0.45625 0.58375 0.45625 0.57125
5 0.49625 0.55375 0.47874999999999995 0.55375 0.47874999999999995 0.5662499999999999 0.49625 0.5662499999999999 0.49625 0.55375
5 0.49000000000000005 0.22999999999999998 0.48250000000000004 0.22999999999999998 0.48250000000000004 0.2475 0.49000000000000005 0.2475 0.49000000000000005 0.22999999999999998
5 0.51625 0.22875 0.50625 0.22875 0.50625 0.24874999999999997 0.51625 0.24874999999999997 0.51625 0.22875
5 0.5375 0.22875 0.53 0.22875 0.53 0.24375 0.5375 0.24375 0.5375 0.22875
5 0.37875000000000003 0.31875 0.36124999999999996 0.31875 0.36124999999999996 0.33125 0.37875000000000003 0.33125 0.37875000000000003 0.31875
5 0.38375 0.32875 0.36625 0.32875 0.36625 0.34125 0.38375 0.34125 0.38375 0.32875
5 0.3875 0.3375 0.3725 0.3375 0.3725 0.35 0.3875 0.35 0.3875 0.3375
5 0.39249999999999996 0.34750000000000003 0.3725 0.34750000000000003 0.3725 0.36 0.39249999999999996 0.36 0.39249999999999996 0.34750000000000003
5 0.39625 0.35750000000000004 0.38125 0.35750000000000004 0.38125 0.3675 0.39625 0.3675 0.39625 0.35750000000000004
5 0.11000000000000001 0.03375 0.0925 0.03375 0.0925 0.05125 0.11000000000000001 0.05125 0.11000000000000001 0.03375
5 0.11499999999999999 0.041249999999999995 0.1 0.041249999999999995 0.1 0.05625 0.11499999999999999 0.05625 0.11499999999999999 0.041249999999999995
5 0.12375 0.0475 0.10874999999999999 0.0475 0.10874999999999999 0.0625 0.12375 0.0625 0.12375 0.0475
5 0.1325 0.05500000000000001 0.11750000000000001 0.05500000000000001 0.11750000000000001 0.06999999999999999 0.1325 0.06999999999999999 0.1325 0.05500000000000001
5 0.14250000000000002 0.058750000000000004 0.125 0.058750000000000004 0.125 0.07625 0.14250000000000002 0.07625 0.14250000000000002 0.058750000000000004
5 0.15 0.06625 0.1325 0.06625 0.1325 0.08125 0.15 0.08125 0.15 0.06625
5 0.15625 0.06999999999999999 0.14125000000000001 0.06999999999999999 0.14125000000000001 0.09 0.15625 0.09 0.15625 0.06999999999999999
5 0.1625 0.07625 0.14750000000000002 0.07625 0.14750000000000002 0.09375 0.1625 0.09375 0.1625 0.07625
5 0.1775 0.09 0.1625 0.09 0.1625 0.10500000000000001 0.1775 0.10500000000000001 0.1775 0.09
5 0.1925 0.10124999999999999 0.1775 0.10124999999999999 0.1775 0.11875 0.1925 0.11875 0.1925 0.10124999999999999
5 0.49749999999999994 0.5625 0.48250000000000004 0.5625 0.48250000000000004 0.5725 0.49749999999999994 0.5725 0.49749999999999994 0.5625
5 0.45875000000000005 0.58 0.44125 0.58 0.44125 0.595 0.45875000000000005 0.595 0.45875000000000005 0.58
5 0.585 0.4925 0.5675 0.4925 0.5675 0.505 0.585 0.505 0.585 0.4925
5 0.57375 0.47750000000000004 0.55625 0.47750000000000004 0.55625 0.49000000000000005 0.57375 0.49000000000000005 0.57375 0.47750000000000004
5 0.5587500000000001 0.445 0.54125 0.445 0.54125 0.4575 0.5587500000000001 0.4575 0.5587500000000001 0.445
5 0.60625 0.43875000000000003 0.58875 0.43875000000000003 0.58875 0.45125000000000004 0.60625 0.45125000000000004 0.60625 0.43875000000000003
5 0.6 0.42874999999999996 0.5825 0.42874999999999996 0.5825 0.44125 0.6 0.44125 0.6 0.42874999999999996
5 0.55375 0.43875000000000003 0.5387500000000001 0.43875000000000003 0.5387500000000001 0.44875 0.55375 0.44875 0.55375 0.43875000000000003
5 0.58375 0.4025 0.5662499999999999 0.4025 0.5662499999999999 0.4125 0.58375 0.4125 0.58375 0.4025
5 0.57875 0.39375 0.56125 0.39375 0.56125 0.40374999999999994 0.57875 0.40374999999999994 0.57875 0.39375
5 0.5325 0.3875 0.5125 0.3875 0.5125 0.4025 0.5325 0.4025 0.5325 0.3875
5 0.5599999999999999 0.35625 0.545 0.35625 0.545 0.36625 0.5599999999999999 0.36625 0.5599999999999999 0.35625
5 0.51 0.35375 0.495 0.35375 0.495 0.36625 0.51 0.36625 0.51 0.35375
5 0.54375 0.3175 0.52625 0.3175 0.52625 0.32999999999999996 0.54375 0.32999999999999996 0.54375 0.3175
5 0.5325 0.30125 0.5175 0.30125 0.5175 0.31124999999999997 0.5325 0.31124999999999997 0.5325 0.30125
5 0.56375 0.29625 0.54875 0.29625 0.54875 0.30874999999999997 0.56375 0.30874999999999997 0.56375 0.29625
5 0.5575 0.2875 0.5425 0.2875 0.5425 0.2975 0.5575 0.2975 0.5575 0.2875
5 0.5287499999999999 0.2925 0.51375 0.2925 0.51375 0.3025 0.5287499999999999 0.3025 0.5287499999999999 0.2925
5 0.58 0.325 0.5625 0.325 0.5625 0.3375 0.58 0.3375 0.58 0.325
5 0.485 0.365 0.47000000000000003 0.365 0.47000000000000003 0.3775 0.485 0.3775 0.485 0.365
5 0.47000000000000003 0.33625 0.45499999999999996 0.33625 0.45499999999999996 0.34875 0.47000000000000003 0.34875 0.47000000000000003 0.33625
5 0.45875000000000005 0.31875 0.44125 0.31875 0.44125 0.33125 0.45875000000000005 0.33125 0.45875000000000005 0.31875
5 0.45625 0.30874999999999997 0.43375 0.30874999999999997 0.43375 0.32125 0.45625 0.32125 0.45625 0.30874999999999997
5 0.45 0.29874999999999996 0.4325 0.29874999999999996 0.4325 0.30874999999999997 0.45 0.30874999999999997 0.45 0.29874999999999996
5 0.6025 0.3725 0.585 0.3725 0.585 0.385 0.6025 0.385 0.6025 0.3725
5 0.61125 0.29125 0.59375 0.29125 0.59375 0.30125 0.61125 0.30125 0.61125 0.29125
5 0.61625 0.3 0.59875 0.3 0.59875 0.31 0.61625 0.31 0.61625 0.3
5 0.6325000000000001 0.33625 0.6125 0.33625 0.6125 0.34875 0.6325000000000001 0.34875 0.6325000000000001 0.33625
5 0.64375 0.35375 0.62625 0.35375 0.62625 0.36375 0.64375 0.36375 0.64375 0.35375
5 0.66625 0.3325 0.6487499999999999 0.3325 0.6487499999999999 0.34750000000000003 0.66625 0.34750000000000003 0.66625 0.3325
5 0.7837500000000001 0.395 0.76625 0.395 0.76625 0.40750000000000003 0.7837500000000001 0.40750000000000003 0.7837500000000001 0.395
5 0.6325000000000001 0.42750000000000005 0.6125 0.42750000000000005 0.6125 0.44000000000000006 0.6325000000000001 0.44000000000000006 0.6325000000000001 0.42750000000000005
5 0.73 0.45499999999999996 0.71 0.45499999999999996 0.71 0.46749999999999997 0.73 0.46749999999999997 0.73 0.45499999999999996
5 0.73125 0.465 0.71375 0.465 0.71375 0.47750000000000004 0.73125 0.47750000000000004 0.73125 0.465
5 0.7537499999999999 0.23875000000000002 0.7462500000000001 0.23875000000000002 0.7462500000000001 0.25625 0.7537499999999999 0.25625 0.7537499999999999 0.23875000000000002
5 0.21375000000000002 0.11625 0.19875 0.11625 0.19875 0.13125 0.21375000000000002 0.13125 0.21375000000000002 0.11625
5 0.15375 0.027500000000000004 0.13874999999999998 0.027500000000000004 0.13874999999999998 0.042499999999999996 0.15375 0.042499999999999996 0.15375 0.027500000000000004
5 0.01625 0.7825 0.00625 0.7825 0.00625 0.8 0.01625 0.8 0.01625 0.7825
5 0.0375 0.78625 0.025 0.78625 0.025 0.80625 0.0375 0.80625 0.0375 0.78625
5 0.1575 0.27375 0.14250000000000002 0.27375 0.14250000000000002 0.28625 0.1575 0.28625 0.1575 0.27375
5 0.2625 0.8825 0.25 0.8825 0.25 0.8949999999999999 0.2625 0.8949999999999999 0.2625 0.8825
5 0.27375 0.53625 0.26375000000000004 0.53625 0.26375000000000004 0.54875 0.27375 0.54875 0.27375 0.53625
5 0.28375 0.49124999999999996 0.27625 0.49124999999999996 0.27625 0.5037499999999999 0.28375 0.5037499999999999 0.28375 0.49124999999999996
5 0.28125 0.48624999999999996 0.26875 0.48624999999999996 0.26875 0.49874999999999997 0.28125 0.49874999999999997 0.28125 0.48624999999999996
5 0.29625 0.50125 0.28625 0.50125 0.28625 0.51375 0.29625 0.51375 0.29625 0.50125