5 0.61 0.7925 0.5525 0.7925 0.5525 0.8150000000000001 0.61 0.8150000000000001 0.61 0.7925
5 0.8099999999999999 0.5962500000000001 0.7849999999999999 0.5962500000000001 0.7849999999999999 0.64375 0.8099999999999999 0.64375 0.8099999999999999 0.5962500000000001
5 0.81875 0.45375 0.80625 0.45375 0.80625 0.47375 0.81875 0.47375 0.81875 0.45375
5 0.625 0.8612500000000001 0.6174999999999999 0.8612500000000001 0.6174999999999999 0.87625 0.625 0.87625 0.625 0.8612500000000001
5 0.78 0.43 0.7675 0.43 0.7675 0.4525 0.78 0.4525 0.78 0.43
5 0.6174999999999999 0.85625 0.605 0.85625 0.605 0.8712500000000001 0.6174999999999999 0.8712500000000001 0.6174999999999999 0.85625
5 0.63625 0.865 0.62625 0.865 0.62625 0.885 0.63625 0.885 0.63625 0.865
5 0.70125 0.5387500000000001 0.68625 0.5387500000000001 0.68625 0.55375 0.70125 0.55375 0.70125 0.5387500000000001
5 0.71 0.58 0.6950000000000001 0.58 0.6950000000000001 0.6 0.71 0.6 0.71 0.58
5 0.82125 0.37875000000000003 0.81375 0.37875000000000003 0.81375 0.39375 0.82125 0.39375 0.82125 0.37875000000000003
5 0.8324999999999999 0.335 0.8225 0.335 0.8225 0.3525 0.8324999999999999 0.3525 0.8324999999999999 0.335
5 0.6950000000000001 0.8712500000000001 0.675 0.8712500000000001 0.675 0.88125 0.6950000000000001 0.88125 0.6950000000000001 0.8712500000000001
5 0.7875 0.335 0.77 0.335 0.77 0.34249999999999997 0.7875 0.34249999999999997 0.7875 0.335
5 0.5912499999999999 0.8412499999999999 0.58125 0.8412499999999999 0.58125 0.8612500000000001 0.5912499999999999 0.8612500000000001 0.5912499999999999 0.8412499999999999
5 0.735 0.7925 0.725 0.7925 0.725 0.8125 0.735 0.8125 0.735 0.7925
5 0.6849999999999999 0.47874999999999995 0.675 0.47874999999999995 0.675 0.49874999999999997 0.6849999999999999 0.49874999999999997 0.6849999999999999 0.47874999999999995
5 0.8099999999999999 0.57125 0.8 0.57125 0.8 0.58875 0.8099999999999999 0.58875 0.8099999999999999 0.57125
5 0.8425 0.28250000000000003 0.835 0.28250000000000003 0.835 0.3 0.8425 0.3 0.8425 0.28250000000000003
5 0.725 0.425 0.7150000000000001 0.425 0.7150000000000001 0.4425 0.725 0.4425 0.725 0.425
5 0.81875 0.42125 0.8087500000000001 0.42125 0.8087500000000001 0.43624999999999997 0.81875 0.43624999999999997 0.81875 0.42125
5 0.48375 0.7212500000000001 0.46125 0.7212500000000001 0.46125 0.73125 0.48375 0.73125 0.48375 0.7212500000000001
5 0.4225 0.9324999999999999 0.41 0.9324999999999999 0.41 0.9525 0.4225 0.9525 0.4225 0.9324999999999999
5 0.7075 0.50125 0.6825 0.50125 0.6825 0.50875 0.7075 0.50875 0.7075 0.50125
5 0.67875 0.4175 0.6637500000000001 0.4175 0.6637500000000001 0.4325 0.67875 0.4325 0.67875 0.4175
5 0.85125 0.21625 0.83625 0.21625 0.83625 0.23374999999999999 0.85125 0.23374999999999999 0.85125 0.21625
5 0.6125 0.825 0.5974999999999999 0.825 0.5974999999999999 0.8324999999999999 0.6125 0.8324999999999999 0.6125 0.825
5 0.8125 0.49124999999999996 0.805 0.49124999999999996 0.805 0.50875 0.8125 0.50875 0.8125 0.49124999999999996
5 0.71375 0.42125 0.70125 0.42125 0.70125 0.44125 0.71375 0.44125 0.71375 0.42125
5 0.42874999999999996 0.75125 0.41125 0.75125 0.41125 0.76875 0.42874999999999996 0.76875 0.42874999999999996 0.75125
5 0.5775 0.73125 0.5599999999999999 0.73125 0.5599999999999999 0.74125 0.5775 0.74125 0.5775 0.73125
5 0.5225 0.7224999999999999 0.5025000000000001 0.7224999999999999 0.5025000000000001 0.7325 0.5225 0.7325 0.5225 0.7224999999999999
5 0.75875 0.8425 0.7462500000000001 0.8425 0.7462500000000001 0.8625 0.75875 0.8625 0.75875 0.8425
5 0.76125 0.8675 0.74875 0.8675 0.74875 0.8875 0.76125 0.8875 0.76125 0.8675
5 0.76 0.6475 0.7474999999999999 0.6475 0.7474999999999999 0.6675 0.76 0.6675 0.76 0.6475
5 0.76125 0.61 0.7537499999999999 0.61 0.7537499999999999 0.6224999999999999 0.76125 0.6224999999999999 0.76125 0.61
5 0.74375 0.42374999999999996 0.72875 0.42374999999999996 0.72875 0.44125 0.74375 0.44125 0.74375 0.42374999999999996
5 0.78125 0.41500000000000004 0.7737499999999999 0.41500000000000004 0.7737499999999999 0.43 0.78125 0.43 0.78125 0.41500000000000004
5 0.48125 0.6925 0.46125 0.6925 0.46125 0.7 0.48125 0.7 0.48125 0.6925
5 0.43624999999999997 0.7925 0.40875000000000006 0.7925 0.40875000000000006 0.8099999999999999 0.43624999999999997 0.8099999999999999 0.43624999999999997 0.7925
5 0.575 0.8324999999999999 0.5599999999999999 0.8324999999999999 0.5599999999999999 0.8474999999999999 0.575 0.8474999999999999 0.575 0.8324999999999999
5 0.76125 0.9099999999999999 0.75125 0.9099999999999999 0.75125 0.9324999999999999 0.76125 0.9324999999999999 0.76125 0.9099999999999999
5 0.655 0.48250000000000004 0.6425 0.48250000000000004 0.6425 0.49749999999999994 0.655 0.49749999999999994 0.655 0.48250000000000004
5 0.76875 0.5287499999999999 0.75875 0.5287499999999999 0.75875 0.54625 0.76875 0.54625 0.76875 0.5287499999999999
5 0.48375 0.7112499999999999 0.46125 0.7112499999999999 0.46125 0.71875 0.48375 0.71875 0.48375 0.7112499999999999
5 0.43125 1 0.43125 0.9925 0.41375 0.9925 0.41375 1 0.43125 1
5 0.56125 0.9662499999999999 0.53625 0.9662499999999999 0.53625 0.99125 0.56125 0.99125 0.56125 0.9662499999999999
5 0.8175000000000001 0.46875 0.805 0.46875 0.805 0.49124999999999996 0.8175000000000001 0.49124999999999996 0.8175000000000001 0.46875
5 0.82 0.43624999999999997 0.8074999999999999 0.43624999999999997 0.8074999999999999 0.45375 0.82 0.45375 0.82 0.43624999999999997
5 0.45125000000000004 0.74125 0.43875000000000003 0.74125 0.43875000000000003 0.75875 0.45125000000000004 0.75875 0.45125000000000004 0.74125
5 0.65625 0.67375 0.63875 0.67375 0.63875 0.68875 0.65625 0.68875 0.65625 0.67375
5 0.80375 0.6575 0.77625 0.6575 0.77625 0.67 0.80375 0.67 0.80375 0.6575
5 0.6625 0.5175 0.6525000000000001 0.5175 0.6525000000000001 0.5349999999999999 0.6625 0.5349999999999999 0.6625 0.5175
5 0.8324999999999999 0.17124999999999999 0.8175000000000001 0.17124999999999999 0.8175000000000001 0.19125 0.8324999999999999 0.19125 0.8324999999999999 0.17124999999999999
5 0.72875 0.70125 0.70875 0.70125 0.70875 0.71375 0.72875 0.71375 0.72875 0.70125
5 0.43 0.97 0.4025 0.97 0.4025 0.9800000000000001 0.43 0.9800000000000001 0.43 0.97
5 0.44375 0.97625 0.42125 0.97625 0.42125 0.99125 0.44375 0.99125 0.44375 0.97625
5 0.6487499999999999 0.53 0.63625 0.53 0.63625 0.5475 0.6487499999999999 0.5475 0.6487499999999999 0.53
5 0.77125 0.5075000000000001 0.76125 0.5075000000000001 0.76125 0.5275000000000001 0.77125 0.5275000000000001 0.77125 0.5075000000000001
5 0.4725 0.7725 0.44749999999999995 0.7725 0.44749999999999995 0.7875 0.4725 0.7875 0.4725 0.7725
5 0.65125 0.68625 0.63375 0.68625 0.63375 0.69875 0.65125 0.69875 0.65125 0.68625
5 0.72375 0.6725 0.69875 0.6725 0.69875 0.6825 0.72375 0.6825 0.72375 0.6725
5 0.69875 0.41875 0.68875 0.41875 0.68875 0.43375 0.69875 0.43375 0.69875 0.41875
5 0.67625 0.68625 0.66625 0.68625 0.66625 0.70375 0.67625 0.70375 0.67625 0.68625
5 0.845 0.23625 0.8324999999999999 0.23625 0.8324999999999999 0.25375000000000003 0.845 0.25375000000000003 0.845 0.23625
5 0.54625 0.7537499999999999 0.52625 0.7537499999999999 0.52625 0.76125 0.54625 0.76125 0.54625 0.7537499999999999
5 0.50625 0.81375 0.48375 0.81375 0.48375 0.82875 0.50625 0.82875 0.50625 0.81375
5 0.5075000000000001 0.9637499999999999 0.49000000000000005 0.9637499999999999 0.49000000000000005 0.99125 0.5075000000000001 0.99125 0.5075000000000001 0.9637499999999999
5 0.77125 0.90625 0.75875 0.90625 0.75875 0.9262499999999999 0.77125 0.9262499999999999 0.77125 0.90625
5 0.755 0.66875 0.7474999999999999 0.66875 0.7474999999999999 0.68875 0.755 0.68875 0.755 0.66875
5 0.8474999999999999 0.255 0.8324999999999999 0.255 0.8324999999999999 0.275 0.8474999999999999 0.275 0.8474999999999999 0.255
5 0.75625 0.8175000000000001 0.74375 0.8175000000000001 0.74375 0.8400000000000001 0.75625 0.8400000000000001 0.75625 0.8175000000000001
5 0.49625 0.9650000000000001 0.48125 0.9650000000000001 0.48125 0.985 0.49625 0.985 0.49625 0.9650000000000001
5 0.5275000000000001 0.81375 0.51 0.81375 0.51 0.82125 0.5275000000000001 0.82125 0.5275000000000001 0.81375
5 0.8025 0.6475 0.78 0.6475 0.78 0.6575 0.8025 0.6575 0.8025 0.6475
5 0.6725 0.47375 0.6625 0.47375 0.6625 0.49625 0.6725 0.49625 0.6725 0.47375
5 0.80625 0.25125000000000003 0.7887500000000001 0.25125000000000003 0.7887500000000001 0.26875 0.80625 0.26875 0.80625 0.25125000000000003
5 0.55125 0.73125 0.51875 0.73125 0.51875 0.74375 0.55125 0.74375 0.55125 0.73125
5 0.8150000000000001 0.5287499999999999 0.8025 0.5287499999999999 0.8025 0.55375 0.8150000000000001 0.55375 0.8150000000000001 0.5287499999999999
5 0.8125 0.5125 0.8025 0.5125 0.8025 0.53 0.8125 0.53 0.8125 0.5125
5 0.6012500000000001 0.7212500000000001 0.58125 0.7212500000000001 0.58125 0.73625 0.6012500000000001 0.73625 0.6012500000000001 0.7212500000000001
5 0.6975 0.68125 0.6875 0.68125 0.6875 0.70125 0.6975 0.70125 0.6975 0.68125
5 0.63375 0.825 0.61625 0.825 0.61625 0.8375 0.63375 0.8375 0.63375 0.825
5 0.475 0.9075 0.4525 0.9075 0.4525 0.9225 0.475 0.9225 0.475 0.9075
5 0.70125 0.47874999999999995 0.68875 0.47874999999999995 0.68875 0.49874999999999997 0.70125 0.49874999999999997 0.70125 0.47874999999999995
5 0.8012499999999999 0.5525 0.7887500000000001 0.5525 0.7887500000000001 0.5725 0.8012499999999999 0.5725 0.8012499999999999 0.5525
5 0.8225 0.3975 0.8125 0.3975 0.8125 0.4175 0.8225 0.4175 0.8225 0.3975
5 0.735 0.83125 0.7175 0.83125 0.7175 0.85625 0.735 0.85625 0.735 0.83125
5 0.65625 0.82 0.63625 0.82 0.63625 0.8375 0.65625 0.8375 0.65625 0.82
5 0.75 0.9099999999999999 0.735 0.9099999999999999 0.735 0.9324999999999999 0.75 0.9324999999999999 0.75 0.9099999999999999
5 0.85 0.1975 0.835 0.1975 0.835 0.21749999999999997 0.85 0.21749999999999997 0.85 0.1975
5 0.665 0.6925 0.6525000000000001 0.6925 0.6525000000000001 0.71 0.665 0.71 0.665 0.6925
5 0.6900000000000001 0.68625 0.675 0.68625 0.675 0.70625 0.6900000000000001 0.70625 0.6900000000000001 0.68625
5 0.63375 0.8162499999999999 0.61375 0.8162499999999999 0.61375 0.82875 0.63375 0.82875 0.63375 0.8162499999999999
5 0.48624999999999996 0.9574999999999999 0.47375 0.9574999999999999 0.47375 0.975 0.48624999999999996 0.975 0.48624999999999996 0.9574999999999999
5 0.48 0.7 0.4625 0.7 0.4625 0.71 0.48 0.71 0.48 0.7
5 0.55375 0.805 0.53125 0.805 0.53125 0.82 0.55375 0.82 0.55375 0.805
5 0.7075 0.5650000000000001 0.6825 0.5650000000000001 0.6825 0.5825 0.7075 0.5825 0.7075 0.5650000000000001
5 0.585 0.8400000000000001 0.5700000000000001 0.8400000000000001 0.5700000000000001 0.8550000000000001 0.585 0.8550000000000001 0.585 0.8400000000000001
5 0.48 0.95625 0.4625 0.95625 0.4625 0.96875 0.48 0.96875 0.48 0.95625
5 0.8087500000000001 0.5525 0.8012499999999999 0.5525 0.8012499999999999 0.5700000000000001 0.8087500000000001 0.5700000000000001 0.8087500000000001 0.5525
5 0.49625 0.73125 0.47125000000000006 0.73125 0.47125000000000006 0.7462500000000001 0.49625 0.7462500000000001 0.49625 0.73125
5 0.7424999999999999 0.6925 0.7275 0.6925 0.7275 0.7175 0.7424999999999999 0.7175 0.7424999999999999 0.6925
5 0.77 0.73625 0.7575000000000001 0.73625 0.7575000000000001 0.75625 0.77 0.75625 0.77 0.73625
5 0.7725 0.7162499999999999 0.76 0.7162499999999999 0.76 0.73375 0.7725 0.73375 0.7725 0.7162499999999999
5 0.6224999999999999 0.7175 0.6025 0.7175 0.6025 0.73 0.6224999999999999 0.73 0.6224999999999999 0.7175
5 0.7275 0.69375 0.7 0.69375 0.7 0.70375 0.7275 0.70375 0.7275 0.69375
5 0.5700000000000001 0.825 0.5425 0.825 0.5425 0.835 0.5700000000000001 0.835 0.5700000000000001 0.825
5 0.77125 0.4925 0.76375 0.4925 0.76375 0.51 0.77125 0.51 0.77125 0.4925
5 0.6425 0.70625 0.6224999999999999 0.70625 0.6224999999999999 0.71875 0.6425 0.71875 0.6425 0.70625
5 0.46375 0.9475 0.45375 0.9475 0.45375 0.9650000000000001 0.46375 0.9650000000000001 0.46375 0.9475
5 0.775 0.4725 0.765 0.4725 0.765 0.49000000000000005 0.775 0.49000000000000005 0.775 0.4725
5 0.77625 0.45375 0.76375 0.45375 0.76375 0.46875 0.77625 0.46875 0.77625 0.45375
5 0.80625 0.4375 0.79875 0.4375 0.79875 0.45499999999999996 0.80625 0.45499999999999996 0.80625 0.4375
5 0.78625 0.39249999999999996 0.7737499999999999 0.39249999999999996 0.7737499999999999 0.4125 0.78625 0.4125 0.78625 0.39249999999999996
5 0.7849999999999999 0.365 0.76 0.365 0.76 0.38 0.7849999999999999 0.38 0.7849999999999999 0.365
5 0.47375 0.73125 0.46375 0.73125 0.46375 0.75125 0.47375 0.75125 0.47375 0.73125
5 0.765 0.76375 0.755 0.76375 0.755 0.7837500000000001 0.765 0.7837500000000001 0.765 0.76375
5 0.76 0.62375 0.75 0.62375 0.75 0.64625 0.76 0.64625 0.76 0.62375
5 0.8300000000000001 0.355 0.8175000000000001 0.355 0.8175000000000001 0.37 0.8300000000000001 0.37 0.8300000000000001 0.355
5 0.8387499999999999 0.31 0.8262499999999999 0.31 0.8262499999999999 0.32999999999999996 0.8387499999999999 0.32999999999999996 0.8387499999999999 0.31
5 0.6775 0.8262499999999999 0.6625 0.8262499999999999 0.6625 0.8462500000000001 0.6775 0.8462500000000001 0.6775 0.8262499999999999
5 0.7125 0.48375 0.7025 0.48375 0.7025 0.5037499999999999 0.7125 0.5037499999999999 0.7125 0.48375
5 0.63125 0.7112499999999999 0.61375 0.7112499999999999 0.61375 0.71875 0.63125 0.71875 0.63125 0.7112499999999999
5 0.64625 0.69375 0.62375 0.69375 0.62375 0.71375 0.64625 0.71375 0.64625 0.69375
5 0.7262500000000001 0.6849999999999999 0.70125 0.6849999999999999 0.70125 0.6925 0.7262500000000001 0.6925 0.7262500000000001 0.6849999999999999
5 0.76 0.8925000000000001 0.75 0.8925000000000001 0.75 0.9099999999999999 0.76 0.9099999999999999 0.76 0.8925000000000001
5 0.45625 1 0.45625 0.99 0.43375 0.99 0.43375 1 0.45625 1
5 0.765 0.5700000000000001 0.755 0.5700000000000001 0.755 0.5925 0.765 0.5925 0.765 0.5700000000000001
5 0.79875 0.26 0.7837500000000001 0.26 0.7837500000000001 0.27999999999999997 0.79875 0.27999999999999997 0.79875 0.26
5 0.4125 0.77125 0.39 0.77125 0.39 0.78125 0.4125 0.78125 0.4125 0.77125
5 0.45 0.7825 0.42750000000000005 0.7825 0.42750000000000005 0.8 0.45 0.8 0.45 0.7825
5 0.76375 0.595 0.7537499999999999 0.595 0.7537499999999999 0.6125 0.76375 0.6125 0.76375 0.595
5 0.7325 0.5912499999999999 0.72 0.5912499999999999 0.72 0.60875 0.7325 0.60875 0.7325 0.5912499999999999
5 0.76875 0.54875 0.75875 0.54875 0.75875 0.56875 0.76875 0.56875 0.76875 0.54875