3 0.53625 0.26749999999999996 0.51625 0.26749999999999996 0.51625 0.28250000000000003 0.53625 0.28250000000000003 0.53625 0.26749999999999996
5 0.21749999999999997 0.9012499999999999 0.19 0.9012499999999999 0.19 0.91375 0.21749999999999997 0.91375 0.21749999999999997 0.9012499999999999
5 0.0875 0.915 0.065 0.915 0.065 0.9275 0.0875 0.9275 0.0875 0.915
5 0.46125 0.8862500000000001 0.43624999999999997 0.8862500000000001 0.43624999999999997 0.89625 0.46125 0.89625 0.46125 0.8862500000000001
5 0.05125 0.9275 0.03125 0.9275 0.03125 0.9400000000000001 0.05125 0.9400000000000001 0.05125 0.9275
5 0.3375 0.9087500000000001 0.3125 0.9087500000000001 0.3125 0.91875 0.3375 0.91875 0.3375 0.9087500000000001
5 0.54 0.8800000000000001 0.5175 0.8800000000000001 0.5175 0.8925000000000001 0.54 0.8925000000000001 0.54 0.8800000000000001
5 0.68875 0.94375 0.67125 0.94375 0.67125 0.95625 0.68875 0.95625 0.68875 0.94375
5 0.6487499999999999 0.8712500000000001 0.6287499999999999 0.8712500000000001 0.6287499999999999 0.88125 0.6487499999999999 0.88125 0.6487499999999999 0.8712500000000001
5 0.6837500000000001 0.86625 0.66125 0.86625 0.66125 0.8787499999999999 0.6837500000000001 0.8787499999999999 0.6837500000000001 0.86625
5 0.4875 0.8825 0.465 0.8825 0.465 0.8949999999999999 0.4875 0.8949999999999999 0.4875 0.8825
5 0.35125 0.8949999999999999 0.32875 0.8949999999999999 0.32875 0.9025000000000001 0.35125 0.9025000000000001 0.35125 0.8949999999999999
5 0.56375 0.8775000000000001 0.54125 0.8775000000000001 0.54125 0.8875 0.56375 0.8875 0.56375 0.8775000000000001
5 0.515 0.8787499999999999 0.495 0.8787499999999999 0.495 0.89125 0.515 0.89125 0.515 0.8787499999999999
5 0.06875 0.9487500000000001 0.04375 0.9487500000000001 0.04375 0.9637499999999999 0.06875 0.9637499999999999 0.06875 0.9487500000000001
5 0.5912499999999999 0.8775000000000001 0.56875 0.8775000000000001 0.56875 0.8875 0.5912499999999999 0.8875 0.5912499999999999 0.8775000000000001
5 0.2525 0.9025000000000001 0.22749999999999998 0.9025000000000001 0.22749999999999998 0.9099999999999999 0.2525 0.9099999999999999 0.2525 0.9025000000000001
5 0.4375 0.885 0.4125 0.885 0.4125 0.8975 0.4375 0.8975 0.4375 0.885
5 0.62625 0.87375 0.5962500000000001 0.87375 0.5962500000000001 0.88125 0.62625 0.88125 0.62625 0.87375
5 0.29375 0.89625 0.27125 0.89625 0.27125 0.90625 0.29375 0.90625 0.29375 0.89625
5 0.4 0.8875 0.385 0.8875 0.385 0.9 0.4 0.9 0.4 0.8875
5 0.3225 0.8949999999999999 0.3 0.8949999999999999 0.3 0.905 0.3225 0.905 0.3225 0.8949999999999999