5 0.94375 0.615 0.92875 0.615 0.92875 0.6275000000000001 0.94375 0.6275000000000001 0.94375 0.615
5 0.11499999999999999 0.37374999999999997 0.1 0.37374999999999997 0.1 0.39125 0.11499999999999999 0.39125 0.11499999999999999 0.37374999999999997
5 0.93125 0.09875 0.91375 0.09875 0.91375 0.11374999999999999 0.93125 0.11374999999999999 0.93125 0.09875
5 0.8800000000000001 0.08375 0.86 0.08375 0.86 0.09875 0.8800000000000001 0.09875 0.8800000000000001 0.08375
5 0.7537499999999999 0.0975 0.73375 0.0975 0.73375 0.1125 0.7537499999999999 0.1125 0.7537499999999999 0.0975
5 0.7775000000000001 0.125 0.755 0.125 0.755 0.14250000000000002 0.7775000000000001 0.14250000000000002 0.7775000000000001 0.125
5 0.8800000000000001 0.9025000000000001 0.86 0.9025000000000001 0.86 0.9225 0.8800000000000001 0.9225 0.8800000000000001 0.9025000000000001
5 0.13874999999999998 0.034999999999999996 0.11875 0.034999999999999996 0.11875 0.05500000000000001 0.13874999999999998 0.05500000000000001 0.13874999999999998 0.034999999999999996
5 0.9087500000000001 0.025 0.8887499999999999 0.025 0.8887499999999999 0.04 0.9087500000000001 0.04 0.9087500000000001 0.025
5 0.4025 0.89 0.38 0.89 0.38 0.9099999999999999 0.4025 0.9099999999999999 0.4025 0.89
5 0.21875 0.635 0.19624999999999998 0.635 0.19624999999999998 0.6599999999999999 0.21875 0.6599999999999999 0.21875 0.635
5 0.08625000000000001 0.40750000000000003 0.06875 0.40750000000000003 0.06875 0.425 0.08625000000000001 0.425 0.08625000000000001 0.40750000000000003
5 0.5675 0.83375 0.5375 0.83375 0.5375 0.84375 0.5675 0.84375 0.5675 0.83375
5 0.9637499999999999 0.03875 0.94375 0.03875 0.94375 0.05375 0.9637499999999999 0.05375 0.9637499999999999 0.03875
5 0.5675 0.84375 0.5475 0.84375 0.5475 0.85125 0.5675 0.85125 0.5675 0.84375
5 0.6799999999999999 0.6775 0.6675 0.6775 0.6675 0.6975 0.6799999999999999 0.6975 0.6799999999999999 0.6775
5 0.6675 0.65 0.65 0.65 0.65 0.6725 0.6675 0.6725 0.6675 0.65
5 0.8612500000000001 0.915 0.8412499999999999 0.915 0.8412499999999999 0.9324999999999999 0.8612500000000001 0.9324999999999999 0.8612500000000001 0.915
5 0.9025000000000001 0.825 0.8800000000000001 0.825 0.8800000000000001 0.8425 0.9025000000000001 0.8425 0.9025000000000001 0.825
5 0.35375 0.56875 0.33125 0.56875 0.33125 0.58875 0.35375 0.58875 0.35375 0.56875
5 0.9875 0.645 0.97 0.645 0.97 0.6675 0.9875 0.6675 0.9875 0.645
5 0.41500000000000004 0.905 0.4 0.905 0.4 0.9225 0.41500000000000004 0.9225 0.41500000000000004 0.905