5 0.97625 0.45375 0.95375 0.45375 0.95375 0.46375 0.97625 0.46375 0.97625 0.45375
5 0.7975 0.18125 0.775 0.18125 0.775 0.19125 0.7975 0.19125 0.7975 0.18125
5 0.80625 0.19 0.79125 0.19 0.79125 0.1975 0.80625 0.1975 0.80625 0.19
5 0.8099999999999999 0.20375000000000001 0.8 0.20375000000000001 0.8 0.22374999999999998 0.8099999999999999 0.22374999999999998 0.8099999999999999 0.20375000000000001
5 0.80625 0.24500000000000002 0.79625 0.24500000000000002 0.79625 0.2625 0.80625 0.2625 0.80625 0.24500000000000002
5 0.7725 0.28125 0.7625 0.28125 0.7625 0.29874999999999996 0.7725 0.29874999999999996 0.7725 0.28125
5 0.7875 0.15875 0.7725 0.15875 0.7725 0.16625 0.7875 0.16625 0.7875 0.15875
5 0.825 0.7474999999999999 0.8125 0.7474999999999999 0.8125 0.77 0.825 0.77 0.825 0.7474999999999999
5 0.83375 0.7625 0.81875 0.7625 0.81875 0.7875 0.83375 0.7875 0.83375 0.7625
5 0.8012499999999999 0.25125000000000003 0.7787499999999999 0.25125000000000003 0.7787499999999999 0.26125 0.8012499999999999 0.26125 0.8012499999999999 0.25125000000000003
5 0.775 0.26875 0.76 0.26875 0.76 0.27625 0.775 0.27625 0.775 0.26875
5 0.76 0.25375000000000003 0.75 0.25375000000000003 0.75 0.27125 0.76 0.27125 0.76 0.25375000000000003
5 0.78625 0.18875 0.76625 0.18875 0.76625 0.19875 0.78625 0.19875 0.78625 0.18875
5 0.8125 0.2625 0.8025 0.2625 0.8025 0.27999999999999997 0.8125 0.27999999999999997 0.8125 0.2625
5 0.79125 0.28500000000000003 0.7737499999999999 0.28500000000000003 0.7737499999999999 0.3 0.79125 0.3 0.79125 0.28500000000000003
5 0.7975 0.27375 0.78 0.27375 0.78 0.28375 0.7975 0.28375 0.7975 0.27375
5 0.8012499999999999 0.26375000000000004 0.78125 0.26375000000000004 0.78125 0.27375 0.8012499999999999 0.27375 0.8012499999999999 0.26375000000000004
5 0.32999999999999996 0.14375 0.3225 0.14375 0.3225 0.16375 0.32999999999999996 0.16375 0.32999999999999996 0.14375