5 0.8887499999999999 0.39625 0.86875 0.39625 0.86875 0.40374999999999994 0.8887499999999999 0.40374999999999994 0.8887499999999999 0.39625
5 0.945 0.5912499999999999 0.9375 0.5912499999999999 0.9375 0.60375 0.945 0.60375 0.945 0.5912499999999999
5 0.625 0.43375 0.6174999999999999 0.43375 0.6174999999999999 0.45125000000000004 0.625 0.45125000000000004 0.625 0.43375
5 0.60375 0.43375 0.59375 0.43375 0.59375 0.45125000000000004 0.60375 0.45125000000000004 0.60375 0.43375
5 0.635 0.43624999999999997 0.6275000000000001 0.43624999999999997 0.6275000000000001 0.44875 0.635 0.44875 0.635 0.43624999999999997
5 0.58875 0.39249999999999996 0.57875 0.39249999999999996 0.57875 0.40499999999999997 0.58875 0.40499999999999997 0.58875 0.39249999999999996
5 0.9 0.7112499999999999 0.8800000000000001 0.7112499999999999 0.8800000000000001 0.72375 0.9 0.72375 0.9 0.7112499999999999
5 0.9225 0.725 0.9025000000000001 0.725 0.9025000000000001 0.7325 0.9225 0.7325 0.9225 0.725
5 0.9012499999999999 0.725 0.88125 0.725 0.88125 0.7325 0.9012499999999999 0.7325 0.9012499999999999 0.725
5 0.905 0.74 0.8875 0.74 0.8875 0.7474999999999999 0.905 0.7474999999999999 0.905 0.74
5 0.9862500000000001 0.78125 0.96875 0.78125 0.96875 0.79375 0.9862500000000001 0.79375 0.9862500000000001 0.78125
5 0.915 0.6925 0.9075 0.6925 0.9075 0.7075 0.915 0.7075 0.915 0.6925
5 0.9712500000000001 0.7125 0.9512499999999999 0.7125 0.9512499999999999 0.72 0.9712500000000001 0.72 0.9712500000000001 0.7125
5 0.9262499999999999 0.66625 0.91875 0.66625 0.91875 0.6837500000000001 0.9262499999999999 0.6837500000000001 0.9262499999999999 0.66625
5 0.9875 0.7112499999999999 0.9724999999999999 0.7112499999999999 0.9724999999999999 0.71875 0.9875 0.71875 0.9875 0.7112499999999999
5 0.9949999999999999 0.68875 0.9775 0.68875 0.9775 0.70125 0.9949999999999999 0.70125 0.9949999999999999 0.68875
5 1 0.7725 0.98125 0.7725 0.98125 0.78 1 0.78 1 0.7725
5 0.31875 0.29500000000000004 0.29874999999999996 0.29500000000000004 0.29874999999999996 0.31 0.31875 0.31 0.31875 0.29500000000000004
5 0.33625 0.3075 0.32125 0.3075 0.32125 0.32 0.33625 0.32 0.33625 0.3075
5 0.28250000000000003 0.215 0.265 0.215 0.265 0.225 0.28250000000000003 0.225 0.28250000000000003 0.215
5 0.17625 0.09875 0.15625 0.09875 0.15625 0.10874999999999999 0.17625 0.10874999999999999 0.17625 0.09875
5 0.14125000000000001 0.16 0.13374999999999998 0.16 0.13374999999999998 0.175 0.14125000000000001 0.175 0.14125000000000001 0.16
5 0.075 0.73 0.065 0.73 0.065 0.76 0.075 0.76 0.075 0.73
5 0.07375000000000001 0.675 0.06375 0.675 0.06375 0.6950000000000001 0.07375000000000001 0.6950000000000001 0.07375000000000001 0.675
5 0.8775000000000001 0.74 0.8675 0.74 0.8675 0.745 0.8775000000000001 0.745 0.8775000000000001 0.74
5 0.94375 0.6599999999999999 0.93625 0.6599999999999999 0.93625 0.6775 0.94375 0.6775 0.94375 0.6599999999999999
5 0.96 0.6950000000000001 0.9425000000000001 0.6950000000000001 0.9425000000000001 0.7025 0.96 0.7025 0.96 0.6950000000000001
5 0.635 0.8825 0.6125 0.8825 0.6125 0.8949999999999999 0.635 0.8949999999999999 0.635 0.8825
5 0.12875 0.14875 0.11625 0.14875 0.11625 0.16875 0.12875 0.16875 0.12875 0.14875
5 0.07375000000000001 0.76 0.05125 0.76 0.05125 0.7725 0.07375000000000001 0.7725 0.07375000000000001 0.76
5 0.2325 0.6212500000000001 0.21749999999999997 0.6212500000000001 0.21749999999999997 0.63625 0.2325 0.63625 0.2325 0.6212500000000001
5 0.9262499999999999 0.57125 0.91625 0.57125 0.91625 0.58875 0.9262499999999999 0.58875 0.9262499999999999 0.57125
5 0.8175000000000001 0.8012499999999999 0.795 0.8012499999999999 0.795 0.8162499999999999 0.8175000000000001 0.8162499999999999 0.8175000000000001 0.8012499999999999
5 0.8625 0.85 0.8474999999999999 0.85 0.8474999999999999 0.86 0.8625 0.86 0.8625 0.85
5 0.94625 0.48 0.9337500000000001 0.48 0.9337500000000001 0.5 0.94625 0.5 0.94625 0.48