5 0.08875 0.0225 0.06625 0.0225 0.06625 0.0375 0.08875 0.0375 0.08875 0.0225
5 0.1075 0.042499999999999996 0.09 0.042499999999999996 0.09 0.05500000000000001 0.1075 0.05500000000000001 0.1075 0.042499999999999996
5 0.13125 0.03125 0.10874999999999999 0.03125 0.10874999999999999 0.04375 0.13125 0.04375 0.13125 0.03125
5 0.095 0.0025 0.08 0.0025 0.08 0.01 0.095 0.01 0.095 0.0025
5 0.09375 0.05625 0.07625 0.05625 0.07625 0.06625 0.09375 0.06625 0.09375 0.05625
5 0.85375 0.0125 0.83625 0.0125 0.83625 0.0225 0.85375 0.0225 0.85375 0.0125
5 0.80375 0.0225 0.7837500000000001 0.0225 0.7837500000000001 0.0325 0.80375 0.0325 0.80375 0.0225
5 0.8387499999999999 0.06875 0.81875 0.06875 0.81875 0.07875 0.8387499999999999 0.07875 0.8387499999999999 0.06875
5 0.83625 0.08249999999999999 0.82125 0.08249999999999999 0.82125 0.09 0.83625 0.09 0.83625 0.08249999999999999
5 0.75125 0.05375 0.74125 0.05375 0.74125 0.07125000000000001 0.75125 0.07125000000000001 0.75125 0.05375
5 0.765 0.11499999999999999 0.7575000000000001 0.11499999999999999 0.7575000000000001 0.1325 0.765 0.1325 0.765 0.11499999999999999
5 0.81125 0.10625 0.79125 0.10625 0.79125 0.11625 0.81125 0.11625 0.81125 0.10625
5 0.8087500000000001 0.12125 0.79125 0.12125 0.79125 0.13125 0.8087500000000001 0.13125 0.8087500000000001 0.12125
5 0.67 0.13125 0.6599999999999999 0.13125 0.6599999999999999 0.14875 0.67 0.14875 0.67 0.13125
5 0.68125 0.17625 0.66875 0.17625 0.66875 0.19875 0.68125 0.19875 0.68125 0.17625
5 0.6775 0.155 0.6675 0.155 0.6675 0.16999999999999998 0.6775 0.16999999999999998 0.6775 0.155
5 0.75125 0.24500000000000002 0.74125 0.24500000000000002 0.74125 0.2625 0.75125 0.2625 0.75125 0.24500000000000002
5 0.65625 0.2625 0.63625 0.2625 0.63625 0.275 0.65625 0.275 0.65625 0.2625
5 0.6775 0.24625 0.655 0.24625 0.655 0.25625 0.6775 0.25625 0.6775 0.24625
5 0.7162499999999999 0.25125000000000003 0.70625 0.25125000000000003 0.70625 0.26625 0.7162499999999999 0.26625 0.7162499999999999 0.25125000000000003
5 0.73875 0.24874999999999997 0.72875 0.24874999999999997 0.72875 0.26375000000000004 0.73875 0.26375000000000004 0.73875 0.24874999999999997
5 0.68875 0.0125 0.66875 0.0125 0.66875 0.0225 0.68875 0.0225 0.68875 0.0125
5 0.6975 0.0225 0.6825 0.0225 0.6825 0.03 0.6975 0.03 0.6975 0.0225
5 0.66875 0 0.66875 0.0075 0.68625 0.0075 0.68625 0 0.66875 0
5 0.19624999999999998 0.00375 0.17375000000000002 0.00375 0.17375000000000002 0.01625 0.19624999999999998 0.01625 0.19624999999999998 0.00375
5 0.725 0.05 0.7025 0.05 0.7025 0.0625 0.725 0.0625 0.725 0.05
5 0.825 0.03625 0.8025 0.03625 0.8025 0.04875 0.825 0.04875 0.825 0.03625
5 0.74 0.0125 0.7175 0.0125 0.7175 0.027500000000000004 0.74 0.027500000000000004 0.74 0.0125