5 0.66875 0.11374999999999999 0.65625 0.11374999999999999 0.65625 0.13874999999999998 0.66875 0.13874999999999998 0.66875 0.11374999999999999
5 0.16125 0.46375 0.14875 0.46375 0.14875 0.47874999999999995 0.16125 0.47874999999999995 0.16125 0.46375
5 0.41875 0.8225 0.40125 0.8225 0.40125 0.8425 0.41875 0.8425 0.41875 0.8225
5 0.6575 0.0375 0.645 0.0375 0.645 0.05 0.6575 0.05 0.6575 0.0375
5 0.5125 0.5599999999999999 0.495 0.5599999999999999 0.495 0.585 0.5125 0.585 0.5125 0.5599999999999999
5 0.29500000000000004 0.6587500000000001 0.27999999999999997 0.6587500000000001 0.27999999999999997 0.68125 0.29500000000000004 0.68125 0.29500000000000004 0.6587500000000001
5 0.40875000000000006 0.80375 0.39625 0.80375 0.39625 0.8237500000000001 0.40875000000000006 0.8237500000000001 0.40875000000000006 0.80375
5 0.9862500000000001 0.5237499999999999 0.96125 0.5237499999999999 0.96125 0.55625 0.9862500000000001 0.55625 0.9862500000000001 0.5237499999999999
5 0.3775 0.0375 0.36 0.0375 0.36 0.05 0.3775 0.05 0.3775 0.0375
5 0.05625 0.50125 0.03875 0.50125 0.03875 0.50875 0.05625 0.50875 0.05625 0.50125
5 0.1775 0.8825 0.16499999999999998 0.8825 0.16499999999999998 0.9025000000000001 0.1775 0.9025000000000001 0.1775 0.8825