5 0.7112499999999999 0.63875 0.69375 0.63875 0.69375 0.66125 0.7112499999999999 0.66125 0.7112499999999999 0.63875
5 0.29874999999999996 0.22374999999999998 0.28125 0.22374999999999998 0.28125 0.23374999999999999 0.29874999999999996 0.23374999999999999 0.29874999999999996 0.22374999999999998
5 0.7212500000000001 0.5912499999999999 0.70625 0.5912499999999999 0.70625 0.60875 0.7212500000000001 0.60875 0.7212500000000001 0.5912499999999999
5 0.64375 0.635 0.6287499999999999 0.635 0.6287499999999999 0.655 0.64375 0.655 0.64375 0.635
5 0.95625 0.20249999999999999 0.93625 0.20249999999999999 0.93625 0.2125 0.95625 0.2125 0.95625 0.20249999999999999
5 0.93 0.20750000000000002 0.9199999999999999 0.20750000000000002 0.9199999999999999 0.225 0.93 0.225 0.93 0.20750000000000002
5 0.91625 0.20875 0.90625 0.20875 0.90625 0.22625 0.91625 0.22625 0.91625 0.20875
5 0.95875 0.21375000000000002 0.9487500000000001 0.21375000000000002 0.9487500000000001 0.23374999999999999 0.95875 0.23374999999999999 0.95875 0.21375000000000002
5 0.89625 0.20625 0.8887499999999999 0.20625 0.8887499999999999 0.22625 0.89625 0.22625 0.89625 0.20625
5 0.9487500000000001 0.21375000000000002 0.9412499999999999 0.21375000000000002 0.9412499999999999 0.23374999999999999 0.9487500000000001 0.23374999999999999 0.9487500000000001 0.21375000000000002
5 0.08875 0.13999999999999999 0.07875 0.13999999999999999 0.07875 0.1575 0.08875 0.1575 0.08875 0.13999999999999999
5 0.9662499999999999 0.215 0.95625 0.215 0.95625 0.2325 0.9662499999999999 0.2325 0.9662499999999999 0.215
5 0.9400000000000001 0.21125 0.9275 0.21125 0.9275 0.23125 0.9400000000000001 0.23125 0.9400000000000001 0.21125
5 0.93125 0.16499999999999998 0.90625 0.16499999999999998 0.90625 0.1775 0.93125 0.1775 0.93125 0.16499999999999998
5 0.9625 0.16999999999999998 0.9349999999999999 0.16999999999999998 0.9349999999999999 0.1925 0.9625 0.1925 0.9625 0.16999999999999998
5 0.4175 0.14125000000000001 0.4025 0.14125000000000001 0.4025 0.14875 0.4175 0.14875 0.4175 0.14125000000000001
5 0.2125 0.1375 0.1925 0.1375 0.1925 0.14750000000000002 0.2125 0.14750000000000002 0.2125 0.1375
5 0.905 0.19375 0.8775000000000001 0.19375 0.8775000000000001 0.20625 0.905 0.20625 0.905 0.19375
5 0.9075 0.20875 0.8975 0.20875 0.8975 0.23125 0.9075 0.23125 0.9075 0.20875