5 0.55 0.6375 0.5175 0.6375 0.5175 0.67 0.55 0.67 0.55 0.6375
5 0.36375 0.69875 0.31875 0.69875 0.31875 0.7112499999999999 0.36375 0.7112499999999999 0.36375 0.69875
5 0.4025 0.595 0.3875 0.595 0.3875 0.6174999999999999 0.4025 0.6174999999999999 0.4025 0.595
5 0.39 0.595 0.355 0.595 0.355 0.6224999999999999 0.39 0.6224999999999999 0.39 0.595
5 0.34375 0.63 0.32625000000000004 0.63 0.32625000000000004 0.6425 0.34375 0.6425 0.34375 0.63
5 0.4575 0.7887500000000001 0.425 0.7887500000000001 0.425 0.82125 0.4575 0.82125 0.4575 0.7887500000000001
5 0.44125 0.79625 0.41375 0.79625 0.41375 0.83125 0.44125 0.83125 0.44125 0.79625
5 0.42625 0.8 0.40125 0.8 0.40125 0.8324999999999999 0.42625 0.8324999999999999 0.42625 0.8
5 0.40875000000000006 0.8162499999999999 0.39125 0.8162499999999999 0.39125 0.83375 0.40875000000000006 0.83375 0.40875000000000006 0.8162499999999999
5 0.375 0.67 0.3125 0.67 0.3125 0.6950000000000001 0.375 0.6950000000000001 0.375 0.67
5 0.14250000000000002 0.07625 0.12 0.07625 0.12 0.10874999999999999 0.14250000000000002 0.10874999999999999 0.14250000000000002 0.07625
5 0.12125 0.23625 0.11374999999999999 0.23625 0.11374999999999999 0.25875 0.12125 0.25875 0.12125 0.23625
5 0.6849999999999999 0.18 0.67 0.18 0.67 0.1975 0.6849999999999999 0.1975 0.6849999999999999 0.18
5 0.8387499999999999 0.13999999999999999 0.82875 0.13999999999999999 0.82875 0.1575 0.8387499999999999 0.1575 0.8387499999999999 0.13999999999999999
5 0.1 0.37875000000000003 0.0875 0.37875000000000003 0.0875 0.39875 0.1 0.39875 0.1 0.37875000000000003
5 0.50625 0.76125 0.48875 0.76125 0.48875 0.78625 0.50625 0.78625 0.50625 0.76125
5 0.36875 0.655 0.32875 0.655 0.32875 0.67 0.36875 0.67 0.36875 0.655
5 0.04375 0.775 0.03375 0.775 0.03375 0.805 0.04375 0.805 0.04375 0.775
5 0.19375 1 0.19375 0.9824999999999999 0.18375 0.9824999999999999 0.18375 1 0.19375 1
5 0.9625 0.1375 0.9425000000000001 0.1375 0.9425000000000001 0.14750000000000002 0.9625 0.14750000000000002 0.9625 0.1375