5 0.10124999999999999 0.635 0.07875 0.635 0.07875 0.6475 0.10124999999999999 0.6475 0.10124999999999999 0.635
5 0.11875 0.645 0.10375000000000001 0.645 0.10375000000000001 0.655 0.11875 0.655 0.11875 0.645
5 0.97 0.79875 0.9550000000000001 0.79875 0.9550000000000001 0.82125 0.97 0.82125 0.97 0.79875
5 0.23500000000000001 0.57875 0.215 0.57875 0.215 0.5962500000000001 0.23500000000000001 0.5962500000000001 0.23500000000000001 0.57875
5 0.06875 0.615 0.04375 0.615 0.04375 0.6224999999999999 0.06875 0.6224999999999999 0.06875 0.615
5 0.37124999999999997 0.27749999999999997 0.34875 0.27749999999999997 0.34875 0.2925 0.37124999999999997 0.2925 0.37124999999999997 0.27749999999999997
5 0.9949999999999999 0.78 0.97 0.78 0.97 0.82 0.9949999999999999 0.82 0.9949999999999999 0.78
5 0.9800000000000001 0.7625 0.9675 0.7625 0.9675 0.78 0.9800000000000001 0.78 0.9800000000000001 0.7625
5 0.9625 0.79 0.9475 0.79 0.9475 0.8099999999999999 0.9625 0.8099999999999999 0.9625 0.79
5 0.14250000000000002 0.645 0.12250000000000001 0.645 0.12250000000000001 0.6575 0.14250000000000002 0.6575 0.14250000000000002 0.645
5 0.55375 0.075 0.54125 0.075 0.54125 0.095 0.55375 0.095 0.55375 0.075
5 0.9275 0.6875 0.9175000000000001 0.6875 0.9175000000000001 0.7075 0.9275 0.7075 0.9275 0.6875
5 0.30375 0.5675 0.28625 0.5675 0.28625 0.5825 0.30375 0.5825 0.30375 0.5675