5 0.2475 0.23875000000000002 0.225 0.23875000000000002 0.225 0.25125000000000003 0.2475 0.25125000000000003 0.2475 0.23875000000000002
5 0.93 0.44625000000000004 0.9025000000000001 0.44625000000000004 0.9025000000000001 0.45625 0.93 0.45625 0.93 0.44625000000000004
5 0.38125 0.50875 0.36875 0.50875 0.36875 0.53125 0.38125 0.53125 0.38125 0.50875
5 0.85125 0.48250000000000004 0.82875 0.48250000000000004 0.82875 0.5075000000000001 0.85125 0.5075000000000001 0.85125 0.48250000000000004
5 0.92875 0.4375 0.9112500000000001 0.4375 0.9112500000000001 0.44749999999999995 0.92875 0.44749999999999995 0.92875 0.4375
5 0.6950000000000001 0.9525 0.675 0.9525 0.675 0.9625 0.6950000000000001 0.9625 0.6950000000000001 0.9525
5 0.78 0.9262499999999999 0.765 0.9262499999999999 0.765 0.9337500000000001 0.78 0.9337500000000001 0.78 0.9262499999999999
5 0.77 0.975 0.7474999999999999 0.975 0.7474999999999999 0.985 0.77 0.985 0.77 0.975
5 0.9237500000000001 0.39125 0.9037499999999999 0.39125 0.9037499999999999 0.39875 0.9237500000000001 0.39875 0.9237500000000001 0.39125
5 0.9337500000000001 0.395 0.9237500000000001 0.395 0.9237500000000001 0.4175 0.9337500000000001 0.4175 0.9337500000000001 0.395
5 0.925 0.40875000000000006 0.9075 0.40875000000000006 0.9075 0.41875 0.925 0.41875 0.925 0.40875000000000006
5 0.8612500000000001 0.37875000000000003 0.8462500000000001 0.37875000000000003 0.8462500000000001 0.40875000000000006 0.8612500000000001 0.40875000000000006 0.8612500000000001 0.37875000000000003
5 0.9237500000000001 0.38375 0.9037499999999999 0.38375 0.9037499999999999 0.39125 0.9237500000000001 0.39125 0.9237500000000001 0.38375
5 0.05375 0.1775 0.03375 0.1775 0.03375 0.195 0.05375 0.195 0.05375 0.1775
5 0.9324999999999999 0.47874999999999995 0.925 0.47874999999999995 0.925 0.49625 0.9324999999999999 0.49625 0.9324999999999999 0.47874999999999995
5 0.9412499999999999 0.3225 0.92125 0.3225 0.92125 0.32999999999999996 0.9412499999999999 0.32999999999999996 0.9412499999999999 0.3225
5 0.95375 0.4175 0.94625 0.4175 0.94625 0.4375 0.95375 0.4375 0.95375 0.4175
5 0.9324999999999999 0.45875000000000005 0.9025000000000001 0.45875000000000005 0.9025000000000001 0.50125 0.9324999999999999 0.50125 0.9324999999999999 0.45875000000000005
5 0.96125 0.35750000000000004 0.95375 0.35750000000000004 0.95375 0.375 0.96125 0.375 0.96125 0.35750000000000004
5 0.29874999999999996 0.29375 0.27625 0.29375 0.27625 0.30375 0.29874999999999996 0.30375 0.29874999999999996 0.29375
5 0.79125 0.34875 0.78125 0.34875 0.78125 0.36625 0.79125 0.36625 0.79125 0.34875
5 0.9262499999999999 0.40125 0.90625 0.40125 0.90625 0.41125 0.9262499999999999 0.41125 0.9262499999999999 0.40125
5 0.72375 0.9025000000000001 0.71375 0.9025000000000001 0.71375 0.9175000000000001 0.72375 0.9175000000000001 0.72375 0.9025000000000001
5 0.93875 0.4525 0.92875 0.4525 0.92875 0.46749999999999997 0.93875 0.46749999999999997 0.93875 0.4525
5 0.975 0.24375 0.9525 0.24375 0.9525 0.25625 0.975 0.25625 0.975 0.24375