5 0.63 0.8550000000000001 0.615 0.8550000000000001 0.615 0.8800000000000001 0.63 0.8800000000000001 0.63 0.8550000000000001
5 0.63875 0.9175000000000001 0.62625 0.9175000000000001 0.62625 0.9400000000000001 0.63875 0.9400000000000001 0.63875 0.9175000000000001
5 0.325 0.735 0.31 0.735 0.31 0.7525000000000001 0.325 0.7525000000000001 0.325 0.735
5 0.01875 0.3025 0.00375 0.3025 0.00375 0.315 0.01875 0.315 0.01875 0.3025
5 0.045 0.31 0.0325 0.31 0.0325 0.32 0.045 0.32 0.045 0.31
5 0.61125 0.595 0.59375 0.595 0.59375 0.6075 0.61125 0.6075 0.61125 0.595
5 0.595 0.5862499999999999 0.5775 0.5862499999999999 0.5775 0.59875 0.595 0.59875 0.595 0.5862499999999999
5 0.5775 0.58 0.5625 0.58 0.5625 0.5900000000000001 0.5775 0.5900000000000001 0.5775 0.58
5 0.56375 0.575 0.55125 0.575 0.55125 0.585 0.56375 0.585 0.56375 0.575
5 0.54875 0.5662499999999999 0.5337500000000001 0.5662499999999999 0.5337500000000001 0.57625 0.54875 0.57625 0.54875 0.5662499999999999
5 0.8712500000000001 0.705 0.85875 0.705 0.85875 0.7150000000000001 0.8712500000000001 0.7150000000000001 0.8712500000000001 0.705
5 0.73125 0.65625 0.71875 0.65625 0.71875 0.6637500000000001 0.73125 0.6637500000000001 0.73125 0.65625
5 0.9574999999999999 0.75625 0.9475 0.75625 0.9475 0.7737499999999999 0.9574999999999999 0.7737499999999999 0.9574999999999999 0.75625
5 0.16 0.61875 0.15 0.61875 0.15 0.63375 0.16 0.63375 0.16 0.61875
5 0.1025 0.5900000000000001 0.0925 0.5900000000000001 0.0925 0.605 0.1025 0.605 0.1025 0.5900000000000001
5 0.7737499999999999 0.79 0.76875 0.79 0.76875 0.8 0.7737499999999999 0.8 0.7737499999999999 0.79
5 0.12125 0.605 0.11374999999999999 0.605 0.11374999999999999 0.62 0.12125 0.62 0.12125 0.605
5 0.27999999999999997 0.9037499999999999 0.2625 0.9037499999999999 0.2625 0.91375 0.27999999999999997 0.91375 0.27999999999999997 0.9037499999999999
5 0.18125 0.63125 0.17124999999999999 0.63125 0.17124999999999999 0.63625 0.18125 0.63625 0.18125 0.63125
5 0.78125 0.65125 0.76875 0.65125 0.76875 0.6587500000000001 0.78125 0.6587500000000001 0.78125 0.65125
5 0.17124999999999999 0.65125 0.15375 0.65125 0.15375 0.6637500000000001 0.17124999999999999 0.6637500000000001 0.17124999999999999 0.65125
5 0.6287499999999999 0.60625 0.61625 0.60625 0.61625 0.61125 0.6287499999999999 0.61125 0.6287499999999999 0.60625
5 0.07375000000000001 0.58125 0.06625 0.58125 0.06625 0.5912499999999999 0.07375000000000001 0.5912499999999999 0.07375000000000001 0.58125
5 0.3325 0.745 0.3225 0.745 0.3225 0.7575000000000001 0.3325 0.7575000000000001 0.3325 0.745
5 0.9425000000000001 0.71875 0.9225 0.71875 0.9225 0.7262500000000001 0.9425000000000001 0.7262500000000001 0.9425000000000001 0.71875
5 0.22625 0.41875 0.21375000000000002 0.41875 0.21375000000000002 0.42374999999999996 0.22625 0.42374999999999996 0.22625 0.41875
5 0.29500000000000004 0.725 0.28250000000000003 0.725 0.28250000000000003 0.7474999999999999 0.29500000000000004 0.7474999999999999 0.29500000000000004 0.725
5 0.9862500000000001 0.74125 0.9712500000000001 0.74125 0.9712500000000001 0.75125 0.9862500000000001 0.75125 0.9862500000000001 0.74125
5 0.9675 0.73375 0.95 0.73375 0.95 0.74125 0.9675 0.74125 0.9675 0.73375
5 0.8487500000000001 0.67875 0.83375 0.67875 0.83375 0.68875 0.8487500000000001 0.68875 0.8487500000000001 0.67875
5 0.32999999999999996 0.69625 0.3175 0.69625 0.3175 0.7112499999999999 0.32999999999999996 0.7112499999999999 0.32999999999999996 0.69625
5 0.3525 0.7112499999999999 0.34500000000000003 0.7112499999999999 0.34500000000000003 0.7262500000000001 0.3525 0.7262500000000001 0.3525 0.7112499999999999
5 0.8925000000000001 0.73125 0.8825 0.73125 0.8825 0.73875 0.8925000000000001 0.73875 0.8925000000000001 0.73125
5 0.7725 0.67625 0.76 0.67625 0.76 0.68875 0.7725 0.68875 0.7725 0.67625
5 0.8074999999999999 0.6625 0.795 0.6625 0.795 0.6675 0.8074999999999999 0.6675 0.8074999999999999 0.6625
5 0 0.3 0.008749999999999999 0.3 0.008749999999999999 0.2925 0 0.2925 0 0.3
5 0.5825 0.48375 0.5549999999999999 0.48375 0.5549999999999999 0.49375 0.5825 0.49375 0.5825 0.48375
5 0.0375 0.8887499999999999 0.0325 0.8887499999999999 0.0325 0.9087500000000001 0.0375 0.9087500000000001 0.0375 0.8887499999999999