5 1 0.5237499999999999 0.99 0.5237499999999999 0.99 0.5337500000000001 1 0.5337500000000001 1 0.5237499999999999
5 0.99875 0.24874999999999997 0.9712500000000001 0.24874999999999997 0.9712500000000001 0.26375000000000004 0.99875 0.26375000000000004 0.99875 0.24874999999999997
5 0.9475 0.5349999999999999 0.93 0.5349999999999999 0.93 0.5475 0.9475 0.5475 0.9475 0.5349999999999999
5 0.9962500000000001 0.2425 0.9737500000000001 0.2425 0.9737500000000001 0.2525 0.9962500000000001 0.2525 0.9962500000000001 0.2425
5 0.9962500000000001 0.23125 0.9737500000000001 0.23125 0.9737500000000001 0.24375 0.9962500000000001 0.24375 0.9962500000000001 0.23125
5 0.9925 0.22000000000000003 0.9724999999999999 0.22000000000000003 0.9724999999999999 0.2325 0.9925 0.2325 0.9925 0.22000000000000003
5 0.99125 0.21000000000000002 0.96875 0.21000000000000002 0.96875 0.2225 0.99125 0.2225 0.99125 0.21000000000000002
5 0.98375 0.19624999999999998 0.96125 0.19624999999999998 0.96125 0.21125 0.98375 0.21125 0.98375 0.19624999999999998
5 0.9862500000000001 0.18375 0.9637499999999999 0.18375 0.9637499999999999 0.19624999999999998 0.9862500000000001 0.19624999999999998 0.9862500000000001 0.18375
5 0.9800000000000001 0.17124999999999999 0.9574999999999999 0.17124999999999999 0.9574999999999999 0.18625 0.9800000000000001 0.18625 0.9800000000000001 0.17124999999999999
5 0.98375 0.15875 0.95875 0.15875 0.95875 0.17124999999999999 0.98375 0.17124999999999999 0.98375 0.15875
5 0.9800000000000001 0.14375 0.9574999999999999 0.14375 0.9574999999999999 0.15375 0.9800000000000001 0.15375 0.9800000000000001 0.14375
5 0.975 0.13125 0.9550000000000001 0.13125 0.9550000000000001 0.14625 0.975 0.14625 0.975 0.13125
5 0.9712500000000001 0.12125 0.9487500000000001 0.12125 0.9487500000000001 0.13374999999999998 0.9712500000000001 0.13374999999999998 0.9712500000000001 0.12125
5 0.945 0.12125 0.925 0.12125 0.925 0.13125 0.945 0.13125 0.945 0.12125
5 0.03 0.70875 0.017499999999999998 0.70875 0.017499999999999998 0.72875 0.03 0.72875 0.03 0.70875
5 0 0.775 0.0225 0.775 0.0225 0.7625 0 0.7625 0 0.775
5 0.0775 0.71375 0.057499999999999996 0.71375 0.057499999999999996 0.7262500000000001 0.0775 0.7262500000000001 0.0775 0.71375
5 0.052500000000000005 0.7212500000000001 0.0325 0.7212500000000001 0.0325 0.73125 0.052500000000000005 0.73125 0.052500000000000005 0.7212500000000001
5 0.07125000000000001 0.74875 0.05375 0.74875 0.05375 0.75875 0.07125000000000001 0.75875 0.07125000000000001 0.74875
5 0.09625 0.74375 0.07625 0.74375 0.07625 0.7537499999999999 0.09625 0.7537499999999999 0.09625 0.74375
5 0.13 0.7424999999999999 0.11000000000000001 0.7424999999999999 0.11000000000000001 0.7625 0.13 0.7625 0.13 0.7424999999999999
5 0.355 0.6425 0.33999999999999997 0.6425 0.33999999999999997 0.6575 0.355 0.6575 0.355 0.6425
5 0.3725 0.64 0.3525 0.64 0.3525 0.6475 0.3725 0.6475 0.3725 0.64
5 0.43 0.6587500000000001 0.41 0.6587500000000001 0.41 0.67125 0.43 0.67125 0.43 0.6587500000000001
5 0.54625 0.5962500000000001 0.53125 0.5962500000000001 0.53125 0.61375 0.54625 0.61375 0.54625 0.5962500000000001
5 0.48875 0.635 0.46624999999999994 0.635 0.46624999999999994 0.6475 0.48875 0.6475 0.48875 0.635
5 0.47625 0.69875 0.45625 0.69875 0.45625 0.70875 0.47625 0.70875 0.47625 0.69875
5 0.69875 0.6637500000000001 0.67875 0.6637500000000001 0.67875 0.6837500000000001 0.69875 0.6837500000000001 0.69875 0.6637500000000001
5 0.5525 0.70875 0.5325 0.70875 0.5325 0.71875 0.5525 0.71875 0.5525 0.70875
5 0.6025 0.7025 0.5900000000000001 0.7025 0.5900000000000001 0.725 0.6025 0.725 0.6025 0.7025
5 0.61125 0.7 0.59875 0.7 0.59875 0.72 0.61125 0.72 0.61125 0.7
5 0.605 0.7262500000000001 0.595 0.7262500000000001 0.595 0.74875 0.605 0.74875 0.605 0.7262500000000001
5 0.7275 0.5875 0.7075 0.5875 0.7075 0.5974999999999999 0.7275 0.5974999999999999 0.7275 0.5875
5 0.45499999999999996 0.7849999999999999 0.44000000000000006 0.7849999999999999 0.44000000000000006 0.8 0.45499999999999996 0.8 0.45499999999999996 0.7849999999999999
5 0.44375 0.7837500000000001 0.43125 0.7837500000000001 0.43125 0.80375 0.44375 0.80375 0.44375 0.7837500000000001
5 0.9775 0.8712500000000001 0.9574999999999999 0.8712500000000001 0.9574999999999999 0.88125 0.9775 0.88125 0.9775 0.8712500000000001
5 0.71 0.86 0.7 0.86 0.7 0.8775000000000001 0.71 0.8775000000000001 0.71 0.86
5 0.05500000000000001 0.40750000000000003 0.045 0.40750000000000003 0.045 0.42750000000000005 0.05500000000000001 0.42750000000000005 0.05500000000000001 0.40750000000000003
5 0.6 0.595 0.58 0.595 0.58 0.6075 0.6 0.6075 0.6 0.595