5 0.985 0 0.985 0.008749999999999999 1 0.008749999999999999 1 0 0.985 0
5 0.77125 0.028749999999999998 0.7537499999999999 0.028749999999999998 0.7537499999999999 0.04375 0.77125 0.04375 0.77125 0.028749999999999998
5 0.7474999999999999 0.05125 0.73 0.05125 0.73 0.06875 0.7474999999999999 0.06875 0.7474999999999999 0.05125
5 0.83125 0.028749999999999998 0.81375 0.028749999999999998 0.81375 0.03875 0.83125 0.03875 0.83125 0.028749999999999998
5 0.7849999999999999 0.02 0.77 0.02 0.77 0.034999999999999996 0.7849999999999999 0.034999999999999996 0.7849999999999999 0.02
5 0.585 0.5575 0.5375 0.5575 0.5375 0.5900000000000001 0.585 0.5900000000000001 0.585 0.5575
5 0.6287499999999999 0.60875 0.5862499999999999 0.60875 0.5862499999999999 0.63625 0.6287499999999999 0.63625 0.6287499999999999 0.60875
5 0.7737499999999999 0.10500000000000001 0.7537499999999999 0.10500000000000001 0.7537499999999999 0.125 0.7737499999999999 0.125 0.7737499999999999 0.10500000000000001
5 0.8300000000000001 0.021249999999999998 0.8099999999999999 0.021249999999999998 0.8099999999999999 0.028749999999999998 0.8300000000000001 0.028749999999999998 0.8300000000000001 0.021249999999999998
5 0.72 0.06875 0.7075 0.06875 0.7075 0.08375 0.72 0.08375 0.72 0.06875
5 0.71375 0.07625 0.69625 0.07625 0.69625 0.09125 0.71375 0.09125 0.71375 0.07625
5 0.7325 0.0625 0.7175 0.0625 0.7175 0.075 0.7325 0.075 0.7325 0.0625
5 0.5675 0.5475 0.53 0.5475 0.53 0.5725 0.5675 0.5725 0.5675 0.5475
5 0.635 0.62 0.6 0.62 0.6 0.64 0.635 0.64 0.635 0.62
5 0.76625 0.03875 0.75125 0.03875 0.75125 0.05625 0.76625 0.05625 0.76625 0.03875
5 0.96 0.05125 0.945 0.05125 0.945 0.06625 0.96 0.06625 0.96 0.05125
5 0.89125 0.034999999999999996 0.87625 0.034999999999999996 0.87625 0.05500000000000001 0.89125 0.05500000000000001 0.89125 0.034999999999999996
5 0.9574999999999999 0.3725 0.9400000000000001 0.3725 0.9400000000000001 0.3975 0.9574999999999999 0.3975 0.9574999999999999 0.3725
5 0.97875 0.36625 0.95625 0.36625 0.95625 0.38625 0.97875 0.38625 0.97875 0.36625
5 0.7075 0.08375 0.6900000000000001 0.08375 0.6900000000000001 0.09875 0.7075 0.09875 0.7075 0.08375
5 0.61375 0.58125 0.57125 0.58125 0.57125 0.60625 0.61375 0.60625 0.61375 0.58125
5 0.8025 0.17625 0.77 0.17625 0.77 0.20625 0.8025 0.20625 0.8025 0.17625
5 0.69625 0.09125 0.68625 0.09125 0.68625 0.10375000000000001 0.69625 0.10375000000000001 0.69625 0.09125