5 0.83375 0.5962500000000001 0.8162499999999999 0.5962500000000001 0.8162499999999999 0.60875 0.83375 0.60875 0.83375 0.5962500000000001
5 0.7224999999999999 0.4125 0.7175 0.4125 0.7175 0.43 0.7224999999999999 0.43 0.7224999999999999 0.4125
5 0.79625 0.5675 0.7787499999999999 0.5675 0.7787499999999999 0.5775 0.79625 0.5775 0.79625 0.5675
5 0.8087500000000001 0.40374999999999994 0.79375 0.40374999999999994 0.79375 0.41125 0.8087500000000001 0.41125 0.8087500000000001 0.40374999999999994
5 0.60625 0.9887499999999999 0.5962500000000001 0.9887499999999999 0.5962500000000001 0.99875 0.60625 0.99875 0.60625 0.9887499999999999
5 0.79875 0.5587500000000001 0.78125 0.5587500000000001 0.78125 0.5662499999999999 0.79875 0.5662499999999999 0.79875 0.5587500000000001
5 0.83625 0.3775 0.8262499999999999 0.3775 0.8262499999999999 0.39249999999999996 0.83625 0.39249999999999996 0.83625 0.3775
5 0.7787499999999999 0.13999999999999999 0.76625 0.13999999999999999 0.76625 0.155 0.7787499999999999 0.155 0.7787499999999999 0.13999999999999999
5 0.775 0.25375000000000003 0.765 0.25375000000000003 0.765 0.26875 0.775 0.26875 0.775 0.25375000000000003
5 0.73375 0.41500000000000004 0.7262500000000001 0.41500000000000004 0.7262500000000001 0.43499999999999994 0.73375 0.43499999999999994 0.73375 0.41500000000000004
5 0.61 0.605 0.595 0.605 0.595 0.6224999999999999 0.61 0.6224999999999999 0.61 0.605
5 0.8262499999999999 0.0675 0.81875 0.0675 0.81875 0.08 0.8262499999999999 0.08 0.8262499999999999 0.0675
5 0.81125 0.4125 0.7887500000000001 0.4125 0.7887500000000001 0.4225 0.81125 0.4225 0.81125 0.4125
5 0.66875 0.4625 0.65625 0.4625 0.65625 0.47750000000000004 0.66875 0.47750000000000004 0.66875 0.4625
5 0.7025 0.49375 0.6900000000000001 0.49375 0.6900000000000001 0.52125 0.7025 0.52125 0.7025 0.49375
5 0.85625 0.6625 0.8462500000000001 0.6625 0.8462500000000001 0.6725 0.85625 0.6725 0.85625 0.6625
5 0.8637499999999999 0.67125 0.85375 0.67125 0.85375 0.6837500000000001 0.8637499999999999 0.6837500000000001 0.8637499999999999 0.67125
5 0.8724999999999999 0.67625 0.8574999999999999 0.67625 0.8574999999999999 0.68875 0.8724999999999999 0.68875 0.8724999999999999 0.67625
5 0.8875 0.69625 0.8800000000000001 0.69625 0.8800000000000001 0.70875 0.8875 0.70875 0.8875 0.69625
5 0.8975 0.7025 0.885 0.7025 0.885 0.7150000000000001 0.8975 0.7150000000000001 0.8975 0.7025
5 0.9099999999999999 0.7162499999999999 0.9025000000000001 0.7162499999999999 0.9025000000000001 0.7262500000000001 0.9099999999999999 0.7262500000000001 0.9099999999999999 0.7162499999999999
5 0.8775000000000001 0.23374999999999999 0.86 0.23374999999999999 0.86 0.24375 0.8775000000000001 0.24375 0.8775000000000001 0.23374999999999999
5 0.905 0.2425 0.89 0.2425 0.89 0.2525 0.905 0.2525 0.905 0.2425
5 0.75875 0.26 0.75125 0.26 0.75125 0.2725 0.75875 0.2725 0.75875 0.26
5 0.72375 0.33375 0.7162499999999999 0.33375 0.7162499999999999 0.34625 0.72375 0.34625 0.72375 0.33375
5 0.73375 0.27 0.7262500000000001 0.27 0.7262500000000001 0.28250000000000003 0.73375 0.28250000000000003 0.73375 0.27
5 0.875 0.68625 0.865 0.68625 0.865 0.69625 0.875 0.69625 0.875 0.68625
5 0.5650000000000001 0.72 0.5549999999999999 0.72 0.5549999999999999 0.735 0.5650000000000001 0.735 0.5650000000000001 0.72
5 0.7224999999999999 0.30125 0.7150000000000001 0.30125 0.7150000000000001 0.31124999999999997 0.7224999999999999 0.31124999999999997 0.7224999999999999 0.30125