5 1 0.205 0.9775 0.205 0.9775 0.22000000000000003 1 0.22000000000000003 1 0.205
5 0.99375 0.63125 0.98375 0.63125 0.98375 0.6537499999999999 0.99375 0.6537499999999999 0.99375 0.63125
5 0.9949999999999999 0.21749999999999997 0.975 0.21749999999999997 0.975 0.22749999999999998 0.9949999999999999 0.22749999999999998 0.9949999999999999 0.21749999999999997
5 0.30125 0.09625 0.28625 0.09625 0.28625 0.14125000000000001 0.30125 0.14125000000000001 0.30125 0.09625
5 0.38875000000000004 0.375 0.34625 0.375 0.34625 0.3875 0.38875000000000004 0.3875 0.38875000000000004 0.375
5 0.63625 0.34249999999999997 0.60375 0.34249999999999997 0.60375 0.355 0.63625 0.355 0.63625 0.34249999999999997
5 0.73375 0.315 0.70375 0.315 0.70375 0.32999999999999996 0.73375 0.32999999999999996 0.73375 0.315
5 0.9175000000000001 0.25 0.8925000000000001 0.25 0.8925000000000001 0.265 0.9175000000000001 0.265 0.9175000000000001 0.25
5 0.22999999999999998 0.6912499999999999 0.215 0.6912499999999999 0.215 0.7262500000000001 0.22999999999999998 0.7262500000000001 0.22999999999999998 0.6912499999999999
5 0.225 0.8262499999999999 0.2125 0.8262499999999999 0.2125 0.8637499999999999 0.225 0.8637499999999999 0.225 0.8262499999999999
5 0.25625 0.88375 0.24625 0.88375 0.24625 0.90625 0.25625 0.90625 0.25625 0.88375
5 0.72 0.7925 0.7075 0.7925 0.7075 0.8125 0.72 0.8125 0.72 0.7925
5 0 0.67875 0.0075 0.67875 0.0075 0.6637500000000001 0 0.6637500000000001 0 0.67875
5 0.10124999999999999 0.6275000000000001 0.09375 0.6275000000000001 0.09375 0.645 0.10124999999999999 0.645 0.10124999999999999 0.6275000000000001
5 0.026250000000000002 0.54875 0.01125 0.54875 0.01125 0.57125 0.026250000000000002 0.57125 0.026250000000000002 0.54875
5 0.42625 0.51 0.40875000000000006 0.51 0.40875000000000006 0.52 0.42625 0.52 0.42625 0.51
5 0.6587500000000001 0.615 0.64125 0.615 0.64125 0.625 0.6587500000000001 0.625 0.6587500000000001 0.615
5 0.4 0.385 0.38 0.385 0.38 0.39249999999999996 0.4 0.39249999999999996 0.4 0.385
5 0.45375 0.375 0.43125 0.375 0.43125 0.3875 0.45375 0.3875 0.45375 0.375
5 0.9550000000000001 0.8425 0.945 0.8425 0.945 0.8574999999999999 0.9550000000000001 0.8574999999999999 0.9550000000000001 0.8425
5 0.9112500000000001 0.8300000000000001 0.89875 0.8300000000000001 0.89875 0.845 0.9112500000000001 0.845 0.9112500000000001 0.8300000000000001
5 0.9 0.8300000000000001 0.89 0.8300000000000001 0.89 0.8474999999999999 0.9 0.8474999999999999 0.9 0.8300000000000001
5 0.97875 0.8487500000000001 0.95625 0.8487500000000001 0.95625 0.8612500000000001 0.97875 0.8612500000000001 0.97875 0.8487500000000001
5 0.79875 0.28375 0.77625 0.28375 0.77625 0.29874999999999996 0.79875 0.29874999999999996 0.79875 0.28375
5 0.7212500000000001 0.68875 0.7112499999999999 0.68875 0.7112499999999999 0.70375 0.7212500000000001 0.70375 0.7212500000000001 0.68875
5 0.30125 0.034999999999999996 0.29125 0.034999999999999996 0.29125 0.05500000000000001 0.30125 0.05500000000000001 0.30125 0.034999999999999996
5 0.23875000000000002 0.57625 0.22875 0.57625 0.22875 0.5912499999999999 0.23875000000000002 0.5912499999999999 0.23875000000000002 0.57625
5 0.24125000000000002 0.2225 0.22875 0.2225 0.22875 0.2375 0.24125000000000002 0.2375 0.24125000000000002 0.2225
5 0.57625 0.34375 0.55625 0.34375 0.55625 0.35375 0.57625 0.35375 0.57625 0.34375
5 0.865 0.21875 0.845 0.21875 0.845 0.23374999999999999 0.865 0.23374999999999999 0.865 0.21875
5 0.47375 0.6925 0.45875000000000005 0.6925 0.45875000000000005 0.71 0.47375 0.71 0.47375 0.6925
5 0.11000000000000001 0.54625 0.09 0.54625 0.09 0.55625 0.11000000000000001 0.55625 0.11000000000000001 0.54625
5 0.28875 0.06875 0.27625 0.06875 0.27625 0.08625000000000001 0.28875 0.08625000000000001 0.28875 0.06875
5 0.495 0.3125 0.47750000000000004 0.3125 0.47750000000000004 0.325 0.495 0.325 0.495 0.3125
5 0.24874999999999997 0.82875 0.23625 0.82875 0.23625 0.8462500000000001 0.24874999999999997 0.8462500000000001 0.24874999999999997 0.82875
5 0.2575 0.7775000000000001 0.2475 0.7775000000000001 0.2475 0.7975 0.2575 0.7975 0.2575 0.7775000000000001
5 0.3275 0.9237500000000001 0.315 0.9237500000000001 0.315 0.93875 0.3275 0.93875 0.3275 0.9237500000000001
5 0.85375 0.27125 0.83625 0.27125 0.83625 0.28125 0.85375 0.28125 0.85375 0.27125
5 0.65625 0.64125 0.64125 0.64125 0.64125 0.65125 0.65625 0.65125 0.65625 0.64125
5 0.7175 0.73125 0.705 0.73125 0.705 0.74875 0.7175 0.74875 0.7175 0.73125
5 0.23125 0 0.23125 0.013750000000000002 0.24125000000000002 0.013750000000000002 0.24125000000000002 0 0.23125 0
5 0.2725 0.8787499999999999 0.2575 0.8787499999999999 0.2575 0.9012499999999999 0.2725 0.9012499999999999 0.2725 0.8787499999999999
5 0.8637499999999999 0.25875 0.8462500000000001 0.25875 0.8462500000000001 0.26875 0.8637499999999999 0.26875 0.8637499999999999 0.25875
5 0.46875 0.70375 0.44875 0.70375 0.44875 0.7212500000000001 0.46875 0.7212500000000001 0.46875 0.70375
5 0.30625 0.0075 0.29375 0.0075 0.29375 0.0225 0.30625 0.0225 0.30625 0.0075
5 0.71 0.30375 0.6900000000000001 0.30375 0.6900000000000001 0.31625000000000003 0.71 0.31625000000000003 0.71 0.30375
5 0.6725 0.60875 0.6599999999999999 0.60875 0.6599999999999999 0.63125 0.6725 0.63125 0.6725 0.60875
5 0.7275 0.655 0.7150000000000001 0.655 0.7150000000000001 0.67 0.7275 0.67 0.7275 0.655
5 0.28500000000000003 0.11000000000000001 0.275 0.11000000000000001 0.275 0.1275 0.28500000000000003 0.1275 0.28500000000000003 0.11000000000000001
5 0.43375 0.37 0.41375 0.37 0.41375 0.38 0.43375 0.38 0.43375 0.37
5 0.20750000000000002 0.9775 0.1975 0.9775 0.1975 0.9949999999999999 0.20750000000000002 0.9949999999999999 0.20750000000000002 0.9775
5 0.8324999999999999 0.29125 0.8150000000000001 0.29125 0.8150000000000001 0.30375 0.8324999999999999 0.30375 0.8324999999999999 0.29125
5 0.845 0.2875 0.8300000000000001 0.2875 0.8300000000000001 0.3 0.845 0.3 0.845 0.2875
5 0.5175 0.70625 0.5 0.70625 0.5 0.7162499999999999 0.5175 0.7162499999999999 0.5175 0.70625
5 0.5599999999999999 0.71 0.5375 0.71 0.5375 0.725 0.5599999999999999 0.725 0.5599999999999999 0.71
5 0.2375 0.0675 0.22999999999999998 0.0675 0.22999999999999998 0.08499999999999999 0.2375 0.08499999999999999 0.2375 0.0675
5 0.2325 0.155 0.2225 0.155 0.2225 0.17250000000000001 0.2325 0.17250000000000001 0.2325 0.155
5 0.2375 0.5900000000000001 0.22999999999999998 0.5900000000000001 0.22999999999999998 0.605 0.2375 0.605 0.2375 0.5900000000000001
5 0.765 0.5775 0.7525000000000001 0.5775 0.7525000000000001 0.6 0.765 0.6 0.765 0.5775
5 0.46875 0.71875 0.45125000000000004 0.71875 0.45125000000000004 0.72875 0.46875 0.72875 0.46875 0.71875
5 0.265 1 0.265 0.9887499999999999 0.255 0.9887499999999999 0.255 1 0.265 1
5 0.22625 0.14750000000000002 0.20375000000000001 0.14750000000000002 0.20375000000000001 0.1575 0.22625 0.1575 0.22625 0.14750000000000002
5 0.3075 0.14875 0.2975 0.14875 0.2975 0.16875 0.3075 0.16875 0.3075 0.14875
5 0.32125 0.33625 0.30375 0.33625 0.30375 0.35375 0.32125 0.35375 0.32125 0.33625
5 0.31375000000000003 0.9574999999999999 0.29375 0.9574999999999999 0.29375 0.97 0.31375000000000003 0.97 0.31375000000000003 0.9574999999999999
5 0.515 0.34750000000000003 0.495 0.34750000000000003 0.495 0.35750000000000004 0.515 0.35750000000000004 0.515 0.34750000000000003
5 0.8787499999999999 0.265 0.85625 0.265 0.85625 0.27749999999999997 0.8787499999999999 0.27749999999999997 0.8787499999999999 0.265
5 0.8800000000000001 0.2375 0.8574999999999999 0.2375 0.8574999999999999 0.25 0.8800000000000001 0.25 0.8800000000000001 0.2375
5 0.69625 0.63375 0.67875 0.63375 0.67875 0.64625 0.69625 0.64625 0.69625 0.63375
5 0.11499999999999999 0.47125000000000006 0.10500000000000001 0.47125000000000006 0.10500000000000001 0.49124999999999996 0.11499999999999999 0.49124999999999996 0.11499999999999999 0.47125000000000006
5 0.31375000000000003 0.008749999999999999 0.30375 0.008749999999999999 0.30375 0.021249999999999998 0.31375000000000003 0.021249999999999998 0.31375000000000003 0.008749999999999999
5 0.24125000000000002 0.44749999999999995 0.23374999999999999 0.44749999999999995 0.23374999999999999 0.4625 0.24125000000000002 0.4625 0.24125000000000002 0.44749999999999995
5 0.22999999999999998 0.465 0.22000000000000003 0.465 0.22000000000000003 0.48250000000000004 0.22999999999999998 0.48250000000000004 0.22999999999999998 0.465
5 0.47375 0.6837500000000001 0.45875000000000005 0.6837500000000001 0.45875000000000005 0.69625 0.47375 0.69625 0.47375 0.6837500000000001
5 0.2375 0.4425 0.22749999999999998 0.4425 0.22749999999999998 0.45999999999999996 0.2375 0.45999999999999996 0.2375 0.4425
5 0.24125000000000002 0.495 0.22875 0.495 0.22875 0.52 0.24125000000000002 0.52 0.24125000000000002 0.495
5 0.25125000000000003 0.5 0.24125000000000002 0.5 0.24125000000000002 0.52 0.25125000000000003 0.52 0.25125000000000003 0.5
5 0.41125 0.3375 0.39375 0.3375 0.39375 0.34500000000000003 0.41125 0.34500000000000003 0.41125 0.3375
5 0.25125000000000003 0.5549999999999999 0.24125000000000002 0.5549999999999999 0.24125000000000002 0.575 0.25125000000000003 0.575 0.25125000000000003 0.5549999999999999
5 0.24 0.55625 0.22749999999999998 0.55625 0.22749999999999998 0.57625 0.24 0.57625 0.24 0.55625
5 0.11000000000000001 0.5337500000000001 0.09 0.5337500000000001 0.09 0.54375 0.11000000000000001 0.54375 0.11000000000000001 0.5337500000000001
5 0.2875 0.05 0.27749999999999997 0.05 0.27749999999999997 0.065 0.2875 0.065 0.2875 0.05
5 0.28250000000000003 0.19624999999999998 0.2725 0.19624999999999998 0.2725 0.21125 0.28250000000000003 0.21125 0.28250000000000003 0.19624999999999998
5 0.27999999999999997 0.7175 0.27 0.7175 0.27 0.73 0.27999999999999997 0.73 0.27999999999999997 0.7175
5 0.265 0.18625 0.2575 0.18625 0.2575 0.20125 0.265 0.20125 0.265 0.18625
5 0.29625 0.25 0.28625 0.25 0.28625 0.27 0.29625 0.27 0.29625 0.25
5 0.28125 0.29625 0.27125 0.29625 0.27125 0.31375000000000003 0.28125 0.31375000000000003 0.28125 0.29625
5 0.25375000000000003 0.74 0.24125000000000002 0.74 0.24125000000000002 0.76 0.25375000000000003 0.76 0.25375000000000003 0.74
5 0.28875 0.2225 0.28125 0.2225 0.28125 0.2375 0.28875 0.2375 0.28875 0.2225
5 0.1075 0.47000000000000003 0.095 0.47000000000000003 0.095 0.4925 0.1075 0.4925 0.1075 0.47000000000000003
5 0.23625 0.0875 0.21875 0.0875 0.21875 0.0975 0.23625 0.0975 0.23625 0.0875
5 0.23374999999999999 0.1275 0.22374999999999998 0.1275 0.22374999999999998 0.13999999999999999 0.23374999999999999 0.13999999999999999 0.23374999999999999 0.1275
5 0.25375000000000003 0.70875 0.24375 0.70875 0.24375 0.7212500000000001 0.25375000000000003 0.7212500000000001 0.25375000000000003 0.70875
5 0.7575000000000001 0.30625 0.7375 0.30625 0.7375 0.31875 0.7575000000000001 0.31875 0.7575000000000001 0.30625
5 0.44749999999999995 0.6925 0.4325 0.6925 0.4325 0.7125 0.44749999999999995 0.7125 0.44749999999999995 0.6925
5 0.51125 0.7212500000000001 0.49375 0.7212500000000001 0.49375 0.73375 0.51125 0.73375 0.51125 0.7212500000000001
5 0.08625000000000001 1 0.08625000000000001 0.99125 0.06625 0.99125 0.06625 1 0.08625000000000001 1
5 0.057499999999999996 0.3875 0.045 0.3875 0.045 0.40499999999999997 0.057499999999999996 0.40499999999999997 0.057499999999999996 0.3875
5 0.26 0.13874999999999998 0.2525 0.13874999999999998 0.2525 0.15125 0.26 0.15125 0.26 0.13874999999999998
5 0.26375000000000004 0.16375 0.25375000000000003 0.16375 0.25375000000000003 0.18375 0.26375000000000004 0.18375 0.26375000000000004 0.16375
5 0.27375 0.32125 0.26125 0.32125 0.26125 0.33875 0.27375 0.33875 0.27375 0.32125
5 0.2525 0.52 0.2425 0.52 0.2425 0.5349999999999999 0.2525 0.5349999999999999 0.2525 0.52
5 0.27999999999999997 0.6975 0.26749999999999996 0.6975 0.26749999999999996 0.7150000000000001 0.27999999999999997 0.7150000000000001 0.27999999999999997 0.6975
5 0.2225 0.95375 0.21000000000000002 0.95375 0.21000000000000002 0.9712500000000001 0.2225 0.9712500000000001 0.2225 0.95375
5 0.595 0.32999999999999996 0.5775 0.32999999999999996 0.5775 0.33999999999999997 0.595 0.33999999999999997 0.595 0.32999999999999996
5 0.97 0.23500000000000001 0.95 0.23500000000000001 0.95 0.25 0.97 0.25 0.97 0.23500000000000001
5 0.69875 0.64 0.67875 0.64 0.67875 0.6525000000000001 0.69875 0.6525000000000001 0.69875 0.64
5 0.7162499999999999 0.7150000000000001 0.70375 0.7150000000000001 0.70375 0.735 0.7162499999999999 0.735 0.7162499999999999 0.7150000000000001
5 0.05125 0.38125 0.03625 0.38125 0.03625 0.40374999999999994 0.05125 0.40374999999999994 0.05125 0.38125
5 0.08499999999999999 0.39 0.0775 0.39 0.0775 0.40750000000000003 0.08499999999999999 0.40750000000000003 0.08499999999999999 0.39
5 0.2125 0.09375 0.195 0.09375 0.195 0.10625 0.2125 0.10625 0.2125 0.09375
5 0.20750000000000002 0.1275 0.195 0.1275 0.195 0.14750000000000002 0.20750000000000002 0.14750000000000002 0.20750000000000002 0.1275
5 0.3025 0.29375 0.29 0.29375 0.29 0.31124999999999997 0.3025 0.31124999999999997 0.3025 0.29375
5 0.24874999999999997 0.5925 0.23875000000000002 0.5925 0.23875000000000002 0.61 0.24874999999999997 0.61 0.24874999999999997 0.5925
5 0.27375 0.9199999999999999 0.26125 0.9199999999999999 0.26125 0.9349999999999999 0.27375 0.9349999999999999 0.27375 0.9199999999999999
5 0.6599999999999999 0.31625000000000003 0.6425 0.31625000000000003 0.6425 0.32625000000000004 0.6599999999999999 0.32625000000000004 0.6599999999999999 0.31625000000000003
5 0.48125 0.67375 0.46125 0.67375 0.46125 0.68625 0.48125 0.68625 0.48125 0.67375
5 0.22625 0.15625 0.20625 0.15625 0.20625 0.16625 0.22625 0.16625 0.22625 0.15625
5 0.42750000000000005 0.3625 0.41500000000000004 0.3625 0.41500000000000004 0.37 0.42750000000000005 0.37 0.42750000000000005 0.3625
5 0.54875 0.33999999999999997 0.52625 0.33999999999999997 0.52625 0.3525 0.54875 0.3525 0.54875 0.33999999999999997
5 0.10500000000000001 0.525 0.0875 0.525 0.0875 0.5325 0.10500000000000001 0.5325 0.10500000000000001 0.525
5 0.30625 0.17124999999999999 0.29874999999999996 0.17124999999999999 0.29874999999999996 0.18875 0.30625 0.18875 0.30625 0.17124999999999999
5 0.575 0.31375000000000003 0.5575 0.31375000000000003 0.5575 0.32375 0.575 0.32375 0.575 0.31375000000000003
5 0.71 0.26875 0.6900000000000001 0.26875 0.6900000000000001 0.28125 0.71 0.28125 0.71 0.26875
5 0.7474999999999999 0.29874999999999996 0.73 0.29874999999999996 0.73 0.31124999999999997 0.7474999999999999 0.31124999999999997 0.7474999999999999 0.29874999999999996
5 0.52 0.7 0.49749999999999994 0.7 0.49749999999999994 0.71 0.52 0.71 0.52 0.7
5 0.11499999999999999 0.55 0.0925 0.55 0.0925 0.5650000000000001 0.11499999999999999 0.5650000000000001 0.11499999999999999 0.55
5 0.2575 0.20750000000000002 0.2475 0.20750000000000002 0.2475 0.22000000000000003 0.2575 0.22000000000000003 0.2575 0.20750000000000002
5 0.27999999999999997 0 0.27999999999999997 0.0125 0.2925 0.0125 0.2925 0 0.27999999999999997 0
5 0.28125 0.16875 0.27125 0.16875 0.27125 0.18875 0.28125 0.18875 0.28125 0.16875
5 0.3 0.31375000000000003 0.2875 0.31375000000000003 0.2875 0.33375 0.3 0.33375 0.3 0.31375000000000003
5 0.24125000000000002 0.40374999999999994 0.23125 0.40374999999999994 0.23125 0.42125 0.24125000000000002 0.42125 0.24125000000000002 0.40374999999999994
5 0.26875 0.495 0.25875 0.495 0.25875 0.5125 0.26875 0.5125 0.26875 0.495
5 0.2925 0.66875 0.27 0.66875 0.27 0.6837500000000001 0.2925 0.6837500000000001 0.2925 0.66875
5 0.37124999999999997 0.74375 0.35375 0.74375 0.35375 0.7537499999999999 0.37124999999999997 0.7537499999999999 0.37124999999999997 0.74375
5 0.6912499999999999 0.2725 0.66875 0.2725 0.66875 0.28500000000000003 0.6912499999999999 0.28500000000000003 0.6912499999999999 0.2725
5 0.6174999999999999 0.28125 0.6025 0.28125 0.6025 0.29375 0.6174999999999999 0.29375 0.6174999999999999 0.28125
5 0.73625 0.615 0.7162499999999999 0.615 0.7162499999999999 0.6325000000000001 0.73625 0.6325000000000001 0.73625 0.615
5 0.0675 0.39 0.05500000000000001 0.39 0.05500000000000001 0.40750000000000003 0.0675 0.40750000000000003 0.0675 0.39
5 0.29 0.008749999999999999 0.27999999999999997 0.008749999999999999 0.27999999999999997 0.026250000000000002 0.29 0.026250000000000002 0.29 0.008749999999999999
5 0.25 0.23374999999999999 0.24 0.23374999999999999 0.24 0.25625 0.25 0.25625 0.25 0.23374999999999999
5 0.27625 0.44749999999999995 0.26375000000000004 0.44749999999999995 0.26375000000000004 0.46749999999999997 0.27625 0.46749999999999997 0.27625 0.44749999999999995
5 0.2925 0.2925 0.28250000000000003 0.2925 0.28250000000000003 0.3125 0.2925 0.3125 0.2925 0.2925
5 0.4575 0.35750000000000004 0.43499999999999994 0.35750000000000004 0.43499999999999994 0.37 0.4575 0.37 0.4575 0.35750000000000004
5 0.22125 0.5900000000000001 0.21125 0.5900000000000001 0.21125 0.6075 0.22125 0.6075 0.22125 0.5900000000000001
5 0.27749999999999997 0.835 0.26 0.835 0.26 0.85 0.27749999999999997 0.85 0.27749999999999997 0.835
5 0.7625 0.2875 0.745 0.2875 0.745 0.3 0.7625 0.3 0.7625 0.2875
5 0.7787499999999999 0.3075 0.76125 0.3075 0.76125 0.32 0.7787499999999999 0.32 0.7787499999999999 0.3075
5 0.11125 0.54 0.08625000000000001 0.54 0.08625000000000001 0.55 0.11125 0.55 0.11125 0.54
5 0.09625 0.47000000000000003 0.08625000000000001 0.47000000000000003 0.08625000000000001 0.49000000000000005 0.09625 0.49000000000000005 0.09625 0.47000000000000003
5 0.2975 0.20375000000000001 0.29 0.20375000000000001 0.29 0.22125 0.2975 0.22125 0.2975 0.20375000000000001
5 0.2475 0.42000000000000004 0.2375 0.42000000000000004 0.2375 0.4375 0.2475 0.4375 0.2475 0.42000000000000004
5 0.3375 0.9237500000000001 0.325 0.9237500000000001 0.325 0.94375 0.3375 0.94375 0.3375 0.9237500000000001
5 0.34750000000000003 0.9262499999999999 0.335 0.9262499999999999 0.335 0.94625 0.34750000000000003 0.94625 0.34750000000000003 0.9262499999999999
5 0 0.39 0.02 0.39 0.02 0.375 0 0.375 0 0.39
5 0.34249999999999997 0.3775 0.3225 0.3775 0.3225 0.39249999999999996 0.34249999999999997 0.39249999999999996 0.34249999999999997 0.3775
5 0.24874999999999997 0.0675 0.23875000000000002 0.0675 0.23875000000000002 0.0875 0.24874999999999997 0.0875 0.24874999999999997 0.0675
5 0.24500000000000002 0.5349999999999999 0.23500000000000001 0.5349999999999999 0.23500000000000001 0.5549999999999999 0.24500000000000002 0.5549999999999999 0.24500000000000002 0.5349999999999999
5 0.27125 0.9025000000000001 0.26125 0.9025000000000001 0.26125 0.9199999999999999 0.27125 0.9199999999999999 0.27125 0.9025000000000001
5 0.63375 0.29874999999999996 0.61625 0.29874999999999996 0.61625 0.30874999999999997 0.63375 0.30874999999999997 0.63375 0.29874999999999996
5 0.79625 0.57625 0.7837500000000001 0.57625 0.7837500000000001 0.59875 0.79625 0.59875 0.79625 0.57625
5 0.30625 0 0.30625 0.01 0.31625000000000003 0.01 0.31625000000000003 0 0.30625 0
5 0.25 0.008749999999999999 0.24 0.008749999999999999 0.24 0.026250000000000002 0.25 0.026250000000000002 0.25 0.008749999999999999
5 0.305 0.07375000000000001 0.2975 0.07375000000000001 0.2975 0.09375 0.305 0.09375 0.305 0.07375000000000001
5 0.2475 0.1975 0.2375 0.1975 0.2375 0.2125 0.2475 0.2125 0.2475 0.1975
5 0.275 0.8550000000000001 0.26 0.8550000000000001 0.26 0.8775000000000001 0.275 0.8775000000000001 0.275 0.8550000000000001
5 0.35375 0.7424999999999999 0.33875 0.7424999999999999 0.33875 0.7525000000000001 0.35375 0.7525000000000001 0.35375 0.7424999999999999
5 0.2425 0.89875 0.22999999999999998 0.89875 0.22999999999999998 0.91625 0.2425 0.91625 0.2425 0.89875
5 0.5025000000000001 0.35750000000000004 0.48250000000000004 0.35750000000000004 0.48250000000000004 0.3675 0.5025000000000001 0.3675 0.5025000000000001 0.35750000000000004
5 0.8412499999999999 0.2625 0.8162499999999999 0.2625 0.8162499999999999 0.27749999999999997 0.8412499999999999 0.27749999999999997 0.8412499999999999 0.2625
5 0.73 0.64125 0.7150000000000001 0.64125 0.7150000000000001 0.6587500000000001 0.73 0.6587500000000001 0.73 0.64125
5 0.445 0.67125 0.4325 0.67125 0.4325 0.6912499999999999 0.445 0.6912499999999999 0.445 0.67125
5 0.32625000000000004 0.9400000000000001 0.31375000000000003 0.9400000000000001 0.31375000000000003 0.9525 0.32625000000000004 0.9525 0.32625000000000004 0.9400000000000001
5 0.6275000000000001 0.32875 0.6125 0.32875 0.6125 0.34125 0.6275000000000001 0.34125 0.6275000000000001 0.32875
5 0.2225 0.53125 0.2125 0.53125 0.2125 0.55125 0.2225 0.55125 0.2225 0.53125
5 0.34375 0.32875 0.32625000000000004 0.32875 0.32625000000000004 0.34375 0.34375 0.34375 0.34375 0.32875
5 0.48125 0.3525 0.46624999999999994 0.3525 0.46624999999999994 0.3625 0.48125 0.3625 0.48125 0.3525
5 0.35625 0.35375 0.33375 0.35375 0.33375 0.36124999999999996 0.35625 0.36124999999999996 0.35625 0.35375
5 0.22999999999999998 0.53625 0.2225 0.53625 0.2225 0.55375 0.22999999999999998 0.55375 0.22999999999999998 0.53625
5 0.255 0.5349999999999999 0.2425 0.5349999999999999 0.2425 0.5549999999999999 0.255 0.5549999999999999 0.255 0.5349999999999999
5 0.2475 0.5775 0.24 0.5775 0.24 0.595 0.2475 0.595 0.2475 0.5775
5 0.27125 0.93625 0.25875 0.93625 0.25875 0.95375 0.27125 0.95375 0.27125 0.93625
5 0.9425000000000001 0.2375 0.9225 0.2375 0.9225 0.2525 0.9425000000000001 0.2525 0.9425000000000001 0.2375
5 0.30874999999999997 0.041249999999999995 0.29874999999999996 0.041249999999999995 0.29874999999999996 0.058750000000000004 0.30874999999999997 0.058750000000000004 0.30874999999999997 0.041249999999999995
5 0.23374999999999999 0.13999999999999999 0.22374999999999998 0.13999999999999999 0.22374999999999998 0.155 0.23374999999999999 0.155 0.23374999999999999 0.13999999999999999
5 0.24500000000000002 0.14125000000000001 0.2325 0.14125000000000001 0.2325 0.16125 0.24500000000000002 0.16125 0.24500000000000002 0.14125000000000001
5 0.30625 0.21125 0.29874999999999996 0.21125 0.29874999999999996 0.22625 0.30625 0.22625 0.30625 0.21125
5 0.38375 0.35 0.36875 0.35 0.36875 0.36 0.38375 0.36 0.38375 0.35
5 0.35125 0.73375 0.32875 0.73375 0.32875 0.74125 0.35125 0.74125 0.35125 0.73375
5 0.6925 0.315 0.675 0.315 0.675 0.3275 0.6925 0.3275 0.6925 0.315
5 0.78125 0.57625 0.76875 0.57625 0.76875 0.5962500000000001 0.78125 0.5962500000000001 0.78125 0.57625
5 0.77125 0.57625 0.76125 0.57625 0.76125 0.59375 0.77125 0.59375 0.77125 0.57625
5 0.76 0.57625 0.745 0.57625 0.745 0.5962500000000001 0.76 0.5962500000000001 0.76 0.57625
5 0.24375 0.013750000000000002 0.23125 0.013750000000000002 0.23125 0.03125 0.24375 0.03125 0.24375 0.013750000000000002
5 0.77125 0.3025 0.75625 0.3025 0.75625 0.315 0.77125 0.315 0.77125 0.3025
5 0.8175000000000001 0.25625 0.8 0.25625 0.8 0.26875 0.8175000000000001 0.26875 0.8175000000000001 0.25625
5 0.81875 0.2725 0.79875 0.2725 0.79875 0.28500000000000003 0.81875 0.28500000000000003 0.81875 0.2725
5 0.76125 0.3125 0.74125 0.3125 0.74125 0.3225 0.76125 0.3225 0.76125 0.3125
5 0.10625 0.5075000000000001 0.08625000000000001 0.5075000000000001 0.08625000000000001 0.5175 0.10625 0.5175 0.10625 0.5075000000000001
5 0.36625 0.3825 0.34875 0.3825 0.34875 0.39 0.36625 0.39 0.36625 0.3825
5 0.8150000000000001 0.29375 0.795 0.29375 0.795 0.30625 0.8150000000000001 0.30625 0.8150000000000001 0.29375
5 0.2475 0.0375 0.23500000000000001 0.0375 0.23500000000000001 0.06 0.2475 0.06 0.2475 0.0375
5 0.28250000000000003 0.13874999999999998 0.2725 0.13874999999999998 0.2725 0.15875 0.28250000000000003 0.15875 0.28250000000000003 0.13874999999999998
5 0.28875 0.0875 0.27625 0.0875 0.27625 0.1075 0.28875 0.1075 0.28875 0.0875
5 0.2575 0.42125 0.2475 0.42125 0.2475 0.44125 0.2575 0.44125 0.2575 0.42125
5 0.4875 0.7025 0.4725 0.7025 0.4725 0.7224999999999999 0.4875 0.7224999999999999 0.4875 0.7025
5 0.41125 0.48624999999999996 0.39125 0.48624999999999996 0.39125 0.49625 0.41125 0.49625 0.41125 0.48624999999999996
5 0.25875 0.4425 0.24874999999999997 0.4425 0.24874999999999997 0.45999999999999996 0.25875 0.45999999999999996 0.25875 0.4425
5 0.2975 0.02 0.2875 0.02 0.2875 0.04 0.2975 0.04 0.2975 0.02
5 0.2125 0.10500000000000001 0.195 0.10500000000000001 0.195 0.1125 0.2125 0.1125 0.2125 0.10500000000000001
5 0.31124999999999997 0.31375000000000003 0.29874999999999996 0.31375000000000003 0.29874999999999996 0.33125 0.31124999999999997 0.33125 0.31124999999999997 0.31375000000000003
5 0.265 0.6325000000000001 0.2525 0.6325000000000001 0.2525 0.655 0.265 0.655 0.265 0.6325000000000001
5 0.28500000000000003 0.755 0.275 0.755 0.275 0.7725 0.28500000000000003 0.7725 0.28500000000000003 0.755
5 0.2425 1 0.2425 0.9800000000000001 0.22999999999999998 0.9800000000000001 0.22999999999999998 1 0.2425 1
5 0.29125 0.3525 0.27125 0.3525 0.27125 0.37 0.29125 0.37 0.29125 0.3525
5 0.54125 0.31375000000000003 0.5237499999999999 0.31375000000000003 0.5237499999999999 0.32625000000000004 0.54125 0.32625000000000004 0.54125 0.31375000000000003
5 0.7737499999999999 0.26875 0.75625 0.26875 0.75625 0.28375 0.7737499999999999 0.28375 0.7737499999999999 0.26875
5 0.9625 0.225 0.9400000000000001 0.225 0.9400000000000001 0.2425 0.9625 0.2425 0.9625 0.225
5 0.6525000000000001 0.63 0.63 0.63 0.63 0.6425 0.6525000000000001 0.6425 0.6525000000000001 0.63
5 0.51 0.73 0.4875 0.73 0.4875 0.74 0.51 0.74 0.51 0.73
5 0.12375 0.47000000000000003 0.11125 0.47000000000000003 0.11125 0.49000000000000005 0.12375 0.49000000000000005 0.12375 0.47000000000000003
5 0.24375 0.12375 0.23125 0.12375 0.23125 0.14125000000000001 0.24375 0.14125000000000001 0.24375 0.12375
5 0.23125 0.17124999999999999 0.22374999999999998 0.17124999999999999 0.22374999999999998 0.18375 0.23125 0.18375 0.23125 0.17124999999999999
5 0.30874999999999997 0.19125 0.29874999999999996 0.19125 0.29874999999999996 0.20625 0.30874999999999997 0.20625 0.30874999999999997 0.19125
5 0.31875 0.39625 0.29874999999999996 0.39625 0.29874999999999996 0.40625 0.31875 0.40625 0.31875 0.39625
5 0.2975 0.49124999999999996 0.28250000000000003 0.49124999999999996 0.28250000000000003 0.51125 0.2975 0.51125 0.2975 0.49124999999999996
5 0.22875 0.7837500000000001 0.21875 0.7837500000000001 0.21875 0.80375 0.22875 0.80375 0.22875 0.7837500000000001
5 0.50625 0.38 0.49375 0.38 0.49375 0.39249999999999996 0.50625 0.39249999999999996 0.50625 0.38
5 0.6625 0.65125 0.645 0.65125 0.645 0.6637500000000001 0.6625 0.6637500000000001 0.6625 0.65125
5 0.28875 0 0.28875 0.01125 0.30375 0.01125 0.30375 0 0.28875 0
5 0.31124999999999997 0.02375 0.30125 0.02375 0.30125 0.041249999999999995 0.31124999999999997 0.041249999999999995 0.31124999999999997 0.02375
5 0.21000000000000002 0.11125 0.1925 0.11125 0.1925 0.12125 0.21000000000000002 0.12125 0.21000000000000002 0.11125
5 0.22625 0.13874999999999998 0.20625 0.13874999999999998 0.20625 0.14875 0.22625 0.14875 0.22625 0.13874999999999998
5 0.265 0.22625 0.2525 0.22625 0.2525 0.24625 0.265 0.24625 0.265 0.22625
5 0.23125 0.63 0.22125 0.63 0.22125 0.6475 0.23125 0.6475 0.23125 0.63
5 0.28625 0.6275000000000001 0.27125 0.6275000000000001 0.27125 0.6475 0.28625 0.6475 0.28625 0.6275000000000001
5 0.29125 0.9412499999999999 0.27375 0.9412499999999999 0.27375 0.96125 0.29125 0.96125 0.29125 0.9412499999999999
5 0.1975 0.9650000000000001 0.1875 0.9650000000000001 0.1875 0.9800000000000001 0.1975 0.9800000000000001 0.1975 0.9650000000000001
5 0.835 0.27625 0.8125 0.27625 0.8125 0.28875 0.835 0.28875 0.835 0.27625
5 0.7112499999999999 0.7525000000000001 0.69875 0.7525000000000001 0.69875 0.77 0.7112499999999999 0.77 0.7112499999999999 0.7525000000000001
5 0.51625 0.7175 0.49625 0.7175 0.49625 0.725 0.51625 0.725 0.51625 0.7175
5 0.08875 0.5549999999999999 0.06625 0.5549999999999999 0.06625 0.5775 0.08875 0.5775 0.08875 0.5549999999999999