5 0.675 0.9487500000000001 0.6675 0.9487500000000001 0.6675 0.9637499999999999 0.675 0.9637499999999999 0.675 0.9487500000000001
5 0.71 0.8675 0.6950000000000001 0.8675 0.6950000000000001 0.885 0.71 0.885 0.71 0.8675
5 0.8387499999999999 0.1075 0.79625 0.1075 0.79625 0.12 0.8387499999999999 0.12 0.8387499999999999 0.1075
5 0.6799999999999999 0.42374999999999996 0.665 0.42374999999999996 0.665 0.45875000000000005 0.6799999999999999 0.45875000000000005 0.6799999999999999 0.42374999999999996
5 0.675 0.5587500000000001 0.6625 0.5587500000000001 0.6625 0.5962500000000001 0.675 0.5962500000000001 0.675 0.5587500000000001
5 0.70625 0.61625 0.69625 0.61625 0.69625 0.63875 0.70625 0.63875 0.70625 0.61625
5 0.54 0.75625 0.53 0.75625 0.53 0.77125 0.54 0.77125 0.54 0.75625
5 0.71375 0.775 0.70125 0.775 0.70125 0.79 0.71375 0.79 0.71375 0.775
5 0.6599999999999999 0.88125 0.6475 0.88125 0.6475 0.9012499999999999 0.6599999999999999 0.9012499999999999 0.6599999999999999 0.88125
5 0.08249999999999999 0.86625 0.0725 0.86625 0.0725 0.8887499999999999 0.08249999999999999 0.8887499999999999 0.08249999999999999 0.86625
5 0.0775 0.8675 0.0625 0.8675 0.0625 0.885 0.0775 0.885 0.0775 0.8675
5 0.05 0.86625 0.042499999999999996 0.86625 0.042499999999999996 0.88125 0.05 0.88125 0.05 0.86625
5 0.1525 0.87375 0.14750000000000002 0.87375 0.14750000000000002 0.89125 0.1525 0.89125 0.1525 0.87375
5 0.0325 0.88375 0.015 0.88375 0.015 0.8887499999999999 0.0325 0.8887499999999999 0.0325 0.88375
5 0.1675 0.8474999999999999 0.1525 0.8474999999999999 0.1525 0.8550000000000001 0.1675 0.8550000000000001 0.1675 0.8474999999999999
5 0.1825 0.8487500000000001 0.1625 0.8487500000000001 0.1625 0.85625 0.1825 0.85625 0.1825 0.8487500000000001
5 0.42874999999999996 0.54625 0.41375 0.54625 0.41375 0.55625 0.42874999999999996 0.55625 0.42874999999999996 0.54625
5 0.41125 0.54375 0.39125 0.54375 0.39125 0.55375 0.41125 0.55375 0.41125 0.54375
5 0.4575 0.39625 0.45 0.39625 0.45 0.41125 0.4575 0.41125 0.4575 0.39625
5 0.45125000000000004 0.3975 0.44125 0.3975 0.44125 0.41 0.45125000000000004 0.41 0.45125000000000004 0.3975
5 0.4325 0.3975 0.425 0.3975 0.425 0.41 0.4325 0.41 0.4325 0.3975
5 0.38 0.38875000000000004 0.37 0.38875000000000004 0.37 0.40625 0.38 0.40625 0.38 0.38875000000000004
5 0.55125 0.36 0.54375 0.36 0.54375 0.3775 0.55125 0.3775 0.55125 0.36
5 0.47625 0.28125 0.46125 0.28125 0.46125 0.30375 0.47625 0.30375 0.47625 0.28125
5 0.23374999999999999 0.07625 0.21625 0.07625 0.21625 0.08625000000000001 0.23374999999999999 0.08625000000000001 0.23374999999999999 0.07625
5 0.27875 0.09625 0.24625 0.09625 0.24625 0.10625 0.27875 0.10625 0.27875 0.09625
5 0.1125 0.09625 0.08499999999999999 0.09625 0.08499999999999999 0.10874999999999999 0.1125 0.10874999999999999 0.1125 0.09625
5 0.05375 0.135 0.04625 0.135 0.04625 0.15 0.05375 0.15 0.05375 0.135
5 0.2 0.07875 0.185 0.07875 0.185 0.08875 0.2 0.08875 0.2 0.07875
5 0 0.5425 0.005 0.5425 0.005 0.525 0 0.525 0 0.5425
5 0.15875 0.54125 0.14875 0.54125 0.14875 0.5587500000000001 0.15875 0.5587500000000001 0.15875 0.54125
5 0.1075 0.525 0.0925 0.525 0.0925 0.5375 0.1075 0.5375 0.1075 0.525
5 0.04 0.29 0.025 0.29 0.025 0.305 0.04 0.305 0.04 0.29
5 0.04375 0.39 0.03375 0.39 0.03375 0.4125 0.04375 0.4125 0.04375 0.39
5 0.15375 0.515 0.14375 0.515 0.14375 0.5275000000000001 0.15375 0.5275000000000001 0.15375 0.515
5 0.13125 0.585 0.12125 0.585 0.12125 0.6 0.13125 0.6 0.13125 0.585
5 0.87625 0.2425 0.85875 0.2425 0.85875 0.2525 0.87625 0.2525 0.87625 0.2425
5 0.85 0.11750000000000001 0.8300000000000001 0.11750000000000001 0.8300000000000001 0.125 0.85 0.125 0.85 0.11750000000000001
5 0.9037499999999999 0.1075 0.88125 0.1075 0.88125 0.12 0.9037499999999999 0.12 0.9037499999999999 0.1075
5 0.06999999999999999 0.5275000000000001 0.0625 0.5275000000000001 0.0625 0.5425 0.06999999999999999 0.5425 0.06999999999999999 0.5275000000000001
5 0.67625 0.8775000000000001 0.67125 0.8775000000000001 0.67125 0.8875 0.67625 0.8875 0.67625 0.8775000000000001
5 0.68875 0.30874999999999997 0.67875 0.30874999999999997 0.67875 0.32375 0.68875 0.32375 0.68875 0.30874999999999997
5 0.9237500000000001 0.425 0.9087500000000001 0.425 0.9087500000000001 0.4425 0.9237500000000001 0.4425 0.9237500000000001 0.425
5 0.33125 0.7112499999999999 0.32125 0.7112499999999999 0.32125 0.72875 0.33125 0.72875 0.33125 0.7112499999999999
5 0.13625 0.1125 0.12625 0.1125 0.12625 0.13 0.13625 0.13 0.13625 0.1125
5 0.5599999999999999 0.27875 0.54 0.27875 0.54 0.28875 0.5599999999999999 0.28875 0.5599999999999999 0.27875
5 0.27999999999999997 0.89 0.265 0.89 0.265 0.9099999999999999 0.27999999999999997 0.9099999999999999 0.27999999999999997 0.89
5 0.945 0.045 0.9275 0.045 0.9275 0.057499999999999996 0.945 0.057499999999999996 0.945 0.045
5 0.69875 0.56125 0.68625 0.56125 0.68625 0.57875 0.69875 0.57875 0.69875 0.56125
5 0.7075 0.51 0.6975 0.51 0.6975 0.53 0.7075 0.53 0.7075 0.51
5 0.7775000000000001 0.65625 0.765 0.65625 0.765 0.67125 0.7775000000000001 0.67125 0.7775000000000001 0.65625
5 0.2625 0.74375 0.255 0.74375 0.255 0.76125 0.2625 0.76125 0.2625 0.74375
5 0.27875 0.69625 0.26375000000000004 0.69625 0.26375000000000004 0.7212500000000001 0.27875 0.7212500000000001 0.27875 0.69625
5 0.08625000000000001 0.0675 0.07375000000000001 0.0675 0.07375000000000001 0.08499999999999999 0.08625000000000001 0.08499999999999999 0.08625000000000001 0.0675
5 0.26 0.08125 0.2425 0.08125 0.2425 0.09375 0.26 0.09375 0.26 0.08125
5 0.7224999999999999 0.61125 0.7075 0.61125 0.7075 0.63375 0.7224999999999999 0.63375 0.7224999999999999 0.61125
5 0.91875 0.43624999999999997 0.89875 0.43624999999999997 0.89875 0.45375 0.91875 0.45375 0.91875 0.43624999999999997
5 0.7175 0.74125 0.705 0.74125 0.705 0.76125 0.7175 0.76125 0.7175 0.74125
5 0.08375 0.52625 0.06875 0.52625 0.06875 0.54875 0.08375 0.54875 0.08375 0.52625
5 0.07125000000000001 0.14625 0.061250000000000006 0.14625 0.061250000000000006 0.17124999999999999 0.07125000000000001 0.17124999999999999 0.07125000000000001 0.14625
5 0.1775 0.8262499999999999 0.1675 0.8262499999999999 0.1675 0.85125 0.1775 0.85125 0.1775 0.8262499999999999
5 0.4325 0.11499999999999999 0.4175 0.11499999999999999 0.4175 0.1325 0.4325 0.1325 0.4325 0.11499999999999999
5 0.43499999999999994 0.2875 0.4225 0.2875 0.4225 0.3075 0.43499999999999994 0.3075 0.43499999999999994 0.2875
5 0.88375 0.1025 0.8637499999999999 0.1025 0.8637499999999999 0.1125 0.88375 0.1125 0.88375 0.1025
5 0.6575 0.71 0.6475 0.71 0.6475 0.7275 0.6575 0.7275 0.6575 0.71
5 0.9675 0.43875000000000003 0.95 0.43875000000000003 0.95 0.44875 0.9675 0.44875 0.9675 0.43875000000000003
5 1 0.4425 0.9875 0.4425 0.9875 0.4575 1 0.4575 1 0.4425
5 0.66625 0.7275 0.6537499999999999 0.7275 0.6537499999999999 0.7424999999999999 0.66625 0.7424999999999999 0.66625 0.7275
5 0.05625 0.8462500000000001 0.041249999999999995 0.8462500000000001 0.041249999999999995 0.85625 0.05625 0.85625 0.05625 0.8462500000000001
5 0.03 0.8237500000000001 0.0125 0.8237500000000001 0.0125 0.8412499999999999 0.03 0.8412499999999999 0.03 0.8237500000000001
5 0.6875 0.3225 0.6799999999999999 0.3225 0.6799999999999999 0.3375 0.6875 0.3375 0.6875 0.3225
5 0.91875 0.45125000000000004 0.9012499999999999 0.45125000000000004 0.9012499999999999 0.46125 0.91875 0.46125 0.91875 0.45125000000000004
5 0.7150000000000001 0.7212500000000001 0.705 0.7212500000000001 0.705 0.73625 0.7150000000000001 0.73625 0.7150000000000001 0.7212500000000001
5 0.04875 0.8825 0.03375 0.8825 0.03375 0.89 0.04875 0.89 0.04875 0.8825
5 0.155 0.11000000000000001 0.13999999999999999 0.11000000000000001 0.13999999999999999 0.13 0.155 0.13 0.155 0.11000000000000001
5 0.42750000000000005 0.8887499999999999 0.41500000000000004 0.8887499999999999 0.41500000000000004 0.9087500000000001 0.42750000000000005 0.9087500000000001 0.42750000000000005 0.8887499999999999
5 0.49375 0.89 0.48375 0.89 0.48375 0.905 0.49375 0.905 0.49375 0.89
5 0.77125 0.06875 0.7537499999999999 0.06875 0.7537499999999999 0.08625000000000001 0.77125 0.08625000000000001 0.77125 0.06875
5 0.76375 0.6900000000000001 0.74375 0.6900000000000001 0.74375 0.7025 0.76375 0.7025 0.76375 0.6900000000000001
5 0.9650000000000001 0.08 0.945 0.08 0.945 0.09 0.9650000000000001 0.09 0.9650000000000001 0.08
5 0.28375 0.7375 0.27375 0.7375 0.27375 0.76 0.28375 0.76 0.28375 0.7375
5 0.5650000000000001 0.20375000000000001 0.5549999999999999 0.20375000000000001 0.5549999999999999 0.22374999999999998 0.5650000000000001 0.22374999999999998 0.5650000000000001 0.20375000000000001
5 0.46875 0.885 0.45375 0.885 0.45375 0.9075 0.46875 0.9075 0.46875 0.885
5 0.6912499999999999 0.18 0.6837500000000001 0.18 0.6837500000000001 0.195 0.6912499999999999 0.195 0.6912499999999999 0.18
5 0.6799999999999999 0.1975 0.67 0.1975 0.67 0.215 0.6799999999999999 0.215 0.6799999999999999 0.1975
5 0.9237500000000001 0.41624999999999995 0.9087500000000001 0.41624999999999995 0.9087500000000001 0.42874999999999996 0.9237500000000001 0.42874999999999996 0.9237500000000001 0.41624999999999995
5 0.16875 0.8225 0.15625 0.8225 0.15625 0.8474999999999999 0.16875 0.8474999999999999 0.16875 0.8225
5 0.0925 0.8262499999999999 0.075 0.8262499999999999 0.075 0.8487500000000001 0.0925 0.8487500000000001 0.0925 0.8262499999999999
5 0.6875 0.175 0.6775 0.175 0.6775 0.1925 0.6875 0.1925 0.6875 0.175
5 0.6912499999999999 0.22749999999999998 0.67875 0.22749999999999998 0.67875 0.2525 0.6912499999999999 0.2525 0.6912499999999999 0.22749999999999998
5 0.70125 0.2325 0.6912499999999999 0.2325 0.6912499999999999 0.2525 0.70125 0.2525 0.70125 0.2325
5 0.8612500000000001 0.06999999999999999 0.84375 0.06999999999999999 0.84375 0.0775 0.8612500000000001 0.0775 0.8612500000000001 0.06999999999999999
5 0.70125 0.2875 0.6912499999999999 0.2875 0.6912499999999999 0.3075 0.70125 0.3075 0.70125 0.2875
5 0.6900000000000001 0.28875 0.6775 0.28875 0.6775 0.30874999999999997 0.6900000000000001 0.30874999999999997 0.6900000000000001 0.28875
5 0.6912499999999999 0.79375 0.67625 0.79375 0.67625 0.81375 0.6912499999999999 0.81375 0.6912499999999999 0.79375
5 0.052500000000000005 0.5549999999999999 0.0375 0.5549999999999999 0.0375 0.5725 0.052500000000000005 0.5725 0.052500000000000005 0.5549999999999999
5 0.45 0.1075 0.43 0.1075 0.43 0.11750000000000001 0.45 0.11750000000000001 0.45 0.1075
5 0.5599999999999999 0.26625 0.54 0.26625 0.54 0.27625 0.5599999999999999 0.27625 0.5599999999999999 0.26625
5 0.73 0.45 0.72 0.45 0.72 0.4625 0.73 0.4625 0.73 0.45
5 0.37 0.18875 0.36 0.18875 0.36 0.20875 0.37 0.20875 0.37 0.18875
5 0.48624999999999996 0.8887499999999999 0.47375 0.8887499999999999 0.47375 0.90625 0.48624999999999996 0.90625 0.48624999999999996 0.8887499999999999
5 0.5175 0.89875 0.49749999999999994 0.89875 0.49749999999999994 0.91875 0.5175 0.91875 0.5175 0.89875
5 0.73125 0.028749999999999998 0.7212500000000001 0.028749999999999998 0.7212500000000001 0.04625 0.73125 0.04625 0.73125 0.028749999999999998
5 0.70375 0.4725 0.6912499999999999 0.4725 0.6912499999999999 0.4925 0.70375 0.4925 0.70375 0.4725
5 0.0925 0.0675 0.08249999999999999 0.0675 0.08249999999999999 0.0875 0.0925 0.0875 0.0925 0.0675
5 0.10124999999999999 0.06625 0.08875 0.06625 0.08875 0.08625000000000001 0.10124999999999999 0.08625000000000001 0.10124999999999999 0.06625
5 0.11374999999999999 0.0725 0.09625 0.0725 0.09625 0.09 0.11374999999999999 0.09 0.11374999999999999 0.0725
5 0.5575 0.20249999999999999 0.545 0.20249999999999999 0.545 0.225 0.5575 0.225 0.5575 0.20249999999999999
5 0.70375 0.44125 0.69375 0.44125 0.69375 0.45375 0.70375 0.45375 0.70375 0.44125
5 0.8975 0.425 0.8825 0.425 0.8825 0.445 0.8975 0.445 0.8975 0.425
5 0.96125 0.45375 0.94375 0.45375 0.94375 0.46624999999999994 0.96125 0.46624999999999994 0.96125 0.45375
5 0.67125 0.7775000000000001 0.65625 0.7775000000000001 0.65625 0.7975 0.67125 0.7975 0.67125 0.7775000000000001
5 0.3225 0.69375 0.3075 0.69375 0.3075 0.71875 0.3225 0.71875 0.3225 0.69375
5 0.53625 0.72375 0.51625 0.72375 0.51625 0.73625 0.53625 0.73625 0.53625 0.72375
5 0.5075000000000001 0.12 0.495 0.12 0.495 0.1375 0.5075000000000001 0.1375 0.5075000000000001 0.12
5 0.72375 0.05375 0.7112499999999999 0.05375 0.7112499999999999 0.07125000000000001 0.72375 0.07125000000000001 0.72375 0.05375
5 0.7025 0.2525 0.6925 0.2525 0.6925 0.26749999999999996 0.7025 0.26749999999999996 0.7025 0.2525
5 0.73 0.43 0.7175 0.43 0.7175 0.44749999999999995 0.73 0.44749999999999995 0.73 0.43
5 0.6725 0.68625 0.6599999999999999 0.68625 0.6599999999999999 0.70375 0.6725 0.70375 0.6725 0.68625
5 0.17875000000000002 0.70375 0.15875 0.70375 0.15875 0.72875 0.17875000000000002 0.72875 0.17875000000000002 0.70375
5 0.0775 0.0675 0.065 0.0675 0.065 0.0875 0.0775 0.0875 0.0775 0.0675
5 0.50125 0.11374999999999999 0.48624999999999996 0.11374999999999999 0.48624999999999996 0.13625 0.50125 0.13625 0.50125 0.11374999999999999
5 0.4525 0.27999999999999997 0.44000000000000006 0.27999999999999997 0.44000000000000006 0.3 0.4525 0.3 0.4525 0.27999999999999997
5 0.5349999999999999 0.12250000000000001 0.5275000000000001 0.12250000000000001 0.5275000000000001 0.13999999999999999 0.5349999999999999 0.13999999999999999 0.5349999999999999 0.12250000000000001
5 0.34375 0.85625 0.32625000000000004 0.85625 0.32625000000000004 0.8712500000000001 0.34375 0.8712500000000001 0.34375 0.85625
5 0.7525000000000001 0.026250000000000002 0.74 0.026250000000000002 0.74 0.04375 0.7525000000000001 0.04375 0.7525000000000001 0.026250000000000002
5 0.69875 0.325 0.68875 0.325 0.68875 0.34249999999999997 0.69875 0.34249999999999997 0.69875 0.325
5 0.72375 0.6525000000000001 0.7112499999999999 0.6525000000000001 0.7112499999999999 0.6675 0.72375 0.6675 0.72375 0.6525000000000001
5 0.93125 0.40625 0.9112500000000001 0.40625 0.9112500000000001 0.41875 0.93125 0.41875 0.93125 0.40625
5 0.07125000000000001 0.81875 0.05625 0.81875 0.05625 0.83375 0.07125000000000001 0.83375 0.07125000000000001 0.81875
5 0.8775000000000001 0.095 0.865 0.095 0.865 0.1025 0.8775000000000001 0.1025 0.8775000000000001 0.095
5 0.99875 0.0725 0.97625 0.0725 0.97625 0.08499999999999999 0.99875 0.08499999999999999 0.99875 0.0725
5 0.4425 0.74 0.42750000000000005 0.74 0.42750000000000005 0.76 0.4425 0.76 0.4425 0.74
5 0 0.8387499999999999 0.01 0.8387499999999999 0.01 0.82125 0 0.82125 0 0.8387499999999999
5 0.5549999999999999 0.2575 0.5375 0.2575 0.5375 0.265 0.5549999999999999 0.265 0.5549999999999999 0.2575
5 0.41 0.5974999999999999 0.39249999999999996 0.5974999999999999 0.39249999999999996 0.6125 0.41 0.6125 0.41 0.5974999999999999
5 0.97 0.4325 0.9475 0.4325 0.9475 0.4425 0.97 0.4425 0.97 0.4325
5 0.5650000000000001 0.28250000000000003 0.5425 0.28250000000000003 0.5425 0.2975 0.5650000000000001 0.2975 0.5650000000000001 0.28250000000000003
5 0.75 0.04625 0.7375 0.04625 0.7375 0.06625 0.75 0.06625 0.75 0.04625
5 0.6912499999999999 0.13625 0.68125 0.13625 0.68125 0.15375 0.6912499999999999 0.15375 0.6912499999999999 0.13625
5 0.71875 0.22749999999999998 0.70875 0.22749999999999998 0.70875 0.24500000000000002 0.71875 0.24500000000000002 0.71875 0.22749999999999998
5 0.7424999999999999 0.40125 0.72 0.40125 0.72 0.41624999999999995 0.7424999999999999 0.41624999999999995 0.7424999999999999 0.40125
5 0.82125 0.47625 0.80375 0.47625 0.80375 0.48624999999999996 0.82125 0.48624999999999996 0.82125 0.47625
5 0.1875 0.7025 0.17250000000000001 0.7025 0.17250000000000001 0.725 0.1875 0.725 0.1875 0.7025
5 0.02375 0.5549999999999999 0.00375 0.5549999999999999 0.00375 0.5650000000000001 0.02375 0.5650000000000001 0.02375 0.5549999999999999
5 0.5175 0.12250000000000001 0.505 0.12250000000000001 0.505 0.13999999999999999 0.5175 0.13999999999999999 0.5175 0.12250000000000001
5 0.7262500000000001 0.18 0.71375 0.18 0.71375 0.2 0.7262500000000001 0.2 0.7262500000000001 0.18
5 0.7424999999999999 0.025 0.7325 0.025 0.7325 0.045 0.7424999999999999 0.045 0.7424999999999999 0.025
5 0.9075 0.09 0.885 0.09 0.885 0.1025 0.9075 0.1025 0.9075 0.09
5 0.67125 0.3225 0.66125 0.3225 0.66125 0.33999999999999997 0.67125 0.33999999999999997 0.67125 0.3225
5 0.27375 0.74125 0.26375000000000004 0.74125 0.26375000000000004 0.75875 0.27375 0.75875 0.27375 0.74125
5 0.03125 0.865 0.01625 0.865 0.01625 0.885 0.03125 0.885 0.03125 0.865
5 0.2875 0.8949999999999999 0.275 0.8949999999999999 0.275 0.915 0.2875 0.915 0.2875 0.8949999999999999
5 0.05 0.58 0.025 0.58 0.025 0.5925 0.05 0.5925 0.05 0.58
5 0.7275 0.5675 0.71 0.5675 0.71 0.5825 0.7275 0.5825 0.7275 0.5675
5 0.11875 0.07375000000000001 0.10625 0.07375000000000001 0.10625 0.09125 0.11875 0.09125 0.11875 0.07375000000000001
5 0.56125 0.2725 0.53625 0.2725 0.53625 0.28250000000000003 0.56125 0.28250000000000003 0.56125 0.2725
5 0.54625 0.20249999999999999 0.53625 0.20249999999999999 0.53625 0.2225 0.54625 0.2225 0.54625 0.20249999999999999
5 0.45499999999999996 0.885 0.4425 0.885 0.4425 0.9075 0.45499999999999996 0.9075 0.45499999999999996 0.885
5 0.6975 0.1525 0.6875 0.1525 0.6875 0.16999999999999998 0.6975 0.16999999999999998 0.6975 0.1525
5 0.7875 0.65625 0.775 0.65625 0.775 0.67625 0.7875 0.67625 0.7875 0.65625
5 0.7975 0.6587500000000001 0.7849999999999999 0.6587500000000001 0.7849999999999999 0.67875 0.7975 0.67875 0.7975 0.6587500000000001
5 0.01875 0.8637499999999999 0.008749999999999999 0.8637499999999999 0.008749999999999999 0.88125 0.01875 0.88125 0.01875 0.8637499999999999
5 0.47000000000000003 0.1075 0.44749999999999995 0.1075 0.44749999999999995 0.12250000000000001 0.47000000000000003 0.12250000000000001 0.47000000000000003 0.1075
5 0.28375 0.835 0.26875 0.835 0.26875 0.8574999999999999 0.28375 0.8574999999999999 0.28375 0.835
5 0.7925 0.11000000000000001 0.7725 0.11000000000000001 0.7725 0.125 0.7925 0.125 0.7925 0.11000000000000001
5 0.6950000000000001 0.26749999999999996 0.6849999999999999 0.26749999999999996 0.6849999999999999 0.2875 0.6950000000000001 0.2875 0.6950000000000001 0.26749999999999996
5 0.7212500000000001 0.635 0.7112499999999999 0.635 0.7112499999999999 0.6525000000000001 0.7212500000000001 0.6525000000000001 0.7212500000000001 0.635
5 0.125 0.8300000000000001 0.11499999999999999 0.8300000000000001 0.11499999999999999 0.85 0.125 0.85 0.125 0.8300000000000001
5 0.33999999999999997 0.88125 0.3275 0.88125 0.3275 0.9037499999999999 0.33999999999999997 0.9037499999999999 0.33999999999999997 0.88125
5 0.725 0.5875 0.71 0.5875 0.71 0.61 0.725 0.61 0.725 0.5875
5 0.80375 0.475 0.7887500000000001 0.475 0.7887500000000001 0.485 0.80375 0.485 0.80375 0.475
5 0.6925 0.63125 0.6799999999999999 0.63125 0.6799999999999999 0.6487499999999999 0.6925 0.6487499999999999 0.6925 0.63125
5 0.9525 0.09 0.9324999999999999 0.09 0.9324999999999999 0.1 0.9525 0.1 0.9525 0.09
5 0.8949999999999999 0.40374999999999994 0.8825 0.40374999999999994 0.8825 0.42374999999999996 0.8949999999999999 0.42374999999999996 0.8949999999999999 0.40374999999999994
5 0.52125 0.7474999999999999 0.50125 0.7474999999999999 0.50125 0.76 0.52125 0.76 0.52125 0.7474999999999999
5 0.30375 0.69875 0.28875 0.69875 0.28875 0.72375 0.30375 0.72375 0.30375 0.69875
5 0.15875 0.8275 0.14625 0.8275 0.14625 0.8474999999999999 0.15875 0.8474999999999999 0.15875 0.8275
5 0.135 0.83125 0.125 0.83125 0.125 0.85125 0.135 0.85125 0.135 0.83125
5 0 0.85625 0.013750000000000002 0.85625 0.013750000000000002 0.83625 0 0.83625 0 0.85625
5 0.77625 0.6725 0.76375 0.6725 0.76375 0.6849999999999999 0.77625 0.6849999999999999 0.77625 0.6725
5 0.125 0.1125 0.11750000000000001 0.1125 0.11750000000000001 0.1325 0.125 0.1325 0.125 0.1125
5 0.41 0.8825 0.3975 0.8825 0.3975 0.9075 0.41 0.9075 0.41 0.8825
5 0.6725 0.26375000000000004 0.6625 0.26375000000000004 0.6625 0.28375 0.6725 0.28375 0.6725 0.26375000000000004
5 0.79375 0.061250000000000006 0.77625 0.061250000000000006 0.77625 0.07625 0.79375 0.07625 0.79375 0.061250000000000006
5 0.93125 0.08499999999999999 0.91625 0.08499999999999999 0.91625 0.095 0.93125 0.095 0.93125 0.08499999999999999
5 0.80625 0.08625000000000001 0.7837500000000001 0.08625000000000001 0.7837500000000001 0.09375 0.80625 0.09375 0.80625 0.08625000000000001
5 0.6799999999999999 0.26875 0.6725 0.26875 0.6725 0.28625 0.6799999999999999 0.28625 0.6799999999999999 0.26875
5 0.705 0.26749999999999996 0.6925 0.26749999999999996 0.6925 0.2875 0.705 0.2875 0.705 0.26749999999999996
5 0.6975 0.31 0.6900000000000001 0.31 0.6900000000000001 0.3275 0.6975 0.3275 0.6975 0.31
5 0.7212500000000001 0.66875 0.70875 0.66875 0.70875 0.68625 0.7212500000000001 0.68625 0.7212500000000001 0.66875
5 0.4175 0.885 0.40750000000000003 0.885 0.40750000000000003 0.905 0.4175 0.905 0.4175 0.885
5 0.30125 0.89125 0.28625 0.89125 0.28625 0.9112500000000001 0.30125 0.9112500000000001 0.30125 0.89125
5 0.83375 0.08249999999999999 0.81875 0.08249999999999999 0.81875 0.0925 0.83375 0.0925 0.83375 0.08249999999999999
5 0.8012499999999999 0.46624999999999994 0.7787499999999999 0.46624999999999994 0.7787499999999999 0.47375 0.8012499999999999 0.47375 0.8012499999999999 0.46624999999999994
5 0.07125000000000001 0.0675 0.05625 0.0675 0.05625 0.09 0.07125000000000001 0.09 0.07125000000000001 0.0675
5 0.39875 0.27749999999999997 0.38625 0.27749999999999997 0.38625 0.3 0.39875 0.3 0.39875 0.27749999999999997
5 0 0.52625 0.0125 0.52625 0.0125 0.50625 0 0.50625 0 0.52625
5 0.3975 0.10500000000000001 0.38 0.10500000000000001 0.38 0.1125 0.3975 0.1125 0.3975 0.10500000000000001
5 0.3825 0.26749999999999996 0.36 0.26749999999999996 0.36 0.27749999999999997 0.3825 0.27749999999999997 0.3825 0.26749999999999996
5 0.55625 0.24 0.53625 0.24 0.53625 0.25 0.55625 0.25 0.55625 0.24
5 0.8162499999999999 0.11499999999999999 0.79875 0.11499999999999999 0.79875 0.12250000000000001 0.8162499999999999 0.12250000000000001 0.8162499999999999 0.11499999999999999
5 0.06625 0.55125 0.05375 0.55125 0.05375 0.57375 0.06625 0.57375 0.06625 0.55125
5 0.11374999999999999 0.11875 0.09875 0.11875 0.09875 0.14125000000000001 0.11374999999999999 0.14125000000000001 0.11374999999999999 0.11875
5 0.7075 0.15375 0.6975 0.15375 0.6975 0.17375000000000002 0.7075 0.17375000000000002 0.7075 0.15375
5 0.9375 0.43499999999999994 0.9225 0.43499999999999994 0.9225 0.45499999999999996 0.9375 0.45499999999999996 0.9375 0.43499999999999994
5 0.6799999999999999 0.8412499999999999 0.6675 0.8412499999999999 0.6675 0.85875 0.6799999999999999 0.85875 0.6799999999999999 0.8412499999999999
5 0.065 0.8012499999999999 0.0475 0.8012499999999999 0.0475 0.81375 0.065 0.81375 0.065 0.8012499999999999
5 0.03625 0.8387499999999999 0.021249999999999998 0.8387499999999999 0.021249999999999998 0.85875 0.03625 0.85875 0.03625 0.8387499999999999
5 0.8612500000000001 0.21875 0.8412499999999999 0.21875 0.8412499999999999 0.22875 0.8612500000000001 0.22875 0.8612500000000001 0.21875
5 0.4225 0.7424999999999999 0.40499999999999997 0.7424999999999999 0.40499999999999997 0.7575000000000001 0.4225 0.7575000000000001 0.4225 0.7424999999999999
5 0.38875000000000004 0.8787499999999999 0.37625000000000003 0.8787499999999999 0.37625000000000003 0.90625 0.38875000000000004 0.90625 0.38875000000000004 0.8787499999999999
5 0.375 0.8825 0.3625 0.8825 0.3625 0.9075 0.375 0.9075 0.375 0.8825
5 0.70875 0.175 0.69875 0.175 0.69875 0.1925 0.70875 0.1925 0.70875 0.175
5 0.355 0.8800000000000001 0.34249999999999997 0.8800000000000001 0.34249999999999997 0.9025000000000001 0.355 0.9025000000000001 0.355 0.8800000000000001
5 0.76125 0.04625 0.74875 0.04625 0.74875 0.06375 0.76125 0.06375 0.76125 0.04625
5 0.7150000000000001 0.365 0.7025 0.365 0.7025 0.3875 0.7150000000000001 0.3875 0.7150000000000001 0.365
5 0.735 0.4875 0.725 0.4875 0.725 0.505 0.735 0.505 0.735 0.4875
5 0.6925 0.7125 0.6799999999999999 0.7125 0.6799999999999999 0.7375 0.6925 0.7375 0.6925 0.7125
5 0.74125 0.08499999999999999 0.7212500000000001 0.08499999999999999 0.7212500000000001 0.1025 0.74125 0.1025 0.74125 0.08499999999999999
5 0.99125 0.04625 0.9737500000000001 0.04625 0.9737500000000001 0.058750000000000004 0.99125 0.058750000000000004 0.99125 0.04625
5 0.96 0.4625 0.9375 0.4625 0.9375 0.4725 0.96 0.4725 0.96 0.4625
5 0.18625 0.8300000000000001 0.17875000000000002 0.8300000000000001 0.17875000000000002 0.8474999999999999 0.18625 0.8474999999999999 0.18625 0.8300000000000001
5 0.57375 0.20249999999999999 0.56125 0.20249999999999999 0.56125 0.2225 0.57375 0.2225 0.57375 0.20249999999999999
5 0.76875 0.12875 0.74875 0.12875 0.74875 0.13874999999999998 0.76875 0.13874999999999998 0.76875 0.12875
5 0.7474999999999999 0.22374999999999998 0.7325 0.22374999999999998 0.7325 0.24375 0.7474999999999999 0.24375 0.7474999999999999 0.22374999999999998
5 0.67875 0.51625 0.66875 0.51625 0.66875 0.53625 0.67875 0.53625 0.67875 0.51625
5 0.95625 0.1125 0.94375 0.1125 0.94375 0.125 0.95625 0.125 0.95625 0.1125
5 0.3625 0.8825 0.3525 0.8825 0.3525 0.9 0.3625 0.9 0.3625 0.8825
5 0.68125 0.3625 0.67125 0.3625 0.67125 0.38 0.68125 0.38 0.68125 0.3625
5 0.73625 0.36 0.7212500000000001 0.36 0.7212500000000001 0.38 0.73625 0.38 0.73625 0.36
5 0.74125 0.67375 0.72375 0.67375 0.72375 0.69375 0.74125 0.69375 0.74125 0.67375
5 0.6475 0.6975 0.6375 0.6975 0.6375 0.7125 0.6475 0.7125 0.6475 0.6975
5 0.9662499999999999 0.45 0.94625 0.45 0.94625 0.4575 0.9662499999999999 0.4575 0.9662499999999999 0.45
5 0.2875 0.6975 0.275 0.6975 0.275 0.72 0.2875 0.72 0.2875 0.6975
5 0.385 0.18625 0.37 0.18625 0.37 0.21125 0.385 0.21125 0.385 0.18625
5 0.5387500000000001 0.2875 0.51625 0.2875 0.51625 0.31 0.5387500000000001 0.31 0.5387500000000001 0.2875
5 0.30125 0.835 0.28375 0.835 0.28375 0.85 0.30125 0.85 0.30125 0.835