5 0.91375 0.40125 0.89375 0.40125 0.89375 0.41125 0.91375 0.41125 0.91375 0.40125
5 0.135 0.33875 0.13 0.33875 0.13 0.35375 0.135 0.35375 0.135 0.33875
5 0.9225 0.42374999999999996 0.905 0.42374999999999996 0.905 0.42874999999999996 0.9225 0.42874999999999996 0.9225 0.42374999999999996
5 0.13625 0.39249999999999996 0.12625 0.39249999999999996 0.12625 0.40750000000000003 0.13625 0.40750000000000003 0.13625 0.39249999999999996
5 0.9337500000000001 0.68125 0.92875 0.68125 0.92875 0.69375 0.9337500000000001 0.69375 0.9337500000000001 0.68125
5 0.135 0.36 0.1275 0.36 0.1275 0.3725 0.135 0.3725 0.135 0.36
5 0.13874999999999998 0.41125 0.12625 0.41125 0.12625 0.42625 0.13874999999999998 0.42625 0.13874999999999998 0.41125
5 0.41500000000000004 0.4375 0.41 0.4375 0.41 0.45 0.41500000000000004 0.45 0.41500000000000004 0.4375
5 0.17124999999999999 0.39 0.15375 0.39 0.15375 0.3975 0.17124999999999999 0.3975 0.17124999999999999 0.39
5 0.48250000000000004 0.22000000000000003 0.475 0.22000000000000003 0.475 0.2325 0.48250000000000004 0.2325 0.48250000000000004 0.22000000000000003
5 0.9237500000000001 0.43125 0.9087500000000001 0.43125 0.9087500000000001 0.43875000000000003 0.9237500000000001 0.43875000000000003 0.9237500000000001 0.43125
5 0.92125 0.41500000000000004 0.9012499999999999 0.41500000000000004 0.9012499999999999 0.42000000000000004 0.92125 0.42000000000000004 0.92125 0.41500000000000004
5 0.925 0.4425 0.9099999999999999 0.4425 0.9099999999999999 0.445 0.925 0.445 0.925 0.4425
5 0.47625 0.2625 0.46624999999999994 0.2625 0.46624999999999994 0.275 0.47625 0.275 0.47625 0.2625
5 0.19375 0.27375 0.18625 0.27375 0.18625 0.27875 0.19375 0.27875 0.19375 0.27375
5 0.8412499999999999 0.27 0.8262499999999999 0.27 0.8262499999999999 0.28250000000000003 0.8412499999999999 0.28250000000000003 0.8412499999999999 0.27
5 0.7875 0.20249999999999999 0.775 0.20249999999999999 0.775 0.215 0.7875 0.215 0.7875 0.20249999999999999
5 0.93625 0.505 0.9112500000000001 0.505 0.9112500000000001 0.5175 0.93625 0.5175 0.93625 0.505
5 0.6875 0.03375 0.6775 0.03375 0.6775 0.04375 0.6875 0.04375 0.6875 0.03375
5 0.12875 0.48875 0.12125 0.48875 0.12125 0.50125 0.12875 0.50125 0.12875 0.48875
5 0.10625 0.365 0.09125 0.365 0.09125 0.375 0.10625 0.375 0.10625 0.365
5 0.9225 0.44749999999999995 0.9099999999999999 0.44749999999999995 0.9099999999999999 0.4525 0.9225 0.4525 0.9225 0.44749999999999995
5 0.3625 0.6599999999999999 0.34750000000000003 0.6599999999999999 0.34750000000000003 0.6775 0.3625 0.6775 0.3625 0.6599999999999999
5 0.6900000000000001 0.017499999999999998 0.6775 0.017499999999999998 0.6775 0.03 0.6900000000000001 0.03 0.6900000000000001 0.017499999999999998
5 0.1875 0.6287499999999999 0.17250000000000001 0.6287499999999999 0.17250000000000001 0.64125 0.1875 0.64125 0.1875 0.6287499999999999
5 0.20249999999999999 0.63375 0.1875 0.63375 0.1875 0.64125 0.20249999999999999 0.64125 0.20249999999999999 0.63375
5 0.3825 0.63 0.37 0.63 0.37 0.6425 0.3825 0.6425 0.3825 0.63
5 0.21375000000000002 0.635 0.19875 0.635 0.19875 0.6475 0.21375000000000002 0.6475 0.21375000000000002 0.635
5 0.25125000000000003 0.64125 0.23625 0.64125 0.23625 0.6537499999999999 0.25125000000000003 0.6537499999999999 0.25125000000000003 0.64125
5 0.85125 0.98125 0.8387499999999999 0.98125 0.8387499999999999 0.99875 0.85125 0.99875 0.85125 0.98125
5 0.4175 0.635 0.40499999999999997 0.635 0.40499999999999997 0.655 0.4175 0.655 0.4175 0.635
5 0.43 0.67 0.40750000000000003 0.67 0.40750000000000003 0.6799999999999999 0.43 0.6799999999999999 0.43 0.67
5 0.31 0.6525000000000001 0.2925 0.6525000000000001 0.2925 0.6675 0.31 0.6675 0.31 0.6525000000000001
5 0.40625 0.6325000000000001 0.38625 0.6325000000000001 0.38625 0.6525000000000001 0.40625 0.6525000000000001 0.40625 0.6325000000000001
5 0.355 0.7787499999999999 0.33999999999999997 0.7787499999999999 0.33999999999999997 0.79875 0.355 0.79875 0.355 0.7787499999999999
5 0.34875 0.6575 0.32625000000000004 0.6575 0.32625000000000004 0.6725 0.34875 0.6725 0.34875 0.6575