5 0.45625 0.5225 0.43875000000000003 0.5225 0.43875000000000003 0.5349999999999999 0.45625 0.5349999999999999 0.45625 0.5225
5 0.24 0.83625 0.22999999999999998 0.83625 0.22999999999999998 0.85125 0.24 0.85125 0.24 0.83625
5 0.22125 0.7625 0.19624999999999998 0.7625 0.19624999999999998 0.8025 0.22125 0.8025 0.22125 0.7625
5 0.21875 0.8012499999999999 0.19624999999999998 0.8012499999999999 0.19624999999999998 0.81375 0.21875 0.81375 0.21875 0.8012499999999999
5 0.2125 0.58 0.20249999999999999 0.58 0.20249999999999999 0.5900000000000001 0.2125 0.5900000000000001 0.2125 0.58
5 0.875 0.9550000000000001 0.8574999999999999 0.9550000000000001 0.8574999999999999 0.9625 0.875 0.9625 0.875 0.9550000000000001
5 0.88125 0.9375 0.8637499999999999 0.9375 0.8637499999999999 0.9475 0.88125 0.9475 0.88125 0.9375
5 1 0.9637499999999999 0.9824999999999999 0.9637499999999999 0.9824999999999999 0.9712500000000001 1 0.9712500000000001 1 0.9637499999999999
5 0.8150000000000001 0.9525 0.7849999999999999 0.9525 0.7849999999999999 0.9650000000000001 0.8150000000000001 0.9650000000000001 0.8150000000000001 0.9525
5 0.6837500000000001 0.9775 0.66875 0.9775 0.66875 0.985 0.6837500000000001 0.985 0.6837500000000001 0.9775
5 0.67375 1 0.67375 0.99125 0.65625 0.99125 0.65625 1 0.67375 1
5 0.5625 0.9400000000000001 0.54 0.9400000000000001 0.54 0.9525 0.5625 0.9525 0.5625 0.9400000000000001
5 0.63375 0.83125 0.61625 0.83125 0.61625 0.8412499999999999 0.63375 0.8412499999999999 0.63375 0.83125
5 0.16875 0.96 0.14375 0.96 0.14375 0.97 0.16875 0.97 0.16875 0.96
5 0.21375000000000002 0.8675 0.19624999999999998 0.8675 0.19624999999999998 0.875 0.21375000000000002 0.875 0.21375000000000002 0.8675
5 0.2725 0.875 0.26 0.875 0.26 0.8825 0.2725 0.8825 0.2725 0.875
5 0.2125 0.8775000000000001 0.1975 0.8775000000000001 0.1975 0.885 0.2125 0.885 0.2125 0.8775000000000001
5 0.22999999999999998 0.675 0.215 0.675 0.215 0.7 0.22999999999999998 0.7 0.22999999999999998 0.675
5 0.24125000000000002 0.67375 0.22875 0.67375 0.22875 0.7112499999999999 0.24125000000000002 0.7112499999999999 0.24125000000000002 0.67375
5 0.2225 0.64625 0.215 0.64625 0.215 0.6637500000000001 0.2225 0.6637500000000001 0.2225 0.64625
5 0.22125 0.50125 0.20875 0.50125 0.20875 0.52125 0.22125 0.52125 0.22125 0.50125
5 0.21000000000000002 0.475 0.1875 0.475 0.1875 0.5 0.21000000000000002 0.5 0.21000000000000002 0.475
5 0.9112500000000001 0.86 0.88375 0.86 0.88375 0.8724999999999999 0.9112500000000001 0.8724999999999999 0.9112500000000001 0.86
5 0.635 0.97 0.615 0.97 0.615 0.9800000000000001 0.635 0.9800000000000001 0.635 0.97
5 0.46125 0.8025 0.45375 0.8025 0.45375 0.8175000000000001 0.46125 0.8175000000000001 0.46125 0.8025
5 0.6925 0.8025 0.6675 0.8025 0.6675 0.8125 0.6925 0.8125 0.6925 0.8025
5 0.27749999999999997 0.86875 0.2625 0.86875 0.2625 0.87625 0.27749999999999997 0.87625 0.27749999999999997 0.86875
5 0.1 0.55 0.0775 0.55 0.0775 0.5625 0.1 0.5625 0.1 0.55
5 0.7575000000000001 0.96875 0.7375 0.96875 0.7375 0.98125 0.7575000000000001 0.98125 0.7575000000000001 0.96875
5 0.73 0.9637499999999999 0.6975 0.9637499999999999 0.6975 0.9737500000000001 0.73 0.9737500000000001 0.73 0.9637499999999999
5 0.72875 0.97875 0.70625 0.97875 0.70625 0.99125 0.72875 0.99125 0.72875 0.97875
5 0.21375000000000002 0.975 0.19125 0.975 0.19125 0.9824999999999999 0.21375000000000002 0.9824999999999999 0.21375000000000002 0.975
5 0.25 0.9099999999999999 0.215 0.9099999999999999 0.215 0.945 0.25 0.945 0.25 0.9099999999999999
5 0.02 0.5700000000000001 0.005 0.5700000000000001 0.005 0.5900000000000001 0.02 0.5900000000000001 0.02 0.5700000000000001
5 0.09625 0.25625 0.07625 0.25625 0.07625 0.27125 0.09625 0.27125 0.09625 0.25625
5 0.8925000000000001 0.6025 0.8724999999999999 0.6025 0.8724999999999999 0.615 0.8925000000000001 0.615 0.8925000000000001 0.6025
5 0.705 0.9475 0.6825 0.9475 0.6825 0.9574999999999999 0.705 0.9574999999999999 0.705 0.9475
5 0.5475 0.79 0.5375 0.79 0.5375 0.8074999999999999 0.5475 0.8074999999999999 0.5475 0.79
5 0.34500000000000003 1 0.34500000000000003 0.99 0.325 0.99 0.325 1 0.34500000000000003 1
5 0.20750000000000002 0.89375 0.19 0.89375 0.19 0.9087500000000001 0.20750000000000002 0.9087500000000001 0.20750000000000002 0.89375
5 0.17375000000000002 0.55 0.16125 0.55 0.16125 0.5650000000000001 0.17375000000000002 0.5650000000000001 0.17375000000000002 0.55
5 0.73125 0.9225 0.7162499999999999 0.9225 0.7162499999999999 0.93 0.73125 0.93 0.73125 0.9225
5 0.35125 0.9175000000000001 0.32375 0.9175000000000001 0.32375 0.9324999999999999 0.35125 0.9324999999999999 0.35125 0.9175000000000001
5 0.93625 0.9037499999999999 0.91625 0.9037499999999999 0.91625 0.9112500000000001 0.93625 0.9112500000000001 0.93625 0.9037499999999999
5 0.7125 0.9112500000000001 0.6950000000000001 0.9112500000000001 0.6950000000000001 0.91875 0.7125 0.91875 0.7125 0.9112500000000001
5 0.10124999999999999 0.23125 0.08875 0.23125 0.08875 0.24874999999999997 0.10124999999999999 0.24874999999999997 0.10124999999999999 0.23125
5 0.78 0.46125 0.77 0.46125 0.77 0.48125 0.78 0.48125 0.78 0.46125
5 0.8425 0.57375 0.8225 0.57375 0.8225 0.5862499999999999 0.8425 0.5862499999999999 0.8425 0.57375
5 0.60875 0.98375 0.58875 0.98375 0.58875 0.99125 0.60875 0.99125 0.60875 0.98375
5 0.29625 0.8724999999999999 0.28125 0.8724999999999999 0.28125 0.885 0.29625 0.885 0.29625 0.8724999999999999
5 0.8375 0.82125 0.8175000000000001 0.82125 0.8175000000000001 0.83375 0.8375 0.83375 0.8375 0.82125
5 1 0.76 0.97875 0.76 0.97875 0.77 1 0.77 1 0.76
5 0.1275 0.3775 0.1125 0.3775 0.1125 0.3975 0.1275 0.3975 0.1275 0.3775
5 0.23500000000000001 0.6174999999999999 0.2225 0.6174999999999999 0.2225 0.64 0.23500000000000001 0.64 0.23500000000000001 0.6174999999999999
5 0.77 0.93625 0.7474999999999999 0.93625 0.7474999999999999 0.94625 0.77 0.94625 0.77 0.93625
5 0.45375 0.80375 0.43875000000000003 0.80375 0.43875000000000003 0.81375 0.45375 0.81375 0.45375 0.80375
5 0.63375 0.91375 0.61375 0.91375 0.61375 0.9237500000000001 0.63375 0.9237500000000001 0.63375 0.91375
5 0.07375000000000001 0.96 0.05125 0.96 0.05125 0.9724999999999999 0.07375000000000001 0.9724999999999999 0.07375000000000001 0.96
5 0.7725 0.9475 0.7525000000000001 0.9475 0.7525000000000001 0.9550000000000001 0.7725 0.9550000000000001 0.7725 0.9475
5 0.49749999999999994 0.795 0.49000000000000005 0.795 0.49000000000000005 0.8175000000000001 0.49749999999999994 0.8175000000000001 0.49749999999999994 0.795
5 0.46749999999999997 0.8887499999999999 0.445 0.8887499999999999 0.445 0.89875 0.46749999999999997 0.89875 0.46749999999999997 0.8887499999999999
5 0.4625 0.8324999999999999 0.4425 0.8324999999999999 0.4425 0.8425 0.4625 0.8425 0.4625 0.8324999999999999
5 0.7462500000000001 0.47125000000000006 0.73875 0.47125000000000006 0.73875 0.48875 0.7462500000000001 0.48875 0.7462500000000001 0.47125000000000006
5 0.8275 0.6287499999999999 0.8099999999999999 0.6287499999999999 0.8099999999999999 0.63875 0.8275 0.63875 0.8275 0.6287499999999999
5 0.47874999999999995 0.795 0.47125000000000006 0.795 0.47125000000000006 0.8150000000000001 0.47874999999999995 0.8150000000000001 0.47874999999999995 0.795
5 0.8550000000000001 0.89875 0.8375 0.89875 0.8375 0.9087500000000001 0.8550000000000001 0.9087500000000001 0.8550000000000001 0.89875
5 0.5974999999999999 0.865 0.58 0.865 0.58 0.8724999999999999 0.5974999999999999 0.8724999999999999 0.5974999999999999 0.865
5 0.47750000000000004 1 0.47750000000000004 0.99125 0.4575 0.99125 0.4575 1 0.47750000000000004 1
5 0.4025 0.9625 0.3825 0.9625 0.3825 0.9724999999999999 0.4025 0.9724999999999999 0.4025 0.9625
5 0.72875 0.4725 0.7212500000000001 0.4725 0.7212500000000001 0.49000000000000005 0.72875 0.49000000000000005 0.72875 0.4725
5 0.5725 0.7875 0.5625 0.7875 0.5625 0.805 0.5725 0.805 0.5725 0.7875
5 0.6900000000000001 0.96125 0.6675 0.96125 0.6675 0.96875 0.6900000000000001 0.96875 0.6900000000000001 0.96125
5 0.5575 0.79 0.5475 0.79 0.5475 0.8074999999999999 0.5575 0.8074999999999999 0.5575 0.79
5 0.21125 0.6525000000000001 0.19125 0.6525000000000001 0.19125 0.6625 0.21125 0.6625 0.21125 0.6525000000000001
5 0.705 0.475 0.6950000000000001 0.475 0.6950000000000001 0.5 0.705 0.5 0.705 0.475
5 0.7112499999999999 0.47625 0.70125 0.47625 0.70125 0.49625 0.7112499999999999 0.49625 0.7112499999999999 0.47625
5 0.9675 0.91375 0.95 0.91375 0.95 0.9237500000000001 0.9675 0.9237500000000001 0.9675 0.91375
5 0.9037499999999999 0.945 0.8862500000000001 0.945 0.8862500000000001 0.9550000000000001 0.9037499999999999 0.9550000000000001 0.9037499999999999 0.945
5 0.7375 0.47125000000000006 0.73 0.47125000000000006 0.73 0.48875 0.7375 0.48875 0.7375 0.47125000000000006
5 0.9512499999999999 0.9087500000000001 0.9337500000000001 0.9087500000000001 0.9337500000000001 0.92125 0.9512499999999999 0.92125 0.9512499999999999 0.9087500000000001
5 0.8375 0.7925 0.8150000000000001 0.7925 0.8150000000000001 0.805 0.8375 0.805 0.8375 0.7925
5 0.22999999999999998 0.7424999999999999 0.215 0.7424999999999999 0.215 0.7675 0.22999999999999998 0.7675 0.22999999999999998 0.7424999999999999
5 0.48624999999999996 0.83625 0.46125 0.83625 0.46125 0.85125 0.48624999999999996 0.85125 0.48624999999999996 0.83625
5 0.76375 0.46749999999999997 0.7537499999999999 0.46749999999999997 0.7537499999999999 0.48250000000000004 0.76375 0.48250000000000004 0.76375 0.46749999999999997
5 0.9875 0.9037499999999999 0.97 0.9037499999999999 0.97 0.91375 0.9875 0.91375 0.9875 0.9037499999999999
5 0.7325 0.9512499999999999 0.71 0.9512499999999999 0.71 0.96125 0.7325 0.96125 0.7325 0.9512499999999999
5 0.89125 0.9112500000000001 0.87375 0.9112500000000001 0.87375 0.92125 0.89125 0.92125 0.89125 0.9112500000000001
5 0.8574999999999999 0.7675 0.8400000000000001 0.7675 0.8400000000000001 0.78 0.8574999999999999 0.78 0.8574999999999999 0.7675
5 0.50875 0.79375 0.49874999999999997 0.79375 0.49874999999999997 0.8162499999999999 0.50875 0.8162499999999999 0.50875 0.79375
5 0.89 0.88125 0.8699999999999999 0.88125 0.8699999999999999 0.89125 0.89 0.89125 0.89 0.88125
5 0.9525 0.9349999999999999 0.9349999999999999 0.9349999999999999 0.9349999999999999 0.9425000000000001 0.9525 0.9425000000000001 0.9525 0.9349999999999999
5 0.05500000000000001 0.9275 0.034999999999999996 0.9275 0.034999999999999996 0.945 0.05500000000000001 0.945 0.05500000000000001 0.9275
5 0.1625 0.53 0.15 0.53 0.15 0.545 0.1625 0.545 0.1625 0.53
5 0.49124999999999996 0.7975 0.48125 0.7975 0.48125 0.8150000000000001 0.49124999999999996 0.8150000000000001 0.49124999999999996 0.7975
5 0.5225 0.79625 0.5125 0.79625 0.5125 0.8162499999999999 0.5225 0.8162499999999999 0.5225 0.79625
5 0.9125 0.8887499999999999 0.8925000000000001 0.8887499999999999 0.8925000000000001 0.89875 0.9125 0.89875 0.9125 0.8887499999999999
5 0.6224999999999999 0.9637499999999999 0.6 0.9637499999999999 0.6 0.9737500000000001 0.6224999999999999 0.9737500000000001 0.6224999999999999 0.9637499999999999
5 0.22000000000000003 0.9025000000000001 0.2 0.9025000000000001 0.2 0.9199999999999999 0.22000000000000003 0.9199999999999999 0.22000000000000003 0.9025000000000001
5 0.7212500000000001 0.47750000000000004 0.70875 0.47750000000000004 0.70875 0.4925 0.7212500000000001 0.4925 0.7212500000000001 0.47750000000000004
5 0.4725 0.79875 0.4625 0.79875 0.4625 0.81375 0.4725 0.81375 0.4725 0.79875
5 0.92125 0.9225 0.9012499999999999 0.9225 0.9012499999999999 0.93 0.92125 0.93 0.92125 0.9225
5 0.8462500000000001 0.94625 0.82875 0.94625 0.82875 0.95625 0.8462500000000001 0.95625 0.8462500000000001 0.94625
5 0.20375000000000001 0.9087500000000001 0.18625 0.9087500000000001 0.18625 0.9262499999999999 0.20375000000000001 0.9262499999999999 0.20375000000000001 0.9087500000000001
5 0.8225 0.96125 0.8 0.96125 0.8 0.96875 0.8225 0.96875 0.8225 0.96125
5 0.21625 0.9425000000000001 0.19624999999999998 0.9425000000000001 0.19624999999999998 0.95 0.21625 0.95 0.21625 0.9425000000000001
5 0.91375 0.9349999999999999 0.8887499999999999 0.9349999999999999 0.8887499999999999 0.945 0.91375 0.945 0.91375 0.9349999999999999
5 0.85375 0.91875 0.83625 0.91875 0.83625 0.92875 0.85375 0.92875 0.85375 0.91875
5 0.99125 0.9262499999999999 0.9737500000000001 0.9262499999999999 0.9737500000000001 0.9337500000000001 0.99125 0.9337500000000001 0.99125 0.9262499999999999
5 0.6725 0.91625 0.65 0.91625 0.65 0.9262499999999999 0.6725 0.9262499999999999 0.6725 0.91625
5 0.7474999999999999 0.83625 0.7275 0.83625 0.7275 0.8462500000000001 0.7474999999999999 0.8462500000000001 0.7474999999999999 0.83625
5 0.49874999999999997 0.89125 0.47874999999999995 0.89125 0.47874999999999995 0.89875 0.49874999999999997 0.89875 0.49874999999999997 0.89125
5 0.24874999999999997 0.875 0.23625 0.875 0.23625 0.8875 0.24874999999999997 0.8875 0.24874999999999997 0.875
5 0.16375 0.92125 0.14625 0.92125 0.14625 0.9337500000000001 0.16375 0.9337500000000001 0.16375 0.92125
5 0.7737499999999999 0.465 0.76125 0.465 0.76125 0.48250000000000004 0.7737499999999999 0.48250000000000004 0.7737499999999999 0.465
5 0.79375 0.8237500000000001 0.77625 0.8237500000000001 0.77625 0.83375 0.79375 0.83375 0.79375 0.8237500000000001
5 0.17124999999999999 0.44375 0.15625 0.44375 0.15625 0.46375 0.17124999999999999 0.46375 0.17124999999999999 0.44375
5 0.45375 0.8262499999999999 0.43624999999999997 0.8262499999999999 0.43624999999999997 0.83375 0.45375 0.83375 0.45375 0.8262499999999999
5 0.8275 0.9375 0.8099999999999999 0.9375 0.8099999999999999 0.9475 0.8275 0.9475 0.8275 0.9375
5 0.52125 0.9662499999999999 0.50125 0.9662499999999999 0.50125 0.97625 0.52125 0.97625 0.52125 0.9662499999999999
5 0.53125 0.9824999999999999 0.51125 0.9824999999999999 0.51125 0.9925 0.53125 0.9925 0.53125 0.9824999999999999
5 0.18375 0.91625 0.16625 0.91625 0.16625 0.9337500000000001 0.18375 0.9337500000000001 0.18375 0.91625
5 0.45499999999999996 0.81125 0.4375 0.81125 0.4375 0.82125 0.45499999999999996 0.82125 0.45499999999999996 0.81125
5 0.46749999999999997 0.54875 0.45499999999999996 0.54875 0.45499999999999996 0.56875 0.46749999999999997 0.56875 0.46749999999999997 0.54875
5 0.31375000000000003 0.9112500000000001 0.29874999999999996 0.9112500000000001 0.29874999999999996 0.93125 0.31375000000000003 0.93125 0.31375000000000003 0.9112500000000001
5 0.2325 0.805 0.22000000000000003 0.805 0.22000000000000003 0.8275 0.2325 0.8275 0.2325 0.805
5 0.79 0.905 0.775 0.905 0.775 0.9125 0.79 0.9125 0.79 0.905
5 0.7887500000000001 0.96875 0.77125 0.96875 0.77125 0.97875 0.7887500000000001 0.97875 0.7887500000000001 0.96875
5 0.8887499999999999 0.92125 0.86875 0.92125 0.86875 0.92875 0.8887499999999999 0.92875 0.8887499999999999 0.92125
5 0.51625 0.94375 0.49625 0.94375 0.49625 0.95625 0.51625 0.95625 0.51625 0.94375