5 0.07875 0.09625 0.04375 0.09625 0.04375 0.10874999999999999 0.07875 0.10874999999999999 0.07875 0.09625
5 0.12250000000000001 0.095 0.0875 0.095 0.0875 0.10500000000000001 0.12250000000000001 0.10500000000000001 0.12250000000000001 0.095
5 0.15875 0.095 0.13125 0.095 0.13125 0.10500000000000001 0.15875 0.10500000000000001 0.15875 0.095
5 0.05 0.01125 0.04 0.01125 0.04 0.03625 0.05 0.03625 0.05 0.01125
5 0.05375 0.0375 0.041249999999999995 0.0375 0.041249999999999995 0.065 0.05375 0.065 0.05375 0.0375
5 0.02 0 0.02 0.041249999999999995 0.034999999999999996 0.041249999999999995 0.034999999999999996 0 0.02 0
5 0.32 0.07875 0.27999999999999997 0.07875 0.27999999999999997 0.09375 0.32 0.09375 0.32 0.07875
5 0.31375000000000003 0.06625 0.27625 0.06625 0.27625 0.07625 0.31375000000000003 0.07625 0.31375000000000003 0.06625
5 0.31124999999999997 0.05 0.27375 0.05 0.27375 0.065 0.31124999999999997 0.065 0.31124999999999997 0.05
5 0.3125 0.03125 0.2725 0.03125 0.2725 0.04875 0.3125 0.04875 0.3125 0.03125
5 0.38 0.061250000000000006 0.365 0.061250000000000006 0.365 0.08875 0.38 0.08875 0.38 0.061250000000000006
5 0.40499999999999997 0.052500000000000005 0.3875 0.052500000000000005 0.3875 0.0775 0.40499999999999997 0.0775 0.40499999999999997 0.052500000000000005
5 0.4375 0.01875 0.4125 0.01875 0.4125 0.03125 0.4375 0.03125 0.4375 0.01875
5 0.43624999999999997 0.03125 0.41125 0.03125 0.41125 0.04375 0.43624999999999997 0.04375 0.43624999999999997 0.03125
5 0.38 0.11750000000000001 0.35750000000000004 0.11750000000000001 0.35750000000000004 0.1275 0.38 0.1275 0.38 0.11750000000000001