5 0.9712500000000001 0.8637499999999999 0.9512499999999999 0.8637499999999999 0.9512499999999999 0.87625 0.9712500000000001 0.87625 0.9712500000000001 0.8637499999999999
5 0.9175000000000001 0.845 0.89 0.845 0.89 0.8574999999999999 0.9175000000000001 0.8574999999999999 0.9175000000000001 0.845
5 0.7787499999999999 0.905 0.7537499999999999 0.905 0.7537499999999999 0.9175000000000001 0.7787499999999999 0.9175000000000001 0.7787499999999999 0.905
5 0.93 0.9037499999999999 0.9099999999999999 0.9037499999999999 0.9099999999999999 0.91375 0.93 0.91375 0.93 0.9037499999999999
5 0.86625 0.83125 0.8487500000000001 0.83125 0.8487500000000001 0.84375 0.86625 0.84375 0.86625 0.83125
5 0.79 0.85 0.77 0.85 0.77 0.8625 0.79 0.8625 0.79 0.85
5 0.74 0.89375 0.7150000000000001 0.89375 0.7150000000000001 0.90625 0.74 0.90625 0.74 0.89375
5 0.67375 0.9 0.65125 0.9 0.65125 0.9125 0.67375 0.9125 0.67375 0.9
5 0.80375 0.8125 0.78625 0.8125 0.78625 0.8275 0.80375 0.8275 0.80375 0.8125
5 0.79125 0.7825 0.77625 0.7825 0.77625 0.8 0.79125 0.8 0.79125 0.7825
5 0.8099999999999999 0.8 0.7925 0.8 0.7925 0.8150000000000001 0.8099999999999999 0.8150000000000001 0.8099999999999999 0.8
5 0.7325 0.79375 0.7150000000000001 0.79375 0.7150000000000001 0.81375 0.7325 0.81375 0.7325 0.79375
5 0.73875 0.8162499999999999 0.7212500000000001 0.8162499999999999 0.7212500000000001 0.83375 0.73875 0.83375 0.73875 0.8162499999999999
5 0.7925 0.8400000000000001 0.775 0.8400000000000001 0.775 0.8525 0.7925 0.8525 0.7925 0.8400000000000001
5 0.70625 0.79375 0.68875 0.79375 0.68875 0.8087500000000001 0.70625 0.8087500000000001 0.70625 0.79375
5 0.66875 0.7849999999999999 0.6487499999999999 0.7849999999999999 0.6487499999999999 0.7975 0.66875 0.7975 0.66875 0.7849999999999999
5 0.665 0.8 0.6475 0.8 0.6475 0.8125 0.665 0.8125 0.665 0.8
5 0.6775 0.7150000000000001 0.6675 0.7150000000000001 0.6675 0.7325 0.6775 0.7325 0.6775 0.7150000000000001
5 0.68625 0.6837500000000001 0.67375 0.6837500000000001 0.67375 0.70125 0.68625 0.70125 0.68625 0.6837500000000001
5 0.665 0.70125 0.6525000000000001 0.70125 0.6525000000000001 0.7212500000000001 0.665 0.7212500000000001 0.665 0.70125
5 0.6837500000000001 0.6 0.67375 0.6 0.67375 0.6174999999999999 0.6837500000000001 0.6174999999999999 0.6837500000000001 0.6
5 0.69875 0.635 0.6837500000000001 0.635 0.6837500000000001 0.655 0.69875 0.655 0.69875 0.635
5 0.6012500000000001 0.87625 0.58125 0.87625 0.58125 0.89375 0.6012500000000001 0.89375 0.6012500000000001 0.87625
5 0.6375 0.9075 0.6174999999999999 0.9075 0.6174999999999999 0.9199999999999999 0.6375 0.9199999999999999 0.6375 0.9075
5 0.5549999999999999 0.92875 0.5349999999999999 0.92875 0.5349999999999999 0.94625 0.5549999999999999 0.94625 0.5549999999999999 0.92875
5 0.095 0.73125 0.08 0.73125 0.08 0.7537499999999999 0.095 0.7537499999999999 0.095 0.73125
5 0.25625 0.665 0.23625 0.665 0.23625 0.6799999999999999 0.25625 0.6799999999999999 0.25625 0.665
5 0.08249999999999999 0.73375 0.0725 0.73375 0.0725 0.75625 0.08249999999999999 0.75625 0.08249999999999999 0.73375
5 0.06999999999999999 0.73875 0.0625 0.73875 0.0625 0.75625 0.06999999999999999 0.75625 0.06999999999999999 0.73875
5 0 0.8074999999999999 0.015 0.8074999999999999 0.015 0.79 0 0.79 0 0.8074999999999999
5 0.02375 0.7125 0.00125 0.7125 0.00125 0.7275 0.02375 0.7275 0.02375 0.7125
5 0.6912499999999999 0.42625 0.67875 0.42625 0.67875 0.44875 0.6912499999999999 0.44875 0.6912499999999999 0.42625
5 0.6012500000000001 0.3075 0.57875 0.3075 0.57875 0.3175 0.6012500000000001 0.3175 0.6012500000000001 0.3075
5 0.5375 0.2975 0.5175 0.2975 0.5175 0.3075 0.5375 0.3075 0.5375 0.2975
5 0.5387500000000001 0.3225 0.51625 0.3225 0.51625 0.335 0.5387500000000001 0.335 0.5387500000000001 0.3225
5 0.5525 0.33125 0.5349999999999999 0.33125 0.5349999999999999 0.34125 0.5525 0.34125 0.5525 0.33125
5 0.39625 0.36875 0.37374999999999997 0.36875 0.37374999999999997 0.37875000000000003 0.39625 0.37875000000000003 0.39625 0.36875
5 0.35375 0.3725 0.33375 0.3725 0.33375 0.3875 0.35375 0.3875 0.35375 0.3725
5 0.60625 0.31875 0.5862499999999999 0.31875 0.5862499999999999 0.33125 0.60625 0.33125 0.60625 0.31875
5 0.5862499999999999 0.32625000000000004 0.5662499999999999 0.32625000000000004 0.5662499999999999 0.33875 0.5862499999999999 0.33875 0.5862499999999999 0.32625000000000004
5 0.6775 0.365 0.665 0.365 0.665 0.3875 0.6775 0.3875 0.6775 0.365
5 0.52625 0.33875 0.49625 0.33875 0.49625 0.35375 0.52625 0.35375 0.52625 0.33875
5 0.17375000000000002 0.6837500000000001 0.15375 0.6837500000000001 0.15375 0.69625 0.17375000000000002 0.69625 0.17375000000000002 0.6837500000000001
5 0.025 0.355 0.0125 0.355 0.0125 0.38 0.025 0.38 0.025 0.355