5 0.98375 0.2925 0.9712500000000001 0.2925 0.9712500000000001 0.3125 0.98375 0.3125 0.98375 0.2925
5 0.9650000000000001 0.29625 0.945 0.29625 0.945 0.31875 0.9650000000000001 0.31875 0.9650000000000001 0.29625
5 0.88125 0.3125 0.8612500000000001 0.3125 0.8612500000000001 0.3325 0.88125 0.3325 0.88125 0.3125
5 0.8625 0.3125 0.8474999999999999 0.3125 0.8474999999999999 0.32999999999999996 0.8625 0.32999999999999996 0.8625 0.3125
5 0.7925 0.225 0.7725 0.225 0.7725 0.23500000000000001 0.7925 0.23500000000000001 0.7925 0.225
5 0.845 0.3125 0.825 0.3125 0.825 0.32999999999999996 0.845 0.32999999999999996 0.845 0.3125
5 0.83125 0.32375 0.81375 0.32375 0.81375 0.34125 0.83125 0.34125 0.83125 0.32375
5 0.7275 0.28875 0.7125 0.28875 0.7125 0.30874999999999997 0.7275 0.30874999999999997 0.7275 0.28875
5 0.7112499999999999 0.27749999999999997 0.70125 0.27749999999999997 0.70125 0.3 0.7112499999999999 0.3 0.7112499999999999 0.27749999999999997
5 0.7162499999999999 0.34375 0.70125 0.34375 0.70125 0.36124999999999996 0.7162499999999999 0.36124999999999996 0.7162499999999999 0.34375
5 0.7 0.34625 0.6875 0.34625 0.6875 0.36625 0.7 0.36625 0.7 0.34625
5 0.6912499999999999 0.34750000000000003 0.67625 0.34750000000000003 0.67625 0.37 0.6912499999999999 0.37 0.6912499999999999 0.34750000000000003
5 0.7075 0.37 0.6849999999999999 0.37 0.6849999999999999 0.3775 0.7075 0.3775 0.7075 0.37
5 0.79375 0.23500000000000001 0.7737499999999999 0.23500000000000001 0.7737499999999999 0.24500000000000002 0.79375 0.24500000000000002 0.79375 0.23500000000000001
5 0.8637499999999999 0.42874999999999996 0.8412499999999999 0.42874999999999996 0.8412499999999999 0.43875000000000003 0.8637499999999999 0.43875000000000003 0.8637499999999999 0.42874999999999996
5 0.74 0.39249999999999996 0.7175 0.39249999999999996 0.7175 0.40499999999999997 0.74 0.40499999999999997 0.74 0.39249999999999996
5 0.63875 0.385 0.61875 0.385 0.61875 0.3975 0.63875 0.3975 0.63875 0.385
5 0.61 0.39375 0.5875 0.39375 0.5875 0.40625 0.61 0.40625 0.61 0.39375
5 0.54625 0.4025 0.53125 0.4025 0.53125 0.4125 0.54625 0.4125 0.54625 0.4025
5 0.50875 0.4125 0.48624999999999996 0.4125 0.48624999999999996 0.4225 0.50875 0.4225 0.50875 0.4125
5 0.36375 0.36625 0.34125 0.36625 0.34125 0.37625000000000003 0.36375 0.37625000000000003 0.36375 0.36625
5 0.36375 0.37625000000000003 0.34125 0.37625000000000003 0.34125 0.38875000000000004 0.36375 0.38875000000000004 0.36375 0.37625000000000003
5 0.32375 0.37374999999999997 0.30125 0.37374999999999997 0.30125 0.38375 0.32375 0.38375 0.32375 0.37374999999999997
5 0.31625000000000003 0.36124999999999996 0.29874999999999996 0.36124999999999996 0.29874999999999996 0.37124999999999997 0.31625000000000003 0.37124999999999997 0.31625000000000003 0.36124999999999996
5 0.2975 0.35625 0.275 0.35625 0.275 0.36375 0.2975 0.36375 0.2975 0.35625
5 0.21749999999999997 0.35125 0.2 0.35125 0.2 0.36124999999999996 0.21749999999999997 0.36124999999999996 0.21749999999999997 0.35125
5 0.3225 0.385 0.3025 0.385 0.3025 0.3975 0.3225 0.3975 0.3225 0.385
5 0.32375 0.48624999999999996 0.30125 0.48624999999999996 0.30125 0.5037499999999999 0.32375 0.5037499999999999 0.32375 0.48624999999999996
5 0.19 0.49749999999999994 0.16999999999999998 0.49749999999999994 0.16999999999999998 0.5075000000000001 0.19 0.5075000000000001 0.19 0.49749999999999994
5 0.16999999999999998 0.475 0.1525 0.475 0.1525 0.49749999999999994 0.16999999999999998 0.49749999999999994 0.16999999999999998 0.475
5 0.15875 0.485 0.14625 0.485 0.14625 0.51 0.15875 0.51 0.15875 0.485
5 0.14125000000000001 0.47750000000000004 0.12125 0.47750000000000004 0.12125 0.49749999999999994 0.14125000000000001 0.49749999999999994 0.14125000000000001 0.47750000000000004
5 0.12625 0.48 0.11125 0.48 0.11125 0.5 0.12625 0.5 0.12625 0.48
5 0.11499999999999999 0.4875 0.0975 0.4875 0.0975 0.51 0.11499999999999999 0.51 0.11499999999999999 0.4875
5 0.1 0.4925 0.0875 0.4925 0.0875 0.51 0.1 0.51 0.1 0.4925
5 0.0875 0.49000000000000005 0.0725 0.49000000000000005 0.0725 0.5075000000000001 0.0875 0.5075000000000001 0.0875 0.49000000000000005
5 0.0675 0.49625 0.052500000000000005 0.49625 0.052500000000000005 0.51375 0.0675 0.51375 0.0675 0.49625
5 0.0625 0.5037499999999999 0.045 0.5037499999999999 0.045 0.5237499999999999 0.0625 0.5237499999999999 0.0625 0.5037499999999999
5 0.0375 0.5 0.02 0.5 0.02 0.5225 0.0375 0.5225 0.0375 0.5
5 0 0.525 0.017499999999999998 0.525 0.017499999999999998 0.505 0 0.505 0 0.525
5 0.76125 0.10124999999999999 0.74125 0.10124999999999999 0.74125 0.11125 0.76125 0.11125 0.76125 0.10124999999999999
5 0.8300000000000001 0.0975 0.8099999999999999 0.0975 0.8099999999999999 0.11000000000000001 0.8300000000000001 0.11000000000000001 0.8300000000000001 0.0975
5 0.775 0.12250000000000001 0.75 0.12250000000000001 0.75 0.135 0.775 0.135 0.775 0.12250000000000001
5 0.7775000000000001 0.13999999999999999 0.76 0.13999999999999999 0.76 0.15 0.7775000000000001 0.15 0.7775000000000001 0.13999999999999999
5 0.8300000000000001 0.10874999999999999 0.8175000000000001 0.10874999999999999 0.8175000000000001 0.11875 0.8300000000000001 0.11875 0.8300000000000001 0.10874999999999999
5 0.8324999999999999 0.12250000000000001 0.8150000000000001 0.12250000000000001 0.8150000000000001 0.135 0.8324999999999999 0.135 0.8324999999999999 0.12250000000000001
5 0.78625 0.155 0.76625 0.155 0.76625 0.1675 0.78625 0.1675 0.78625 0.155
5 0.83375 0.14375 0.81125 0.14375 0.81125 0.15625 0.83375 0.15625 0.83375 0.14375
5 0.8425 0.1625 0.8225 0.1625 0.8225 0.175 0.8425 0.175 0.8425 0.1625
5 0.79625 0.16625 0.77625 0.16625 0.77625 0.17875000000000002 0.79625 0.17875000000000002 0.79625 0.16625
5 0.8025 0.18625 0.7849999999999999 0.18625 0.7849999999999999 0.19624999999999998 0.8025 0.19624999999999998 0.8025 0.18625
5 0.85125 0.17375000000000002 0.83125 0.17375000000000002 0.83125 0.18625 0.85125 0.18625 0.85125 0.17375000000000002
5 0.21125 0.5650000000000001 0.18625 0.5650000000000001 0.18625 0.58 0.21125 0.58 0.21125 0.5650000000000001
5 0.11125 0.57125 0.08625000000000001 0.57125 0.08625000000000001 0.58375 0.11125 0.58375 0.11125 0.57125
5 0.03625 0.58125 0.01125 0.58125 0.01125 0.5962500000000001 0.03625 0.5962500000000001 0.03625 0.58125
5 0.38375 0.705 0.33875 0.705 0.33875 0.7175 0.38375 0.7175 0.38375 0.705
5 0.36875 0.645 0.35625 0.645 0.35625 0.6799999999999999 0.36875 0.6799999999999999 0.36875 0.645
5 0.45499999999999996 0.7025 0.40750000000000003 0.7025 0.40750000000000003 0.7224999999999999 0.45499999999999996 0.7224999999999999 0.45499999999999996 0.7025
5 0.4175 0.72 0.34500000000000003 0.72 0.34500000000000003 0.74 0.4175 0.74 0.4175 0.72
5 0.45375 0.6425 0.43125 0.6425 0.43125 0.6575 0.45375 0.6575 0.45375 0.6425
5 0.17625 0.5475 0.14125000000000001 0.5475 0.14125000000000001 0.5650000000000001 0.17625 0.5650000000000001 0.17625 0.5475
5 0.39249999999999996 0.6775 0.38 0.6775 0.38 0.7025 0.39249999999999996 0.7025 0.39249999999999996 0.6775
5 0.4025 0.635 0.39249999999999996 0.635 0.39249999999999996 0.665 0.4025 0.665 0.4025 0.635
5 0.62625 0.625 0.61375 0.625 0.61375 0.6625 0.62625 0.6625 0.62625 0.625
5 0.50625 0.55125 0.49625 0.55125 0.49625 0.56875 0.50625 0.56875 0.50625 0.55125
5 0.47874999999999995 0.51875 0.45875000000000005 0.51875 0.45875000000000005 0.53125 0.47874999999999995 0.53125 0.47874999999999995 0.51875
5 0.45999999999999996 0.6537499999999999 0.43499999999999994 0.6537499999999999 0.43499999999999994 0.66625 0.45999999999999996 0.66625 0.45999999999999996 0.6537499999999999
5 0.3325 0.6475 0.3125 0.6475 0.3125 0.655 0.3325 0.655 0.3325 0.6475
5 0.33375 0.655 0.31625000000000003 0.655 0.31625000000000003 0.665 0.33375 0.665 0.33375 0.655
5 0.35375 0.5974999999999999 0.34125 0.5974999999999999 0.34125 0.6174999999999999 0.35375 0.6174999999999999 0.35375 0.5974999999999999
5 0.32999999999999996 0.63125 0.3075 0.63125 0.3075 0.64125 0.32999999999999996 0.64125 0.32999999999999996 0.63125
5 0.38625 0.76 0.33625 0.76 0.33625 0.7825 0.38625 0.7825 0.38625 0.76
5 0.74875 0.4525 0.71875 0.4525 0.71875 0.46749999999999997 0.74875 0.46749999999999997 0.74875 0.4525
5 0.76375 0.465 0.75625 0.465 0.75625 0.48 0.76375 0.48 0.76375 0.465
5 0.42000000000000004 0.61375 0.40750000000000003 0.61375 0.40750000000000003 0.64125 0.42000000000000004 0.64125 0.42000000000000004 0.61375
5 0.40750000000000003 0.5875 0.395 0.5875 0.395 0.615 0.40750000000000003 0.615 0.40750000000000003 0.5875
5 0.495 0.73125 0.425 0.73125 0.425 0.76375 0.495 0.76375 0.495 0.73125
5 0.78125 0.46125 0.76875 0.46125 0.76875 0.47375 0.78125 0.47375 0.78125 0.46125
5 0.79875 0.45125000000000004 0.79125 0.45125000000000004 0.79125 0.46624999999999994 0.79875 0.46624999999999994 0.79875 0.45125000000000004
5 0.79 0.445 0.775 0.445 0.775 0.46749999999999997 0.79 0.46749999999999997 0.79 0.445
5 0.8875 0.505 0.8699999999999999 0.505 0.8699999999999999 0.515 0.8875 0.515 0.8875 0.505
5 0.9400000000000001 0.54375 0.9324999999999999 0.54375 0.9324999999999999 0.56375 0.9400000000000001 0.56375 0.9400000000000001 0.54375
5 0.9099999999999999 0.5525 0.9025000000000001 0.5525 0.9025000000000001 0.5675 0.9099999999999999 0.5675 0.9099999999999999 0.5525
5 0.825 0.61 0.8150000000000001 0.61 0.8150000000000001 0.6275000000000001 0.825 0.6275000000000001 0.825 0.61
5 0.8150000000000001 0.6224999999999999 0.79 0.6224999999999999 0.79 0.63 0.8150000000000001 0.63 0.8150000000000001 0.6224999999999999
5 0.81375 0.6325000000000001 0.79625 0.6325000000000001 0.79625 0.64 0.81375 0.64 0.81375 0.6325000000000001
5 0.8162499999999999 0.61125 0.79125 0.61125 0.79125 0.6212500000000001 0.8162499999999999 0.6212500000000001 0.8162499999999999 0.61125
5 0.095 0.1975 0.0875 0.1975 0.0875 0.21749999999999997 0.095 0.21749999999999997 0.095 0.1975
5 0.12625 0.19125 0.11374999999999999 0.19125 0.11374999999999999 0.21125 0.12625 0.21125 0.12625 0.19125
5 0.36375 0.635 0.34125 0.635 0.34125 0.645 0.36375 0.645 0.36375 0.635