5 0.7925 0.975 0.7725 0.975 0.7725 0.985 0.7925 0.985 0.7925 0.975
5 0.79375 0.985 0.7737499999999999 0.985 0.7737499999999999 0.9949999999999999 0.79375 0.9949999999999999 0.79375 0.985
5 0.76125 0.85125 0.74125 0.85125 0.74125 0.8612500000000001 0.76125 0.8612500000000001 0.76125 0.85125
5 0.8300000000000001 0.8474999999999999 0.8099999999999999 0.8474999999999999 0.8099999999999999 0.86 0.8300000000000001 0.86 0.8300000000000001 0.8474999999999999
5 0.775 0.8724999999999999 0.75 0.8724999999999999 0.75 0.885 0.775 0.885 0.775 0.8724999999999999
5 0.7775000000000001 0.89 0.76 0.89 0.76 0.9 0.7775000000000001 0.9 0.7775000000000001 0.89
5 0.8300000000000001 0.85875 0.8175000000000001 0.85875 0.8175000000000001 0.86875 0.8300000000000001 0.86875 0.8300000000000001 0.85875
5 0.8324999999999999 0.8724999999999999 0.8150000000000001 0.8724999999999999 0.8150000000000001 0.885 0.8324999999999999 0.885 0.8324999999999999 0.8724999999999999
5 0.78625 0.905 0.76625 0.905 0.76625 0.9175000000000001 0.78625 0.9175000000000001 0.78625 0.905
5 0.83375 0.89375 0.81125 0.89375 0.81125 0.90625 0.83375 0.90625 0.83375 0.89375
5 0.8425 0.9125 0.8225 0.9125 0.8225 0.925 0.8425 0.925 0.8425 0.9125
5 0.79625 0.91625 0.77625 0.91625 0.77625 0.92875 0.79625 0.92875 0.79625 0.91625
5 0.8025 0.93625 0.7849999999999999 0.93625 0.7849999999999999 0.94625 0.8025 0.94625 0.8025 0.93625
5 0.85125 0.9237500000000001 0.83125 0.9237500000000001 0.83125 0.93625 0.85125 0.93625 0.85125 0.9237500000000001
5 0.13125 0.17250000000000001 0.11125 0.17250000000000001 0.11125 0.1825 0.13125 0.1825 0.13125 0.17250000000000001
5 0.215 0.16 0.1975 0.16 0.1975 0.17250000000000001 0.215 0.17250000000000001 0.215 0.16
5 0.9487500000000001 0.6725 0.91625 0.6725 0.91625 0.6925 0.9487500000000001 0.6925 0.9487500000000001 0.6725
5 0.2925 0.12875 0.2475 0.12875 0.2475 0.14875 0.2925 0.14875 0.2925 0.12875
5 0.095 0.9475 0.0875 0.9475 0.0875 0.9675 0.095 0.9675 0.095 0.9475
5 0.12625 0.9412499999999999 0.11374999999999999 0.9412499999999999 0.11374999999999999 0.96125 0.12625 0.96125 0.12625 0.9412499999999999