5 0.19 0.01875 0.175 0.01875 0.175 0.028749999999999998 0.19 0.028749999999999998 0.19 0.01875
5 0.19624999999999998 0.1625 0.18625 0.1625 0.18625 0.1775 0.19624999999999998 0.1775 0.19624999999999998 0.1625
5 0.76375 0.64 0.7537499999999999 0.64 0.7537499999999999 0.65 0.76375 0.65 0.76375 0.64
5 0.73875 0.60875 0.72875 0.60875 0.72875 0.6212500000000001 0.73875 0.6212500000000001 0.73875 0.60875
5 0.8875 0.54 0.875 0.54 0.875 0.5525 0.8875 0.5525 0.8875 0.54
5 0.89625 0.47375 0.8887499999999999 0.47375 0.8887499999999999 0.48875 0.89625 0.48875 0.89625 0.47375
5 0.93625 0.47750000000000004 0.9237500000000001 0.47750000000000004 0.9237500000000001 0.4875 0.93625 0.4875 0.93625 0.47750000000000004
5 0.98375 0.45 0.9737500000000001 0.45 0.9737500000000001 0.465 0.98375 0.465 0.98375 0.45
5 0.7162499999999999 0.575 0.69875 0.575 0.69875 0.5900000000000001 0.7162499999999999 0.5900000000000001 0.7162499999999999 0.575
5 0.8162499999999999 0.20750000000000002 0.80625 0.20750000000000002 0.80625 0.2125 0.8162499999999999 0.2125 0.8162499999999999 0.20750000000000002
5 0.9487500000000001 0.4325 0.93875 0.4325 0.93875 0.44749999999999995 0.9487500000000001 0.44749999999999995 0.9487500000000001 0.4325
5 0.765 0.2475 0.76 0.2475 0.76 0.26 0.765 0.26 0.765 0.2475
5 0.8125 0.22125 0.8074999999999999 0.22125 0.8074999999999999 0.22875 0.8125 0.22875 0.8125 0.22125
5 0.9412499999999999 0.20625 0.93625 0.20625 0.93625 0.22374999999999998 0.9412499999999999 0.22374999999999998 0.9412499999999999 0.20625
5 0.8612500000000001 0.51125 0.8487500000000001 0.51125 0.8487500000000001 0.5237499999999999 0.8612500000000001 0.5237499999999999 0.8612500000000001 0.51125
5 0.20875 0.11374999999999999 0.20125 0.11374999999999999 0.20125 0.12875 0.20875 0.12875 0.20875 0.11374999999999999
5 0.805 0.575 0.7925 0.575 0.7925 0.585 0.805 0.585 0.805 0.575
5 0.9550000000000001 0.08375 0.9400000000000001 0.08375 0.9400000000000001 0.09125 0.9550000000000001 0.09125 0.9550000000000001 0.08375
5 0.9225 0.50875 0.9099999999999999 0.50875 0.9099999999999999 0.52125 0.9225 0.52125 0.9225 0.50875
5 0.19 0.2 0.18 0.2 0.18 0.215 0.19 0.215 0.19 0.2
5 0.8175000000000001 0.18875 0.8074999999999999 0.18875 0.8074999999999999 0.19624999999999998 0.8175000000000001 0.19624999999999998 0.8175000000000001 0.18875
5 0.9775 0.4575 0.97 0.4575 0.97 0.47000000000000003 0.9775 0.47000000000000003 0.9775 0.4575
5 1 0.44000000000000006 0.99 0.44000000000000006 0.99 0.4525 1 0.4525 1 0.44000000000000006
5 0.18375 0.18375 0.17124999999999999 0.18375 0.17124999999999999 0.19624999999999998 0.18375 0.19624999999999998 0.18375 0.18375
5 0.835 0.57625 0.8275 0.57625 0.8275 0.58125 0.835 0.58125 0.835 0.57625
5 0.9662499999999999 0.45499999999999996 0.9512499999999999 0.45499999999999996 0.9512499999999999 0.4625 0.9662499999999999 0.4625 0.9662499999999999 0.45499999999999996
5 0.81375 0.27749999999999997 0.80625 0.27749999999999997 0.80625 0.29 0.81375 0.29 0.81375 0.27749999999999997
5 0.2125 0.185 0.2 0.185 0.2 0.1975 0.2125 0.1975 0.2125 0.185
5 0.7725 0.2475 0.765 0.2475 0.765 0.26 0.7725 0.26 0.7725 0.2475
5 0.9525 0.42625 0.945 0.42625 0.945 0.43875000000000003 0.9525 0.43875000000000003 0.9525 0.42625
5 0.74875 0.6174999999999999 0.73625 0.6174999999999999 0.73625 0.6275000000000001 0.74875 0.6275000000000001 0.74875 0.6174999999999999
5 0.74875 0.2475 0.74375 0.2475 0.74375 0.2575 0.74875 0.2575 0.74875 0.2475
5 0.81125 0.24874999999999997 0.80375 0.24874999999999997 0.80375 0.26625 0.81125 0.26625 0.81125 0.24874999999999997
5 0.9099999999999999 0.51125 0.9 0.51125 0.9 0.5237499999999999 0.9099999999999999 0.5237499999999999 0.9099999999999999 0.51125
5 0.9737500000000001 0.46624999999999994 0.9637499999999999 0.46624999999999994 0.9637499999999999 0.47625 0.9737500000000001 0.47625 0.9737500000000001 0.46624999999999994
5 0.19 0.17124999999999999 0.1775 0.17124999999999999 0.1775 0.18375 0.19 0.18375 0.19 0.17124999999999999
5 0.82 0.25125000000000003 0.8125 0.25125000000000003 0.8125 0.26375000000000004 0.82 0.26375000000000004 0.82 0.25125000000000003
5 0.8675 0.49874999999999997 0.86 0.49874999999999997 0.86 0.51375 0.8675 0.51375 0.8675 0.49874999999999997
5 0.8775000000000001 0.4925 0.8675 0.4925 0.8675 0.505 0.8775000000000001 0.505 0.8775000000000001 0.4925
5 0.81375 0.24 0.80625 0.24 0.80625 0.2475 0.81375 0.2475 0.81375 0.24
5 0.825 0.2875 0.82 0.2875 0.82 0.3025 0.825 0.3025 0.825 0.2875
5 0.85375 0.1375 0.83125 0.1375 0.83125 0.14750000000000002 0.85375 0.14750000000000002 0.85375 0.1375
5 0.8525 0.5650000000000001 0.8400000000000001 0.5650000000000001 0.8400000000000001 0.5825 0.8525 0.5825 0.8525 0.5650000000000001
5 0.9112500000000001 0.48375 0.89875 0.48375 0.89875 0.49625 0.9112500000000001 0.49625 0.9112500000000001 0.48375
5 0.19624999999999998 0.19375 0.18625 0.19375 0.18625 0.20625 0.19624999999999998 0.20625 0.19624999999999998 0.19375
5 0.89125 0.48125 0.88125 0.48125 0.88125 0.49375 0.89125 0.49375 0.89125 0.48125
5 0.58875 0.0875 0.57375 0.0875 0.57375 0.0975 0.58875 0.0975 0.58875 0.0875
5 0.8875 0.44625000000000004 0.8800000000000001 0.44625000000000004 0.8800000000000001 0.45375 0.8875 0.45375 0.8875 0.44625000000000004
5 0.905 0.5237499999999999 0.89 0.5237499999999999 0.89 0.5387500000000001 0.905 0.5387500000000001 0.905 0.5237499999999999
5 0.9925 0.44749999999999995 0.9824999999999999 0.44749999999999995 0.9824999999999999 0.45999999999999996 0.9925 0.45999999999999996 0.9925 0.44749999999999995
5 0.1975 0.25125000000000003 0.185 0.25125000000000003 0.185 0.26625 0.1975 0.26625 0.1975 0.25125000000000003
5 0.96875 0.41375 0.96125 0.41375 0.96125 0.42625 0.96875 0.42625 0.96875 0.41375
5 0.9425000000000001 0.44000000000000006 0.9324999999999999 0.44000000000000006 0.9324999999999999 0.4525 0.9425000000000001 0.4525 0.9425000000000001 0.44000000000000006
5 0.885 0.48875 0.875 0.48875 0.875 0.50125 0.885 0.50125 0.885 0.48875
5 0.9925 0.3975 0.9824999999999999 0.3975 0.9824999999999999 0.40750000000000003 0.9925 0.40750000000000003 0.9925 0.3975
5 0.79625 0.27875 0.7887500000000001 0.27875 0.7887500000000001 0.29125 0.79625 0.29125 0.79625 0.27875
5 0.9712500000000001 0.1075 0.95875 0.1075 0.95875 0.125 0.9712500000000001 0.125 0.9712500000000001 0.1075
5 0.95375 0.12625 0.94625 0.12625 0.94625 0.13874999999999998 0.95375 0.13874999999999998 0.95375 0.12625
5 0.8625 0.56125 0.8474999999999999 0.56125 0.8474999999999999 0.57125 0.8625 0.57125 0.8625 0.56125
5 0.81375 0.22999999999999998 0.80625 0.22999999999999998 0.80625 0.24 0.81375 0.24 0.81375 0.22999999999999998
5 0.84375 0.5225 0.83375 0.5225 0.83375 0.5375 0.84375 0.5375 0.84375 0.5225
5 0.9225 0.48875 0.9125 0.48875 0.9125 0.49874999999999997 0.9225 0.49874999999999997 0.9225 0.48875
5 0.735 0.6025 0.7224999999999999 0.6025 0.7224999999999999 0.615 0.735 0.615 0.735 0.6025
5 0.06875 0.46749999999999997 0.05125 0.46749999999999997 0.05125 0.485 0.06875 0.485 0.06875 0.46749999999999997
5 0.15875 0.29375 0.14375 0.29375 0.14375 0.30625 0.15875 0.30625 0.15875 0.29375
5 0.1525 0.29874999999999996 0.135 0.29874999999999996 0.135 0.31124999999999997 0.1525 0.31124999999999997 0.1525 0.29874999999999996
5 0.11875 0.19 0.10625 0.19 0.10625 0.205 0.11875 0.205 0.11875 0.19
5 0.24 0.16 0.22999999999999998 0.16 0.22999999999999998 0.17250000000000001 0.24 0.17250000000000001 0.24 0.16
5 0.1525 0.20625 0.1375 0.20625 0.1375 0.21875 0.1525 0.21875 0.1525 0.20625
5 0.16499999999999998 0.21875 0.1525 0.21875 0.1525 0.23125 0.16499999999999998 0.23125 0.16499999999999998 0.21875
5 0.1 0.10124999999999999 0.0875 0.10124999999999999 0.0875 0.10874999999999999 0.1 0.10874999999999999 0.1 0.10124999999999999
5 0.10124999999999999 0.10874999999999999 0.08625000000000001 0.10874999999999999 0.08625000000000001 0.11374999999999999 0.10124999999999999 0.11374999999999999 0.10124999999999999 0.10874999999999999
5 0.05 0.15 0.04 0.15 0.04 0.16 0.05 0.16 0.05 0.15
5 0.06875 0.17124999999999999 0.058750000000000004 0.17124999999999999 0.058750000000000004 0.18125 0.06875 0.18125 0.06875 0.17124999999999999
5 0.17375000000000002 0.145 0.16375 0.145 0.16375 0.155 0.17375000000000002 0.155 0.17375000000000002 0.145
5 0.185 0.1375 0.175 0.1375 0.175 0.145 0.185 0.145 0.185 0.1375
5 0.5349999999999999 0.058750000000000004 0.5225 0.058750000000000004 0.5225 0.07375000000000001 0.5349999999999999 0.07375000000000001 0.5349999999999999 0.058750000000000004
5 0.49124999999999996 0.04375 0.47874999999999995 0.04375 0.47874999999999995 0.058750000000000004 0.49124999999999996 0.058750000000000004 0.49124999999999996 0.04375
5 0.17250000000000001 0.1875 0.16499999999999998 0.1875 0.16499999999999998 0.1975 0.17250000000000001 0.1975 0.17250000000000001 0.1875
5 0.16999999999999998 0.1925 0.1575 0.1925 0.1575 0.205 0.16999999999999998 0.205 0.16999999999999998 0.1925
5 0.06375 0.125 0.05625 0.125 0.05625 0.13999999999999999 0.06375 0.13999999999999999 0.06375 0.125
5 0.17875000000000002 0.027500000000000004 0.16125 0.027500000000000004 0.16125 0.04 0.17875000000000002 0.04 0.17875000000000002 0.027500000000000004
5 0.16875 0.042499999999999996 0.15625 0.042499999999999996 0.15625 0.05500000000000001 0.16875 0.05500000000000001 0.16875 0.042499999999999996
5 0.18125 0.05375 0.16875 0.05375 0.16875 0.06625 0.18125 0.06625 0.18125 0.05375
5 0.19375 0.06875 0.18125 0.06875 0.18125 0.08125 0.19375 0.08125 0.19375 0.06875
5 0.16375 0.15375 0.15125 0.15375 0.15125 0.16875 0.16375 0.16875 0.16375 0.15375
5 0.15 0.1675 0.1375 0.1675 0.1375 0.1775 0.15 0.1775 0.15 0.1675
5 0.205 0.16 0.19 0.16 0.19 0.175 0.205 0.175 0.205 0.16
5 0.8775000000000001 0.54875 0.8625 0.54875 0.8625 0.5662499999999999 0.8775000000000001 0.5662499999999999 0.8775000000000001 0.54875
5 1 0.10500000000000001 0.98125 0.10500000000000001 0.98125 0.14250000000000002 1 0.14250000000000002 1 0.10500000000000001
5 0.19875 0.18875 0.19125 0.18875 0.19125 0.19875 0.19875 0.19875 0.19875 0.18875
5 0.7575000000000001 0.2475 0.75 0.2475 0.75 0.26 0.7575000000000001 0.26 0.7575000000000001 0.2475
5 0.8012499999999999 0.25 0.79375 0.25 0.79375 0.265 0.8012499999999999 0.265 0.8012499999999999 0.25
5 0.81375 0.215 0.80625 0.215 0.80625 0.2225 0.81375 0.2225 0.81375 0.215
5 0.82875 0.56875 0.81875 0.56875 0.81875 0.57875 0.82875 0.57875 0.82875 0.56875
5 0.8412499999999999 0.58 0.83125 0.58 0.83125 0.5900000000000001 0.8412499999999999 0.5900000000000001 0.8412499999999999 0.58
5 0.905 0.46875 0.8925000000000001 0.46875 0.8925000000000001 0.48125 0.905 0.48125 0.905 0.46875
5 0.985 0.40374999999999994 0.975 0.40374999999999994 0.975 0.41375 0.985 0.41375 0.985 0.40374999999999994
5 0.9775 0.40875000000000006 0.9675 0.40875000000000006 0.9675 0.42125 0.9775 0.42125 0.9775 0.40875000000000006
5 0.95875 0.42125 0.9487500000000001 0.42125 0.9487500000000001 0.43125 0.95875 0.43125 0.95875 0.42125
5 0.9349999999999999 0.445 0.925 0.445 0.925 0.45499999999999996 0.9349999999999999 0.45499999999999996 0.9349999999999999 0.445