5 0.10625 0.75125 0.09125 0.75125 0.09125 0.75875 0.10625 0.75875 0.10625 0.75125
5 0.21625 0.81125 0.20875 0.81125 0.20875 0.8262499999999999 0.21625 0.8262499999999999 0.21625 0.81125
5 0.09 0.22125 0.06999999999999999 0.22125 0.06999999999999999 0.23374999999999999 0.09 0.23374999999999999 0.09 0.22125
5 0 0.57625 0.015 0.57625 0.015 0.56875 0 0.56875 0 0.57625
5 0 0.70125 0.0075 0.70125 0.0075 0.68625 0 0.68625 0 0.70125
5 0.4425 0.45375 0.4325 0.45375 0.4325 0.46375 0.4425 0.46375 0.4425 0.45375
5 0.4525 0.445 0.44000000000000006 0.445 0.44000000000000006 0.45499999999999996 0.4525 0.45499999999999996 0.4525 0.445
5 0.21000000000000002 0.7575000000000001 0.205 0.7575000000000001 0.205 0.7675 0.21000000000000002 0.7675 0.21000000000000002 0.7575000000000001
5 0.44375 0.6125 0.43375 0.6125 0.43375 0.63 0.44375 0.63 0.44375 0.6125
5 0.7525000000000001 0.8150000000000001 0.7424999999999999 0.8150000000000001 0.7424999999999999 0.8300000000000001 0.7525000000000001 0.8300000000000001 0.7525000000000001 0.8150000000000001
5 0.735 0.41500000000000004 0.7224999999999999 0.41500000000000004 0.7224999999999999 0.4325 0.735 0.4325 0.735 0.41500000000000004
5 0.2725 0.655 0.265 0.655 0.265 0.67 0.2725 0.67 0.2725 0.655
5 0.013750000000000002 0.08125 0.00625 0.08125 0.00625 0.09375 0.013750000000000002 0.09375 0.013750000000000002 0.08125
5 0.9225 0.5974999999999999 0.9 0.5974999999999999 0.9 0.6075 0.9225 0.6075 0.9225 0.5974999999999999
5 0.6375 0.53625 0.6174999999999999 0.53625 0.6174999999999999 0.54625 0.6375 0.54625 0.6375 0.53625
5 0.8862500000000001 0.6125 0.86875 0.6125 0.86875 0.625 0.8862500000000001 0.625 0.8862500000000001 0.6125
5 0.16625 0.375 0.14875 0.375 0.14875 0.3825 0.16625 0.3825 0.16625 0.375
5 0.21625 0.11374999999999999 0.20125 0.11374999999999999 0.20125 0.13125 0.21625 0.13125 0.21625 0.11374999999999999
5 0.74125 0.49749999999999994 0.71875 0.49749999999999994 0.71875 0.51 0.74125 0.51 0.74125 0.49749999999999994
5 0.89 0.605 0.8775000000000001 0.605 0.8775000000000001 0.6125 0.89 0.6125 0.89 0.605
5 0.8125 0.4725 0.795 0.4725 0.795 0.485 0.8125 0.485 0.8125 0.4725
5 0.25375000000000003 0.37875000000000003 0.23875000000000002 0.37875000000000003 0.23875000000000002 0.38625 0.25375000000000003 0.38625 0.25375000000000003 0.37875000000000003
5 0.17875000000000002 0.175 0.15875 0.175 0.15875 0.1925 0.17875000000000002 0.1925 0.17875000000000002 0.175
5 0.82875 0.45999999999999996 0.81125 0.45999999999999996 0.81125 0.475 0.82875 0.475 0.82875 0.45999999999999996
5 0.045 0.03375 0.034999999999999996 0.03375 0.034999999999999996 0.05625 0.045 0.05625 0.045 0.03375
5 0.83375 0.56375 0.81375 0.56375 0.81375 0.57875 0.83375 0.57875 0.83375 0.56375
5 0.6625 0.51125 0.64 0.51125 0.64 0.52125 0.6625 0.52125 0.6625 0.51125
5 0.185 0.11875 0.175 0.11875 0.175 0.13874999999999998 0.185 0.13874999999999998 0.185 0.11875
5 0.205 0.1825 0.185 0.1825 0.185 0.1925 0.205 0.1925 0.205 0.1825
5 0.9525 0.61125 0.9425000000000001 0.61125 0.9425000000000001 0.61625 0.9525 0.61625 0.9525 0.61125
5 0.17124999999999999 0.16125 0.15375 0.16125 0.15375 0.18375 0.17124999999999999 0.18375 0.17124999999999999 0.16125
5 0.6525000000000001 0.5225 0.63 0.5225 0.63 0.5325 0.6525000000000001 0.5325 0.6525000000000001 0.5225
5 0.1 0.25125000000000003 0.0925 0.25125000000000003 0.0925 0.26375000000000004 0.1 0.26375000000000004 0.1 0.25125000000000003
5 0.9349999999999999 0.615 0.9175000000000001 0.615 0.9175000000000001 0.6275000000000001 0.9349999999999999 0.6275000000000001 0.9349999999999999 0.615
5 0.8574999999999999 0.57625 0.8375 0.57625 0.8375 0.5862499999999999 0.8574999999999999 0.5862499999999999 0.8574999999999999 0.57625
5 0.6925 0.54125 0.67 0.54125 0.67 0.55375 0.6925 0.55375 0.6925 0.54125
5 0.013750000000000002 0.06375 0.00625 0.06375 0.00625 0.07625 0.013750000000000002 0.07625 0.013750000000000002 0.06375
5 0.735 0.48875 0.7150000000000001 0.48875 0.7150000000000001 0.50125 0.735 0.50125 0.735 0.48875
5 0.18125 0.13874999999999998 0.17124999999999999 0.13874999999999998 0.17124999999999999 0.15875 0.18125 0.15875 0.18125 0.13874999999999998
5 0.71375 0.54875 0.69625 0.54875 0.69625 0.5587500000000001 0.71375 0.5587500000000001 0.71375 0.54875
5 0.11750000000000001 0.3825 0.1 0.3825 0.1 0.3875 0.11750000000000001 0.3875 0.11750000000000001 0.3825