5 0.11875 0.5925 0.10625 0.5925 0.10625 0.5974999999999999 0.11875 0.5974999999999999 0.11875 0.5925
5 0.11625 0.575 0.10124999999999999 0.575 0.10124999999999999 0.585 0.11625 0.585 0.11625 0.575
5 0.12125 0.55625 0.10124999999999999 0.55625 0.10124999999999999 0.56375 0.12125 0.56375 0.12125 0.55625
5 0.11875 0.58125 0.10124999999999999 0.58125 0.10124999999999999 0.5912499999999999 0.11875 0.5912499999999999 0.11875 0.58125
5 0.9199999999999999 0.7625 0.9 0.7625 0.9 0.7775000000000001 0.9199999999999999 0.7775000000000001 0.9199999999999999 0.7625
5 0.11875 0.5662499999999999 0.10375000000000001 0.5662499999999999 0.10375000000000001 0.57375 0.11875 0.57375 0.11875 0.5662499999999999
5 0.49874999999999997 1 0.49874999999999997 0.99 0.49124999999999996 0.99 0.49124999999999996 1 0.49874999999999997 1
5 0.5287499999999999 0.9800000000000001 0.5237499999999999 0.9800000000000001 0.5237499999999999 0.9949999999999999 0.5287499999999999 0.9949999999999999 0.5287499999999999 0.9800000000000001
5 0.64625 0.9425000000000001 0.63375 0.9425000000000001 0.63375 0.9625 0.64625 0.9625 0.64625 0.9425000000000001
5 0.99375 0.28875 0.95875 0.28875 0.95875 0.30125 0.99375 0.30125 0.99375 0.28875
5 0.4925 0.9275 0.48 0.9275 0.48 0.9425000000000001 0.4925 0.9425000000000001 0.4925 0.9275
5 0.49874999999999997 0.92875 0.48875 0.92875 0.48875 0.94625 0.49874999999999997 0.94625 0.49874999999999997 0.92875
5 0.5075000000000001 0.93 0.495 0.93 0.495 0.95 0.5075000000000001 0.95 0.5075000000000001 0.93
5 0.515 0.93625 0.505 0.93625 0.505 0.9512499999999999 0.515 0.9512499999999999 0.515 0.93625
5 0.5349999999999999 0.9375 0.5225 0.9375 0.5225 0.9574999999999999 0.5349999999999999 0.9574999999999999 0.5349999999999999 0.9375
5 0.5475 0.9412499999999999 0.5325 0.9412499999999999 0.5325 0.96125 0.5475 0.96125 0.5475 0.9412499999999999
5 0.55125 0.94625 0.54125 0.94625 0.54125 0.9662499999999999 0.55125 0.9662499999999999 0.55125 0.94625
5 0.5625 0.94625 0.5475 0.94625 0.5475 0.9662499999999999 0.5625 0.9662499999999999 0.5625 0.94625
5 0.50125 0.96 0.48375 0.96 0.48375 0.9724999999999999 0.50125 0.9724999999999999 0.50125 0.96
5 0.52125 0.9675 0.49874999999999997 0.9675 0.49874999999999997 0.9800000000000001 0.52125 0.9800000000000001 0.52125 0.9675
5 0.4875 0.9675 0.475 0.9675 0.475 0.9824999999999999 0.4875 0.9824999999999999 0.4875 0.9675
5 0.49625 0.9712500000000001 0.48624999999999996 0.9712500000000001 0.48624999999999996 0.9862500000000001 0.49625 0.9862500000000001 0.49625 0.9712500000000001
5 0.505 0.9737500000000001 0.495 0.9737500000000001 0.495 0.99125 0.505 0.99125 0.505 0.9737500000000001
5 0.47750000000000004 1 0.47750000000000004 0.9800000000000001 0.45999999999999996 0.9800000000000001 0.45999999999999996 1 0.47750000000000004 1
5 0.5225 0.9775 0.515 0.9775 0.515 0.9925 0.5225 0.9925 0.5225 0.9775
5 0.54125 1 0.54125 0.9775 0.5287499999999999 0.9775 0.5287499999999999 1 0.54125 1
5 0.55 1 0.55 0.98375 0.5375 0.98375 0.5375 1 0.55 1
5 0.5175 1 0.5175 0.9862500000000001 0.505 0.9862500000000001 0.505 1 0.5175 1
5 0.51 1 0.51 0.99 0.49749999999999994 0.99 0.49749999999999994 1 0.51 1
5 0.69625 1 0.69625 0.98125 0.6837500000000001 0.98125 0.6837500000000001 1 0.69625 1
5 0.6875 1 0.6875 0.98375 0.675 0.98375 0.675 1 0.6875 1
5 0.67875 0.975 0.66875 0.975 0.66875 0.9949999999999999 0.67875 0.9949999999999999 0.67875 0.975
5 0.67 0.9800000000000001 0.6575 0.9800000000000001 0.6575 0.9949999999999999 0.67 0.9949999999999999 0.67 0.9800000000000001
5 0.6599999999999999 0.9800000000000001 0.6475 0.9800000000000001 0.6475 0.9949999999999999 0.6599999999999999 0.9949999999999999 0.6599999999999999 0.9800000000000001
5 0.65 0.97 0.64 0.97 0.64 0.9925 0.65 0.9925 0.65 0.97
5 0.64125 0.97 0.6287499999999999 0.97 0.6287499999999999 0.9925 0.64125 0.9925 0.64125 0.97
5 0.63125 0.9737500000000001 0.6212500000000001 0.9737500000000001 0.6212500000000001 0.99375 0.63125 0.99375 0.63125 0.9737500000000001
5 0.6224999999999999 0.97625 0.61 0.97625 0.61 0.99125 0.6224999999999999 0.99125 0.6224999999999999 0.97625
5 0.60625 0.9824999999999999 0.58875 0.9824999999999999 0.58875 0.9925 0.60625 0.9925 0.60625 0.9824999999999999
5 0.7175 0.9637499999999999 0.7075 0.9637499999999999 0.7075 0.97875 0.7175 0.97875 0.7175 0.9637499999999999
5 0.70375 0.9512499999999999 0.6912499999999999 0.9512499999999999 0.6912499999999999 0.96875 0.70375 0.96875 0.70375 0.9512499999999999
5 0.6925 0.9487500000000001 0.6799999999999999 0.9487500000000001 0.6799999999999999 0.9662499999999999 0.6925 0.9662499999999999 0.6925 0.9487500000000001
5 0.6849999999999999 0.945 0.6725 0.945 0.6725 0.9675 0.6849999999999999 0.9675 0.6849999999999999 0.945
5 0.67875 0.94375 0.6637500000000001 0.94375 0.6637500000000001 0.96125 0.67875 0.96125 0.67875 0.94375
5 0.66625 0.9375 0.65125 0.9375 0.65125 0.9550000000000001 0.66625 0.9550000000000001 0.66625 0.9375
5 0.6575 0.9375 0.64 0.9375 0.64 0.9550000000000001 0.6575 0.9550000000000001 0.6575 0.9375
5 0.6325000000000001 0.9512499999999999 0.62 0.9512499999999999 0.62 0.96875 0.6325000000000001 0.96875 0.6325000000000001 0.9512499999999999
5 0.8175000000000001 1 0.8175000000000001 0.9875 0.7975 0.9875 0.7975 1 0.8175000000000001 1
5 0.8237500000000001 0.98125 0.80375 0.98125 0.80375 0.99375 0.8237500000000001 0.99375 0.8237500000000001 0.98125
5 0.8862500000000001 1 0.8862500000000001 0.99 0.8787499999999999 0.99 0.8787499999999999 1 0.8862500000000001 1
5 0.9337500000000001 0.97 0.91875 0.97 0.91875 0.99 0.9337500000000001 0.99 0.9337500000000001 0.97
5 0.94375 0.9724999999999999 0.93125 0.9724999999999999 0.93125 0.99 0.94375 0.99 0.94375 0.9724999999999999
5 0.95 0.975 0.9400000000000001 0.975 0.9400000000000001 0.99 0.95 0.99 0.95 0.975
5 0.9550000000000001 0.97875 0.945 0.97875 0.945 0.99375 0.9550000000000001 0.99375 0.9550000000000001 0.97875
5 0.9650000000000001 1 0.9650000000000001 0.9800000000000001 0.9525 0.9800000000000001 0.9525 1 0.9650000000000001 1
5 0.9974999999999999 1 0.9974999999999999 0.9875 0.9775 0.9875 0.9775 1 0.9974999999999999 1
5 0.8412499999999999 0.9550000000000001 0.8237500000000001 0.9550000000000001 0.8237500000000001 0.9675 0.8412499999999999 0.9675 0.8412499999999999 0.9550000000000001