5 0.042499999999999996 0.17625 0.027500000000000004 0.17625 0.027500000000000004 0.19125 0.042499999999999996 0.19125 0.042499999999999996 0.17625
5 0.9275 0.12625 0.915 0.12625 0.915 0.13874999999999998 0.9275 0.13874999999999998 0.9275 0.12625
5 0.24125000000000002 0.38875000000000004 0.23125 0.38875000000000004 0.23125 0.40374999999999994 0.24125000000000002 0.40374999999999994 0.24125000000000002 0.38875000000000004
5 0.9974999999999999 0.22749999999999998 0.9824999999999999 0.22749999999999998 0.9824999999999999 0.2375 0.9974999999999999 0.2375 0.9974999999999999 0.22749999999999998
5 0.44375 0.7125 0.43125 0.7125 0.43125 0.72 0.44375 0.72 0.44375 0.7125
5 0.24625 0.8525 0.23625 0.8525 0.23625 0.8699999999999999 0.24625 0.8699999999999999 0.24625 0.8525
5 0.545 0.845 0.5325 0.845 0.5325 0.86 0.545 0.86 0.545 0.845
5 0.9824999999999999 0.2875 0.9650000000000001 0.2875 0.9650000000000001 0.3 0.9824999999999999 0.3 0.9824999999999999 0.2875
5 0.51 0.4 0.495 0.4 0.495 0.40750000000000003 0.51 0.40750000000000003 0.51 0.4
5 0.7787499999999999 0.26625 0.75625 0.26625 0.75625 0.28125 0.7787499999999999 0.28125 0.7787499999999999 0.26625
5 0.6799999999999999 0.24 0.665 0.24 0.665 0.255 0.6799999999999999 0.255 0.6799999999999999 0.24
5 0.52625 0.23374999999999999 0.51625 0.23374999999999999 0.51625 0.25125000000000003 0.52625 0.25125000000000003 0.52625 0.23374999999999999
5 0.47000000000000003 0.23625 0.4575 0.23625 0.4575 0.24625 0.47000000000000003 0.24625 0.47000000000000003 0.23625
5 0.44375 0.23875000000000002 0.42874999999999996 0.23875000000000002 0.42874999999999996 0.24874999999999997 0.44375 0.24874999999999997 0.44375 0.23875000000000002
5 0.45875000000000005 0.69625 0.45125000000000004 0.69625 0.45125000000000004 0.7112499999999999 0.45875000000000005 0.7112499999999999 0.45875000000000005 0.69625
5 0.8775000000000001 0.205 0.865 0.205 0.865 0.21749999999999997 0.8775000000000001 0.21749999999999997 0.8775000000000001 0.205
5 0.21000000000000002 0.25375000000000003 0.1925 0.25375000000000003 0.1925 0.27125 0.21000000000000002 0.27125 0.21000000000000002 0.25375000000000003
5 0.9974999999999999 0.28625 0.9824999999999999 0.28625 0.9824999999999999 0.29625 0.9974999999999999 0.29625 0.9974999999999999 0.28625
5 0.3775 0.59375 0.36 0.59375 0.36 0.6012500000000001 0.3775 0.6012500000000001 0.3775 0.59375
5 0.5075000000000001 0.7875 0.495 0.7875 0.495 0.8 0.5075000000000001 0.8 0.5075000000000001 0.7875
5 0.655 0.9512499999999999 0.635 0.9512499999999999 0.635 0.95875 0.655 0.95875 0.655 0.9512499999999999
5 0.28500000000000003 0.34125 0.275 0.34125 0.275 0.35625 0.28500000000000003 0.35625 0.28500000000000003 0.34125
5 0.5475 0.58125 0.5275000000000001 0.58125 0.5275000000000001 0.59375 0.5475 0.59375 0.5475 0.58125
5 0.4625 0.7424999999999999 0.44749999999999995 0.7424999999999999 0.44749999999999995 0.7474999999999999 0.4625 0.7474999999999999 0.4625 0.7424999999999999
5 0.655 0.34625 0.6375 0.34625 0.6375 0.35375 0.655 0.35375 0.655 0.34625
5 0.51625 0.80625 0.50625 0.80625 0.50625 0.81875 0.51625 0.81875 0.51625 0.80625
5 0.6025 0.89375 0.5900000000000001 0.89375 0.5900000000000001 0.90625 0.6025 0.90625 0.6025 0.89375
5 0.96 0.30375 0.9525 0.30375 0.9525 0.31625000000000003 0.96 0.31625000000000003 0.96 0.30375
5 0.9887499999999999 0.255 0.97875 0.255 0.97875 0.2725 0.9887499999999999 0.2725 0.9887499999999999 0.255
5 0.62625 0.40374999999999994 0.61375 0.40374999999999994 0.61375 0.41875 0.62625 0.41875 0.62625 0.40374999999999994
5 0.6287499999999999 0.4175 0.61625 0.4175 0.61625 0.43 0.6287499999999999 0.43 0.6287499999999999 0.4175
5 0.63875 0.42125 0.62375 0.42125 0.62375 0.43375 0.63875 0.43375 0.63875 0.42125
5 0.3525 0.37875000000000003 0.3375 0.37875000000000003 0.3375 0.38875000000000004 0.3525 0.38875000000000004 0.3525 0.37875000000000003
5 0.35750000000000004 0.39249999999999996 0.34249999999999997 0.39249999999999996 0.34249999999999997 0.40499999999999997 0.35750000000000004 0.40499999999999997 0.35750000000000004 0.39249999999999996
5 0.42125 0.44875 0.40125 0.44875 0.40125 0.46375 0.42125 0.46375 0.42125 0.44875
5 0.33375 0.51625 0.32375 0.51625 0.32375 0.53125 0.33375 0.53125 0.33375 0.51625
5 0.525 0.8025 0.515 0.8025 0.515 0.8150000000000001 0.525 0.8150000000000001 0.525 0.8025
5 0.60875 0.9125 0.59875 0.9125 0.59875 0.925 0.60875 0.925 0.60875 0.9125
5 0.95375 0.28250000000000003 0.94375 0.28250000000000003 0.94375 0.29 0.95375 0.29 0.95375 0.28250000000000003
5 0.47750000000000004 0.7025 0.47000000000000003 0.7025 0.47000000000000003 0.7150000000000001 0.47750000000000004 0.7150000000000001 0.47750000000000004 0.7025
5 0.1275 0.14375 0.11499999999999999 0.14375 0.11499999999999999 0.16125 0.1275 0.16125 0.1275 0.14375
5 0.07375000000000001 0.08499999999999999 0.061250000000000006 0.08499999999999999 0.061250000000000006 0.1 0.07375000000000001 0.1 0.07375000000000001 0.08499999999999999
5 0.55375 0.01 0.52125 0.01 0.52125 0.034999999999999996 0.55375 0.034999999999999996 0.55375 0.01
5 0.44375 0.005 0.41375 0.005 0.41375 0.0225 0.44375 0.0225 0.44375 0.005
5 0.44625000000000004 0.017499999999999998 0.42374999999999996 0.017499999999999998 0.42374999999999996 0.0325 0.44625000000000004 0.0325 0.44625000000000004 0.017499999999999998
5 0.43375 0.0325 0.40374999999999994 0.0325 0.40374999999999994 0.05500000000000001 0.43375 0.05500000000000001 0.43375 0.0325
5 0.44375 0.04375 0.41375 0.04375 0.41375 0.06375 0.44375 0.06375 0.44375 0.04375
5 0.47125000000000006 0.03625 0.42125 0.03625 0.42125 0.07625 0.47125000000000006 0.07625 0.47125000000000006 0.03625
5 0.45125000000000004 0.0975 0.43125 0.0975 0.43125 0.11750000000000001 0.45125000000000004 0.11750000000000001 0.45125000000000004 0.0975
5 0.3525 0.0675 0.325 0.0675 0.325 0.0875 0.3525 0.0875 0.3525 0.0675
5 0.35750000000000004 0.0775 0.3225 0.0775 0.3225 0.1025 0.35750000000000004 0.1025 0.35750000000000004 0.0775
5 0.36625 0.08625000000000001 0.33125 0.08625000000000001 0.33125 0.11125 0.36625 0.11125 0.36625 0.08625000000000001
5 0.3325 0.06375 0.305 0.06375 0.305 0.08375 0.3325 0.08375 0.3325 0.06375
5 0.41 0.01625 0.385 0.01625 0.385 0.03375 0.41 0.03375 0.41 0.01625
5 0.36124999999999996 0 0.36124999999999996 0.00625 0.38375 0.00625 0.38375 0 0.36124999999999996 0
5 0.34500000000000003 0.0375 0.32 0.0375 0.32 0.052500000000000005 0.34500000000000003 0.052500000000000005 0.34500000000000003 0.0375
5 0.34249999999999997 0.026250000000000002 0.32 0.026250000000000002 0.32 0.041249999999999995 0.34249999999999997 0.041249999999999995 0.34249999999999997 0.026250000000000002
5 0.3325 0.013750000000000002 0.3025 0.013750000000000002 0.3025 0.03625 0.3325 0.03625 0.3325 0.013750000000000002
5 0.3175 0.0375 0.28250000000000003 0.0375 0.28250000000000003 0.0675 0.3175 0.0675 0.3175 0.0375
5 0.3025 0.0325 0.27749999999999997 0.0325 0.27749999999999997 0.05500000000000001 0.3025 0.05500000000000001 0.3025 0.0325
5 0.29375 0.0225 0.26875 0.0225 0.26875 0.0475 0.29375 0.0475 0.29375 0.0225
5 0.28875 0.008749999999999999 0.26375000000000004 0.008749999999999999 0.26375000000000004 0.028749999999999998 0.28875 0.028749999999999998 0.28875 0.008749999999999999
5 0.28375 0.00125 0.25375000000000003 0.00125 0.25375000000000003 0.021249999999999998 0.28375 0.021249999999999998 0.28375 0.00125
5 0.21375000000000002 0.0125 0.18875 0.0125 0.18875 0.0325 0.21375000000000002 0.0325 0.21375000000000002 0.0125
5 0.22000000000000003 0.021249999999999998 0.1925 0.021249999999999998 0.1925 0.041249999999999995 0.22000000000000003 0.041249999999999995 0.22000000000000003 0.021249999999999998
5 0.24874999999999997 0.0725 0.22374999999999998 0.0725 0.22374999999999998 0.0875 0.24874999999999997 0.0875 0.24874999999999997 0.0725
5 0.33875 0.15625 0.31875 0.15625 0.31875 0.18125 0.33875 0.18125 0.33875 0.15625
5 0.40750000000000003 0.10625 0.3725 0.10625 0.3725 0.13374999999999998 0.40750000000000003 0.13374999999999998 0.40750000000000003 0.10625
5 1 0.06875 0.98375 0.06875 0.98375 0.08625000000000001 1 0.08625000000000001 1 0.06875
5 0.45875000000000005 0.67625 0.45125000000000004 0.67625 0.45125000000000004 0.6837500000000001 0.45875000000000005 0.6837500000000001 0.45875000000000005 0.67625
5 0.505 0.77625 0.49749999999999994 0.77625 0.49749999999999994 0.78625 0.505 0.78625 0.505 0.77625
5 0.52 0.78625 0.51 0.78625 0.51 0.79625 0.52 0.79625 0.52 0.78625
5 0.43624999999999997 0.6849999999999999 0.42625 0.6849999999999999 0.42625 0.7 0.43624999999999997 0.7 0.43624999999999997 0.6849999999999999
5 0.24500000000000002 0.6425 0.23500000000000001 0.6425 0.23500000000000001 0.65 0.24500000000000002 0.65 0.24500000000000002 0.6425
5 0.04375 0.026250000000000002 0.03125 0.026250000000000002 0.03125 0.03875 0.04375 0.03875 0.04375 0.026250000000000002
5 0.32875 0.4625 0.31875 0.4625 0.31875 0.4725 0.32875 0.4725 0.32875 0.4625
5 0.66625 0.3125 0.64375 0.3125 0.64375 0.32999999999999996 0.66625 0.32999999999999996 0.66625 0.3125
5 0.7075 0.27999999999999997 0.6849999999999999 0.27999999999999997 0.6849999999999999 0.2975 0.7075 0.2975 0.7075 0.27999999999999997
5 0.9675 0.11499999999999999 0.95 0.11499999999999999 0.95 0.13 0.9675 0.13 0.9675 0.11499999999999999
5 0.54125 0.3825 0.51875 0.3825 0.51875 0.3975 0.54125 0.3975 0.54125 0.3825
5 0.6375 0.9637499999999999 0.61 0.9637499999999999 0.61 0.99125 0.6375 0.99125 0.6375 0.9637499999999999
5 0.68625 0.2625 0.66875 0.2625 0.66875 0.27999999999999997 0.68625 0.27999999999999997 0.68625 0.2625
5 0.8412499999999999 0.22875 0.82125 0.22875 0.82125 0.24125000000000002 0.8412499999999999 0.24125000000000002 0.8412499999999999 0.22875
5 0.76125 0.27375 0.74125 0.27375 0.74125 0.28875 0.76125 0.28875 0.76125 0.27375
5 0.60875 0.5125 0.5912499999999999 0.5125 0.5912499999999999 0.5325 0.60875 0.5325 0.60875 0.5125
5 0.20750000000000002 0.64125 0.185 0.64125 0.185 0.6537499999999999 0.20750000000000002 0.6537499999999999 0.20750000000000002 0.64125
5 0.97 0.1325 0.9525 0.1325 0.9525 0.14750000000000002 0.97 0.14750000000000002 0.97 0.1325
5 0.85875 0.16499999999999998 0.8387499999999999 0.16499999999999998 0.8387499999999999 0.18 0.85875 0.18 0.85875 0.16499999999999998
5 0.8237500000000001 0.23625 0.80625 0.23625 0.80625 0.24874999999999997 0.8237500000000001 0.24874999999999997 0.8237500000000001 0.23625
5 0.72 0.23500000000000001 0.6975 0.23500000000000001 0.6975 0.2525 0.72 0.2525 0.72 0.23500000000000001
5 0.9225 0.16125 0.9 0.16125 0.9 0.17625 0.9225 0.17625 0.9225 0.16125
5 0.385 0.61 0.3625 0.61 0.3625 0.625 0.385 0.625 0.385 0.61
5 0.18625 0.27625 0.16625 0.27625 0.16625 0.29375 0.18625 0.29375 0.18625 0.27625
5 0.6174999999999999 0.35 0.6025 0.35 0.6025 0.3625 0.6174999999999999 0.3625 0.6174999999999999 0.35
5 0.48125 0.495 0.46624999999999994 0.495 0.46624999999999994 0.5175 0.48125 0.5175 0.48125 0.495
5 0.31124999999999997 0.41 0.26625 0.41 0.26625 0.45 0.31124999999999997 0.45 0.31124999999999997 0.41
5 0.81375 0.19375 0.79125 0.19375 0.79125 0.21125 0.81375 0.21125 0.81375 0.19375
5 0.515 0.74125 0.49000000000000005 0.74125 0.49000000000000005 0.76625 0.515 0.76625 0.515 0.74125
5 0.94375 0.15375 0.9262499999999999 0.15375 0.9262499999999999 0.16625 0.94375 0.16625 0.94375 0.15375
5 1 0.11750000000000001 0.99125 0.11750000000000001 0.99125 0.1325 1 0.1325 1 0.11750000000000001