3 0.48250000000000004 0.075 0.47375 0.075 0.47375 0.08625000000000001 0.48250000000000004 0.08625000000000001 0.48250000000000004 0.075
3 0.01 0.61875 0.00125 0.61875 0.00125 0.63125 0.01 0.63125 0.01 0.61875
3 0.89 0.10500000000000001 0.8800000000000001 0.10500000000000001 0.8800000000000001 0.12125 0.89 0.12125 0.89 0.10500000000000001
3 0.8887499999999999 0.11875 0.875 0.11875 0.875 0.1375 0.8887499999999999 0.1375 0.8887499999999999 0.11875
3 0.89875 0.10124999999999999 0.885 0.10124999999999999 0.885 0.12125 0.89875 0.12125 0.89875 0.10124999999999999
3 0.89375 0.14250000000000002 0.8825 0.14250000000000002 0.8825 0.1625 0.89375 0.1625 0.89375 0.14250000000000002
3 0.47750000000000004 0.01875 0.47000000000000003 0.01875 0.47000000000000003 0.03125 0.47750000000000004 0.03125 0.47750000000000004 0.01875
3 0.8975 0.14375 0.89 0.14375 0.89 0.16 0.8975 0.16 0.8975 0.14375
3 0.8825 0.10625 0.8724999999999999 0.10625 0.8724999999999999 0.12 0.8825 0.12 0.8825 0.10625
3 0.8324999999999999 0.95 0.825 0.95 0.825 0.95875 0.8324999999999999 0.95875 0.8324999999999999 0.95
3 0.93875 0.0875 0.9225 0.0875 0.9225 0.11499999999999999 0.93875 0.11499999999999999 0.93875 0.0875