5 0.9949999999999999 0.6487499999999999 0.9800000000000001 0.6487499999999999 0.9800000000000001 0.66125 0.9949999999999999 0.66125 0.9949999999999999 0.6487499999999999
5 0.93125 0.6212500000000001 0.9112500000000001 0.6212500000000001 0.9112500000000001 0.63875 0.93125 0.63875 0.93125 0.6212500000000001
5 0.6025 0.5549999999999999 0.585 0.5549999999999999 0.585 0.5625 0.6025 0.5625 0.6025 0.5549999999999999
5 0.425 0.51875 0.40499999999999997 0.51875 0.40499999999999997 0.5287499999999999 0.425 0.5287499999999999 0.425 0.51875
5 0.30375 0.49625 0.27875 0.49625 0.27875 0.50875 0.30375 0.50875 0.30375 0.49625
5 0.24500000000000002 0.49625 0.2225 0.49625 0.2225 0.50875 0.24500000000000002 0.50875 0.24500000000000002 0.49625
5 0.155 0.50875 0.1325 0.50875 0.1325 0.52625 0.155 0.52625 0.155 0.50875
5 0.09875 0.5725 0.07625 0.5725 0.07625 0.5825 0.09875 0.5825 0.09875 0.5725
5 0.07375000000000001 0.5700000000000001 0.05625 0.5700000000000001 0.05625 0.5825 0.07375000000000001 0.5825 0.07375000000000001 0.5700000000000001
5 0.0975 0.5825 0.0775 0.5825 0.0775 0.5925 0.0975 0.5925 0.0975 0.5825
5 0.07125000000000001 0.58 0.05625 0.58 0.05625 0.5900000000000001 0.07125000000000001 0.5900000000000001 0.07125000000000001 0.58
5 0.095 0.59375 0.0775 0.59375 0.0775 0.60375 0.095 0.60375 0.095 0.59375
5 0.07375000000000001 0.5912499999999999 0.05125 0.5912499999999999 0.05125 0.6012500000000001 0.07375000000000001 0.6012500000000001 0.07375000000000001 0.5912499999999999
5 0.07125000000000001 0.6025 0.05375 0.6025 0.05375 0.6125 0.07125000000000001 0.6125 0.07125000000000001 0.6025
5 0.0925 0.60375 0.075 0.60375 0.075 0.61625 0.0925 0.61625 0.0925 0.60375
5 0.09375 0.61625 0.07125000000000001 0.61625 0.07125000000000001 0.62375 0.09375 0.62375 0.09375 0.61625
5 0.06875 0.6125 0.05375 0.6125 0.05375 0.6224999999999999 0.06875 0.6224999999999999 0.06875 0.6125
5 0.02 0.5725 0.0025 0.5725 0.0025 0.5825 0.02 0.5825 0.02 0.5725
5 0.10625 0.7125 0.09875 0.7125 0.09875 0.73 0.10625 0.73 0.10625 0.7125
5 0.1025 0.7474999999999999 0.0925 0.7474999999999999 0.0925 0.7625 0.1025 0.7625 0.1025 0.7474999999999999
5 0.1 0.77125 0.0875 0.77125 0.0875 0.79125 0.1 0.79125 0.1 0.77125
5 0.0925 0.8025 0.08249999999999999 0.8025 0.08249999999999999 0.8225 0.0925 0.8225 0.0925 0.8025
5 0.06625 0.76 0.04875 0.76 0.04875 0.77 0.06625 0.77 0.06625 0.76
5 0.03375 0.75125 0.01625 0.75125 0.01625 0.76125 0.03375 0.76125 0.03375 0.75125
5 0.07375000000000001 0.7262500000000001 0.05625 0.7262500000000001 0.05625 0.73625 0.07375000000000001 0.73625 0.07375000000000001 0.7262500000000001
5 0.075 0.71375 0.057499999999999996 0.71375 0.057499999999999996 0.7262500000000001 0.075 0.7262500000000001 0.075 0.71375
5 0.0775 0.70375 0.06 0.70375 0.06 0.71375 0.0775 0.71375 0.0775 0.70375
5 0.07125000000000001 0.73625 0.05125 0.73625 0.05125 0.7462500000000001 0.07125000000000001 0.7462500000000001 0.07125000000000001 0.73625
5 0.0475 0.6975 0.03 0.6975 0.03 0.7075 0.0475 0.7075 0.0475 0.6975
5 0.045 0.71 0.025 0.71 0.025 0.7224999999999999 0.045 0.7224999999999999 0.045 0.71
5 0.05625 0.78125 0.03875 0.78125 0.03875 0.79125 0.05625 0.79125 0.05625 0.78125
5 0.05375 0.8012499999999999 0.03375 0.8012499999999999 0.03375 0.81375 0.05375 0.81375 0.05375 0.8012499999999999
5 0.0225 0.79875 0.0075 0.79875 0.0075 0.8087500000000001 0.0225 0.8087500000000001 0.0225 0.79875
5 0 0.61375 0.015 0.61375 0.015 0.60625 0 0.60625 0 0.61375
5 0.09 0.8262499999999999 0.0775 0.8262499999999999 0.0775 0.8462500000000001 0.09 0.8462500000000001 0.09 0.8262499999999999
5 0.08375 0.8612500000000001 0.07375000000000001 0.8612500000000001 0.07375000000000001 0.8862500000000001 0.08375 0.8862500000000001 0.08375 0.8612500000000001
5 0.042499999999999996 0.8474999999999999 0.025 0.8474999999999999 0.025 0.86 0.042499999999999996 0.86 0.042499999999999996 0.8474999999999999
5 0.0225 0.8462500000000001 0.005 0.8462500000000001 0.005 0.85875 0.0225 0.85875 0.0225 0.8462500000000001
5 0.04 0.8724999999999999 0.02 0.8724999999999999 0.02 0.8825 0.04 0.8825 0.04 0.8724999999999999
5 0 0.88125 0.017499999999999998 0.88125 0.017499999999999998 0.86875 0 0.86875 0 0.88125
5 0 0.90625 0.015 0.90625 0.015 0.89625 0 0.89625 0 0.90625
5 0.03875 0.89875 0.021249999999999998 0.89875 0.021249999999999998 0.9112500000000001 0.03875 0.9112500000000001 0.03875 0.89875
5 0 0.9175000000000001 0.01625 0.9175000000000001 0.01625 0.9075 0 0.9075 0 0.9175000000000001
5 0.03875 0.9099999999999999 0.01625 0.9099999999999999 0.01625 0.9199999999999999 0.03875 0.9199999999999999 0.03875 0.9099999999999999
5 0 0.9262499999999999 0.013750000000000002 0.9262499999999999 0.013750000000000002 0.91625 0 0.91625 0 0.9262499999999999
5 0.03875 0.91875 0.01875 0.91875 0.01875 0.92875 0.03875 0.92875 0.03875 0.91875
5 0 0.9337500000000001 0.0125 0.9337500000000001 0.0125 0.9237500000000001 0 0.9237500000000001 0 0.9337500000000001
5 0.034999999999999996 0.93 0.017499999999999998 0.93 0.017499999999999998 0.9375 0.034999999999999996 0.9375 0.034999999999999996 0.93
5 0 0.9425000000000001 0.0125 0.9425000000000001 0.0125 0.9324999999999999 0 0.9324999999999999 0 0.9425000000000001
5 0.03 0.945 0.015 0.945 0.015 0.9550000000000001 0.03 0.9550000000000001 0.03 0.945
5 0.057499999999999996 0.9262499999999999 0.045 0.9262499999999999 0.045 0.94625 0.057499999999999996 0.94625 0.057499999999999996 0.9262499999999999
5 0.0325 0.9525 0.015 0.9525 0.015 0.9650000000000001 0.0325 0.9650000000000001 0.0325 0.9525
5 0.08 0.8975 0.0675 0.8975 0.0675 0.9199999999999999 0.08 0.9199999999999999 0.08 0.8975
5 0.0725 0.92125 0.065 0.92125 0.065 0.9412499999999999 0.0725 0.9412499999999999 0.0725 0.92125
5 0.07125000000000001 0.9425000000000001 0.061250000000000006 0.9425000000000001 0.061250000000000006 0.96 0.07125000000000001 0.96 0.07125000000000001 0.9425000000000001
5 0.0675 0.9637499999999999 0.057499999999999996 0.9637499999999999 0.057499999999999996 0.97875 0.0675 0.97875 0.0675 0.9637499999999999
5 0.026250000000000002 0.9637499999999999 0.008749999999999999 0.9637499999999999 0.008749999999999999 0.97625 0.026250000000000002 0.97625 0.026250000000000002 0.9637499999999999
5 0.04375 0.97 0.03375 0.97 0.03375 0.985 0.04375 0.985 0.04375 0.97
5 0.027500000000000004 0.9737500000000001 0.0125 0.9737500000000001 0.0125 0.98125 0.027500000000000004 0.98125 0.027500000000000004 0.9737500000000001
5 0.03 0.98125 0.0125 0.98125 0.0125 0.99125 0.03 0.99125 0.03 0.98125
5 0.03 1 0.03 0.99 0.01 0.99 0.01 1 0.03 1
5 0.0625 1 0.0625 0.98375 0.052500000000000005 0.98375 0.052500000000000005 1 0.0625 1
5 0.065 0.635 0.0475 0.635 0.0475 0.6425 0.065 0.6425 0.065 0.635
5 0.11625 0.6475 0.10625 0.6475 0.10625 0.67 0.11625 0.67 0.11625 0.6475
5 0 0.6212500000000001 0.01 0.6212500000000001 0.01 0.61625 0 0.61625 0 0.6212500000000001
5 0 0.63125 0.01 0.63125 0.01 0.62375 0 0.62375 0 0.63125
5 0.04375 0.73125 0.02375 0.73125 0.02375 0.74375 0.04375 0.74375 0.04375 0.73125
5 0.01875 0.5962500000000001 0.00625 0.5962500000000001 0.00625 0.60375 0.01875 0.60375 0.01875 0.5962500000000001
5 0.525 0.53625 0.5125 0.53625 0.5125 0.54625 0.525 0.54625 0.525 0.53625
5 0.42125 0.50125 0.40875000000000006 0.50125 0.40875000000000006 0.51125 0.42125 0.51125 0.42125 0.50125
5 0 0.64 0.01125 0.64 0.01125 0.6325000000000001 0 0.6325000000000001 0 0.64