5 0.8262499999999999 0.052500000000000005 0.80375 0.052500000000000005 0.80375 0.065 0.8262499999999999 0.065 0.8262499999999999 0.052500000000000005
5 0.94375 0.14375 0.90625 0.14375 0.90625 0.17124999999999999 0.94375 0.17124999999999999 0.94375 0.14375
5 0.62375 0.005 0.60625 0.005 0.60625 0.017499999999999998 0.62375 0.017499999999999998 0.62375 0.005
5 0.61 0 0.61 0.008749999999999999 0.6325000000000001 0.008749999999999999 0.6325000000000001 0 0.61 0
5 0.58875 0 0.58875 0.008749999999999999 0.60875 0.008749999999999999 0.60875 0 0.58875 0
5 0.63875 0.013750000000000002 0.61625 0.013750000000000002 0.61625 0.026250000000000002 0.63875 0.026250000000000002 0.63875 0.013750000000000002
5 0.6475 0.00625 0.6325000000000001 0.00625 0.6325000000000001 0.01875 0.6475 0.01875 0.6475 0.00625
5 0.6587500000000001 0.02375 0.64125 0.02375 0.64125 0.03625 0.6587500000000001 0.03625 0.6587500000000001 0.02375
5 0.68125 0.025 0.6637500000000001 0.025 0.6637500000000001 0.0375 0.68125 0.0375 0.68125 0.025
5 0.69875 0.03625 0.68125 0.03625 0.68125 0.04875 0.69875 0.04875 0.69875 0.03625
5 0.70875 0.04625 0.67375 0.04625 0.67375 0.06375 0.70875 0.06375 0.70875 0.04625
5 0.72375 0.06625 0.70375 0.06625 0.70375 0.07625 0.72375 0.07625 0.72375 0.06625
5 0.7325 0.05500000000000001 0.7125 0.05500000000000001 0.7125 0.0675 0.7325 0.0675 0.7325 0.05500000000000001
5 0.77 0.0775 0.75 0.0775 0.75 0.0925 0.77 0.0925 0.77 0.0775
5 0.75125 0.08 0.73375 0.08 0.73375 0.095 0.75125 0.095 0.75125 0.08
5 0.75125 0.065 0.73125 0.065 0.73125 0.0775 0.75125 0.0775 0.75125 0.065
5 0.77 0.09125 0.7525000000000001 0.09125 0.7525000000000001 0.10375000000000001 0.77 0.10375000000000001 0.77 0.09125
5 0.7875 0.08625000000000001 0.7725 0.08625000000000001 0.7725 0.09875 0.7875 0.09875 0.7875 0.08625000000000001
5 0.89 0.095 0.8699999999999999 0.095 0.8699999999999999 0.11000000000000001 0.89 0.11000000000000001 0.89 0.095
5 0.845 0.10625 0.825 0.10625 0.825 0.11875 0.845 0.11875 0.845 0.10625
5 0.8324999999999999 0.08249999999999999 0.8125 0.08249999999999999 0.8125 0.095 0.8324999999999999 0.095 0.8324999999999999 0.08249999999999999
5 0.6625 0.01625 0.6475 0.01625 0.6475 0.028749999999999998 0.6625 0.028749999999999998 0.6625 0.01625
5 0.88125 0.1525 0.85875 0.1525 0.85875 0.16499999999999998 0.88125 0.16499999999999998 0.88125 0.1525
5 0.8162499999999999 0.11625 0.79625 0.11625 0.79625 0.12875 0.8162499999999999 0.12875 0.8162499999999999 0.11625
5 0.7849999999999999 0.1025 0.7675 0.1025 0.7675 0.11499999999999999 0.7849999999999999 0.11499999999999999 0.7849999999999999 0.1025
5 0.8099999999999999 0.1 0.7849999999999999 0.1 0.7849999999999999 0.11499999999999999 0.8099999999999999 0.11499999999999999 0.8099999999999999 0.1
5 0.8125 0.0875 0.7925 0.0875 0.7925 0.1 0.8125 0.1 0.8125 0.0875
5 0.8300000000000001 0.12625 0.8125 0.12625 0.8125 0.13625 0.8300000000000001 0.13625 0.8300000000000001 0.12625
5 0.8262499999999999 0.11000000000000001 0.81125 0.11000000000000001 0.81125 0.125 0.8262499999999999 0.125 0.8262499999999999 0.11000000000000001
5 0.8550000000000001 0.13999999999999999 0.8324999999999999 0.13999999999999999 0.8324999999999999 0.155 0.8550000000000001 0.155 0.8550000000000001 0.13999999999999999
5 0.96875 0.13374999999999998 0.94625 0.13374999999999998 0.94625 0.14875 0.96875 0.14875 0.96875 0.13374999999999998
5 0.9487500000000001 0.11499999999999999 0.92875 0.11499999999999999 0.92875 0.1275 0.9487500000000001 0.1275 0.9487500000000001 0.11499999999999999
5 0.8862500000000001 0.14375 0.86625 0.14375 0.86625 0.15625 0.8862500000000001 0.15625 0.8862500000000001 0.14375
5 0.9112500000000001 0.155 0.8862500000000001 0.155 0.8862500000000001 0.16999999999999998 0.9112500000000001 0.16999999999999998 0.9112500000000001 0.155
5 0.89875 0.16499999999999998 0.88125 0.16499999999999998 0.88125 0.18 0.89875 0.18 0.89875 0.16499999999999998
5 0.9199999999999999 0.1775 0.9 0.1775 0.9 0.19 0.9199999999999999 0.19 0.9199999999999999 0.1775
5 0.93 0.1675 0.9099999999999999 0.1675 0.9099999999999999 0.18 0.93 0.18 0.93 0.1675
5 0.93625 0.18875 0.91875 0.18875 0.91875 0.20125 0.93625 0.20125 0.93625 0.18875
5 0.9550000000000001 0.185 0.9375 0.185 0.9375 0.1975 0.9550000000000001 0.1975 0.9550000000000001 0.185
5 0.9512499999999999 0.17250000000000001 0.93875 0.17250000000000001 0.93875 0.185 0.9512499999999999 0.185 0.9512499999999999 0.17250000000000001
5 0.9775 0.18625 0.96 0.18625 0.96 0.19624999999999998 0.9775 0.19624999999999998 0.9775 0.18625
5 0.95375 0.2 0.93625 0.2 0.93625 0.2125 0.95375 0.2125 0.95375 0.2
5 0.97625 0.20875 0.95625 0.20875 0.95625 0.22374999999999998 0.97625 0.22374999999999998 0.97625 0.20875
5 0.9974999999999999 0.21125 0.9800000000000001 0.21125 0.9800000000000001 0.22374999999999998 0.9974999999999999 0.22374999999999998 0.9974999999999999 0.21125
5 1 0.23125 0.98375 0.23125 0.98375 0.24375 1 0.24375 1 0.23125
5 0.7725 0.8162499999999999 0.755 0.8162499999999999 0.755 0.8237500000000001 0.7725 0.8237500000000001 0.7725 0.8162499999999999
5 0.85 0.78 0.8275 0.78 0.8275 0.795 0.85 0.795 0.85 0.78
5 0.465 0.775 0.445 0.775 0.445 0.8 0.465 0.8 0.465 0.775
5 0.5962500000000001 0.43 0.58375 0.43 0.58375 0.45 0.5962500000000001 0.45 0.5962500000000001 0.43
5 0.06999999999999999 0.205 0.052500000000000005 0.205 0.052500000000000005 0.22000000000000003 0.06999999999999999 0.22000000000000003 0.06999999999999999 0.205
5 0.67375 0.034999999999999996 0.65625 0.034999999999999996 0.65625 0.0475 0.67375 0.0475 0.67375 0.034999999999999996
5 0.7 0.6125 0.6875 0.6125 0.6875 0.62 0.7 0.62 0.7 0.6125
5 0.7825 0.56875 0.775 0.56875 0.775 0.57875 0.7825 0.57875 0.7825 0.56875
5 0.795 0.5625 0.7825 0.5625 0.7825 0.575 0.795 0.575 0.795 0.5625
5 0.8099999999999999 0.5575 0.795 0.5575 0.795 0.5700000000000001 0.8099999999999999 0.5700000000000001 0.8099999999999999 0.5575
5 0.82 0.55125 0.8074999999999999 0.55125 0.8074999999999999 0.56375 0.82 0.56375 0.82 0.55125
5 0.82875 0.54875 0.81875 0.54875 0.81875 0.5587500000000001 0.82875 0.5587500000000001 0.82875 0.54875
5 0.7162499999999999 0.63125 0.70125 0.63125 0.70125 0.64125 0.7162499999999999 0.64125 0.7162499999999999 0.63125
5 0.89 0.11875 0.8474999999999999 0.11875 0.8474999999999999 0.14375 0.89 0.14375 0.89 0.11875