5 0.29625 0.8800000000000001 0.28625 0.8800000000000001 0.28625 0.8975 0.29625 0.8975 0.29625 0.8800000000000001
5 0.11499999999999999 0.915 0.095 0.915 0.095 0.925 0.11499999999999999 0.925 0.11499999999999999 0.915
5 0.515 0.16625 0.49749999999999994 0.16625 0.49749999999999994 0.18625 0.515 0.18625 0.515 0.16625
5 0.45875000000000005 0.09375 0.43875000000000003 0.09375 0.43875000000000003 0.10874999999999999 0.45875000000000005 0.10874999999999999 0.45875000000000005 0.09375
5 0.44125 0.075 0.41875 0.075 0.41875 0.09 0.44125 0.09 0.44125 0.075
5 0.43125 0.06 0.41125 0.06 0.41125 0.075 0.43125 0.075 0.43125 0.06
5 0.42000000000000004 0.05 0.4 0.05 0.4 0.065 0.42000000000000004 0.065 0.42000000000000004 0.05
5 0.55625 0.24125000000000002 0.54125 0.24125000000000002 0.54125 0.25625 0.55625 0.25625 0.55625 0.24125000000000002
5 0.58125 0.3025 0.5662499999999999 0.3025 0.5662499999999999 0.3225 0.58125 0.3225 0.58125 0.3025
5 0.82 0.205 0.8025 0.205 0.8025 0.22000000000000003 0.82 0.22000000000000003 0.82 0.205
5 0.15125 0.88125 0.13374999999999998 0.88125 0.13374999999999998 0.9012499999999999 0.15125 0.9012499999999999 0.15125 0.88125