5 0 0.55375 0.0125 0.55375 0.0125 0.53625 0 0.53625 0 0.55375
5 0.025 0.54 0.0125 0.54 0.0125 0.5549999999999999 0.025 0.5549999999999999 0.025 0.54
5 0.03625 0.5425 0.02375 0.5425 0.02375 0.5599999999999999 0.03625 0.5599999999999999 0.03625 0.5425
5 0.28125 0.61125 0.27125 0.61125 0.27125 0.62375 0.28125 0.62375 0.28125 0.61125
5 0.29125 0.61125 0.28125 0.61125 0.28125 0.62625 0.29125 0.62625 0.29125 0.61125
5 0.30125 0.61 0.29125 0.61 0.29125 0.625 0.30125 0.625 0.30125 0.61
5 0.3125 0.61375 0.3025 0.61375 0.3025 0.6287499999999999 0.3125 0.6287499999999999 0.3125 0.61375
5 0.36 0.615 0.34500000000000003 0.615 0.34500000000000003 0.6325000000000001 0.36 0.6325000000000001 0.36 0.615
5 0.375 0.61625 0.3625 0.61625 0.3625 0.63375 0.375 0.63375 0.375 0.61625
5 0.385 0.61625 0.375 0.61625 0.375 0.63375 0.385 0.63375 0.385 0.61625
5 0.4 0.62 0.3875 0.62 0.3875 0.6375 0.4 0.6375 0.4 0.62
5 0.42874999999999996 0.65 0.41375 0.65 0.41375 0.6599999999999999 0.42874999999999996 0.6599999999999999 0.42874999999999996 0.65
5 0.485 0.65125 0.4625 0.65125 0.4625 0.6587500000000001 0.485 0.6587500000000001 0.485 0.65125
5 0 0.6 0.008749999999999999 0.6 0.008749999999999999 0.585 0 0.585 0 0.6
5 0.02375 0.5925 0.01125 0.5925 0.01125 0.6075 0.02375 0.6075 0.02375 0.5925
5 0.042499999999999996 0.6637500000000001 0.025 0.6637500000000001 0.025 0.67375 0.042499999999999996 0.67375 0.042499999999999996 0.6637500000000001
5 0.0375 0.59875 0.027500000000000004 0.59875 0.027500000000000004 0.61375 0.0375 0.61375 0.0375 0.59875
5 0.05125 0.5974999999999999 0.03875 0.5974999999999999 0.03875 0.615 0.05125 0.615 0.05125 0.5974999999999999
5 0.06875 0.61125 0.05625 0.61125 0.05625 0.62625 0.06875 0.62625 0.06875 0.61125
5 0.0775 0.6075 0.0675 0.6075 0.0675 0.6224999999999999 0.0775 0.6224999999999999 0.0775 0.6075
5 0.0725 0.64 0.05500000000000001 0.64 0.05500000000000001 0.6475 0.0725 0.6475 0.0725 0.64
5 0.13125 0.66625 0.11625 0.66625 0.11625 0.67375 0.13125 0.67375 0.13125 0.66625
5 0.155 0.7162499999999999 0.1325 0.7162499999999999 0.1325 0.7262500000000001 0.155 0.7262500000000001 0.155 0.7162499999999999
5 0.1 0.625 0.0875 0.625 0.0875 0.64 0.1 0.64 0.1 0.625
5 0.1125 0.6275000000000001 0.1 0.6275000000000001 0.1 0.64 0.1125 0.64 0.1125 0.6275000000000001
5 0.17375000000000002 0.65625 0.16375 0.65625 0.16375 0.66875 0.17375000000000002 0.66875 0.17375000000000002 0.65625
5 0.19624999999999998 0.73 0.17875000000000002 0.73 0.17875000000000002 0.74 0.19624999999999998 0.74 0.19624999999999998 0.73
5 0.14750000000000002 0.6287499999999999 0.135 0.6287499999999999 0.135 0.64125 0.14750000000000002 0.64125 0.14750000000000002 0.6287499999999999
5 0.16 0.6487499999999999 0.145 0.6487499999999999 0.145 0.6637500000000001 0.16 0.6637500000000001 0.16 0.6487499999999999
5 0.16875 0.64125 0.15625 0.64125 0.15625 0.6537499999999999 0.16875 0.6537499999999999 0.16875 0.64125
5 0.19125 0.64125 0.18125 0.64125 0.18125 0.6537499999999999 0.19125 0.6537499999999999 0.19125 0.64125
5 0.18125 0.64375 0.16875 0.64375 0.16875 0.6587500000000001 0.18125 0.6587500000000001 0.18125 0.64375
5 0.18625 0.6587500000000001 0.17375000000000002 0.6587500000000001 0.17375000000000002 0.67375 0.18625 0.67375 0.18625 0.6587500000000001
5 0.15375 0.6725 0.13374999999999998 0.6725 0.13374999999999998 0.6825 0.15375 0.6825 0.15375 0.6725
5 0.19125 0.6849999999999999 0.17124999999999999 0.6849999999999999 0.17124999999999999 0.6925 0.19125 0.6925 0.19125 0.6849999999999999
5 0.21375000000000002 0.68875 0.19375 0.68875 0.19375 0.69875 0.21375000000000002 0.69875 0.21375000000000002 0.68875
5 0.21000000000000002 0.65625 0.2 0.65625 0.2 0.67625 0.21000000000000002 0.67625 0.21000000000000002 0.65625
5 0.205 0.64375 0.1925 0.64375 0.1925 0.6587500000000001 0.205 0.6587500000000001 0.205 0.64375
5 0.1975 0.6587500000000001 0.1875 0.6587500000000001 0.1875 0.67375 0.1975 0.67375 0.1975 0.6587500000000001
5 0.225 0.65 0.21000000000000002 0.65 0.21000000000000002 0.665 0.225 0.665 0.225 0.65
5 0.22749999999999998 0.665 0.215 0.665 0.215 0.6799999999999999 0.22749999999999998 0.6799999999999999 0.22749999999999998 0.665
5 0.10874999999999999 0.7025 0.09125 0.7025 0.09125 0.7125 0.10874999999999999 0.7125 0.10874999999999999 0.7025
5 0.1625 0.70875 0.14250000000000002 0.70875 0.14250000000000002 0.71875 0.1625 0.71875 0.1625 0.70875
5 0.2475 0.67375 0.2325 0.67375 0.2325 0.68625 0.2475 0.68625 0.2475 0.67375
5 0.2475 0.6599999999999999 0.23500000000000001 0.6599999999999999 0.23500000000000001 0.6725 0.2475 0.6725 0.2475 0.6599999999999999
5 0.25875 0.655 0.24375 0.655 0.24375 0.67 0.25875 0.67 0.25875 0.655
5 0.26375000000000004 0.675 0.24874999999999997 0.675 0.24874999999999997 0.6900000000000001 0.26375000000000004 0.6900000000000001 0.26375000000000004 0.675
5 0.27125 0.67 0.25875 0.67 0.25875 0.6825 0.27125 0.6825 0.27125 0.67
5 0.25125000000000003 0.69875 0.23374999999999999 0.69875 0.23374999999999999 0.70875 0.25125000000000003 0.70875 0.25125000000000003 0.69875
5 0.26749999999999996 0.70375 0.2525 0.70375 0.2525 0.70875 0.26749999999999996 0.70875 0.26749999999999996 0.70375
5 0.28500000000000003 0.705 0.27 0.705 0.27 0.71 0.28500000000000003 0.71 0.28500000000000003 0.705
5 0.315 0.71375 0.3025 0.71375 0.3025 0.73125 0.315 0.73125 0.315 0.71375
5 0.325 0.7162499999999999 0.315 0.7162499999999999 0.315 0.72875 0.325 0.72875 0.325 0.7162499999999999
5 0.3525 0.79125 0.32999999999999996 0.79125 0.32999999999999996 0.8012499999999999 0.3525 0.8012499999999999 0.3525 0.79125
5 0.34375 0.7175 0.33125 0.7175 0.33125 0.735 0.34375 0.735 0.34375 0.7175
5 0.35625 0.7162499999999999 0.34375 0.7162499999999999 0.34375 0.73375 0.35625 0.73375 0.35625 0.7162499999999999
5 0.37124999999999997 0.71875 0.36124999999999996 0.71875 0.36124999999999996 0.73375 0.37124999999999997 0.73375 0.37124999999999997 0.71875
5 0.38375 0.71875 0.37374999999999997 0.71875 0.37374999999999997 0.73375 0.38375 0.73375 0.38375 0.71875
5 0.39375 0.7175 0.38375 0.7175 0.38375 0.7325 0.39375 0.7325 0.39375 0.7175
5 0.40625 0.7162499999999999 0.39625 0.7162499999999999 0.39625 0.73125 0.40625 0.73125 0.40625 0.7162499999999999
5 0.41500000000000004 0.7150000000000001 0.40499999999999997 0.7150000000000001 0.40499999999999997 0.73 0.41500000000000004 0.73 0.41500000000000004 0.7150000000000001
5 0.7025 0.675 0.6825 0.675 0.6825 0.6849999999999999 0.7025 0.6849999999999999 0.7025 0.675
5 0.61 0.5575 0.5900000000000001 0.5575 0.5900000000000001 0.5675 0.61 0.5675 0.61 0.5575
5 0.6174999999999999 0.5662499999999999 0.5974999999999999 0.5662499999999999 0.5974999999999999 0.57625 0.6174999999999999 0.57625 0.6174999999999999 0.5662499999999999
5 0.28250000000000003 0.65625 0.265 0.65625 0.265 0.67125 0.28250000000000003 0.67125 0.28250000000000003 0.65625
5 0.30125 0.6625 0.28625 0.6625 0.28625 0.6799999999999999 0.30125 0.6799999999999999 0.30125 0.6625
5 0.305 0.6799999999999999 0.2925 0.6799999999999999 0.2925 0.6950000000000001 0.305 0.6950000000000001 0.305 0.6799999999999999
5 0.31375000000000003 0.665 0.30125 0.665 0.30125 0.6799999999999999 0.31375000000000003 0.6799999999999999 0.31375000000000003 0.665
5 0.33375 0.6912499999999999 0.32125 0.6912499999999999 0.32125 0.70625 0.33375 0.70625 0.33375 0.6912499999999999
5 0.3175 0.6825 0.305 0.6825 0.305 0.6950000000000001 0.3175 0.6950000000000001 0.3175 0.6825
5 0.32625000000000004 0.6725 0.31375000000000003 0.6725 0.31375000000000003 0.6875 0.32625000000000004 0.6875 0.32625000000000004 0.6725
5 0.34875 0.67125 0.33625 0.67125 0.33625 0.68625 0.34875 0.68625 0.34875 0.67125
5 0.35625 0.6849999999999999 0.34375 0.6849999999999999 0.34375 0.7025 0.35625 0.7025 0.35625 0.6849999999999999
5 0.36124999999999996 0.6725 0.34875 0.6725 0.34875 0.6875 0.36124999999999996 0.6875 0.36124999999999996 0.6725
5 0.3675 0.68875 0.355 0.68875 0.355 0.70375 0.3675 0.70375 0.3675 0.68875
5 0.37875000000000003 0.6849999999999999 0.36625 0.6849999999999999 0.36625 0.7025 0.37875000000000003 0.7025 0.37875000000000003 0.6849999999999999
5 0.375 0.67125 0.36 0.67125 0.36 0.68625 0.375 0.68625 0.375 0.67125
5 0.385 0.67125 0.37 0.67125 0.37 0.68625 0.385 0.68625 0.385 0.67125
5 0.39125 0.6849999999999999 0.37875000000000003 0.6849999999999999 0.37875000000000003 0.7 0.39125 0.7 0.39125 0.6849999999999999
5 0.42125 0.6775 0.41125 0.6775 0.41125 0.6925 0.42125 0.6925 0.42125 0.6775
5 0.4025 0.68125 0.3875 0.68125 0.3875 0.69875 0.4025 0.69875 0.4025 0.68125
5 0.41375 0.6775 0.40125 0.6775 0.40125 0.6950000000000001 0.41375 0.6950000000000001 0.41375 0.6775
5 0.3975 0.66875 0.3825 0.66875 0.3825 0.6837500000000001 0.3975 0.6837500000000001 0.3975 0.66875
5 0.40750000000000003 0.66625 0.395 0.66625 0.395 0.67875 0.40750000000000003 0.67875 0.40750000000000003 0.66625
5 0.41624999999999995 0.6637500000000001 0.40625 0.6637500000000001 0.40625 0.67875 0.41624999999999995 0.67875 0.41624999999999995 0.6637500000000001
5 0.027500000000000004 0.5825 0.01 0.5825 0.01 0.595 0.027500000000000004 0.595 0.027500000000000004 0.5825
5 0.1025 0.6125 0.0875 0.6125 0.0875 0.625 0.1025 0.625 0.1025 0.6125
5 0.057499999999999996 0.595 0.0475 0.595 0.0475 0.6075 0.057499999999999996 0.6075 0.057499999999999996 0.595
5 0.08625000000000001 0.6224999999999999 0.07125000000000001 0.6224999999999999 0.07125000000000001 0.635 0.08625000000000001 0.635 0.08625000000000001 0.6224999999999999
5 0.08875 0.6125 0.07875 0.6125 0.07875 0.625 0.08875 0.625 0.08875 0.6125
5 0.12125 0.625 0.10874999999999999 0.625 0.10874999999999999 0.6375 0.12125 0.6375 0.12125 0.625
5 0.1275 0.6212500000000001 0.11750000000000001 0.6212500000000001 0.11750000000000001 0.63625 0.1275 0.63625 0.1275 0.6212500000000001
5 0.13999999999999999 0.64 0.13 0.64 0.13 0.655 0.13999999999999999 0.655 0.13999999999999999 0.64
5 0.125 0.64 0.11750000000000001 0.64 0.11750000000000001 0.6525000000000001 0.125 0.6525000000000001 0.125 0.64
5 0.29 0.67375 0.27749999999999997 0.67375 0.27749999999999997 0.68875 0.29 0.68875 0.29 0.67375
5 0.30125 0.705 0.28625 0.705 0.28625 0.7150000000000001 0.30125 0.7150000000000001 0.30125 0.705
5 0.33625 0.67375 0.32625000000000004 0.67375 0.32625000000000004 0.6837500000000001 0.33625 0.6837500000000001 0.33625 0.67375
5 0.3275 0.61375 0.3175 0.61375 0.3175 0.62375 0.3275 0.62375 0.3275 0.61375
5 0.34249999999999997 0.6875 0.3325 0.6875 0.3325 0.7 0.34249999999999997 0.7 0.34249999999999997 0.6875
5 0.6075 0.55625 0.595 0.55625 0.595 0.5662499999999999 0.6075 0.5662499999999999 0.6075 0.55625
5 0.6212500000000001 0.57375 0.60625 0.57375 0.60625 0.5862499999999999 0.6212500000000001 0.5862499999999999 0.6212500000000001 0.57375
5 0.42625 0.71 0.41624999999999995 0.71 0.41624999999999995 0.72 0.42625 0.72 0.42625 0.71
5 0.635 0.39375 0.62 0.39375 0.62 0.40875000000000006 0.635 0.40875000000000006 0.635 0.39375
5 0.54875 0.28250000000000003 0.5237499999999999 0.28250000000000003 0.5237499999999999 0.315 0.54875 0.315 0.54875 0.28250000000000003
5 0.8775000000000001 0.36375 0.8525 0.36375 0.8525 0.38375 0.8775000000000001 0.38375 0.8775000000000001 0.36375
5 0.89875 0.30125 0.86875 0.30125 0.86875 0.32375 0.89875 0.32375 0.89875 0.30125