5 0.7424999999999999 0.9199999999999999 0.7224999999999999 0.9199999999999999 0.7224999999999999 0.9949999999999999 0.7424999999999999 0.9949999999999999 0.7424999999999999 0.9199999999999999
5 0.49124999999999996 0.93125 0.48125 0.93125 0.48125 0.94625 0.49124999999999996 0.94625 0.49124999999999996 0.93125
5 0.46624999999999994 0.9675 0.45125000000000004 0.9675 0.45125000000000004 0.985 0.46624999999999994 0.985 0.46624999999999994 0.9675
5 0.44000000000000006 0.71875 0.42750000000000005 0.71875 0.42750000000000005 0.74125 0.44000000000000006 0.74125 0.44000000000000006 0.71875
5 0.42750000000000005 0.74375 0.4175 0.74375 0.4175 0.76125 0.42750000000000005 0.76125 0.42750000000000005 0.74375
5 0.41624999999999995 0.775 0.40374999999999994 0.775 0.40374999999999994 0.7925 0.41624999999999995 0.7925 0.41624999999999995 0.775
5 0.41 0.79375 0.3975 0.79375 0.3975 0.81125 0.41 0.81125 0.41 0.79375
5 0.16375 0.83625 0.15375 0.83625 0.15375 0.85125 0.16375 0.85125 0.16375 0.83625
5 0.11750000000000001 0.93875 0.10500000000000001 0.93875 0.10500000000000001 0.95875 0.11750000000000001 0.95875 0.11750000000000001 0.93875
5 0.44625000000000004 0.70375 0.43375 0.70375 0.43375 0.7212500000000001 0.44625000000000004 0.7212500000000001 0.44625000000000004 0.70375
5 0.8699999999999999 0.0925 0.86 0.0925 0.86 0.11000000000000001 0.8699999999999999 0.11000000000000001 0.8699999999999999 0.0925
5 0.9125 0.10625 0.9 0.10625 0.9 0.12625 0.9125 0.12625 0.9125 0.10625
5 0.60625 0.12125 0.5962500000000001 0.12125 0.5962500000000001 0.14125000000000001 0.60625 0.14125000000000001 0.60625 0.12125
5 0.63 0.13 0.6174999999999999 0.13 0.6174999999999999 0.14750000000000002 0.63 0.14750000000000002 0.63 0.13
5 0.425 0.17124999999999999 0.4025 0.17124999999999999 0.4025 0.18625 0.425 0.18625 0.425 0.17124999999999999
5 0.4025 0.22625 0.385 0.22625 0.385 0.24125000000000002 0.4025 0.24125000000000002 0.4025 0.22625
5 0.36625 0.18 0.34625 0.18 0.34625 0.1925 0.36625 0.1925 0.36625 0.18
5 0.25375000000000003 0.81125 0.23374999999999999 0.81125 0.23374999999999999 0.8237500000000001 0.25375000000000003 0.8237500000000001 0.25375000000000003 0.81125
5 0.8275 0.54875 0.8150000000000001 0.54875 0.8150000000000001 0.57375 0.8275 0.57375 0.8275 0.54875
5 0.88125 0.18875 0.8712500000000001 0.18875 0.8712500000000001 0.20875 0.88125 0.20875 0.88125 0.18875