5 0 0.08499999999999999 0.01 0.08499999999999999 0.01 0.0675 0 0.0675 0 0.08499999999999999
5 0.013750000000000002 0.10625 0.00375 0.10625 0.00375 0.12125 0.013750000000000002 0.12125 0.013750000000000002 0.10625
5 0.01125 0.18875 0.00125 0.18875 0.00125 0.20375000000000001 0.01125 0.20375000000000001 0.01125 0.18875
5 0.028749999999999998 0.20750000000000002 0.01875 0.20750000000000002 0.01875 0.22000000000000003 0.028749999999999998 0.22000000000000003 0.028749999999999998 0.20750000000000002
5 0.052500000000000005 0.28875 0.04 0.28875 0.04 0.30375 0.052500000000000005 0.30375 0.052500000000000005 0.28875
5 0.041249999999999995 0.31875 0.028749999999999998 0.31875 0.028749999999999998 0.33375 0.041249999999999995 0.33375 0.041249999999999995 0.31875
5 0.02375 0.16999999999999998 0.013750000000000002 0.16999999999999998 0.013750000000000002 0.185 0.02375 0.185 0.02375 0.16999999999999998
5 0.04375 0.265 0.03125 0.265 0.03125 0.27999999999999997 0.04375 0.27999999999999997 0.04375 0.265
5 0.05125 0.34875 0.041249999999999995 0.34875 0.041249999999999995 0.36124999999999996 0.05125 0.36124999999999996 0.05125 0.34875
5 0.0675 0.39625 0.052500000000000005 0.39625 0.052500000000000005 0.41125 0.0675 0.41125 0.0675 0.39625
5 0.08375 0.39 0.06875 0.39 0.06875 0.40750000000000003 0.08375 0.40750000000000003 0.08375 0.39
5 0.075 0.42750000000000005 0.0625 0.42750000000000005 0.0625 0.4425 0.075 0.4425 0.075 0.42750000000000005
5 0.1125 0.49749999999999994 0.095 0.49749999999999994 0.095 0.515 0.1125 0.515 0.1125 0.49749999999999994
5 0.15625 0.6425 0.14625 0.6425 0.14625 0.6599999999999999 0.15625 0.6599999999999999 0.15625 0.6425
5 0.13874999999999998 0.6912499999999999 0.12375 0.6912499999999999 0.12375 0.70875 0.13874999999999998 0.70875 0.13874999999999998 0.6912499999999999
5 0.11875 0.7175 0.09875 0.7175 0.09875 0.73 0.11875 0.73 0.11875 0.7175
5 0.0225 0.23625 0.0075 0.23625 0.0075 0.25375000000000003 0.0225 0.25375000000000003 0.0225 0.23625
5 0.065 0.3225 0.045 0.3225 0.045 0.3525 0.065 0.3525 0.065 0.3225
5 0.14875 0.34875 0.12375 0.34875 0.12375 0.36875 0.14875 0.36875 0.14875 0.34875
5 0.11374999999999999 0.33625 0.10124999999999999 0.33625 0.10124999999999999 0.34875 0.11374999999999999 0.34875 0.11374999999999999 0.33625
5 0.03125 0.27749999999999997 0.01875 0.27749999999999997 0.01875 0.29500000000000004 0.03125 0.29500000000000004 0.03125 0.27749999999999997
5 0.1 0.47375 0.08 0.47375 0.08 0.49375 0.1 0.49375 0.1 0.47375
5 0.09625 0.425 0.08125 0.425 0.08125 0.4425 0.09625 0.4425 0.09625 0.425
5 0.45 0.03625 0.42000000000000004 0.03625 0.42000000000000004 0.05625 0.45 0.05625 0.45 0.03625
5 0.4925 0.04875 0.4725 0.04875 0.4725 0.061250000000000006 0.4925 0.061250000000000006 0.4925 0.04875
5 0.51375 0.04875 0.49375 0.04875 0.49375 0.061250000000000006 0.51375 0.061250000000000006 0.51375 0.04875
5 0.5275000000000001 0.0375 0.5075000000000001 0.0375 0.5075000000000001 0.052500000000000005 0.5275000000000001 0.052500000000000005 0.5275000000000001 0.0375
5 0.51 0.09125 0.49000000000000005 0.09125 0.49000000000000005 0.10375000000000001 0.51 0.10375000000000001 0.51 0.09125
5 0.5375 0.09 0.52 0.09 0.52 0.1025 0.5375 0.1025 0.5375 0.09
5 0.57125 0.09625 0.55125 0.09625 0.55125 0.10874999999999999 0.57125 0.10874999999999999 0.57125 0.09625
5 0.605 0.09375 0.575 0.09375 0.575 0.10874999999999999 0.605 0.10874999999999999 0.605 0.09375
5 0.5900000000000001 0.12875 0.5725 0.12875 0.5725 0.14125000000000001 0.5900000000000001 0.14125000000000001 0.5900000000000001 0.12875
5 0.64625 0.13374999999999998 0.62625 0.13374999999999998 0.62625 0.14625 0.64625 0.14625 0.64625 0.13374999999999998
5 0.67625 0.12375 0.6587500000000001 0.12375 0.6587500000000001 0.13625 0.67625 0.13625 0.67625 0.12375
5 0.6325000000000001 0.16 0.6125 0.16 0.6125 0.17250000000000001 0.6325000000000001 0.17250000000000001 0.6325000000000001 0.16
5 0.6875 0.16 0.6725 0.16 0.6725 0.16999999999999998 0.6875 0.16999999999999998 0.6875 0.16
5 0.7125 0.16 0.6950000000000001 0.16 0.6950000000000001 0.16999999999999998 0.7125 0.16999999999999998 0.7125 0.16
5 0.7275 0.15375 0.7125 0.15375 0.7125 0.16625 0.7275 0.16625 0.7275 0.15375
5 0.6912499999999999 0.195 0.67375 0.195 0.67375 0.20750000000000002 0.6912499999999999 0.20750000000000002 0.6912499999999999 0.195
5 0.8125 0.20125 0.7975 0.20125 0.7975 0.21125 0.8125 0.21125 0.8125 0.20125
5 0.76625 0.22875 0.73625 0.22875 0.73625 0.24625 0.76625 0.24625 0.76625 0.22875
5 0.8425 0.22999999999999998 0.7575000000000001 0.22999999999999998 0.7575000000000001 0.275 0.8425 0.275 0.8425 0.22999999999999998
5 0.805 0.2225 0.7849999999999999 0.2225 0.7849999999999999 0.23500000000000001 0.805 0.23500000000000001 0.805 0.2225
5 0.85625 0.22749999999999998 0.8412499999999999 0.22749999999999998 0.8412499999999999 0.24 0.85625 0.24 0.85625 0.22749999999999998
5 0.8775000000000001 0.2525 0.86 0.2525 0.86 0.2625 0.8775000000000001 0.2625 0.8775000000000001 0.2525
5 0.8775000000000001 0.26375000000000004 0.8550000000000001 0.26375000000000004 0.8550000000000001 0.27625 0.8775000000000001 0.27625 0.8775000000000001 0.26375000000000004
5 0.9112500000000001 0.28250000000000003 0.89375 0.28250000000000003 0.89375 0.29500000000000004 0.9112500000000001 0.29500000000000004 0.9112500000000001 0.28250000000000003
5 0.96875 0.28125 0.94625 0.28125 0.94625 0.29874999999999996 0.96875 0.29874999999999996 0.96875 0.28125
5 0.95375 0.31124999999999997 0.93625 0.31124999999999997 0.93625 0.32625000000000004 0.95375 0.32625000000000004 0.95375 0.31124999999999997
5 1 0.35750000000000004 0.9800000000000001 0.35750000000000004 0.9800000000000001 0.375 1 0.375 1 0.35750000000000004
5 0.9962500000000001 0.34375 0.98125 0.34375 0.98125 0.35625 0.9962500000000001 0.35625 0.9962500000000001 0.34375
5 0.9974999999999999 0.16 0.9800000000000001 0.16 0.9800000000000001 0.17250000000000001 0.9974999999999999 0.17250000000000001 0.9974999999999999 0.16
5 0.9662499999999999 0.09125 0.94625 0.09125 0.94625 0.10375000000000001 0.9662499999999999 0.10375000000000001 0.9662499999999999 0.09125
5 0.975 0.30125 0.9574999999999999 0.30125 0.9574999999999999 0.31875 0.975 0.31875 0.975 0.30125
5 0.905 0.2525 0.8875 0.2525 0.8875 0.2625 0.905 0.2625 0.905 0.2525
5 0.7325 0.18625 0.7150000000000001 0.18625 0.7150000000000001 0.19624999999999998 0.7325 0.19624999999999998 0.7325 0.18625
5 0.22000000000000003 0.7125 0.20249999999999999 0.7125 0.20249999999999999 0.7275 0.22000000000000003 0.7275 0.22000000000000003 0.7125
5 0.23875000000000002 0.705 0.21875 0.705 0.21875 0.72 0.23875000000000002 0.72 0.23875000000000002 0.705
5 0.26749999999999996 0.7474999999999999 0.25 0.7474999999999999 0.25 0.765 0.26749999999999996 0.765 0.26749999999999996 0.7474999999999999
5 0.24625 0.7474999999999999 0.23125 0.7474999999999999 0.23125 0.7625 0.24625 0.7625 0.24625 0.7474999999999999
5 0.27125 0.77 0.25875 0.77 0.25875 0.7825 0.27125 0.7825 0.27125 0.77
5 0.2375 0.72375 0.21749999999999997 0.72375 0.21749999999999997 0.74375 0.2375 0.74375 0.2375 0.72375
5 0.25125000000000003 0.73 0.23625 0.73 0.23625 0.745 0.25125000000000003 0.745 0.25125000000000003 0.73
5 0.04 0.23500000000000001 0.025 0.23500000000000001 0.025 0.26 0.04 0.26 0.04 0.23500000000000001
5 0.725 0.19624999999999998 0.7075 0.19624999999999998 0.7075 0.20875 0.725 0.20875 0.725 0.19624999999999998
5 0.6375 0.15 0.6224999999999999 0.15 0.6224999999999999 0.16 0.6375 0.16 0.6375 0.15
5 0.4525 0.03375 0.4375 0.03375 0.4375 0.041249999999999995 0.4525 0.041249999999999995 0.4525 0.03375
5 0.08499999999999999 0.44625000000000004 0.0725 0.44625000000000004 0.0725 0.46624999999999994 0.08499999999999999 0.46624999999999994 0.08499999999999999 0.44625000000000004
5 0.25375000000000003 0.76 0.24125000000000002 0.76 0.24125000000000002 0.775 0.25375000000000003 0.775 0.25375000000000003 0.76
5 0.058750000000000004 0.75125 0.041249999999999995 0.75125 0.041249999999999995 0.75875 0.058750000000000004 0.75875 0.058750000000000004 0.75125
5 0.48125 0.28875 0.47125000000000006 0.28875 0.47125000000000006 0.30625 0.48125 0.30625 0.48125 0.28875
5 0.7825 0.19375 0.76 0.19375 0.76 0.20875 0.7825 0.20875 0.7825 0.19375
5 0.49000000000000005 0.2475 0.48250000000000004 0.2475 0.48250000000000004 0.2625 0.49000000000000005 0.2625 0.49000000000000005 0.2475