5 0.16499999999999998 0.8375 0.11000000000000001 0.8375 0.11000000000000001 0.8550000000000001 0.16499999999999998 0.8550000000000001 0.16499999999999998 0.8375
5 0.26875 0.06 0.24874999999999997 0.06 0.24874999999999997 0.0775 0.26875 0.0775 0.26875 0.06
5 0.365 0.06375 0.3525 0.06375 0.3525 0.08125 0.365 0.08125 0.365 0.06375
5 0.25875 0.75 0.24375 0.75 0.24375 0.77 0.25875 0.77 0.25875 0.75
5 0.34625 0.7975 0.33625 0.7975 0.33625 0.8150000000000001 0.34625 0.8150000000000001 0.34625 0.7975
5 0.3525 0.8375 0.335 0.8375 0.335 0.8574999999999999 0.3525 0.8574999999999999 0.3525 0.8375
5 0.6012500000000001 0.655 0.5862499999999999 0.655 0.5862499999999999 0.6725 0.6012500000000001 0.6725 0.6012500000000001 0.655
5 0.70625 0.1025 0.6837500000000001 0.1025 0.6837500000000001 0.1125 0.70625 0.1125 0.70625 0.1025
5 0.63 0.54 0.615 0.54 0.615 0.5599999999999999 0.63 0.5599999999999999 0.63 0.54
5 0.66625 0.53625 0.64625 0.53625 0.64625 0.54875 0.66625 0.54875 0.66625 0.53625
5 0.65 0.55 0.6375 0.55 0.6375 0.5725 0.65 0.5725 0.65 0.55
5 0.66875 0.55375 0.6537499999999999 0.55375 0.6537499999999999 0.57625 0.66875 0.57625 0.66875 0.55375
5 0.7025 0.55125 0.6775 0.55125 0.6775 0.5662499999999999 0.7025 0.5662499999999999 0.7025 0.55125
5 0.5599999999999999 0.63875 0.5425 0.63875 0.5425 0.65125 0.5599999999999999 0.65125 0.5599999999999999 0.63875
5 0.83125 0.00625 0.8012499999999999 0.00625 0.8012499999999999 0.021249999999999998 0.83125 0.021249999999999998 0.83125 0.00625
5 0.9112500000000001 0.12250000000000001 0.89125 0.12250000000000001 0.89125 0.135 0.9112500000000001 0.135 0.9112500000000001 0.12250000000000001
5 0.8262499999999999 0.31875 0.80375 0.31875 0.80375 0.32875 0.8262499999999999 0.32875 0.8262499999999999 0.31875
5 0.7525000000000001 0.30874999999999997 0.735 0.30874999999999997 0.735 0.31625000000000003 0.7525000000000001 0.31625000000000003 0.7525000000000001 0.30874999999999997
5 0.9962500000000001 0.6212500000000001 0.98125 0.6212500000000001 0.98125 0.63625 0.9962500000000001 0.63625 0.9962500000000001 0.6212500000000001
5 0.17124999999999999 0.865 0.16625 0.865 0.16625 0.875 0.17124999999999999 0.875 0.17124999999999999 0.865
5 0.15875 0.8225 0.10625 0.8225 0.10625 0.8425 0.15875 0.8425 0.15875 0.8225
5 0.5549999999999999 0.7112499999999999 0.5425 0.7112499999999999 0.5425 0.7212500000000001 0.5549999999999999 0.7212500000000001 0.5549999999999999 0.7112499999999999
5 0.74 0.35375 0.7275 0.35375 0.7275 0.36875 0.74 0.36875 0.74 0.35375
5 0.6537499999999999 0.48624999999999996 0.64125 0.48624999999999996 0.64125 0.50625 0.6537499999999999 0.50625 0.6537499999999999 0.48624999999999996
5 0.75625 0.08499999999999999 0.74125 0.08499999999999999 0.74125 0.1125 0.75625 0.1125 0.75625 0.08499999999999999
5 0.775 0.05 0.7625 0.05 0.7625 0.0675 0.775 0.0675 0.775 0.05
5 0.52125 0.29125 0.51125 0.29125 0.51125 0.30375 0.52125 0.30375 0.52125 0.29125
5 0.33999999999999997 0.3025 0.32999999999999996 0.3025 0.32999999999999996 0.3175 0.33999999999999997 0.3175 0.33999999999999997 0.3025
5 0.5575 0.79375 0.54 0.79375 0.54 0.80625 0.5575 0.80625 0.5575 0.79375
5 0.545 0.8125 0.5375 0.8125 0.5375 0.825 0.545 0.825 0.545 0.8125