5 0.22625 0.9737500000000001 0.20625 0.9737500000000001 0.20625 0.9887499999999999 0.22625 0.9887499999999999 0.22625 0.9737500000000001
5 0.16499999999999998 0.92875 0.14750000000000002 0.92875 0.14750000000000002 0.95375 0.16499999999999998 0.95375 0.16499999999999998 0.92875
5 0.1975 0.89375 0.1825 0.89375 0.1825 0.91875 0.1975 0.91875 0.1975 0.89375
5 0.2875 0.26125 0.265 0.26125 0.265 0.27375 0.2875 0.27375 0.2875 0.26125
5 0.315 0.275 0.3 0.275 0.3 0.29500000000000004 0.315 0.29500000000000004 0.315 0.275
5 0.37625000000000003 0.08625000000000001 0.36124999999999996 0.08625000000000001 0.36124999999999996 0.10874999999999999 0.37625000000000003 0.10874999999999999 0.37625000000000003 0.08625000000000001
5 0.38 0.061250000000000006 0.3675 0.061250000000000006 0.3675 0.07875 0.38 0.07875 0.38 0.061250000000000006
5 0.8462500000000001 0.0325 0.82125 0.0325 0.82125 0.045 0.8462500000000001 0.045 0.8462500000000001 0.0325
5 0.3525 0.61875 0.32999999999999996 0.61875 0.32999999999999996 0.63375 0.3525 0.63375 0.3525 0.61875
5 0.46375 0.6375 0.44375 0.6375 0.44375 0.65 0.46375 0.65 0.46375 0.6375
5 0.5700000000000001 0.635 0.545 0.635 0.545 0.6475 0.5700000000000001 0.6475 0.5700000000000001 0.635
5 0.83625 0.5862499999999999 0.82125 0.5862499999999999 0.82125 0.61125 0.83625 0.61125 0.83625 0.5862499999999999