5 0.125 0.16875 0.10500000000000001 0.16875 0.10500000000000001 0.17875000000000002 0.125 0.17875000000000002 0.125 0.16875
5 0.62 0.10124999999999999 0.605 0.10124999999999999 0.605 0.12125 0.62 0.12125 0.62 0.10124999999999999
5 0.615 0.12 0.6025 0.12 0.6025 0.135 0.615 0.135 0.615 0.12
5 0.6287499999999999 0.11750000000000001 0.61625 0.11750000000000001 0.61625 0.1375 0.6287499999999999 0.1375 0.6287499999999999 0.11750000000000001
5 0.6487499999999999 0.11374999999999999 0.63625 0.11374999999999999 0.63625 0.12875 0.6487499999999999 0.12875 0.6487499999999999 0.11374999999999999
5 0.44749999999999995 0.8225 0.43 0.8225 0.43 0.845 0.44749999999999995 0.845 0.44749999999999995 0.8225
5 0.5237499999999999 0.605 0.50875 0.605 0.50875 0.625 0.5237499999999999 0.625 0.5237499999999999 0.605
5 0.11875 0.8724999999999999 0.10375000000000001 0.8724999999999999 0.10375000000000001 0.89 0.11875 0.89 0.11875 0.8724999999999999
5 0.04625 0.81125 0.02375 0.81125 0.02375 0.82125 0.04625 0.82125 0.04625 0.81125
5 0.9625 0.98125 0.9400000000000001 0.98125 0.9400000000000001 0.9962500000000001 0.9625 0.9962500000000001 0.9625 0.98125
5 0.5325 0.83125 0.5075000000000001 0.83125 0.5075000000000001 0.8412499999999999 0.5325 0.8412499999999999 0.5325 0.83125
5 0.6537499999999999 0.5225 0.64125 0.5225 0.64125 0.54 0.6537499999999999 0.54 0.6537499999999999 0.5225