5 0.05625 0.59875 0.04625 0.59875 0.04625 0.61625 0.05625 0.61625 0.05625 0.59875
5 0.40499999999999997 0.5325 0.385 0.5325 0.385 0.5425 0.40499999999999997 0.5425 0.40499999999999997 0.5325
5 0.4025 0.5425 0.3825 0.5425 0.3825 0.5525 0.4025 0.5525 0.4025 0.5425
5 0.40374999999999994 0.5549999999999999 0.37875000000000003 0.5549999999999999 0.37875000000000003 0.5650000000000001 0.40374999999999994 0.5650000000000001 0.40374999999999994 0.5549999999999999
5 0.3975 0.5650000000000001 0.3775 0.5650000000000001 0.3775 0.5775 0.3975 0.5775 0.3975 0.5650000000000001
5 0.43125 0.5549999999999999 0.41875 0.5549999999999999 0.41875 0.5725 0.43125 0.5725 0.43125 0.5549999999999999
5 0.25125000000000003 0.3625 0.23125 0.3625 0.23125 0.3725 0.25125000000000003 0.3725 0.25125000000000003 0.3625
5 0.32 0.34500000000000003 0.3025 0.34500000000000003 0.3025 0.355 0.32 0.355 0.32 0.34500000000000003
5 0.16375 0.65625 0.15125 0.65625 0.15125 0.66875 0.16375 0.66875 0.16375 0.65625
5 0.2975 0.40499999999999997 0.29 0.40499999999999997 0.29 0.41500000000000004 0.2975 0.41500000000000004 0.2975 0.40499999999999997
5 0.43 0.365 0.40499999999999997 0.365 0.40499999999999997 0.375 0.43 0.375 0.43 0.365
5 0.425 0.35625 0.40499999999999997 0.35625 0.40499999999999997 0.36375 0.425 0.36375 0.425 0.35625
5 0.4325 0.37625000000000003 0.40750000000000003 0.37625000000000003 0.40750000000000003 0.38625 0.4325 0.38625 0.4325 0.37625000000000003
5 0.7474999999999999 0.66875 0.7375 0.66875 0.7375 0.6912499999999999 0.7474999999999999 0.6912499999999999 0.7474999999999999 0.66875
5 0.43875000000000003 0.63375 0.42874999999999996 0.63375 0.42874999999999996 0.6487499999999999 0.43875000000000003 0.6487499999999999 0.43875000000000003 0.63375
5 0.5275000000000001 0.0775 0.5025000000000001 0.0775 0.5025000000000001 0.095 0.5275000000000001 0.095 0.5275000000000001 0.0775
5 0.5675 0.09875 0.5525 0.09875 0.5525 0.11875 0.5675 0.11875 0.5675 0.09875
5 0.53 0.1025 0.5175 0.1025 0.5175 0.12 0.53 0.12 0.53 0.1025
5 0.50875 0.17124999999999999 0.49874999999999997 0.17124999999999999 0.49874999999999997 0.19125 0.50875 0.19125 0.50875 0.17124999999999999
5 0.9225 0.04625 0.9075 0.04625 0.9075 0.06625 0.9225 0.06625 0.9225 0.04625
5 0.7325 0.05625 0.7125 0.05625 0.7125 0.06625 0.7325 0.06625 0.7325 0.05625
5 0.76 0.7825 0.7424999999999999 0.7825 0.7424999999999999 0.8025 0.76 0.8025 0.76 0.7825
5 0.6900000000000001 0.9712500000000001 0.675 0.9712500000000001 0.675 0.9887499999999999 0.6900000000000001 0.9887499999999999 0.6900000000000001 0.9712500000000001