5 0.1875 0.96875 0.175 0.96875 0.175 0.9887499999999999 0.1875 0.9887499999999999 0.1875 0.96875
5 0.13 0.7162499999999999 0.12 0.7162499999999999 0.12 0.74375 0.13 0.74375 0.13 0.7162499999999999
5 0.21625 0.7125 0.20375000000000001 0.7125 0.20375000000000001 0.7325 0.21625 0.7325 0.21625 0.7125
5 0.38125 0.12250000000000001 0.36625 0.12250000000000001 0.36625 0.14750000000000002 0.38125 0.14750000000000002 0.38125 0.12250000000000001
5 0.39 0.17375000000000002 0.365 0.17375000000000002 0.365 0.22374999999999998 0.39 0.22374999999999998 0.39 0.17375000000000002
5 0.3275 0.3225 0.315 0.3225 0.315 0.34500000000000003 0.3275 0.34500000000000003 0.3275 0.3225
5 0.31625000000000003 0.3625 0.30375 0.3625 0.30375 0.3825 0.31625000000000003 0.3825 0.31625000000000003 0.3625
5 0.41500000000000004 0.67875 0.385 0.67875 0.385 0.69625 0.41500000000000004 0.69625 0.41500000000000004 0.67875
5 0.45625 0.665 0.43375 0.665 0.43375 0.6775 0.45625 0.6775 0.45625 0.665
5 0.49375 0.69375 0.47125000000000006 0.69375 0.47125000000000006 0.70625 0.49375 0.70625 0.49375 0.69375
5 0.5025000000000001 0.67375 0.48250000000000004 0.67375 0.48250000000000004 0.6837500000000001 0.5025000000000001 0.6837500000000001 0.5025000000000001 0.67375
5 0.52125 0.69625 0.49874999999999997 0.69625 0.49874999999999997 0.7112499999999999 0.52125 0.7112499999999999 0.52125 0.69625
5 0.5587500000000001 0.6799999999999999 0.5337500000000001 0.6799999999999999 0.5337500000000001 0.6950000000000001 0.5587500000000001 0.6950000000000001 0.5587500000000001 0.6799999999999999
5 0.60875 0.6912499999999999 0.58125 0.6912499999999999 0.58125 0.70625 0.60875 0.70625 0.60875 0.6912499999999999
5 0.58375 0.70875 0.5587500000000001 0.70875 0.5587500000000001 0.7262500000000001 0.58375 0.7262500000000001 0.58375 0.70875
5 0.63875 0.7175 0.61375 0.7175 0.61375 0.7325 0.63875 0.7325 0.63875 0.7175
5 0.2525 0.64375 0.2325 0.64375 0.2325 0.65625 0.2525 0.65625 0.2525 0.64375
5 0.55 0.62 0.525 0.62 0.525 0.645 0.55 0.645 0.55 0.62
5 0.5599999999999999 0.5900000000000001 0.5375 0.5900000000000001 0.5375 0.6075 0.5599999999999999 0.6075 0.5599999999999999 0.5900000000000001
5 0.96875 0.08 0.95375 0.08 0.95375 0.10500000000000001 0.96875 0.10500000000000001 0.96875 0.08