5 0.39375 0.5662499999999999 0.37875000000000003 0.5662499999999999 0.37875000000000003 0.58375 0.39375 0.58375 0.39375 0.5662499999999999
5 0.23125 0.8375 0.21125 0.8375 0.21125 0.8474999999999999 0.23125 0.8474999999999999 0.23125 0.8375
5 0.22125 0.875 0.20125 0.875 0.20125 0.89 0.22125 0.89 0.22125 0.875
5 0.12 0.885 0.10500000000000001 0.885 0.10500000000000001 0.9025000000000001 0.12 0.9025000000000001 0.12 0.885
5 0.9025000000000001 0.87375 0.8875 0.87375 0.8875 0.90625 0.9025000000000001 0.90625 0.9025000000000001 0.87375
5 0.6025 0.9075 0.5900000000000001 0.9075 0.5900000000000001 0.9225 0.6025 0.9225 0.6025 0.9075
5 0.96125 0.725 0.9487500000000001 0.725 0.9487500000000001 0.745 0.96125 0.745 0.96125 0.725
5 0.9175000000000001 0.805 0.905 0.805 0.905 0.82 0.9175000000000001 0.82 0.9175000000000001 0.805
5 0.88125 0.8262499999999999 0.8612500000000001 0.8262499999999999 0.8612500000000001 0.8387499999999999 0.88125 0.8387499999999999 0.88125 0.8262499999999999
5 0.9012499999999999 0.8300000000000001 0.8862500000000001 0.8300000000000001 0.8862500000000001 0.845 0.9012499999999999 0.845 0.9012499999999999 0.8300000000000001
5 0.9775 0.8474999999999999 0.96 0.8474999999999999 0.96 0.8574999999999999 0.9775 0.8574999999999999 0.9775 0.8474999999999999