5 1 0.025 0.99 0.025 0.99 0.042499999999999996 1 0.042499999999999996 1 0.025
5 1 0.1575 0.9887499999999999 0.1575 0.9887499999999999 0.1775 1 0.1775 1 0.1575
5 0.91875 0.38875000000000004 0.9037499999999999 0.38875000000000004 0.9037499999999999 0.40875000000000006 0.91875 0.40875000000000006 0.91875 0.38875000000000004
5 0.9262499999999999 0.3525 0.91375 0.3525 0.91375 0.37 0.9262499999999999 0.37 0.9262499999999999 0.3525
5 0.9 0.45625 0.8875 0.45625 0.8875 0.47125000000000006 0.9 0.47125000000000006 0.9 0.45625
5 0.8775000000000001 0.5 0.86 0.5 0.86 0.5125 0.8775000000000001 0.5125 0.8775000000000001 0.5
5 0.8400000000000001 0.6675 0.8225 0.6675 0.8225 0.6775 0.8400000000000001 0.6775 0.8400000000000001 0.6675
5 0.8074999999999999 0.8074999999999999 0.795 0.8074999999999999 0.795 0.825 0.8074999999999999 0.825 0.8074999999999999 0.8074999999999999
5 0.79125 0.8237500000000001 0.77625 0.8237500000000001 0.77625 0.8412499999999999 0.79125 0.8412499999999999 0.79125 0.8237500000000001
5 0.7837500000000001 0.89875 0.77125 0.89875 0.77125 0.91625 0.7837500000000001 0.91625 0.7837500000000001 0.89875
5 0.77625 0.92875 0.76375 0.92875 0.76375 0.9487500000000001 0.77625 0.9487500000000001 0.77625 0.92875
5 0.7837500000000001 0.9400000000000001 0.7737499999999999 0.9400000000000001 0.7737499999999999 0.96 0.7837500000000001 0.96 0.7837500000000001 0.9400000000000001
5 0.76375 0.9675 0.73875 0.9675 0.73875 0.9824999999999999 0.76375 0.9824999999999999 0.76375 0.9675
5 0.94375 0.83375 0.93125 0.83375 0.93125 0.8487500000000001 0.94375 0.8487500000000001 0.94375 0.83375
5 0.82 0.8975 0.8074999999999999 0.8975 0.8074999999999999 0.915 0.82 0.915 0.82 0.8975
5 0.81375 0.9275 0.80375 0.9275 0.80375 0.9400000000000001 0.81375 0.9400000000000001 0.81375 0.9275
5 0.8074999999999999 0.9625 0.79 0.9625 0.79 0.985 0.8074999999999999 0.985 0.8074999999999999 0.9625
5 0.865 0.68875 0.8525 0.68875 0.8525 0.70625 0.865 0.70625 0.865 0.68875