5 0.4125 0.94625 0.39249999999999996 0.94625 0.39249999999999996 0.95625 0.4125 0.95625 0.4125 0.94625
5 0.48250000000000004 0.96 0.4625 0.96 0.4625 0.97 0.48250000000000004 0.97 0.48250000000000004 0.96
5 0.3875 0.57375 0.38 0.57375 0.38 0.58875 0.3875 0.58875 0.3875 0.57375
5 0.35625 0.67875 0.34875 0.67875 0.34875 0.69375 0.35625 0.69375 0.35625 0.67875
5 0.95 0.16 0.9375 0.16 0.9375 0.175 0.95 0.175 0.95 0.16
5 0.57875 0.10375000000000001 0.56125 0.10375000000000001 0.56125 0.11374999999999999 0.57875 0.11374999999999999 0.57875 0.10375000000000001
5 0.80625 0.35750000000000004 0.7837500000000001 0.35750000000000004 0.7837500000000001 0.37 0.80625 0.37 0.80625 0.35750000000000004
5 0.34625 0.72 0.33375 0.72 0.33375 0.74 0.34625 0.74 0.34625 0.72
5 0.58375 0.79 0.56125 0.79 0.56125 0.8025 0.58375 0.8025 0.58375 0.79
5 0.61125 0.79375 0.58375 0.79375 0.58375 0.80625 0.61125 0.80625 0.61125 0.79375
5 0.59375 0.805 0.56875 0.805 0.56875 0.82 0.59375 0.82 0.59375 0.805
5 0.63375 0.7975 0.61375 0.7975 0.61375 0.805 0.63375 0.805 0.63375 0.7975
5 0.71 0.85375 0.6849999999999999 0.85375 0.6849999999999999 0.8637499999999999 0.71 0.8637499999999999 0.71 0.85375
5 0.6875 0.85 0.6625 0.85 0.6625 0.86 0.6875 0.86 0.6875 0.85
5 0.59375 0.97 0.57125 0.97 0.57125 0.9800000000000001 0.59375 0.9800000000000001 0.59375 0.97
5 0.32875 0.7275 0.31875 0.7275 0.31875 0.7424999999999999 0.32875 0.7424999999999999 0.32875 0.7275
5 0.2525 0.5475 0.24 0.5475 0.24 0.5625 0.2525 0.5625 0.2525 0.5475
5 0.13374999999999998 0.5025000000000001 0.11875 0.5025000000000001 0.11875 0.5175 0.13374999999999998 0.5175 0.13374999999999998 0.5025000000000001
5 0.24 0.47125000000000006 0.22999999999999998 0.47125000000000006 0.22999999999999998 0.48624999999999996 0.24 0.48624999999999996 0.24 0.47125000000000006
5 0.028749999999999998 0.15625 0.00625 0.15625 0.00625 0.16625 0.028749999999999998 0.16625 0.028749999999999998 0.15625
5 0.155 0.06875 0.14250000000000002 0.06875 0.14250000000000002 0.08375 0.155 0.08375 0.155 0.06875
5 0.7075 0.8625 0.6799999999999999 0.8625 0.6799999999999999 0.875 0.7075 0.875 0.7075 0.8625