5 0.19624999999999998 0.75875 0.18375 0.75875 0.18375 0.7787499999999999 0.19624999999999998 0.7787499999999999 0.19624999999999998 0.75875
5 0.1975 0.71875 0.1825 0.71875 0.1825 0.73875 0.1975 0.73875 0.1975 0.71875
5 0.23374999999999999 0.385 0.21625 0.385 0.21625 0.3975 0.23374999999999999 0.3975 0.23374999999999999 0.385
5 0.32 0.3725 0.305 0.3725 0.305 0.39 0.32 0.39 0.32 0.3725
5 0.30874999999999997 0.28375 0.29375 0.28375 0.29375 0.30375 0.30874999999999997 0.30375 0.30874999999999997 0.28375
5 0.35 0.25375000000000003 0.3375 0.25375000000000003 0.3375 0.26875 0.35 0.26875 0.35 0.25375000000000003
5 0.1375 0.14625 0.12250000000000001 0.14625 0.12250000000000001 0.15375 0.1375 0.15375 0.1375 0.14625
5 0.23625 0.16375 0.21875 0.16375 0.21875 0.17375000000000002 0.23625 0.17375000000000002 0.23625 0.16375
5 0.3525 0.06625 0.32999999999999996 0.06625 0.32999999999999996 0.07625 0.3525 0.07625 0.3525 0.06625
5 0.69875 0.28125 0.6837500000000001 0.28125 0.6837500000000001 0.29625 0.69875 0.29625 0.69875 0.28125
5 0.98375 0.32375 0.96125 0.32375 0.96125 0.33375 0.98375 0.33375 0.98375 0.32375
5 0.5075000000000001 0.2475 0.49000000000000005 0.2475 0.49000000000000005 0.255 0.5075000000000001 0.255 0.5075000000000001 0.2475
5 0.40625 0.23125 0.38625 0.23125 0.38625 0.24125000000000002 0.40625 0.24125000000000002 0.40625 0.23125
5 0.47625 0.465 0.46125 0.465 0.46125 0.4725 0.47625 0.4725 0.47625 0.465
5 0.61125 0.74125 0.59375 0.74125 0.59375 0.75125 0.61125 0.75125 0.61125 0.74125
5 0.6799999999999999 0.7424999999999999 0.6599999999999999 0.7424999999999999 0.6599999999999999 0.7525000000000001 0.6799999999999999 0.7525000000000001 0.6799999999999999 0.7424999999999999
5 0.21749999999999997 0.98375 0.1975 0.98375 0.1975 0.99375 0.21749999999999997 0.99375 0.21749999999999997 0.98375
5 0.6775 0.875 0.6625 0.875 0.6625 0.885 0.6775 0.885 0.6775 0.875
5 0.9724999999999999 0.7474999999999999 0.9625 0.7474999999999999 0.9625 0.7625 0.9724999999999999 0.7625 0.9724999999999999 0.7474999999999999
5 0.985 0.75125 0.9724999999999999 0.75125 0.9724999999999999 0.76625 0.985 0.76625 0.985 0.75125
5 0.82 0.75125 0.8025 0.75125 0.8025 0.75875 0.82 0.75875 0.82 0.75125
5 0.8862500000000001 0.7625 0.85875 0.7625 0.85875 0.7725 0.8862500000000001 0.7725 0.8862500000000001 0.7625
5 0.8150000000000001 0.77125 0.8025 0.77125 0.8025 0.7787499999999999 0.8150000000000001 0.7787499999999999 0.8150000000000001 0.77125