5 0.89875 0.6 0.8787499999999999 0.6 0.8787499999999999 0.61 0.89875 0.61 0.89875 0.6
5 0.94625 0.5037499999999999 0.93625 0.5037499999999999 0.93625 0.52125 0.94625 0.52125 0.94625 0.5037499999999999
5 0.54875 0.7825 0.5387500000000001 0.7825 0.5387500000000001 0.8 0.54875 0.8 0.54875 0.7825
5 0.31875 0.7525000000000001 0.29375 0.7525000000000001 0.29375 0.765 0.31875 0.765 0.31875 0.7525000000000001
5 0.69625 0.5349999999999999 0.67875 0.5349999999999999 0.67875 0.545 0.69625 0.545 0.69625 0.5349999999999999
5 0.9824999999999999 0.095 0.9675 0.095 0.9675 0.11499999999999999 0.9824999999999999 0.11499999999999999 0.9824999999999999 0.095
5 0.6825 0.9487500000000001 0.67 0.9487500000000001 0.67 0.9637499999999999 0.6825 0.9637499999999999 0.6825 0.9487500000000001
5 0.01875 0.42000000000000004 0.00375 0.42000000000000004 0.00375 0.42750000000000005 0.01875 0.42750000000000005 0.01875 0.42000000000000004
5 0.25375000000000003 0.485 0.23625 0.485 0.23625 0.495 0.25375000000000003 0.495 0.25375000000000003 0.485
5 0.32625000000000004 0.5650000000000001 0.31124999999999997 0.5650000000000001 0.31124999999999997 0.585 0.32625000000000004 0.585 0.32625000000000004 0.5650000000000001
5 0.3025 0.61125 0.28250000000000003 0.61125 0.28250000000000003 0.6287499999999999 0.3025 0.6287499999999999 0.3025 0.61125
5 0.3075 0.6587500000000001 0.2925 0.6587500000000001 0.2925 0.67875 0.3075 0.67875 0.3075 0.6587500000000001
5 0.24500000000000002 0.83625 0.225 0.83625 0.225 0.8462500000000001 0.24500000000000002 0.8462500000000001 0.24500000000000002 0.83625
5 0.6425 0.11125 0.6174999999999999 0.11125 0.6174999999999999 0.12625 0.6425 0.12625 0.6425 0.11125
5 0.6425 0.10124999999999999 0.62 0.10124999999999999 0.62 0.11374999999999999 0.6425 0.11374999999999999 0.6425 0.10124999999999999
5 0.495 0.11875 0.4725 0.11875 0.4725 0.13625 0.495 0.13625 0.495 0.11875
5 0.4925 0.1375 0.47000000000000003 0.1375 0.47000000000000003 0.1525 0.4925 0.1525 0.4925 0.1375
5 0.08 0.9625 0.0675 0.9625 0.0675 0.9800000000000001 0.08 0.9800000000000001 0.08 0.9625
5 0.14250000000000002 0.92875 0.125 0.92875 0.125 0.9412499999999999 0.14250000000000002 0.9412499999999999 0.14250000000000002 0.92875
5 0.195 0.66875 0.1775 0.66875 0.1775 0.67875 0.195 0.67875 0.195 0.66875
5 0.09125 0.9199999999999999 0.07375000000000001 0.9199999999999999 0.07375000000000001 0.9275 0.09125 0.9275 0.09125 0.9199999999999999
5 0.73875 0.11374999999999999 0.7262500000000001 0.11374999999999999 0.7262500000000001 0.13374999999999998 0.73875 0.13374999999999998 0.73875 0.11374999999999999
5 0.7525000000000001 0.05625 0.7424999999999999 0.05625 0.7424999999999999 0.07375000000000001 0.7525000000000001 0.07375000000000001 0.7525000000000001 0.05625
5 0.43125 0.5825 0.40625 0.5825 0.40625 0.6025 0.43125 0.6025 0.43125 0.5825
5 0.54625 0.7625 0.52625 0.7625 0.52625 0.7725 0.54625 0.7725 0.54625 0.7625
5 0.6012500000000001 0.6875 0.5862499999999999 0.6875 0.5862499999999999 0.7125 0.6012500000000001 0.7125 0.6012500000000001 0.6875