5 0.63375 0.06999999999999999 0.61375 0.06999999999999999 0.61375 0.08249999999999999 0.63375 0.08249999999999999 0.63375 0.06999999999999999
5 0.93 0.66875 0.9175000000000001 0.66875 0.9175000000000001 0.68625 0.93 0.68625 0.93 0.66875
5 0.9425000000000001 0.7775000000000001 0.9225 0.7775000000000001 0.9225 0.79 0.9425000000000001 0.79 0.9425000000000001 0.7775000000000001
5 0.3225 0.18 0.315 0.18 0.315 0.1875 0.3225 0.1875 0.3225 0.18
5 0.17375000000000002 0 0.17375000000000002 0.0125 0.19624999999999998 0.0125 0.19624999999999998 0 0.17375000000000002 0
5 0.29375 0.01625 0.26875 0.01625 0.26875 0.028749999999999998 0.29375 0.028749999999999998 0.29375 0.01625
5 0.3025 0.03625 0.27999999999999997 0.03625 0.27999999999999997 0.04625 0.3025 0.04625 0.3025 0.03625
5 0.525 0.08125 0.5 0.08125 0.5 0.09375 0.525 0.09375 0.525 0.08125
5 0.29625 0.25625 0.28375 0.25625 0.28375 0.27125 0.29625 0.27125 0.29625 0.25625
5 0.4225 0.43125 0.41 0.43125 0.41 0.44625000000000004 0.4225 0.44625000000000004 0.4225 0.43125
5 0.59375 0.34500000000000003 0.58125 0.34500000000000003 0.58125 0.3625 0.59375 0.3625 0.59375 0.34500000000000003
5 0.49375 0.385 0.47375 0.385 0.47375 0.395 0.49375 0.395 0.49375 0.385
5 0.16 0.7224999999999999 0.15 0.7224999999999999 0.15 0.74 0.16 0.74 0.16 0.7224999999999999
5 0.45125000000000004 0.45625 0.42874999999999996 0.45625 0.42874999999999996 0.48875 0.45125000000000004 0.48875 0.45125000000000004 0.45625
5 0.18375 0.7825 0.16125 0.7825 0.16125 0.805 0.18375 0.805 0.18375 0.7825
5 0.24375 0.7737499999999999 0.20625 0.7737499999999999 0.20625 0.7887500000000001 0.24375 0.7887500000000001 0.24375 0.7737499999999999
5 0.20875 0.79625 0.18875 0.79625 0.18875 0.80375 0.20875 0.80375 0.20875 0.79625
5 0.63875 0.85375 0.62625 0.85375 0.62625 0.8712500000000001 0.63875 0.8712500000000001 0.63875 0.85375
5 0.6025 0.8150000000000001 0.5875 0.8150000000000001 0.5875 0.825 0.6025 0.825 0.6025 0.8150000000000001
5 0.7737499999999999 0.87375 0.76125 0.87375 0.76125 0.89375 0.7737499999999999 0.89375 0.7737499999999999 0.87375
5 0.50125 0.7075 0.49124999999999996 0.7075 0.49124999999999996 0.7224999999999999 0.50125 0.7224999999999999 0.50125 0.7075
5 0.22625 0.5775 0.21625 0.5775 0.21625 0.5875 0.22625 0.5875 0.22625 0.5775
5 0.64375 0.49000000000000005 0.63625 0.49000000000000005 0.63625 0.5 0.64375 0.5 0.64375 0.49000000000000005
5 0.9800000000000001 0.445 0.9675 0.445 0.9675 0.45999999999999996 0.9800000000000001 0.45999999999999996 0.9800000000000001 0.445
5 0.2375 0.38 0.2225 0.38 0.2225 0.39 0.2375 0.39 0.2375 0.38
5 0.265 0.40374999999999994 0.2425 0.40374999999999994 0.2425 0.41875 0.265 0.41875 0.265 0.40374999999999994
5 0.9425000000000001 0.19624999999999998 0.9324999999999999 0.19624999999999998 0.9324999999999999 0.20875 0.9425000000000001 0.20875 0.9425000000000001 0.19624999999999998