5 0.0725 0.9199999999999999 0.0675 0.9199999999999999 0.0675 0.9349999999999999 0.0725 0.9349999999999999 0.0725 0.9199999999999999
5 0.6025 0.96125 0.5900000000000001 0.96125 0.5900000000000001 0.98375 0.6025 0.98375 0.6025 0.96125
5 0.8012499999999999 0.8800000000000001 0.79125 0.8800000000000001 0.79125 0.8975 0.8012499999999999 0.8975 0.8012499999999999 0.8800000000000001
5 0.49000000000000005 0.95625 0.47750000000000004 0.95625 0.47750000000000004 0.9737500000000001 0.49000000000000005 0.9737500000000001 0.49000000000000005 0.95625
5 0.4925 0.95625 0.475 0.95625 0.475 0.97625 0.4925 0.97625 0.4925 0.95625
5 0.35875 0.9712500000000001 0.34375 0.9712500000000001 0.34375 0.9962500000000001 0.35875 0.9962500000000001 0.35875 0.9712500000000001
5 0.1325 0.85 0.12 0.85 0.12 0.8775000000000001 0.1325 0.8775000000000001 0.1325 0.85
5 0.061250000000000006 1 0.061250000000000006 0.985 0.04375 0.985 0.04375 1 0.061250000000000006 1
5 0.49874999999999997 0.8474999999999999 0.46875 0.8474999999999999 0.46875 0.8675 0.49874999999999997 0.8675 0.49874999999999997 0.8474999999999999
5 0.76375 0.9737500000000001 0.74125 0.9737500000000001 0.74125 0.9962500000000001 0.76375 0.9962500000000001 0.76375 0.9737500000000001
5 0.5025000000000001 0.8637499999999999 0.4725 0.8637499999999999 0.4725 0.87625 0.5025000000000001 0.87625 0.5025000000000001 0.8637499999999999
5 0.09 0.915 0.075 0.915 0.075 0.9375 0.09 0.9375 0.09 0.915
5 0.041249999999999995 0.95625 0.013750000000000002 0.95625 0.013750000000000002 0.97875 0.041249999999999995 0.97875 0.041249999999999995 0.95625
5 0.99125 0.9662499999999999 0.95875 0.9662499999999999 0.95875 0.9887499999999999 0.99125 0.9887499999999999 0.99125 0.9662499999999999
5 0.42125 0.8925000000000001 0.40374999999999994 0.8925000000000001 0.40374999999999994 0.915 0.42125 0.915 0.42125 0.8925000000000001
5 0.55 0.83125 0.5225 0.83125 0.5225 0.8462500000000001 0.55 0.8462500000000001 0.55 0.83125
5 0.04625 0.97 0.021249999999999998 0.97 0.021249999999999998 0.9824999999999999 0.04625 0.9824999999999999 0.04625 0.97
5 0.505 0.8825 0.48 0.8825 0.48 0.8975 0.505 0.8975 0.505 0.8825
5 0.4025 0.87625 0.385 0.87625 0.385 0.89625 0.4025 0.89625 0.4025 0.87625