5 0.6599999999999999 0.85 0.6375 0.85 0.6375 0.865 0.6599999999999999 0.865 0.6599999999999999 0.85
5 0.20125 0.83625 0.18875 0.83625 0.18875 0.86625 0.20125 0.86625 0.20125 0.83625
5 0.18 0.6625 0.1675 0.6625 0.1675 0.6775 0.18 0.6775 0.18 0.6625
5 0.19 0.7837500000000001 0.16999999999999998 0.7837500000000001 0.16999999999999998 0.79375 0.19 0.79375 0.19 0.7837500000000001
5 0.51375 0.835 0.48875 0.835 0.48875 0.8474999999999999 0.51375 0.8474999999999999 0.51375 0.835
5 0.61875 0.6725 0.5962500000000001 0.6725 0.5962500000000001 0.6849999999999999 0.61875 0.6849999999999999 0.61875 0.6725
5 0.45499999999999996 0.81125 0.4325 0.81125 0.4325 0.82125 0.45499999999999996 0.82125 0.45499999999999996 0.81125
5 0.8225 0.16999999999999998 0.8175000000000001 0.16999999999999998 0.8175000000000001 0.185 0.8225 0.185 0.8225 0.16999999999999998
5 0.66875 0.36625 0.6587500000000001 0.36625 0.6587500000000001 0.38125 0.66875 0.38125 0.66875 0.36625
5 0.76125 0.70125 0.7462500000000001 0.70125 0.7462500000000001 0.7112499999999999 0.76125 0.7112499999999999 0.76125 0.70125
5 0.36875 0.33999999999999997 0.35125 0.33999999999999997 0.35125 0.3525 0.36875 0.3525 0.36875 0.33999999999999997
5 0.51375 0.365 0.49124999999999996 0.365 0.49124999999999996 0.3825 0.51375 0.3825 0.51375 0.365
5 0.1875 0.8375 0.175 0.8375 0.175 0.8625 0.1875 0.8625 0.1875 0.8375
5 0.765 0.8074999999999999 0.7424999999999999 0.8074999999999999 0.7424999999999999 0.82 0.765 0.82 0.765 0.8074999999999999
5 0.4425 0.6625 0.4225 0.6625 0.4225 0.675 0.4425 0.675 0.4425 0.6625
5 0.81125 0.54 0.78625 0.54 0.78625 0.5549999999999999 0.81125 0.5549999999999999 0.81125 0.54
5 0.77 0.79875 0.7424999999999999 0.79875 0.7424999999999999 0.81125 0.77 0.81125 0.77 0.79875
5 0.175 0.8375 0.1575 0.8375 0.1575 0.8625 0.175 0.8625 0.175 0.8375
5 0.76125 0.8162499999999999 0.73875 0.8162499999999999 0.73875 0.83375 0.76125 0.83375 0.76125 0.8162499999999999
5 0.5 0.22374999999999998 0.48250000000000004 0.22374999999999998 0.48250000000000004 0.25375000000000003 0.5 0.25375000000000003 0.5 0.22374999999999998
5 0.38375 0.375 0.36375 0.375 0.36375 0.395 0.38375 0.395 0.38375 0.375
5 0.5349999999999999 0.5025000000000001 0.5125 0.5025000000000001 0.5125 0.5125 0.5349999999999999 0.5125 0.5349999999999999 0.5025000000000001
5 0.8825 0.1 0.8699999999999999 0.1 0.8699999999999999 0.1275 0.8825 0.1275 0.8825 0.1
5 0.52 0.47125000000000006 0.49749999999999994 0.47125000000000006 0.49749999999999994 0.48624999999999996 0.52 0.48624999999999996 0.52 0.47125000000000006
5 0.6775 0.6525000000000001 0.6525000000000001 0.6525000000000001 0.6525000000000001 0.6675 0.6775 0.6675 0.6775 0.6525000000000001
5 0.7275 0.35875 0.7075 0.35875 0.7075 0.37625000000000003 0.7275 0.37625000000000003 0.7275 0.35875
5 0.81125 0.23500000000000001 0.79375 0.23500000000000001 0.79375 0.26 0.81125 0.26 0.81125 0.23500000000000001
5 0.5475 0.5662499999999999 0.5325 0.5662499999999999 0.5325 0.58875 0.5475 0.58875 0.5475 0.5662499999999999
5 0.69375 0.66625 0.67625 0.66625 0.67625 0.6837500000000001 0.69375 0.6837500000000001 0.69375 0.66625
5 0.8400000000000001 0.16499999999999998 0.825 0.16499999999999998 0.825 0.1875 0.8400000000000001 0.1875 0.8400000000000001 0.16499999999999998
5 0.79125 0.20625 0.76375 0.20625 0.76375 0.22875 0.79125 0.22875 0.79125 0.20625
5 0.52625 0.48125 0.49375 0.48125 0.49375 0.49375 0.52625 0.49375 0.52625 0.48125
5 0.92125 0.75 0.9012499999999999 0.75 0.9012499999999999 0.7625 0.92125 0.7625 0.92125 0.75
5 0.7075 0.6125 0.6875 0.6125 0.6875 0.6375 0.7075 0.6375 0.7075 0.6125
5 0.375 0.35 0.355 0.35 0.355 0.3625 0.375 0.3625 0.375 0.35
5 0.74875 0.74375 0.74125 0.74375 0.74125 0.76875 0.74875 0.76875 0.74875 0.74375
5 0.5225 0.39375 0.505 0.39375 0.505 0.41125 0.5225 0.41125 0.5225 0.39375
5 0.79625 0.22000000000000003 0.77125 0.22000000000000003 0.77125 0.2325 0.79625 0.2325 0.79625 0.22000000000000003
5 0.38625 0.36124999999999996 0.36124999999999996 0.36124999999999996 0.36124999999999996 0.37374999999999997 0.38625 0.37374999999999997 0.38625 0.36124999999999996
5 0.5325 0.49000000000000005 0.505 0.49000000000000005 0.505 0.505 0.5325 0.505 0.5325 0.49000000000000005