5 0.6950000000000001 0.05625 0.6775 0.05625 0.6775 0.07125000000000001 0.6950000000000001 0.07125000000000001 0.6950000000000001 0.05625
5 0.46624999999999994 0.39125 0.44875 0.39125 0.44875 0.40625 0.46624999999999994 0.40625 0.46624999999999994 0.39125
5 0.45125000000000004 0.39625 0.43624999999999997 0.39625 0.43624999999999997 0.41125 0.45125000000000004 0.41125 0.45125000000000004 0.39625
5 0.4375 0.38 0.425 0.38 0.425 0.3975 0.4375 0.3975 0.4375 0.38
5 0.85 0.51125 0.8275 0.51125 0.8275 0.52625 0.85 0.52625 0.85 0.51125
5 0.45625 0.04 0.43875000000000003 0.04 0.43875000000000003 0.05500000000000001 0.45625 0.05500000000000001 0.45625 0.04
5 0.46375 0.275 0.43875000000000003 0.275 0.43875000000000003 0.29 0.46375 0.29 0.46375 0.275
5 0.60875 0.2375 0.58875 0.2375 0.58875 0.2475 0.60875 0.2475 0.60875 0.2375
5 0.5075000000000001 0.7375 0.4875 0.7375 0.4875 0.75 0.5075000000000001 0.75 0.5075000000000001 0.7375
5 0.50875 0.8087500000000001 0.48875 0.8087500000000001 0.48875 0.8237500000000001 0.50875 0.8237500000000001 0.50875 0.8087500000000001
5 0.615 0.9237500000000001 0.6 0.9237500000000001 0.6 0.9412499999999999 0.615 0.9412499999999999 0.615 0.9237500000000001
5 0.82 0.9662499999999999 0.8 0.9662499999999999 0.8 0.98125 0.82 0.98125 0.82 0.9662499999999999
5 0.30625 0.94625 0.28625 0.94625 0.28625 0.95875 0.30625 0.95875 0.30625 0.94625
5 0.38625 0.87625 0.36875 0.87625 0.36875 0.8887499999999999 0.38625 0.8887499999999999 0.38625 0.87625
5 0.73625 0.56875 0.71875 0.56875 0.71875 0.58375 0.73625 0.58375 0.73625 0.56875
5 0.5025000000000001 0.7175 0.48 0.7175 0.48 0.735 0.5025000000000001 0.735 0.5025000000000001 0.7175
5 0.47874999999999995 0.70375 0.46375 0.70375 0.46375 0.7162499999999999 0.47874999999999995 0.7162499999999999 0.47874999999999995 0.70375
5 0.4375 0.83125 0.395 0.83125 0.395 0.86875 0.4375 0.86875 0.4375 0.83125
5 0.83375 0.9525 0.81875 0.9525 0.81875 0.9650000000000001 0.83375 0.9650000000000001 0.83375 0.9525
5 0.8275 0.9375 0.8074999999999999 0.9375 0.8074999999999999 0.9525 0.8275 0.9525 0.8275 0.9375
5 0.6912499999999999 0.24 0.66125 0.24 0.66125 0.26 0.6912499999999999 0.26 0.6912499999999999 0.24
5 0.71 0.26125 0.6849999999999999 0.26125 0.6849999999999999 0.27875 0.71 0.27875 0.71 0.26125
5 0.1375 0.6325000000000001 0.11750000000000001 0.6325000000000001 0.11750000000000001 0.65 0.1375 0.65 0.1375 0.6325000000000001
5 0.76 0.05500000000000001 0.74 0.05500000000000001 0.74 0.0725 0.76 0.0725 0.76 0.05500000000000001
5 0.43499999999999994 0.28375 0.4175 0.28375 0.4175 0.29874999999999996 0.43499999999999994 0.29874999999999996 0.43499999999999994 0.28375
5 0.27 0.5387500000000001 0.2475 0.5387500000000001 0.2475 0.55375 0.27 0.55375 0.27 0.5387500000000001