5 0.03125 0.00625 0.01625 0.00625 0.01625 0.02375 0.03125 0.02375 0.03125 0.00625
5 0.034999999999999996 0.075 0.02 0.075 0.02 0.095 0.034999999999999996 0.095 0.034999999999999996 0.075
5 0 0.28375 0.01625 0.28375 0.01625 0.21125 0 0.21125 0 0.28375
5 0.17625 0.255 0.15875 0.255 0.15875 0.27749999999999997 0.17625 0.27749999999999997 0.17625 0.255
5 0.16 0.3725 0.14250000000000002 0.3725 0.14250000000000002 0.395 0.16 0.395 0.16 0.3725
5 0.02375 0.37625000000000003 0.008749999999999999 0.37625000000000003 0.008749999999999999 0.39625 0.02375 0.39625 0.02375 0.37625000000000003
5 0.10375000000000001 0.81875 0.08875 0.81875 0.08875 0.8387499999999999 0.10375000000000001 0.8387499999999999 0.10375000000000001 0.81875
5 0.40750000000000003 0.28375 0.3875 0.28375 0.3875 0.29625 0.40750000000000003 0.29625 0.40750000000000003 0.28375
5 0.16 0.81875 0.1375 0.81875 0.1375 0.83375 0.16 0.83375 0.16 0.81875
5 0.10375000000000001 0.8975 0.09125 0.8975 0.09125 0.9199999999999999 0.10375000000000001 0.9199999999999999 0.10375000000000001 0.8975
5 0.1125 0.9550000000000001 0.095 0.9550000000000001 0.095 0.9724999999999999 0.1125 0.9724999999999999 0.1125 0.9550000000000001
5 0.11000000000000001 1 0.11000000000000001 0.9875 0.095 0.9875 0.095 1 0.11000000000000001 1
5 0.08499999999999999 0.1375 0.052500000000000005 0.1375 0.052500000000000005 0.22749999999999998 0.08499999999999999 0.22749999999999998 0.08499999999999999 0.1375
5 0.8237500000000001 0.44625000000000004 0.81375 0.44625000000000004 0.81375 0.46125 0.8237500000000001 0.46125 0.8237500000000001 0.44625000000000004
5 0.76125 0.58875 0.7462500000000001 0.58875 0.7462500000000001 0.61375 0.76125 0.61375 0.76125 0.58875
5 0.40875000000000006 0.515 0.38625 0.515 0.38625 0.5275000000000001 0.40875000000000006 0.5275000000000001 0.40875000000000006 0.515
5 0.64375 0.41624999999999995 0.63125 0.41624999999999995 0.63125 0.43624999999999997 0.64375 0.43624999999999997 0.64375 0.41624999999999995