5 0.5349999999999999 0.57625 0.5175 0.57625 0.5175 0.61125 0.5349999999999999 0.61125 0.5349999999999999 0.57625
5 0.73625 0.1925 0.71875 0.1925 0.71875 0.21000000000000002 0.73625 0.21000000000000002 0.73625 0.1925
5 0.70125 0.40374999999999994 0.68625 0.40374999999999994 0.68625 0.42625 0.70125 0.42625 0.70125 0.40374999999999994
5 0.58875 0.07375000000000001 0.55375 0.07375000000000001 0.55375 0.11374999999999999 0.58875 0.11374999999999999 0.58875 0.07375000000000001
5 0.97 0.6525000000000001 0.9475 0.6525000000000001 0.9475 0.67 0.97 0.67 0.97 0.6525000000000001
5 0.9337500000000001 0.63125 0.91375 0.63125 0.91375 0.64625 0.9337500000000001 0.64625 0.9337500000000001 0.63125
5 0.9875 0.645 0.9650000000000001 0.645 0.9650000000000001 0.655 0.9875 0.655 0.9875 0.645
5 0.8550000000000001 0.70875 0.8275 0.70875 0.8275 0.7262500000000001 0.8550000000000001 0.7262500000000001 0.8550000000000001 0.70875
5 0.93125 0.71 0.90625 0.71 0.90625 0.7275 0.93125 0.7275 0.93125 0.71
5 0.7075 0.76 0.6825 0.76 0.6825 0.78 0.7075 0.78 0.7075 0.76
5 0.64 0.8150000000000001 0.6174999999999999 0.8150000000000001 0.6174999999999999 0.8375 0.64 0.8375 0.64 0.8150000000000001
5 0.58875 0.9075 0.57125 0.9075 0.57125 0.93 0.58875 0.93 0.58875 0.9075
5 0.51875 0.8949999999999999 0.49874999999999997 0.8949999999999999 0.49874999999999997 0.9225 0.51875 0.9225 0.51875 0.8949999999999999
5 0.5775 0.95625 0.5625 0.95625 0.5625 0.97875 0.5775 0.97875 0.5775 0.95625
5 0.97625 0.93625 0.95875 0.93625 0.95875 0.95875 0.97625 0.95875 0.97625 0.93625
5 1 0.8712500000000001 0.9862500000000001 0.8712500000000001 0.9862500000000001 0.8887499999999999 1 0.8887499999999999 1 0.8712500000000001
5 0.9824999999999999 0.8150000000000001 0.97 0.8150000000000001 0.97 0.835 0.9824999999999999 0.835 0.9824999999999999 0.8150000000000001
5 0.9862500000000001 0.7825 0.9712500000000001 0.7825 0.9712500000000001 0.805 0.9862500000000001 0.805 0.9862500000000001 0.7825
5 0.06625 0.9375 0.04875 0.9375 0.04875 0.9574999999999999 0.06625 0.9574999999999999 0.06625 0.9375
5 0.1825 0.8550000000000001 0.1625 0.8550000000000001 0.1625 0.8699999999999999 0.1825 0.8699999999999999 0.1825 0.8550000000000001
5 0.145 0.8474999999999999 0.125 0.8474999999999999 0.125 0.8625 0.145 0.8625 0.145 0.8474999999999999
5 0.19875 0.85125 0.17875000000000002 0.85125 0.17875000000000002 0.86625 0.19875 0.86625 0.19875 0.85125
5 0.0675 0.1825 0.0475 0.1825 0.0475 0.1975 0.0675 0.1975 0.0675 0.1825
5 0.03125 0.1525 0.008749999999999999 0.1525 0.008749999999999999 0.1775 0.03125 0.1775 0.03125 0.1525
5 0.3525 0.1525 0.335 0.1525 0.335 0.1675 0.3525 0.1675 0.3525 0.1525
5 0.39249999999999996 0.0925 0.3725 0.0925 0.3725 0.10500000000000001 0.39249999999999996 0.10500000000000001 0.39249999999999996 0.0925
5 0.25625 0.4225 0.23875000000000002 0.4225 0.23875000000000002 0.4375 0.25625 0.4375 0.25625 0.4225
5 0.5075000000000001 0.61375 0.49749999999999994 0.61375 0.49749999999999994 0.6287499999999999 0.5075000000000001 0.6287499999999999 0.5075000000000001 0.61375
5 0.5575 0.67 0.5475 0.67 0.5475 0.6875 0.5575 0.6875 0.5575 0.67
5 0.26375000000000004 0.74875 0.24874999999999997 0.74875 0.24874999999999997 0.76125 0.26375000000000004 0.76125 0.26375000000000004 0.74875
5 0.1025 0.09125 0.09 0.09125 0.09 0.11125 0.1025 0.11125 0.1025 0.09125
5 0.32 0.28875 0.2975 0.28875 0.2975 0.30625 0.32 0.30625 0.32 0.28875
5 0.1075 0.50125 0.0975 0.50125 0.0975 0.51625 0.1075 0.51625 0.1075 0.50125
5 0 0.99875 0.027500000000000004 0.99875 0.027500000000000004 0.9637499999999999 0 0.9637499999999999 0 0.99875