5 0.03875 0.53 0.01875 0.53 0.01875 0.545 0.03875 0.545 0.03875 0.53
5 0.075 0.43375 0.057499999999999996 0.43375 0.057499999999999996 0.44875 0.075 0.44875 0.075 0.43375
5 0.1 0.48375 0.0775 0.48375 0.0775 0.50125 0.1 0.50125 0.1 0.48375
5 0.1625 0.44875 0.13999999999999999 0.44875 0.13999999999999999 0.46375 0.1625 0.46375 0.1625 0.44875
5 0.18875 0.45125000000000004 0.16875 0.45125000000000004 0.16875 0.46875 0.18875 0.46875 0.18875 0.45125000000000004
5 0.21125 0.425 0.18875 0.425 0.18875 0.44000000000000006 0.21125 0.44000000000000006 0.21125 0.425
5 0.13874999999999998 0.385 0.11625 0.385 0.11625 0.3975 0.13874999999999998 0.3975 0.13874999999999998 0.385
5 0.2575 0.39875 0.2325 0.39875 0.2325 0.41624999999999995 0.2575 0.41624999999999995 0.2575 0.39875
5 0.27 0.41 0.2475 0.41 0.2475 0.425 0.27 0.425 0.27 0.41
5 0.305 0.375 0.27999999999999997 0.375 0.27999999999999997 0.39249999999999996 0.305 0.39249999999999996 0.305 0.375
5 0.3275 0.3825 0.3025 0.3825 0.3025 0.4 0.3275 0.4 0.3275 0.3825
5 0.34750000000000003 0.35375 0.3225 0.35375 0.3225 0.37124999999999997 0.34750000000000003 0.37124999999999997 0.34750000000000003 0.35375
5 0.45999999999999996 0.25 0.4375 0.25 0.4375 0.27 0.45999999999999996 0.27 0.45999999999999996 0.25
5 0.335 0.28250000000000003 0.3125 0.28250000000000003 0.3125 0.3025 0.335 0.3025 0.335 0.28250000000000003
5 0.36625 0.3025 0.32375 0.3025 0.32375 0.3275 0.36625 0.3275 0.36625 0.3025
5 0.47750000000000004 0.3025 0.45499999999999996 0.3025 0.45499999999999996 0.32 0.47750000000000004 0.32 0.47750000000000004 0.3025
5 0.66125 0.20875 0.63625 0.20875 0.63625 0.22875 0.66125 0.22875 0.66125 0.20875
5 0.74875 0.16625 0.7262500000000001 0.16625 0.7262500000000001 0.18375 0.74875 0.18375 0.74875 0.16625
5 0.75 0.14875 0.725 0.14875 0.725 0.16375 0.75 0.16375 0.75 0.14875
5 0.7975 0.12250000000000001 0.7775000000000001 0.12250000000000001 0.7775000000000001 0.1375 0.7975 0.1375 0.7975 0.12250000000000001
5 0.8074999999999999 0.13625 0.7875 0.13625 0.7875 0.15375 0.8074999999999999 0.15375 0.8074999999999999 0.13625
5 0.85625 0.1125 0.83375 0.1125 0.83375 0.13 0.85625 0.13 0.85625 0.1125
5 0.8574999999999999 0.05 0.835 0.05 0.835 0.065 0.8574999999999999 0.065 0.8574999999999999 0.05
5 0.9037499999999999 0.06875 0.88375 0.06875 0.88375 0.08375 0.9037499999999999 0.08375 0.9037499999999999 0.06875
5 0.91875 0.07875 0.89625 0.07875 0.89625 0.09625 0.91875 0.09625 0.91875 0.07875
5 1 0.013750000000000002 0.98125 0.013750000000000002 0.98125 0.03125 1 0.03125 1 0.013750000000000002
5 0.4925 0.12875 0.4725 0.12875 0.4725 0.14625 0.4925 0.14625 0.4925 0.12875
5 0.6174999999999999 0.54875 0.5925 0.54875 0.5925 0.56375 0.6174999999999999 0.56375 0.6174999999999999 0.54875
5 0.68875 0.595 0.6637500000000001 0.595 0.6637500000000001 0.6125 0.68875 0.6125 0.68875 0.595
5 0.93625 0.52625 0.9112500000000001 0.52625 0.9112500000000001 0.54375 0.93625 0.54375 0.93625 0.52625
5 0.80625 0.70625 0.79125 0.70625 0.79125 0.7212500000000001 0.80625 0.7212500000000001 0.80625 0.70625
5 0.845 0.7474999999999999 0.825 0.7474999999999999 0.825 0.77 0.845 0.77 0.845 0.7474999999999999