5 0.7925 0.045 0.775 0.045 0.775 0.065 0.7925 0.065 0.7925 0.045
5 0.8625 0.1 0.8400000000000001 0.1 0.8400000000000001 0.11750000000000001 0.8625 0.11750000000000001 0.8625 0.1
5 0.7975 0.08 0.7775000000000001 0.08 0.7775000000000001 0.095 0.7975 0.095 0.7975 0.08
5 0.85125 0.06875 0.8387499999999999 0.06875 0.8387499999999999 0.08375 0.85125 0.08375 0.85125 0.06875
5 0.17875000000000002 0.195 0.15625 0.195 0.15625 0.21000000000000002 0.17875000000000002 0.21000000000000002 0.17875000000000002 0.195
5 0.18375 0.20625 0.16625 0.20625 0.16625 0.21875 0.18375 0.21875 0.18375 0.20625
5 0.1925 0.2125 0.17250000000000001 0.2125 0.17250000000000001 0.225 0.1925 0.225 0.1925 0.2125
5 0.195 0.2225 0.18 0.2225 0.18 0.23500000000000001 0.195 0.23500000000000001 0.195 0.2225
5 0.2225 0.26 0.20249999999999999 0.26 0.20249999999999999 0.275 0.2225 0.275 0.2225 0.26
5 0.23125 0.27125 0.20625 0.27125 0.20625 0.28625 0.23125 0.28625 0.23125 0.27125
5 0.23500000000000001 0.28125 0.215 0.28125 0.215 0.29625 0.23500000000000001 0.29625 0.23500000000000001 0.28125
5 0.26749999999999996 0.33125 0.2475 0.33125 0.2475 0.34375 0.26749999999999996 0.34375 0.26749999999999996 0.33125
5 0.27625 0.34750000000000003 0.25625 0.34750000000000003 0.25625 0.3625 0.27625 0.3625 0.27625 0.34750000000000003
5 0.28375 0.35875 0.26125 0.35875 0.26125 0.36875 0.28375 0.36875 0.28375 0.35875
5 0.32999999999999996 0.335 0.3125 0.335 0.3125 0.34750000000000003 0.32999999999999996 0.34750000000000003 0.32999999999999996 0.335
5 0.32375 0.32375 0.30874999999999997 0.32375 0.30874999999999997 0.33625 0.32375 0.33625 0.32375 0.32375
5 0.23625 0.18875 0.21875 0.18875 0.21875 0.20375000000000001 0.23625 0.20375000000000001 0.23625 0.18875
5 0.24375 0.19624999999999998 0.22625 0.19624999999999998 0.22625 0.20875 0.24375 0.20875 0.24375 0.19624999999999998
5 0.25125000000000003 0.20625 0.22875 0.20625 0.22875 0.21875 0.25125000000000003 0.21875 0.25125000000000003 0.20625
5 0.25375000000000003 0.21375000000000002 0.23875000000000002 0.21375000000000002 0.23875000000000002 0.22625 0.25375000000000003 0.22625 0.25375000000000003 0.21375000000000002
5 0.25625 0.22374999999999998 0.24125000000000002 0.22374999999999998 0.24125000000000002 0.23374999999999999 0.25625 0.23374999999999999 0.25625 0.22374999999999998
5 0.265 0.22875 0.24500000000000002 0.22875 0.24500000000000002 0.24125000000000002 0.265 0.24125000000000002 0.265 0.22875
5 0.2725 0.23625 0.2525 0.23625 0.2525 0.25125000000000003 0.2725 0.25125000000000003 0.2725 0.23625
5 0.27625 0.24625 0.26125 0.24625 0.26125 0.25875 0.27625 0.25875 0.27625 0.24625
5 0.28250000000000003 0.2575 0.2625 0.2575 0.2625 0.26749999999999996 0.28250000000000003 0.26749999999999996 0.28250000000000003 0.2575
5 0.28500000000000003 0.26375000000000004 0.26749999999999996 0.26375000000000004 0.26749999999999996 0.27625 0.28500000000000003 0.27625 0.28500000000000003 0.26375000000000004
5 0.46125 0.35375 0.44125 0.35375 0.44125 0.36625 0.46125 0.36625 0.46125 0.35375
5 0.54375 0.32375 0.5237499999999999 0.32375 0.5237499999999999 0.33875 0.54375 0.33875 0.54375 0.32375
5 0.64125 0.2725 0.61875 0.2725 0.61875 0.29 0.64125 0.29 0.64125 0.2725
5 0.5475 0.28125 0.5349999999999999 0.28125 0.5349999999999999 0.29874999999999996 0.5475 0.29874999999999996 0.5475 0.28125
5 0.485 0.185 0.47000000000000003 0.185 0.47000000000000003 0.20249999999999999 0.485 0.20249999999999999 0.485 0.185
5 0.4725 0.15875 0.4525 0.15875 0.4525 0.18125 0.4725 0.18125 0.4725 0.15875
5 0.5075000000000001 0.18125 0.4925 0.18125 0.4925 0.20125 0.5075000000000001 0.20125 0.5075000000000001 0.18125
5 0.7 0.22999999999999998 0.6825 0.22999999999999998 0.6825 0.24500000000000002 0.7 0.24500000000000002 0.7 0.22999999999999998
5 0.15 0.7125 0.1375 0.7125 0.1375 0.73 0.15 0.73 0.15 0.7125
5 0.30375 0.01875 0.26375000000000004 0.01875 0.26375000000000004 0.03125 0.30375 0.03125 0.30375 0.01875
5 0.8262499999999999 0.15 0.81125 0.15 0.81125 0.16 0.8262499999999999 0.16 0.8262499999999999 0.15
5 0.505 0.20625 0.4875 0.20625 0.4875 0.22625 0.505 0.22625 0.505 0.20625
5 0.27375 0.01125 0.25375000000000003 0.01125 0.25375000000000003 0.01875 0.27375 0.01875 0.27375 0.01125
5 0.30125 0.04375 0.28625 0.04375 0.28625 0.05375 0.30125 0.05375 0.30125 0.04375