5 0.3675 0.27875 0.34750000000000003 0.27875 0.34750000000000003 0.29125 0.3675 0.29125 0.3675 0.27875
5 0.445 0.28875 0.43 0.28875 0.43 0.30874999999999997 0.445 0.30874999999999997 0.445 0.28875
5 0.5575 0.74375 0.5349999999999999 0.74375 0.5349999999999999 0.7537499999999999 0.5575 0.7537499999999999 0.5575 0.74375
5 0.5549999999999999 0.73 0.5325 0.73 0.5325 0.745 0.5549999999999999 0.745 0.5549999999999999 0.73
5 0.55 0.7175 0.5275000000000001 0.7175 0.5275000000000001 0.73 0.55 0.73 0.55 0.7175
5 0.54625 0.70625 0.5287499999999999 0.70625 0.5287499999999999 0.7162499999999999 0.54625 0.7162499999999999 0.54625 0.70625
5 0.54125 0.6849999999999999 0.5237499999999999 0.6849999999999999 0.5237499999999999 0.6975 0.54125 0.6975 0.54125 0.6849999999999999
5 0.5387500000000001 0.675 0.5237499999999999 0.675 0.5237499999999999 0.6849999999999999 0.5387500000000001 0.6849999999999999 0.5387500000000001 0.675
5 0.54125 0.66625 0.52125 0.66625 0.52125 0.67875 0.54125 0.67875 0.54125 0.66625
5 0.5287499999999999 0.625 0.5037499999999999 0.625 0.5037499999999999 0.645 0.5287499999999999 0.645 0.5287499999999999 0.625
5 0.5125 0.6950000000000001 0.49749999999999994 0.6950000000000001 0.49749999999999994 0.7150000000000001 0.5125 0.7150000000000001 0.5125 0.6950000000000001
5 0.78625 0.75 0.76375 0.75 0.76375 0.765 0.78625 0.765 0.78625 0.75
5 0.79 0.7625 0.765 0.7625 0.765 0.775 0.79 0.775 0.79 0.7625
5 0.8474999999999999 0.6325000000000001 0.8324999999999999 0.6325000000000001 0.8324999999999999 0.6525000000000001 0.8474999999999999 0.6525000000000001 0.8474999999999999 0.6325000000000001
5 0.8775000000000001 0.6025 0.8550000000000001 0.6025 0.8550000000000001 0.615 0.8775000000000001 0.615 0.8775000000000001 0.6025
5 0.9225 0.14375 0.9025000000000001 0.14375 0.9025000000000001 0.15625 0.9225 0.15625 0.9225 0.14375