5 0.63375 0.60625 0.61625 0.60625 0.61625 0.66125 0.63375 0.66125 0.63375 0.60625
5 0.65125 0.6375 0.63125 0.6375 0.63125 0.6725 0.65125 0.6725 0.65125 0.6375
5 0.6837500000000001 0.60875 0.6487499999999999 0.60875 0.6487499999999999 0.62625 0.6837500000000001 0.62625 0.6837500000000001 0.60875
5 0.5625 0.6849999999999999 0.5475 0.6849999999999999 0.5475 0.6950000000000001 0.5625 0.6950000000000001 0.5625 0.6849999999999999
5 0.5425 0.68625 0.5275000000000001 0.68625 0.5275000000000001 0.69625 0.5425 0.69625 0.5425 0.68625
5 0.7075 0.55625 0.655 0.55625 0.655 0.57125 0.7075 0.57125 0.7075 0.55625
5 0.7075 0.56875 0.655 0.56875 0.655 0.58375 0.7075 0.58375 0.7075 0.56875
5 0.7 0.58375 0.655 0.58375 0.655 0.5962500000000001 0.7 0.5962500000000001 0.7 0.58375
5 0.70125 0.59375 0.6587500000000001 0.59375 0.6587500000000001 0.61125 0.70125 0.61125 0.70125 0.59375
5 0.68875 0.525 0.66625 0.525 0.66625 0.5349999999999999 0.68875 0.5349999999999999 0.68875 0.525
5 0.70125 0.525 0.6837500000000001 0.525 0.6837500000000001 0.5325 0.70125 0.5325 0.70125 0.525
5 0.6875 0.5337500000000001 0.67 0.5337500000000001 0.67 0.54375 0.6875 0.54375 0.6875 0.5337500000000001
5 0.7 0.5349999999999999 0.6875 0.5349999999999999 0.6875 0.5425 0.7 0.5425 0.7 0.5349999999999999
5 0.67 0.5337500000000001 0.65 0.5337500000000001 0.65 0.54125 0.67 0.54125 0.67 0.5337500000000001
5 0.6725 0.5425 0.6525000000000001 0.5425 0.6525000000000001 0.55 0.6725 0.55 0.6725 0.5425
5 0.6900000000000001 0.54125 0.6725 0.54125 0.6725 0.54875 0.6900000000000001 0.54875 0.6900000000000001 0.54125
5 0.7025 0.54375 0.6900000000000001 0.54375 0.6900000000000001 0.55125 0.7025 0.55125 0.7025 0.54375
5 0.68875 0.55 0.67375 0.55 0.67375 0.5575 0.68875 0.5575 0.68875 0.55
5 0.7 0.55125 0.6900000000000001 0.55125 0.6900000000000001 0.55625 0.7 0.55625 0.7 0.55125
5 0.6725 0.55 0.6625 0.55 0.6625 0.5575 0.6725 0.5575 0.6725 0.55
5 0.66125 0.55 0.65125 0.55 0.65125 0.5575 0.66125 0.5575 0.66125 0.55
5 0.6837500000000001 0.62375 0.67125 0.62375 0.67125 0.63625 0.6837500000000001 0.63625 0.6837500000000001 0.62375
5 0.68125 0.63625 0.6637500000000001 0.63625 0.6637500000000001 0.64625 0.68125 0.64625 0.68125 0.63625
5 0.6799999999999999 0.6475 0.665 0.6475 0.665 0.655 0.6799999999999999 0.655 0.6799999999999999 0.6475
5 0.52625 0.37625000000000003 0.51625 0.37625000000000003 0.51625 0.39125 0.52625 0.39125 0.52625 0.37625000000000003
5 0.42625 0.3875 0.41875 0.3875 0.41875 0.4025 0.42625 0.4025 0.42625 0.3875
5 0.53 0.53125 0.505 0.53125 0.505 0.54125 0.53 0.54125 0.53 0.53125
5 0.625 0.67625 0.6125 0.67625 0.6125 0.6912499999999999 0.625 0.6912499999999999 0.625 0.67625
5 0.5475 0.5287499999999999 0.5349999999999999 0.5287499999999999 0.5349999999999999 0.54625 0.5475 0.54625 0.5475 0.5287499999999999
5 0.46125 0.6875 0.44375 0.6875 0.44375 0.7025 0.46125 0.7025 0.46125 0.6875
5 0.45 0.3825 0.4425 0.3825 0.4425 0.3975 0.45 0.3975 0.45 0.3825