5 1 0.225 0.9862500000000001 0.225 0.9862500000000001 0.2375 1 0.2375 1 0.225
5 0.9775 0.22999999999999998 0.9574999999999999 0.22999999999999998 0.9574999999999999 0.24 0.9775 0.24 0.9775 0.22999999999999998
5 0.9574999999999999 0.22625 0.9349999999999999 0.22625 0.9349999999999999 0.24375 0.9574999999999999 0.24375 0.9574999999999999 0.22625
5 0.9175000000000001 0.23500000000000001 0.9 0.23500000000000001 0.9 0.24500000000000002 0.9175000000000001 0.24500000000000002 0.9175000000000001 0.23500000000000001
5 0.89625 0.23500000000000001 0.87375 0.23500000000000001 0.87375 0.2475 0.89625 0.2475 0.89625 0.23500000000000001
5 0.9949999999999999 0.18375 0.9800000000000001 0.18375 0.9800000000000001 0.19375 0.9949999999999999 0.19375 0.9949999999999999 0.18375
5 0.97875 0.18625 0.95875 0.18625 0.95875 0.19875 0.97875 0.19875 0.97875 0.18625
5 0.9550000000000001 0.18875 0.9324999999999999 0.18875 0.9324999999999999 0.20625 0.9550000000000001 0.20625 0.9550000000000001 0.18875
5 0.9337500000000001 0.1875 0.92125 0.1875 0.92125 0.21000000000000002 0.9337500000000001 0.21000000000000002 0.9337500000000001 0.1875
5 0.89125 0.19875 0.88125 0.19875 0.88125 0.21625 0.89125 0.21625 0.89125 0.19875
5 0.88375 0.1975 0.8712500000000001 0.1975 0.8712500000000001 0.21749999999999997 0.88375 0.21749999999999997 0.88375 0.1975
5 0.82125 0.2125 0.80375 0.2125 0.80375 0.2225 0.82125 0.2225 0.82125 0.2125
5 0.85125 0.2475 0.83125 0.2475 0.83125 0.255 0.85125 0.255 0.85125 0.2475
5 0.82125 0.24375 0.8012499999999999 0.24375 0.8012499999999999 0.25375000000000003 0.82125 0.25375000000000003 0.82125 0.24375
5 0.79875 0.255 0.78125 0.255 0.78125 0.265 0.79875 0.265 0.79875 0.255
5 0.78625 0.2575 0.76375 0.2575 0.76375 0.26749999999999996 0.78625 0.26749999999999996 0.78625 0.2575
5 0.73375 0.26625 0.71375 0.26625 0.71375 0.27875 0.73375 0.27875 0.73375 0.26625
5 0.7275 0.25875 0.705 0.25875 0.705 0.27125 0.7275 0.27125 0.7275 0.25875
5 0.70875 0.2725 0.6912499999999999 0.2725 0.6912499999999999 0.28250000000000003 0.70875 0.28250000000000003 0.70875 0.2725
5 0.6912499999999999 0.27125 0.67125 0.27125 0.67125 0.28625 0.6912499999999999 0.28625 0.6912499999999999 0.27125
5 0.8412499999999999 0.21125 0.8262499999999999 0.21125 0.8262499999999999 0.21875 0.8412499999999999 0.21875 0.8412499999999999 0.21125
5 0.74125 0.225 0.7212500000000001 0.225 0.7212500000000001 0.23500000000000001 0.74125 0.23500000000000001 0.74125 0.225
5 0.72 0.22749999999999998 0.705 0.22749999999999998 0.705 0.2475 0.72 0.2475 0.72 0.22749999999999998
5 0.705 0.23125 0.6875 0.23125 0.6875 0.24375 0.705 0.24375 0.705 0.23125
5 0.69875 0.255 0.6837500000000001 0.255 0.6837500000000001 0.2625 0.69875 0.2625 0.69875 0.255
5 0.6487499999999999 0.17375000000000002 0.63375 0.17375000000000002 0.63375 0.19375 0.6487499999999999 0.19375 0.6487499999999999 0.17375000000000002
5 0.67125 0.29 0.6587500000000001 0.29 0.6587500000000001 0.3075 0.67125 0.3075 0.67125 0.29
5 0.65625 0.3025 0.64625 0.3025 0.64625 0.32 0.65625 0.32 0.65625 0.3025
5 0.64 0.26625 0.625 0.26625 0.625 0.27625 0.64 0.27625 0.64 0.26625
5 0.63625 0.28375 0.62375 0.28375 0.62375 0.29375 0.63625 0.29375 0.63625 0.28375
5 0.85375 0.18125 0.8462500000000001 0.18125 0.8462500000000001 0.20625 0.85375 0.20625 0.85375 0.18125
5 0.64625 0.1575 0.63125 0.1575 0.63125 0.175 0.64625 0.175 0.64625 0.1575
5 0.635 0.12625 0.625 0.12625 0.625 0.14375 0.635 0.14375 0.635 0.12625
5 0.6275000000000001 0.08125 0.6174999999999999 0.08125 0.6174999999999999 0.10124999999999999 0.6275000000000001 0.10124999999999999 0.6275000000000001 0.08125
5 0.64 0.041249999999999995 0.625 0.041249999999999995 0.625 0.05125 0.64 0.05125 0.64 0.041249999999999995
5 0.635 0.03 0.62 0.03 0.62 0.0375 0.635 0.0375 0.635 0.03
5 0.6224999999999999 0.02 0.6125 0.02 0.6125 0.0325 0.6224999999999999 0.0325 0.6224999999999999 0.02
5 0.61125 0.16499999999999998 0.59875 0.16499999999999998 0.59875 0.1825 0.61125 0.1825 0.61125 0.16499999999999998
5 0.6075 0.13999999999999999 0.5900000000000001 0.13999999999999999 0.5900000000000001 0.155 0.6075 0.155 0.6075 0.13999999999999999
5 0.6012500000000001 0.13 0.58375 0.13 0.58375 0.15 0.6012500000000001 0.15 0.6012500000000001 0.13
5 0.5974999999999999 0.12 0.5775 0.12 0.5775 0.135 0.5974999999999999 0.135 0.5974999999999999 0.12
5 0.58875 0.09875 0.57125 0.09875 0.57125 0.11125 0.58875 0.11125 0.58875 0.09875
5 0.5974999999999999 0.08499999999999999 0.585 0.08499999999999999 0.585 0.1075 0.5974999999999999 0.1075 0.5974999999999999 0.08499999999999999
5 0.58875 0.061250000000000006 0.57875 0.061250000000000006 0.57875 0.07875 0.58875 0.07875 0.58875 0.061250000000000006
5 0.62375 0.21875 0.61125 0.21875 0.61125 0.23875000000000002 0.62375 0.23875000000000002 0.62375 0.21875
5 0.57375 0.041249999999999995 0.5587500000000001 0.041249999999999995 0.5587500000000001 0.05125 0.57375 0.05125 0.57375 0.041249999999999995
5 0.5862499999999999 0.04375 0.57375 0.04375 0.57375 0.061250000000000006 0.5862499999999999 0.061250000000000006 0.5862499999999999 0.04375
5 0.5700000000000001 0 0.5700000000000001 0.01625 0.58 0.01625 0.58 0 0.5700000000000001 0
5 0.5825 0 0.5825 0.0125 0.5925 0.0125 0.5925 0 0.5825 0
5 0.58125 0.021249999999999998 0.57375 0.021249999999999998 0.57375 0.03625 0.58125 0.03625 0.58125 0.021249999999999998
5 0.58875 0.0225 0.58125 0.0225 0.58125 0.04 0.58875 0.04 0.58875 0.0225
5 0.60625 0 0.60625 0.01875 0.61875 0.01875 0.61875 0 0.60625 0
5 0.7849999999999999 0.21375000000000002 0.7625 0.21375000000000002 0.7625 0.22875 0.7849999999999999 0.22875 0.7849999999999999 0.21375000000000002
5 0.38875000000000004 0.07375000000000001 0.36124999999999996 0.07375000000000001 0.36124999999999996 0.13625 0.38875000000000004 0.13625 0.38875000000000004 0.07375000000000001
5 0.09875 0 0.09875 0.01125 0.10874999999999999 0.01125 0.10874999999999999 0 0.09875 0
5 0.11000000000000001 0.008749999999999999 0.1 0.008749999999999999 0.1 0.028749999999999998 0.11000000000000001 0.028749999999999998 0.11000000000000001 0.008749999999999999
5 0.13874999999999998 0.028749999999999998 0.12875 0.028749999999999998 0.12875 0.04375 0.13874999999999998 0.04375 0.13874999999999998 0.028749999999999998
5 0.13125 0.045 0.12125 0.045 0.12125 0.06 0.13125 0.06 0.13125 0.045
5 0.14625 0.061250000000000006 0.13625 0.061250000000000006 0.13625 0.07875 0.14625 0.07875 0.14625 0.061250000000000006
5 0.1575 0.05625 0.14750000000000002 0.05625 0.14750000000000002 0.07375000000000001 0.1575 0.07375000000000001 0.1575 0.05625
5 0.16625 0.1275 0.15875 0.1275 0.15875 0.14750000000000002 0.16625 0.14750000000000002 0.16625 0.1275
5 0.15 0.135 0.1375 0.135 0.1375 0.1575 0.15 0.1575 0.15 0.135
5 0.1375 0.14875 0.12250000000000001 0.14875 0.12250000000000001 0.16875 0.1375 0.16875 0.1375 0.14875
5 0.14125000000000001 0.16499999999999998 0.12625 0.16499999999999998 0.12625 0.185 0.14125000000000001 0.185 0.14125000000000001 0.16499999999999998
5 0.19125 0.22625 0.17875000000000002 0.22625 0.17875000000000002 0.24874999999999997 0.19125 0.24874999999999997 0.19125 0.22625
5 0.15375 0.22000000000000003 0.12875 0.22000000000000003 0.12875 0.2375 0.15375 0.2375 0.15375 0.22000000000000003
5 0.15 0.23125 0.1275 0.23125 0.1275 0.24375 0.15 0.24375 0.15 0.23125
5 0.15125 0.24625 0.14125000000000001 0.24625 0.14125000000000001 0.25875 0.15125 0.25875 0.15125 0.24625
5 0.1575 0.25875 0.14750000000000002 0.25875 0.14750000000000002 0.28375 0.1575 0.28375 0.1575 0.25875
5 0.17250000000000001 0.26749999999999996 0.16499999999999998 0.26749999999999996 0.16499999999999998 0.27999999999999997 0.17250000000000001 0.27999999999999997 0.17250000000000001 0.26749999999999996
5 0.195 0.25 0.1825 0.25 0.1825 0.27 0.195 0.27 0.195 0.25
5 0.2 0.27375 0.19 0.27375 0.19 0.29625 0.2 0.29625 0.2 0.27375
5 0.19125 0.27875 0.17875000000000002 0.27875 0.17875000000000002 0.30125 0.19125 0.30125 0.19125 0.27875
5 0.20249999999999999 0.2925 0.1925 0.2925 0.1925 0.31 0.20249999999999999 0.31 0.20249999999999999 0.2925
5 0.21875 0.30625 0.20625 0.30625 0.20625 0.31875 0.21875 0.31875 0.21875 0.30625
5 0.1875 0.20875 0.175 0.20875 0.175 0.22875 0.1875 0.22875 0.1875 0.20875
5 0.16999999999999998 0.2875 0.16 0.2875 0.16 0.3025 0.16999999999999998 0.3025 0.16999999999999998 0.2875
5 0.16625 0.29874999999999996 0.15375 0.29874999999999996 0.15375 0.31875 0.16625 0.31875 0.16625 0.29874999999999996
5 0.265 0.29874999999999996 0.25 0.29874999999999996 0.25 0.31124999999999997 0.265 0.31124999999999997 0.265 0.29874999999999996
5 0.16125 0.28500000000000003 0.15125 0.28500000000000003 0.15125 0.3 0.16125 0.3 0.16125 0.28500000000000003
5 0.24500000000000002 0.3025 0.2225 0.3025 0.2225 0.315 0.24500000000000002 0.315 0.24500000000000002 0.3025
5 0.27999999999999997 0.3 0.2625 0.3 0.2625 0.31 0.27999999999999997 0.31 0.27999999999999997 0.3
5 0.2975 0.30375 0.28500000000000003 0.30375 0.28500000000000003 0.31375000000000003 0.2975 0.31375000000000003 0.2975 0.30375
5 0.325 0.28875 0.305 0.28875 0.305 0.30625 0.325 0.30625 0.325 0.28875
5 0.3725 0.28125 0.35 0.28125 0.35 0.29625 0.3725 0.29625 0.3725 0.28125
5 0.3 0.30375 0.28500000000000003 0.30375 0.28500000000000003 0.31124999999999997 0.3 0.31124999999999997 0.3 0.30375
5 0.315 0.30874999999999997 0.29500000000000004 0.30874999999999997 0.29500000000000004 0.32375 0.315 0.32375 0.315 0.30874999999999997
5 0.39125 0.29500000000000004 0.37124999999999997 0.29500000000000004 0.37124999999999997 0.3075 0.39125 0.3075 0.39125 0.29500000000000004
5 0.38125 0.3125 0.36375 0.3125 0.36375 0.325 0.38125 0.325 0.38125 0.3125
5 0.42000000000000004 0.31375000000000003 0.4025 0.31375000000000003 0.4025 0.32375 0.42000000000000004 0.32375 0.42000000000000004 0.31375000000000003
5 0.25875 0.325 0.24625 0.325 0.24625 0.335 0.25875 0.335 0.25875 0.325
5 0.21625 0.3275 0.20375000000000001 0.3275 0.20375000000000001 0.33999999999999997 0.21625 0.33999999999999997 0.21625 0.3275
5 0.26375000000000004 0.34249999999999997 0.24625 0.34249999999999997 0.24625 0.3525 0.26375000000000004 0.3525 0.26375000000000004 0.34249999999999997
5 0.1825 0.3025 0.17250000000000001 0.3025 0.17250000000000001 0.3175 0.1825 0.3175 0.1825 0.3025
5 0.19 0.33625 0.1775 0.33625 0.1775 0.34625 0.19 0.34625 0.19 0.33625
5 0.16999999999999998 0.32875 0.155 0.32875 0.155 0.34125 0.16999999999999998 0.34125 0.16999999999999998 0.32875
5 0.15625 0.3225 0.13625 0.3225 0.13625 0.32999999999999996 0.15625 0.32999999999999996 0.15625 0.3225
5 0.13874999999999998 0.3275 0.11875 0.3275 0.11875 0.335 0.13874999999999998 0.335 0.13874999999999998 0.3275
5 0.2975 0.32125 0.26 0.32125 0.26 0.34125 0.2975 0.34125 0.2975 0.32125
5 0.34750000000000003 0.3225 0.325 0.3225 0.325 0.3375 0.34750000000000003 0.3375 0.34750000000000003 0.3225
5 0.40125 0.33625 0.38875000000000004 0.33625 0.38875000000000004 0.35875 0.40125 0.35875 0.40125 0.33625
5 0.45499999999999996 0.30874999999999997 0.43499999999999994 0.30874999999999997 0.43499999999999994 0.31875 0.45499999999999996 0.31875 0.45499999999999996 0.30874999999999997
5 0.4875 0.30375 0.46749999999999997 0.30375 0.46749999999999997 0.31375000000000003 0.4875 0.31375000000000003 0.4875 0.30375
5 0.51 0.3 0.495 0.3 0.495 0.31 0.51 0.31 0.51 0.3
5 0.49625 0.26 0.47874999999999995 0.26 0.47874999999999995 0.27749999999999997 0.49625 0.27749999999999997 0.49625 0.26
5 0.5175 0.26749999999999996 0.495 0.26749999999999996 0.495 0.27749999999999997 0.5175 0.27749999999999997 0.5175 0.26749999999999996
5 0.52125 0.2575 0.50125 0.2575 0.50125 0.26749999999999996 0.52125 0.26749999999999996 0.52125 0.2575
5 0.54125 0.25125000000000003 0.5237499999999999 0.25125000000000003 0.5237499999999999 0.26875 0.54125 0.26875 0.54125 0.25125000000000003
5 0.5549999999999999 0.26375000000000004 0.5349999999999999 0.26375000000000004 0.5349999999999999 0.27125 0.5549999999999999 0.27125 0.5549999999999999 0.26375000000000004
5 0.5599999999999999 0.2525 0.54 0.2525 0.54 0.265 0.5599999999999999 0.265 0.5599999999999999 0.2525
5 0.5725 0.27999999999999997 0.5549999999999999 0.27999999999999997 0.5549999999999999 0.29500000000000004 0.5725 0.29500000000000004 0.5725 0.27999999999999997
5 0.5875 0.28875 0.5700000000000001 0.28875 0.5700000000000001 0.29874999999999996 0.5875 0.29874999999999996 0.5875 0.28875
5 0.5375 0.29 0.51 0.29 0.51 0.305 0.5375 0.305 0.5375 0.29
5 0.6325000000000001 0.29500000000000004 0.6224999999999999 0.29500000000000004 0.6224999999999999 0.315 0.6325000000000001 0.315 0.6325000000000001 0.29500000000000004
5 0.60375 0.24500000000000002 0.58375 0.24500000000000002 0.58375 0.2575 0.60375 0.2575 0.60375 0.24500000000000002
5 0.645 0.34125 0.6375 0.34125 0.6375 0.35375 0.645 0.35375 0.645 0.34125
5 0.65 0.35750000000000004 0.64 0.35750000000000004 0.64 0.38 0.65 0.38 0.65 0.35750000000000004
5 0.6537499999999999 0.38 0.64125 0.38 0.64125 0.4 0.6537499999999999 0.4 0.6537499999999999 0.38
5 0.6537499999999999 0.42374999999999996 0.64625 0.42374999999999996 0.64625 0.43875000000000003 0.6537499999999999 0.43875000000000003 0.6537499999999999 0.42374999999999996
5 0.6637500000000001 0.425 0.6537499999999999 0.425 0.6537499999999999 0.4425 0.6637500000000001 0.4425 0.6637500000000001 0.425
5 0.66125 0.39249999999999996 0.64375 0.39249999999999996 0.64375 0.41500000000000004 0.66125 0.41500000000000004 0.66125 0.39249999999999996
5 0.67375 0.39625 0.66625 0.39625 0.66625 0.41375 0.67375 0.41375 0.67375 0.39625
5 0.6675 0.33125 0.6575 0.33125 0.6575 0.34875 0.6675 0.34875 0.6675 0.33125
5 0.6775 0.34249999999999997 0.67 0.34249999999999997 0.67 0.35750000000000004 0.6775 0.35750000000000004 0.6775 0.34249999999999997
5 0.6875 0.36124999999999996 0.6725 0.36124999999999996 0.6725 0.37875000000000003 0.6875 0.37875000000000003 0.6875 0.36124999999999996
5 0.68625 0.39249999999999996 0.67375 0.39249999999999996 0.67375 0.40499999999999997 0.68625 0.40499999999999997 0.68625 0.39249999999999996
5 0.69625 0.4025 0.68625 0.4025 0.68625 0.41500000000000004 0.69625 0.41500000000000004 0.69625 0.4025
5 0.6975 0.4175 0.6875 0.4175 0.6875 0.43 0.6975 0.43 0.6975 0.4175
5 0.675 0.44749999999999995 0.6675 0.44749999999999995 0.6675 0.45999999999999996 0.675 0.45999999999999996 0.675 0.44749999999999995
5 0.69625 0.43125 0.68125 0.43125 0.68125 0.45125000000000004 0.69625 0.45125000000000004 0.69625 0.43125
5 0.6825 0.43 0.67 0.43 0.67 0.4525 0.6825 0.4525 0.6825 0.43
5 0.6950000000000001 0.45125000000000004 0.6875 0.45125000000000004 0.6875 0.46624999999999994 0.6950000000000001 0.46624999999999994 0.6950000000000001 0.45125000000000004
5 0.47625 0.29874999999999996 0.46125 0.29874999999999996 0.46125 0.30625 0.47625 0.30625 0.47625 0.29874999999999996
5 0.41 0.34375 0.4 0.34375 0.4 0.35625 0.41 0.35625 0.41 0.34375
5 0.18875 0.375 0.17375000000000002 0.375 0.17375000000000002 0.395 0.18875 0.395 0.18875 0.375
5 0.19624999999999998 0.31 0.18875 0.31 0.18875 0.3225 0.19624999999999998 0.3225 0.19624999999999998 0.31
5 0.16499999999999998 0.34750000000000003 0.1525 0.34750000000000003 0.1525 0.355 0.16499999999999998 0.355 0.16499999999999998 0.34750000000000003
5 0.34625 0 0.34625 0.0075 0.35625 0.0075 0.35625 0 0.34625 0
5 0.11750000000000001 0.03875 0.10500000000000001 0.03875 0.10500000000000001 0.058750000000000004 0.11750000000000001 0.058750000000000004 0.11750000000000001 0.03875
5 0.03 0.13874999999999998 0.0125 0.13874999999999998 0.0125 0.14625 0.03 0.14625 0.03 0.13874999999999998
5 0.07875 0.3375 0.061250000000000006 0.3375 0.061250000000000006 0.34750000000000003 0.07875 0.34750000000000003 0.07875 0.3375
5 0.11499999999999999 0.33125 0.095 0.33125 0.095 0.34125 0.11499999999999999 0.34125 0.11499999999999999 0.33125
5 0.042499999999999996 0.34625 0.027500000000000004 0.34625 0.027500000000000004 0.35625 0.042499999999999996 0.35625 0.042499999999999996 0.34625
5 0.05625 0.33999999999999997 0.03625 0.33999999999999997 0.03625 0.35 0.05625 0.35 0.05625 0.33999999999999997
5 0.07875 0.34625 0.06625 0.34625 0.06625 0.35375 0.07875 0.35375 0.07875 0.34625
5 0.10375000000000001 0.33999999999999997 0.09125 0.33999999999999997 0.09125 0.34750000000000003 0.10375000000000001 0.34750000000000003 0.10375000000000001 0.33999999999999997
5 0.057499999999999996 0.35 0.042499999999999996 0.35 0.042499999999999996 0.35750000000000004 0.057499999999999996 0.35750000000000004 0.057499999999999996 0.35
5 0.07875 0.35875 0.05625 0.35875 0.05625 0.37124999999999997 0.07875 0.37124999999999997 0.07875 0.35875
5 0.06999999999999999 0.37374999999999997 0.05 0.37374999999999997 0.05 0.38625 0.06999999999999999 0.38625 0.06999999999999999 0.37374999999999997
5 0.12125 0.3675 0.09875 0.3675 0.09875 0.38 0.12125 0.38 0.12125 0.3675
5 0.13374999999999998 0.36124999999999996 0.12125 0.36124999999999996 0.12125 0.36875 0.13374999999999998 0.36875 0.13374999999999998 0.36124999999999996
5 0.14875 0.35875 0.13625 0.35875 0.13625 0.36625 0.14875 0.36625 0.14875 0.35875
5 0.1625 0.35875 0.14750000000000002 0.35875 0.14750000000000002 0.36875 0.1625 0.36875 0.1625 0.35875
5 0.19375 0.40875000000000006 0.18375 0.40875000000000006 0.18375 0.43125 0.19375 0.43125 0.19375 0.40875000000000006
5 0.18875 0.40125 0.17875000000000002 0.40125 0.17875000000000002 0.41375 0.18875 0.41375 0.18875 0.40125
5 0.205 0.43624999999999997 0.195 0.43624999999999997 0.195 0.45125000000000004 0.205 0.45125000000000004 0.205 0.43624999999999997
5 0.195 0.44000000000000006 0.1875 0.44000000000000006 0.1875 0.45499999999999996 0.195 0.45499999999999996 0.195 0.44000000000000006
5 0.22374999999999998 0.4 0.21375000000000002 0.4 0.21375000000000002 0.4225 0.22374999999999998 0.4225 0.22374999999999998 0.4
5 0.2325 0.375 0.22000000000000003 0.375 0.22000000000000003 0.395 0.2325 0.395 0.2325 0.375
5 0.20875 0.385 0.19875 0.385 0.19875 0.3975 0.20875 0.3975 0.20875 0.385
5 0.21875 0.36625 0.20875 0.36625 0.20875 0.37875000000000003 0.21875 0.37875000000000003 0.21875 0.36625
5 0.24500000000000002 0.44125 0.22999999999999998 0.44125 0.22999999999999998 0.45125000000000004 0.24500000000000002 0.45125000000000004 0.24500000000000002 0.44125
5 0.24125000000000002 0.42000000000000004 0.22374999999999998 0.42000000000000004 0.22374999999999998 0.44000000000000006 0.24125000000000002 0.44000000000000006 0.24125000000000002 0.42000000000000004
5 0.2325 0.44625000000000004 0.22000000000000003 0.44625000000000004 0.22000000000000003 0.45875000000000005 0.2325 0.45875000000000005 0.2325 0.44625000000000004
5 0.22000000000000003 0.45999999999999996 0.20750000000000002 0.45999999999999996 0.20750000000000002 0.47750000000000004 0.22000000000000003 0.47750000000000004 0.22000000000000003 0.45999999999999996
5 0.205 0.46125 0.195 0.46125 0.195 0.47874999999999995 0.205 0.47874999999999995 0.205 0.46125
5 0.1975 0.47750000000000004 0.19 0.47750000000000004 0.19 0.49000000000000005 0.1975 0.49000000000000005 0.1975 0.47750000000000004
5 0.20249999999999999 0.485 0.195 0.485 0.195 0.505 0.20249999999999999 0.505 0.20249999999999999 0.485
5 0.20875 0.50875 0.19624999999999998 0.50875 0.19624999999999998 0.5337500000000001 0.20875 0.5337500000000001 0.20875 0.50875
5 0.22125 0.5349999999999999 0.20625 0.5349999999999999 0.20625 0.5625 0.22125 0.5625 0.22125 0.5349999999999999
5 0.22875 0.53 0.21875 0.53 0.21875 0.545 0.22875 0.545 0.22875 0.53
5 0.2725 0.51375 0.2525 0.51375 0.2525 0.5237499999999999 0.2725 0.5237499999999999 0.2725 0.51375
5 0.28125 0.49625 0.26375000000000004 0.49625 0.26375000000000004 0.50625 0.28125 0.50625 0.28125 0.49625
5 0.21125 0.5599999999999999 0.20125 0.5599999999999999 0.20125 0.575 0.21125 0.575 0.21125 0.5599999999999999
5 0.22625 0.5725 0.21625 0.5725 0.21625 0.585 0.22625 0.585 0.22625 0.5725
5 0.21875 0.58375 0.20875 0.58375 0.20875 0.59875 0.21875 0.59875 0.21875 0.58375
5 0.22125 0.59875 0.21125 0.59875 0.21125 0.6212500000000001 0.22125 0.6212500000000001 0.22125 0.59875
5 0.22625 0.6174999999999999 0.21875 0.6174999999999999 0.21875 0.635 0.22625 0.635 0.22625 0.6174999999999999
5 0.23374999999999999 0.6375 0.22374999999999998 0.6375 0.22374999999999998 0.6525000000000001 0.23374999999999999 0.6525000000000001 0.23374999999999999 0.6375
5 0.23374999999999999 0.6537499999999999 0.22374999999999998 0.6537499999999999 0.22374999999999998 0.66625 0.23374999999999999 0.66625 0.23374999999999999 0.6537499999999999
5 0.23500000000000001 0.67125 0.22749999999999998 0.67125 0.22749999999999998 0.68125 0.23500000000000001 0.68125 0.23500000000000001 0.67125
5 0.25 0.675 0.24 0.675 0.24 0.6875 0.25 0.6875 0.25 0.675
5 0.23500000000000001 0.6825 0.22749999999999998 0.6825 0.22749999999999998 0.6950000000000001 0.23500000000000001 0.6950000000000001 0.23500000000000001 0.6825
5 0.2375 0.69375 0.22749999999999998 0.69375 0.22749999999999998 0.70625 0.2375 0.70625 0.2375 0.69375
5 0.24 0.705 0.22749999999999998 0.705 0.22749999999999998 0.7175 0.24 0.7175 0.24 0.705
5 0.24125000000000002 0.7150000000000001 0.22875 0.7150000000000001 0.22875 0.73 0.24125000000000002 0.73 0.24125000000000002 0.7150000000000001
5 0.25125000000000003 0.70875 0.24125000000000002 0.70875 0.24125000000000002 0.7212500000000001 0.25125000000000003 0.7212500000000001 0.25125000000000003 0.70875
5 0.2625 0.7162499999999999 0.2525 0.7162499999999999 0.2525 0.7262500000000001 0.2625 0.7262500000000001 0.2625 0.7162499999999999
5 0.2575 0.7262500000000001 0.25 0.7262500000000001 0.25 0.73625 0.2575 0.73625 0.2575 0.7262500000000001
5 0.265 0.73875 0.255 0.73875 0.255 0.75125 0.265 0.75125 0.265 0.73875
5 0.22875 0.75125 0.20625 0.75125 0.20625 0.76375 0.22875 0.76375 0.22875 0.75125
5 0.28125 0.6925 0.26875 0.6925 0.26875 0.72 0.28125 0.72 0.28125 0.6925
5 0.2725 0.6537499999999999 0.2625 0.6537499999999999 0.2625 0.67625 0.2725 0.67625 0.2725 0.6537499999999999
5 0.27 0.635 0.2575 0.635 0.2575 0.655 0.27 0.655 0.27 0.635
5 0.26625 0.62 0.25375000000000003 0.62 0.25375000000000003 0.64 0.26625 0.64 0.26625 0.62
5 0.26 0.6025 0.24500000000000002 0.6025 0.24500000000000002 0.62 0.26 0.62 0.26 0.6025
5 0.28125 0.67625 0.26625 0.67625 0.26625 0.69625 0.28125 0.69625 0.28125 0.67625
5 0.31625000000000003 0.6825 0.29375 0.6825 0.29375 0.6950000000000001 0.31625000000000003 0.6950000000000001 0.31625000000000003 0.6825
5 0.3225 0.44625000000000004 0.3125 0.44625000000000004 0.3125 0.46125 0.3225 0.46125 0.3225 0.44625000000000004
5 0.32999999999999996 0.4625 0.315 0.4625 0.315 0.47750000000000004 0.32999999999999996 0.47750000000000004 0.32999999999999996 0.4625
5 0.3375 0.44375 0.325 0.44375 0.325 0.46375 0.3375 0.46375 0.3375 0.44375
5 0.43499999999999994 0.4875 0.425 0.4875 0.425 0.505 0.43499999999999994 0.505 0.43499999999999994 0.4875
5 0.43125 0.5 0.41875 0.5 0.41875 0.5125 0.43125 0.5125 0.43125 0.5
5 0.4025 0.5037499999999999 0.385 0.5037499999999999 0.385 0.51375 0.4025 0.51375 0.4025 0.5037499999999999
5 0.40875000000000006 0.4875 0.37625000000000003 0.4875 0.37625000000000003 0.505 0.40875000000000006 0.505 0.40875000000000006 0.4875
5 0.43375 0.40374999999999994 0.42374999999999996 0.40374999999999994 0.42374999999999996 0.42125 0.43375 0.42125 0.43375 0.40374999999999994
5 0.45375 0.44625000000000004 0.43624999999999997 0.44625000000000004 0.43624999999999997 0.49375 0.45375 0.49375 0.45375 0.44625000000000004
5 0.465 0.49874999999999997 0.45 0.49874999999999997 0.45 0.50625 0.465 0.50625 0.465 0.49874999999999997
5 0.5650000000000001 0.48 0.545 0.48 0.545 0.49000000000000005 0.5650000000000001 0.49000000000000005 0.5650000000000001 0.48
5 0.07625 0.7837500000000001 0.05125 0.7837500000000001 0.05125 0.79625 0.07625 0.79625 0.07625 0.7837500000000001
5 0.03375 0.8175000000000001 0.01625 0.8175000000000001 0.01625 0.8324999999999999 0.03375 0.8324999999999999 0.03375 0.8175000000000001
5 0.057499999999999996 0.81125 0.0375 0.81125 0.0375 0.8262499999999999 0.057499999999999996 0.8262499999999999 0.057499999999999996 0.81125
5 0.1025 0.7725 0.08 0.7725 0.08 0.7849999999999999 0.1025 0.7849999999999999 0.1025 0.7725
5 0.12625 0.7837500000000001 0.10375000000000001 0.7837500000000001 0.10375000000000001 0.79625 0.12625 0.79625 0.12625 0.7837500000000001
5 0.135 0.79875 0.11499999999999999 0.79875 0.11499999999999999 0.81125 0.135 0.81125 0.135 0.79875
5 0.11000000000000001 0.80625 0.09 0.80625 0.09 0.81875 0.11000000000000001 0.81875 0.11000000000000001 0.80625
5 0.08875 0.8125 0.07375000000000001 0.8125 0.07375000000000001 0.8225 0.08875 0.8225 0.08875 0.8125
5 0.16 0.76625 0.135 0.76625 0.135 0.7787499999999999 0.16 0.7787499999999999 0.16 0.76625
5 0.255 0.75875 0.22000000000000003 0.75875 0.22000000000000003 0.7737499999999999 0.255 0.7737499999999999 0.255 0.75875
5 0.08625000000000001 0.91625 0.06875 0.91625 0.06875 0.9262499999999999 0.08625000000000001 0.9262499999999999 0.08625000000000001 0.91625
5 0.11374999999999999 0.91375 0.09625 0.91375 0.09625 0.9237500000000001 0.11374999999999999 0.9237500000000001 0.11374999999999999 0.91375
5 0.1975 0.78625 0.175 0.78625 0.175 0.79875 0.1975 0.79875 0.1975 0.78625
5 0.17124999999999999 0.79875 0.15875 0.79875 0.15875 0.80625 0.17124999999999999 0.80625 0.17124999999999999 0.79875
5 0.255 0.78 0.23500000000000001 0.78 0.23500000000000001 0.795 0.255 0.795 0.255 0.78
5 0.26125 0.80625 0.25125000000000003 0.80625 0.25125000000000003 0.8237500000000001 0.26125 0.8237500000000001 0.26125 0.80625
5 0.27375 0.81125 0.26625 0.81125 0.26625 0.8262499999999999 0.27375 0.8262499999999999 0.27375 0.81125
5 0.21749999999999997 0.7775000000000001 0.205 0.7775000000000001 0.205 0.7849999999999999 0.21749999999999997 0.7849999999999999 0.21749999999999997 0.7775000000000001
5 0.30874999999999997 0.6174999999999999 0.29125 0.6174999999999999 0.29125 0.6275000000000001 0.30874999999999997 0.6275000000000001 0.30874999999999997 0.6174999999999999
5 0.40499999999999997 0.5825 0.39249999999999996 0.5825 0.39249999999999996 0.6025 0.40499999999999997 0.6025 0.40499999999999997 0.5825
5 0.4125 0.56375 0.40499999999999997 0.56375 0.40499999999999997 0.58125 0.4125 0.58125 0.4125 0.56375
5 0.45499999999999996 0.5575 0.4325 0.5575 0.4325 0.5700000000000001 0.45499999999999996 0.5700000000000001 0.45499999999999996 0.5575
5 0.43499999999999994 0.55125 0.4175 0.55125 0.4175 0.56375 0.43499999999999994 0.56375 0.43499999999999994 0.55125
5 0.445 0.56875 0.42750000000000005 0.56875 0.42750000000000005 0.58125 0.445 0.58125 0.445 0.56875
5 0.625 0.4875 0.6174999999999999 0.4875 0.6174999999999999 0.5075000000000001 0.625 0.5075000000000001 0.625 0.4875
5 0.5825 0.65 0.5700000000000001 0.65 0.5700000000000001 0.6575 0.5825 0.6575 0.5825 0.65
5 0.5900000000000001 0.545 0.5725 0.545 0.5725 0.5549999999999999 0.5900000000000001 0.5549999999999999 0.5900000000000001 0.545
5 0.6625 0.64375 0.645 0.64375 0.645 0.65625 0.6625 0.65625 0.6625 0.64375
5 0.64625 0.53 0.6287499999999999 0.53 0.6287499999999999 0.54 0.64625 0.54 0.64625 0.53
5 0.6775 0.525 0.67 0.525 0.67 0.54 0.6775 0.54 0.6775 0.525
5 0.66875 0.5037499999999999 0.6487499999999999 0.5037499999999999 0.6487499999999999 0.51875 0.66875 0.51875 0.66875 0.5037499999999999
5 0.54375 0.92125 0.52625 0.92125 0.52625 0.95625 0.54375 0.95625 0.54375 0.92125
5 0.3175 0.7375 0.2975 0.7375 0.2975 0.75 0.3175 0.75 0.3175 0.7375
5 0.34625 0.735 0.32625000000000004 0.735 0.32625000000000004 0.745 0.34625 0.745 0.34625 0.735
5 0.36875 0.73 0.35125 0.73 0.35125 0.74 0.36875 0.74 0.36875 0.73
5 0.45 0.71875 0.4225 0.71875 0.4225 0.73625 0.45 0.73625 0.45 0.71875
5 0.4 0.725 0.3825 0.725 0.3825 0.7375 0.4 0.7375 0.4 0.725
5 0.41875 0.7224999999999999 0.40125 0.7224999999999999 0.40125 0.735 0.41875 0.735 0.41875 0.7224999999999999
5 0.4725 0.7125 0.4525 0.7125 0.4525 0.7275 0.4725 0.7275 0.4725 0.7125
5 0.495 0.7025 0.485 0.7025 0.485 0.72 0.495 0.72 0.495 0.7025
5 0.5575 0.7025 0.54 0.7025 0.54 0.71 0.5575 0.71 0.5575 0.7025
5 0.6 0.69875 0.5825 0.69875 0.5825 0.70625 0.6 0.70625 0.6 0.69875
5 0.625 0.6975 0.6075 0.6975 0.6075 0.71 0.625 0.71 0.625 0.6975
5 0.65 0.68875 0.63 0.68875 0.63 0.70125 0.65 0.70125 0.65 0.68875
5 0.6875 0.6837500000000001 0.6675 0.6837500000000001 0.6675 0.6912499999999999 0.6875 0.6912499999999999 0.6875 0.6837500000000001
5 0.4025 0.765 0.3875 0.765 0.3875 0.7775000000000001 0.4025 0.7775000000000001 0.4025 0.765
5 0.41875 0.7575000000000001 0.40125 0.7575000000000001 0.40125 0.77 0.41875 0.77 0.41875 0.7575000000000001
5 0.50125 0.75625 0.48875 0.75625 0.48875 0.77625 0.50125 0.77625 0.50125 0.75625
5 0.6849999999999999 0.5587500000000001 0.675 0.5587500000000001 0.675 0.58125 0.6849999999999999 0.58125 0.6849999999999999 0.5587500000000001
5 0.68875 0.585 0.67875 0.585 0.67875 0.5974999999999999 0.68875 0.5974999999999999 0.68875 0.585
5 0.70375 0.62625 0.68875 0.62625 0.68875 0.65625 0.70375 0.65625 0.70375 0.62625
5 0.7150000000000001 0.61 0.7025 0.61 0.7025 0.63 0.7150000000000001 0.63 0.7150000000000001 0.61
5 0.7325 0.6375 0.7224999999999999 0.6375 0.7224999999999999 0.6525000000000001 0.7325 0.6525000000000001 0.7325 0.6375
5 0.73875 0.65 0.73125 0.65 0.73125 0.6675 0.73875 0.6675 0.73875 0.65
5 0.5662499999999999 0.7375 0.54375 0.7375 0.54375 0.75 0.5662499999999999 0.75 0.5662499999999999 0.7375
5 0.5387500000000001 0.745 0.52125 0.745 0.52125 0.7525000000000001 0.5387500000000001 0.7525000000000001 0.5387500000000001 0.745
5 0.6725 0.72375 0.6525000000000001 0.72375 0.6525000000000001 0.73375 0.6725 0.73375 0.6725 0.72375
5 0.7125 0.725 0.7025 0.725 0.7025 0.74 0.7125 0.74 0.7125 0.725
5 0.72 0.74 0.71 0.74 0.71 0.7625 0.72 0.7625 0.72 0.74
5 0.75875 0.7575000000000001 0.7462500000000001 0.7575000000000001 0.7462500000000001 0.775 0.75875 0.775 0.75875 0.7575000000000001
5 0.59875 0.735 0.57875 0.735 0.57875 0.745 0.59875 0.745 0.59875 0.735
5 0.72 0.775 0.7125 0.775 0.7125 0.7825 0.72 0.7825 0.72 0.775
5 0.7224999999999999 0.7849999999999999 0.7150000000000001 0.7849999999999999 0.7150000000000001 0.795 0.7224999999999999 0.795 0.7224999999999999 0.7849999999999999
5 0.74125 0.81875 0.72875 0.81875 0.72875 0.83375 0.74125 0.83375 0.74125 0.81875
5 0.7262500000000001 0.81125 0.71875 0.81125 0.71875 0.82125 0.7262500000000001 0.82125 0.7262500000000001 0.81125
5 0.74 0.85125 0.7275 0.85125 0.7275 0.86625 0.74 0.86625 0.74 0.85125
5 0.74 0.8724999999999999 0.73 0.8724999999999999 0.73 0.8875 0.74 0.8875 0.74 0.8724999999999999
5 0.7737499999999999 0.835 0.76125 0.835 0.76125 0.8525 0.7737499999999999 0.8525 0.7737499999999999 0.835
5 0.77125 0.81375 0.75875 0.81375 0.75875 0.82875 0.77125 0.82875 0.77125 0.81375
5 0.76875 0.79625 0.7537499999999999 0.79625 0.7537499999999999 0.81375 0.76875 0.81375 0.76875 0.79625
5 0.78 0.8550000000000001 0.77 0.8550000000000001 0.77 0.875 0.78 0.875 0.78 0.8550000000000001
5 0.78 0.87375 0.77 0.87375 0.77 0.89125 0.78 0.89125 0.78 0.87375
5 0.7875 0.89625 0.7775000000000001 0.89625 0.7775000000000001 0.91375 0.7875 0.91375 0.7875 0.89625
5 0.755 0.9199999999999999 0.7375 0.9199999999999999 0.7375 0.9400000000000001 0.755 0.9400000000000001 0.755 0.9199999999999999
5 0.75625 0.9349999999999999 0.74375 0.9349999999999999 0.74375 0.95 0.75625 0.95 0.75625 0.9349999999999999
5 0.76 0.95375 0.7474999999999999 0.95375 0.7474999999999999 0.9737500000000001 0.76 0.9737500000000001 0.76 0.95375
5 0.765 0.975 0.75 0.975 0.75 0.9925 0.765 0.9925 0.765 0.975
5 0.7925 0.9225 0.7825 0.9225 0.7825 0.945 0.7925 0.945 0.7925 0.9225
5 0.8012499999999999 0.9550000000000001 0.7887500000000001 0.9550000000000001 0.7887500000000001 0.9724999999999999 0.8012499999999999 0.9724999999999999 0.8012499999999999 0.9550000000000001
5 0.80375 0.9737500000000001 0.7887500000000001 0.9737500000000001 0.7887500000000001 0.9887499999999999 0.80375 0.9887499999999999 0.80375 0.9737500000000001
5 0.8099999999999999 1 0.8099999999999999 0.9887499999999999 0.795 0.9887499999999999 0.795 1 0.8099999999999999 1
5 0.47625 0.7474999999999999 0.46624999999999994 0.7474999999999999 0.46624999999999994 0.7525000000000001 0.47625 0.7525000000000001 0.47625 0.7474999999999999
5 0.43125 0.755 0.42125 0.755 0.42125 0.7625 0.43125 0.7625 0.43125 0.755
5 0.45875000000000005 0.755 0.44875 0.755 0.44875 0.7625 0.45875000000000005 0.7625 0.45875000000000005 0.755
5 0.29874999999999996 0.8175000000000001 0.28875 0.8175000000000001 0.28875 0.835 0.29874999999999996 0.835 0.29874999999999996 0.8175000000000001
5 0.36 0.76625 0.34750000000000003 0.76625 0.34750000000000003 0.77125 0.36 0.77125 0.36 0.76625
5 0.35625 0.7725 0.34125 0.7725 0.34125 0.78 0.35625 0.78 0.35625 0.7725
5 0.275 0.85125 0.26749999999999996 0.85125 0.26749999999999996 0.8612500000000001 0.275 0.8612500000000001 0.275 0.85125
5 0.26625 0.82875 0.25875 0.82875 0.25875 0.8387499999999999 0.26625 0.8387499999999999 0.26625 0.82875
5 0.27999999999999997 0.85 0.275 0.85 0.275 0.86 0.27999999999999997 0.86 0.27999999999999997 0.85
5 0.28875 0.85125 0.28375 0.85125 0.28375 0.8612500000000001 0.28875 0.8612500000000001 0.28875 0.85125
5 0.29500000000000004 0.8525 0.29 0.8525 0.29 0.86 0.29500000000000004 0.86 0.29500000000000004 0.8525
5 0.30125 0.8425 0.29375 0.8425 0.29375 0.8525 0.30125 0.8525 0.30125 0.8425
5 0.305 0.85125 0.2975 0.85125 0.2975 0.8612500000000001 0.305 0.8612500000000001 0.305 0.85125
5 0.31 0.8724999999999999 0.2975 0.8724999999999999 0.2975 0.8925000000000001 0.31 0.8925000000000001 0.31 0.8724999999999999
5 0.2925 0.8775000000000001 0.27749999999999997 0.8775000000000001 0.27749999999999997 0.9075 0.2925 0.9075 0.2925 0.8775000000000001
5 0.305 0.9075 0.2925 0.9075 0.2925 0.925 0.305 0.925 0.305 0.9075
5 0.2725 0.87375 0.26749999999999996 0.87375 0.26749999999999996 0.88375 0.2725 0.88375 0.2725 0.87375
5 0.27625 0.89125 0.26625 0.89125 0.26625 0.9087500000000001 0.27625 0.9087500000000001 0.27625 0.89125
5 0.28625 0.9412499999999999 0.27625 0.9412499999999999 0.27625 0.95625 0.28625 0.95625 0.28625 0.9412499999999999
5 0.30375 0.94625 0.29125 0.94625 0.29125 0.9637499999999999 0.30375 0.9637499999999999 0.30375 0.94625
5 0.32125 0.945 0.31375000000000003 0.945 0.31375000000000003 0.9625 0.32125 0.9625 0.32125 0.945
5 0.3325 0.9550000000000001 0.3225 0.9550000000000001 0.3225 0.97 0.3325 0.97 0.3325 0.9550000000000001
5 0.2875 0.9875 0.27 0.9875 0.27 0.9949999999999999 0.2875 0.9949999999999999 0.2875 0.9875
5 0.3375 1 0.3375 0.9824999999999999 0.3275 0.9824999999999999 0.3275 1 0.3375 1
5 0.67125 0.475 0.66125 0.475 0.66125 0.4875 0.67125 0.4875 0.67125 0.475
5 0.7825 0.66625 0.7625 0.66625 0.7625 0.67875 0.7825 0.67875 0.7825 0.66625
5 0.8275 0.6900000000000001 0.805 0.6900000000000001 0.805 0.705 0.8275 0.705 0.8275 0.6900000000000001
5 0.8262499999999999 0.66125 0.8087500000000001 0.66125 0.8087500000000001 0.67375 0.8262499999999999 0.67375 0.8262499999999999 0.66125
5 0.8712500000000001 0.6837500000000001 0.8487500000000001 0.6837500000000001 0.8487500000000001 0.69625 0.8712500000000001 0.69625 0.8712500000000001 0.6837500000000001
5 0.89625 0.67875 0.87375 0.67875 0.87375 0.6912499999999999 0.89625 0.6912499999999999 0.89625 0.67875
5 0.8775000000000001 0.6475 0.8574999999999999 0.6475 0.8574999999999999 0.6599999999999999 0.8775000000000001 0.6599999999999999 0.8775000000000001 0.6475
5 0.885 0.64375 0.8699999999999999 0.64375 0.8699999999999999 0.6537499999999999 0.885 0.6537499999999999 0.885 0.64375
5 0.9175000000000001 0.63375 0.905 0.63375 0.905 0.64625 0.9175000000000001 0.64625 0.9175000000000001 0.63375
5 0.92875 0.65625 0.9037499999999999 0.65625 0.9037499999999999 0.67375 0.92875 0.67375 0.92875 0.65625
5 0.9275 0.675 0.905 0.675 0.905 0.6875 0.9275 0.6875 0.9275 0.675
5 0.9662499999999999 0.62375 0.9512499999999999 0.62375 0.9512499999999999 0.63625 0.9662499999999999 0.63625 0.9662499999999999 0.62375
5 0.99125 0.61875 0.96875 0.61875 0.96875 0.63375 0.99125 0.63375 0.99125 0.61875
5 1 0.6475 0.98125 0.6475 0.98125 0.6575 1 0.6575 1 0.6475
5 0.985 0.65625 0.9650000000000001 0.65625 0.9650000000000001 0.67125 0.985 0.67125 0.985 0.65625
5 0.63875 0.32125 0.63125 0.32125 0.63125 0.34125 0.63875 0.34125 0.63875 0.32125
5 0.6537499999999999 0.20375000000000001 0.64375 0.20375000000000001 0.64375 0.22374999999999998 0.6537499999999999 0.22374999999999998 0.6537499999999999 0.20375000000000001