5 0.9412499999999999 0.9099999999999999 0.92875 0.9099999999999999 0.92875 0.9225 0.9412499999999999 0.9225 0.9412499999999999 0.9099999999999999
5 1 0.915 0.9925 0.915 0.9925 0.9324999999999999 1 0.9324999999999999 1 0.915
5 0.2375 0.69875 0.22000000000000003 0.69875 0.22000000000000003 0.71375 0.2375 0.71375 0.2375 0.69875
5 0.2525 0.7162499999999999 0.2375 0.7162499999999999 0.2375 0.73125 0.2525 0.73125 0.2525 0.7162499999999999
5 0.265 0.66125 0.2525 0.66125 0.2525 0.67625 0.265 0.67625 0.265 0.66125
5 0.3225 0.6325000000000001 0.31 0.6325000000000001 0.31 0.6475 0.3225 0.6475 0.3225 0.6325000000000001
5 0.31124999999999997 0.615 0.29874999999999996 0.615 0.29874999999999996 0.6325000000000001 0.31124999999999997 0.6325000000000001 0.31124999999999997 0.615
5 0.37875000000000003 0.61 0.36375 0.61 0.36375 0.6275000000000001 0.37875000000000003 0.6275000000000001 0.37875000000000003 0.61
5 0.7837500000000001 0.3125 0.77125 0.3125 0.77125 0.32999999999999996 0.7837500000000001 0.32999999999999996 0.7837500000000001 0.3125
5 0.5974999999999999 0.0225 0.585 0.0225 0.585 0.0375 0.5974999999999999 0.0375 0.5974999999999999 0.0225
5 0.025 0.17124999999999999 0.0125 0.17124999999999999 0.0125 0.18625 0.025 0.18625 0.025 0.17124999999999999
5 0.89875 0.91375 0.87625 0.91375 0.87625 0.92875 0.89875 0.92875 0.89875 0.91375
5 0.09625 0.78625 0.07625 0.78625 0.07625 0.8012499999999999 0.09625 0.8012499999999999 0.09625 0.78625
5 0.6975 0.30874999999999997 0.6799999999999999 0.30874999999999997 0.6799999999999999 0.32125 0.6975 0.32125 0.6975 0.30874999999999997