5 0.0325 0.41500000000000004 0.0125 0.41500000000000004 0.0125 0.43499999999999994 0.0325 0.43499999999999994 0.0325 0.41500000000000004
5 0.215 0.22125 0.1925 0.22125 0.1925 0.24125000000000002 0.215 0.24125000000000002 0.215 0.22125
5 0.17375000000000002 0.21000000000000002 0.15375 0.21000000000000002 0.15375 0.22749999999999998 0.17375000000000002 0.22749999999999998 0.17375000000000002 0.21000000000000002
5 0.1275 0.09875 0.1075 0.09875 0.1075 0.11875 0.1275 0.11875 0.1275 0.09875
5 0.5275000000000001 0.015 0.5025000000000001 0.015 0.5025000000000001 0.034999999999999996 0.5275000000000001 0.034999999999999996 0.5275000000000001 0.015
5 0.73875 0.013750000000000002 0.71875 0.013750000000000002 0.71875 0.03125 0.73875 0.03125 0.73875 0.013750000000000002
5 0.72875 0.06 0.70875 0.06 0.70875 0.0775 0.72875 0.0775 0.72875 0.06
5 0.8324999999999999 0.27875 0.8125 0.27875 0.8125 0.29375 0.8324999999999999 0.29375 0.8324999999999999 0.27875
5 0.8237500000000001 0.25875 0.8087500000000001 0.25875 0.8087500000000001 0.27375 0.8237500000000001 0.27375 0.8237500000000001 0.25875
5 0.67625 0.135 0.6587500000000001 0.135 0.6587500000000001 0.1525 0.67625 0.1525 0.67625 0.135
5 0.59875 0.21749999999999997 0.58125 0.21749999999999997 0.58125 0.22999999999999998 0.59875 0.22999999999999998 0.59875 0.21749999999999997
5 0.5425 0.275 0.525 0.275 0.525 0.29 0.5425 0.29 0.5425 0.275
5 0.49874999999999997 0.325 0.48375 0.325 0.48375 0.33999999999999997 0.49874999999999997 0.33999999999999997 0.49874999999999997 0.325
5 0.445 0.39125 0.425 0.39125 0.425 0.40625 0.445 0.40625 0.445 0.39125
5 0.40374999999999994 0.4375 0.38625 0.4375 0.38625 0.45499999999999996 0.40374999999999994 0.45499999999999996 0.40374999999999994 0.4375
5 0.34875 0.46875 0.33125 0.46875 0.33125 0.48375 0.34875 0.48375 0.34875 0.46875
5 0.17124999999999999 0.645 0.15125 0.645 0.15125 0.6575 0.17124999999999999 0.6575 0.17124999999999999 0.645
5 0.13999999999999999 0.7112499999999999 0.1275 0.7112499999999999 0.1275 0.72375 0.13999999999999999 0.72375 0.13999999999999999 0.7112499999999999
5 0.0625 0.79875 0.04 0.79875 0.04 0.81875 0.0625 0.81875 0.0625 0.79875
5 0.14375 0.975 0.12875 0.975 0.12875 0.99 0.14375 0.99 0.14375 0.975
5 0.81375 0.7474999999999999 0.8012499999999999 0.7474999999999999 0.8012499999999999 0.76 0.81375 0.76 0.81375 0.7474999999999999
5 0.8 0.76375 0.7875 0.76375 0.7875 0.77625 0.8 0.77625 0.8 0.76375
5 0.7887500000000001 0.7775000000000001 0.7737499999999999 0.7775000000000001 0.7737499999999999 0.79 0.7887500000000001 0.79 0.7887500000000001 0.7775000000000001
5 0.6900000000000001 0.83375 0.6725 0.83375 0.6725 0.8487500000000001 0.6900000000000001 0.8487500000000001 0.6900000000000001 0.83375
5 0.61625 0.91625 0.59875 0.91625 0.59875 0.93125 0.61625 0.93125 0.61625 0.91625
5 0 0.85875 0.015 0.85875 0.015 0.8387499999999999 0 0.8387499999999999 0 0.85875