5 0.01625 0.64625 0.00375 0.64625 0.00375 0.66125 0.01625 0.66125 0.01625 0.64625
5 0.09625 0.6287499999999999 0.08125 0.6287499999999999 0.08125 0.6487499999999999 0.09625 0.6487499999999999 0.09625 0.6287499999999999
5 0.11625 0.62375 0.10124999999999999 0.62375 0.10124999999999999 0.64375 0.11625 0.64375 0.11625 0.62375
5 0.11499999999999999 0.5725 0.0925 0.5725 0.0925 0.5875 0.11499999999999999 0.5875 0.11499999999999999 0.5725
5 0.16625 0.5425 0.14625 0.5425 0.14625 0.5575 0.16625 0.5575 0.16625 0.5425
5 0.33125 0.57125 0.31375000000000003 0.57125 0.31375000000000003 0.5862499999999999 0.33125 0.5862499999999999 0.33125 0.57125
5 0.37124999999999997 0.59375 0.36124999999999996 0.59375 0.36124999999999996 0.60625 0.37124999999999997 0.60625 0.37124999999999997 0.59375
5 0.5675 0.32375 0.5475 0.32375 0.5475 0.33875 0.5675 0.33875 0.5675 0.32375
5 0.27999999999999997 0.58 0.2625 0.58 0.2625 0.5900000000000001 0.27999999999999997 0.5900000000000001 0.27999999999999997 0.58
5 0.465 0.9662499999999999 0.4425 0.9662499999999999 0.4425 0.98375 0.465 0.98375 0.465 0.9662499999999999
5 0.30125 0.58375 0.29125 0.58375 0.29125 0.59375 0.30125 0.59375 0.30125 0.58375
5 0.5962500000000001 0.78625 0.57625 0.78625 0.57625 0.8012499999999999 0.5962500000000001 0.8012499999999999 0.5962500000000001 0.78625
5 0.72375 0.6287499999999999 0.69875 0.6287499999999999 0.69875 0.6487499999999999 0.72375 0.6487499999999999 0.72375 0.6287499999999999