5 0.0475 0.5175 0.027500000000000004 0.5175 0.027500000000000004 0.5275000000000001 0.0475 0.5275000000000001 0.0475 0.5175
5 0.1325 0.45999999999999996 0.11750000000000001 0.45999999999999996 0.11750000000000001 0.47000000000000003 0.1325 0.47000000000000003 0.1325 0.45999999999999996
5 0.63125 0.31875 0.61625 0.31875 0.61625 0.32625000000000004 0.63125 0.32625000000000004 0.63125 0.31875
5 0.705 0.27125 0.6849999999999999 0.27125 0.6849999999999999 0.28125 0.705 0.28125 0.705 0.27125
5 0.7837500000000001 0.19375 0.7737499999999999 0.19375 0.7737499999999999 0.20875 0.7837500000000001 0.20875 0.7837500000000001 0.19375
5 0.8612500000000001 0.23125 0.84375 0.23125 0.84375 0.24125000000000002 0.8612500000000001 0.24125000000000002 0.8612500000000001 0.23125
5 0.8875 0.18875 0.875 0.18875 0.875 0.19624999999999998 0.8875 0.19624999999999998 0.8875 0.18875
5 0.51375 0.9337500000000001 0.49874999999999997 0.9337500000000001 0.49874999999999997 0.94375 0.51375 0.94375 0.51375 0.9337500000000001
5 0.6075 0.9275 0.5900000000000001 0.9275 0.5900000000000001 0.9349999999999999 0.6075 0.9349999999999999 0.6075 0.9275
5 0.63875 0.8925000000000001 0.62375 0.8925000000000001 0.62375 0.9 0.63875 0.9 0.63875 0.8925000000000001
5 0.9237500000000001 0.7975 0.9037499999999999 0.7975 0.9037499999999999 0.8099999999999999 0.9237500000000001 0.8099999999999999 0.9237500000000001 0.7975
5 0.88375 0.16999999999999998 0.8712500000000001 0.16999999999999998 0.8712500000000001 0.1825 0.88375 0.1825 0.88375 0.16999999999999998