5 0.10874999999999999 0.03625 0.08875 0.03625 0.08875 0.06625 0.10874999999999999 0.06625 0.10874999999999999 0.03625
5 0.13 0.11750000000000001 0.1075 0.11750000000000001 0.1075 0.16 0.13 0.16 0.13 0.11750000000000001
5 0.18125 0.8074999999999999 0.16125 0.8074999999999999 0.16125 0.8300000000000001 0.18125 0.8300000000000001 0.18125 0.8074999999999999
5 0.4575 0.3 0.43 0.3 0.43 0.3175 0.4575 0.3175 0.4575 0.3
5 0.32875 0.06375 0.29375 0.06375 0.29375 0.08125 0.32875 0.08125 0.32875 0.06375
5 0.32875 0.03 0.30375 0.03 0.30375 0.04 0.32875 0.04 0.32875 0.03
5 0.26625 0 0.26625 0.0125 0.28875 0.0125 0.28875 0 0.26625 0
5 0.89625 0.5 0.8787499999999999 0.5 0.8787499999999999 0.52 0.89625 0.52 0.89625 0.5
5 0.89 0.08249999999999999 0.86 0.08249999999999999 0.86 0.1125 0.89 0.1125 0.89 0.08249999999999999
5 0.095 0.38125 0.08499999999999999 0.38125 0.08499999999999999 0.40125 0.095 0.40125 0.095 0.38125
5 0.09625 0.335 0.08875 0.335 0.08875 0.34750000000000003 0.09625 0.34750000000000003 0.09625 0.335
5 0.12375 0.31 0.10874999999999999 0.31 0.10874999999999999 0.3175 0.12375 0.3175 0.12375 0.31
5 0.0925 0.425 0.08249999999999999 0.425 0.08249999999999999 0.445 0.0925 0.445 0.0925 0.425