5 0.18 0.49625 0.15 0.49625 0.15 0.50625 0.18 0.50625 0.18 0.49625
5 0.1775 0.48624999999999996 0.15 0.48624999999999996 0.15 0.49625 0.1775 0.49625 0.1775 0.48624999999999996
5 0.175 0.47750000000000004 0.14750000000000002 0.47750000000000004 0.14750000000000002 0.49000000000000005 0.175 0.49000000000000005 0.175 0.47750000000000004
5 0.17375000000000002 0.46749999999999997 0.14125000000000001 0.46749999999999997 0.14125000000000001 0.47750000000000004 0.17375000000000002 0.47750000000000004 0.17375000000000002 0.46749999999999997
5 0.17124999999999999 0.45625 0.14125000000000001 0.45625 0.14125000000000001 0.46875 0.17124999999999999 0.46875 0.17124999999999999 0.45625
5 0.16625 0.44000000000000006 0.13625 0.44000000000000006 0.13625 0.4525 0.16625 0.4525 0.16625 0.44000000000000006
5 0.16 0.4225 0.1325 0.4225 0.1325 0.4325 0.16 0.4325 0.16 0.4225
5 0.15625 0.40625 0.12625 0.40625 0.12625 0.41375 0.15625 0.41375 0.15625 0.40625
5 0.15625 0.39249999999999996 0.12375 0.39249999999999996 0.12375 0.40750000000000003 0.15625 0.40750000000000003 0.15625 0.39249999999999996
5 0.10874999999999999 0.4225 0.09375 0.4225 0.09375 0.4425 0.10874999999999999 0.4425 0.10874999999999999 0.4225
5 0.1275 0.48875 0.1125 0.48875 0.1125 0.51125 0.1275 0.51125 0.1275 0.48875
5 0.11625 0.4425 0.10124999999999999 0.4425 0.10124999999999999 0.46749999999999997 0.11625 0.46749999999999997 0.11625 0.4425
5 0.13125 0.51625 0.11875 0.51625 0.11875 0.53125 0.13125 0.53125 0.13125 0.51625
5 0.13999999999999999 0.34375 0.11000000000000001 0.34375 0.11000000000000001 0.35375 0.13999999999999999 0.35375 0.13999999999999999 0.34375
5 0.13999999999999999 0.3325 0.11000000000000001 0.3325 0.11000000000000001 0.34500000000000003 0.13999999999999999 0.34500000000000003 0.13999999999999999 0.3325
5 0.13 0.32375 0.1 0.32375 0.1 0.33625 0.13 0.33625 0.13 0.32375
5 0.125 0.3075 0.0975 0.3075 0.0975 0.3175 0.125 0.3175 0.125 0.3075
5 0.51 0.027500000000000004 0.495 0.027500000000000004 0.495 0.05 0.51 0.05 0.51 0.027500000000000004
5 0.54 0.0225 0.5225 0.0225 0.5225 0.045 0.54 0.045 0.54 0.0225
5 0.5725 0.017499999999999998 0.5549999999999999 0.017499999999999998 0.5549999999999999 0.042499999999999996 0.5725 0.042499999999999996 0.5725 0.017499999999999998
5 0.5875 0.01625 0.5675 0.01625 0.5675 0.03875 0.5875 0.03875 0.5875 0.01625
5 0.60375 0.015 0.58875 0.015 0.58875 0.0375 0.60375 0.0375 0.60375 0.015
5 0.625 0.01125 0.6075 0.01125 0.6075 0.03375 0.625 0.03375 0.625 0.01125
5 0.65625 0.00625 0.64125 0.00625 0.64125 0.026250000000000002 0.65625 0.026250000000000002 0.65625 0.00625
5 0.67375 0.0075 0.6587500000000001 0.0075 0.6587500000000001 0.03 0.67375 0.03 0.67375 0.0075
5 0.6925 0.00375 0.6775 0.00375 0.6775 0.028749999999999998 0.6925 0.028749999999999998 0.6925 0.00375
5 0.70625 0.0025 0.69625 0.0025 0.69625 0.02 0.70625 0.02 0.70625 0.0025
5 0.70875 0 0.70875 0.01625 0.72375 0.01625 0.72375 0 0.70875 0
5 0.725 0 0.725 0.01875 0.745 0.01875 0.745 0 0.725 0
5 0.6725 0.0975 0.655 0.0975 0.655 0.11750000000000001 0.6725 0.11750000000000001 0.6725 0.0975
5 0.12 0.26625 0.0875 0.26625 0.0875 0.27875 0.12 0.27875 0.12 0.26625
5 0.12250000000000001 0.27625 0.09 0.27625 0.09 0.28875 0.12250000000000001 0.28875 0.12250000000000001 0.27625
5 0.13 0.29625 0.095 0.29625 0.095 0.30874999999999997 0.13 0.30874999999999997 0.13 0.29625
5 0.125 0.28500000000000003 0.095 0.28500000000000003 0.095 0.2975 0.125 0.2975 0.125 0.28500000000000003
5 0.0875 0.24500000000000002 0.0675 0.24500000000000002 0.0675 0.27 0.0875 0.27 0.0875 0.24500000000000002
5 0.08375 0.30625 0.06375 0.30625 0.06375 0.32875 0.08375 0.32875 0.08375 0.30625
5 0.7075 0.095 0.6950000000000001 0.095 0.6950000000000001 0.1125 0.7075 0.1125 0.7075 0.095
5 0.72375 0.09 0.7112499999999999 0.09 0.7112499999999999 0.1125 0.72375 0.1125 0.72375 0.09
5 0.5662499999999999 0.4625 0.53125 0.4625 0.53125 0.475 0.5662499999999999 0.475 0.5662499999999999 0.4625
5 0.56125 0.48 0.53125 0.48 0.53125 0.4925 0.56125 0.4925 0.56125 0.48
5 0.6525000000000001 0.47000000000000003 0.62 0.47000000000000003 0.62 0.48250000000000004 0.6525000000000001 0.48250000000000004 0.6525000000000001 0.47000000000000003
5 0.835 0.45499999999999996 0.8025 0.45499999999999996 0.8025 0.465 0.835 0.465 0.835 0.45499999999999996
5 0.74375 0.46125 0.71375 0.46125 0.71375 0.47125000000000006 0.74375 0.47125000000000006 0.74375 0.46125
5 0.83375 0.73125 0.79875 0.73125 0.79875 0.74375 0.83375 0.74375 0.83375 0.73125
5 0.825 0.70375 0.795 0.70375 0.795 0.7112499999999999 0.825 0.7112499999999999 0.825 0.70375
5 0.81875 0.6875 0.7887500000000001 0.6875 0.7887500000000001 0.6975 0.81875 0.6975 0.81875 0.6875
5 0.83125 0.7424999999999999 0.80375 0.7424999999999999 0.80375 0.7525000000000001 0.83125 0.7525000000000001 0.83125 0.7424999999999999
5 0.83375 0.75 0.80625 0.75 0.80625 0.76 0.83375 0.76 0.83375 0.75
5 0.86 0.8237500000000001 0.8275 0.8237500000000001 0.8275 0.83625 0.86 0.83625 0.86 0.8237500000000001
5 0.875 0.85 0.8400000000000001 0.85 0.8400000000000001 0.8625 0.875 0.8625 0.875 0.85
5 0.8787499999999999 0.8625 0.8462500000000001 0.8625 0.8462500000000001 0.875 0.8787499999999999 0.875 0.8787499999999999 0.8625
5 0.8237500000000001 0.7125 0.79625 0.7125 0.79625 0.7224999999999999 0.8237500000000001 0.7224999999999999 0.8237500000000001 0.7125
5 0.09625 0.16999999999999998 0.06625 0.16999999999999998 0.06625 0.1825 0.09625 0.1825 0.09625 0.16999999999999998
5 0.85875 0.5387500000000001 0.8412499999999999 0.5387500000000001 0.8412499999999999 0.55375 0.85875 0.55375 0.85875 0.5387500000000001
5 0.13874999999999998 0.53 0.12125 0.53 0.12125 0.5549999999999999 0.13874999999999998 0.5549999999999999 0.13874999999999998 0.53
5 0.14250000000000002 0.54875 0.1275 0.54875 0.1275 0.57125 0.14250000000000002 0.57125 0.14250000000000002 0.54875
5 0.8425 0.7875 0.8175000000000001 0.7875 0.8175000000000001 0.7975 0.8425 0.7975 0.8425 0.7875
5 0.8375 0.7787499999999999 0.8099999999999999 0.7787499999999999 0.8099999999999999 0.7887500000000001 0.8375 0.7887500000000001 0.8375 0.7787499999999999
5 0.83375 0.77125 0.80625 0.77125 0.80625 0.78125 0.83375 0.78125 0.83375 0.77125
5 0.835 0.76125 0.8074999999999999 0.76125 0.8074999999999999 0.77125 0.835 0.77125 0.835 0.76125
5 0.8474999999999999 0.805 0.8225 0.805 0.8225 0.8150000000000001 0.8474999999999999 0.8150000000000001 0.8474999999999999 0.805
5 0.8462500000000001 0.6587500000000001 0.83375 0.6587500000000001 0.83375 0.67375 0.8462500000000001 0.67375 0.8462500000000001 0.6587500000000001
5 0.8387499999999999 0.6375 0.8262499999999999 0.6375 0.8262499999999999 0.655 0.8387499999999999 0.655 0.8387499999999999 0.6375
5 0.8625 0.52 0.85 0.52 0.85 0.5375 0.8625 0.5375 0.8625 0.52
5 0.0075 0 0.0075 0.015 0.025 0.015 0.025 0 0.0075 0
5 0.745 0.09375 0.73 0.09375 0.73 0.11125 0.745 0.11125 0.745 0.09375
5 0.8574999999999999 0.81375 0.825 0.81375 0.825 0.8262499999999999 0.8574999999999999 0.8262499999999999 0.8574999999999999 0.81375