5 0.03125 0.27375 0.00125 0.27375 0.00125 0.28625 0.03125 0.28625 0.03125 0.27375
5 0.075 0.335 0.0375 0.335 0.0375 0.34750000000000003 0.075 0.34750000000000003 0.075 0.335
5 0.10874999999999999 0.28625 0.07125000000000001 0.28625 0.07125000000000001 0.30125 0.10874999999999999 0.30125 0.10874999999999999 0.28625
5 0.05125 0.30375 0.01875 0.30375 0.01875 0.31625000000000003 0.05125 0.31625000000000003 0.05125 0.30375
5 0.12875 0.30874999999999997 0.09875 0.30874999999999997 0.09875 0.32125 0.12875 0.32125 0.12875 0.30874999999999997
5 0.0375 0.2525 0.017499999999999998 0.2525 0.017499999999999998 0.2725 0.0375 0.2725 0.0375 0.2525
5 0.05375 0.25125000000000003 0.03375 0.25125000000000003 0.03375 0.27125 0.05375 0.27125 0.05375 0.25125000000000003
5 0.06999999999999999 0.24874999999999997 0.05500000000000001 0.24874999999999997 0.05500000000000001 0.26875 0.06999999999999999 0.26875 0.06999999999999999 0.24874999999999997
5 0.08625000000000001 0.2475 0.06625 0.2475 0.06625 0.265 0.08625000000000001 0.265 0.08625000000000001 0.2475
5 0.1 0.24375 0.08 0.24375 0.08 0.26375000000000004 0.1 0.26375000000000004 0.1 0.24375
5 0.12125 0.24125000000000002 0.10124999999999999 0.24125000000000002 0.10124999999999999 0.26125 0.12125 0.26125 0.12125 0.24125000000000002
5 0.13625 0.24 0.11875 0.24 0.11875 0.2625 0.13625 0.2625 0.13625 0.24
5 0.1525 0.23875000000000002 0.13 0.23875000000000002 0.13 0.26125 0.1525 0.26125 0.1525 0.23875000000000002
5 0.16999999999999998 0.2375 0.145 0.2375 0.145 0.26 0.16999999999999998 0.26 0.16999999999999998 0.2375
5 0.19875 0.28875 0.16625 0.28875 0.16625 0.30125 0.19875 0.30125 0.19875 0.28875
5 0.205 0.31375000000000003 0.175 0.31375000000000003 0.175 0.32625000000000004 0.205 0.32625000000000004 0.205 0.31375000000000003
5 0.32875 0.28500000000000003 0.29625 0.28500000000000003 0.29625 0.3 0.32875 0.3 0.32875 0.28500000000000003
5 0.34375 0.2975 0.31124999999999997 0.2975 0.31124999999999997 0.315 0.34375 0.315 0.34375 0.2975
5 0.45 0.24874999999999997 0.41500000000000004 0.24874999999999997 0.41500000000000004 0.26125 0.45 0.26125 0.45 0.24874999999999997
5 0.4525 0.28625 0.4225 0.28625 0.4225 0.30125 0.4525 0.30125 0.4525 0.28625
5 0.5925 0.2475 0.5625 0.2475 0.5625 0.26 0.5925 0.26 0.5925 0.2475
5 0.6487499999999999 0.23374999999999999 0.60625 0.23374999999999999 0.60625 0.24874999999999997 0.6487499999999999 0.24874999999999997 0.6487499999999999 0.23374999999999999
5 0.6475 0.21625 0.615 0.21625 0.615 0.23125 0.6475 0.23125 0.6475 0.21625
5 0.7275 0.21125 0.7 0.21125 0.7 0.22374999999999998 0.7275 0.22374999999999998 0.7275 0.21125
5 0.75875 0.21125 0.73125 0.21125 0.73125 0.22125 0.75875 0.22125 0.75875 0.21125
5 0.48125 0.7775000000000001 0.46624999999999994 0.7775000000000001 0.46624999999999994 0.8 0.48125 0.8 0.48125 0.7775000000000001
5 0.51125 0.7725 0.49375 0.7725 0.49375 0.795 0.51125 0.795 0.51125 0.7725
5 0.54375 0.7675 0.52625 0.7675 0.52625 0.7925 0.54375 0.7925 0.54375 0.7675
5 0.5587500000000001 0.76625 0.5387500000000001 0.76625 0.5387500000000001 0.7887500000000001 0.5587500000000001 0.7887500000000001 0.5587500000000001 0.76625
5 0.575 0.765 0.5599999999999999 0.765 0.5599999999999999 0.7875 0.575 0.7875 0.575 0.765
5 0.5962500000000001 0.76125 0.57875 0.76125 0.57875 0.7837500000000001 0.5962500000000001 0.7837500000000001 0.5962500000000001 0.76125
5 0.6275000000000001 0.75625 0.6125 0.75625 0.6125 0.77625 0.6275000000000001 0.77625 0.6275000000000001 0.75625
5 0.645 0.7575000000000001 0.63 0.7575000000000001 0.63 0.78 0.645 0.78 0.645 0.7575000000000001
5 0.6637500000000001 0.7537499999999999 0.6487499999999999 0.7537499999999999 0.6487499999999999 0.7787499999999999 0.6637500000000001 0.7787499999999999 0.6637500000000001 0.7537499999999999
5 0.6775 0.7525000000000001 0.6675 0.7525000000000001 0.6675 0.77 0.6775 0.77 0.6775 0.7525000000000001
5 0.6950000000000001 0.7462500000000001 0.6799999999999999 0.7462500000000001 0.6799999999999999 0.76625 0.6950000000000001 0.76625 0.6950000000000001 0.7462500000000001
5 0.7162499999999999 0.7462500000000001 0.69625 0.7462500000000001 0.69625 0.76875 0.7162499999999999 0.76875 0.7162499999999999 0.7462500000000001
5 0.735 0.7224999999999999 0.6799999999999999 0.7224999999999999 0.6799999999999999 0.7375 0.735 0.7375 0.735 0.7224999999999999
5 0.64375 0.8474999999999999 0.62625 0.8474999999999999 0.62625 0.8675 0.64375 0.8675 0.64375 0.8474999999999999
5 0.5425 0.6 0.5125 0.6 0.5125 0.6125 0.5425 0.6125 0.5425 0.6
5 0.54375 0.6125 0.51625 0.6125 0.51625 0.625 0.54375 0.625 0.54375 0.6125
5 0.67875 0.845 0.66625 0.845 0.66625 0.8625 0.67875 0.8625 0.67875 0.845
5 0.6950000000000001 0.8400000000000001 0.6825 0.8400000000000001 0.6825 0.8625 0.6950000000000001 0.8625 0.6950000000000001 0.8400000000000001
5 0.7525000000000001 0.06625 0.72 0.06625 0.72 0.07625 0.7525000000000001 0.07625 0.7525000000000001 0.06625
5 0.0675 0.9199999999999999 0.0375 0.9199999999999999 0.0375 0.9324999999999999 0.0675 0.9324999999999999 0.0675 0.9199999999999999
5 0.7162499999999999 0.84375 0.70125 0.84375 0.70125 0.8612500000000001 0.7162499999999999 0.8612500000000001 0.7162499999999999 0.84375
5 0.26749999999999996 0.30125 0.23500000000000001 0.30125 0.23500000000000001 0.31375000000000003 0.26749999999999996 0.31375000000000003 0.26749999999999996 0.30125
5 0.7262500000000001 0.03 0.69875 0.03 0.69875 0.052500000000000005 0.7262500000000001 0.052500000000000005 0.7262500000000001 0.03