5 0.45 0.11875 0.43499999999999994 0.11875 0.43499999999999994 0.12375 0.45 0.12375 0.45 0.11875
5 0.43499999999999994 0.12 0.4175 0.12 0.4175 0.125 0.43499999999999994 0.125 0.43499999999999994 0.12
5 0.41500000000000004 0.11875 0.3975 0.11875 0.3975 0.12625 0.41500000000000004 0.12625 0.41500000000000004 0.11875
5 0.395 0.11875 0.3775 0.11875 0.3775 0.12625 0.395 0.12625 0.395 0.11875
5 0.37625000000000003 0.12 0.35625 0.12 0.35625 0.125 0.37625000000000003 0.125 0.37625000000000003 0.12
5 0.585 0.06999999999999999 0.5675 0.06999999999999999 0.5675 0.08 0.585 0.08 0.585 0.06999999999999999
5 0.5662499999999999 0.0725 0.54875 0.0725 0.54875 0.0775 0.5662499999999999 0.0775 0.5662499999999999 0.0725
5 0.5349999999999999 0.0725 0.5175 0.0725 0.5175 0.0775 0.5349999999999999 0.0775 0.5349999999999999 0.0725
5 0.51875 0.0725 0.49874999999999997 0.0725 0.49874999999999997 0.0775 0.51875 0.0775 0.51875 0.0725
5 0.50125 0.0725 0.48125 0.0725 0.48125 0.08 0.50125 0.08 0.50125 0.0725
5 0.48250000000000004 0.07375000000000001 0.465 0.07375000000000001 0.465 0.07875 0.48250000000000004 0.07875 0.48250000000000004 0.07375000000000001
5 0.51875 0.042499999999999996 0.50125 0.042499999999999996 0.50125 0.05 0.51875 0.05 0.51875 0.042499999999999996
5 0.5925 0.12625 0.575 0.12625 0.575 0.13625 0.5925 0.13625 0.5925 0.12625
5 0.57375 0.12875 0.56125 0.12875 0.56125 0.13374999999999998 0.57375 0.13374999999999998 0.57375 0.12875
5 0.5599999999999999 0.12875 0.54 0.12875 0.54 0.13374999999999998 0.5599999999999999 0.13374999999999998 0.5599999999999999 0.12875
5 0.5425 0.12625 0.525 0.12625 0.525 0.13374999999999998 0.5425 0.13374999999999998 0.5425 0.12625
5 0.5237499999999999 0.125 0.51125 0.125 0.51125 0.1325 0.5237499999999999 0.1325 0.5237499999999999 0.125
5 0.50625 0.125 0.49375 0.125 0.49375 0.1325 0.50625 0.1325 0.50625 0.125
5 0.4925 0.125 0.48250000000000004 0.125 0.48250000000000004 0.1325 0.4925 0.1325 0.4925 0.125
5 0.47625 0.12250000000000001 0.46125 0.12250000000000001 0.46125 0.1325 0.47625 0.1325 0.47625 0.12250000000000001
5 0.4575 0.125 0.445 0.125 0.445 0.1325 0.4575 0.1325 0.4575 0.125
5 0.445 0.12625 0.425 0.12625 0.425 0.13374999999999998 0.445 0.13374999999999998 0.445 0.12625
5 0.425 0.125 0.40499999999999997 0.125 0.40499999999999997 0.135 0.425 0.135 0.425 0.125
5 0.4025 0.125 0.3875 0.125 0.3875 0.1325 0.4025 0.1325 0.4025 0.125
5 0.3825 0.125 0.37 0.125 0.37 0.1325 0.3825 0.1325 0.3825 0.125
5 0.3675 0.12625 0.35 0.12625 0.35 0.13374999999999998 0.3675 0.13374999999999998 0.3675 0.12625
5 0.34875 0.12375 0.33125 0.12375 0.33125 0.13374999999999998 0.34875 0.13374999999999998 0.34875 0.12375
5 0.34500000000000003 0.1125 0.32999999999999996 0.1125 0.32999999999999996 0.11750000000000001 0.34500000000000003 0.11750000000000001 0.34500000000000003 0.1125
5 0.36124999999999996 0.1125 0.34875 0.1125 0.34875 0.11750000000000001 0.36124999999999996 0.11750000000000001 0.36124999999999996 0.1125
5 0.37875000000000003 0.1125 0.36625 0.1125 0.36625 0.11750000000000001 0.37875000000000003 0.11750000000000001 0.37875000000000003 0.1125
5 0.395 0.1125 0.3825 0.1125 0.3825 0.11750000000000001 0.395 0.11750000000000001 0.395 0.1125
5 0.4125 0.1125 0.3975 0.1125 0.3975 0.11750000000000001 0.4125 0.11750000000000001 0.4125 0.1125
5 0.42625 0.1125 0.41375 0.1125 0.41375 0.11750000000000001 0.42625 0.11750000000000001 0.42625 0.1125
5 0.44125 0.1125 0.42874999999999996 0.1125 0.42874999999999996 0.11750000000000001 0.44125 0.11750000000000001 0.44125 0.1125
5 0.45625 0.11125 0.44375 0.11125 0.44375 0.11625 0.45625 0.11625 0.45625 0.11125
5 0.47125000000000006 0.1125 0.45875000000000005 0.1125 0.45875000000000005 0.11750000000000001 0.47125000000000006 0.11750000000000001 0.47125000000000006 0.1125
5 0.4875 0.1125 0.475 0.1125 0.475 0.11750000000000001 0.4875 0.11750000000000001 0.4875 0.1125
5 0.505 0.1125 0.4925 0.1125 0.4925 0.11750000000000001 0.505 0.11750000000000001 0.505 0.1125
5 0.5225 0.11374999999999999 0.5075000000000001 0.11374999999999999 0.5075000000000001 0.11875 0.5225 0.11875 0.5225 0.11374999999999999
5 0.575 0.10375000000000001 0.5549999999999999 0.10375000000000001 0.5549999999999999 0.11125 0.575 0.11125 0.575 0.10375000000000001
5 0.55375 0.10375000000000001 0.54125 0.10375000000000001 0.54125 0.11125 0.55375 0.11125 0.55375 0.10375000000000001
5 0.5325 0.10500000000000001 0.5225 0.10500000000000001 0.5225 0.1125 0.5325 0.1125 0.5325 0.10500000000000001
5 0.51625 0.10375000000000001 0.50125 0.10375000000000001 0.50125 0.11125 0.51625 0.11125 0.51625 0.10375000000000001
5 0.49749999999999994 0.10500000000000001 0.48250000000000004 0.10500000000000001 0.48250000000000004 0.1125 0.49749999999999994 0.1125 0.49749999999999994 0.10500000000000001
5 0.47874999999999995 0.10500000000000001 0.46125 0.10500000000000001 0.46125 0.11000000000000001 0.47874999999999995 0.11000000000000001 0.47874999999999995 0.10500000000000001
5 0.44625000000000004 0.0975 0.43125 0.0975 0.43125 0.10500000000000001 0.44625000000000004 0.10500000000000001 0.44625000000000004 0.0975
5 0.43 0.09625 0.41500000000000004 0.09625 0.41500000000000004 0.10375000000000001 0.43 0.10375000000000001 0.43 0.09625
5 0.41500000000000004 0.09875 0.3975 0.09875 0.3975 0.10625 0.41500000000000004 0.10625 0.41500000000000004 0.09875
5 0.39625 0.09625 0.37875000000000003 0.09625 0.37875000000000003 0.10375000000000001 0.39625 0.10375000000000001 0.39625 0.09625
5 0.38125 0.0975 0.36375 0.0975 0.36375 0.10500000000000001 0.38125 0.10500000000000001 0.38125 0.0975
5 0.36124999999999996 0.0975 0.34375 0.0975 0.34375 0.10500000000000001 0.36124999999999996 0.10500000000000001 0.36124999999999996 0.0975
5 0.34125 0.0975 0.32375 0.0975 0.32375 0.10500000000000001 0.34125 0.10500000000000001 0.34125 0.0975
5 0.34500000000000003 0.1025 0.3275 0.1025 0.3275 0.11000000000000001 0.34500000000000003 0.11000000000000001 0.34500000000000003 0.1025
5 0.36124999999999996 0.10500000000000001 0.34625 0.10500000000000001 0.34625 0.11000000000000001 0.36124999999999996 0.11000000000000001 0.36124999999999996 0.10500000000000001
5 0.38 0.10625 0.3625 0.10625 0.3625 0.11125 0.38 0.11125 0.38 0.10625
5 0.3975 0.10500000000000001 0.3825 0.10500000000000001 0.3825 0.1125 0.3975 0.1125 0.3975 0.10500000000000001
5 0.41375 0.10500000000000001 0.39875 0.10500000000000001 0.39875 0.11000000000000001 0.41375 0.11000000000000001 0.41375 0.10500000000000001
5 0.43 0.10500000000000001 0.41500000000000004 0.10500000000000001 0.41500000000000004 0.11000000000000001 0.43 0.11000000000000001 0.43 0.10500000000000001
5 0.45 0.10375000000000001 0.43 0.10375000000000001 0.43 0.11125 0.45 0.11125 0.45 0.10375000000000001
5 0.495 0.08875 0.48 0.08875 0.48 0.09625 0.495 0.09625 0.495 0.08875
5 0.51 0.09 0.49749999999999994 0.09 0.49749999999999994 0.095 0.51 0.095 0.51 0.09
5 0.53 0.09 0.5125 0.09 0.5125 0.0975 0.53 0.0975 0.53 0.09
5 0.54875 0.09 0.5337500000000001 0.09 0.5337500000000001 0.0975 0.54875 0.0975 0.54875 0.09
5 0.5662499999999999 0.0875 0.55375 0.0875 0.55375 0.095 0.5662499999999999 0.095 0.5662499999999999 0.0875
5 0.58375 0.08875 0.57125 0.08875 0.57125 0.09625 0.58375 0.09625 0.58375 0.08875
5 0.47625 0.0875 0.46375 0.0875 0.46375 0.095 0.47625 0.095 0.47625 0.0875
5 0.4625 0.08875 0.44749999999999995 0.08875 0.44749999999999995 0.09625 0.4625 0.09625 0.4625 0.08875
5 0.445 0.09 0.43 0.09 0.43 0.095 0.445 0.095 0.445 0.09
5 0.41624999999999995 0.09 0.39875 0.09 0.39875 0.0975 0.41624999999999995 0.0975 0.41624999999999995 0.09
5 0.43 0.08875 0.41500000000000004 0.08875 0.41500000000000004 0.09625 0.43 0.09625 0.43 0.08875
5 0.3775 0.09 0.3625 0.09 0.3625 0.0975 0.3775 0.0975 0.3775 0.09
5 0.3625 0.09125 0.34750000000000003 0.09125 0.34750000000000003 0.09625 0.3625 0.09625 0.3625 0.09125
5 0.34625 0.09 0.33125 0.09 0.33125 0.0975 0.34625 0.0975 0.34625 0.09
5 0.40875000000000006 0.08375 0.38875000000000004 0.08375 0.38875000000000004 0.09125 0.40875000000000006 0.09125 0.40875000000000006 0.08375
5 0.34875 0.08499999999999999 0.32875 0.08499999999999999 0.32875 0.0925 0.34875 0.0925 0.34875 0.08499999999999999
5 0.38375 0.08499999999999999 0.36625 0.08499999999999999 0.36625 0.09 0.38375 0.09 0.38375 0.08499999999999999
5 0.365 0.08499999999999999 0.35 0.08499999999999999 0.35 0.0925 0.365 0.0925 0.365 0.08499999999999999
5 0.43 0.08249999999999999 0.41 0.08249999999999999 0.41 0.09 0.43 0.09 0.43 0.08249999999999999
5 0.44625000000000004 0.08249999999999999 0.43125 0.08249999999999999 0.43125 0.09 0.44625000000000004 0.09 0.44625000000000004 0.08249999999999999
5 0.47000000000000003 0.08 0.45 0.08 0.45 0.0875 0.47000000000000003 0.0875 0.47000000000000003 0.08
5 0.48624999999999996 0.08125 0.47125000000000006 0.08125 0.47125000000000006 0.08625000000000001 0.48624999999999996 0.08625000000000001 0.48624999999999996 0.08125
5 0.50625 0.08 0.48875 0.08 0.48875 0.0875 0.50625 0.0875 0.50625 0.08
5 0.5275000000000001 0.08 0.51 0.08 0.51 0.0875 0.5275000000000001 0.0875 0.5275000000000001 0.08
5 0.5475 0.08 0.53 0.08 0.53 0.0875 0.5475 0.0875 0.5475 0.08
5 0.5650000000000001 0.08 0.5475 0.08 0.5475 0.0875 0.5650000000000001 0.0875 0.5650000000000001 0.08
5 0.5875 0.08125 0.5675 0.08125 0.5675 0.08875 0.5875 0.08875 0.5875 0.08125
5 0.58875 0.057499999999999996 0.57375 0.057499999999999996 0.57375 0.065 0.58875 0.065 0.58875 0.057499999999999996
5 0.58 0.06375 0.5599999999999999 0.06375 0.5599999999999999 0.07125000000000001 0.58 0.07125000000000001 0.58 0.06375
5 0.55625 0.06375 0.53625 0.06375 0.53625 0.07125000000000001 0.55625 0.07125000000000001 0.55625 0.06375
5 0.5125 0.06375 0.495 0.06375 0.495 0.07125000000000001 0.5125 0.07125000000000001 0.5125 0.06375
5 0.4925 0.0625 0.4725 0.0625 0.4725 0.06999999999999999 0.4925 0.06999999999999999 0.4925 0.0625
5 0.5337500000000001 0.0625 0.51375 0.0625 0.51375 0.06999999999999999 0.5337500000000001 0.06999999999999999 0.5337500000000001 0.0625
5 0.41624999999999995 0.075 0.39875 0.075 0.39875 0.08249999999999999 0.41624999999999995 0.08249999999999999 0.41624999999999995 0.075
5 0.4325 0.075 0.4175 0.075 0.4175 0.08249999999999999 0.4325 0.08249999999999999 0.4325 0.075
5 0.44749999999999995 0.07375000000000001 0.4325 0.07375000000000001 0.4325 0.08125 0.44749999999999995 0.08125 0.44749999999999995 0.07375000000000001
5 0.33999999999999997 0.0775 0.325 0.0775 0.325 0.08499999999999999 0.33999999999999997 0.08499999999999999 0.33999999999999997 0.0775
5 0.335 0.06875 0.3225 0.06875 0.3225 0.07375000000000001 0.335 0.07375000000000001 0.335 0.06875
5 0.35750000000000004 0.06875 0.34249999999999997 0.06875 0.34249999999999997 0.07625 0.35750000000000004 0.07625 0.35750000000000004 0.06875
5 0.38 0.06875 0.365 0.06875 0.365 0.07375000000000001 0.38 0.07375000000000001 0.38 0.06875
5 0.4025 0.06875 0.3875 0.06875 0.3875 0.07625 0.4025 0.07625 0.4025 0.06875
5 0.42374999999999996 0.0675 0.40625 0.0675 0.40625 0.075 0.42374999999999996 0.075 0.42374999999999996 0.0675
5 0.44625000000000004 0.06625 0.42874999999999996 0.06625 0.42874999999999996 0.07375000000000001 0.44625000000000004 0.07375000000000001 0.44625000000000004 0.06625
5 0.46624999999999994 0.06375 0.44875 0.06375 0.44875 0.07125000000000001 0.46624999999999994 0.07125000000000001 0.46624999999999994 0.06375
5 0.46624999999999994 0.07375000000000001 0.44875 0.07375000000000001 0.44875 0.07875 0.46624999999999994 0.07875 0.46624999999999994 0.07375000000000001
5 0.41875 0.058750000000000004 0.40374999999999994 0.058750000000000004 0.40374999999999994 0.06625 0.41875 0.06625 0.41875 0.058750000000000004
5 0.43875000000000003 0.057499999999999996 0.42374999999999996 0.057499999999999996 0.42374999999999996 0.065 0.43875000000000003 0.065 0.43875000000000003 0.057499999999999996
5 0.40125 0.058750000000000004 0.38375 0.058750000000000004 0.38375 0.06625 0.40125 0.06625 0.40125 0.058750000000000004
5 0.38 0.06 0.3625 0.06 0.3625 0.0675 0.38 0.0675 0.38 0.06
5 0.35750000000000004 0.06 0.34249999999999997 0.06 0.34249999999999997 0.0675 0.35750000000000004 0.0675 0.35750000000000004 0.06
5 0.335 0.06 0.32 0.06 0.32 0.0675 0.335 0.0675 0.335 0.06
5 0.46375 0.057499999999999996 0.44625000000000004 0.057499999999999996 0.44625000000000004 0.065 0.46375 0.065 0.46375 0.057499999999999996
5 0.485 0.057499999999999996 0.47000000000000003 0.057499999999999996 0.47000000000000003 0.0625 0.485 0.0625 0.485 0.057499999999999996
5 0.51625 0.05625 0.49625 0.05625 0.49625 0.06375 0.51625 0.06375 0.51625 0.05625
5 0.5675 0.057499999999999996 0.55 0.057499999999999996 0.55 0.0625 0.5675 0.0625 0.5675 0.057499999999999996
5 0.5900000000000001 0.05125 0.5725 0.05125 0.5725 0.05625 0.5900000000000001 0.05625 0.5900000000000001 0.05125
5 0.58125 0.04375 0.56125 0.04375 0.56125 0.04875 0.58125 0.04875 0.58125 0.04375
5 0.5587500000000001 0.04375 0.53625 0.04375 0.53625 0.05125 0.5587500000000001 0.05125 0.5587500000000001 0.04375
5 0.5375 0.04375 0.515 0.04375 0.515 0.04875 0.5375 0.04875 0.5375 0.04375
5 0.475 0.042499999999999996 0.45499999999999996 0.042499999999999996 0.45499999999999996 0.05 0.475 0.05 0.475 0.042499999999999996
5 0.495 0.04375 0.475 0.04375 0.475 0.05125 0.495 0.05125 0.495 0.04375
5 0.3775 0.05125 0.36 0.05125 0.36 0.058750000000000004 0.3775 0.058750000000000004 0.3775 0.05125
5 0.35750000000000004 0.052500000000000005 0.33999999999999997 0.052500000000000005 0.33999999999999997 0.06 0.35750000000000004 0.06 0.35750000000000004 0.052500000000000005
5 0.3375 0.05500000000000001 0.32 0.05500000000000001 0.32 0.06 0.3375 0.06 0.3375 0.05500000000000001
5 0.4 0.05 0.38 0.05 0.38 0.057499999999999996 0.4 0.057499999999999996 0.4 0.05
5 0.41875 0.05125 0.40125 0.05125 0.40125 0.058750000000000004 0.41875 0.058750000000000004 0.41875 0.05125
5 0.4625 0.05 0.445 0.05 0.445 0.05500000000000001 0.4625 0.05500000000000001 0.4625 0.05
5 0.48375 0.04875 0.46125 0.04875 0.46125 0.05625 0.48375 0.05625 0.48375 0.04875
5 0.5475 0.05125 0.5275000000000001 0.05125 0.5275000000000001 0.05625 0.5475 0.05625 0.5475 0.05125
5 0.5700000000000001 0.05 0.55 0.05 0.55 0.057499999999999996 0.5700000000000001 0.057499999999999996 0.5700000000000001 0.05
5 0.5275000000000001 0.05 0.505 0.05 0.505 0.05500000000000001 0.5275000000000001 0.05500000000000001 0.5275000000000001 0.05
5 0.49625 0.05625 0.48375 0.05625 0.48375 0.06375 0.49625 0.06375 0.49625 0.05625
5 0.5549999999999999 0.05625 0.5175 0.05625 0.5175 0.061250000000000006 0.5549999999999999 0.061250000000000006 0.5549999999999999 0.05625
5 0.5075000000000001 0.04875 0.48250000000000004 0.04875 0.48250000000000004 0.05375 0.5075000000000001 0.05375 0.5075000000000001 0.04875
5 0.755 0.21749999999999997 0.6950000000000001 0.21749999999999997 0.6950000000000001 0.2325 0.755 0.2325 0.755 0.21749999999999997
5 0.8125 0.04 0.7975 0.04 0.7975 0.1 0.8125 0.1 0.8125 0.04
5 0.8324999999999999 0.03625 0.8125 0.03625 0.8125 0.10124999999999999 0.8324999999999999 0.10124999999999999 0.8324999999999999 0.03625
5 0.35875 0.07625 0.34125 0.07625 0.34125 0.08375 0.35875 0.08375 0.35875 0.07625
5 0.38 0.07625 0.36 0.07625 0.36 0.08375 0.38 0.08375 0.38 0.07625