5 0.22125 0.6012500000000001 0.15625 0.6012500000000001 0.15625 0.61875 0.22125 0.61875 0.22125 0.6012500000000001
5 0.1125 0.615 0.06 0.615 0.06 0.6325000000000001 0.1125 0.6325000000000001 0.1125 0.615
5 0.195 0.5900000000000001 0.145 0.5900000000000001 0.145 0.605 0.195 0.605 0.195 0.5900000000000001
5 0.66125 0.24625 0.64125 0.24625 0.64125 0.25375000000000003 0.66125 0.25375000000000003 0.66125 0.24625
5 0.20875 0.21875 0.19375 0.21875 0.19375 0.22875 0.20875 0.22875 0.20875 0.21875
5 0.22625 0.21875 0.20625 0.21875 0.20625 0.23125 0.22625 0.23125 0.22625 0.21875
5 0.06625 0.23125 0.04625 0.23125 0.04625 0.24125000000000002 0.06625 0.24125000000000002 0.06625 0.23125
5 0.08249999999999999 0.23125 0.065 0.23125 0.065 0.24375 0.08249999999999999 0.24375 0.08249999999999999 0.23125
5 0.16 0.22625 0.14250000000000002 0.22625 0.14250000000000002 0.23875000000000002 0.16 0.23875000000000002 0.16 0.22625
5 0.7212500000000001 0.89125 0.71375 0.89125 0.71375 0.9037499999999999 0.7212500000000001 0.9037499999999999 0.7212500000000001 0.89125
5 0.11625 0.60375 0.07625 0.60375 0.07625 0.61875 0.11625 0.61875 0.11625 0.60375
5 0.93625 0.82125 0.9262499999999999 0.82125 0.9262499999999999 0.83625 0.93625 0.83625 0.93625 0.82125
5 0.26 0.17124999999999999 0.2475 0.17124999999999999 0.2475 0.19375 0.26 0.19375 0.26 0.17124999999999999
5 0.32875 0.60875 0.29625 0.60875 0.29625 0.61875 0.32875 0.61875 0.32875 0.60875
5 0.67375 0.25 0.60875 0.25 0.60875 0.27 0.67375 0.27 0.67375 0.25
5 0.52125 0.26749999999999996 0.49124999999999996 0.26749999999999996 0.49124999999999996 0.27749999999999997 0.52125 0.27749999999999997 0.52125 0.26749999999999996
5 0.8 0.8887499999999999 0.7925 0.8887499999999999 0.7925 0.9012499999999999 0.8 0.9012499999999999 0.8 0.8887499999999999
5 0.79 0.8875 0.7825 0.8875 0.7825 0.9025000000000001 0.79 0.9025000000000001 0.79 0.8875
5 0.8125 0.8887499999999999 0.805 0.8887499999999999 0.805 0.89875 0.8125 0.89875 0.8125 0.8887499999999999