5 0.41875 0.8800000000000001 0.38125 0.8800000000000001 0.38125 0.915 0.41875 0.915 0.41875 0.8800000000000001
5 0.125 0.2425 0.0975 0.2425 0.0975 0.2575 0.125 0.2575 0.125 0.2425
5 0.6375 0.12375 0.6125 0.12375 0.6125 0.12875 0.6375 0.12875 0.6375 0.12375
5 0.045 0.14250000000000002 0.0375 0.14250000000000002 0.0375 0.155 0.045 0.155 0.045 0.14250000000000002
5 0.0375 0.14750000000000002 0.03 0.14750000000000002 0.03 0.1575 0.0375 0.1575 0.0375 0.14750000000000002
5 0.027500000000000004 0.14625 0.02 0.14625 0.02 0.15875 0.027500000000000004 0.15875 0.027500000000000004 0.14625
5 0.021249999999999998 0.15 0.013750000000000002 0.15 0.013750000000000002 0.16 0.021249999999999998 0.16 0.021249999999999998 0.15
5 0.015 0.1525 0.0025 0.1525 0.0025 0.1625 0.015 0.1625 0.015 0.1525
5 0 0.17875000000000002 0.01 0.17875000000000002 0.01 0.16375 0 0.16375 0 0.17875000000000002
5 0.0375 0.1625 0.03 0.1625 0.03 0.17250000000000001 0.0375 0.17250000000000001 0.0375 0.1625
5 0.19624999999999998 0.22875 0.17875000000000002 0.22875 0.17875000000000002 0.23625 0.19624999999999998 0.23625 0.19624999999999998 0.22875
5 0.1075 0.22000000000000003 0.0875 0.22000000000000003 0.0875 0.22749999999999998 0.1075 0.22749999999999998 0.1075 0.22000000000000003
5 0 0.16375 0.005 0.16375 0.005 0.15125 0 0.15125 0 0.16375
5 0.08625000000000001 0.36124999999999996 0.07125000000000001 0.36124999999999996 0.07125000000000001 0.37625000000000003 0.08625000000000001 0.37625000000000003 0.08625000000000001 0.36124999999999996
5 0.04875 0.23625 0.028749999999999998 0.23625 0.028749999999999998 0.24874999999999997 0.04875 0.24874999999999997 0.04875 0.23625
5 0.21875 0.2225 0.20125 0.2225 0.20125 0.22999999999999998 0.21875 0.22999999999999998 0.21875 0.2225
5 0.11875 0.22125 0.08875 0.22125 0.08875 0.23875000000000002 0.11875 0.23875000000000002 0.11875 0.22125