5 0.35750000000000004 0.725 0.34500000000000003 0.725 0.34500000000000003 0.7424999999999999 0.35750000000000004 0.7424999999999999 0.35750000000000004 0.725
5 0.365 0.70625 0.3525 0.70625 0.3525 0.72375 0.365 0.72375 0.365 0.70625
5 0.34500000000000003 0.67875 0.325 0.67875 0.325 0.70625 0.34500000000000003 0.70625 0.34500000000000003 0.67875
5 0.13625 0.2575 0.12875 0.2575 0.12875 0.2725 0.13625 0.2725 0.13625 0.2575
5 0.63875 0.89 0.62625 0.89 0.62625 0.8975 0.63875 0.8975 0.63875 0.89
5 0.075 0.20125 0.065 0.20125 0.065 0.21375000000000002 0.075 0.21375000000000002 0.075 0.20125
5 0.06875 0.19 0.05625 0.19 0.05625 0.2 0.06875 0.2 0.06875 0.19
5 0.17375000000000002 0.48375 0.16125 0.48375 0.16125 0.48875 0.17375000000000002 0.48875 0.17375000000000002 0.48375
5 0.22125 0.49625 0.20875 0.49625 0.20875 0.50125 0.22125 0.50125 0.22125 0.49625
5 0.35625 0.6900000000000001 0.34875 0.6900000000000001 0.34875 0.705 0.35625 0.705 0.35625 0.6900000000000001
5 0.21125 0.37 0.19624999999999998 0.37 0.19624999999999998 0.385 0.21125 0.385 0.21125 0.37
5 0.49124999999999996 1 0.49124999999999996 0.9662499999999999 0.47125000000000006 0.9662499999999999 0.47125000000000006 1 0.49124999999999996 1
5 0.17875000000000002 0.32875 0.16375 0.32875 0.16375 0.34375 0.17875000000000002 0.34375 0.17875000000000002 0.32875
5 0.08625000000000001 0.215 0.07375000000000001 0.215 0.07375000000000001 0.225 0.08625000000000001 0.225 0.08625000000000001 0.215