5 0 0.6799999999999999 0.013750000000000002 0.6799999999999999 0.013750000000000002 0.6625 0 0.6625 0 0.6799999999999999
5 0.027500000000000004 0.68125 0.01 0.68125 0.01 0.69875 0.027500000000000004 0.69875 0.027500000000000004 0.68125
5 0.042499999999999996 0.70125 0.0225 0.70125 0.0225 0.72375 0.042499999999999996 0.72375 0.042499999999999996 0.70125
5 0.08625000000000001 0.805 0.061250000000000006 0.805 0.061250000000000006 0.8324999999999999 0.08625000000000001 0.8324999999999999 0.08625000000000001 0.805
5 0.11625 0.81125 0.09125 0.81125 0.09125 0.83125 0.11625 0.83125 0.11625 0.81125
5 0.0875 0.8675 0.065 0.8675 0.065 0.885 0.0875 0.885 0.0875 0.8675
5 0.10500000000000001 0.8949999999999999 0.0875 0.8949999999999999 0.0875 0.9125 0.10500000000000001 0.9125 0.10500000000000001 0.8949999999999999
5 0.30625 0.79625 0.28875 0.79625 0.28875 0.81375 0.30625 0.81375 0.30625 0.79625
5 0.8887499999999999 0.5237499999999999 0.8612500000000001 0.5237499999999999 0.8612500000000001 0.53625 0.8887499999999999 0.53625 0.8887499999999999 0.5237499999999999
5 0.89375 0.5337500000000001 0.8712500000000001 0.5337500000000001 0.8712500000000001 0.54625 0.89375 0.54625 0.89375 0.5337500000000001
5 0.9 0.54375 0.8724999999999999 0.54375 0.8724999999999999 0.56125 0.9 0.56125 0.9 0.54375
5 0.9099999999999999 0.5525 0.885 0.5525 0.885 0.5675 0.9099999999999999 0.5675 0.9099999999999999 0.5525
5 0.9337500000000001 0.6799999999999999 0.9087500000000001 0.6799999999999999 0.9087500000000001 0.7025 0.9337500000000001 0.7025 0.9337500000000001 0.6799999999999999
5 0.86 0.6875 0.8425 0.6875 0.8425 0.7025 0.86 0.7025 0.86 0.6875
5 0.73625 0.3 0.70875 0.3 0.70875 0.3125 0.73625 0.3125 0.73625 0.3
5 0.8637499999999999 0.50875 0.84375 0.50875 0.84375 0.51375 0.8637499999999999 0.51375 0.8637499999999999 0.50875
5 0.125 0.83375 0.0975 0.83375 0.0975 0.8612500000000001 0.125 0.8612500000000001 0.125 0.83375