5 0.7725 0.01125 0.7525000000000001 0.01125 0.7525000000000001 0.026250000000000002 0.7725 0.026250000000000002 0.7725 0.01125
5 0.75125 0.06375 0.7262500000000001 0.06375 0.7262500000000001 0.09125 0.75125 0.09125 0.75125 0.06375
5 0.7424999999999999 0.0925 0.7150000000000001 0.0925 0.7150000000000001 0.12250000000000001 0.7424999999999999 0.12250000000000001 0.7424999999999999 0.0925
5 0.7224999999999999 0.15125 0.6975 0.15125 0.6975 0.18125 0.7224999999999999 0.18125 0.7224999999999999 0.15125
5 0.7 0.26125 0.675 0.26125 0.675 0.29125 0.7 0.29125 0.7 0.26125
5 0.67625 0.27125 0.65625 0.27125 0.65625 0.28875 0.67625 0.28875 0.67625 0.27125
5 0.665 0.31375000000000003 0.6425 0.31375000000000003 0.6425 0.33625 0.665 0.33625 0.665 0.31375000000000003
5 0.64125 0.36124999999999996 0.62625 0.36124999999999996 0.62625 0.37374999999999997 0.64125 0.37374999999999997 0.64125 0.36124999999999996
5 0.6375 0.3775 0.62 0.3775 0.62 0.39249999999999996 0.6375 0.39249999999999996 0.6375 0.3775
5 0.55375 0.33999999999999997 0.5337500000000001 0.33999999999999997 0.5337500000000001 0.365 0.55375 0.365 0.55375 0.33999999999999997
5 0.85375 0.32375 0.82125 0.32375 0.82125 0.33625 0.85375 0.33625 0.85375 0.32375
5 0.99375 0.2575 0.97875 0.2575 0.97875 0.275 0.99375 0.275 0.99375 0.2575
5 0.98125 0.29125 0.9662499999999999 0.29125 0.9662499999999999 0.30625 0.98125 0.30625 0.98125 0.29125
5 0.87375 0.16875 0.85625 0.16875 0.85625 0.18875 0.87375 0.18875 0.87375 0.16875
5 0.7212500000000001 0.08875 0.69375 0.08875 0.69375 0.10124999999999999 0.7212500000000001 0.10124999999999999 0.7212500000000001 0.08875
5 0.3325 0.0975 0.305 0.0975 0.305 0.11499999999999999 0.3325 0.11499999999999999 0.3325 0.0975
5 0.30874999999999997 0.095 0.28625 0.095 0.28625 0.11000000000000001 0.30874999999999997 0.11000000000000001 0.30874999999999997 0.095
5 0.61 0.50875 0.5974999999999999 0.50875 0.5974999999999999 0.52125 0.61 0.52125 0.61 0.50875
5 0.6025 0.57125 0.585 0.57125 0.585 0.5862499999999999 0.6025 0.5862499999999999 0.6025 0.57125
5 0.54375 0.6275000000000001 0.52625 0.6275000000000001 0.52625 0.6475 0.54375 0.6475 0.54375 0.6275000000000001
5 0.55625 0.6425 0.5337500000000001 0.6425 0.5337500000000001 0.6625 0.55625 0.6625 0.55625 0.6425
5 0.5650000000000001 0.6599999999999999 0.5475 0.6599999999999999 0.5475 0.675 0.5650000000000001 0.675 0.5650000000000001 0.6599999999999999
5 0.5625 0.6799999999999999 0.545 0.6799999999999999 0.545 0.6975 0.5625 0.6975 0.5625 0.6799999999999999
5 0.52625 0.6799999999999999 0.5037499999999999 0.6799999999999999 0.5037499999999999 0.705 0.52625 0.705 0.52625 0.6799999999999999
5 0.52625 0.725 0.51125 0.725 0.51125 0.7474999999999999 0.52625 0.7474999999999999 0.52625 0.725
5 0.5375 0.7375 0.525 0.7375 0.525 0.7575000000000001 0.5375 0.7575000000000001 0.5375 0.7375
5 0.5575 0.7325 0.5425 0.7325 0.5425 0.7474999999999999 0.5575 0.7474999999999999 0.5575 0.7325
5 0.53625 0.76 0.5237499999999999 0.76 0.5237499999999999 0.78 0.53625 0.78 0.53625 0.76
5 0.55375 0.79875 0.54125 0.79875 0.54125 0.8162499999999999 0.55375 0.8162499999999999 0.55375 0.79875
5 0.48125 0.82875 0.45375 0.82875 0.45375 0.8487500000000001 0.48125 0.8487500000000001 0.48125 0.82875
5 0.5549999999999999 0.8262499999999999 0.5375 0.8262499999999999 0.5375 0.8462500000000001 0.5549999999999999 0.8462500000000001 0.5549999999999999 0.8262499999999999
5 0.5549999999999999 0.85375 0.5375 0.85375 0.5375 0.87375 0.5549999999999999 0.87375 0.5549999999999999 0.85375
5 0.4425 0.8724999999999999 0.425 0.8724999999999999 0.425 0.89 0.4425 0.89 0.4425 0.8724999999999999
5 0.5525 0.87625 0.5375 0.87625 0.5375 0.89375 0.5525 0.89375 0.5525 0.87625
5 0.5549999999999999 0.9087500000000001 0.54 0.9087500000000001 0.54 0.9262499999999999 0.5549999999999999 0.9262499999999999 0.5549999999999999 0.9087500000000001
5 0.5575 0.92875 0.5425 0.92875 0.5425 0.9487500000000001 0.5575 0.9487500000000001 0.5575 0.92875
5 0.5525 1 0.5525 0.9862500000000001 0.5325 0.9862500000000001 0.5325 1 0.5525 1
5 0.4025 0.93125 0.39 0.93125 0.39 0.9512499999999999 0.4025 0.9512499999999999 0.4025 0.93125
5 0.53625 1 0.53625 0.9875 0.52125 0.9875 0.52125 1 0.53625 1
5 0.85 0.01 0.805 0.01 0.805 0.034999999999999996 0.85 0.034999999999999996 0.85 0.01
5 0.89625 0.03125 0.8637499999999999 0.03125 0.8637499999999999 0.05625 0.89625 0.05625 0.89625 0.03125
5 0.72375 0.06625 0.70125 0.06625 0.70125 0.08875 0.72375 0.08875 0.72375 0.06625
5 0.11875 0.47375 0.09375 0.47375 0.09375 0.49375 0.11875 0.49375 0.11875 0.47375
5 0.4 0.25125000000000003 0.3825 0.25125000000000003 0.3825 0.25875 0.4 0.25875 0.4 0.25125000000000003