5 0.35125 0 0.35125 0.01125 0.37625000000000003 0.01125 0.37625000000000003 0 0.35125 0
5 0.42000000000000004 0.0025 0.4 0.0025 0.4 0.017499999999999998 0.42000000000000004 0.017499999999999998 0.42000000000000004 0.0025
5 0.4625 0.0075 0.44000000000000006 0.0075 0.44000000000000006 0.025 0.4625 0.025 0.4625 0.0075
5 0.48624999999999996 0.013750000000000002 0.46624999999999994 0.013750000000000002 0.46624999999999994 0.03125 0.48624999999999996 0.03125 0.48624999999999996 0.013750000000000002
5 0.5125 0.017499999999999998 0.49000000000000005 0.017499999999999998 0.49000000000000005 0.034999999999999996 0.5125 0.034999999999999996 0.5125 0.017499999999999998
5 0.53625 0.01875 0.51375 0.01875 0.51375 0.03875 0.53625 0.03875 0.53625 0.01875
5 0.5525 0.0225 0.5349999999999999 0.0225 0.5349999999999999 0.04 0.5525 0.04 0.5525 0.0225
5 0.5825 0.027500000000000004 0.5575 0.027500000000000004 0.5575 0.045 0.5825 0.045 0.5825 0.027500000000000004
5 0.6224999999999999 0.03375 0.6025 0.03375 0.6025 0.05125 0.6224999999999999 0.05125 0.6224999999999999 0.03375
5 0.6425 0.034999999999999996 0.6174999999999999 0.034999999999999996 0.6174999999999999 0.057499999999999996 0.6425 0.057499999999999996 0.6425 0.034999999999999996
5 0.67875 0.041249999999999995 0.6587500000000001 0.041249999999999995 0.6587500000000001 0.061250000000000006 0.67875 0.061250000000000006 0.67875 0.041249999999999995
5 0.7025 0.0475 0.6799999999999999 0.0475 0.6799999999999999 0.0625 0.7025 0.0625 0.7025 0.0475
5 0.7375 0.027500000000000004 0.71 0.027500000000000004 0.71 0.034999999999999996 0.7375 0.034999999999999996 0.7375 0.027500000000000004
5 0.755 0.05500000000000001 0.735 0.05500000000000001 0.735 0.075 0.755 0.075 0.755 0.05500000000000001
5 0.775 0.058750000000000004 0.7525000000000001 0.058750000000000004 0.7525000000000001 0.07625 0.775 0.07625 0.775 0.058750000000000004
5 0.79625 0.0625 0.77625 0.0625 0.77625 0.0775 0.79625 0.0775 0.79625 0.0625
5 0.8175000000000001 0.065 0.7975 0.065 0.7975 0.08249999999999999 0.8175000000000001 0.08249999999999999 0.8175000000000001 0.065
5 0.8387499999999999 0.06999999999999999 0.81875 0.06999999999999999 0.81875 0.08499999999999999 0.8387499999999999 0.08499999999999999 0.8387499999999999 0.06999999999999999
5 0.85875 0.0725 0.8387499999999999 0.0725 0.8387499999999999 0.0875 0.85875 0.0875 0.85875 0.0725
5 0.93875 0.08625000000000001 0.91625 0.08625000000000001 0.91625 0.10375000000000001 0.93875 0.10375000000000001 0.93875 0.08625000000000001
5 0.95875 0.08875 0.93625 0.08875 0.93625 0.10625 0.95875 0.10625 0.95875 0.08875
5 0.99375 0.057499999999999996 0.96875 0.057499999999999996 0.96875 0.065 0.99375 0.065 0.99375 0.057499999999999996
5 1 0.03625 0.9737500000000001 0.03625 0.9737500000000001 0.05125 1 0.05125 1 0.03625
5 1 0.025 0.98125 0.025 0.98125 0.0375 1 0.0375 1 0.025
5 0.0225 0.01125 0.0025 0.01125 0.0025 0.026250000000000002 0.0225 0.026250000000000002 0.0225 0.01125
5 0.10375000000000001 0.32375 0.07125000000000001 0.32375 0.07125000000000001 0.33625 0.10375000000000001 0.33625 0.10375000000000001 0.32375
5 0.24375 0.2575 0.22875 0.2575 0.22875 0.275 0.24375 0.275 0.24375 0.2575
5 0.23125 0.29125 0.21625 0.29125 0.21625 0.30625 0.23125 0.30625 0.23125 0.29125
5 0.28250000000000003 0.33999999999999997 0.2525 0.33999999999999997 0.2525 0.35750000000000004 0.28250000000000003 0.35750000000000004 0.28250000000000003 0.33999999999999997
5 0.12375 0.16875 0.10625 0.16875 0.10625 0.18875 0.12375 0.18875 0.12375 0.16875
5 0.85125 0.21000000000000002 0.83375 0.21000000000000002 0.83375 0.22999999999999998 0.85125 0.22999999999999998 0.85125 0.21000000000000002
5 0.8425 0.22749999999999998 0.8225 0.22749999999999998 0.8225 0.2475 0.8425 0.2475 0.8425 0.22749999999999998
5 0.7125 0.24625 0.6775 0.24625 0.6775 0.26125 0.7125 0.26125 0.7125 0.24625
5 0.1 0.01 0.05500000000000001 0.01 0.05500000000000001 0.034999999999999996 0.1 0.034999999999999996 0.1 0.01
5 0.14625 0.03125 0.11374999999999999 0.03125 0.11374999999999999 0.05625 0.14625 0.05625 0.14625 0.03125
5 0.79125 0.24625 0.75125 0.24625 0.75125 0.26625 0.79125 0.26625 0.79125 0.24625
5 0.42374999999999996 0.29375 0.40625 0.29375 0.40625 0.31124999999999997 0.42374999999999996 0.31124999999999997 0.42374999999999996 0.29375