5 0.9800000000000001 0.6212500000000001 0.9550000000000001 0.6212500000000001 0.9550000000000001 0.63375 0.9800000000000001 0.63375 0.9800000000000001 0.6212500000000001
5 0.9824999999999999 0.6287499999999999 0.9550000000000001 0.6287499999999999 0.9550000000000001 0.64375 0.9824999999999999 0.64375 0.9824999999999999 0.6287499999999999
5 0.99375 0.64 0.96125 0.64 0.96125 0.6525000000000001 0.99375 0.6525000000000001 0.99375 0.64
5 0.9925 0.5575 0.9650000000000001 0.5575 0.9650000000000001 0.5700000000000001 0.9925 0.5700000000000001 0.9925 0.5575
5 1 0.56875 0.9737500000000001 0.56875 0.9737500000000001 0.57875 1 0.57875 1 0.56875
5 1 0.57625 0.97875 0.57625 0.97875 0.58875 1 0.58875 1 0.57625
5 1 0.5862499999999999 0.9824999999999999 0.5862499999999999 0.9824999999999999 0.6012500000000001 1 0.6012500000000001 1 0.5862499999999999
5 0.8225 0.49749999999999994 0.79 0.49749999999999994 0.79 0.5075000000000001 0.8225 0.5075000000000001 0.8225 0.49749999999999994
5 0.865 0.50875 0.835 0.50875 0.835 0.51875 0.865 0.51875 0.865 0.50875
5 0.8637499999999999 0.47750000000000004 0.8387499999999999 0.47750000000000004 0.8387499999999999 0.4875 0.8637499999999999 0.4875 0.8637499999999999 0.47750000000000004
5 0.8949999999999999 0.515 0.8800000000000001 0.515 0.8800000000000001 0.5325 0.8949999999999999 0.5325 0.8949999999999999 0.515
5 0.008749999999999999 0 0.008749999999999999 0.0075 0.03875 0.0075 0.03875 0 0.008749999999999999 0
5 0.041249999999999995 0.017499999999999998 0.008749999999999999 0.017499999999999998 0.008749999999999999 0.0325 0.041249999999999995 0.0325 0.041249999999999995 0.017499999999999998
5 0.16375 0.58875 0.13374999999999998 0.58875 0.13374999999999998 0.59875 0.16375 0.59875 0.16375 0.58875
5 0.1575 0.605 0.13 0.605 0.13 0.6174999999999999 0.1575 0.6174999999999999 0.1575 0.605
5 0.16375 0.5662499999999999 0.13874999999999998 0.5662499999999999 0.13874999999999998 0.57625 0.16375 0.57625 0.16375 0.5662499999999999
5 0.24874999999999997 0.6224999999999999 0.22875 0.6224999999999999 0.22875 0.6425 0.24874999999999997 0.6425 0.24874999999999997 0.6224999999999999
5 0.6599999999999999 0.53625 0.6325000000000001 0.53625 0.6325000000000001 0.54625 0.6599999999999999 0.54625 0.6599999999999999 0.53625
5 0.6475 0.515 0.625 0.515 0.625 0.53 0.6475 0.53 0.6475 0.515