5 0.057499999999999996 0.79 0.03 0.79 0.03 0.8 0.057499999999999996 0.8 0.057499999999999996 0.79
5 0.27625 0.85625 0.24625 0.85625 0.24625 0.86875 0.27625 0.86875 0.27625 0.85625
5 0.49375 0.81125 0.45625 0.81125 0.45625 0.82875 0.49375 0.82875 0.49375 0.81125
5 0.38625 0.73625 0.35875 0.73625 0.35875 0.74875 0.38625 0.74875 0.38625 0.73625
5 0.775 0.75875 0.74 0.75875 0.74 0.7737499999999999 0.775 0.7737499999999999 0.775 0.75875
5 0.81375 0.6950000000000001 0.7887500000000001 0.6950000000000001 0.7887500000000001 0.705 0.81375 0.705 0.81375 0.6950000000000001
5 0.75875 0.3075 0.74375 0.3075 0.74375 0.325 0.75875 0.325 0.75875 0.3075
5 0.7424999999999999 0.3075 0.7275 0.3075 0.7275 0.325 0.7424999999999999 0.325 0.7424999999999999 0.3075
5 0.6725 0.32375 0.6475 0.32375 0.6475 0.33375 0.6725 0.33375 0.6725 0.32375
5 0.6725 0.335 0.645 0.335 0.645 0.34249999999999997 0.6725 0.34249999999999997 0.6725 0.335
5 0.66875 0.34249999999999997 0.64125 0.34249999999999997 0.64125 0.35 0.66875 0.35 0.66875 0.34249999999999997
5 0.665 0.35125 0.64 0.35125 0.64 0.35625 0.665 0.35625 0.665 0.35125
5 0.6587500000000001 0.35750000000000004 0.63375 0.35750000000000004 0.63375 0.365 0.6587500000000001 0.365 0.6587500000000001 0.35750000000000004
5 0.74125 0.29125 0.70625 0.29125 0.70625 0.30375 0.74125 0.30375 0.74125 0.29125
5 0.6125 0.45 0.595 0.45 0.595 0.46749999999999997 0.6125 0.46749999999999997 0.6125 0.45
5 0.5275000000000001 0.465 0.51 0.465 0.51 0.48 0.5275000000000001 0.48 0.5275000000000001 0.465
5 0.5549999999999999 0.46125 0.5425 0.46125 0.5425 0.47375 0.5549999999999999 0.47375 0.5549999999999999 0.46125
5 0.16499999999999998 0.5125 0.155 0.5125 0.155 0.525 0.16499999999999998 0.525 0.16499999999999998 0.5125
5 0.11750000000000001 0.1975 0.10500000000000001 0.1975 0.10500000000000001 0.215 0.11750000000000001 0.215 0.11750000000000001 0.1975
5 0.13125 0.2 0.11625 0.2 0.11625 0.21749999999999997 0.13125 0.21749999999999997 0.13125 0.2
5 0.057499999999999996 0.18875 0.045 0.18875 0.045 0.20375000000000001 0.057499999999999996 0.20375000000000001 0.057499999999999996 0.18875
5 0.0975 0.2125 0.0775 0.2125 0.0775 0.22999999999999998 0.0975 0.22999999999999998 0.0975 0.2125
5 0.04625 0.185 0.03125 0.185 0.03125 0.2 0.04625 0.2 0.04625 0.185
5 0.08625000000000001 0.19125 0.07125000000000001 0.19125 0.07125000000000001 0.20625 0.08625000000000001 0.20625 0.08625000000000001 0.19125
5 0.56375 0.02 0.5337500000000001 0.02 0.5337500000000001 0.034999999999999996 0.56375 0.034999999999999996 0.56375 0.02
5 0.55375 0.034999999999999996 0.5237499999999999 0.034999999999999996 0.5237499999999999 0.0475 0.55375 0.0475 0.55375 0.034999999999999996
5 0.9574999999999999 0.0725 0.9425000000000001 0.0725 0.9425000000000001 0.09 0.9574999999999999 0.09 0.9574999999999999 0.0725