5 0.034999999999999996 0.9349999999999999 0.01 0.9349999999999999 0.01 0.9475 0.034999999999999996 0.9475 0.034999999999999996 0.9349999999999999
5 0.07375000000000001 0.9400000000000001 0.04625 0.9400000000000001 0.04625 0.9525 0.07375000000000001 0.9525 0.07375000000000001 0.9400000000000001
5 0.10874999999999999 0.945 0.07625 0.945 0.07625 0.9574999999999999 0.10874999999999999 0.9574999999999999 0.10874999999999999 0.945
5 0.14375 0.9525 0.11374999999999999 0.9525 0.11374999999999999 0.9650000000000001 0.14375 0.9650000000000001 0.14375 0.9525
5 0.185 0.96 0.155 0.96 0.155 0.9724999999999999 0.185 0.9724999999999999 0.185 0.96
5 0.22000000000000003 0.9650000000000001 0.1875 0.9650000000000001 0.1875 0.9800000000000001 0.22000000000000003 0.9800000000000001 0.22000000000000003 0.9650000000000001
5 0.2525 0.9712500000000001 0.225 0.9712500000000001 0.225 0.98375 0.2525 0.98375 0.2525 0.9712500000000001
5 0.28875 0.9775 0.26125 0.9775 0.26125 0.9925 0.28875 0.9925 0.28875 0.9775
5 0.32375 0.98125 0.29125 0.98125 0.29125 0.9962500000000001 0.32375 0.9962500000000001 0.32375 0.98125
5 0.19875 1 0.19875 0.985 0.17124999999999999 0.985 0.17124999999999999 1 0.19875 1
5 0.27 1 0.27 0.9875 0.24 0.9875 0.24 1 0.27 1
5 0.05625 0.026250000000000002 0.028749999999999998 0.026250000000000002 0.028749999999999998 0.03625 0.05625 0.03625 0.05625 0.026250000000000002
5 0.945 0.41500000000000004 0.9275 0.41500000000000004 0.9275 0.43499999999999994 0.945 0.43499999999999994 0.945 0.41500000000000004
5 0.89875 0.38625 0.8712500000000001 0.38625 0.8712500000000001 0.39625 0.89875 0.39625 0.89875 0.38625
5 0.8925000000000001 0.3975 0.865 0.3975 0.865 0.41 0.8925000000000001 0.41 0.8925000000000001 0.3975
5 0.7325 0.48 0.72 0.48 0.72 0.5025000000000001 0.7325 0.5025000000000001 0.7325 0.48
5 0.72 0.5025000000000001 0.7025 0.5025000000000001 0.7025 0.52 0.72 0.52 0.72 0.5025000000000001
5 0.745 0.51 0.7325 0.51 0.7325 0.525 0.745 0.525 0.745 0.51
5 0.95 0.45125000000000004 0.9225 0.45125000000000004 0.9225 0.46125 0.95 0.46125 0.95 0.45125000000000004
5 0.9925 0.46624999999999994 0.97 0.46624999999999994 0.97 0.48125 0.9925 0.48125 0.9925 0.46624999999999994
5 0.62375 0.8637499999999999 0.59875 0.8637499999999999 0.59875 0.88375 0.62375 0.88375 0.62375 0.8637499999999999
5 0.6375 0.8675 0.6125 0.8675 0.6125 0.8875 0.6375 0.8875 0.6375 0.8675
5 0.6537499999999999 0.8699999999999999 0.63125 0.8699999999999999 0.63125 0.8875 0.6537499999999999 0.8875 0.6537499999999999 0.8699999999999999
5 0.78625 0.85625 0.76875 0.85625 0.76875 0.87625 0.78625 0.87625 0.78625 0.85625
5 0.8150000000000001 0.8612500000000001 0.7975 0.8612500000000001 0.7975 0.8787499999999999 0.8150000000000001 0.8787499999999999 0.8150000000000001 0.8612500000000001
5 0.83125 0.8675 0.8162499999999999 0.8675 0.8162499999999999 0.8825 0.83125 0.8825 0.83125 0.8675
5 0.74125 0.85375 0.7212500000000001 0.85375 0.7212500000000001 0.8712500000000001 0.74125 0.8712500000000001 0.74125 0.85375
5 0.6837500000000001 0.875 0.66625 0.875 0.66625 0.8925000000000001 0.6837500000000001 0.8925000000000001 0.6837500000000001 0.875
5 0.55 0.30874999999999997 0.52 0.30874999999999997 0.52 0.32375 0.55 0.32375 0.55 0.30874999999999997
5 0.54125 0.32 0.51625 0.32 0.51625 0.32999999999999996 0.54125 0.32999999999999996 0.54125 0.32
5 0.5337500000000001 0.32875 0.51125 0.32875 0.51125 0.33875 0.5337500000000001 0.33875 0.5337500000000001 0.32875
5 0.54875 0.365 0.53125 0.365 0.53125 0.3825 0.54875 0.3825 0.54875 0.365
5 0.5862499999999999 0.37374999999999997 0.56125 0.37374999999999997 0.56125 0.38625 0.5862499999999999 0.38625 0.5862499999999999 0.37374999999999997
5 0.605 0.38 0.5900000000000001 0.38 0.5900000000000001 0.3975 0.605 0.3975 0.605 0.38
5 0.5700000000000001 0.39249999999999996 0.5525 0.39249999999999996 0.5525 0.4125 0.5700000000000001 0.4125 0.5700000000000001 0.39249999999999996
5 0.5825 0.39625 0.5675 0.39625 0.5675 0.41375 0.5825 0.41375 0.5825 0.39625
5 0.5974999999999999 0.3975 0.5825 0.3975 0.5825 0.41500000000000004 0.5974999999999999 0.41500000000000004 0.5974999999999999 0.3975
5 0.6125 0.4 0.595 0.4 0.595 0.42000000000000004 0.6125 0.42000000000000004 0.6125 0.4
5 0.62625 0.4025 0.61125 0.4025 0.61125 0.42000000000000004 0.62625 0.42000000000000004 0.62625 0.4025
5 0.63875 0.40499999999999997 0.62625 0.40499999999999997 0.62625 0.4225 0.63875 0.4225 0.63875 0.40499999999999997
5 0.655 0.40875000000000006 0.6425 0.40875000000000006 0.6425 0.42125 0.655 0.42125 0.655 0.40875000000000006
5 0.6637500000000001 0.39 0.64375 0.39 0.64375 0.40499999999999997 0.6637500000000001 0.40499999999999997 0.6637500000000001 0.39
5 0.66625 0.35 0.65125 0.35 0.65125 0.365 0.66625 0.365 0.66625 0.35
5 0.56125 0.44375 0.54625 0.44375 0.54625 0.46125 0.56125 0.46125 0.56125 0.44375
5 0.57625 0.44749999999999995 0.56125 0.44749999999999995 0.56125 0.465 0.57625 0.465 0.57625 0.44749999999999995
5 0.5900000000000001 0.45 0.5775 0.45 0.5775 0.465 0.5900000000000001 0.465 0.5900000000000001 0.45
5 0.74875 0.49124999999999996 0.73375 0.49124999999999996 0.73375 0.50625 0.74875 0.50625 0.74875 0.49124999999999996
5 0.78625 0.49375 0.77125 0.49375 0.77125 0.51125 0.78625 0.51125 0.78625 0.49375
5 0.78125 0.51625 0.76125 0.51625 0.76125 0.5337500000000001 0.78125 0.5337500000000001 0.78125 0.51625
5 0.79375 0.52125 0.7737499999999999 0.52125 0.7737499999999999 0.54125 0.79375 0.54125 0.79375 0.52125
5 0.7849999999999999 0.5625 0.7625 0.5625 0.7625 0.5775 0.7849999999999999 0.5775 0.7849999999999999 0.5625
5 0.51875 0.50625 0.5037499999999999 0.50625 0.5037499999999999 0.52625 0.51875 0.52625 0.51875 0.50625
5 0.53625 0.5075000000000001 0.52125 0.5075000000000001 0.52125 0.5275000000000001 0.53625 0.5275000000000001 0.53625 0.5075000000000001
5 0.5475 0.51125 0.5325 0.51125 0.5325 0.5287499999999999 0.5475 0.5287499999999999 0.5475 0.51125
5 0.56125 0.515 0.54625 0.515 0.54625 0.5325 0.56125 0.5325 0.56125 0.515
5 0.53125 0.54125 0.50125 0.54125 0.50125 0.55125 0.53125 0.55125 0.53125 0.54125
5 0.49874999999999997 0.55375 0.48875 0.55375 0.48875 0.56875 0.49874999999999997 0.56875 0.49874999999999997 0.55375
5 0.515 0.55375 0.5 0.55375 0.5 0.57125 0.515 0.57125 0.515 0.55375
5 0.53125 0.55375 0.51375 0.55375 0.51375 0.57375 0.53125 0.57375 0.53125 0.55375
5 0.54625 0.5575 0.53125 0.5575 0.53125 0.575 0.54625 0.575 0.54625 0.5575
5 0.55625 0.56125 0.54375 0.56125 0.54375 0.57625 0.55625 0.57625 0.55625 0.56125
5 0.49124999999999996 0.5700000000000001 0.47874999999999995 0.5700000000000001 0.47874999999999995 0.5875 0.49124999999999996 0.5875 0.49124999999999996 0.5700000000000001
5 0.51 0.57125 0.495 0.57125 0.495 0.58875 0.51 0.58875 0.51 0.57125
5 0.525 0.57125 0.5075000000000001 0.57125 0.5075000000000001 0.5912499999999999 0.525 0.5912499999999999 0.525 0.57125
5 0.54 0.57625 0.5225 0.57625 0.5225 0.5962500000000001 0.54 0.5962500000000001 0.54 0.57625
5 0.5325 0.62 0.5175 0.62 0.5175 0.64 0.5325 0.64 0.5325 0.62
5 0.5075000000000001 0.61375 0.49000000000000005 0.61375 0.49000000000000005 0.63375 0.5075000000000001 0.63375 0.5075000000000001 0.61375
5 0.48875 0.615 0.47625 0.615 0.47625 0.6325000000000001 0.48875 0.6325000000000001 0.48875 0.615
5 0.46875 0.6287499999999999 0.45375 0.6287499999999999 0.45375 0.6487499999999999 0.46875 0.6487499999999999 0.46875 0.6287499999999999
5 0.49749999999999994 0.63375 0.485 0.63375 0.485 0.6487499999999999 0.49749999999999994 0.6487499999999999 0.49749999999999994 0.63375
5 0.54125 0.6425 0.52625 0.6425 0.52625 0.6599999999999999 0.54125 0.6599999999999999 0.54125 0.6425
5 0.18 0.6075 0.155 0.6075 0.155 0.62 0.18 0.62 0.18 0.6075
5 0.14750000000000002 0.6025 0.12250000000000001 0.6025 0.12250000000000001 0.6125 0.14750000000000002 0.6125 0.14750000000000002 0.6025
5 0.11750000000000001 0.59875 0.09 0.59875 0.09 0.60875 0.11750000000000001 0.60875 0.11750000000000001 0.59875
5 0.14625 0.6224999999999999 0.12125 0.6224999999999999 0.12125 0.6325000000000001 0.14625 0.6325000000000001 0.14625 0.6224999999999999
5 0.03875 0.605 0.01125 0.605 0.01125 0.615 0.03875 0.615 0.03875 0.605
5 0.061250000000000006 0.57875 0.03875 0.57875 0.03875 0.58875 0.061250000000000006 0.58875 0.061250000000000006 0.57875
5 0.56875 0.73875 0.55375 0.73875 0.55375 0.7537499999999999 0.56875 0.7537499999999999 0.56875 0.73875
5 0.5650000000000001 0.76 0.5475 0.76 0.5475 0.7775000000000001 0.5650000000000001 0.7775000000000001 0.5650000000000001 0.76
5 1 0.23125 0.975 0.23125 0.975 0.24625 1 0.24625 1 0.23125
5 0.99375 0.255 0.9637499999999999 0.255 0.9637499999999999 0.265 0.99375 0.265 0.99375 0.255