5 0.07625 0.43125 0.04625 0.43125 0.04625 0.44375 0.07625 0.44375 0.07625 0.43125
5 0.052500000000000005 0.45499999999999996 0.025 0.45499999999999996 0.025 0.465 0.052500000000000005 0.465 0.052500000000000005 0.45499999999999996
5 0.04875 0.47874999999999995 0.02375 0.47874999999999995 0.02375 0.48875 0.04875 0.48875 0.04875 0.47874999999999995
5 0.0875 0.4625 0.0625 0.4625 0.0625 0.47000000000000003 0.0875 0.47000000000000003 0.0875 0.4625
5 0.0775 0.46875 0.052500000000000005 0.46875 0.052500000000000005 0.47874999999999995 0.0775 0.47874999999999995 0.0775 0.46875
5 0.11499999999999999 0.43875000000000003 0.08499999999999999 0.43875000000000003 0.08499999999999999 0.45125000000000004 0.11499999999999999 0.45125000000000004 0.11499999999999999 0.43875000000000003
5 0.11625 0.47625 0.08375 0.47625 0.08375 0.48875 0.11625 0.48875 0.11625 0.47625
5 0.0675 0.4175 0.042499999999999996 0.4175 0.042499999999999996 0.42750000000000005 0.0675 0.42750000000000005 0.0675 0.4175
5 0.10625 0.425 0.07875 0.425 0.07875 0.43499999999999994 0.10625 0.43499999999999994 0.10625 0.425
5 0.145 0.43125 0.11499999999999999 0.43125 0.11499999999999999 0.44125 0.145 0.44125 0.145 0.43125
5 0.185 0.44000000000000006 0.1575 0.44000000000000006 0.1575 0.4525 0.185 0.4525 0.185 0.44000000000000006
5 0.1525 0.45125000000000004 0.125 0.45125000000000004 0.125 0.46125 0.1525 0.46125 0.1525 0.45125000000000004
5 0.1975 0.45999999999999996 0.17250000000000001 0.45999999999999996 0.17250000000000001 0.47000000000000003 0.1975 0.47000000000000003 0.1975 0.45999999999999996
5 0.12 0.46375 0.095 0.46375 0.095 0.47625 0.12 0.47625 0.12 0.46375
5 0.19375 0.475 0.15125 0.475 0.15125 0.4925 0.19375 0.4925 0.19375 0.475
5 0.15125 0.48125 0.12625 0.48125 0.12625 0.49124999999999996 0.15125 0.49124999999999996 0.15125 0.48125
5 0.1875 0.49000000000000005 0.16 0.49000000000000005 0.16 0.5025000000000001 0.1875 0.5025000000000001 0.1875 0.49000000000000005
5 0.225 0.45 0.1975 0.45 0.1975 0.45999999999999996 0.225 0.45999999999999996 0.225 0.45
5 0.33375 0.5175 0.29625 0.5175 0.29625 0.53 0.33375 0.53 0.33375 0.5175
5 0.37625000000000003 0.5125 0.34875 0.5125 0.34875 0.5225 0.37625000000000003 0.5225 0.37625000000000003 0.5125
5 0.43 0.5275000000000001 0.40499999999999997 0.5275000000000001 0.40499999999999997 0.5375 0.43 0.5375 0.43 0.5275000000000001
5 0.31625000000000003 0.5325 0.28875 0.5325 0.28875 0.5475 0.31625000000000003 0.5475 0.31625000000000003 0.5325
5 0.275 0.5275000000000001 0.2525 0.5275000000000001 0.2525 0.5425 0.275 0.5425 0.275 0.5275000000000001
5 0.27125 0.54875 0.24874999999999997 0.54875 0.24874999999999997 0.5662499999999999 0.27125 0.5662499999999999 0.27125 0.54875
5 0.23875000000000002 0.55 0.21625 0.55 0.21625 0.5700000000000001 0.23875000000000002 0.5700000000000001 0.23875000000000002 0.55
5 0.21000000000000002 0.5912499999999999 0.195 0.5912499999999999 0.195 0.61375 0.21000000000000002 0.61375 0.21000000000000002 0.5912499999999999
5 0.37374999999999997 0.6025 0.35125 0.6025 0.35125 0.6224999999999999 0.37374999999999997 0.6224999999999999 0.37374999999999997 0.6025
5 0.3525 0.62625 0.325 0.62625 0.325 0.64125 0.3525 0.64125 0.3525 0.62625
5 0.14375 0.60375 0.12875 0.60375 0.12875 0.62375 0.14375 0.62375 0.14375 0.60375
5 0.20125 0.66875 0.18375 0.66875 0.18375 0.68875 0.20125 0.68875 0.20125 0.66875
5 0.3 0.6950000000000001 0.28500000000000003 0.6950000000000001 0.28500000000000003 0.7125 0.3 0.7125 0.3 0.6950000000000001
5 0.29125 0.7162499999999999 0.27375 0.7162499999999999 0.27375 0.73125 0.29125 0.73125 0.29125 0.7162499999999999
5 0.12250000000000001 0.67375 0.10500000000000001 0.67375 0.10500000000000001 0.6912499999999999 0.12250000000000001 0.6912499999999999 0.12250000000000001 0.67375
5 0.1875 0.645 0.17250000000000001 0.645 0.17250000000000001 0.6625 0.1875 0.6625 0.1875 0.645
5 0.21749999999999997 0.6212500000000001 0.20249999999999999 0.6212500000000001 0.20249999999999999 0.63625 0.21749999999999997 0.63625 0.21749999999999997 0.6212500000000001
5 0.26749999999999996 0.76875 0.2525 0.76875 0.2525 0.7887500000000001 0.26749999999999996 0.7887500000000001 0.26749999999999996 0.76875
5 0.26125 0.7925 0.24625 0.7925 0.24625 0.8099999999999999 0.26125 0.8099999999999999 0.26125 0.7925
5 0.25 0.8162499999999999 0.2375 0.8162499999999999 0.2375 0.83375 0.25 0.83375 0.25 0.8162499999999999
5 0.22749999999999998 0.86625 0.215 0.86625 0.215 0.88375 0.22749999999999998 0.88375 0.22749999999999998 0.86625
5 0.73875 0.73 0.71875 0.73 0.71875 0.7474999999999999 0.73875 0.7474999999999999 0.73875 0.73
5 0.59875 0.8375 0.57375 0.8375 0.57375 0.845 0.59875 0.845 0.59875 0.8375
5 0.5675 0.8300000000000001 0.5425 0.8300000000000001 0.5425 0.8400000000000001 0.5675 0.8400000000000001 0.5675 0.8300000000000001
5 0.5549999999999999 0.8412499999999999 0.5349999999999999 0.8412499999999999 0.5349999999999999 0.85125 0.5549999999999999 0.85125 0.5549999999999999 0.8412499999999999
5 0.54625 0.86 0.51875 0.86 0.51875 0.8724999999999999 0.54625 0.8724999999999999 0.54625 0.86
5 0.795 0.5662499999999999 0.7675 0.5662499999999999 0.7675 0.57875 0.795 0.57875 0.795 0.5662499999999999
5 0.8775000000000001 0.5675 0.845 0.5675 0.845 0.58 0.8775000000000001 0.58 0.8775000000000001 0.5675
5 0.8637499999999999 0.57625 0.82875 0.57625 0.82875 0.5912499999999999 0.8637499999999999 0.5912499999999999 0.8637499999999999 0.57625
5 0.83375 0.5900000000000001 0.8087500000000001 0.5900000000000001 0.8087500000000001 0.6 0.83375 0.6 0.83375 0.5900000000000001
5 0.88125 0.5962500000000001 0.8487500000000001 0.5962500000000001 0.8487500000000001 0.60875 0.88125 0.60875 0.88125 0.5962500000000001
5 0.91875 0.585 0.8887499999999999 0.585 0.8887499999999999 0.5974999999999999 0.91875 0.5974999999999999 0.91875 0.585
5 0.9425000000000001 0.605 0.9125 0.605 0.9125 0.6174999999999999 0.9425000000000001 0.6174999999999999 0.9425000000000001 0.605
5 0.9800000000000001 0.5962500000000001 0.9475 0.5962500000000001 0.9475 0.60875 0.9800000000000001 0.60875 0.9800000000000001 0.5962500000000001
5 1 0.6575 0.9775 0.6575 0.9775 0.67 1 0.67 1 0.6575
5 1 0.66875 0.9775 0.66875 0.9775 0.68125 1 0.68125 1 0.66875
5 0.9949999999999999 0.6799999999999999 0.9675 0.6799999999999999 0.9675 0.6900000000000001 0.9949999999999999 0.6900000000000001 0.9949999999999999 0.6799999999999999
5 0.92125 0.45499999999999996 0.89375 0.45499999999999996 0.89375 0.465 0.92125 0.465 0.92125 0.45499999999999996
5 0.8025 0.44749999999999995 0.775 0.44749999999999995 0.775 0.4575 0.8025 0.4575 0.8025 0.44749999999999995
5 0.8175000000000001 0.48 0.775 0.48 0.775 0.495 0.8175000000000001 0.495 0.8175000000000001 0.48
5 0.9262499999999999 0.4725 0.89375 0.4725 0.89375 0.4875 0.9262499999999999 0.4875 0.9262499999999999 0.4725
5 1 0.51375 0.9724999999999999 0.51375 0.9724999999999999 0.5287499999999999 1 0.5287499999999999 1 0.51375
5 0 0.41624999999999995 0.021249999999999998 0.41624999999999995 0.021249999999999998 0.39375 0 0.39375 0 0.41624999999999995
5 0.0625 0.1025 0.045 0.1025 0.045 0.12250000000000001 0.0625 0.12250000000000001 0.0625 0.1025
5 0.0325 0.12 0.017499999999999998 0.12 0.017499999999999998 0.1375 0.0325 0.1375 0.0325 0.12
5 0.07125000000000001 0.135 0.05125 0.135 0.05125 0.1525 0.07125000000000001 0.1525 0.07125000000000001 0.135
5 0.0375 0.15625 0.02 0.15625 0.02 0.17625 0.0375 0.17625 0.0375 0.15625
5 0.04625 0.185 0.02375 0.185 0.02375 0.21000000000000002 0.04625 0.21000000000000002 0.04625 0.185
5 0 0.20750000000000002 0.013750000000000002 0.20750000000000002 0.013750000000000002 0.19 0 0.19 0 0.20750000000000002
5 0.08499999999999999 0.195 0.0625 0.195 0.0625 0.225 0.08499999999999999 0.225 0.08499999999999999 0.195
5 0 0.24125000000000002 0.015 0.24125000000000002 0.015 0.22125 0 0.22125 0 0.24125000000000002
5 0 0.2875 0.02 0.2875 0.02 0.26749999999999996 0 0.26749999999999996 0 0.2875
5 0.06875 0.26625 0.05125 0.26625 0.05125 0.28625 0.06875 0.28625 0.06875 0.26625
5 0.1525 0.30625 0.12250000000000001 0.30625 0.12250000000000001 0.32125 0.1525 0.32125 0.1525 0.30625
5 0.14250000000000002 0.32375 0.1125 0.32375 0.1125 0.33875 0.14250000000000002 0.33875 0.14250000000000002 0.32375
5 0.21625 0.33999999999999997 0.18625 0.33999999999999997 0.18625 0.3525 0.21625 0.3525 0.21625 0.33999999999999997
5 0.23125 0.35625 0.20625 0.35625 0.20625 0.36875 0.23125 0.36875 0.23125 0.35625
5 0.14625 0.39125 0.11374999999999999 0.39125 0.11374999999999999 0.40625 0.14625 0.40625 0.14625 0.39125
5 0.24500000000000002 0.3875 0.20249999999999999 0.3875 0.20249999999999999 0.4 0.24500000000000002 0.4 0.24500000000000002 0.3875
5 0.32375 0.27625 0.30874999999999997 0.27625 0.30874999999999997 0.29375 0.32375 0.29375 0.32375 0.27625
5 0.3075 0.26375000000000004 0.29 0.26375000000000004 0.29 0.28375 0.3075 0.28375 0.3075 0.26375000000000004
5 0.29375 0.2525 0.27625 0.2525 0.27625 0.27 0.29375 0.27 0.29375 0.2525
5 0.275 0.27999999999999997 0.255 0.27999999999999997 0.255 0.29500000000000004 0.275 0.29500000000000004 0.275 0.27999999999999997
5 0.29874999999999996 0.2875 0.26625 0.2875 0.26625 0.305 0.29874999999999996 0.305 0.29874999999999996 0.2875
5 0.3275 0.22875 0.305 0.22875 0.305 0.24874999999999997 0.3275 0.24874999999999997 0.3275 0.22875
5 0.31625000000000003 0.1975 0.29874999999999996 0.1975 0.29874999999999996 0.21749999999999997 0.31625000000000003 0.21749999999999997 0.31625000000000003 0.1975
5 0.34125 0.20249999999999999 0.32125 0.20249999999999999 0.32125 0.2225 0.34125 0.2225 0.34125 0.20249999999999999
5 0.3625 0.2 0.34500000000000003 0.2 0.34500000000000003 0.21749999999999997 0.3625 0.21749999999999997 0.3625 0.2
5 0.3525 0.225 0.3325 0.225 0.3325 0.2425 0.3525 0.2425 0.3525 0.225
5 0.34249999999999997 0.24874999999999997 0.3225 0.24874999999999997 0.3225 0.26875 0.34249999999999997 0.26875 0.34249999999999997 0.24874999999999997
5 0.30375 0.23125 0.28625 0.23125 0.28625 0.24874999999999997 0.30375 0.24874999999999997 0.30375 0.23125
5 0.36 0.16999999999999998 0.32999999999999996 0.16999999999999998 0.32999999999999996 0.2 0.36 0.2 0.36 0.16999999999999998
5 0.32999999999999996 0.16999999999999998 0.31 0.16999999999999998 0.31 0.1875 0.32999999999999996 0.1875 0.32999999999999996 0.16999999999999998
5 0.38875000000000004 0.13125 0.37124999999999997 0.13125 0.37124999999999997 0.15125 0.38875000000000004 0.15125 0.38875000000000004 0.13125
5 0.36 0.14125000000000001 0.34249999999999997 0.14125000000000001 0.34249999999999997 0.15875 0.36 0.15875 0.36 0.14125000000000001
5 0.34125 0.13999999999999999 0.32125 0.13999999999999999 0.32125 0.16 0.34125 0.16 0.34125 0.13999999999999999
5 0.15375 0.07625 0.13374999999999998 0.07625 0.13374999999999998 0.09625 0.15375 0.09625 0.15375 0.07625
5 0.13125 0.08 0.10874999999999999 0.08 0.10874999999999999 0.11000000000000001 0.13125 0.11000000000000001 0.13125 0.08
5 0.1125 0.0775 0.0975 0.0775 0.0975 0.0925 0.1125 0.0925 0.1125 0.0775
5 0.24874999999999997 0.0075 0.20125 0.0075 0.20125 0.03 0.24874999999999997 0.03 0.24874999999999997 0.0075
5 0.11000000000000001 0.008749999999999999 0.09 0.008749999999999999 0.09 0.026250000000000002 0.11000000000000001 0.026250000000000002 0.11000000000000001 0.008749999999999999
5 0.7525000000000001 0.05375 0.725 0.05375 0.725 0.061250000000000006 0.7525000000000001 0.061250000000000006 0.7525000000000001 0.05375
5 0.41375 0.06 0.39625 0.06 0.39625 0.0775 0.41375 0.0775 0.41375 0.06
5 0.5375 0.40499999999999997 0.5075000000000001 0.40499999999999997 0.5075000000000001 0.4175 0.5375 0.4175 0.5375 0.40499999999999997
5 0.47125000000000006 0.4175 0.43875000000000003 0.4175 0.43875000000000003 0.4325 0.47125000000000006 0.4325 0.47125000000000006 0.4175
5 0.55375 0.41875 0.51625 0.41875 0.51625 0.43375 0.55375 0.43375 0.55375 0.41875
5 0.43624999999999997 0.42750000000000005 0.40374999999999994 0.42750000000000005 0.40374999999999994 0.44000000000000006 0.43624999999999997 0.44000000000000006 0.43624999999999997 0.42750000000000005
5 0.75875 0.41 0.73375 0.41 0.73375 0.4225 0.75875 0.4225 0.75875 0.41
5 0.515 0.54125 0.44000000000000006 0.54125 0.44000000000000006 0.5662499999999999 0.515 0.5662499999999999 0.515 0.54125
5 0.61625 0.008749999999999999 0.58375 0.008749999999999999 0.58375 0.021249999999999998 0.61625 0.021249999999999998 0.61625 0.008749999999999999