5 0.027500000000000004 0.63375 0.005 0.63375 0.005 0.64625 0.027500000000000004 0.64625 0.027500000000000004 0.63375
5 0.06625 0.62625 0.03625 0.62625 0.03625 0.63875 0.06625 0.63875 0.06625 0.62625
5 0.09875 0.62 0.07125000000000001 0.62 0.07125000000000001 0.6325000000000001 0.09875 0.6325000000000001 0.09875 0.62
5 0.07625 0.5925 0.04875 0.5925 0.04875 0.605 0.07625 0.605 0.07625 0.5925
5 0.9775 0.01125 0.96 0.01125 0.96 0.028749999999999998 0.9775 0.028749999999999998 0.9775 0.01125
5 0.9525 0 0.9525 0.01125 0.9724999999999999 0.01125 0.9724999999999999 0 0.9525 0
5 0.99125 0.03625 0.9712500000000001 0.03625 0.9712500000000001 0.05625 0.99125 0.05625 0.99125 0.03625
5 0.9887499999999999 0.13874999999999998 0.96875 0.13874999999999998 0.96875 0.15375 0.9887499999999999 0.15375 0.9887499999999999 0.13874999999999998
5 0.9962500000000001 0.17124999999999999 0.97875 0.17124999999999999 0.97875 0.18875 0.9962500000000001 0.18875 0.9962500000000001 0.17124999999999999
5 0.575 0.73625 0.5575 0.73625 0.5575 0.75875 0.575 0.75875 0.575 0.73625
5 0.73 0.6925 0.7125 0.6925 0.7125 0.7125 0.73 0.7125 0.73 0.6925
5 0.75625 0.67375 0.73375 0.67375 0.73375 0.69375 0.75625 0.69375 0.75625 0.67375
5 0.7787499999999999 0.68625 0.76125 0.68625 0.76125 0.70625 0.7787499999999999 0.70625 0.7787499999999999 0.68625
5 0.765 0.6950000000000001 0.75 0.6950000000000001 0.75 0.71 0.765 0.71 0.765 0.6950000000000001
5 0.75125 0.6025 0.7262500000000001 0.6025 0.7262500000000001 0.6224999999999999 0.75125 0.6224999999999999 0.75125 0.6025
5 0.495 0.6975 0.475 0.6975 0.475 0.7075 0.495 0.7075 0.495 0.6975
5 0.46875 0.56375 0.45125000000000004 0.56375 0.45125000000000004 0.58375 0.46875 0.58375 0.46875 0.56375
5 0.395 0.5237499999999999 0.35750000000000004 0.5237499999999999 0.35750000000000004 0.54125 0.395 0.54125 0.395 0.5237499999999999
5 0.41875 0.5175 0.39125 0.5175 0.39125 0.5325 0.41875 0.5325 0.41875 0.5175
5 0.54125 0.50125 0.51125 0.50125 0.51125 0.51375 0.54125 0.51375 0.54125 0.50125
5 0.57375 0.49375 0.54625 0.49375 0.54625 0.50625 0.57375 0.50625 0.57375 0.49375
5 0.6287499999999999 0.485 0.6012500000000001 0.485 0.6012500000000001 0.495 0.6287499999999999 0.495 0.6287499999999999 0.485
5 0.7875 0.45499999999999996 0.7575000000000001 0.45499999999999996 0.7575000000000001 0.46749999999999997 0.7875 0.46749999999999997 0.7875 0.45499999999999996
5 0.8637499999999999 0.43875000000000003 0.83625 0.43875000000000003 0.83625 0.44875 0.8637499999999999 0.44875 0.8637499999999999 0.43875000000000003
5 0.8775000000000001 0.4625 0.8474999999999999 0.4625 0.8474999999999999 0.475 0.8775000000000001 0.475 0.8775000000000001 0.4625
5 0.9800000000000001 0.44375 0.95 0.44375 0.95 0.45625 0.9800000000000001 0.45625 0.9800000000000001 0.44375
5 0.9099999999999999 0.5175 0.875 0.5175 0.875 0.53 0.9099999999999999 0.53 0.9099999999999999 0.5175
5 0.6375 0.40125 0.615 0.40125 0.615 0.42125 0.6375 0.42125 0.6375 0.40125
5 0.5349999999999999 0.38625 0.5025000000000001 0.38625 0.5025000000000001 0.39875 0.5349999999999999 0.39875 0.5349999999999999 0.38625
5 0.525 0.37875000000000003 0.495 0.37875000000000003 0.495 0.38875000000000004 0.525 0.38875000000000004 0.525 0.37875000000000003
5 0.5175 0.36375 0.49000000000000005 0.36375 0.49000000000000005 0.37625000000000003 0.5175 0.37625000000000003 0.5175 0.36375
5 0.47750000000000004 0.33125 0.45 0.33125 0.45 0.34375 0.47750000000000004 0.34375 0.47750000000000004 0.33125
5 0.5549999999999999 0.35750000000000004 0.54 0.35750000000000004 0.54 0.3725 0.5549999999999999 0.3725 0.5549999999999999 0.35750000000000004
5 0.575 0.39 0.545 0.39 0.545 0.4025 0.575 0.4025 0.575 0.39
5 0.7162499999999999 0.495 0.69625 0.495 0.69625 0.5075000000000001 0.7162499999999999 0.5075000000000001 0.7162499999999999 0.495
5 0.8275 0.25125000000000003 0.8099999999999999 0.25125000000000003 0.8099999999999999 0.27125 0.8275 0.27125 0.8275 0.25125000000000003
5 0.8125 0.25625 0.795 0.25625 0.795 0.27375 0.8125 0.27375 0.8125 0.25625
5 0.8087500000000001 0.205 0.7887500000000001 0.205 0.7887500000000001 0.22749999999999998 0.8087500000000001 0.22749999999999998 0.8087500000000001 0.205
5 0.8237500000000001 0.20249999999999999 0.80625 0.20249999999999999 0.80625 0.2225 0.8237500000000001 0.2225 0.8237500000000001 0.20249999999999999
5 0.86625 0.23125 0.83375 0.23125 0.83375 0.24375 0.86625 0.24375 0.86625 0.23125
5 0.4525 0.08 0.43499999999999994 0.08 0.43499999999999994 0.0975 0.4525 0.0975 0.4525 0.08
5 0.42000000000000004 0.08875 0.40499999999999997 0.08875 0.40499999999999997 0.10375000000000001 0.42000000000000004 0.10375000000000001 0.42000000000000004 0.08875
5 0.3275 0.12 0.2975 0.12 0.2975 0.1275 0.3275 0.1275 0.3275 0.12
5 0.49874999999999997 0.1125 0.47874999999999995 0.1125 0.47874999999999995 0.1325 0.49874999999999997 0.1325 0.49874999999999997 0.1125
5 0.34375 0.155 0.32625000000000004 0.155 0.32625000000000004 0.175 0.34375 0.175 0.34375 0.155
5 0.35875 0.155 0.34375 0.155 0.34375 0.16999999999999998 0.35875 0.16999999999999998 0.35875 0.155
5 0.37625000000000003 0.15125 0.35875 0.15125 0.35875 0.16875 0.37625000000000003 0.16875 0.37625000000000003 0.15125
5 0.39249999999999996 0.145 0.375 0.145 0.375 0.1625 0.39249999999999996 0.1625 0.39249999999999996 0.145
5 0.40499999999999997 0.1375 0.39249999999999996 0.1375 0.39249999999999996 0.1525 0.40499999999999997 0.1525 0.40499999999999997 0.1375
5 0.635 0.013750000000000002 0.615 0.013750000000000002 0.615 0.03375 0.635 0.03375 0.635 0.013750000000000002
5 0.025 0.195 0.01 0.195 0.01 0.215 0.025 0.215 0.025 0.195
5 0.0225 0.215 0.005 0.215 0.005 0.2325 0.0225 0.2325 0.0225 0.215
5 0.05 0.058750000000000004 0.0325 0.058750000000000004 0.0325 0.07875 0.05 0.07875 0.05 0.058750000000000004
5 0.225 0.29375 0.20750000000000002 0.29375 0.20750000000000002 0.31375000000000003 0.225 0.31375000000000003 0.225 0.29375
5 0.23500000000000001 0.28625 0.22000000000000003 0.28625 0.22000000000000003 0.30125 0.23500000000000001 0.30125 0.23500000000000001 0.28625
5 0.51125 0.11000000000000001 0.49874999999999997 0.11000000000000001 0.49874999999999997 0.125 0.51125 0.125 0.51125 0.11000000000000001
5 0.5275000000000001 0.11125 0.5125 0.11125 0.5125 0.12375 0.5275000000000001 0.12375 0.5275000000000001 0.11125
5 0.48125 0.07375000000000001 0.46375 0.07375000000000001 0.46375 0.08875 0.48125 0.08875 0.48125 0.07375000000000001
5 0.54125 0.1075 0.52625 0.1075 0.52625 0.12 0.54125 0.12 0.54125 0.1075
5 0.52625 0.135 0.50125 0.135 0.50125 0.14750000000000002 0.52625 0.14750000000000002 0.52625 0.135
5 0.55625 0.13125 0.53625 0.13125 0.53625 0.14875 0.55625 0.14875 0.55625 0.13125
5 0.52625 0.14625 0.49625 0.14625 0.49625 0.15875 0.52625 0.15875 0.52625 0.14625
5 0.5337500000000001 0.15625 0.50125 0.15625 0.50125 0.17124999999999999 0.5337500000000001 0.17124999999999999 0.5337500000000001 0.15625
5 0.8462500000000001 0.2475 0.8262499999999999 0.2475 0.8262499999999999 0.265 0.8462500000000001 0.265 0.8462500000000001 0.2475
5 0.79625 0.82875 0.77125 0.82875 0.77125 0.8387499999999999 0.79625 0.8387499999999999 0.79625 0.82875
5 0.7887500000000001 0.84375 0.76375 0.84375 0.76375 0.85625 0.7887500000000001 0.85625 0.7887500000000001 0.84375
5 0.89375 0.4875 0.8637499999999999 0.4875 0.8637499999999999 0.5 0.89375 0.5 0.89375 0.4875
5 0.89875 0.49625 0.86875 0.49625 0.86875 0.51125 0.89875 0.51125 0.89875 0.49625
5 0.7025 0.63375 0.6799999999999999 0.63375 0.6799999999999999 0.6587500000000001 0.7025 0.6587500000000001 0.7025 0.63375
5 0.7112499999999999 0.6287499999999999 0.69625 0.6287499999999999 0.69625 0.6487499999999999 0.7112499999999999 0.6487499999999999 0.7112499999999999 0.6287499999999999
5 0.7262500000000001 0.62625 0.70875 0.62625 0.70875 0.6487499999999999 0.7262500000000001 0.6487499999999999 0.7262500000000001 0.62625
5 0.74375 0.625 0.7212500000000001 0.625 0.7212500000000001 0.645 0.74375 0.645 0.74375 0.625
5 0.48125 0.6487499999999999 0.46375 0.6487499999999999 0.46375 0.66875 0.48125 0.66875 0.48125 0.6487499999999999
5 0.2525 0.5875 0.22749999999999998 0.5875 0.22749999999999998 0.6 0.2525 0.6 0.2525 0.5875
5 0.21625 0.5962500000000001 0.19125 0.5962500000000001 0.19125 0.60625 0.21625 0.60625 0.21625 0.5962500000000001
5 0.5775 0.16875 0.5575 0.16875 0.5575 0.19125 0.5775 0.19125 0.5775 0.16875
5 0.08499999999999999 0.05125 0.0675 0.05125 0.0675 0.07375000000000001 0.08499999999999999 0.07375000000000001 0.08499999999999999 0.05125
5 0.60375 0 0.60375 0.0125 0.6212500000000001 0.0125 0.6212500000000001 0 0.60375 0
5 0.68625 0.85625 0.65125 0.85625 0.65125 0.8862500000000001 0.68625 0.8862500000000001 0.68625 0.85625
5 0.70125 0.8474999999999999 0.67125 0.8474999999999999 0.67125 0.8775000000000001 0.70125 0.8775000000000001 0.70125 0.8474999999999999
5 0.71875 0.8400000000000001 0.68625 0.8400000000000001 0.68625 0.8724999999999999 0.71875 0.8724999999999999 0.71875 0.8400000000000001
5 0.75875 0.8300000000000001 0.72875 0.8300000000000001 0.72875 0.8574999999999999 0.75875 0.8574999999999999 0.75875 0.8300000000000001
5 0.7875 0.9 0.76 0.9 0.76 0.925 0.7875 0.925 0.7875 0.9
5 0.6950000000000001 0.885 0.67 0.885 0.67 0.8949999999999999 0.6950000000000001 0.8949999999999999 0.6950000000000001 0.885
5 0.9962500000000001 0.057499999999999996 0.98125 0.057499999999999996 0.98125 0.06999999999999999 0.9962500000000001 0.06999999999999999 0.9962500000000001 0.057499999999999996