5 0.97625 0.09 0.9337500000000001 0.09 0.9337500000000001 0.1125 0.97625 0.1125 0.97625 0.09
5 0.31 0.1325 0.28500000000000003 0.1325 0.28500000000000003 0.1525 0.31 0.1525 0.31 0.1325
5 0.25 0.135 0.225 0.135 0.225 0.15 0.25 0.15 0.25 0.135
5 0.36375 0.1825 0.34375 0.1825 0.34375 0.2 0.36375 0.2 0.36375 0.1825
5 0.34125 0.1975 0.32125 0.1975 0.32125 0.21749999999999997 0.34125 0.21749999999999997 0.34125 0.1975
5 0.275 0.15125 0.25 0.15125 0.25 0.16875 0.275 0.16875 0.275 0.15125
5 0.27625 0.3975 0.24874999999999997 0.3975 0.24874999999999997 0.4175 0.27625 0.4175 0.27625 0.3975
5 0.2225 0.42874999999999996 0.2 0.42874999999999996 0.2 0.44375 0.2225 0.44375 0.2225 0.42874999999999996
5 0.1525 0.4325 0.1275 0.4325 0.1275 0.44749999999999995 0.1525 0.44749999999999995 0.1525 0.4325
5 0.1275 0.44875 0.1025 0.44875 0.1025 0.46375 0.1275 0.46375 0.1275 0.44875
5 0.09875 0.46375 0.07625 0.46375 0.07625 0.47874999999999995 0.09875 0.47874999999999995 0.09875 0.46375
5 0.2 0.445 0.17250000000000001 0.445 0.17250000000000001 0.465 0.2 0.465 0.2 0.445