5 0.045 0.13999999999999999 0.0125 0.13999999999999999 0.0125 0.1525 0.045 0.1525 0.045 0.13999999999999999
5 0.03875 0.16125 0.01125 0.16125 0.01125 0.17625 0.03875 0.17625 0.03875 0.16125
5 0.08375 0.14750000000000002 0.04375 0.14750000000000002 0.04375 0.1625 0.08375 0.1625 0.08375 0.14750000000000002
5 0.20375000000000001 0.125 0.16875 0.125 0.16875 0.1375 0.20375000000000001 0.1375 0.20375000000000001 0.125
5 0.08625000000000001 0.17625 0.05125 0.17625 0.05125 0.18625 0.08625000000000001 0.18625 0.08625000000000001 0.17625
5 0.12250000000000001 0.15875 0.095 0.15875 0.095 0.16875 0.12250000000000001 0.16875 0.12250000000000001 0.15875
5 0.155 0.14375 0.11750000000000001 0.14375 0.11750000000000001 0.15875 0.155 0.15875 0.155 0.14375
5 0.2125 0.1375 0.17250000000000001 0.1375 0.17250000000000001 0.1525 0.2125 0.1525 0.2125 0.1375
5 0.26125 0.12125 0.23374999999999999 0.12125 0.23374999999999999 0.13374999999999998 0.26125 0.13374999999999998 0.26125 0.12125
5 0.10874999999999999 0.42374999999999996 0.09375 0.42374999999999996 0.09375 0.44625000000000004 0.10874999999999999 0.44625000000000004 0.10874999999999999 0.42374999999999996
5 0.1375 0.6224999999999999 0.125 0.6224999999999999 0.125 0.645 0.1375 0.645 0.1375 0.6224999999999999
5 0.05125 0.27375 0.041249999999999995 0.27375 0.041249999999999995 0.29375 0.05125 0.29375 0.05125 0.27375
5 0.09375 0.34249999999999997 0.07625 0.34249999999999997 0.07625 0.365 0.09375 0.365 0.09375 0.34249999999999997
5 0.10124999999999999 0.3775 0.08375 0.3775 0.08375 0.40750000000000003 0.10124999999999999 0.40750000000000003 0.10124999999999999 0.3775
5 0.13125 0.4325 0.10874999999999999 0.4325 0.10874999999999999 0.4725 0.13125 0.4725 0.13125 0.4325
5 0.11125 0.46375 0.09875 0.46375 0.09875 0.48375 0.11125 0.48375 0.11125 0.46375
5 0.12375 0.53 0.10625 0.53 0.10625 0.5549999999999999 0.12375 0.5549999999999999 0.12375 0.53
5 0.15 0.67375 0.135 0.67375 0.135 0.69875 0.15 0.69875 0.15 0.67375
5 0.16499999999999998 0.80375 0.14750000000000002 0.80375 0.14750000000000002 0.8262499999999999 0.16499999999999998 0.8262499999999999 0.16499999999999998 0.80375
5 0.20125 0.8412499999999999 0.16875 0.8412499999999999 0.16875 0.8637499999999999 0.20125 0.8637499999999999 0.20125 0.8412499999999999
5 0.16875 0.61625 0.15375 0.61625 0.15375 0.64625 0.16875 0.64625 0.16875 0.61625
5 0 0.8675 0.0125 0.8675 0.0125 0.8474999999999999 0 0.8474999999999999 0 0.8675
5 0.03 0.845 0.015 0.845 0.015 0.8675 0.03 0.8675 0.03 0.845
5 0.042499999999999996 0.84375 0.03 0.84375 0.03 0.8637499999999999 0.042499999999999996 0.8637499999999999 0.042499999999999996 0.84375
5 0.058750000000000004 0.8800000000000001 0.03375 0.8800000000000001 0.03375 0.89 0.058750000000000004 0.89 0.058750000000000004 0.8800000000000001
5 0.13999999999999999 0.9475 0.13 0.9475 0.13 0.9650000000000001 0.13999999999999999 0.9650000000000001 0.13999999999999999 0.9475
5 0.155 0.75625 0.1375 0.75625 0.1375 0.77625 0.155 0.77625 0.155 0.75625
5 0.54625 0.52625 0.52125 0.52625 0.52125 0.54625 0.54625 0.54625 0.54625 0.52625
5 0.16375 0.10874999999999999 0.12625 0.10874999999999999 0.12625 0.12125 0.16375 0.12125 0.16375 0.10874999999999999
5 0.28500000000000003 0.10124999999999999 0.255 0.10124999999999999 0.255 0.11374999999999999 0.28500000000000003 0.11374999999999999 0.28500000000000003 0.10124999999999999
5 0.05 0.23125 0.0325 0.23125 0.0325 0.25125000000000003 0.05 0.25125000000000003 0.05 0.23125
5 0.23500000000000001 0.15125 0.21000000000000002 0.15125 0.21000000000000002 0.16125 0.23500000000000001 0.16125 0.23500000000000001 0.15125
5 0.22749999999999998 0.16375 0.205 0.16375 0.205 0.17625 0.22749999999999998 0.17625 0.22749999999999998 0.16375
5 0.39375 0.013750000000000002 0.36625 0.013750000000000002 0.36625 0.02375 0.39375 0.02375 0.39375 0.013750000000000002
5 0.38875000000000004 0.05125 0.35875 0.05125 0.35875 0.061250000000000006 0.38875000000000004 0.061250000000000006 0.38875000000000004 0.05125
5 0.48 0.10874999999999999 0.45 0.10874999999999999 0.45 0.11875 0.48 0.11875 0.48 0.10874999999999999
5 0.43499999999999994 0.1125 0.4025 0.1125 0.4025 0.12250000000000001 0.43499999999999994 0.12250000000000001 0.43499999999999994 0.1125
5 0.36375 0.14250000000000002 0.31625000000000003 0.14250000000000002 0.31625000000000003 0.1575 0.36375 0.1575 0.36375 0.14250000000000002
5 0.41875 0.15125 0.37625000000000003 0.15125 0.37625000000000003 0.16875 0.41875 0.16875 0.41875 0.15125
5 0.365 0.155 0.33999999999999997 0.155 0.33999999999999997 0.1675 0.365 0.1675 0.365 0.155
5 0.47750000000000004 0.135 0.445 0.135 0.445 0.145 0.47750000000000004 0.145 0.47750000000000004 0.135
5 0.375 0.11499999999999999 0.34500000000000003 0.11499999999999999 0.34500000000000003 0.125 0.375 0.125 0.375 0.11499999999999999
5 0.3 0.14875 0.26749999999999996 0.14875 0.26749999999999996 0.15875 0.3 0.15875 0.3 0.14875
5 0.31875 0.11875 0.28625 0.11875 0.28625 0.13374999999999998 0.31875 0.13374999999999998 0.31875 0.11875
5 0.45375 0.125 0.39875 0.125 0.39875 0.1375 0.45375 0.1375 0.45375 0.125
5 0.52625 0.13125 0.49124999999999996 0.13125 0.49124999999999996 0.14375 0.52625 0.14375 0.52625 0.13125
5 0.50125 0.14625 0.46375 0.14625 0.46375 0.15875 0.50125 0.15875 0.50125 0.14625
5 0.5337500000000001 0.11750000000000001 0.50625 0.11750000000000001 0.50625 0.1275 0.5337500000000001 0.1275 0.5337500000000001 0.11750000000000001
5 0.54375 0.10500000000000001 0.51375 0.10500000000000001 0.51375 0.11750000000000001 0.54375 0.11750000000000001 0.54375 0.10500000000000001
5 0.55125 0.14250000000000002 0.51875 0.14250000000000002 0.51875 0.155 0.55125 0.155 0.55125 0.14250000000000002
5 0.5662499999999999 0.1275 0.5387500000000001 0.1275 0.5387500000000001 0.13999999999999999 0.5662499999999999 0.13999999999999999 0.5662499999999999 0.1275
5 0.5862499999999999 0.07875 0.55625 0.07875 0.55625 0.09375 0.5862499999999999 0.09375 0.5862499999999999 0.07875
5 0.6075 0.13874999999999998 0.5775 0.13874999999999998 0.5775 0.14875 0.6075 0.14875 0.6075 0.13874999999999998
5 0.6075 0.12250000000000001 0.5775 0.12250000000000001 0.5775 0.1325 0.6075 0.1325 0.6075 0.12250000000000001
5 0.63375 0.09625 0.6012500000000001 0.09625 0.6012500000000001 0.10874999999999999 0.63375 0.10874999999999999 0.63375 0.09625
5 0.63625 0.10874999999999999 0.60375 0.10874999999999999 0.60375 0.12125 0.63625 0.12125 0.63625 0.10874999999999999
5 0.8949999999999999 0.11875 0.7925 0.11875 0.7925 0.13874999999999998 0.8949999999999999 0.13874999999999998 0.8949999999999999 0.11875
5 0.7075 0.0925 0.6775 0.0925 0.6775 0.10500000000000001 0.7075 0.10500000000000001 0.7075 0.0925
5 0.725 0.10375000000000001 0.6950000000000001 0.10375000000000001 0.6950000000000001 0.11374999999999999 0.725 0.11374999999999999 0.725 0.10375000000000001
5 0.9824999999999999 0.09875 0.95 0.09875 0.95 0.10874999999999999 0.9824999999999999 0.10874999999999999 0.9824999999999999 0.09875
5 0.78625 0.11125 0.7537499999999999 0.11125 0.7537499999999999 0.12125 0.78625 0.12125 0.78625 0.11125
5 0.76625 0.10124999999999999 0.73625 0.10124999999999999 0.73625 0.11374999999999999 0.76625 0.11374999999999999 0.76625 0.10124999999999999
5 0.7262500000000001 0.11750000000000001 0.69625 0.11750000000000001 0.69625 0.125 0.7262500000000001 0.125 0.7262500000000001 0.11750000000000001
5 0.72875 0.13125 0.69875 0.13125 0.69875 0.14125000000000001 0.72875 0.14125000000000001 0.72875 0.13125
5 0.68875 0.1075 0.6537499999999999 0.1075 0.6537499999999999 0.11750000000000001 0.68875 0.11750000000000001 0.68875 0.1075
5 0.67375 0.11875 0.63375 0.11875 0.63375 0.13625 0.67375 0.13625 0.67375 0.11875
5 0.6637500000000001 0.1375 0.6212500000000001 0.1375 0.6212500000000001 0.15 0.6637500000000001 0.15 0.6637500000000001 0.1375
5 0.7925 0.0875 0.76 0.0875 0.76 0.0975 0.7925 0.0975 0.7925 0.0875
5 0.8225 0.095 0.795 0.095 0.795 0.1075 0.8225 0.1075 0.8225 0.095
5 0.8375 0.08125 0.8150000000000001 0.08125 0.8150000000000001 0.09375 0.8375 0.09375 0.8375 0.08125
5 0.9375 0.07875 0.8975 0.07875 0.8975 0.09125 0.9375 0.09125 0.9375 0.07875
5 0.9275 0.1025 0.8949999999999999 0.1025 0.8949999999999999 0.11499999999999999 0.9275 0.11499999999999999 0.9275 0.1025
5 0.96125 0.11125 0.91625 0.11125 0.91625 0.12625 0.96125 0.12625 0.96125 0.11125
5 0.8862500000000001 0.08125 0.8612500000000001 0.08125 0.8612500000000001 0.09125 0.8862500000000001 0.09125 0.8862500000000001 0.08125
5 0.8875 0.09125 0.865 0.09125 0.865 0.10124999999999999 0.8875 0.10124999999999999 0.8875 0.09125
5 0.8699999999999999 0.1075 0.845 0.1075 0.845 0.12 0.8699999999999999 0.12 0.8699999999999999 0.1075
5 0.9625 0.08875 0.93 0.08875 0.93 0.09875 0.9625 0.09875 0.9625 0.08875
5 1 0.0725 0.9737500000000001 0.0725 0.9737500000000001 0.08499999999999999 1 0.08499999999999999 1 0.0725
5 1 0.11000000000000001 0.975 0.11000000000000001 0.975 0.125 1 0.125 1 0.11000000000000001
5 0.66625 0.07625 0.63625 0.07625 0.63625 0.08875 0.66625 0.08875 0.66625 0.07625
5 0.7125 0.06 0.6825 0.06 0.6825 0.0725 0.7125 0.0725 0.7125 0.06
5 0.8387499999999999 0.0625 0.80625 0.0625 0.80625 0.0725 0.8387499999999999 0.0725 0.8387499999999999 0.0625
5 0.86875 0.05125 0.8412499999999999 0.05125 0.8412499999999999 0.061250000000000006 0.86875 0.061250000000000006 0.86875 0.05125
5 0.6575 0.0325 0.6275000000000001 0.0325 0.6275000000000001 0.042499999999999996 0.6575 0.042499999999999996 0.6575 0.0325
5 0.7625 0.025 0.73 0.025 0.73 0.034999999999999996 0.7625 0.034999999999999996 0.7625 0.025
5 0.38125 0.0925 0.34625 0.0925 0.34625 0.10500000000000001 0.38125 0.10500000000000001 0.38125 0.0925
5 0.41875 0.0775 0.38125 0.0775 0.38125 0.09 0.41875 0.09 0.41875 0.0775
5 0.45499999999999996 0.09375 0.43499999999999994 0.09375 0.43499999999999994 0.10375000000000001 0.45499999999999996 0.10375000000000001 0.45499999999999996 0.09375
5 0.44000000000000006 0.04625 0.40750000000000003 0.04625 0.40750000000000003 0.058750000000000004 0.44000000000000006 0.058750000000000004 0.44000000000000006 0.04625
5 0.4575 0.0075 0.425 0.0075 0.425 0.02 0.4575 0.02 0.4575 0.0075
5 0.5525 0 0.5525 0.01125 0.585 0.01125 0.585 0 0.5525 0
5 0.3125 0.017499999999999998 0.2875 0.017499999999999998 0.2875 0.027500000000000004 0.3125 0.027500000000000004 0.3125 0.017499999999999998
5 0.34875 0.0125 0.31875 0.0125 0.31875 0.027500000000000004 0.34875 0.027500000000000004 0.34875 0.0125
5 0.2475 0.021249999999999998 0.2225 0.021249999999999998 0.2225 0.03375 0.2475 0.03375 0.2475 0.021249999999999998
5 0.525 0.03875 0.48250000000000004 0.03875 0.48250000000000004 0.05625 0.525 0.05625 0.525 0.03875
5 0.7175 0.03125 0.6725 0.03125 0.6725 0.04625 0.7175 0.04625 0.7175 0.03125
5 0.425 0.13874999999999998 0.39249999999999996 0.13874999999999998 0.39249999999999996 0.14875 0.425 0.14875 0.425 0.13874999999999998
5 0.30874999999999997 0.15875 0.27625 0.15875 0.27625 0.17124999999999999 0.30874999999999997 0.17124999999999999 0.30874999999999997 0.15875
5 0.8387499999999999 0.017499999999999998 0.8087500000000001 0.017499999999999998 0.8087500000000001 0.03 0.8387499999999999 0.03 0.8387499999999999 0.017499999999999998
5 0.8862500000000001 0.01625 0.8612500000000001 0.01625 0.8612500000000001 0.026250000000000002 0.8862500000000001 0.026250000000000002 0.8862500000000001 0.01625
5 0.94625 0.01125 0.91625 0.01125 0.91625 0.021249999999999998 0.94625 0.021249999999999998 0.94625 0.01125
5 0.9475 0.03375 0.9199999999999999 0.03375 0.9199999999999999 0.041249999999999995 0.9475 0.041249999999999995 0.9475 0.03375
5 0.9775 0.01125 0.9525 0.01125 0.9525 0.021249999999999998 0.9775 0.021249999999999998 0.9775 0.01125
5 1 0.01 0.9824999999999999 0.01 0.9824999999999999 0.02 1 0.02 1 0.01
5 0.095 0 0.095 0.015 0.1075 0.015 0.1075 0 0.095 0
5 0.5525 0.395 0.5375 0.395 0.5375 0.41500000000000004 0.5525 0.41500000000000004 0.5525 0.395
5 0.56125 0.45375 0.54875 0.45375 0.54875 0.47125000000000006 0.56125 0.47125000000000006 0.56125 0.45375
5 0.5650000000000001 0.4725 0.5475 0.4725 0.5475 0.4925 0.5650000000000001 0.4925 0.5650000000000001 0.4725
5 0.28625 0.01875 0.25625 0.01875 0.25625 0.028749999999999998 0.28625 0.028749999999999998 0.28625 0.01875
5 0 0.025 0.008749999999999999 0.025 0.008749999999999999 0.005 0 0.005 0 0.025
5 0.1075 0.03875 0.075 0.03875 0.075 0.06375 0.1075 0.06375 0.1075 0.03875
5 0.34125 0.07125000000000001 0.23374999999999999 0.07125000000000001 0.23374999999999999 0.09625 0.34125 0.09625 0.34125 0.07125000000000001
5 0.575 0.11750000000000001 0.5700000000000001 0.11750000000000001 0.5700000000000001 0.12250000000000001 0.575 0.12250000000000001 0.575 0.11750000000000001
5 0.5700000000000001 0.11875 0.5650000000000001 0.11875 0.5650000000000001 0.12375 0.5700000000000001 0.12375 0.5700000000000001 0.11875
5 0.5625 0.11875 0.5575 0.11875 0.5575 0.12375 0.5625 0.12375 0.5625 0.11875