5 0.145 0.11875 0.042499999999999996 0.11875 0.042499999999999996 0.13874999999999998 0.145 0.13874999999999998 0.145 0.11875
5 0.2325 0.09875 0.2 0.09875 0.2 0.10874999999999999 0.2325 0.10874999999999999 0.2325 0.09875
5 0.38 0.07625 0.34500000000000003 0.07625 0.34500000000000003 0.08875 0.38 0.08875 0.38 0.07625
5 0.03625 0.11125 0.00375 0.11125 0.00375 0.12125 0.03625 0.12125 0.03625 0.11125
5 0 0.11374999999999999 0.01625 0.11374999999999999 0.01625 0.10124999999999999 0 0.10124999999999999 0 0.11374999999999999
5 0.042499999999999996 0.0875 0.01 0.0875 0.01 0.0975 0.042499999999999996 0.0975 0.042499999999999996 0.0875
5 0.0725 0.095 0.045 0.095 0.045 0.1075 0.0725 0.1075 0.0725 0.095
5 0.0875 0.08125 0.065 0.08125 0.065 0.09375 0.0875 0.09375 0.0875 0.08125
5 0.1875 0.07875 0.14750000000000002 0.07875 0.14750000000000002 0.09125 0.1875 0.09125 0.1875 0.07875
5 0.1775 0.1025 0.145 0.1025 0.145 0.11499999999999999 0.1775 0.11499999999999999 0.1775 0.1025
5 0.21125 0.11125 0.16625 0.11125 0.16625 0.12625 0.21125 0.12625 0.21125 0.11125
5 0.13625 0.08125 0.11125 0.08125 0.11125 0.09125 0.13625 0.09125 0.13625 0.08125
5 0.1375 0.09125 0.11499999999999999 0.09125 0.11499999999999999 0.10124999999999999 0.1375 0.10124999999999999 0.1375 0.09125
5 0.12 0.1075 0.095 0.1075 0.095 0.12 0.12 0.12 0.12 0.1075
5 0.2125 0.08875 0.18 0.08875 0.18 0.09875 0.2125 0.09875 0.2125 0.08875
5 0.25375000000000003 0.0725 0.22374999999999998 0.0725 0.22374999999999998 0.08499999999999999 0.25375000000000003 0.08499999999999999 0.25375000000000003 0.0725
5 0.26749999999999996 0.0875 0.23500000000000001 0.0875 0.23500000000000001 0.0975 0.26749999999999996 0.0975 0.26749999999999996 0.0875
5 0.28625 0.095 0.25375000000000003 0.095 0.25375000000000003 0.1075 0.28625 0.1075 0.28625 0.095
5 0.2525 0.11000000000000001 0.225 0.11000000000000001 0.225 0.125 0.2525 0.125 0.2525 0.11000000000000001
5 0.31124999999999997 0.10500000000000001 0.28375 0.10500000000000001 0.28375 0.12 0.31124999999999997 0.12 0.31124999999999997 0.10500000000000001
5 0.08875 0.0625 0.05625 0.0625 0.05625 0.0725 0.08875 0.0725 0.08875 0.0625
5 0.11875 0.05125 0.09125 0.05125 0.09125 0.061250000000000006 0.11875 0.061250000000000006 0.11875 0.05125
5 0.08875 0.017499999999999998 0.058750000000000004 0.017499999999999998 0.058750000000000004 0.03 0.08875 0.03 0.08875 0.017499999999999998
5 0.13625 0.01625 0.11125 0.01625 0.11125 0.026250000000000002 0.13625 0.026250000000000002 0.13625 0.01625
5 0.19624999999999998 0.01125 0.16625 0.01125 0.16625 0.021249999999999998 0.19624999999999998 0.021249999999999998 0.19624999999999998 0.01125
5 0.1975 0.03375 0.16999999999999998 0.03375 0.16999999999999998 0.041249999999999995 0.1975 0.041249999999999995 0.1975 0.03375
5 0.22749999999999998 0.01125 0.20249999999999999 0.01125 0.20249999999999999 0.021249999999999998 0.22749999999999998 0.021249999999999998 0.22749999999999998 0.01125
5 0.26 0.01 0.2325 0.01 0.2325 0.02 0.26 0.02 0.26 0.01
5 0.3375 0.00375 0.305 0.00375 0.305 0.013750000000000002 0.3375 0.013750000000000002 0.3375 0.00375
5 0.37124999999999997 0.00125 0.34125 0.00125 0.34125 0.01125 0.37124999999999997 0.01125 0.37124999999999997 0.00125
5 0.29625 0.05125 0.26625 0.05125 0.26625 0.06375 0.29625 0.06375 0.29625 0.05125
5 0.32375 0.08375 0.28375 0.08375 0.28375 0.09625 0.32375 0.09625 0.32375 0.08375
5 0.35 0.09125 0.32 0.09125 0.32 0.10124999999999999 0.35 0.10124999999999999 0.35 0.09125
5 0.355 0.1025 0.32 0.1025 0.32 0.11499999999999999 0.355 0.11499999999999999 0.355 0.1025
5 0.32 0.06875 0.2875 0.06875 0.2875 0.08125 0.32 0.08125 0.32 0.06875
5 0.36124999999999996 0.04625 0.33375 0.04625 0.33375 0.05625 0.36124999999999996 0.05625 0.36124999999999996 0.04625
5 0.26875 0.03125 0.23875000000000002 0.03125 0.23875000000000002 0.041249999999999995 0.26875 0.041249999999999995 0.26875 0.03125
5 0.37374999999999997 0.0325 0.33875 0.0325 0.33875 0.042499999999999996 0.37374999999999997 0.042499999999999996 0.37374999999999997 0.0325
5 0.445 0.04 0.41500000000000004 0.04 0.41500000000000004 0.05 0.445 0.05 0.445 0.04
5 0.39125 0.061250000000000006 0.35375 0.061250000000000006 0.35375 0.07875 0.39125 0.07875 0.39125 0.061250000000000006
5 0.40625 0 0.40625 0.015 0.45375 0.015 0.45375 0 0.40625 0
5 0.45625 0.0625 0.43125 0.0625 0.43125 0.0725 0.45625 0.0725 0.45625 0.0625
5 0.42625 0.0725 0.39875 0.0725 0.39875 0.08499999999999999 0.42625 0.08499999999999999 0.42625 0.0725
5 0.40875000000000006 0.08625000000000001 0.37875000000000003 0.08625000000000001 0.37875000000000003 0.09875 0.40875000000000006 0.09875 0.40875000000000006 0.08625000000000001
5 0.45 0.08375 0.4225 0.08375 0.4225 0.09625 0.45 0.09625 0.45 0.08375
5 0.47750000000000004 0.06999999999999999 0.44749999999999995 0.06999999999999999 0.44749999999999995 0.08249999999999999 0.47750000000000004 0.08249999999999999 0.47750000000000004 0.06999999999999999
5 0.49375 0.08249999999999999 0.46875 0.08249999999999999 0.46875 0.0925 0.49375 0.0925 0.49375 0.08249999999999999
5 0.52 0.08875 0.49000000000000005 0.08875 0.49000000000000005 0.10375000000000001 0.52 0.10375000000000001 0.52 0.08875
5 0.55 0.017499999999999998 0.5175 0.017499999999999998 0.5175 0.027500000000000004 0.55 0.027500000000000004 0.55 0.017499999999999998
5 0.53625 0.03125 0.5037499999999999 0.03125 0.5037499999999999 0.04375 0.53625 0.04375 0.53625 0.03125
5 0.52125 0.0625 0.49375 0.0625 0.49375 0.075 0.52125 0.075 0.52125 0.0625
5 0.53625 0.07625 0.50625 0.07625 0.50625 0.08625000000000001 0.53625 0.08625000000000001 0.53625 0.07625
5 0.585 0.04875 0.5575 0.04875 0.5575 0.058750000000000004 0.585 0.058750000000000004 0.585 0.04875
5 0.85 0.03375 0.8175000000000001 0.03375 0.8175000000000001 0.04375 0.85 0.04375 0.85 0.03375
5 0.75 0.01875 0.7224999999999999 0.01875 0.7224999999999999 0.03125 0.75 0.03125 0.75 0.01875
5 0.57625 0.08625000000000001 0.55125 0.08625000000000001 0.55125 0.09875 0.57625 0.09875 0.57625 0.08625000000000001
5 0.6537499999999999 0.05625 0.62375 0.05625 0.62375 0.06875 0.6537499999999999 0.06875 0.6537499999999999 0.05625
5 0.75 0.04 0.72 0.04 0.72 0.05 0.75 0.05 0.75 0.04
5 0.7424999999999999 0.05125 0.7150000000000001 0.05125 0.7150000000000001 0.061250000000000006 0.7424999999999999 0.061250000000000006 0.7424999999999999 0.05125
5 0.73875 0.0625 0.70875 0.0625 0.70875 0.0725 0.73875 0.0725 0.73875 0.0625
5 0.62 0.07125000000000001 0.5925 0.07125000000000001 0.5925 0.08125 0.62 0.08125 0.62 0.07125000000000001
5 0.58375 0.07375000000000001 0.55125 0.07375000000000001 0.55125 0.08625000000000001 0.58375 0.08625000000000001 0.58375 0.07375000000000001
5 0.5575 0.06375 0.5275000000000001 0.06375 0.5275000000000001 0.07625 0.5575 0.07625 0.5575 0.06375
5 0.5525 0.052500000000000005 0.5225 0.052500000000000005 0.5225 0.065 0.5525 0.065 0.5525 0.052500000000000005
5 0.6025 0.0625 0.5725 0.0625 0.5725 0.0725 0.6025 0.0725 0.6025 0.0625
5 0.62625 0.04875 0.59875 0.04875 0.59875 0.058750000000000004 0.62625 0.058750000000000004 0.62625 0.04875
5 0.62375 0.08125 0.59875 0.08125 0.59875 0.09375 0.62375 0.09375 0.62375 0.08125
5 0.7 0.07875 0.67 0.07875 0.67 0.08875 0.7 0.08875 0.7 0.07875
5 0.6849999999999999 0.06625 0.6599999999999999 0.06625 0.6599999999999999 0.07625 0.6849999999999999 0.07625 0.6849999999999999 0.06625
5 0.6912499999999999 0.052500000000000005 0.6637500000000001 0.052500000000000005 0.6637500000000001 0.0625 0.6912499999999999 0.0625 0.6912499999999999 0.052500000000000005
5 0.6950000000000001 0.01 0.6675 0.01 0.6675 0.025 0.6950000000000001 0.025 0.6950000000000001 0.01
5 0.7875 0.058750000000000004 0.76 0.058750000000000004 0.76 0.06875 0.7875 0.06875 0.7875 0.058750000000000004
5 0.8 0.03625 0.77 0.03625 0.77 0.04625 0.8 0.04625 0.8 0.03625
5 0.77 0.06999999999999999 0.745 0.06999999999999999 0.745 0.08249999999999999 0.77 0.08249999999999999 0.77 0.06999999999999999
5 0.8724999999999999 0.07625 0.8474999999999999 0.07625 0.8474999999999999 0.08375 0.8724999999999999 0.08375 0.8724999999999999 0.07625
5 0.8525 0.04875 0.835 0.04875 0.835 0.05625 0.8525 0.05625 0.8525 0.04875
5 0.83125 0.05500000000000001 0.8012499999999999 0.05500000000000001 0.8012499999999999 0.0675 0.83125 0.0675 0.83125 0.05500000000000001
5 0.8300000000000001 0.06875 0.795 0.06875 0.795 0.08125 0.8300000000000001 0.08125 0.8300000000000001 0.06875
5 0.9037499999999999 0.052500000000000005 0.8787499999999999 0.052500000000000005 0.8787499999999999 0.0625 0.9037499999999999 0.0625 0.9037499999999999 0.052500000000000005
5 0.91875 0.026250000000000002 0.89375 0.026250000000000002 0.89375 0.03875 0.91875 0.03875 0.91875 0.026250000000000002
5 0.94625 0.042499999999999996 0.91625 0.042499999999999996 0.91625 0.052500000000000005 0.94625 0.052500000000000005 0.94625 0.042499999999999996
5 0.98375 0.058750000000000004 0.9412499999999999 0.058750000000000004 0.9412499999999999 0.07125000000000001 0.98375 0.07125000000000001 0.98375 0.058750000000000004
5 0.9337500000000001 0.07375000000000001 0.9087500000000001 0.07375000000000001 0.9087500000000001 0.08375 0.9337500000000001 0.08375 0.9337500000000001 0.07375000000000001
5 0.8025 0.04625 0.76 0.04625 0.76 0.058750000000000004 0.8025 0.058750000000000004 0.8025 0.04625
5 0.9737500000000001 0.025 0.9412499999999999 0.025 0.9412499999999999 0.034999999999999996 0.9737500000000001 0.034999999999999996 0.9737500000000001 0.025
5 0.68625 0.042499999999999996 0.65625 0.042499999999999996 0.65625 0.052500000000000005 0.68625 0.052500000000000005 0.68625 0.042499999999999996
5 0.46375 0.095 0.43375 0.095 0.43375 0.1075 0.46375 0.1075 0.46375 0.095
5 0.41624999999999995 0.09625 0.38875000000000004 0.09625 0.38875000000000004 0.10625 0.41624999999999995 0.10625 0.41624999999999995 0.09625