5 0 0.19875 0.00625 0.19875 0.00625 0.18125 0 0.18125 0 0.19875
5 0 0.2375 0.008749999999999999 0.2375 0.008749999999999999 0.2225 0 0.2225 0 0.2375
5 0.10124999999999999 0.16499999999999998 0.07625 0.16499999999999998 0.07625 0.185 0.10124999999999999 0.185 0.10124999999999999 0.16499999999999998
5 0.135 0.40374999999999994 0.125 0.40374999999999994 0.125 0.42125 0.135 0.42125 0.135 0.40374999999999994
5 0.13125 0.14125000000000001 0.11875 0.14125000000000001 0.11875 0.16125 0.13125 0.16125 0.13125 0.14125000000000001
5 0.12875 0.215 0.11625 0.215 0.11625 0.23500000000000001 0.12875 0.23500000000000001 0.12875 0.215
5 0.27 0 0.27 0.0075 0.3 0.0075 0.3 0 0.27 0
5 0.375 0.1075 0.3625 0.1075 0.3625 0.125 0.375 0.125 0.375 0.1075
5 0.3875 0.1075 0.375 0.1075 0.375 0.125 0.3875 0.125 0.3875 0.1075
5 0.40374999999999994 0.08499999999999999 0.39125 0.08499999999999999 0.39125 0.1075 0.40374999999999994 0.1075 0.40374999999999994 0.08499999999999999
5 0.375 0.045 0.3625 0.045 0.3625 0.0625 0.375 0.0625 0.375 0.045
5 0.43 0.04875 0.42000000000000004 0.04875 0.42000000000000004 0.06625 0.43 0.06625 0.43 0.04875
5 0.45125000000000004 0.08875 0.43875000000000003 0.08875 0.43875000000000003 0.10874999999999999 0.45125000000000004 0.10874999999999999 0.45125000000000004 0.08875
5 0.46749999999999997 0.10874999999999999 0.4575 0.10874999999999999 0.4575 0.12875 0.46749999999999997 0.12875 0.46749999999999997 0.10874999999999999
5 0.42125 0.1075 0.40625 0.1075 0.40625 0.1275 0.42125 0.1275 0.42125 0.1075
5 0.4375 0.0925 0.4225 0.0925 0.4225 0.11000000000000001 0.4375 0.11000000000000001 0.4375 0.0925
5 0.43624999999999997 0.10625 0.42625 0.10625 0.42625 0.12375 0.43624999999999997 0.12375 0.43624999999999997 0.10625
5 0.45125000000000004 0.1075 0.44125 0.1075 0.44125 0.13 0.45125000000000004 0.13 0.45125000000000004 0.1075
5 0.30625 0.13125 0.28625 0.13125 0.28625 0.14375 0.30625 0.14375 0.30625 0.13125
5 0.38875000000000004 0.15875 0.37374999999999997 0.15875 0.37374999999999997 0.17875000000000002 0.38875000000000004 0.17875000000000002 0.38875000000000004 0.15875
5 0.3375 0.15875 0.3225 0.15875 0.3225 0.18125 0.3375 0.18125 0.3375 0.15875
5 0.42125 0.15625 0.40875000000000006 0.15625 0.40875000000000006 0.18125 0.42125 0.18125 0.42125 0.15625
5 0.51625 0.23125 0.47874999999999995 0.23125 0.47874999999999995 0.24125000000000002 0.51625 0.24125000000000002 0.51625 0.23125
5 0.52 0.26 0.4725 0.26 0.4725 0.275 0.52 0.275 0.52 0.26
5 0.51875 0.30625 0.48624999999999996 0.30625 0.48624999999999996 0.32125 0.51875 0.32125 0.51875 0.30625
5 0.64 0.3125 0.605 0.3125 0.605 0.325 0.64 0.325 0.64 0.3125
5 0.53 0.41 0.475 0.41 0.475 0.4225 0.53 0.4225 0.53 0.41
5 0.6224999999999999 0.36 0.595 0.36 0.595 0.3725 0.6224999999999999 0.3725 0.6224999999999999 0.36
5 0.6212500000000001 0.37124999999999997 0.59375 0.37124999999999997 0.59375 0.38125 0.6212500000000001 0.38125 0.6212500000000001 0.37124999999999997
5 0.6799999999999999 0.53 0.645 0.53 0.645 0.545 0.6799999999999999 0.545 0.6799999999999999 0.53
5 0.7462500000000001 0.5287499999999999 0.7262500000000001 0.5287499999999999 0.7262500000000001 0.54375 0.7462500000000001 0.54375 0.7462500000000001 0.5287499999999999
5 0.71 0 0.71 0.015 0.7224999999999999 0.015 0.7224999999999999 0 0.71 0
5 0.8724999999999999 0.0025 0.8625 0.0025 0.8625 0.025 0.8724999999999999 0.025 0.8724999999999999 0.0025
5 0.8462500000000001 0 0.8462500000000001 0.0225 0.85875 0.0225 0.85875 0 0.8462500000000001 0
5 0.78125 0.00125 0.76625 0.00125 0.76625 0.01625 0.78125 0.01625 0.78125 0.00125
5 0.83125 0 0.83125 0.02 0.8462500000000001 0.02 0.8462500000000001 0 0.83125 0
5 0.9650000000000001 0.00375 0.9550000000000001 0.00375 0.9550000000000001 0.02375 0.9650000000000001 0.02375 0.9650000000000001 0.00375
5 0.76 0.05500000000000001 0.7474999999999999 0.05500000000000001 0.7474999999999999 0.0775 0.76 0.0775 0.76 0.05500000000000001
5 0.78 0.057499999999999996 0.7675 0.057499999999999996 0.7675 0.075 0.78 0.075 0.78 0.057499999999999996
5 0.79625 0.058750000000000004 0.78125 0.058750000000000004 0.78125 0.07875 0.79625 0.07875 0.79625 0.058750000000000004
5 0.81375 0.057499999999999996 0.79875 0.057499999999999996 0.79875 0.075 0.81375 0.075 0.81375 0.057499999999999996
5 0.91625 0.061250000000000006 0.9012499999999999 0.061250000000000006 0.9012499999999999 0.08125 0.91625 0.08125 0.91625 0.061250000000000006
5 0.29125 0.6725 0.28125 0.6725 0.28125 0.6925 0.29125 0.6925 0.29125 0.6725
5 0.30874999999999997 0.67375 0.29874999999999996 0.67375 0.29874999999999996 0.68875 0.30874999999999997 0.68875 0.30874999999999997 0.67375
5 0.12375 0.8425 0.11125 0.8425 0.11125 0.8625 0.12375 0.8625 0.12375 0.8425
5 0.175 0.9337500000000001 0.16499999999999998 0.9337500000000001 0.16499999999999998 0.95875 0.175 0.95875 0.175 0.9337500000000001
5 0.12875 0.9650000000000001 0.11625 0.9650000000000001 0.11625 0.985 0.12875 0.985 0.12875 0.9650000000000001
5 0.1125 0.9275 0.1 0.9275 0.1 0.945 0.1125 0.945 0.1125 0.9275
5 0.1525 0.9099999999999999 0.135 0.9099999999999999 0.135 0.9425000000000001 0.1525 0.9425000000000001 0.1525 0.9099999999999999
5 0.5549999999999999 0.013750000000000002 0.5225 0.013750000000000002 0.5225 0.021249999999999998 0.5549999999999999 0.021249999999999998 0.5549999999999999 0.013750000000000002
5 0.095 0.9225 0.08249999999999999 0.9225 0.08249999999999999 0.9400000000000001 0.095 0.9400000000000001 0.095 0.9225
5 0.095 0.9075 0.08499999999999999 0.9075 0.08499999999999999 0.9199999999999999 0.095 0.9199999999999999 0.095 0.9075