5 0.15375 0.29 0.10874999999999999 0.29 0.10874999999999999 0.305 0.15375 0.305 0.15375 0.29
5 0.145 0.355 0.12 0.355 0.12 0.3675 0.145 0.3675 0.145 0.355
5 0.57125 0.31625000000000003 0.47125000000000006 0.31625000000000003 0.47125000000000006 0.33875 0.57125 0.33875 0.57125 0.31625000000000003
5 0.3375 0.35625 0.29 0.35625 0.29 0.37374999999999997 0.3375 0.37374999999999997 0.3375 0.35625
5 0.22749999999999998 0.2975 0.1975 0.2975 0.1975 0.31 0.22749999999999998 0.31 0.22749999999999998 0.2975
5 0.34125 0.29625 0.31625000000000003 0.29625 0.31625000000000003 0.31124999999999997 0.34125 0.31124999999999997 0.34125 0.29625
5 0.24125000000000002 0.33875 0.18875 0.33875 0.18875 0.35875 0.24125000000000002 0.35875 0.24125000000000002 0.33875
5 0.21749999999999997 0.35625 0.17250000000000001 0.35625 0.17250000000000001 0.37374999999999997 0.21749999999999997 0.37374999999999997 0.21749999999999997 0.35625
5 0.78625 0.30125 0.75625 0.30125 0.75625 0.31625000000000003 0.78625 0.31625000000000003 0.78625 0.30125
5 0.9199999999999999 0.28125 0.8949999999999999 0.28125 0.8949999999999999 0.29125 0.9199999999999999 0.29125 0.9199999999999999 0.28125
5 0.64 0.26749999999999996 0.615 0.26749999999999996 0.615 0.27749999999999997 0.64 0.27749999999999997 0.64 0.26749999999999996
5 0.39 0.36625 0.355 0.36625 0.355 0.37875000000000003 0.39 0.37875000000000003 0.39 0.36625
5 0.55 0.2475 0.5125 0.2475 0.5125 0.2575 0.55 0.2575 0.55 0.2475
5 0.43499999999999994 0.255 0.40499999999999997 0.255 0.40499999999999997 0.26749999999999996 0.43499999999999994 0.26749999999999996 0.43499999999999994 0.255
5 0.425 0.27 0.39 0.27 0.39 0.27749999999999997 0.425 0.27749999999999997 0.425 0.27
5 0.40625 0.28375 0.37374999999999997 0.28375 0.37374999999999997 0.29375 0.40625 0.29375 0.40625 0.28375
5 0.5974999999999999 0.28250000000000003 0.5700000000000001 0.28250000000000003 0.5700000000000001 0.2925 0.5974999999999999 0.2925 0.5974999999999999 0.28250000000000003
5 0.945 0.29625 0.9 0.29625 0.9 0.31375000000000003 0.945 0.31375000000000003 0.945 0.29625
5 1 0.31375000000000003 0.975 0.31375000000000003 0.975 0.32875 1 0.32875 1 0.31375000000000003
5 1 0.28500000000000003 0.9712500000000001 0.28500000000000003 0.9712500000000001 0.3 1 0.3 1 0.28500000000000003
5 0.24874999999999997 0.09875 0.23125 0.09875 0.23125 0.11625 0.24874999999999997 0.11625 0.24874999999999997 0.09875