5 0.41500000000000004 0.03875 0.4 0.03875 0.4 0.05375 0.41500000000000004 0.05375 0.41500000000000004 0.03875
5 0.37374999999999997 0.3975 0.35875 0.3975 0.35875 0.41500000000000004 0.37374999999999997 0.41500000000000004 0.37374999999999997 0.3975
5 0.40125 0.44000000000000006 0.38375 0.44000000000000006 0.38375 0.4575 0.40125 0.4575 0.40125 0.44000000000000006
5 0.3525 0.5549999999999999 0.3225 0.5549999999999999 0.3225 0.5650000000000001 0.3525 0.5650000000000001 0.3525 0.5549999999999999
5 0.2 0.02 0.1675 0.02 0.1675 0.03 0.2 0.03 0.2 0.02
5 0.22000000000000003 0.0375 0.1875 0.0375 0.1875 0.052500000000000005 0.22000000000000003 0.052500000000000005 0.22000000000000003 0.0375
5 0.1 0.05 0.0675 0.05 0.0675 0.0625 0.1 0.0625 0.1 0.05
5 0 0.06625 0.02 0.06625 0.02 0.05625 0 0.05625 0 0.06625
5 0.4 0.8949999999999999 0.3625 0.8949999999999999 0.3625 0.905 0.4 0.905 0.4 0.8949999999999999
5 0.18 0.9550000000000001 0.155 0.9550000000000001 0.155 0.9675 0.18 0.9675 0.18 0.9550000000000001
5 0.2325 0.97 0.2 0.97 0.2 0.9925 0.2325 0.9925 0.2325 0.97
5 0.56125 0.6025 0.54125 0.6025 0.54125 0.6275000000000001 0.56125 0.6275000000000001 0.56125 0.6025
5 0.51875 0.4525 0.5037499999999999 0.4525 0.5037499999999999 0.4725 0.51875 0.4725 0.51875 0.4525
5 0.50875 0.42374999999999996 0.49124999999999996 0.42374999999999996 0.49124999999999996 0.45125000000000004 0.50875 0.45125000000000004 0.50875 0.42374999999999996
5 0.5387500000000001 0.37875000000000003 0.51875 0.37875000000000003 0.51875 0.40125 0.5387500000000001 0.40125 0.5387500000000001 0.37875000000000003
5 0.5325 0.36625 0.505 0.36625 0.505 0.37625000000000003 0.5325 0.37625000000000003 0.5325 0.36625
5 0.50125 0.25 0.48375 0.25 0.48375 0.27 0.50125 0.27 0.50125 0.25
5 0.49375 0.22875 0.47874999999999995 0.22875 0.47874999999999995 0.24625 0.49375 0.24625 0.49375 0.22875
5 0.44375 0.18625 0.42625 0.18625 0.42625 0.20875 0.44375 0.20875 0.44375 0.18625
5 0.44875 0.20875 0.43125 0.20875 0.43125 0.23125 0.44875 0.23125 0.44875 0.20875
5 0.45999999999999996 0.23374999999999999 0.4375 0.23374999999999999 0.4375 0.25875 0.45999999999999996 0.25875 0.45999999999999996 0.23374999999999999
5 0.25625 0.20125 0.22125 0.20125 0.22125 0.21125 0.25625 0.21125 0.25625 0.20125
5 0.33125 0.16375 0.31124999999999997 0.16375 0.31124999999999997 0.18625 0.33125 0.18625 0.33125 0.16375
5 0.44625000000000004 0.0925 0.42125 0.0925 0.42125 0.135 0.44625000000000004 0.135 0.44625000000000004 0.0925
5 0.35125 0.2975 0.32375 0.2975 0.32375 0.3275 0.35125 0.3275 0.35125 0.2975