5 0.21375000000000002 0.145 0.19125 0.145 0.19125 0.1625 0.21375000000000002 0.1625 0.21375000000000002 0.145
5 0.2425 0.1525 0.22000000000000003 0.1525 0.22000000000000003 0.1675 0.2425 0.1675 0.2425 0.1525
5 0.26749999999999996 0.16499999999999998 0.2425 0.16499999999999998 0.2425 0.1775 0.26749999999999996 0.1775 0.26749999999999996 0.16499999999999998
5 0.28250000000000003 0.17250000000000001 0.26 0.17250000000000001 0.26 0.1875 0.28250000000000003 0.1875 0.28250000000000003 0.17250000000000001
5 0.2975 0.1775 0.2725 0.1775 0.2725 0.1875 0.2975 0.1875 0.2975 0.1775
5 0.33999999999999997 0.19375 0.32 0.19375 0.32 0.20875 0.33999999999999997 0.20875 0.33999999999999997 0.19375
5 0.3525 0.19875 0.3375 0.19875 0.3375 0.21125 0.3525 0.21125 0.3525 0.19875
5 0.36875 0.205 0.34375 0.205 0.34375 0.21749999999999997 0.36875 0.21749999999999997 0.36875 0.205
5 0.37 0.21625 0.33999999999999997 0.21625 0.33999999999999997 0.23125 0.37 0.23125 0.37 0.21625
5 0.19875 0.17250000000000001 0.17375000000000002 0.17250000000000001 0.17375000000000002 0.19 0.19875 0.19 0.19875 0.17250000000000001
5 0.22749999999999998 0.1825 0.2 0.1825 0.2 0.2 0.22749999999999998 0.2 0.22749999999999998 0.1825
5 0.25625 0.1975 0.22625 0.1975 0.22625 0.2125 0.25625 0.2125 0.25625 0.1975
5 0.315 0.22625 0.2925 0.22625 0.2925 0.24625 0.315 0.24625 0.315 0.22625
5 0.32875 0.22999999999999998 0.30375 0.22999999999999998 0.30375 0.2525 0.32875 0.2525 0.32875 0.22999999999999998
5 0.34249999999999997 0.23500000000000001 0.315 0.23500000000000001 0.315 0.255 0.34249999999999997 0.255 0.34249999999999997 0.23500000000000001
5 0.355 0.24125000000000002 0.32999999999999996 0.24125000000000002 0.32999999999999996 0.26125 0.355 0.26125 0.355 0.24125000000000002
5 0.36625 0.24125000000000002 0.34625 0.24125000000000002 0.34625 0.26125 0.36625 0.26125 0.36625 0.24125000000000002
5 0.25375000000000003 0.23625 0.23125 0.23625 0.23125 0.24874999999999997 0.25375000000000003 0.24874999999999997 0.25375000000000003 0.23625
5 0.26625 0.21375000000000002 0.23125 0.21375000000000002 0.23125 0.22625 0.26625 0.22625 0.26625 0.21375000000000002
5 0.24125000000000002 0.24375 0.22125 0.24375 0.22125 0.25625 0.24125000000000002 0.25625 0.24125000000000002 0.24375
5 0.24 0.25625 0.21000000000000002 0.25625 0.21000000000000002 0.26875 0.24 0.26875 0.24 0.25625
5 0.2575 0.2925 0.23500000000000001 0.2925 0.23500000000000001 0.31 0.2575 0.31 0.2575 0.2925
5 0.30125 0.27999999999999997 0.26875 0.27999999999999997 0.26875 0.2925 0.30125 0.2925 0.30125 0.27999999999999997
5 0.34625 0.275 0.32125 0.275 0.32125 0.2875 0.34625 0.2875 0.34625 0.275
5 0.39375 0.27999999999999997 0.37124999999999997 0.27999999999999997 0.37124999999999997 0.29 0.39375 0.29 0.39375 0.27999999999999997
5 0.19875 0.2925 0.17375000000000002 0.2925 0.17375000000000002 0.305 0.19875 0.305 0.19875 0.2925
5 0.28875 0.305 0.25875 0.305 0.25875 0.3225 0.28875 0.3225 0.28875 0.305
5 0.20249999999999999 0.315 0.1775 0.315 0.1775 0.3325 0.20249999999999999 0.3325 0.20249999999999999 0.315
5 0.24874999999999997 0.3275 0.22125 0.3275 0.22125 0.34249999999999997 0.24874999999999997 0.34249999999999997 0.24874999999999997 0.3275
5 0.18375 0.34500000000000003 0.16875 0.34500000000000003 0.16875 0.3625 0.18375 0.3625 0.18375 0.34500000000000003
5 0.28625 0.32999999999999996 0.26125 0.32999999999999996 0.26125 0.34249999999999997 0.28625 0.34249999999999997 0.28625 0.32999999999999996
5 0.42374999999999996 0.22875 0.36625 0.22875 0.36625 0.27375 0.42374999999999996 0.27375 0.42374999999999996 0.22875
5 0.46125 0.30874999999999997 0.44125 0.30874999999999997 0.44125 0.32375 0.46125 0.32375 0.46125 0.30874999999999997
5 0.4725 0.32 0.44749999999999995 0.32 0.44749999999999995 0.3375 0.4725 0.3375 0.4725 0.32
5 0.49625 0.3225 0.48125 0.3225 0.48125 0.34249999999999997 0.49625 0.34249999999999997 0.49625 0.3225
5 0.53125 0.3375 0.51375 0.3375 0.51375 0.35 0.53125 0.35 0.53125 0.3375
5 0.5825 0.355 0.5599999999999999 0.355 0.5599999999999999 0.3675 0.5825 0.3675 0.5825 0.355
5 0.5925 0.35875 0.5725 0.35875 0.5725 0.37374999999999997 0.5925 0.37374999999999997 0.5925 0.35875
5 0.6174999999999999 0.37 0.6 0.37 0.6 0.3825 0.6174999999999999 0.3825 0.6174999999999999 0.37
5 0.63 0.37374999999999997 0.6125 0.37374999999999997 0.6125 0.38875000000000004 0.63 0.38875000000000004 0.63 0.37374999999999997
5 0.6475 0.38 0.625 0.38 0.625 0.395 0.6475 0.395 0.6475 0.38
5 0.6575 0.3875 0.64 0.3875 0.64 0.4 0.6575 0.4 0.6575 0.3875
5 0.6725 0.39125 0.655 0.39125 0.655 0.40374999999999994 0.6725 0.40374999999999994 0.6725 0.39125
5 0.6975 0.40125 0.6799999999999999 0.40125 0.6799999999999999 0.41624999999999995 0.6975 0.41624999999999995 0.6975 0.40125
5 0.7150000000000001 0.40875000000000006 0.6950000000000001 0.40875000000000006 0.6950000000000001 0.42125 0.7150000000000001 0.42125 0.7150000000000001 0.40875000000000006
5 0.58125 0.3875 0.55375 0.3875 0.55375 0.4025 0.58125 0.4025 0.58125 0.3875
5 0.5037499999999999 0.6799999999999999 0.47874999999999995 0.6799999999999999 0.47874999999999995 0.6925 0.5037499999999999 0.6925 0.5037499999999999 0.6799999999999999
5 0.51375 0.69375 0.48375 0.69375 0.48375 0.70625 0.51375 0.70625 0.51375 0.69375
5 0.5275000000000001 0.7075 0.5 0.7075 0.5 0.7224999999999999 0.5275000000000001 0.7224999999999999 0.5275000000000001 0.7075
5 0.41624999999999995 0.9349999999999999 0.38625 0.9349999999999999 0.38625 0.945 0.41624999999999995 0.945 0.41624999999999995 0.9349999999999999
5 0.72875 0 0.72875 0.015 0.75875 0.015 0.75875 0 0.72875 0
5 0.19 0 0.19 0.008749999999999999 0.2225 0.008749999999999999 0.2225 0 0.19 0
5 0.37 0 0.37 0.0125 0.3875 0.0125 0.3875 0 0.37 0
5 0.39125 0 0.39125 0.0225 0.40875000000000006 0.0225 0.40875000000000006 0 0.39125 0
5 0.42874999999999996 0.008749999999999999 0.40875000000000006 0.008749999999999999 0.40875000000000006 0.03125 0.42874999999999996 0.03125 0.42874999999999996 0.008749999999999999
5 0.4425 0.015 0.42750000000000005 0.015 0.42750000000000005 0.0325 0.4425 0.0325 0.4425 0.015
5 0.46375 0.025 0.44875 0.025 0.44875 0.04 0.46375 0.04 0.46375 0.025
5 0.48 0.03125 0.465 0.03125 0.465 0.05125 0.48 0.05125 0.48 0.03125
5 0.49749999999999994 0.03625 0.485 0.03625 0.485 0.05375 0.49749999999999994 0.05375 0.49749999999999994 0.03625
5 0.52125 0.04375 0.49874999999999997 0.04375 0.49874999999999997 0.06625 0.52125 0.06625 0.52125 0.04375
5 0.5375 0.05 0.5175 0.05 0.5175 0.0675 0.5375 0.0675 0.5375 0.05
5 0.56125 0.05500000000000001 0.54125 0.05500000000000001 0.54125 0.075 0.56125 0.075 0.56125 0.05500000000000001
5 0.47125000000000006 0.057499999999999996 0.44375 0.057499999999999996 0.44375 0.0775 0.47125000000000006 0.0775 0.47125000000000006 0.057499999999999996
5 0.62 0.0625 0.5974999999999999 0.0625 0.5974999999999999 0.0775 0.62 0.0775 0.62 0.0625
5 0.3175 0.0375 0.2875 0.0375 0.2875 0.05 0.3175 0.05 0.3175 0.0375
5 0.34375 0.0475 0.31875 0.0475 0.31875 0.057499999999999996 0.34375 0.057499999999999996 0.34375 0.0475
5 0.3725 0.05625 0.34500000000000003 0.05625 0.34500000000000003 0.07125000000000001 0.3725 0.07125000000000001 0.3725 0.05625
5 0.40499999999999997 0.0675 0.375 0.0675 0.375 0.08249999999999999 0.40499999999999997 0.08249999999999999 0.40499999999999997 0.0675
5 0.42625 0.07625 0.40125 0.07625 0.40125 0.08875 0.42625 0.08875 0.42625 0.07625
5 0.45625 0.08625000000000001 0.42625 0.08625000000000001 0.42625 0.10124999999999999 0.45625 0.10124999999999999 0.45625 0.08625000000000001
5 0.3025 0.06 0.2925 0.06 0.2925 0.0775 0.3025 0.0775 0.3025 0.06
5 0.32125 0.0675 0.30874999999999997 0.0675 0.30874999999999997 0.08499999999999999 0.32125 0.08499999999999999 0.32125 0.0675
5 0.33625 0.0725 0.32125 0.0725 0.32125 0.0925 0.33625 0.0925 0.33625 0.0725
5 0.35375 0.0775 0.33875 0.0775 0.33875 0.0975 0.35375 0.0975 0.35375 0.0775
5 0.37 0.08249999999999999 0.35750000000000004 0.08249999999999999 0.35750000000000004 0.10500000000000001 0.37 0.10500000000000001 0.37 0.08249999999999999
5 0.38375 0.09125 0.37124999999999997 0.09125 0.37124999999999997 0.11125 0.38375 0.11125 0.38375 0.09125
5 0.60875 0.1025 0.56375 0.1025 0.56375 0.125 0.60875 0.125 0.60875 0.1025
5 0.6575 0.0925 0.635 0.0925 0.635 0.10500000000000001 0.6575 0.10500000000000001 0.6575 0.0925
5 0.6775 0.05375 0.6525000000000001 0.05375 0.6525000000000001 0.06625 0.6775 0.06625 0.6775 0.05375
5 0.66125 0.06375 0.64125 0.06375 0.64125 0.07875 0.66125 0.07875 0.66125 0.06375
5 0.6725 0.06999999999999999 0.6525000000000001 0.06999999999999999 0.6525000000000001 0.08499999999999999 0.6725 0.08499999999999999 0.6725 0.06999999999999999
5 0.6825 0.07375000000000001 0.6625 0.07375000000000001 0.6625 0.09125 0.6825 0.09125 0.6825 0.07375000000000001
5 0.7025 0.061250000000000006 0.6799999999999999 0.061250000000000006 0.6799999999999999 0.07625 0.7025 0.07625 0.7025 0.061250000000000006
5 0.725 0.0675 0.7 0.0675 0.7 0.08249999999999999 0.725 0.08249999999999999 0.725 0.0675
5 0.6975 0.0775 0.6825 0.0775 0.6825 0.095 0.6975 0.095 0.6975 0.0775
5 0.71375 0.08125 0.69875 0.08125 0.69875 0.09875 0.71375 0.09875 0.71375 0.08125
5 0.67125 0.08375 0.64375 0.08375 0.64375 0.09875 0.67125 0.09875 0.67125 0.08375
5 0.7 0.0925 0.67 0.0925 0.67 0.1075 0.7 0.1075 0.7 0.0925
5 0.725 0.095 0.7025 0.095 0.7025 0.11750000000000001 0.725 0.11750000000000001 0.725 0.095
5 0.67375 0.1075 0.6487499999999999 0.1075 0.6487499999999999 0.125 0.67375 0.125 0.67375 0.1075
5 0.77125 0.11625 0.74875 0.11625 0.74875 0.13625 0.77125 0.13625 0.77125 0.11625
5 0.6950000000000001 0.13874999999999998 0.6625 0.13874999999999998 0.6625 0.15875 0.6950000000000001 0.15875 0.6950000000000001 0.13874999999999998
5 0.58125 0.1375 0.54875 0.1375 0.54875 0.1525 0.58125 0.1525 0.58125 0.1375
5 0.6025 0.14375 0.5725 0.14375 0.5725 0.16125 0.6025 0.16125 0.6025 0.14375
5 0.62625 0.155 0.59875 0.155 0.59875 0.16999999999999998 0.62625 0.16999999999999998 0.62625 0.155
5 0.745 0.16499999999999998 0.72 0.16499999999999998 0.72 0.18 0.745 0.18 0.745 0.16499999999999998
5 0.7887500000000001 0.15375 0.7537499999999999 0.15375 0.7537499999999999 0.17375000000000002 0.7887500000000001 0.17375000000000002 0.7887500000000001 0.15375
5 0.6849999999999999 0.1775 0.655 0.1775 0.655 0.1925 0.6849999999999999 0.1925 0.6849999999999999 0.1775
5 0.7150000000000001 0.19125 0.6875 0.19125 0.6875 0.20625 0.7150000000000001 0.20625 0.7150000000000001 0.19125
5 0.5962500000000001 0.15875 0.56875 0.15875 0.56875 0.17124999999999999 0.5962500000000001 0.17124999999999999 0.5962500000000001 0.15875
5 0.6224999999999999 0.1675 0.595 0.1675 0.595 0.1825 0.6224999999999999 0.1825 0.6224999999999999 0.1675
5 0.6637500000000001 0.1825 0.63875 0.1825 0.63875 0.1975 0.6637500000000001 0.1975 0.6637500000000001 0.1825
5 0.6950000000000001 0.195 0.665 0.195 0.665 0.21000000000000002 0.6950000000000001 0.21000000000000002 0.6950000000000001 0.195
5 0.72375 0.205 0.69625 0.205 0.69625 0.22000000000000003 0.72375 0.22000000000000003 0.72375 0.205
5 0.7474999999999999 0.20249999999999999 0.72 0.20249999999999999 0.72 0.21749999999999997 0.7474999999999999 0.21749999999999997 0.7474999999999999 0.20249999999999999
5 0.75125 0.21749999999999997 0.72375 0.21749999999999997 0.72375 0.22999999999999998 0.75125 0.22999999999999998 0.75125 0.21749999999999997
5 0.7825 0.21749999999999997 0.7525000000000001 0.21749999999999997 0.7525000000000001 0.23500000000000001 0.7825 0.23500000000000001 0.7825 0.21749999999999997
5 0.8074999999999999 0.22999999999999998 0.7825 0.22999999999999998 0.7825 0.2475 0.8074999999999999 0.2475 0.8074999999999999 0.22999999999999998
5 0.78625 0.23374999999999999 0.76375 0.23374999999999999 0.76375 0.24625 0.78625 0.24625 0.78625 0.23374999999999999
5 0.83625 0.24 0.8087500000000001 0.24 0.8087500000000001 0.255 0.83625 0.255 0.83625 0.24
5 0.82 0.24625 0.795 0.24625 0.795 0.25875 0.82 0.25875 0.82 0.24625
5 0.8800000000000001 0.2375 0.8375 0.2375 0.8375 0.26 0.8800000000000001 0.26 0.8800000000000001 0.2375
5 0.9349999999999999 0.19125 0.9075 0.19125 0.9075 0.20625 0.9349999999999999 0.20625 0.9349999999999999 0.19125
5 0.9075 0.20375000000000001 0.8825 0.20375000000000001 0.8825 0.22125 0.9075 0.22125 0.9075 0.20375000000000001
5 0.93625 0.21375000000000002 0.90625 0.21375000000000002 0.90625 0.23625 0.93625 0.23625 0.93625 0.21375000000000002
5 0.9712500000000001 0.22749999999999998 0.94375 0.22749999999999998 0.94375 0.24500000000000002 0.9712500000000001 0.24500000000000002 0.9712500000000001 0.22749999999999998
5 1 0.24125000000000002 0.97625 0.24125000000000002 0.97625 0.25875 1 0.25875 1 0.24125000000000002
5 0.99 0.21375000000000002 0.9625 0.21375000000000002 0.9625 0.23125 0.99 0.23125 0.99 0.21375000000000002
5 0.9625 0.2 0.9324999999999999 0.2 0.9324999999999999 0.22000000000000003 0.9625 0.22000000000000003 0.9625 0.2
5 0.8474999999999999 0.25875 0.8225 0.25875 0.8225 0.27125 0.8474999999999999 0.27125 0.8474999999999999 0.25875
5 0.865 0.255 0.8375 0.255 0.8375 0.27 0.865 0.27 0.865 0.255
5 0.89375 0.2625 0.86875 0.2625 0.86875 0.27749999999999997 0.89375 0.27749999999999997 0.89375 0.2625
5 0.875 0.27 0.8525 0.27 0.8525 0.28250000000000003 0.875 0.28250000000000003 0.875 0.27
5 0.91625 0.27749999999999997 0.89375 0.27749999999999997 0.89375 0.29 0.91625 0.29 0.91625 0.27749999999999997
5 0.9475 0.28875 0.9199999999999999 0.28875 0.9199999999999999 0.30125 0.9475 0.30125 0.9475 0.28875
5 0.9862500000000001 0.3 0.95375 0.3 0.95375 0.315 0.9862500000000001 0.315 0.9862500000000001 0.3
5 0.985 0.33875 0.9574999999999999 0.33875 0.9574999999999999 0.35375 0.985 0.35375 0.985 0.33875
5 0.9675 0.34875 0.9475 0.34875 0.9475 0.36124999999999996 0.9675 0.36124999999999996 0.9675 0.34875
5 0.8925000000000001 0.43 0.865 0.43 0.865 0.445 0.8925000000000001 0.445 0.8925000000000001 0.43
5 0.8550000000000001 0.46375 0.835 0.46375 0.835 0.47375 0.8550000000000001 0.47375 0.8550000000000001 0.46375
5 0.8787499999999999 0.1975 0.85875 0.1975 0.85875 0.21000000000000002 0.8787499999999999 0.21000000000000002 0.8787499999999999 0.1975
5 0.54 0.37 0.5075000000000001 0.37 0.5075000000000001 0.3875 0.54 0.3875 0.54 0.37
5 0.9112500000000001 0.0975 0.88375 0.0975 0.88375 0.12 0.9112500000000001 0.12 0.9112500000000001 0.0975
5 0.775 0.16125 0.745 0.16125 0.745 0.18125 0.775 0.18125 0.775 0.16125