3 0.8324999999999999 0.81375 0.7925 0.81375 0.7925 0.89375 0.8324999999999999 0.89375 0.8324999999999999 0.81375
5 0.11374999999999999 0.47750000000000004 0.05625 0.47750000000000004 0.05625 0.5075000000000001 0.11374999999999999 0.5075000000000001 0.11374999999999999 0.47750000000000004
5 0.1575 0.47000000000000003 0.10500000000000001 0.47000000000000003 0.10500000000000001 0.4925 0.1575 0.4925 0.1575 0.47000000000000003
5 0.1975 0.49625 0.16999999999999998 0.49625 0.16999999999999998 0.51875 0.1975 0.51875 0.1975 0.49625
5 0.41125 0.6425 0.38375 0.6425 0.38375 0.6575 0.41125 0.6575 0.41125 0.6425
5 0.54 0.59375 0.5275000000000001 0.59375 0.5275000000000001 0.61625 0.54 0.61625 0.54 0.59375
5 0.30625 0.31875 0.28875 0.31875 0.28875 0.33875 0.30625 0.33875 0.30625 0.31875
5 0.32125 0.3175 0.30874999999999997 0.3175 0.30874999999999997 0.3375 0.32125 0.3375 0.32125 0.3175
5 0.3525 0.31375000000000003 0.335 0.31375000000000003 0.335 0.33375 0.3525 0.33375 0.3525 0.31375000000000003
5 0.365 0.14250000000000002 0.35 0.14250000000000002 0.35 0.16499999999999998 0.365 0.16499999999999998 0.365 0.14250000000000002
5 0.38375 0.145 0.36875 0.145 0.36875 0.16499999999999998 0.38375 0.16499999999999998 0.38375 0.145
5 0.3325 0.135 0.3125 0.135 0.3125 0.1575 0.3325 0.1575 0.3325 0.135
5 0.3675 0.16625 0.35 0.16625 0.35 0.18875 0.3675 0.18875 0.3675 0.16625
5 0.365 0.18875 0.35 0.18875 0.35 0.20875 0.365 0.20875 0.365 0.18875
5 0.38125 0.19125 0.36625 0.19125 0.36625 0.21125 0.38125 0.21125 0.38125 0.19125
5 0.23625 0.1575 0.20375000000000001 0.1575 0.20375000000000001 0.17250000000000001 0.23625 0.17250000000000001 0.23625 0.1575
5 0.19624999999999998 0.0875 0.16625 0.0875 0.16625 0.1125 0.19624999999999998 0.1125 0.19624999999999998 0.0875
5 0.13625 0.10500000000000001 0.11374999999999999 0.10500000000000001 0.11374999999999999 0.12250000000000001 0.13625 0.12250000000000001 0.13625 0.10500000000000001
5 0.11625 0.12125 0.09125 0.12125 0.09125 0.14125000000000001 0.11625 0.14125000000000001 0.11625 0.12125
5 0.14875 0.1325 0.12125 0.1325 0.12125 0.155 0.14875 0.155 0.14875 0.1325
5 0.11499999999999999 0.15875 0.095 0.15875 0.095 0.17875000000000002 0.11499999999999999 0.17875000000000002 0.11499999999999999 0.15875
5 0.052500000000000005 0.18875 0.027500000000000004 0.18875 0.027500000000000004 0.20875 0.052500000000000005 0.20875 0.052500000000000005 0.18875
5 0.14125000000000001 0.06999999999999999 0.11125 0.06999999999999999 0.11125 0.08499999999999999 0.14125000000000001 0.08499999999999999 0.14125000000000001 0.06999999999999999
5 0.15625 0.05625 0.11875 0.05625 0.11875 0.06875 0.15625 0.06875 0.15625 0.05625
5 0.1525 0.05 0.1275 0.05 0.1275 0.0625 0.1525 0.0625 0.1525 0.05
5 0.16499999999999998 0.041249999999999995 0.1375 0.041249999999999995 0.1375 0.05625 0.16499999999999998 0.05625 0.16499999999999998 0.041249999999999995
5 0.16875 0.0325 0.13874999999999998 0.0325 0.13874999999999998 0.045 0.16875 0.045 0.16875 0.0325
5 0.17875000000000002 0.025 0.14875 0.025 0.14875 0.0375 0.17875000000000002 0.0375 0.17875000000000002 0.025
5 0.1825 0.01 0.155 0.01 0.155 0.0225 0.1825 0.0225 0.1825 0.01
5 0.23500000000000001 0.0325 0.21000000000000002 0.0325 0.21000000000000002 0.045 0.23500000000000001 0.045 0.23500000000000001 0.0325
5 0.22374999999999998 0.04875 0.19875 0.04875 0.19875 0.06375 0.22374999999999998 0.06375 0.22374999999999998 0.04875
5 0.14625 0.0125 0.11125 0.0125 0.11125 0.042499999999999996 0.14625 0.042499999999999996 0.14625 0.0125
3 0.945 1 0.945 0.97875 0.8 0.97875 0.8 1 0.945 1
5 0.37625000000000003 1 0.37625000000000003 0.98125 0.35625 0.98125 0.35625 1 0.37625000000000003 1
5 0.51375 0.8550000000000001 0.48375 0.8550000000000001 0.48375 0.8675 0.51375 0.8675 0.51375 0.8550000000000001
5 0.70125 0.9087500000000001 0.68625 0.9087500000000001 0.68625 0.92875 0.70125 0.92875 0.70125 0.9087500000000001
5 0.7212500000000001 0.9087500000000001 0.70625 0.9087500000000001 0.70625 0.92875 0.7212500000000001 0.92875 0.7212500000000001 0.9087500000000001
5 0.83625 0.9025000000000001 0.81375 0.9025000000000001 0.81375 0.93 0.83625 0.93 0.83625 0.9025000000000001
3 0.79875 0.8724999999999999 0.7837500000000001 0.8724999999999999 0.7837500000000001 0.925 0.79875 0.925 0.79875 0.8724999999999999
5 0.37124999999999997 0.58125 0.33125 0.58125 0.33125 0.5962500000000001 0.37124999999999997 0.5962500000000001 0.37124999999999997 0.58125