5 0.25875 0.01125 0.23374999999999999 0.01125 0.23374999999999999 0.028749999999999998 0.25875 0.028749999999999998 0.25875 0.01125
5 0.05625 0.91375 0.03125 0.91375 0.03125 0.93125 0.05625 0.93125 0.05625 0.91375
5 0.07875 0.8925000000000001 0.05625 0.8925000000000001 0.05625 0.9099999999999999 0.07875 0.9099999999999999 0.07875 0.8925000000000001
5 0.09375 0.80375 0.06375 0.80375 0.06375 0.82125 0.09375 0.82125 0.09375 0.80375
5 0.057499999999999996 0.79125 0.03 0.79125 0.03 0.80375 0.057499999999999996 0.80375 0.057499999999999996 0.79125
5 0.0225 0.67375 0.005 0.67375 0.005 0.69625 0.0225 0.69625 0.0225 0.67375
5 0.0375 0.6799999999999999 0.02 0.6799999999999999 0.02 0.7025 0.0375 0.7025 0.0375 0.6799999999999999
5 0.05 0.6837500000000001 0.034999999999999996 0.6837500000000001 0.034999999999999996 0.70625 0.05 0.70625 0.05 0.6837500000000001
5 0.06625 0.6900000000000001 0.04875 0.6900000000000001 0.04875 0.7075 0.06625 0.7075 0.06625 0.6900000000000001
5 0.0775 0.6950000000000001 0.0625 0.6950000000000001 0.0625 0.7150000000000001 0.0775 0.7150000000000001 0.0775 0.6950000000000001
5 0.0925 0.70125 0.075 0.70125 0.075 0.7212500000000001 0.0925 0.7212500000000001 0.0925 0.70125
5 0 0.63 0.01125 0.63 0.01125 0.615 0 0.615 0 0.63
5 0.025 0.62 0.0025 0.62 0.0025 0.6325000000000001 0.025 0.6325000000000001 0.025 0.62
5 0.0375 0.62625 0.01 0.62625 0.01 0.64125 0.0375 0.64125 0.0375 0.62625
5 0.052500000000000005 0.63125 0.03 0.63125 0.03 0.64375 0.052500000000000005 0.64375 0.052500000000000005 0.63125
5 0.06625 0.63625 0.04375 0.63625 0.04375 0.6487499999999999 0.06625 0.6487499999999999 0.06625 0.63625
5 0.08125 0.6425 0.058750000000000004 0.6425 0.058750000000000004 0.655 0.08125 0.655 0.08125 0.6425
5 0.1 0.6487499999999999 0.0725 0.6487499999999999 0.0725 0.6637500000000001 0.1 0.6637500000000001 0.1 0.6487499999999999
5 0.12125 0.655 0.09375 0.655 0.09375 0.67 0.12125 0.67 0.12125 0.655
5 0.07125000000000001 0.6637500000000001 0.04375 0.6637500000000001 0.04375 0.68125 0.07125000000000001 0.68125 0.07125000000000001 0.6637500000000001
5 0.1075 0.67875 0.0775 0.67875 0.0775 0.69375 0.1075 0.69375 0.1075 0.67875
5 0.13125 0.6875 0.10625 0.6875 0.10625 0.705 0.13125 0.705 0.13125 0.6875
5 0.1625 0.69875 0.1375 0.69875 0.1375 0.71375 0.1625 0.71375 0.1625 0.69875
5 0.19 0.70875 0.16499999999999998 0.70875 0.16499999999999998 0.72375 0.19 0.72375 0.19 0.70875
5 0.215 0.72 0.19 0.72 0.19 0.735 0.215 0.735 0.215 0.72
5 0.135 0.66125 0.11000000000000001 0.66125 0.11000000000000001 0.67375 0.135 0.67375 0.135 0.66125
5 0.14875 0.6675 0.12375 0.6675 0.12375 0.6799999999999999 0.14875 0.6799999999999999 0.14875 0.6675
5 0.16125 0.675 0.13625 0.675 0.13625 0.6900000000000001 0.16125 0.6900000000000001 0.16125 0.675
5 0.18 0.67875 0.155 0.67875 0.155 0.69375 0.18 0.69375 0.18 0.67875
5 0.19875 0.6837500000000001 0.17124999999999999 0.6837500000000001 0.17124999999999999 0.69875 0.19875 0.69875 0.19875 0.6837500000000001
5 0.2125 0.6925 0.185 0.6925 0.185 0.705 0.2125 0.705 0.2125 0.6925
5 0.22875 0.6975 0.20375000000000001 0.6975 0.20375000000000001 0.71 0.22875 0.71 0.22875 0.6975
5 0.24375 0.70125 0.21875 0.70125 0.21875 0.7162499999999999 0.24375 0.7162499999999999 0.24375 0.70125
5 0.26 0.70625 0.23500000000000001 0.70625 0.23500000000000001 0.7212500000000001 0.26 0.7212500000000001 0.26 0.70625
5 0.2725 0.71375 0.2525 0.71375 0.2525 0.7262500000000001 0.2725 0.7262500000000001 0.2725 0.71375
5 0.11875 0.7112499999999999 0.10375000000000001 0.7112499999999999 0.10375000000000001 0.73125 0.11875 0.73125 0.11875 0.7112499999999999
5 0.1325 0.7162499999999999 0.12 0.7162499999999999 0.12 0.73625 0.1325 0.73625 0.1325 0.7162499999999999
5 0.14750000000000002 0.7224999999999999 0.13 0.7224999999999999 0.13 0.7424999999999999 0.14750000000000002 0.7424999999999999 0.14750000000000002 0.7224999999999999
5 0.1625 0.7275 0.14750000000000002 0.7275 0.14750000000000002 0.75 0.1625 0.75 0.1625 0.7275
5 0.17625 0.73625 0.16125 0.73625 0.16125 0.7537499999999999 0.17625 0.7537499999999999 0.17625 0.73625
5 0.19 0.74 0.1775 0.74 0.1775 0.7575000000000001 0.19 0.7575000000000001 0.19 0.74
5 0.20249999999999999 0.7462500000000001 0.19 0.7462500000000001 0.19 0.76625 0.20249999999999999 0.76625 0.20249999999999999 0.7462500000000001
5 0.21749999999999997 0.75 0.20249999999999999 0.75 0.20249999999999999 0.77 0.21749999999999997 0.77 0.21749999999999997 0.75
5 0.2325 0.755 0.21749999999999997 0.755 0.21749999999999997 0.7725 0.2325 0.7725 0.2325 0.755
5 0.24500000000000002 0.76 0.22749999999999998 0.76 0.22749999999999998 0.7775000000000001 0.24500000000000002 0.7775000000000001 0.24500000000000002 0.76
5 0.26375000000000004 0.7675 0.24125000000000002 0.7675 0.24125000000000002 0.7875 0.26375000000000004 0.7875 0.26375000000000004 0.7675
5 0.275 0.7424999999999999 0.2475 0.7424999999999999 0.2475 0.755 0.275 0.755 0.275 0.7424999999999999
5 0.2975 0.75 0.27 0.75 0.27 0.7625 0.2975 0.7625 0.2975 0.75
5 0.2975 0.7262500000000001 0.27749999999999997 0.7262500000000001 0.27749999999999997 0.73875 0.2975 0.73875 0.2975 0.7262500000000001
5 0.31124999999999997 0.73375 0.29125 0.73375 0.29125 0.7462500000000001 0.31124999999999997 0.7462500000000001 0.31124999999999997 0.73375
5 0.29 0.76375 0.265 0.76375 0.265 0.78125 0.29 0.78125 0.29 0.76375
5 0.041249999999999995 0.72375 0.01125 0.72375 0.01125 0.73875 0.041249999999999995 0.73875 0.041249999999999995 0.72375
5 0.07625 0.74375 0.04625 0.74375 0.04625 0.76125 0.07625 0.76125 0.07625 0.74375
5 0.10625 0.75625 0.07875 0.75625 0.07875 0.7737499999999999 0.10625 0.7737499999999999 0.10625 0.75625
5 0.24 0.8025 0.215 0.8025 0.215 0.8150000000000001 0.24 0.8150000000000001 0.24 0.8025
5 0.2325 0.86 0.20750000000000002 0.86 0.20750000000000002 0.8724999999999999 0.2325 0.8724999999999999 0.2325 0.86
5 0.26375000000000004 0.8712500000000001 0.23625 0.8712500000000001 0.23625 0.88375 0.26375000000000004 0.88375 0.26375000000000004 0.8712500000000001
5 0.64 0.6925 0.55 0.6925 0.55 0.7325 0.64 0.7325 0.64 0.6925
5 0.5599999999999999 0.03875 0.49000000000000005 0.03875 0.49000000000000005 0.09125 0.5599999999999999 0.09125 0.5599999999999999 0.03875
5 0.495 0.03375 0.45499999999999996 0.03375 0.45499999999999996 0.05625 0.495 0.05625 0.495 0.03375