5 0.0975 0.7025 0.0675 0.7025 0.0675 0.7150000000000001 0.0975 0.7150000000000001 0.0975 0.7025
5 0.13625 0.68875 0.10874999999999999 0.68875 0.10874999999999999 0.70125 0.13625 0.70125 0.13625 0.68875
5 0.1525 0.70375 0.125 0.70375 0.125 0.7162499999999999 0.1525 0.7162499999999999 0.1525 0.70375
5 0.14625 0.745 0.11125 0.745 0.11125 0.755 0.14625 0.755 0.14625 0.745
5 0.32999999999999996 0.705 0.29500000000000004 0.705 0.29500000000000004 0.7150000000000001 0.32999999999999996 0.7150000000000001 0.32999999999999996 0.705
5 0.3175 0.71875 0.29 0.71875 0.29 0.72875 0.3175 0.72875 0.3175 0.71875
5 0.42750000000000005 0.6950000000000001 0.395 0.6950000000000001 0.395 0.7075 0.42750000000000005 0.7075 0.42750000000000005 0.6950000000000001
5 0.41375 0.73625 0.36875 0.73625 0.36875 0.7462500000000001 0.41375 0.7462500000000001 0.41375 0.73625
5 0.3825 0.77625 0.3525 0.77625 0.3525 0.78625 0.3825 0.78625 0.3825 0.77625
5 0.46624999999999994 0.76125 0.43125 0.76125 0.43125 0.77125 0.46624999999999994 0.77125 0.46624999999999994 0.76125
5 0.40750000000000003 0.7837500000000001 0.38 0.7837500000000001 0.38 0.79625 0.40750000000000003 0.79625 0.40750000000000003 0.7837500000000001
5 0.4325 0.7849999999999999 0.41 0.7849999999999999 0.41 0.795 0.4325 0.795 0.4325 0.7849999999999999
5 0.37374999999999997 0.80625 0.35375 0.80625 0.35375 0.82125 0.37374999999999997 0.82125 0.37374999999999997 0.80625
5 0.42625 0.79875 0.40374999999999994 0.79875 0.40374999999999994 0.8162499999999999 0.42625 0.8162499999999999 0.42625 0.79875
5 0.44875 0.8 0.42625 0.8 0.42625 0.82 0.44875 0.82 0.44875 0.8
5 0.47125000000000006 0.8 0.44125 0.8 0.44125 0.8225 0.47125000000000006 0.8225 0.47125000000000006 0.8
5 0.49000000000000005 0.79875 0.465 0.79875 0.465 0.82125 0.49000000000000005 0.82125 0.49000000000000005 0.79875
5 0.50875 0.8012499999999999 0.48375 0.8012499999999999 0.48375 0.8237500000000001 0.50875 0.8237500000000001 0.50875 0.8012499999999999
5 0.3725 0.8300000000000001 0.34750000000000003 0.8300000000000001 0.34750000000000003 0.8474999999999999 0.3725 0.8474999999999999 0.3725 0.8300000000000001
5 0.43125 0.83375 0.40625 0.83375 0.40625 0.85125 0.43125 0.85125 0.43125 0.83375
5 0.44625000000000004 0.835 0.42625 0.835 0.42625 0.8525 0.44625000000000004 0.8525 0.44625000000000004 0.835
5 0.4625 0.8400000000000001 0.44000000000000006 0.8400000000000001 0.44000000000000006 0.8550000000000001 0.4625 0.8550000000000001 0.4625 0.8400000000000001
5 0.47874999999999995 0.8387499999999999 0.46375 0.8387499999999999 0.46375 0.85375 0.47874999999999995 0.85375 0.47874999999999995 0.8387499999999999
5 0.40625 0.85625 0.39125 0.85625 0.39125 0.87375 0.40625 0.87375 0.40625 0.85625
5 0.43875000000000003 0.8525 0.42125 0.8525 0.42125 0.875 0.43875000000000003 0.875 0.43875000000000003 0.8525
5 0.45625 0.8525 0.44125 0.8525 0.44125 0.875 0.45625 0.875 0.45625 0.8525
5 0.46875 0.85375 0.45625 0.85375 0.45625 0.87375 0.46875 0.87375 0.46875 0.85375
5 0.48875 0.8550000000000001 0.47125000000000006 0.8550000000000001 0.47125000000000006 0.8724999999999999 0.48875 0.8724999999999999 0.48875 0.8550000000000001
5 0.47750000000000004 0.705 0.4525 0.705 0.4525 0.7175 0.47750000000000004 0.7175 0.47750000000000004 0.705
5 0.5325 0.69375 0.49749999999999994 0.69375 0.49749999999999994 0.70375 0.5325 0.70375 0.5325 0.69375
5 0.5337500000000001 0.7162499999999999 0.50625 0.7162499999999999 0.50625 0.7262500000000001 0.5337500000000001 0.7262500000000001 0.5337500000000001 0.7162499999999999
5 0.49000000000000005 0.7325 0.4625 0.7325 0.4625 0.745 0.49000000000000005 0.745 0.49000000000000005 0.7325
5 0.5037499999999999 0.75125 0.47125000000000006 0.75125 0.47125000000000006 0.76125 0.5037499999999999 0.76125 0.5037499999999999 0.75125
5 0.5425 0.76125 0.5125 0.76125 0.5125 0.7737499999999999 0.5425 0.7737499999999999 0.5425 0.76125
5 0.5662499999999999 0.64375 0.54125 0.64375 0.54125 0.6587500000000001 0.5662499999999999 0.6587500000000001 0.5662499999999999 0.64375
5 0.6637500000000001 0.69875 0.63375 0.69875 0.63375 0.70875 0.6637500000000001 0.70875 0.6637500000000001 0.69875
5 0.61 0.70875 0.5775 0.70875 0.5775 0.71875 0.61 0.71875 0.61 0.70875
5 0.59375 0.7224999999999999 0.5662499999999999 0.7224999999999999 0.5662499999999999 0.735 0.59375 0.735 0.59375 0.7224999999999999
5 0.6012500000000001 0.73625 0.57125 0.73625 0.57125 0.75125 0.6012500000000001 0.75125 0.6012500000000001 0.73625
5 0.67875 0.73625 0.64375 0.73625 0.64375 0.7462500000000001 0.67875 0.7462500000000001 0.67875 0.73625
5 0.6675 0.7525000000000001 0.605 0.7525000000000001 0.605 0.765 0.6675 0.765 0.6675 0.7525000000000001
5 0.735 0.71 0.7 0.71 0.7 0.7224999999999999 0.735 0.7224999999999999 0.735 0.71
5 0.7462500000000001 0.7224999999999999 0.7212500000000001 0.7224999999999999 0.7212500000000001 0.735 0.7462500000000001 0.735 0.7462500000000001 0.7224999999999999
5 0.79625 0.70125 0.77125 0.70125 0.77125 0.7112499999999999 0.79625 0.7112499999999999 0.79625 0.70125
5 0.8175000000000001 0.7125 0.79 0.7125 0.79 0.7224999999999999 0.8175000000000001 0.7224999999999999 0.8175000000000001 0.7125
5 0.795 0.75 0.76 0.75 0.76 0.7625 0.795 0.7625 0.795 0.75
5 0.9237500000000001 0.7525000000000001 0.89125 0.7525000000000001 0.89125 0.7625 0.9237500000000001 0.7625 0.9237500000000001 0.7525000000000001
5 0.8862500000000001 0.74 0.85375 0.74 0.85375 0.75 0.8862500000000001 0.75 0.8862500000000001 0.74
5 0.8925000000000001 0.725 0.865 0.725 0.865 0.74 0.8925000000000001 0.74 0.8925000000000001 0.725
5 0.9475 0.7 0.9225 0.7 0.9225 0.7125 0.9475 0.7125 0.9475 0.7
5 0.26 0.19875 0.2375 0.19875 0.2375 0.21625 0.26 0.21625 0.26 0.19875
5 0.275 0.19624999999999998 0.2525 0.19624999999999998 0.2525 0.21375000000000002 0.275 0.21375000000000002 0.275 0.19624999999999998
5 0.29375 0.19875 0.27875 0.19875 0.27875 0.21875 0.29375 0.21875 0.29375 0.19875
5 0.31375000000000003 0.2 0.29874999999999996 0.2 0.29874999999999996 0.2225 0.31375000000000003 0.2225 0.31375000000000003 0.2
5 0.3275 0.19375 0.3075 0.19375 0.3075 0.21625 0.3275 0.21625 0.3275 0.19375
5 0.34249999999999997 0.195 0.3275 0.195 0.3275 0.215 0.34249999999999997 0.215 0.34249999999999997 0.195
5 0.35875 0.1975 0.34125 0.1975 0.34125 0.215 0.35875 0.215 0.35875 0.1975
5 0.36875 0.19375 0.35375 0.19375 0.35375 0.21375000000000002 0.36875 0.21375000000000002 0.36875 0.19375
5 0.38375 0.19125 0.36875 0.19125 0.36875 0.21125 0.38375 0.21125 0.38375 0.19125
5 0.4025 0.1925 0.3875 0.1925 0.3875 0.21000000000000002 0.4025 0.21000000000000002 0.4025 0.1925
5 0.41500000000000004 0.19 0.4025 0.19 0.4025 0.2125 0.41500000000000004 0.2125 0.41500000000000004 0.19
5 0.43125 0.19 0.41624999999999995 0.19 0.41624999999999995 0.215 0.43125 0.215 0.43125 0.19
5 0.4625 0.19 0.445 0.19 0.445 0.205 0.4625 0.205 0.4625 0.19
5 0.47750000000000004 0.1875 0.465 0.1875 0.465 0.21000000000000002 0.47750000000000004 0.21000000000000002 0.47750000000000004 0.1875
5 0.495 0.18625 0.48 0.18625 0.48 0.20875 0.495 0.20875 0.495 0.18625
5 0.50875 0.185 0.49625 0.185 0.49625 0.205 0.50875 0.205 0.50875 0.185
5 0.525 0.18625 0.51 0.18625 0.51 0.20625 0.525 0.20625 0.525 0.18625
5 0.54625 0.18375 0.5287499999999999 0.18375 0.5287499999999999 0.20375000000000001 0.54625 0.20375000000000001 0.54625 0.18375
5 0.5599999999999999 0.185 0.5425 0.185 0.5425 0.20750000000000002 0.5599999999999999 0.20750000000000002 0.5599999999999999 0.185
5 0.575 0.185 0.5575 0.185 0.5575 0.205 0.575 0.205 0.575 0.185
5 0.5875 0.18375 0.5775 0.18375 0.5775 0.20125 0.5875 0.20125 0.5875 0.18375
5 0.60625 0.1825 0.5912499999999999 0.1825 0.5912499999999999 0.205 0.60625 0.205 0.60625 0.1825
5 0.6224999999999999 0.1825 0.605 0.1825 0.605 0.2 0.6224999999999999 0.2 0.6224999999999999 0.1825
5 0.635 0.18125 0.62 0.18125 0.62 0.20125 0.635 0.20125 0.635 0.18125
5 0.65 0.1825 0.635 0.1825 0.635 0.205 0.65 0.205 0.65 0.1825
5 0.6675 0.185 0.6525000000000001 0.185 0.6525000000000001 0.20249999999999999 0.6675 0.20249999999999999 0.6675 0.185
5 0.6825 0.18 0.6675 0.18 0.6675 0.20249999999999999 0.6825 0.20249999999999999 0.6825 0.18
5 0.7 0.1825 0.6799999999999999 0.1825 0.6799999999999999 0.2 0.7 0.2 0.7 0.1825
5 0.7150000000000001 0.18 0.6975 0.18 0.6975 0.2 0.7150000000000001 0.2 0.7150000000000001 0.18
5 0.73 0.1775 0.7125 0.1775 0.7125 0.1975 0.73 0.1975 0.73 0.1775
5 0.7462500000000001 0.17625 0.72875 0.17625 0.72875 0.19624999999999998 0.7462500000000001 0.19624999999999998 0.7462500000000001 0.17625
5 0.7625 0.17625 0.7474999999999999 0.17625 0.7474999999999999 0.19624999999999998 0.7625 0.19624999999999998 0.7625 0.17625
5 0.775 0.17625 0.76 0.17625 0.76 0.19624999999999998 0.775 0.19624999999999998 0.775 0.17625
5 0.79 0.17875000000000002 0.775 0.17875000000000002 0.775 0.19875 0.79 0.19875 0.79 0.17875000000000002
5 0.8025 0.1825 0.79 0.1825 0.79 0.1975 0.8025 0.1975 0.8025 0.1825
5 0.8175000000000001 0.17625 0.8 0.17625 0.8 0.19624999999999998 0.8175000000000001 0.19624999999999998 0.8175000000000001 0.17625
5 0.835 0.17625 0.8175000000000001 0.17625 0.8175000000000001 0.19875 0.835 0.19875 0.835 0.17625
5 0.85125 0.1775 0.83625 0.1775 0.83625 0.1975 0.85125 0.1975 0.85125 0.1775
5 0.87625 0.12250000000000001 0.85875 0.12250000000000001 0.85875 0.13999999999999999 0.87625 0.13999999999999999 0.87625 0.12250000000000001
5 0.8887499999999999 0.12125 0.86875 0.12125 0.86875 0.14125000000000001 0.8887499999999999 0.14125000000000001 0.8887499999999999 0.12125
5 0.9025000000000001 0.12 0.8875 0.12 0.8875 0.1375 0.9025000000000001 0.1375 0.9025000000000001 0.12
5 0.91375 0.12 0.89875 0.12 0.89875 0.13999999999999999 0.91375 0.13999999999999999 0.91375 0.12
5 0.92875 0.11750000000000001 0.91375 0.11750000000000001 0.91375 0.13999999999999999 0.92875 0.13999999999999999 0.92875 0.11750000000000001
5 0.945 0.11750000000000001 0.93 0.11750000000000001 0.93 0.1375 0.945 0.1375 0.945 0.11750000000000001
5 0.96 0.095 0.9425000000000001 0.095 0.9425000000000001 0.11499999999999999 0.96 0.11499999999999999 0.96 0.095
5 0.9737500000000001 0.095 0.95625 0.095 0.95625 0.11750000000000001 0.9737500000000001 0.11750000000000001 0.9737500000000001 0.095
5 0.99375 0.09625 0.9737500000000001 0.09625 0.9737500000000001 0.11875 0.99375 0.11875 0.99375 0.09625
5 0.9650000000000001 0.12625 0.9425000000000001 0.12625 0.9425000000000001 0.14375 0.9650000000000001 0.14375 0.9650000000000001 0.12625
5 0.97875 0.12250000000000001 0.96125 0.12250000000000001 0.96125 0.14250000000000002 0.97875 0.14250000000000002 0.97875 0.12250000000000001
5 0.99 0.12375 0.975 0.12375 0.975 0.14375 0.99 0.14375 0.99 0.12375
5 0.96125 0.13874999999999998 0.9412499999999999 0.13874999999999998 0.9412499999999999 0.15375 0.96125 0.15375 0.96125 0.13874999999999998
5 0.975 0.14250000000000002 0.9550000000000001 0.14250000000000002 0.9550000000000001 0.16 0.975 0.16 0.975 0.14250000000000002
5 0.9875 0.14375 0.9724999999999999 0.14375 0.9724999999999999 0.16125 0.9875 0.16125 0.9875 0.14375
5 0.8699999999999999 0.15125 0.8550000000000001 0.15125 0.8550000000000001 0.17124999999999999 0.8699999999999999 0.17124999999999999 0.8699999999999999 0.15125
5 0.885 0.15125 0.8675 0.15125 0.8675 0.17375000000000002 0.885 0.17375000000000002 0.885 0.15125
5 0.8975 0.1525 0.885 0.1525 0.885 0.16999999999999998 0.8975 0.16999999999999998 0.8975 0.1525
5 0.9087500000000001 0.155 0.89625 0.155 0.89625 0.17250000000000001 0.9087500000000001 0.17250000000000001 0.9087500000000001 0.155
5 0.9262499999999999 0.16 0.9112500000000001 0.16 0.9112500000000001 0.18 0.9262499999999999 0.18 0.9262499999999999 0.16
5 0.9375 0.16499999999999998 0.925 0.16499999999999998 0.925 0.1825 0.9375 0.1825 0.9375 0.16499999999999998
5 0.865 0.1825 0.8525 0.1825 0.8525 0.205 0.865 0.205 0.865 0.1825
5 0.9675 0.16375 0.9375 0.16375 0.9375 0.17375000000000002 0.9675 0.17375000000000002 0.9675 0.16375
5 0.8862500000000001 0.18 0.86875 0.18 0.86875 0.20249999999999999 0.8862500000000001 0.20249999999999999 0.8862500000000001 0.18
5 0.88375 0.17375000000000002 0.85375 0.17375000000000002 0.85375 0.18125 0.88375 0.18125 0.88375 0.17375000000000002
5 0.9 0.17875000000000002 0.8875 0.17875000000000002 0.8875 0.20125 0.9 0.20125 0.9 0.17875000000000002
5 0.9199999999999999 0.18125 0.9025000000000001 0.18125 0.9025000000000001 0.19875 0.9199999999999999 0.19875 0.9199999999999999 0.18125
5 0.9324999999999999 0.18375 0.9199999999999999 0.18375 0.9199999999999999 0.19624999999999998 0.9324999999999999 0.19624999999999998 0.9324999999999999 0.18375
5 0.96875 0.17625 0.95375 0.17625 0.95375 0.19375 0.96875 0.19375 0.96875 0.17625
5 0.9875 0.1775 0.97 0.1775 0.97 0.195 0.9875 0.195 0.9875 0.1775
5 0.99875 0.18125 0.9862500000000001 0.18125 0.9862500000000001 0.19875 0.99875 0.19875 0.99875 0.18125
5 0.7325 0.19875 0.6849999999999999 0.19875 0.6849999999999999 0.21625 0.7325 0.21625 0.7325 0.19875
5 0.75625 0.195 0.73375 0.195 0.73375 0.205 0.75625 0.205 0.75625 0.195
5 0.7887500000000001 0.1975 0.76125 0.1975 0.76125 0.20750000000000002 0.7887500000000001 0.20750000000000002 0.7887500000000001 0.1975
5 0.85125 0.1975 0.8237500000000001 0.1975 0.8237500000000001 0.205 0.85125 0.205 0.85125 0.1975
5 0.9675 0.19624999999999998 0.9375 0.19624999999999998 0.9375 0.20625 0.9675 0.20625 0.9675 0.19624999999999998
5 0.22749999999999998 0.2225 0.1975 0.2225 0.1975 0.2375 0.22749999999999998 0.2375 0.22749999999999998 0.2225
5 0.335 0.22875 0.3225 0.22875 0.3225 0.24625 0.335 0.24625 0.335 0.22875
5 0.35125 0.22749999999999998 0.33875 0.22749999999999998 0.33875 0.2475 0.35125 0.2475 0.35125 0.22749999999999998
5 0.3675 0.22625 0.3525 0.22625 0.3525 0.24874999999999997 0.3675 0.24874999999999997 0.3675 0.22625
5 0.385 0.225 0.37 0.225 0.37 0.2475 0.385 0.2475 0.385 0.225
5 0.39875 0.22875 0.38625 0.22875 0.38625 0.24625 0.39875 0.24625 0.39875 0.22875
5 0.42125 0.22000000000000003 0.38375 0.22000000000000003 0.38375 0.2325 0.42125 0.2325 0.42125 0.22000000000000003
5 0.41500000000000004 0.22999999999999998 0.3975 0.22999999999999998 0.3975 0.2425 0.41500000000000004 0.2425 0.41500000000000004 0.22999999999999998
5 0.43375 0.22749999999999998 0.41624999999999995 0.22749999999999998 0.41624999999999995 0.25 0.43375 0.25 0.43375 0.22749999999999998
5 0.44749999999999995 0.22875 0.43499999999999994 0.22875 0.43499999999999994 0.24375 0.44749999999999995 0.24375 0.44749999999999995 0.22875
5 0.46624999999999994 0.22000000000000003 0.43125 0.22000000000000003 0.43125 0.22999999999999998 0.46624999999999994 0.22999999999999998 0.46624999999999994 0.22000000000000003
5 0.49874999999999997 0.21875 0.46624999999999994 0.21875 0.46624999999999994 0.23125 0.49874999999999997 0.23125 0.49874999999999997 0.21875
5 0.46375 0.22999999999999998 0.44625000000000004 0.22999999999999998 0.44625000000000004 0.24500000000000002 0.46375 0.24500000000000002 0.46375 0.22999999999999998
5 0.47375 0.22999999999999998 0.46125 0.22999999999999998 0.46125 0.24500000000000002 0.47375 0.24500000000000002 0.47375 0.22999999999999998
5 0.49375 0.22999999999999998 0.47375 0.22999999999999998 0.47375 0.24500000000000002 0.49375 0.24500000000000002 0.49375 0.22999999999999998
5 0.51125 0.22875 0.49375 0.22875 0.49375 0.24625 0.51125 0.24625 0.51125 0.22875
5 0.5275000000000001 0.22875 0.5125 0.22875 0.5125 0.24625 0.5275000000000001 0.24625 0.5275000000000001 0.22875
5 0.5425 0.22875 0.525 0.22875 0.525 0.24874999999999997 0.5425 0.24874999999999997 0.5425 0.22875
5 0.56125 0.23374999999999999 0.5387500000000001 0.23374999999999999 0.5387500000000001 0.24874999999999997 0.56125 0.24874999999999997 0.56125 0.23374999999999999
5 0.59375 0.21875 0.56125 0.21875 0.56125 0.22875 0.59375 0.22875 0.59375 0.21875
5 0.6224999999999999 0.21749999999999997 0.5900000000000001 0.21749999999999997 0.5900000000000001 0.22749999999999998 0.6224999999999999 0.22749999999999998 0.6224999999999999 0.21749999999999997
5 0.6525000000000001 0.22000000000000003 0.6275000000000001 0.22000000000000003 0.6275000000000001 0.22749999999999998 0.6525000000000001 0.22749999999999998 0.6525000000000001 0.22000000000000003
5 0.6849999999999999 0.21875 0.6575 0.21875 0.6575 0.23125 0.6849999999999999 0.23125 0.6849999999999999 0.21875
5 0.71375 0.22000000000000003 0.68625 0.22000000000000003 0.68625 0.22999999999999998 0.71375 0.22999999999999998 0.71375 0.22000000000000003
5 0.5775 0.22749999999999998 0.5599999999999999 0.22749999999999998 0.5599999999999999 0.2475 0.5775 0.2475 0.5775 0.22749999999999998
5 0.5912499999999999 0.22875 0.57625 0.22875 0.57625 0.25125000000000003 0.5912499999999999 0.25125000000000003 0.5912499999999999 0.22875
5 0.6075 0.23125 0.5925 0.23125 0.5925 0.25125000000000003 0.6075 0.25125000000000003 0.6075 0.23125
5 0.65 0.23374999999999999 0.635 0.23374999999999999 0.635 0.25125000000000003 0.65 0.25125000000000003 0.65 0.23374999999999999
5 0.66625 0.22999999999999998 0.65125 0.22999999999999998 0.65125 0.2475 0.66625 0.2475 0.66625 0.22999999999999998
5 0.68125 0.23125 0.66625 0.23125 0.66625 0.25125000000000003 0.68125 0.25125000000000003 0.68125 0.23125
5 0.6912499999999999 0.23374999999999999 0.68125 0.23374999999999999 0.68125 0.25125000000000003 0.6912499999999999 0.25125000000000003 0.6912499999999999 0.23374999999999999
5 0.7125 0.23500000000000001 0.6950000000000001 0.23500000000000001 0.6950000000000001 0.255 0.7125 0.255 0.7125 0.23500000000000001
5 0.72875 0.23125 0.71375 0.23125 0.71375 0.24874999999999997 0.72875 0.24874999999999997 0.72875 0.23125
5 0.73875 0.23125 0.72375 0.23125 0.72375 0.25125000000000003 0.73875 0.25125000000000003 0.73875 0.23125
5 0.76125 0.22999999999999998 0.73875 0.22999999999999998 0.73875 0.25 0.76125 0.25 0.76125 0.22999999999999998
5 0.7474999999999999 0.22000000000000003 0.7150000000000001 0.22000000000000003 0.7150000000000001 0.22999999999999998 0.7474999999999999 0.22999999999999998 0.7474999999999999 0.22000000000000003
5 0.775 0.22000000000000003 0.745 0.22000000000000003 0.745 0.22999999999999998 0.775 0.22999999999999998 0.775 0.22000000000000003
5 0.77125 0.2325 0.75625 0.2325 0.75625 0.25 0.77125 0.25 0.77125 0.2325
5 0.7837500000000001 0.23374999999999999 0.76875 0.23374999999999999 0.76875 0.25375000000000003 0.7837500000000001 0.25375000000000003 0.7837500000000001 0.23374999999999999
5 0.765 0.2525 0.7375 0.2525 0.7375 0.265 0.765 0.265 0.765 0.2525
5 0.79875 0.21875 0.77125 0.21875 0.77125 0.23125 0.79875 0.23125 0.79875 0.21875
5 0.8237500000000001 0.21875 0.79625 0.21875 0.79625 0.23125 0.8237500000000001 0.23125 0.8237500000000001 0.21875
5 0.8550000000000001 0.22000000000000003 0.8275 0.22000000000000003 0.8275 0.22999999999999998 0.8550000000000001 0.22999999999999998 0.8550000000000001 0.22000000000000003
5 0.8012499999999999 0.23625 0.7837500000000001 0.23625 0.7837500000000001 0.25625 0.8012499999999999 0.25625 0.8012499999999999 0.23625
5 0.8162499999999999 0.23625 0.8012499999999999 0.23625 0.8012499999999999 0.25125000000000003 0.8162499999999999 0.25125000000000003 0.8162499999999999 0.23625
5 0.82875 0.2325 0.8162499999999999 0.2325 0.8162499999999999 0.2475 0.82875 0.2475 0.82875 0.2325
5 0.84375 0.23625 0.83125 0.23625 0.83125 0.25875 0.84375 0.25875 0.84375 0.23625
5 0.8099999999999999 0.26 0.78 0.26 0.78 0.27 0.8099999999999999 0.27 0.8099999999999999 0.26
5 0.8300000000000001 0.2475 0.8150000000000001 0.2475 0.8150000000000001 0.265 0.8300000000000001 0.265 0.8300000000000001 0.2475
5 0.89125 0.22000000000000003 0.85875 0.22000000000000003 0.85875 0.22999999999999998 0.89125 0.22999999999999998 0.89125 0.22000000000000003
5 0.89 0.23500000000000001 0.8699999999999999 0.23500000000000001 0.8699999999999999 0.25 0.89 0.25 0.89 0.23500000000000001
5 0.87375 0.2475 0.85625 0.2475 0.85625 0.2725 0.87375 0.2725 0.87375 0.2475
5 0.885 0.24874999999999997 0.8724999999999999 0.24874999999999997 0.8724999999999999 0.26875 0.885 0.26875 0.885 0.24874999999999997
5 0.91875 0.22000000000000003 0.89125 0.22000000000000003 0.89125 0.22999999999999998 0.91875 0.22999999999999998 0.91875 0.22000000000000003
5 0.9 0.25375000000000003 0.885 0.25375000000000003 0.885 0.27875 0.9 0.27875 0.9 0.25375000000000003
5 0.9037499999999999 0.22999999999999998 0.89125 0.22999999999999998 0.89125 0.2525 0.9037499999999999 0.2525 0.9037499999999999 0.22999999999999998
5 0.9225 0.23125 0.905 0.23125 0.905 0.25375000000000003 0.9225 0.25375000000000003 0.9225 0.23125
5 0.915 0.255 0.9 0.255 0.9 0.275 0.915 0.275 0.915 0.255
5 0.9337500000000001 0.2125 0.92125 0.2125 0.92125 0.23500000000000001 0.9337500000000001 0.23500000000000001 0.9337500000000001 0.2125
5 0.95 0.21125 0.9349999999999999 0.21125 0.9349999999999999 0.23125 0.95 0.23125 0.95 0.21125
5 0.9625 0.215 0.95 0.215 0.95 0.2325 0.9625 0.2325 0.9625 0.215
5 0.9737500000000001 0.21125 0.96125 0.21125 0.96125 0.23125 0.9737500000000001 0.23125 0.9737500000000001 0.21125
5 0.9925 0.21375000000000002 0.975 0.21375000000000002 0.975 0.23125 0.9925 0.23125 0.9925 0.21375000000000002
5 1 0.21375000000000002 0.99125 0.21375000000000002 0.99125 0.23125 1 0.23125 1 0.21375000000000002
5 0.9337500000000001 0.23374999999999999 0.91875 0.23374999999999999 0.91875 0.24874999999999997 0.9337500000000001 0.24874999999999997 0.9337500000000001 0.23374999999999999
5 0.95 0.2325 0.9349999999999999 0.2325 0.9349999999999999 0.25 0.95 0.25 0.95 0.2325
5 0.96125 0.23625 0.94625 0.23625 0.94625 0.25625 0.96125 0.25625 0.96125 0.23625
5 0.9775 0.2325 0.9625 0.2325 0.9625 0.2525 0.9775 0.2525 0.9775 0.2325
5 0.9875 0.23125 0.975 0.23125 0.975 0.25125000000000003 0.9875 0.25125000000000003 0.9875 0.23125
5 1 0.23374999999999999 0.9862500000000001 0.23374999999999999 0.9862500000000001 0.25375000000000003 1 0.25375000000000003 1 0.23374999999999999
5 0.9375 0.25125000000000003 0.9225 0.25125000000000003 0.9225 0.27125 0.9375 0.27125 0.9375 0.25125000000000003
5 0.95375 0.24874999999999997 0.9412499999999999 0.24874999999999997 0.9412499999999999 0.26625 0.95375 0.26625 0.95375 0.24874999999999997
5 0.9712500000000001 0.255 0.95375 0.255 0.95375 0.27 0.9712500000000001 0.27 0.9712500000000001 0.255
5 0.23625 0.2575 0.21875 0.2575 0.21875 0.28250000000000003 0.23625 0.28250000000000003 0.23625 0.2575
5 0.25 0.26625 0.23500000000000001 0.26625 0.23500000000000001 0.28375 0.25 0.28375 0.25 0.26625
5 0.26625 0.25875 0.25125000000000003 0.25875 0.25125000000000003 0.27875 0.26625 0.27875 0.26625 0.25875
5 0.27625 0.255 0.26375000000000004 0.255 0.26375000000000004 0.275 0.27625 0.275 0.27625 0.255
5 0.29500000000000004 0.25375000000000003 0.27999999999999997 0.25375000000000003 0.27999999999999997 0.27625 0.29500000000000004 0.27625 0.29500000000000004 0.25375000000000003
5 0.325 0.25875 0.2975 0.25875 0.2975 0.27375 0.325 0.27375 0.325 0.25875
5 0.375 0.27 0.36 0.27 0.36 0.29 0.375 0.29 0.375 0.27
5 0.39625 0.25875 0.36375 0.25875 0.36375 0.26875 0.39625 0.26875 0.39625 0.25875
5 0.4225 0.2575 0.3975 0.2575 0.3975 0.26749999999999996 0.4225 0.26749999999999996 0.4225 0.2575
5 0.42000000000000004 0.26749999999999996 0.40750000000000003 0.26749999999999996 0.40750000000000003 0.29 0.42000000000000004 0.29 0.42000000000000004 0.26749999999999996
5 0.4125 0.2875 0.385 0.2875 0.385 0.2975 0.4125 0.2975 0.4125 0.2875
5 0.43624999999999997 0.26625 0.42125 0.26625 0.42125 0.28875 0.43624999999999997 0.28875 0.43624999999999997 0.26625
5 0.4525 0.26625 0.4375 0.26625 0.4375 0.28875 0.4525 0.28875 0.4525 0.26625
5 0.47750000000000004 0.25875 0.45 0.25875 0.45 0.26625 0.47750000000000004 0.26625 0.47750000000000004 0.25875
5 0.48 0.26749999999999996 0.465 0.26749999999999996 0.465 0.2875 0.48 0.2875 0.48 0.26749999999999996
5 0.465 0.26625 0.4525 0.26625 0.4525 0.28625 0.465 0.28625 0.465 0.26625
5 0.48375 0.2875 0.46125 0.2875 0.46125 0.2975 0.48375 0.2975 0.48375 0.2875
5 0.51125 0.28625 0.48375 0.28625 0.48375 0.29625 0.51125 0.29625 0.51125 0.28625
5 0.50625 0.26625 0.49124999999999996 0.26625 0.49124999999999996 0.28875 0.50625 0.28875 0.50625 0.26625
5 0.5225 0.26625 0.5075000000000001 0.26625 0.5075000000000001 0.29125 0.5225 0.29125 0.5225 0.26625
5 0.5325 0.25875 0.505 0.25875 0.505 0.26625 0.5325 0.26625 0.5325 0.25875
5 0.5662499999999999 0.26125 0.53625 0.26125 0.53625 0.27375 0.5662499999999999 0.27375 0.5662499999999999 0.26125
5 0.5387500000000001 0.2725 0.5237499999999999 0.2725 0.5237499999999999 0.29 0.5387500000000001 0.29 0.5387500000000001 0.2725
5 0.55375 0.2725 0.5387500000000001 0.2725 0.5387500000000001 0.2925 0.55375 0.2925 0.55375 0.2725
5 0.57125 0.275 0.55375 0.275 0.55375 0.2925 0.57125 0.2925 0.57125 0.275
5 0.5825 0.27125 0.5675 0.27125 0.5675 0.28875 0.5825 0.28875 0.5825 0.27125
5 0.5962500000000001 0.2575 0.5662499999999999 0.2575 0.5662499999999999 0.27 0.5962500000000001 0.27 0.5962500000000001 0.2575
5 0.3125 0.26875 0.29 0.26875 0.29 0.28625 0.3125 0.28625 0.3125 0.26875
5 0.32999999999999996 0.27625 0.3075 0.27625 0.3075 0.28875 0.32999999999999996 0.28875 0.32999999999999996 0.27625
5 0.3275 0.29 0.29 0.29 0.29 0.315 0.3275 0.315 0.3275 0.29
5 0.34249999999999997 0.29625 0.325 0.29625 0.325 0.31875 0.34249999999999997 0.31875 0.34249999999999997 0.29625
5 0.37374999999999997 0.30874999999999997 0.35625 0.30874999999999997 0.35625 0.33125 0.37374999999999997 0.33125 0.37374999999999997 0.30874999999999997
5 0.3875 0.31 0.3725 0.31 0.3725 0.32999999999999996 0.3875 0.32999999999999996 0.3875 0.31
5 0.4 0.3125 0.385 0.3125 0.385 0.3325 0.4 0.3325 0.4 0.3125
5 0.41375 0.31 0.40125 0.31 0.40125 0.32999999999999996 0.41375 0.32999999999999996 0.41375 0.31
5 0.43 0.31124999999999997 0.41500000000000004 0.31124999999999997 0.41500000000000004 0.32875 0.43 0.32875 0.43 0.31124999999999997
5 0.44375 0.3125 0.43125 0.3125 0.43125 0.32999999999999996 0.44375 0.32999999999999996 0.44375 0.3125
5 0.45999999999999996 0.31124999999999997 0.445 0.31124999999999997 0.445 0.33125 0.45999999999999996 0.33125 0.45999999999999996 0.31124999999999997
5 0.475 0.31124999999999997 0.45999999999999996 0.31124999999999997 0.45999999999999996 0.32875 0.475 0.32875 0.475 0.31124999999999997
5 0.48624999999999996 0.31124999999999997 0.47125000000000006 0.31124999999999997 0.47125000000000006 0.32625000000000004 0.48624999999999996 0.32625000000000004 0.48624999999999996 0.31124999999999997
5 0.50125 0.31 0.48375 0.31 0.48375 0.3325 0.50125 0.3325 0.50125 0.31
5 0.5175 0.305 0.5025000000000001 0.305 0.5025000000000001 0.325 0.5175 0.325 0.5175 0.305
5 0.5287499999999999 0.30625 0.51375 0.30625 0.51375 0.32625000000000004 0.5287499999999999 0.32625000000000004 0.5287499999999999 0.30625
5 0.54375 0.30375 0.53125 0.30375 0.53125 0.32625000000000004 0.54375 0.32625000000000004 0.54375 0.30375
5 0.5599999999999999 0.305 0.5425 0.305 0.5425 0.325 0.5599999999999999 0.325 0.5599999999999999 0.305
5 0.57875 0.30125 0.56125 0.30125 0.56125 0.32625000000000004 0.57875 0.32625000000000004 0.57875 0.30125
5 0.6025 0.29874999999999996 0.5900000000000001 0.29874999999999996 0.5900000000000001 0.32125 0.6025 0.32125 0.6025 0.29874999999999996
5 0.6224999999999999 0.30375 0.605 0.30375 0.605 0.32625000000000004 0.6224999999999999 0.32625000000000004 0.6224999999999999 0.30375
5 0.62375 0.26625 0.59375 0.26625 0.59375 0.27375 0.62375 0.27375 0.62375 0.26625
5 0.62375 0.27375 0.5962500000000001 0.27375 0.5962500000000001 0.28125 0.62375 0.28125 0.62375 0.27375
5 0.5962500000000001 0.27125 0.58125 0.27125 0.58125 0.28875 0.5962500000000001 0.28875 0.5962500000000001 0.27125
5 0.61875 0.28125 0.5962500000000001 0.28125 0.5962500000000001 0.29125 0.61875 0.29125 0.61875 0.28125
5 0.63 0.2925 0.5974999999999999 0.2925 0.5974999999999999 0.3025 0.63 0.3025 0.63 0.2925
5 0.70375 0.26749999999999996 0.67875 0.26749999999999996 0.67875 0.2875 0.70375 0.2875 0.70375 0.26749999999999996
5 0.71375 0.275 0.69625 0.275 0.69625 0.29 0.71375 0.29 0.71375 0.275
5 0.72875 0.27625 0.7112499999999999 0.27625 0.7112499999999999 0.29625 0.72875 0.29625 0.72875 0.27625
5 0.74125 0.27749999999999997 0.72875 0.27749999999999997 0.72875 0.2975 0.74125 0.2975 0.74125 0.27749999999999997
5 0.6912499999999999 0.28375 0.67375 0.28375 0.67375 0.29874999999999996 0.6912499999999999 0.29874999999999996 0.6912499999999999 0.28375
5 0.6825 0.30375 0.6625 0.30375 0.6625 0.32125 0.6825 0.32125 0.6825 0.30375
5 0.71 0.2875 0.6875 0.2875 0.6875 0.3025 0.71 0.3025 0.71 0.2875
5 0.75625 0.27875 0.73875 0.27875 0.73875 0.29874999999999996 0.75625 0.29874999999999996 0.75625 0.27875
5 0.7675 0.27875 0.7575000000000001 0.27875 0.7575000000000001 0.29874999999999996 0.7675 0.29874999999999996 0.7675 0.27875
5 0.7837500000000001 0.28125 0.76875 0.28125 0.76875 0.30125 0.7837500000000001 0.30125 0.7837500000000001 0.28125
5 0.80625 0.28125 0.78125 0.28125 0.78125 0.29125 0.80625 0.29125 0.80625 0.28125
5 0.8375 0.28125 0.8074999999999999 0.28125 0.8074999999999999 0.29375 0.8375 0.29375 0.8375 0.28125
5 0.72875 0.30375 0.71375 0.30375 0.71375 0.32375 0.72875 0.32375 0.72875 0.30375
5 0.76875 0.3025 0.75125 0.3025 0.75125 0.325 0.76875 0.325 0.76875 0.3025
5 0.7837500000000001 0.30125 0.77125 0.30125 0.77125 0.32125 0.7837500000000001 0.32125 0.7837500000000001 0.30125
5 0.79875 0.29625 0.78625 0.29625 0.78625 0.31124999999999997 0.79875 0.31124999999999997 0.79875 0.29625
5 0.81375 0.30125 0.79875 0.30125 0.79875 0.32125 0.81375 0.32125 0.81375 0.30125
5 0.8262499999999999 0.29125 0.8012499999999999 0.29125 0.8012499999999999 0.30125 0.8262499999999999 0.30125 0.8262499999999999 0.29125
5 0.86875 0.28625 0.83625 0.28625 0.83625 0.29625 0.86875 0.29625 0.86875 0.28625
5 0.8462500000000001 0.2975 0.83375 0.2975 0.83375 0.315 0.8462500000000001 0.315 0.8462500000000001 0.2975
5 0.86625 0.2975 0.8487500000000001 0.2975 0.8487500000000001 0.32 0.86625 0.32 0.86625 0.2975
5 0.8775000000000001 0.3 0.8625 0.3 0.8625 0.32 0.8775000000000001 0.32 0.8775000000000001 0.3
5 0.9 0.29 0.8724999999999999 0.29 0.8724999999999999 0.3 0.9 0.3 0.9 0.29
5 0.89 0.30125 0.8775000000000001 0.30125 0.8775000000000001 0.31625000000000003 0.89 0.31625000000000003 0.89 0.30125
5 0.9037499999999999 0.29874999999999996 0.89125 0.29874999999999996 0.89125 0.31875 0.9037499999999999 0.31875 0.9037499999999999 0.29874999999999996
5 0.915 0.2975 0.9025000000000001 0.2975 0.9025000000000001 0.32 0.915 0.32 0.915 0.2975
5 0.93125 0.2875 0.9012499999999999 0.2875 0.9012499999999999 0.2975 0.93125 0.2975 0.93125 0.2875
5 0.9337500000000001 0.29500000000000004 0.91625 0.29500000000000004 0.91625 0.315 0.9337500000000001 0.315 0.9337500000000001 0.29500000000000004
5 0.9475 0.2875 0.9349999999999999 0.2875 0.9349999999999999 0.3075 0.9475 0.3075 0.9475 0.2875
5 0.975 0.28125 0.95 0.28125 0.95 0.28875 0.975 0.28875 0.975 0.28125
5 0.9650000000000001 0.29 0.95 0.29 0.95 0.31 0.9650000000000001 0.31 0.9650000000000001 0.29
5 0.9824999999999999 0.28875 0.9650000000000001 0.28875 0.9650000000000001 0.31124999999999997 0.9824999999999999 0.31124999999999997 0.9824999999999999 0.28875
5 0.9974999999999999 0.29125 0.9824999999999999 0.29125 0.9824999999999999 0.31124999999999997 0.9974999999999999 0.31124999999999997 0.9974999999999999 0.29125
5 1 0.27999999999999997 0.9775 0.27999999999999997 0.9775 0.29 1 0.29 1 0.27999999999999997
5 0.99 0.35625 0.9724999999999999 0.35625 0.9724999999999999 0.37625000000000003 0.99 0.37625000000000003 0.99 0.35625
5 0.87375 0.44000000000000006 0.8412499999999999 0.44000000000000006 0.8412499999999999 0.44749999999999995 0.87375 0.44749999999999995 0.87375 0.44000000000000006
5 0.65 0.30625 0.6375 0.30625 0.6375 0.32625000000000004 0.65 0.32625000000000004 0.65 0.30625
5 0.6637500000000001 0.305 0.65125 0.305 0.65125 0.325 0.6637500000000001 0.325 0.6637500000000001 0.305
5 0.675 0.2625 0.65 0.2625 0.65 0.27749999999999997 0.675 0.27749999999999997 0.675 0.2625
5 0.40499999999999997 0.26875 0.39249999999999996 0.26875 0.39249999999999996 0.28875 0.40499999999999997 0.28875 0.40499999999999997 0.26875
5 0.3175 0.30375 0.2975 0.30375 0.2975 0.32375 0.3175 0.32375 0.3175 0.30375
5 0.35375 0.29500000000000004 0.34125 0.29500000000000004 0.34125 0.3175 0.35375 0.3175 0.35375 0.29500000000000004
5 0.35750000000000004 0.3175 0.34249999999999997 0.3175 0.34249999999999997 0.335 0.35750000000000004 0.335 0.35750000000000004 0.3175
5 0.9925 0.39125 0.9824999999999999 0.39125 0.9824999999999999 0.40875000000000006 0.9925 0.40875000000000006 0.9925 0.39125
5 1 0.39 0.9949999999999999 0.39 0.9949999999999999 0.40499999999999997 1 0.40499999999999997 1 0.39
5 0.52 0.4425 0.4925 0.4425 0.4925 0.45999999999999996 0.52 0.45999999999999996 0.52 0.4425
5 0.86 0.2475 0.845 0.2475 0.845 0.2625 0.86 0.2625 0.86 0.2475