5 1 0.01 0.9862500000000001 0.01 0.9862500000000001 0.025 1 0.025 1 0.01
5 0.1375 0.24874999999999997 0.1075 0.24874999999999997 0.1075 0.25875 0.1375 0.25875 0.1375 0.24874999999999997
5 0.05500000000000001 0.305 0.0325 0.305 0.0325 0.3275 0.05500000000000001 0.3275 0.05500000000000001 0.305
5 0.0875 0.34500000000000003 0.06 0.34500000000000003 0.06 0.35750000000000004 0.0875 0.35750000000000004 0.0875 0.34500000000000003
5 0.09 0.355 0.057499999999999996 0.355 0.057499999999999996 0.3675 0.09 0.3675 0.09 0.355
5 0.0875 0.36875 0.045 0.36875 0.045 0.37875000000000003 0.0875 0.37875000000000003 0.0875 0.36875
5 0.08125 0.37875000000000003 0.03875 0.37875000000000003 0.03875 0.38875000000000004 0.08125 0.38875000000000004 0.08125 0.37875000000000003
5 0.08249999999999999 0.39 0.04 0.39 0.04 0.4 0.08249999999999999 0.4 0.08249999999999999 0.39
5 0.061250000000000006 0.4125 0.026250000000000002 0.4125 0.026250000000000002 0.425 0.061250000000000006 0.425 0.061250000000000006 0.4125
5 0.057499999999999996 0.4225 0.0225 0.4225 0.0225 0.43499999999999994 0.057499999999999996 0.43499999999999994 0.057499999999999996 0.4225
5 0 0.7775000000000001 0.017499999999999998 0.7775000000000001 0.017499999999999998 0.7625 0 0.7625 0 0.7775000000000001
5 0.061250000000000006 0.8012499999999999 0.03625 0.8012499999999999 0.03625 0.8162499999999999 0.061250000000000006 0.8162499999999999 0.061250000000000006 0.8012499999999999
5 0.05 0.83625 0.027500000000000004 0.83625 0.027500000000000004 0.85125 0.05 0.85125 0.05 0.83625
5 0.057499999999999996 0.89 0.0325 0.89 0.0325 0.9099999999999999 0.057499999999999996 0.9099999999999999 0.057499999999999996 0.89
5 0.1525 0.8675 0.13 0.8675 0.13 0.8800000000000001 0.1525 0.8800000000000001 0.1525 0.8675
5 0.29375 0.7462500000000001 0.26125 0.7462500000000001 0.26125 0.75875 0.29375 0.75875 0.29375 0.7462500000000001
5 0.28875 0.75875 0.26125 0.75875 0.26125 0.7737499999999999 0.28875 0.7737499999999999 0.28875 0.75875
5 0.09625 0.57125 0.07125000000000001 0.57125 0.07125000000000001 0.5962500000000001 0.09625 0.5962500000000001 0.09625 0.57125
5 0.05500000000000001 0.62375 0.0375 0.62375 0.0375 0.64375 0.05500000000000001 0.64375 0.05500000000000001 0.62375
5 0.11750000000000001 0.58125 0.0925 0.58125 0.0925 0.60375 0.11750000000000001 0.60375 0.11750000000000001 0.58125
5 0.10625 0.6012500000000001 0.08625000000000001 0.6012500000000001 0.08625000000000001 0.6212500000000001 0.10625 0.6212500000000001 0.10625 0.6012500000000001
5 0.13999999999999999 0.6 0.12250000000000001 0.6 0.12250000000000001 0.6224999999999999 0.13999999999999999 0.6224999999999999 0.13999999999999999 0.6
5 0.15125 0.54375 0.12875 0.54375 0.12875 0.55625 0.15125 0.55625 0.15125 0.54375
5 0.14750000000000002 0.55375 0.12250000000000001 0.55375 0.12250000000000001 0.56375 0.14750000000000002 0.56375 0.14750000000000002 0.55375
5 0.26 0.93 0.2325 0.93 0.2325 0.95 0.26 0.95 0.26 0.93
5 0.48125 0.865 0.45125000000000004 0.865 0.45125000000000004 0.8800000000000001 0.48125 0.8800000000000001 0.48125 0.865
5 0.25625 0.48875 0.22125 0.48875 0.22125 0.5037499999999999 0.25625 0.5037499999999999 0.25625 0.48875
5 0.26125 0.47874999999999995 0.23125 0.47874999999999995 0.23125 0.49124999999999996 0.26125 0.49124999999999996 0.26125 0.47874999999999995
5 0.21625 0.41375 0.19875 0.41375 0.19875 0.42625 0.21625 0.42625 0.21625 0.41375
5 0.215 0.42625 0.1925 0.42625 0.1925 0.43624999999999997 0.215 0.43624999999999997 0.215 0.42625
5 0.20625 0.43375 0.18625 0.43375 0.18625 0.44625000000000004 0.20625 0.44625000000000004 0.20625 0.43375
5 0.27999999999999997 0.44000000000000006 0.25 0.44000000000000006 0.25 0.45499999999999996 0.27999999999999997 0.45499999999999996 0.27999999999999997 0.44000000000000006
5 0.28625 0.43 0.25625 0.43 0.25625 0.445 0.28625 0.445 0.28625 0.43
5 0.29874999999999996 0.4025 0.26875 0.4025 0.26875 0.41500000000000004 0.29874999999999996 0.41500000000000004 0.29874999999999996 0.4025
5 0.30625 0.39249999999999996 0.27375 0.39249999999999996 0.27375 0.40499999999999997 0.30625 0.40499999999999997 0.30625 0.39249999999999996
5 0.30874999999999997 0.38375 0.28125 0.38375 0.28125 0.39625 0.30874999999999997 0.39625 0.30874999999999997 0.38375
5 0.2475 0.36875 0.2225 0.36875 0.2225 0.38125 0.2475 0.38125 0.2475 0.36875
5 0.25125000000000003 0.35750000000000004 0.22875 0.35750000000000004 0.22875 0.37 0.25125000000000003 0.37 0.25125000000000003 0.35750000000000004
5 0.3175 0.36625 0.29 0.36625 0.29 0.38125 0.3175 0.38125 0.3175 0.36625
5 0.32125 0.355 0.29375 0.355 0.29375 0.3675 0.32125 0.3675 0.32125 0.355
5 0.33375 0.335 0.30375 0.335 0.30375 0.35 0.33375 0.35 0.33375 0.335
5 0.34125 0.3275 0.30874999999999997 0.3275 0.30874999999999997 0.33999999999999997 0.34125 0.33999999999999997 0.34125 0.3275
5 0.34249999999999997 0.30125 0.3125 0.30125 0.3125 0.31875 0.34249999999999997 0.31875 0.34249999999999997 0.30125
5 0.34750000000000003 0.29125 0.315 0.29125 0.315 0.30375 0.34750000000000003 0.30375 0.34750000000000003 0.29125
5 0.30625 0.27125 0.27875 0.27125 0.27875 0.30375 0.30625 0.30375 0.30625 0.27125
5 0.29125 0.27 0.26875 0.27 0.26875 0.28250000000000003 0.29125 0.28250000000000003 0.29125 0.27
5 0.2975 0.25875 0.275 0.25875 0.275 0.27375 0.2975 0.27375 0.2975 0.25875
5 0.305 0.25 0.27999999999999997 0.25 0.27999999999999997 0.26 0.305 0.26 0.305 0.25
5 0.35625 0.25875 0.32625000000000004 0.25875 0.32625000000000004 0.27375 0.35625 0.27375 0.35625 0.25875
5 0.36 0.25 0.3325 0.25 0.3325 0.2625 0.36 0.2625 0.36 0.25
5 0.36124999999999996 0.24125000000000002 0.33375 0.24125000000000002 0.33375 0.25625 0.36124999999999996 0.25625 0.36124999999999996 0.24125000000000002
5 0.30874999999999997 0.22625 0.29125 0.22625 0.29125 0.23875000000000002 0.30874999999999997 0.23875000000000002 0.30874999999999997 0.22625
5 0.36375 0.23125 0.33625 0.23125 0.33625 0.24625 0.36375 0.24625 0.36375 0.23125
5 0.375 0.2125 0.34500000000000003 0.2125 0.34500000000000003 0.225 0.375 0.225 0.375 0.2125
5 0.325 0.19375 0.3075 0.19375 0.3075 0.20875 0.325 0.20875 0.325 0.19375
5 0.38125 0.20125 0.35375 0.20125 0.35375 0.21125 0.38125 0.21125 0.38125 0.20125
5 0.33625 0.18125 0.31375000000000003 0.18125 0.31375000000000003 0.19375 0.33625 0.19375 0.33625 0.18125
5 0.38625 0.18375 0.35375 0.18375 0.35375 0.19624999999999998 0.38625 0.19624999999999998 0.38625 0.18375
5 0.58875 0.18 0.5662499999999999 0.18 0.5662499999999999 0.2 0.58875 0.2 0.58875 0.18
5 0.605 0.18375 0.5900000000000001 0.18375 0.5900000000000001 0.19624999999999998 0.605 0.19624999999999998 0.605 0.18375
5 0.52625 0.22000000000000003 0.48375 0.22000000000000003 0.48375 0.24 0.52625 0.24 0.52625 0.22000000000000003
5 0.515 0.255 0.4725 0.255 0.4725 0.2725 0.515 0.2725 0.515 0.255
5 0.49000000000000005 0.2725 0.4575 0.2725 0.4575 0.28500000000000003 0.49000000000000005 0.28500000000000003 0.49000000000000005 0.2725
5 0.5525 0.29625 0.53 0.29625 0.53 0.31375000000000003 0.5525 0.31375000000000003 0.5525 0.29625
5 0.5662499999999999 0.34875 0.53625 0.34875 0.53625 0.35875 0.5662499999999999 0.35875 0.5662499999999999 0.34875
5 0.5349999999999999 0.34875 0.505 0.34875 0.505 0.36375 0.5349999999999999 0.36375 0.5349999999999999 0.34875
5 0.56125 0.35625 0.53125 0.35625 0.53125 0.36875 0.56125 0.36875 0.56125 0.35625
5 0.47375 0.35 0.45125000000000004 0.35 0.45125000000000004 0.37 0.47375 0.37 0.47375 0.35
5 0.485 0.3525 0.47000000000000003 0.3525 0.47000000000000003 0.375 0.485 0.375 0.485 0.3525
5 0.49874999999999997 0.35750000000000004 0.47874999999999995 0.35750000000000004 0.47874999999999995 0.375 0.49874999999999997 0.375 0.49874999999999997 0.35750000000000004
5 0.51375 0.3775 0.48375 0.3775 0.48375 0.39 0.51375 0.39 0.51375 0.3775
5 0.54375 0.3775 0.51375 0.3775 0.51375 0.39249999999999996 0.54375 0.39249999999999996 0.54375 0.3775
5 0.51125 0.38625 0.48624999999999996 0.38625 0.48624999999999996 0.40125 0.51125 0.40125 0.51125 0.38625
5 0.5375 0.39125 0.5125 0.39125 0.5125 0.40374999999999994 0.5375 0.40374999999999994 0.5375 0.39125
5 0.51125 0.3975 0.48125 0.3975 0.48125 0.4125 0.51125 0.4125 0.51125 0.3975
5 0.5425 0.40125 0.51 0.40125 0.51 0.41375 0.5425 0.41375 0.5425 0.40125
5 0.48875 0.425 0.46125 0.425 0.46125 0.4375 0.48875 0.4375 0.48875 0.425
5 0.53125 0.4225 0.5037499999999999 0.4225 0.5037499999999999 0.43499999999999994 0.53125 0.43499999999999994 0.53125 0.4225
5 0.47874999999999995 0.4325 0.44625000000000004 0.4325 0.44625000000000004 0.44749999999999995 0.47874999999999995 0.44749999999999995 0.47874999999999995 0.4325
5 0.5599999999999999 0.44125 0.5325 0.44125 0.5325 0.46375 0.5599999999999999 0.46375 0.5599999999999999 0.44125
5 0.48250000000000004 0.445 0.45 0.445 0.45 0.45499999999999996 0.48250000000000004 0.45499999999999996 0.48250000000000004 0.445
5 0.475 0.45375 0.445 0.45375 0.445 0.46624999999999994 0.475 0.46624999999999994 0.475 0.45375
5 0.47375 0.465 0.44125 0.465 0.44125 0.47750000000000004 0.47375 0.47750000000000004 0.47375 0.465
5 0.46875 0.475 0.43875000000000003 0.475 0.43875000000000003 0.4875 0.46875 0.4875 0.46875 0.475
5 0.46875 0.4875 0.43875000000000003 0.4875 0.43875000000000003 0.49749999999999994 0.46875 0.49749999999999994 0.46875 0.4875
5 0.4575 0.4925 0.4325 0.4925 0.4325 0.5075000000000001 0.4575 0.5075000000000001 0.4575 0.4925
5 0.38375 0.47375 0.35375 0.47375 0.35375 0.48875 0.38375 0.48875 0.38375 0.47375
5 0.37374999999999997 0.485 0.34875 0.485 0.34875 0.5 0.37374999999999997 0.5 0.37374999999999997 0.485
5 0.37124999999999997 0.495 0.34375 0.495 0.34375 0.51 0.37124999999999997 0.51 0.37124999999999997 0.495
5 0.36875 0.5037499999999999 0.33875 0.5037499999999999 0.33875 0.51875 0.36875 0.51875 0.36875 0.5037499999999999
5 0.43 0.50125 0.40499999999999997 0.50125 0.40499999999999997 0.51375 0.43 0.51375 0.43 0.50125
5 0.4225 0.51875 0.3975 0.51875 0.3975 0.53125 0.4225 0.53125 0.4225 0.51875
5 0.49625 0.51625 0.46875 0.51625 0.46875 0.52625 0.49625 0.52625 0.49625 0.51625
5 0.6012500000000001 0.47125000000000006 0.57125 0.47125000000000006 0.57125 0.48375 0.6012500000000001 0.48375 0.6012500000000001 0.47125000000000006
5 0.5974999999999999 0.48250000000000004 0.5675 0.48250000000000004 0.5675 0.495 0.5974999999999999 0.495 0.5974999999999999 0.48250000000000004
5 0.5925 0.495 0.5650000000000001 0.495 0.5650000000000001 0.505 0.5925 0.505 0.5925 0.495
5 0.52125 0.5025000000000001 0.5037499999999999 0.5025000000000001 0.5037499999999999 0.525 0.52125 0.525 0.52125 0.5025000000000001
5 0.52 0.5475 0.4925 0.5475 0.4925 0.5575 0.52 0.5575 0.52 0.5475
5 0.45625 0.54625 0.42625 0.54625 0.42625 0.5587500000000001 0.45625 0.5587500000000001 0.45625 0.54625
5 0.45375 0.5549999999999999 0.42125 0.5549999999999999 0.42125 0.5675 0.45375 0.5675 0.45375 0.5549999999999999
5 0.5775 0.515 0.5599999999999999 0.515 0.5599999999999999 0.5349999999999999 0.5775 0.5349999999999999 0.5775 0.515
5 0.35875 0.515 0.32875 0.515 0.32875 0.53 0.35875 0.53 0.35875 0.515
5 0.605 0.5175 0.58 0.5175 0.58 0.5275000000000001 0.605 0.5275000000000001 0.605 0.5175
5 0.62625 0.515 0.60875 0.515 0.60875 0.5325 0.62625 0.5325 0.62625 0.515
5 0.56375 0.55375 0.5387500000000001 0.55375 0.5387500000000001 0.57625 0.56375 0.57625 0.56375 0.55375
5 0.585 0.55375 0.5599999999999999 0.55375 0.5599999999999999 0.57375 0.585 0.57375 0.585 0.55375
5 0.59875 0.55375 0.57375 0.55375 0.57375 0.57375 0.59875 0.57375 0.59875 0.55375
5 0.6287499999999999 0.5475 0.61125 0.5475 0.61125 0.5675 0.6287499999999999 0.5675 0.6287499999999999 0.5475
5 0.66625 0.54625 0.6487499999999999 0.54625 0.6487499999999999 0.57125 0.66625 0.57125 0.66625 0.54625
5 0.6825 0.55125 0.6625 0.55125 0.6625 0.56875 0.6825 0.56875 0.6825 0.55125
5 0.6825 0.5075000000000001 0.6625 0.5075000000000001 0.6625 0.5275000000000001 0.6825 0.5275000000000001 0.6825 0.5075000000000001
5 0.705 0.51 0.6925 0.51 0.6925 0.5275000000000001 0.705 0.5275000000000001 0.705 0.51
5 0.6275000000000001 0.40750000000000003 0.6 0.40750000000000003 0.6 0.4225 0.6275000000000001 0.4225 0.6275000000000001 0.40750000000000003
5 0.63375 0.4225 0.60625 0.4225 0.60625 0.43499999999999994 0.63375 0.43499999999999994 0.63375 0.4225
5 0.8025 0.45 0.775 0.45 0.775 0.46749999999999997 0.8025 0.46749999999999997 0.8025 0.45
5 0.795 0.465 0.7675 0.465 0.7675 0.475 0.795 0.475 0.795 0.465
5 0.79625 0.47625 0.76625 0.47625 0.76625 0.48875 0.79625 0.48875 0.79625 0.47625
5 0.7849999999999999 0.48624999999999996 0.7575000000000001 0.48624999999999996 0.7575000000000001 0.49625 0.7849999999999999 0.49625 0.7849999999999999 0.48624999999999996
5 0.7675 0.49375 0.7424999999999999 0.49375 0.7424999999999999 0.50625 0.7675 0.50625 0.7675 0.49375
5 0.765 0.50625 0.74 0.50625 0.74 0.51625 0.765 0.51625 0.765 0.50625
5 0.7625 0.515 0.7325 0.515 0.7325 0.5325 0.7625 0.5325 0.7625 0.515
5 0.82875 0.46624999999999994 0.8162499999999999 0.46624999999999994 0.8162499999999999 0.48624999999999996 0.82875 0.48624999999999996 0.82875 0.46624999999999994
5 0.8462500000000001 0.46749999999999997 0.83375 0.46749999999999997 0.83375 0.485 0.8462500000000001 0.485 0.8462500000000001 0.46749999999999997
5 0.8637499999999999 0.46875 0.8462500000000001 0.46875 0.8462500000000001 0.49375 0.8637499999999999 0.49375 0.8637499999999999 0.46875
5 0.88375 0.47125000000000006 0.8637499999999999 0.47125000000000006 0.8637499999999999 0.48875 0.88375 0.48875 0.88375 0.47125000000000006
5 0.925 0.4925 0.8949999999999999 0.4925 0.8949999999999999 0.5025000000000001 0.925 0.5025000000000001 0.925 0.4925
5 0.9125 0.50125 0.8825 0.50125 0.8825 0.51375 0.9125 0.51375 0.9125 0.50125
5 0.905 0.5125 0.8724999999999999 0.5125 0.8724999999999999 0.525 0.905 0.525 0.905 0.5125
5 0.84375 0.5275000000000001 0.8162499999999999 0.5275000000000001 0.8162499999999999 0.5375 0.84375 0.5375 0.84375 0.5275000000000001
5 0.80625 0.5275000000000001 0.7787499999999999 0.5275000000000001 0.7787499999999999 0.54 0.80625 0.54 0.80625 0.5275000000000001
5 0.44000000000000006 0.56375 0.41500000000000004 0.56375 0.41500000000000004 0.57625 0.44000000000000006 0.57625 0.44000000000000006 0.56375
5 0.3675 0.56125 0.335 0.56125 0.335 0.57375 0.3675 0.57375 0.3675 0.56125
5 0.35750000000000004 0.57875 0.3275 0.57875 0.3275 0.59375 0.35750000000000004 0.59375 0.35750000000000004 0.57875
5 0.43 0.6 0.4025 0.6 0.4025 0.61 0.43 0.61 0.43 0.6
5 0.35625 0.595 0.32625000000000004 0.595 0.32625000000000004 0.6075 0.35625 0.6075 0.35625 0.595
5 0.42874999999999996 0.61 0.40125 0.61 0.40125 0.6224999999999999 0.42874999999999996 0.6224999999999999 0.42874999999999996 0.61
5 0.35750000000000004 0.6325000000000001 0.325 0.6325000000000001 0.325 0.6475 0.35750000000000004 0.6475 0.35750000000000004 0.6325000000000001
5 0.38875000000000004 0.4575 0.36625 0.4575 0.36625 0.46749999999999997 0.38875000000000004 0.46749999999999997 0.38875000000000004 0.4575
5 0.64 0 0.64 0.01125 0.6525000000000001 0.01125 0.6525000000000001 0 0.64 0
5 0.26749999999999996 0.3125 0.2325 0.3125 0.2325 0.36 0.26749999999999996 0.36 0.26749999999999996 0.3125
5 0.02 0.5575 0.01 0.5575 0.01 0.5675 0.02 0.5675 0.02 0.5575
5 0.42125 0.6325000000000001 0.39375 0.6325000000000001 0.39375 0.645 0.42125 0.645 0.42125 0.6325000000000001
5 0.42750000000000005 0.64125 0.395 0.64125 0.395 0.6537499999999999 0.42750000000000005 0.6537499999999999 0.42750000000000005 0.64125
5 0.61375 0.5549999999999999 0.58875 0.5549999999999999 0.58875 0.575 0.61375 0.575 0.61375 0.5549999999999999
5 0.395 0.16375 0.3525 0.16375 0.3525 0.17875000000000002 0.395 0.17875000000000002 0.395 0.16375