5 0 0.735 0.015 0.735 0.015 0.7224999999999999 0 0.7224999999999999 0 0.735
5 0.065 0.70125 0.04 0.70125 0.04 0.7112499999999999 0.065 0.7112499999999999 0.065 0.70125
5 0.08625000000000001 0.7125 0.058750000000000004 0.7125 0.058750000000000004 0.7224999999999999 0.08625000000000001 0.7224999999999999 0.08625000000000001 0.7125
5 0.06375 0.75 0.028749999999999998 0.75 0.028749999999999998 0.7625 0.06375 0.7625 0.06375 0.75
5 0.1925 0.7525000000000001 0.16 0.7525000000000001 0.16 0.7625 0.1925 0.7625 0.1925 0.7525000000000001
5 0.155 0.74 0.12250000000000001 0.74 0.12250000000000001 0.75 0.155 0.75 0.155 0.74
5 0.16125 0.725 0.13374999999999998 0.725 0.13374999999999998 0.74 0.16125 0.74 0.16125 0.725
5 0.28500000000000003 0.7150000000000001 0.2525 0.7150000000000001 0.2525 0.73 0.28500000000000003 0.73 0.28500000000000003 0.7150000000000001
5 0.37374999999999997 0.7175 0.34125 0.7175 0.34125 0.73 0.37374999999999997 0.73 0.37374999999999997 0.7175
5 0.3175 0.72875 0.29 0.72875 0.29 0.73875 0.3175 0.73875 0.3175 0.72875
5 0.33375 0.74125 0.30375 0.74125 0.30375 0.7537499999999999 0.33375 0.7537499999999999 0.33375 0.74125
5 0.29625 0.7525000000000001 0.26625 0.7525000000000001 0.26625 0.77 0.29625 0.77 0.29625 0.7525000000000001
5 0.21625 0.7 0.19125 0.7 0.19125 0.7125 0.21625 0.7125 0.21625 0.7
5 0.465 0.705 0.43 0.705 0.43 0.7175 0.465 0.7175 0.465 0.705
5 0.46375 0.73 0.43375 0.73 0.43375 0.7424999999999999 0.46375 0.7424999999999999 0.46375 0.73
5 0.46375 0.74125 0.43125 0.74125 0.43125 0.7537499999999999 0.46375 0.7537499999999999 0.46375 0.74125
5 0.425 0.75875 0.395 0.75875 0.395 0.76875 0.425 0.76875 0.425 0.75875
5 0.5075000000000001 0.68625 0.48 0.68625 0.48 0.69625 0.5075000000000001 0.69625 0.5075000000000001 0.68625
5 0.51125 0.7625 0.48125 0.7625 0.48125 0.775 0.51125 0.775 0.51125 0.7625
5 0.49625 0.82875 0.48375 0.82875 0.48375 0.84375 0.49625 0.84375 0.49625 0.82875
5 0.41500000000000004 0.8400000000000001 0.4 0.8400000000000001 0.4 0.8574999999999999 0.41500000000000004 0.8574999999999999 0.41500000000000004 0.8400000000000001
5 0.395 0.8412499999999999 0.38 0.8412499999999999 0.38 0.85875 0.395 0.85875 0.395 0.8412499999999999
5 0.46624999999999994 0.8300000000000001 0.45125000000000004 0.8300000000000001 0.45125000000000004 0.85 0.46624999999999994 0.85 0.46624999999999994 0.8300000000000001
5 0.49375 0.8425 0.47625 0.8425 0.47625 0.865 0.49375 0.865 0.49375 0.8425
5 0.46125 0.85125 0.43875000000000003 0.85125 0.43875000000000003 0.8787499999999999 0.46125 0.8787499999999999 0.46125 0.85125
5 0 0.19624999999999998 0.015 0.19624999999999998 0.015 0.17625 0 0.17625 0 0.19624999999999998
5 0.03125 0.17625 0.01625 0.17625 0.01625 0.19624999999999998 0.03125 0.19624999999999998 0.03125 0.17625
5 0.04375 0.17625 0.028749999999999998 0.17625 0.028749999999999998 0.19624999999999998 0.04375 0.19624999999999998 0.04375 0.17625
5 0.058750000000000004 0.17875000000000002 0.04375 0.17875000000000002 0.04375 0.19875 0.058750000000000004 0.19875 0.058750000000000004 0.17875000000000002
5 0.07125000000000001 0.1825 0.058750000000000004 0.1825 0.058750000000000004 0.1975 0.07125000000000001 0.1975 0.07125000000000001 0.1825
5 0.08625000000000001 0.17625 0.06875 0.17625 0.06875 0.19624999999999998 0.08625000000000001 0.19624999999999998 0.08625000000000001 0.17625
5 0.10375000000000001 0.17625 0.08625000000000001 0.17625 0.08625000000000001 0.19875 0.10375000000000001 0.19875 0.10375000000000001 0.17625
5 0.12 0.1775 0.10500000000000001 0.1775 0.10500000000000001 0.1975 0.12 0.1975 0.12 0.1775
5 0.145 0.12250000000000001 0.1275 0.12250000000000001 0.1275 0.13999999999999999 0.145 0.13999999999999999 0.145 0.12250000000000001
5 0.1575 0.12125 0.1375 0.12125 0.1375 0.14125000000000001 0.1575 0.14125000000000001 0.1575 0.12125
5 0.17124999999999999 0.12 0.15625 0.12 0.15625 0.1375 0.17124999999999999 0.1375 0.17124999999999999 0.12
5 0.1825 0.12 0.1675 0.12 0.1675 0.13999999999999999 0.1825 0.13999999999999999 0.1825 0.12
5 0.1975 0.11750000000000001 0.1825 0.11750000000000001 0.1825 0.13999999999999999 0.1975 0.13999999999999999 0.1975 0.11750000000000001
5 0.21375000000000002 0.11750000000000001 0.19875 0.11750000000000001 0.19875 0.1375 0.21375000000000002 0.1375 0.21375000000000002 0.11750000000000001
5 0.22875 0.095 0.21125 0.095 0.21125 0.11499999999999999 0.22875 0.11499999999999999 0.22875 0.095
5 0.2425 0.095 0.225 0.095 0.225 0.11750000000000001 0.2425 0.11750000000000001 0.2425 0.095
5 0.2625 0.09625 0.2425 0.09625 0.2425 0.11875 0.2625 0.11875 0.2625 0.09625
5 0.27749999999999997 0.095 0.2625 0.095 0.2625 0.11499999999999999 0.27749999999999997 0.11499999999999999 0.27749999999999997 0.095
5 0.29125 0.0925 0.27625 0.0925 0.27625 0.1125 0.29125 0.1125 0.29125 0.0925
5 0.30375 0.09125 0.28875 0.09125 0.28875 0.11374999999999999 0.30375 0.11374999999999999 0.30375 0.09125
5 0.3225 0.09125 0.3025 0.09125 0.3025 0.11625 0.3225 0.11625 0.3225 0.09125
5 0.3325 0.09125 0.3175 0.09125 0.3175 0.11625 0.3325 0.11625 0.3325 0.09125
5 0.35125 0.09125 0.33375 0.09125 0.33375 0.11125 0.35125 0.11125 0.35125 0.09125
5 0.365 0.09 0.35 0.09 0.35 0.1125 0.365 0.1125 0.365 0.09
5 0.38125 0.09 0.36124999999999996 0.09 0.36124999999999996 0.11499999999999999 0.38125 0.11499999999999999 0.38125 0.09
5 0.39625 0.09 0.37875000000000003 0.09 0.37875000000000003 0.1125 0.39625 0.1125 0.39625 0.09
5 0.41500000000000004 0.09125 0.3975 0.09125 0.3975 0.10874999999999999 0.41500000000000004 0.10874999999999999 0.41500000000000004 0.09125
5 0.42874999999999996 0.08875 0.41375 0.08875 0.41375 0.10874999999999999 0.42874999999999996 0.10874999999999999 0.42874999999999996 0.08875
5 0.4425 0.0925 0.42750000000000005 0.0925 0.42750000000000005 0.1075 0.4425 0.1075 0.4425 0.0925
5 0.45499999999999996 0.09 0.4425 0.09 0.4425 0.1125 0.45499999999999996 0.1125 0.45499999999999996 0.09
5 0.47625 0.08875 0.45625 0.08875 0.45625 0.11125 0.47625 0.11125 0.47625 0.08875
5 0.23374999999999999 0.12625 0.21125 0.12625 0.21125 0.14375 0.23374999999999999 0.14375 0.23374999999999999 0.12625
5 0.2475 0.12250000000000001 0.22999999999999998 0.12250000000000001 0.22999999999999998 0.14250000000000002 0.2475 0.14250000000000002 0.2475 0.12250000000000001
5 0.25875 0.12375 0.24375 0.12375 0.24375 0.14375 0.25875 0.14375 0.25875 0.12375
5 0.27875 0.125 0.26125 0.125 0.26125 0.14750000000000002 0.27875 0.14750000000000002 0.27875 0.125
5 0.2925 0.12625 0.27749999999999997 0.12625 0.27749999999999997 0.14625 0.2925 0.14625 0.2925 0.12625
5 0.30375 0.1275 0.29125 0.1275 0.29125 0.145 0.30375 0.145 0.30375 0.1275
5 0.32 0.12625 0.305 0.12625 0.305 0.14625 0.32 0.14625 0.32 0.12625
5 0.33375 0.1275 0.31875 0.1275 0.31875 0.14750000000000002 0.33375 0.14750000000000002 0.33375 0.1275
5 0.35125 0.1275 0.33625 0.1275 0.33625 0.14750000000000002 0.35125 0.14750000000000002 0.35125 0.1275
5 0.365 0.12625 0.3525 0.12625 0.3525 0.14625 0.365 0.14625 0.365 0.12625
5 0.38 0.12875 0.365 0.12875 0.365 0.14625 0.38 0.14625 0.38 0.12875
5 0.39249999999999996 0.12875 0.3775 0.12875 0.3775 0.14875 0.39249999999999996 0.14875 0.39249999999999996 0.12875
5 0.40625 0.12875 0.39375 0.12875 0.39375 0.15125 0.40625 0.15125 0.40625 0.12875
5 0.425 0.12875 0.40750000000000003 0.12875 0.40750000000000003 0.15375 0.425 0.15375 0.425 0.12875
5 0.43875000000000003 0.13374999999999998 0.42625 0.13374999999999998 0.42625 0.15375 0.43875000000000003 0.15375 0.43875000000000003 0.13374999999999998
5 0.22999999999999998 0.13874999999999998 0.21000000000000002 0.13874999999999998 0.21000000000000002 0.15375 0.22999999999999998 0.15375 0.22999999999999998 0.13874999999999998
5 0.24375 0.14250000000000002 0.22374999999999998 0.14250000000000002 0.22374999999999998 0.16 0.24375 0.16 0.24375 0.14250000000000002
5 0.25625 0.14375 0.24125000000000002 0.14375 0.24125000000000002 0.16125 0.25625 0.16125 0.25625 0.14375
5 0.28500000000000003 0.14625 0.265 0.14625 0.265 0.16625 0.28500000000000003 0.16625 0.28500000000000003 0.14625
5 0.3 0.14750000000000002 0.28250000000000003 0.14750000000000002 0.28250000000000003 0.175 0.3 0.175 0.3 0.14750000000000002
5 0.315 0.14875 0.3 0.14875 0.3 0.16875 0.315 0.16875 0.315 0.14875
5 0.3275 0.15125 0.315 0.15125 0.315 0.16625 0.3275 0.16625 0.3275 0.15125
5 0.34125 0.14750000000000002 0.32875 0.14750000000000002 0.32875 0.16499999999999998 0.34125 0.16499999999999998 0.34125 0.14750000000000002
5 0.355 0.14750000000000002 0.34249999999999997 0.14750000000000002 0.34249999999999997 0.1675 0.355 0.1675 0.355 0.14750000000000002
5 0.3725 0.14750000000000002 0.35750000000000004 0.14750000000000002 0.35750000000000004 0.1675 0.3725 0.1675 0.3725 0.14750000000000002
5 0.39 0.14750000000000002 0.3725 0.14750000000000002 0.3725 0.16999999999999998 0.39 0.16999999999999998 0.39 0.14750000000000002
5 0.40875000000000006 0.15125 0.38875000000000004 0.15125 0.38875000000000004 0.17375000000000002 0.40875000000000006 0.17375000000000002 0.40875000000000006 0.15125
5 0.4225 0.1525 0.40499999999999997 0.1525 0.40499999999999997 0.17250000000000001 0.4225 0.17250000000000001 0.4225 0.1525
5 0.4375 0.155 0.42000000000000004 0.155 0.42000000000000004 0.175 0.4375 0.175 0.4375 0.155
5 0.13874999999999998 0.15125 0.12375 0.15125 0.12375 0.17124999999999999 0.13874999999999998 0.17124999999999999 0.13874999999999998 0.15125
5 0.15375 0.15125 0.13625 0.15125 0.13625 0.17375000000000002 0.15375 0.17375000000000002 0.15375 0.15125
5 0.16625 0.1525 0.15375 0.1525 0.15375 0.16999999999999998 0.16625 0.16999999999999998 0.16625 0.1525
5 0.1775 0.155 0.16499999999999998 0.155 0.16499999999999998 0.17250000000000001 0.1775 0.17250000000000001 0.1775 0.155
5 0.195 0.16 0.18 0.16 0.18 0.18 0.195 0.18 0.195 0.16
5 0.20625 0.16499999999999998 0.19375 0.16499999999999998 0.19375 0.1825 0.20625 0.1825 0.20625 0.16499999999999998
5 0.13374999999999998 0.1825 0.12125 0.1825 0.12125 0.205 0.13374999999999998 0.205 0.13374999999999998 0.1825
5 0.23625 0.16375 0.20625 0.16375 0.20625 0.17375000000000002 0.23625 0.17375000000000002 0.23625 0.16375
5 0.155 0.18 0.1375 0.18 0.1375 0.20249999999999999 0.155 0.20249999999999999 0.155 0.18
5 0.1525 0.17375000000000002 0.12250000000000001 0.17375000000000002 0.12250000000000001 0.18125 0.1525 0.18125 0.1525 0.17375000000000002
5 0.16875 0.17875000000000002 0.15625 0.17875000000000002 0.15625 0.20125 0.16875 0.20125 0.16875 0.17875000000000002
5 0.18875 0.18125 0.17124999999999999 0.18125 0.17124999999999999 0.19875 0.18875 0.19875 0.18875 0.18125
5 0.20125 0.18375 0.18875 0.18375 0.18875 0.19624999999999998 0.20125 0.19624999999999998 0.20125 0.18375
5 0.2375 0.17625 0.2225 0.17625 0.2225 0.19375 0.2375 0.19375 0.2375 0.17625
5 0.25625 0.1775 0.23875000000000002 0.1775 0.23875000000000002 0.195 0.25625 0.195 0.25625 0.1775
5 0.26749999999999996 0.18125 0.255 0.18125 0.255 0.19875 0.26749999999999996 0.19875 0.26749999999999996 0.18125
5 0.28250000000000003 0.18125 0.265 0.18125 0.265 0.20625 0.28250000000000003 0.20625 0.28250000000000003 0.18125
5 0.2975 0.18125 0.28250000000000003 0.18125 0.28250000000000003 0.20125 0.2975 0.20125 0.2975 0.18125
5 0.31124999999999997 0.18125 0.30125 0.18125 0.30125 0.20125 0.31124999999999997 0.20125 0.31124999999999997 0.18125
5 0.32875 0.18375 0.31375000000000003 0.18375 0.31375000000000003 0.20125 0.32875 0.20125 0.32875 0.18375
5 0.34375 0.17875000000000002 0.32875 0.17875000000000002 0.32875 0.20125 0.34375 0.20125 0.34375 0.17875000000000002
5 0.35625 0.18 0.34375 0.18 0.34375 0.2 0.35625 0.2 0.35625 0.18
5 0.37 0.18 0.35750000000000004 0.18 0.35750000000000004 0.20249999999999999 0.37 0.20249999999999999 0.37 0.18
5 0.385 0.1825 0.37 0.1825 0.37 0.20249999999999999 0.385 0.20249999999999999 0.385 0.1825
5 0.3975 0.1825 0.3875 0.1825 0.3875 0.2 0.3975 0.2 0.3975 0.1825
5 0.41375 0.1825 0.39875 0.1825 0.39875 0.2 0.41375 0.2 0.41375 0.1825
5 0.42750000000000005 0.1825 0.41500000000000004 0.1825 0.41500000000000004 0.20249999999999999 0.42750000000000005 0.20249999999999999 0.42750000000000005 0.1825
5 0.44000000000000006 0.1825 0.42750000000000005 0.1825 0.42750000000000005 0.2 0.44000000000000006 0.2 0.44000000000000006 0.1825
5 0.025 0.195 0.0025 0.195 0.0025 0.205 0.025 0.205 0.025 0.195
5 0.057499999999999996 0.1975 0.03 0.1975 0.03 0.20750000000000002 0.057499999999999996 0.20750000000000002 0.057499999999999996 0.1975
5 0.12 0.1975 0.0925 0.1975 0.0925 0.205 0.12 0.205 0.12 0.1975
5 0.23625 0.19624999999999998 0.20625 0.19624999999999998 0.20625 0.20625 0.23625 0.20625 0.23625 0.19624999999999998
5 0.42125 0.205 0.39375 0.205 0.39375 0.215 0.42125 0.215 0.42125 0.205
5 0 0.25125000000000003 0.0075 0.25125000000000003 0.0075 0.23125 0 0.23125 0 0.25125000000000003
5 0.03 0.22999999999999998 0.0075 0.22999999999999998 0.0075 0.25 0.03 0.25 0.03 0.22999999999999998
5 0 0.22999999999999998 0.01625 0.22999999999999998 0.01625 0.22000000000000003 0 0.22000000000000003 0 0.22999999999999998
5 0.04375 0.22000000000000003 0.013750000000000002 0.22000000000000003 0.013750000000000002 0.22999999999999998 0.04375 0.22999999999999998 0.04375 0.22000000000000003
5 0.04 0.2325 0.025 0.2325 0.025 0.25 0.04 0.25 0.04 0.2325
5 0.052500000000000005 0.23374999999999999 0.0375 0.23374999999999999 0.0375 0.25375000000000003 0.052500000000000005 0.25375000000000003 0.052500000000000005 0.23374999999999999
5 0.03375 0.2525 0.00625 0.2525 0.00625 0.265 0.03375 0.265 0.03375 0.2525
5 0.0675 0.21875 0.04 0.21875 0.04 0.23125 0.0675 0.23125 0.0675 0.21875
5 0.0925 0.21875 0.065 0.21875 0.065 0.23125 0.0925 0.23125 0.0925 0.21875
5 0.12375 0.22000000000000003 0.09625 0.22000000000000003 0.09625 0.22999999999999998 0.12375 0.22999999999999998 0.12375 0.22000000000000003
5 0.06999999999999999 0.23625 0.052500000000000005 0.23625 0.052500000000000005 0.25625 0.06999999999999999 0.25625 0.06999999999999999 0.23625
5 0.08499999999999999 0.23625 0.06999999999999999 0.23625 0.06999999999999999 0.25125000000000003 0.08499999999999999 0.25125000000000003 0.08499999999999999 0.23625
5 0.0975 0.2325 0.08499999999999999 0.2325 0.08499999999999999 0.2475 0.0975 0.2475 0.0975 0.2325
5 0.1125 0.23625 0.1 0.23625 0.1 0.25875 0.1125 0.25875 0.1125 0.23625
5 0.07875 0.26 0.04875 0.26 0.04875 0.27 0.07875 0.27 0.07875 0.26
5 0.09875 0.2475 0.08375 0.2475 0.08375 0.265 0.09875 0.265 0.09875 0.2475
5 0.16 0.22000000000000003 0.1275 0.22000000000000003 0.1275 0.22999999999999998 0.16 0.22999999999999998 0.16 0.22000000000000003
5 0.15875 0.23500000000000001 0.13874999999999998 0.23500000000000001 0.13874999999999998 0.25 0.15875 0.25 0.15875 0.23500000000000001
5 0.14250000000000002 0.2475 0.125 0.2475 0.125 0.2725 0.14250000000000002 0.2725 0.14250000000000002 0.2475
5 0.15375 0.24874999999999997 0.14125000000000001 0.24874999999999997 0.14125000000000001 0.26875 0.15375 0.26875 0.15375 0.24874999999999997
5 0.1875 0.22000000000000003 0.16 0.22000000000000003 0.16 0.22999999999999998 0.1875 0.22999999999999998 0.1875 0.22000000000000003
5 0.16875 0.25375000000000003 0.15375 0.25375000000000003 0.15375 0.27875 0.16875 0.27875 0.16875 0.25375000000000003
5 0.17250000000000001 0.22999999999999998 0.16 0.22999999999999998 0.16 0.2525 0.17250000000000001 0.2525 0.17250000000000001 0.22999999999999998
5 0.19125 0.23125 0.17375000000000002 0.23125 0.17375000000000002 0.25375000000000003 0.19125 0.25375000000000003 0.19125 0.23125
5 0.18375 0.255 0.16875 0.255 0.16875 0.275 0.18375 0.275 0.18375 0.255
5 0.20249999999999999 0.2125 0.19 0.2125 0.19 0.23500000000000001 0.20249999999999999 0.23500000000000001 0.20249999999999999 0.2125
5 0.21875 0.21125 0.20375000000000001 0.21125 0.20375000000000001 0.23125 0.21875 0.23125 0.21875 0.21125
5 0.23125 0.215 0.21875 0.215 0.21875 0.2325 0.23125 0.2325 0.23125 0.215
5 0.2425 0.21125 0.22999999999999998 0.21125 0.22999999999999998 0.23125 0.2425 0.23125 0.2425 0.21125
5 0.26125 0.21375000000000002 0.24375 0.21375000000000002 0.24375 0.23125 0.26125 0.23125 0.26125 0.21375000000000002
5 0.275 0.21375000000000002 0.26 0.21375000000000002 0.26 0.23125 0.275 0.23125 0.275 0.21375000000000002
5 0.28625 0.21375000000000002 0.27375 0.21375000000000002 0.27375 0.23125 0.28625 0.23125 0.28625 0.21375000000000002
5 0.29625 0.21375000000000002 0.28625 0.21375000000000002 0.28625 0.23125 0.29625 0.23125 0.29625 0.21375000000000002
5 0.31375000000000003 0.21000000000000002 0.29874999999999996 0.21000000000000002 0.29874999999999996 0.2325 0.31375000000000003 0.2325 0.31375000000000003 0.21000000000000002
5 0.32875 0.215 0.31124999999999997 0.215 0.31124999999999997 0.2325 0.32875 0.2325 0.32875 0.215
5 0.34375 0.215 0.33125 0.215 0.33125 0.2325 0.34375 0.2325 0.34375 0.215
5 0.355 0.2125 0.34500000000000003 0.2125 0.34500000000000003 0.23500000000000001 0.355 0.23500000000000001 0.355 0.2125
5 0.3675 0.215 0.35750000000000004 0.215 0.35750000000000004 0.23500000000000001 0.3675 0.23500000000000001 0.3675 0.215
5 0.42874999999999996 0.2375 0.41125 0.2375 0.41125 0.2575 0.42874999999999996 0.2575 0.42874999999999996 0.2375
5 0.4125 0.23625 0.3975 0.23625 0.3975 0.25625 0.4125 0.25625 0.4125 0.23625
5 0.40125 0.2375 0.38375 0.2375 0.38375 0.255 0.40125 0.255 0.40125 0.2375
5 0.38375 0.23625 0.37124999999999997 0.23625 0.37124999999999997 0.25375000000000003 0.38375 0.25375000000000003 0.38375 0.23625
5 0.37 0.23500000000000001 0.35750000000000004 0.23500000000000001 0.35750000000000004 0.2525 0.37 0.2525 0.37 0.23500000000000001
5 0.20249999999999999 0.23374999999999999 0.1875 0.23374999999999999 0.1875 0.24874999999999997 0.20249999999999999 0.24874999999999997 0.20249999999999999 0.23374999999999999
5 0.21875 0.2325 0.20375000000000001 0.2325 0.20375000000000001 0.25 0.21875 0.25 0.21875 0.2325
5 0.22999999999999998 0.23625 0.215 0.23625 0.215 0.25625 0.22999999999999998 0.25625 0.22999999999999998 0.23625
5 0.24625 0.2325 0.23125 0.2325 0.23125 0.2525 0.24625 0.2525 0.24625 0.2325
5 0.25625 0.23125 0.24375 0.23125 0.24375 0.25125000000000003 0.25625 0.25125000000000003 0.25625 0.23125
5 0.27 0.23374999999999999 0.255 0.23374999999999999 0.255 0.25375000000000003 0.27 0.25375000000000003 0.27 0.23374999999999999
5 0.3125 0.23500000000000001 0.2975 0.23500000000000001 0.2975 0.255 0.3125 0.255 0.3125 0.23500000000000001
5 0.32875 0.23374999999999999 0.31375000000000003 0.23374999999999999 0.31375000000000003 0.25625 0.32875 0.25625 0.32875 0.23374999999999999
5 0.34249999999999997 0.23374999999999999 0.3275 0.23374999999999999 0.3275 0.25125000000000003 0.34249999999999997 0.25125000000000003 0.34249999999999997 0.23374999999999999
5 0.28250000000000003 0.23500000000000001 0.27 0.23500000000000001 0.27 0.25 0.28250000000000003 0.25 0.28250000000000003 0.23500000000000001
5 0.2975 0.23374999999999999 0.28250000000000003 0.23374999999999999 0.28250000000000003 0.25125000000000003 0.2975 0.25125000000000003 0.2975 0.23374999999999999
5 0.20625 0.25125000000000003 0.19125 0.25125000000000003 0.19125 0.27125 0.20625 0.27125 0.20625 0.25125000000000003
5 0.2225 0.24874999999999997 0.21000000000000002 0.24874999999999997 0.21000000000000002 0.26625 0.2225 0.26625 0.2225 0.24874999999999997
5 0.24 0.255 0.2225 0.255 0.2225 0.27 0.24 0.27 0.24 0.255
5 0.315 0.25125000000000003 0.28250000000000003 0.25125000000000003 0.28250000000000003 0.26375000000000004 0.315 0.26375000000000004 0.315 0.25125000000000003
5 0.36875 0.2525 0.34375 0.2525 0.34375 0.265 0.36875 0.265 0.36875 0.2525
5 0 0.2975 0.01 0.2975 0.01 0.27749999999999997 0 0.27749999999999997 0 0.2975
5 0.025 0.27875 0.0075 0.27875 0.0075 0.29874999999999996 0.025 0.29874999999999996 0.025 0.27875
5 0.03625 0.27875 0.026250000000000002 0.27875 0.026250000000000002 0.29874999999999996 0.03625 0.29874999999999996 0.03625 0.27875
5 0.052500000000000005 0.28125 0.0375 0.28125 0.0375 0.30125 0.052500000000000005 0.30125 0.052500000000000005 0.28125
5 0.075 0.28125 0.05 0.28125 0.05 0.29125 0.075 0.29125 0.075 0.28125
5 0.10625 0.28125 0.07625 0.28125 0.07625 0.29375 0.10625 0.29375 0.10625 0.28125
5 0.0375 0.3025 0.02 0.3025 0.02 0.325 0.0375 0.325 0.0375 0.3025
5 0.052500000000000005 0.30125 0.04 0.30125 0.04 0.32125 0.052500000000000005 0.32125 0.052500000000000005 0.30125
5 0.0675 0.29625 0.05500000000000001 0.29625 0.05500000000000001 0.31124999999999997 0.0675 0.31124999999999997 0.0675 0.29625
5 0.08249999999999999 0.30125 0.0675 0.30125 0.0675 0.32125 0.08249999999999999 0.32125 0.08249999999999999 0.30125
5 0.095 0.29125 0.06999999999999999 0.29125 0.06999999999999999 0.30125 0.095 0.30125 0.095 0.29125
5 0.1375 0.28625 0.10500000000000001 0.28625 0.10500000000000001 0.29625 0.1375 0.29625 0.1375 0.28625
5 0.11499999999999999 0.2975 0.1025 0.2975 0.1025 0.315 0.11499999999999999 0.315 0.11499999999999999 0.2975
5 0.135 0.2975 0.11750000000000001 0.2975 0.11750000000000001 0.32 0.135 0.32 0.135 0.2975
5 0.14625 0.3 0.13125 0.3 0.13125 0.32 0.14625 0.32 0.14625 0.3
5 0.16875 0.29 0.14125000000000001 0.29 0.14125000000000001 0.3 0.16875 0.3 0.16875 0.29
5 0.15875 0.30125 0.14625 0.30125 0.14625 0.31625000000000003 0.15875 0.31625000000000003 0.15875 0.30125
5 0.17250000000000001 0.29874999999999996 0.16 0.29874999999999996 0.16 0.31875 0.17250000000000001 0.31875 0.17250000000000001 0.29874999999999996
5 0.18375 0.2975 0.17124999999999999 0.2975 0.17124999999999999 0.32 0.18375 0.32 0.18375 0.2975
5 0.2 0.2875 0.16999999999999998 0.2875 0.16999999999999998 0.2975 0.2 0.2975 0.2 0.2875
5 0.20249999999999999 0.29500000000000004 0.185 0.29500000000000004 0.185 0.315 0.20249999999999999 0.315 0.20249999999999999 0.29500000000000004
5 0.21625 0.2875 0.20375000000000001 0.2875 0.20375000000000001 0.3075 0.21625 0.3075 0.21625 0.2875
5 0.24375 0.28125 0.21875 0.28125 0.21875 0.28875 0.24375 0.28875 0.24375 0.28125
5 0.23374999999999999 0.29 0.21875 0.29 0.21875 0.31 0.23374999999999999 0.31 0.23374999999999999 0.29
5 0.25125000000000003 0.28875 0.23374999999999999 0.28875 0.23374999999999999 0.31124999999999997 0.25125000000000003 0.31124999999999997 0.25125000000000003 0.28875
5 0.26625 0.29125 0.25125000000000003 0.29125 0.25125000000000003 0.31124999999999997 0.26625 0.31124999999999997 0.26625 0.29125
5 0.27625 0.27999999999999997 0.24625 0.27999999999999997 0.24625 0.29 0.27625 0.29 0.27625 0.27999999999999997
5 0.27999999999999997 0.29125 0.265 0.29125 0.265 0.31124999999999997 0.27999999999999997 0.31124999999999997 0.27999999999999997 0.29125
5 0.32999999999999996 0.30125 0.31 0.30125 0.31 0.31375000000000003 0.32999999999999996 0.31375000000000003 0.32999999999999996 0.30125
5 0.39125 0.28375 0.36124999999999996 0.28375 0.36124999999999996 0.29625 0.39125 0.29625 0.39125 0.28375
5 0.3675 0.2975 0.34249999999999997 0.2975 0.34249999999999997 0.3125 0.3675 0.3125 0.3675 0.2975
5 0.40125 0.29375 0.37124999999999997 0.29375 0.37124999999999997 0.30874999999999997 0.40125 0.30874999999999997 0.40125 0.29375
5 0.41375 0.29625 0.39375 0.29625 0.39375 0.31625000000000003 0.41375 0.31625000000000003 0.41375 0.29625
5 0.43 0.29625 0.41 0.29625 0.41 0.31875 0.43 0.31875 0.43 0.29625
5 0.42125 0.31875 0.40125 0.31875 0.40125 0.33375 0.42125 0.33375 0.42125 0.31875
5 0.4175 0.33625 0.4025 0.33625 0.4025 0.35375 0.4175 0.35375 0.4175 0.33625
5 0.40625 0.335 0.38125 0.335 0.38125 0.36 0.40625 0.36 0.40625 0.335
5 0.3975 0.32999999999999996 0.365 0.32999999999999996 0.365 0.365 0.3975 0.365 0.3975 0.32999999999999996
5 0.25875 0.35625 0.24125000000000002 0.35625 0.24125000000000002 0.37625000000000003 0.25875 0.37625000000000003 0.25875 0.35625
5 0.27875 0.35750000000000004 0.26125 0.35750000000000004 0.26125 0.375 0.27875 0.375 0.27875 0.35750000000000004
5 0.29375 0.35625 0.27875 0.35625 0.27875 0.37875000000000003 0.29375 0.37875000000000003 0.29375 0.35625
5 0.30874999999999997 0.355 0.29625 0.355 0.29625 0.375 0.30874999999999997 0.375 0.30874999999999997 0.355
5 0.325 0.355 0.3075 0.355 0.3075 0.375 0.325 0.375 0.325 0.355
5 0.35 0.3525 0.3325 0.3525 0.3325 0.3725 0.35 0.3725 0.35 0.3525
5 0.375 0.35125 0.35 0.35125 0.35 0.36375 0.375 0.36375 0.375 0.35125
5 0.37625000000000003 0.3625 0.35125 0.3625 0.35125 0.3725 0.37625000000000003 0.3725 0.37625000000000003 0.3625
5 0.5037499999999999 0.09 0.49124999999999996 0.09 0.49124999999999996 0.1075 0.5037499999999999 0.1075 0.5037499999999999 0.09
5 0.5175 0.0875 0.5025000000000001 0.0875 0.5025000000000001 0.10500000000000001 0.5175 0.10500000000000001 0.5175 0.0875
5 0.5337500000000001 0.0875 0.51875 0.0875 0.51875 0.10500000000000001 0.5337500000000001 0.10500000000000001 0.5337500000000001 0.0875
5 0.54875 0.09125 0.5337500000000001 0.09125 0.5337500000000001 0.10625 0.54875 0.10625 0.54875 0.09125
5 0.5599999999999999 0.08625000000000001 0.5475 0.08625000000000001 0.5475 0.10625 0.5599999999999999 0.10625 0.5599999999999999 0.08625000000000001
5 0.57875 0.08875 0.56375 0.08875 0.56375 0.10625 0.57875 0.10625 0.57875 0.08875
5 0.5925 0.08875 0.5775 0.08875 0.5775 0.11125 0.5925 0.11125 0.5925 0.08875
5 0.60625 0.0875 0.58875 0.0875 0.58875 0.10500000000000001 0.60625 0.10500000000000001 0.60625 0.0875
5 0.6174999999999999 0.09 0.605 0.09 0.605 0.11000000000000001 0.6174999999999999 0.11000000000000001 0.6174999999999999 0.09
5 0.63125 0.0925 0.61625 0.0925 0.61625 0.11000000000000001 0.63125 0.11000000000000001 0.63125 0.0925
5 0.64625 0.0925 0.63125 0.0925 0.63125 0.1075 0.64625 0.1075 0.64625 0.0925
5 0.6625 0.0925 0.6425 0.0925 0.6425 0.11000000000000001 0.6625 0.11000000000000001 0.6625 0.0925
5 0.675 0.0925 0.6625 0.0925 0.6625 0.12 0.675 0.12 0.675 0.0925
5 0.69375 0.09 0.67875 0.09 0.67875 0.11000000000000001 0.69375 0.11000000000000001 0.69375 0.09
5 0.71375 0.09875 0.69375 0.09875 0.69375 0.11625 0.71375 0.11625 0.71375 0.09875
5 0.54 0.1075 0.515 0.1075 0.515 0.11499999999999999 0.54 0.11499999999999999 0.54 0.1075
5 0.51375 0.10124999999999999 0.49124999999999996 0.10124999999999999 0.49124999999999996 0.11625 0.51375 0.11625 0.51375 0.10124999999999999
5 0.48250000000000004 0.1275 0.465 0.1275 0.465 0.15 0.48250000000000004 0.15 0.48250000000000004 0.1275
5 0.49625 0.12625 0.48125 0.12625 0.48125 0.15125 0.49625 0.15125 0.49625 0.12625
5 0.51125 0.13 0.49625 0.13 0.49625 0.1525 0.51125 0.1525 0.51125 0.13
5 0.5225 0.13 0.51 0.13 0.51 0.1525 0.5225 0.1525 0.5225 0.13
5 0.545 0.1275 0.525 0.1275 0.525 0.145 0.545 0.145 0.545 0.1275
5 0.5587500000000001 0.12375 0.54375 0.12375 0.54375 0.14625 0.5587500000000001 0.14625 0.5587500000000001 0.12375
5 0.57125 0.12125 0.55625 0.12125 0.55625 0.14375 0.57125 0.14375 0.57125 0.12125
5 0.585 0.12375 0.5700000000000001 0.12375 0.5700000000000001 0.14875 0.585 0.14875 0.585 0.12375
5 0.6025 0.12375 0.5875 0.12375 0.5875 0.14625 0.6025 0.14625 0.6025 0.12375
5 0.61625 0.1275 0.60375 0.1275 0.60375 0.14750000000000002 0.61625 0.14750000000000002 0.61625 0.1275
5 0.6325000000000001 0.1275 0.6174999999999999 0.1275 0.6174999999999999 0.145 0.6325000000000001 0.145 0.6325000000000001 0.1275
5 0.64625 0.12875 0.63375 0.12875 0.63375 0.14625 0.64625 0.14625 0.64625 0.12875
5 0.6587500000000001 0.13 0.64625 0.13 0.64625 0.14750000000000002 0.6587500000000001 0.14750000000000002 0.6587500000000001 0.13
5 0.68875 0.12125 0.65625 0.12125 0.65625 0.13625 0.68875 0.13625 0.68875 0.12125
5 0.675 0.13 0.6599999999999999 0.13 0.6599999999999999 0.1525 0.675 0.1525 0.675 0.13
5 0.68875 0.13374999999999998 0.67625 0.13374999999999998 0.67625 0.15375 0.68875 0.15375 0.68875 0.13374999999999998
5 0.48 0.14875 0.46749999999999997 0.14875 0.46749999999999997 0.16625 0.48 0.16625 0.48 0.14875
5 0.49375 0.14875 0.47874999999999995 0.14875 0.47874999999999995 0.16625 0.49375 0.16625 0.49375 0.14875
5 0.51 0.15 0.495 0.15 0.495 0.1675 0.51 0.1675 0.51 0.15
5 0.5225 0.1525 0.51 0.1525 0.51 0.175 0.5225 0.175 0.5225 0.1525
5 0.5387500000000001 0.14875 0.52125 0.14875 0.52125 0.17124999999999999 0.5387500000000001 0.17124999999999999 0.5387500000000001 0.14875
5 0.55 0.15 0.54 0.15 0.54 0.17250000000000001 0.55 0.17250000000000001 0.55 0.15
5 0.56875 0.1575 0.54875 0.1575 0.54875 0.1775 0.56875 0.1775 0.56875 0.1575
5 0.54875 0.17124999999999999 0.52125 0.17124999999999999 0.52125 0.18125 0.54875 0.18125 0.54875 0.17124999999999999
5 0.5974999999999999 0.15875 0.5825 0.15875 0.5825 0.17625 0.5974999999999999 0.17625 0.5974999999999999 0.15875
5 0.61125 0.16125 0.5962500000000001 0.16125 0.5962500000000001 0.18125 0.61125 0.18125 0.61125 0.16125
5 0.625 0.16499999999999998 0.6075 0.16499999999999998 0.6075 0.1875 0.625 0.1875 0.625 0.16499999999999998
5 0.64 0.1675 0.6224999999999999 0.1675 0.6224999999999999 0.1875 0.64 0.1875 0.64 0.1675
5 0.6275000000000001 0.15 0.615 0.15 0.615 0.16499999999999998 0.6275000000000001 0.16499999999999998 0.6275000000000001 0.15
5 0.665 0.16625 0.65 0.16625 0.65 0.18375 0.665 0.18375 0.665 0.16625
5 0.65125 0.16499999999999998 0.63625 0.16499999999999998 0.63625 0.19 0.65125 0.19 0.65125 0.16499999999999998
5 0.64125 0.14625 0.62625 0.14625 0.62625 0.16625 0.64125 0.16625 0.64125 0.14625
5 0.655 0.15 0.64 0.15 0.64 0.1625 0.655 0.1625 0.655 0.15
5 0.46875 0.18375 0.45625 0.18375 0.45625 0.20125 0.46875 0.20125 0.46875 0.18375
5 0.48375 0.18875 0.47125000000000006 0.18875 0.47125000000000006 0.20125 0.48375 0.20125 0.48375 0.18875
5 0.49749999999999994 0.18625 0.48250000000000004 0.18625 0.48250000000000004 0.20625 0.49749999999999994 0.20625 0.49749999999999994 0.18625
5 0.51375 0.18625 0.49874999999999997 0.18625 0.49874999999999997 0.20625 0.51375 0.20625 0.51375 0.18625
5 0.5287499999999999 0.1875 0.51375 0.1875 0.51375 0.21000000000000002 0.5287499999999999 0.21000000000000002 0.5287499999999999 0.1875
5 0.5375 0.18875 0.5275000000000001 0.18875 0.5275000000000001 0.20625 0.5375 0.20625 0.5375 0.18875
5 0.55 0.19125 0.5375 0.19125 0.5375 0.21125 0.55 0.21125 0.55 0.19125
5 0.5650000000000001 0.19125 0.5525 0.19125 0.5525 0.21125 0.5650000000000001 0.21125 0.5650000000000001 0.19125
5 0.58125 0.19375 0.5662499999999999 0.19375 0.5662499999999999 0.21375000000000002 0.58125 0.21375000000000002 0.58125 0.19375
5 0.5925 0.1975 0.58 0.1975 0.58 0.215 0.5925 0.215 0.5925 0.1975
5 0.60875 0.1975 0.5912499999999999 0.1975 0.5912499999999999 0.22000000000000003 0.60875 0.22000000000000003 0.60875 0.1975
5 0.625 0.1975 0.61 0.1975 0.61 0.21749999999999997 0.625 0.21749999999999997 0.625 0.1975
5 0.6375 0.2 0.625 0.2 0.625 0.22000000000000003 0.6375 0.22000000000000003 0.6375 0.2
5 0.6525000000000001 0.19875 0.64 0.19875 0.64 0.21875 0.6525000000000001 0.21875 0.6525000000000001 0.19875
5 0.66875 0.20249999999999999 0.65125 0.20249999999999999 0.65125 0.2225 0.66875 0.2225 0.66875 0.20249999999999999
5 0.67875 0.16499999999999998 0.66625 0.16499999999999998 0.66625 0.1875 0.67875 0.1875 0.67875 0.16499999999999998
5 0.6950000000000001 0.21000000000000002 0.6775 0.21000000000000002 0.6775 0.22749999999999998 0.6950000000000001 0.22749999999999998 0.6950000000000001 0.21000000000000002
5 0.48250000000000004 0.205 0.4625 0.205 0.4625 0.2125 0.48250000000000004 0.2125 0.48250000000000004 0.205
5 0.49375 0.205 0.48125 0.205 0.48125 0.2225 0.49375 0.2225 0.49375 0.205
5 0.50875 0.20750000000000002 0.49375 0.20750000000000002 0.49375 0.22999999999999998 0.50875 0.22999999999999998 0.50875 0.20750000000000002
5 0.52625 0.20875 0.51125 0.20875 0.51125 0.22875 0.52625 0.22875 0.52625 0.20875
5 0.53625 0.20875 0.5237499999999999 0.20875 0.5237499999999999 0.23125 0.53625 0.23125 0.53625 0.20875
5 0.5525 0.21000000000000002 0.5375 0.21000000000000002 0.5375 0.22999999999999998 0.5525 0.22999999999999998 0.5525 0.21000000000000002
5 0.56375 0.21375000000000002 0.54875 0.21375000000000002 0.54875 0.23374999999999999 0.56375 0.23374999999999999 0.56375 0.21375000000000002
5 0.58 0.215 0.5650000000000001 0.215 0.5650000000000001 0.2325 0.58 0.2325 0.58 0.215
5 0.5912499999999999 0.22000000000000003 0.58125 0.22000000000000003 0.58125 0.2375 0.5912499999999999 0.2375 0.5912499999999999 0.22000000000000003
5 0.60375 0.2225 0.58875 0.2225 0.58875 0.2425 0.60375 0.2425 0.60375 0.2225
5 0.61875 0.22125 0.60375 0.22125 0.60375 0.23875000000000002 0.61875 0.23875000000000002 0.61875 0.22125
5 0.63375 0.21875 0.61875 0.21875 0.61875 0.23875000000000002 0.63375 0.23875000000000002 0.63375 0.21875
5 0.645 0.225 0.6325000000000001 0.225 0.6325000000000001 0.2425 0.645 0.2425 0.645 0.225
5 0.66125 0.22625 0.64125 0.22625 0.64125 0.24125000000000002 0.66125 0.24125000000000002 0.66125 0.22625
5 0.6725 0.225 0.655 0.225 0.655 0.24500000000000002 0.6725 0.24500000000000002 0.6725 0.225
5 0.6875 0.22749999999999998 0.67 0.22749999999999998 0.67 0.24500000000000002 0.6875 0.24500000000000002 0.6875 0.22749999999999998
5 0.6837500000000001 0.24874999999999997 0.6537499999999999 0.24874999999999997 0.6537499999999999 0.25875 0.6837500000000001 0.25875 0.6837500000000001 0.24874999999999997
5 0.6825 0.255 0.6525000000000001 0.255 0.6525000000000001 0.26749999999999996 0.6825 0.26749999999999996 0.6825 0.255
5 0.47625 0.2525 0.46125 0.2525 0.46125 0.2725 0.47625 0.2725 0.47625 0.2525
5 0.4925 0.25 0.475 0.25 0.475 0.26749999999999996 0.4925 0.26749999999999996 0.4925 0.25
5 0.5337500000000001 0.24625 0.51875 0.24625 0.51875 0.26625 0.5337500000000001 0.26625 0.5337500000000001 0.24625
5 0.54625 0.2475 0.53125 0.2475 0.53125 0.265 0.54625 0.265 0.54625 0.2475
5 0.55625 0.24874999999999997 0.54625 0.24874999999999997 0.54625 0.26875 0.55625 0.26875 0.55625 0.24874999999999997
5 0.5725 0.25 0.5575 0.25 0.5575 0.27 0.5725 0.27 0.5725 0.25
5 0.5862499999999999 0.25125000000000003 0.57375 0.25125000000000003 0.57375 0.26625 0.5862499999999999 0.26625 0.5862499999999999 0.25125000000000003
5 0.6025 0.25375000000000003 0.585 0.25375000000000003 0.585 0.27625 0.6025 0.27625 0.6025 0.25375000000000003
5 0.615 0.255 0.6025 0.255 0.6025 0.275 0.615 0.275 0.615 0.255
5 0.63125 0.25875 0.61875 0.25875 0.61875 0.27625 0.63125 0.27625 0.63125 0.25875
5 0.64625 0.26125 0.63375 0.26125 0.63375 0.27875 0.64625 0.27875 0.64625 0.26125
5 0.665 0.2625 0.6475 0.2625 0.6475 0.28250000000000003 0.665 0.28250000000000003 0.665 0.2625
5 0.6825 0.26749999999999996 0.6599999999999999 0.26749999999999996 0.6599999999999999 0.2875 0.6825 0.2875 0.6825 0.26749999999999996
5 0.48624999999999996 0.2725 0.45375 0.2725 0.45375 0.28250000000000003 0.48624999999999996 0.28250000000000003 0.48624999999999996 0.2725
5 0.48 0.27999999999999997 0.4525 0.27999999999999997 0.4525 0.29 0.48 0.29 0.48 0.27999999999999997
5 0.5287499999999999 0.28375 0.49625 0.28375 0.49625 0.29375 0.5287499999999999 0.29375 0.5287499999999999 0.28375
5 0.5349999999999999 0.29375 0.5025000000000001 0.29375 0.5025000000000001 0.30375 0.5349999999999999 0.30375 0.5349999999999999 0.29375
5 0.47000000000000003 0.29 0.45499999999999996 0.29 0.45499999999999996 0.305 0.47000000000000003 0.305 0.47000000000000003 0.29
5 0.55625 0.26749999999999996 0.53125 0.26749999999999996 0.53125 0.27749999999999997 0.55625 0.27749999999999997 0.55625 0.26749999999999996
5 0.595 0.27375 0.5650000000000001 0.27375 0.5650000000000001 0.28375 0.595 0.28375 0.595 0.27375
5 0.57875 0.27999999999999997 0.55125 0.27999999999999997 0.55125 0.29 0.57875 0.29 0.57875 0.27999999999999997
5 0.6125 0.28375 0.585 0.28375 0.585 0.29625 0.6125 0.29625 0.6125 0.28375
5 0.46749999999999997 0.3075 0.4525 0.3075 0.4525 0.3275 0.46749999999999997 0.3275 0.46749999999999997 0.3075
5 0.48250000000000004 0.31 0.47000000000000003 0.31 0.47000000000000003 0.3275 0.48250000000000004 0.3275 0.48250000000000004 0.31
5 0.5 0.30375 0.485 0.30375 0.485 0.32625000000000004 0.5 0.32625000000000004 0.5 0.30375
5 0.51875 0.305 0.50625 0.305 0.50625 0.3275 0.51875 0.3275 0.51875 0.305
5 0.665 0.29625 0.65 0.29625 0.65 0.31625000000000003 0.665 0.31625000000000003 0.665 0.29625
5 0.65 0.29625 0.6375 0.29625 0.6375 0.31875 0.65 0.31875 0.65 0.29625
5 0.63375 0.29874999999999996 0.6212500000000001 0.29874999999999996 0.6212500000000001 0.31875 0.63375 0.31875 0.63375 0.29874999999999996
5 0.6174999999999999 0.29500000000000004 0.6075 0.29500000000000004 0.6075 0.3175 0.6174999999999999 0.3175 0.6174999999999999 0.29500000000000004
5 0.6075 0.29625 0.595 0.29625 0.595 0.31625000000000003 0.6075 0.31625000000000003 0.6075 0.29625
5 0.595 0.29874999999999996 0.5825 0.29874999999999996 0.5825 0.31625000000000003 0.595 0.31625000000000003 0.595 0.29874999999999996
5 0.5825 0.30125 0.5675 0.30125 0.5675 0.32375 0.5825 0.32375 0.5825 0.30125
5 0.5700000000000001 0.3 0.5549999999999999 0.3 0.5549999999999999 0.3275 0.5700000000000001 0.3275 0.5700000000000001 0.3
5 0.5549999999999999 0.3025 0.5425 0.3025 0.5425 0.325 0.5549999999999999 0.325 0.5549999999999999 0.3025
5 0.51 0.2425 0.4925 0.2425 0.4925 0.265 0.51 0.265 0.51 0.2425
5 0.475 0.23374999999999999 0.45999999999999996 0.23374999999999999 0.45999999999999996 0.25125000000000003 0.475 0.25125000000000003 0.475 0.23374999999999999
5 0.43375 0.22749999999999998 0.37374999999999997 0.22749999999999998 0.37374999999999997 0.23500000000000001 0.43375 0.23500000000000001 0.43375 0.22749999999999998
5 0.42000000000000004 0.3875 0.3875 0.3875 0.3875 0.3975 0.42000000000000004 0.3975 0.42000000000000004 0.3875
5 0.39625 0.395 0.38375 0.395 0.38375 0.4125 0.39625 0.4125 0.39625 0.395
5 0.38125 0.39249999999999996 0.36875 0.39249999999999996 0.36875 0.41 0.38125 0.41 0.38125 0.39249999999999996
5 0.40750000000000003 0.39875 0.3975 0.39875 0.3975 0.41375 0.40750000000000003 0.41375 0.40750000000000003 0.39875
5 0.41624999999999995 0.41624999999999995 0.38875000000000004 0.41624999999999995 0.38875000000000004 0.42625 0.41624999999999995 0.42625 0.41624999999999995 0.41624999999999995
5 0.41500000000000004 0.42374999999999996 0.385 0.42374999999999996 0.385 0.43375 0.41500000000000004 0.43375 0.41500000000000004 0.42374999999999996
5 0.41624999999999995 0.43499999999999994 0.38375 0.43499999999999994 0.38375 0.445 0.41624999999999995 0.445 0.41624999999999995 0.43499999999999994
5 0.14250000000000002 0.44000000000000006 0.11000000000000001 0.44000000000000006 0.11000000000000001 0.44749999999999995 0.14250000000000002 0.44749999999999995 0.14250000000000002 0.44000000000000006
5 0.50875 0.32999999999999996 0.49124999999999996 0.32999999999999996 0.49124999999999996 0.3525 0.50875 0.3525 0.50875 0.32999999999999996
5 0.71375 0.4325 0.69375 0.4325 0.69375 0.4525 0.71375 0.4525 0.71375 0.4325
5 0.66625 0.41624999999999995 0.64625 0.41624999999999995 0.64625 0.44125 0.66625 0.44125 0.66625 0.41624999999999995
5 0.60875 0.43 0.58875 0.43 0.58875 0.4525 0.60875 0.4525 0.60875 0.43
5 0.5962500000000001 0.42125 0.57375 0.42125 0.57375 0.44375 0.5962500000000001 0.44375 0.5962500000000001 0.42125
5 0.5775 0.42125 0.5599999999999999 0.42125 0.5599999999999999 0.43875000000000003 0.5775 0.43875000000000003 0.5775 0.42125
5 0.5599999999999999 0.42374999999999996 0.545 0.42374999999999996 0.545 0.44125 0.5599999999999999 0.44125 0.5599999999999999 0.42374999999999996
5 0.51125 0.5237499999999999 0.48375 0.5237499999999999 0.48375 0.5337500000000001 0.51125 0.5337500000000001 0.51125 0.5237499999999999
5 0.515 0.5349999999999999 0.48250000000000004 0.5349999999999999 0.48250000000000004 0.5475 0.515 0.5475 0.515 0.5349999999999999
5 0.735 0.5662499999999999 0.705 0.5662499999999999 0.705 0.58125 0.735 0.58125 0.735 0.5662499999999999
5 0.73875 0.5775 0.70125 0.5775 0.70125 0.595 0.73875 0.595 0.73875 0.5775
5 0.73125 0.5925 0.69875 0.5925 0.69875 0.6025 0.73125 0.6025 0.73125 0.5925
5 0.72 0.6012500000000001 0.6950000000000001 0.6012500000000001 0.6950000000000001 0.61375 0.72 0.61375 0.72 0.6012500000000001
5 0.725 0.61375 0.7 0.61375 0.7 0.62625 0.725 0.62625 0.725 0.61375
5 0.6275000000000001 0.73875 0.595 0.73875 0.595 0.74875 0.6275000000000001 0.74875 0.6275000000000001 0.73875
5 0.6275000000000001 0.7525000000000001 0.5925 0.7525000000000001 0.5925 0.7675 0.6275000000000001 0.7675 0.6275000000000001 0.7525000000000001
5 0.70625 0.735 0.67375 0.735 0.67375 0.7474999999999999 0.70625 0.7474999999999999 0.70625 0.735
5 0.6950000000000001 0.7737499999999999 0.665 0.7737499999999999 0.665 0.7837500000000001 0.6950000000000001 0.7837500000000001 0.6950000000000001 0.7737499999999999
5 0.745 0.75125 0.7125 0.75125 0.7125 0.76375 0.745 0.76375 0.745 0.75125
5 0.77125 0.73 0.73875 0.73 0.73875 0.745 0.77125 0.745 0.77125 0.73
5 0.77125 0.7875 0.73625 0.7875 0.73625 0.8 0.77125 0.8 0.77125 0.7875
5 0.81375 0.78125 0.7837500000000001 0.78125 0.7837500000000001 0.79375 0.81375 0.79375 0.81375 0.78125
5 0.8400000000000001 0.8 0.8125 0.8 0.8125 0.8150000000000001 0.8400000000000001 0.8150000000000001 0.8400000000000001 0.8
5 0.865 0.7625 0.8375 0.7625 0.8375 0.7775000000000001 0.865 0.7775000000000001 0.865 0.7625
5 0.89875 0.7575000000000001 0.8637499999999999 0.7575000000000001 0.8637499999999999 0.775 0.89875 0.775 0.89875 0.7575000000000001
5 0.9650000000000001 0.8487500000000001 0.9349999999999999 0.8487500000000001 0.9349999999999999 0.8612500000000001 0.9650000000000001 0.8612500000000001 0.9650000000000001 0.8487500000000001
5 0.41875 0.35750000000000004 0.39625 0.35750000000000004 0.39625 0.3675 0.41875 0.3675 0.41875 0.35750000000000004
5 0.58125 0.15875 0.56875 0.15875 0.56875 0.17625 0.58125 0.17625 0.58125 0.15875
5 0.6925 0.16999999999999998 0.6775 0.16999999999999998 0.6775 0.19 0.6925 0.19 0.6925 0.16999999999999998
5 0.7275 0.09875 0.7150000000000001 0.09875 0.7150000000000001 0.11875 0.7275 0.11875 0.7275 0.09875
5 0.26125 0.39125 0.25125000000000003 0.39125 0.25125000000000003 0.40875000000000006 0.26125 0.40875000000000006 0.26125 0.39125
5 0.27125 0.39 0.26375000000000004 0.39 0.26375000000000004 0.40499999999999997 0.27125 0.40499999999999997 0.27125 0.39
5 0.4125 0.465 0.40499999999999997 0.465 0.40499999999999997 0.48250000000000004 0.4125 0.48250000000000004 0.4125 0.465
5 0.12875 0.2475 0.11374999999999999 0.2475 0.11374999999999999 0.2625 0.12875 0.2625 0.12875 0.2475