5 0.6675 0.00125 0.6375 0.00125 0.6375 0.013750000000000002 0.6675 0.013750000000000002 0.6675 0.00125
5 0.75 0.013750000000000002 0.7224999999999999 0.013750000000000002 0.7224999999999999 0.026250000000000002 0.75 0.026250000000000002 0.75 0.013750000000000002
5 0.8237500000000001 0.01875 0.79375 0.01875 0.79375 0.03125 0.8237500000000001 0.03125 0.8237500000000001 0.01875
5 0.9012499999999999 0.0125 0.8712500000000001 0.0125 0.8712500000000001 0.027500000000000004 0.9012499999999999 0.027500000000000004 0.9012499999999999 0.0125
5 0.95625 0.021249999999999998 0.9237500000000001 0.021249999999999998 0.9237500000000001 0.03625 0.95625 0.03625 0.95625 0.021249999999999998
5 0.92125 0.23875000000000002 0.89625 0.23875000000000002 0.89625 0.25375000000000003 0.92125 0.25375000000000003 0.92125 0.23875000000000002
5 0.9337500000000001 0.25 0.90625 0.25 0.90625 0.2625 0.9337500000000001 0.2625 0.9337500000000001 0.25
5 0.945 0.26 0.915 0.26 0.915 0.2725 0.945 0.2725 0.945 0.26
5 0.96 0.26749999999999996 0.93 0.26749999999999996 0.93 0.27999999999999997 0.96 0.27999999999999997 0.96 0.26749999999999996
5 0.9712500000000001 0.27625 0.9412499999999999 0.27625 0.9412499999999999 0.28625 0.9712500000000001 0.28625 0.9712500000000001 0.27625
5 0.97875 0.28375 0.95875 0.28375 0.95875 0.29625 0.97875 0.29625 0.97875 0.28375
5 0.9925 0.28875 0.97 0.28875 0.97 0.30375 0.9925 0.30375 0.9925 0.28875
5 1 0.29625 0.9737500000000001 0.29625 0.9737500000000001 0.31124999999999997 1 0.31124999999999997 1 0.29625
5 0.95 0.29375 0.925 0.29375 0.925 0.30874999999999997 0.95 0.30874999999999997 0.95 0.29375
5 0.96125 0.3025 0.93875 0.3025 0.93875 0.3175 0.96125 0.3175 0.96125 0.3025
5 0.9712500000000001 0.31 0.94375 0.31 0.94375 0.3275 0.9712500000000001 0.3275 0.9712500000000001 0.31
5 0.98375 0.31875 0.9637499999999999 0.31875 0.9637499999999999 0.33375 0.98375 0.33375 0.98375 0.31875
5 1 0.33625 0.985 0.33625 0.985 0.35625 1 0.35625 1 0.33625
5 1 0.24625 0.9824999999999999 0.24625 0.9824999999999999 0.26875 1 0.26875 1 0.24625
5 1 0.22374999999999998 0.9862500000000001 0.22374999999999998 0.9862500000000001 0.23875000000000002 1 0.23875000000000002 1 0.22374999999999998
5 1 0.21749999999999997 0.97 0.21749999999999997 0.97 0.2325 1 0.2325 1 0.21749999999999997
5 0.9887499999999999 0.20750000000000002 0.95875 0.20750000000000002 0.95875 0.225 0.9887499999999999 0.225 0.9887499999999999 0.20750000000000002
5 0.9775 0.23625 0.9625 0.23625 0.9625 0.25125000000000003 0.9775 0.25125000000000003 0.9775 0.23625
5 0.9724999999999999 0.22625 0.95 0.22625 0.95 0.24375 0.9724999999999999 0.24375 0.9724999999999999 0.22625
5 0.95875 0.21749999999999997 0.93625 0.21749999999999997 0.93625 0.24 0.95875 0.24 0.95875 0.21749999999999997
5 0.9887499999999999 0.18125 0.96125 0.18125 0.96125 0.20375000000000001 0.9887499999999999 0.20375000000000001 0.9887499999999999 0.18125
5 0.9737500000000001 0.2 0.9487500000000001 0.2 0.9487500000000001 0.21000000000000002 0.9737500000000001 0.21000000000000002 0.9737500000000001 0.2
5 0.9650000000000001 0.19 0.9375 0.19 0.9375 0.205 0.9650000000000001 0.205 0.9650000000000001 0.19
5 0.86 0.2925 0.8324999999999999 0.2925 0.8324999999999999 0.3125 0.86 0.3125 0.86 0.2925
5 0.9087500000000001 0.3275 0.88375 0.3275 0.88375 0.34500000000000003 0.9087500000000001 0.34500000000000003 0.9087500000000001 0.3275
5 1 0.17375000000000002 0.9875 0.17375000000000002 0.9875 0.19375 1 0.19375 1 0.17375000000000002
5 0.99875 0.16499999999999998 0.9737500000000001 0.16499999999999998 0.9737500000000001 0.185 0.99875 0.185 0.99875 0.16499999999999998
5 1 0.14875 0.985 0.14875 0.985 0.16625 1 0.16625 1 0.14875
5 0.84375 0.11000000000000001 0.8237500000000001 0.11000000000000001 0.8237500000000001 0.1325 0.84375 0.1325 0.84375 0.11000000000000001
5 0.8612500000000001 0.1025 0.84375 0.1025 0.84375 0.125 0.8612500000000001 0.125 0.8612500000000001 0.1025
5 0.7837500000000001 0.1125 0.75625 0.1125 0.75625 0.125 0.7837500000000001 0.125 0.7837500000000001 0.1125
5 0.75875 0.13125 0.73125 0.13125 0.73125 0.15625 0.75875 0.15625 0.75875 0.13125
5 0.65125 0.2425 0.62625 0.2425 0.62625 0.26 0.65125 0.26 0.65125 0.2425
5 0.7175 0.33125 0.6925 0.33125 0.6925 0.34875 0.7175 0.34875 0.7175 0.33125
5 0.73875 0.34625 0.7162499999999999 0.34625 0.7162499999999999 0.36625 0.73875 0.36625 0.73875 0.34625
5 0.7675 0.3625 0.74 0.3625 0.74 0.385 0.7675 0.385 0.7675 0.3625
5 0.795 0.38 0.7675 0.38 0.7675 0.4 0.795 0.4 0.795 0.38
5 0.8237500000000001 0.39875 0.79625 0.39875 0.79625 0.41875 0.8237500000000001 0.41875 0.8237500000000001 0.39875
5 0.8425 0.41375 0.82 0.41375 0.82 0.42874999999999996 0.8425 0.42874999999999996 0.8425 0.41375
5 0.8775000000000001 0.44000000000000006 0.8525 0.44000000000000006 0.8525 0.4575 0.8775000000000001 0.4575 0.8775000000000001 0.44000000000000006
5 0.9025000000000001 0.45375 0.875 0.45375 0.875 0.47375 0.9025000000000001 0.47375 0.9025000000000001 0.45375
5 0.925 0.47375 0.9025000000000001 0.47375 0.9025000000000001 0.49124999999999996 0.925 0.49124999999999996 0.925 0.47375
5 0.9475 0.48875 0.925 0.48875 0.925 0.5037499999999999 0.9475 0.5037499999999999 0.9475 0.48875
5 0.9675 0.5037499999999999 0.9475 0.5037499999999999 0.9475 0.52125 0.9675 0.52125 0.9675 0.5037499999999999
5 1 0.5337500000000001 0.98375 0.5337500000000001 0.98375 0.55375 1 0.55375 1 0.5337500000000001
5 0.6012500000000001 0.3125 0.57875 0.3125 0.57875 0.32999999999999996 0.6012500000000001 0.32999999999999996 0.6012500000000001 0.3125
5 0.595 0.30375 0.5675 0.30375 0.5675 0.32125 0.595 0.32125 0.595 0.30375
5 0.5725 0.2925 0.55 0.2925 0.55 0.31 0.5725 0.31 0.5725 0.2925
5 0.54625 0.335 0.51875 0.335 0.51875 0.3525 0.54625 0.3525 0.54625 0.335
5 0.5237499999999999 0.32 0.49625 0.32 0.49625 0.33999999999999997 0.5237499999999999 0.33999999999999997 0.5237499999999999 0.32
5 0.51125 0.31375000000000003 0.48875 0.31375000000000003 0.48875 0.32875 0.51125 0.32875 0.51125 0.31375000000000003
5 0.49000000000000005 0.30375 0.46749999999999997 0.30375 0.46749999999999997 0.31875 0.49000000000000005 0.31875 0.49000000000000005 0.30375
5 0.48 0.29375 0.4575 0.29375 0.4575 0.31124999999999997 0.48 0.31124999999999997 0.48 0.29375
5 0.47000000000000003 0.2875 0.44749999999999995 0.2875 0.44749999999999995 0.3025 0.47000000000000003 0.3025 0.47000000000000003 0.2875
5 0.45875000000000005 0.27875 0.43875000000000003 0.27875 0.43875000000000003 0.29625 0.45875000000000005 0.29625 0.45875000000000005 0.27875
5 0.45 0.27125 0.43 0.27125 0.43 0.28875 0.45 0.28875 0.45 0.27125
5 0.44000000000000006 0.265 0.4175 0.265 0.4175 0.28250000000000003 0.44000000000000006 0.28250000000000003 0.44000000000000006 0.265
5 0.43125 0.2575 0.40625 0.2575 0.40625 0.27749999999999997 0.43125 0.27749999999999997 0.43125 0.2575
5 0.41875 0.25125000000000003 0.39875 0.25125000000000003 0.39875 0.26625 0.41875 0.26625 0.41875 0.25125000000000003
5 0.39 0.22875 0.3675 0.22875 0.3675 0.24375 0.39 0.24375 0.39 0.22875
5 0.3775 0.2225 0.36 0.2225 0.36 0.23500000000000001 0.3775 0.23500000000000001 0.3775 0.2225
5 0.36875 0.21125 0.34875 0.21125 0.34875 0.22875 0.36875 0.22875 0.36875 0.21125
5 0.355 0.20750000000000002 0.3375 0.20750000000000002 0.3375 0.225 0.355 0.225 0.355 0.20750000000000002
5 0.34125 0.19875 0.32625000000000004 0.19875 0.32625000000000004 0.21375000000000002 0.34125 0.21375000000000002 0.34125 0.19875
5 0.41875 0.18625 0.39125 0.18625 0.39125 0.20375000000000001 0.41875 0.20375000000000001 0.41875 0.18625
5 0.43125 0.19375 0.40625 0.19375 0.40625 0.21125 0.43125 0.21125 0.43125 0.19375
5 0.44125 0.2 0.41624999999999995 0.2 0.41624999999999995 0.21749999999999997 0.44125 0.21749999999999997 0.44125 0.2
5 0.45125000000000004 0.20750000000000002 0.42874999999999996 0.20750000000000002 0.42874999999999996 0.2225 0.45125000000000004 0.2225 0.45125000000000004 0.20750000000000002
5 0.4725 0.2225 0.445 0.2225 0.445 0.24 0.4725 0.24 0.4725 0.2225
5 0.47874999999999995 0.23125 0.45375 0.23125 0.45375 0.24625 0.47874999999999995 0.24625 0.47874999999999995 0.23125
5 0.5 0.24375 0.47750000000000004 0.24375 0.47750000000000004 0.25875 0.5 0.25875 0.5 0.24375
5 0.5125 0.25375000000000003 0.4875 0.25375000000000003 0.4875 0.26875 0.5125 0.26875 0.5125 0.25375000000000003
5 0.52125 0.2575 0.49874999999999997 0.2575 0.49874999999999997 0.2725 0.52125 0.2725 0.52125 0.2575
5 0.5337500000000001 0.26375000000000004 0.50875 0.26375000000000004 0.50875 0.27875 0.5337500000000001 0.27875 0.5337500000000001 0.26375000000000004
5 0.5387500000000001 0.27125 0.51875 0.27125 0.51875 0.28625 0.5387500000000001 0.28625 0.5387500000000001 0.27125
5 0.55125 0.27875 0.52625 0.27875 0.52625 0.29625 0.55125 0.29625 0.55125 0.27875
5 0.5625 0.2875 0.5375 0.2875 0.5375 0.305 0.5625 0.305 0.5625 0.2875
5 0.6025 0.34625 0.5775 0.34625 0.5775 0.36375 0.6025 0.36375 0.6025 0.34625
5 0.25625 0.14125000000000001 0.24375 0.14125000000000001 0.24375 0.16375 0.25625 0.16375 0.25625 0.14125000000000001
5 0.24125000000000002 0.14125000000000001 0.22875 0.14125000000000001 0.22875 0.16125 0.24125000000000002 0.16125 0.24125000000000002 0.14125000000000001
5 0.22625 0.13999999999999999 0.21375000000000002 0.13999999999999999 0.21375000000000002 0.16 0.22625 0.16 0.22625 0.13999999999999999
5 0.21125 0.13625 0.19875 0.13625 0.19875 0.15625 0.21125 0.15625 0.21125 0.13625
5 0.205 0 0.205 0.01125 0.22749999999999998 0.01125 0.22749999999999998 0 0.205 0
5 0.11875 0 0.11875 0.02 0.14125000000000001 0.02 0.14125000000000001 0 0.11875 0
5 0.16 0.013750000000000002 0.1375 0.013750000000000002 0.1375 0.028749999999999998 0.16 0.028749999999999998 0.16 0.013750000000000002
5 0.17250000000000001 0.02 0.14750000000000002 0.02 0.14750000000000002 0.0375 0.17250000000000001 0.0375 0.17250000000000001 0.02
5 0.1825 0.028749999999999998 0.16 0.028749999999999998 0.16 0.04375 0.1825 0.04375 0.1825 0.028749999999999998
5 0.1925 0.034999999999999996 0.16999999999999998 0.034999999999999996 0.16999999999999998 0.052500000000000005 0.1925 0.052500000000000005 0.1925 0.034999999999999996
5 0.20125 0.04375 0.17875000000000002 0.04375 0.17875000000000002 0.061250000000000006 0.20125 0.061250000000000006 0.20125 0.04375
5 0.215 0.05125 0.1925 0.05125 0.1925 0.06625 0.215 0.06625 0.215 0.05125
5 0.22625 0.058750000000000004 0.20125 0.058750000000000004 0.20125 0.07625 0.22625 0.07625 0.22625 0.058750000000000004
5 0.25375000000000003 0.07125000000000001 0.22374999999999998 0.07125000000000001 0.22374999999999998 0.08875 0.25375000000000003 0.08875 0.25375000000000003 0.07125000000000001
5 0.2575 0.08 0.2375 0.08 0.2375 0.0925 0.2575 0.0925 0.2575 0.08
5 0.26625 0.08625000000000001 0.24625 0.08625000000000001 0.24625 0.09875 0.26625 0.09875 0.26625 0.08625000000000001
5 0.27375 0.0925 0.25625 0.0925 0.25625 0.10500000000000001 0.27375 0.10500000000000001 0.27375 0.0925
5 0.19375 0.09375 0.18125 0.09375 0.18125 0.11374999999999999 0.19375 0.11374999999999999 0.19375 0.09375
5 0.1775 0.0975 0.16499999999999998 0.0975 0.16499999999999998 0.12 0.1775 0.12 0.1775 0.0975
5 0.16 0.0975 0.14750000000000002 0.0975 0.14750000000000002 0.11750000000000001 0.16 0.11750000000000001 0.16 0.0975
5 0.14375 0.0975 0.13125 0.0975 0.13125 0.11750000000000001 0.14375 0.11750000000000001 0.14375 0.0975
5 0.16375 0.0775 0.15125 0.0775 0.15125 0.095 0.16375 0.095 0.16375 0.0775
5 0.14750000000000002 0.0775 0.135 0.0775 0.135 0.0975 0.14750000000000002 0.0975 0.14750000000000002 0.0775
5 0.19624999999999998 0.13999999999999999 0.18375 0.13999999999999999 0.18375 0.16 0.19624999999999998 0.16 0.19624999999999998 0.13999999999999999
5 0.18125 0.13874999999999998 0.16875 0.13874999999999998 0.16875 0.16375 0.18125 0.16375 0.18125 0.13874999999999998
5 0.15125 0.14125000000000001 0.13874999999999998 0.14125000000000001 0.13874999999999998 0.16125 0.15125 0.16125 0.15125 0.14125000000000001
5 0 0.01125 0.0225 0.01125 0.0225 0.00125 0 0.00125 0 0.01125
5 0 0.02 0.02 0.02 0.02 0.0125 0 0.0125 0 0.02
5 0 0.028749999999999998 0.02 0.028749999999999998 0.02 0.021249999999999998 0 0.021249999999999998 0 0.028749999999999998
5 0.0975 0.041249999999999995 0.06999999999999999 0.041249999999999995 0.06999999999999999 0.05125 0.0975 0.05125 0.0975 0.041249999999999995
5 0.06999999999999999 0.04375 0.057499999999999996 0.04375 0.057499999999999996 0.06375 0.06999999999999999 0.06375 0.06999999999999999 0.04375
5 0.135 0.13874999999999998 0.12250000000000001 0.13874999999999998 0.12250000000000001 0.15875 0.135 0.15875 0.135 0.13874999999999998
5 0.14375 0.1625 0.11625 0.1625 0.11625 0.17250000000000001 0.14375 0.17250000000000001 0.14375 0.1625
5 0.09125 0.10124999999999999 0.06875 0.10124999999999999 0.06875 0.11125 0.09125 0.11125 0.09125 0.10124999999999999
5 0.09375 0.12125 0.07125000000000001 0.12125 0.07125000000000001 0.12875 0.09375 0.12875 0.09375 0.12125
5 0.0925 0.11125 0.06999999999999999 0.11125 0.06999999999999999 0.12125 0.0925 0.12125 0.0925 0.11125
5 0.11750000000000001 0.14125000000000001 0.1075 0.14125000000000001 0.1075 0.16125 0.11750000000000001 0.16125 0.11750000000000001 0.14125000000000001
5 0.095 0.0725 0.06999999999999999 0.0725 0.06999999999999999 0.08249999999999999 0.095 0.08249999999999999 0.095 0.0725
5 0.09875 0.08249999999999999 0.07125000000000001 0.08249999999999999 0.07125000000000001 0.0925 0.09875 0.0925 0.09875 0.08249999999999999
5 0.1 0.7262500000000001 0.05500000000000001 0.7262500000000001 0.05500000000000001 0.76125 0.1 0.76125 0.1 0.7262500000000001
5 0.11125 0.7262500000000001 0.07625 0.7262500000000001 0.07625 0.75125 0.11125 0.75125 0.11125 0.7262500000000001
5 0.0975 0.655 0.0475 0.655 0.0475 0.6799999999999999 0.0975 0.6799999999999999 0.0975 0.655
5 0.15875 0.61 0.11125 0.61 0.11125 0.6224999999999999 0.15875 0.6224999999999999 0.15875 0.61
5 0.175 0.63375 0.1375 0.63375 0.1375 0.6537499999999999 0.175 0.6537499999999999 0.175 0.63375
5 0.215 0.67375 0.1825 0.67375 0.1825 0.69375 0.215 0.69375 0.215 0.67375
5 0.45375 0.5275000000000001 0.41875 0.5275000000000001 0.41875 0.5549999999999999 0.45375 0.5549999999999999 0.45375 0.5275000000000001
5 0.395 0.53125 0.34750000000000003 0.53125 0.34750000000000003 0.5662499999999999 0.395 0.5662499999999999 0.395 0.53125
5 0.16125 0.725 0.12625 0.725 0.12625 0.7525000000000001 0.16125 0.7525000000000001 0.16125 0.725
5 0.385 0.5175 0.34750000000000003 0.5175 0.34750000000000003 0.54 0.385 0.54 0.385 0.5175
5 0.56875 0.50625 0.53625 0.50625 0.53625 0.5237499999999999 0.56875 0.5237499999999999 0.56875 0.50625
5 0.55 0.52 0.5275000000000001 0.52 0.5275000000000001 0.5349999999999999 0.55 0.5349999999999999 0.55 0.52
5 0.34125 0.55 0.31875 0.55 0.31875 0.5775 0.34125 0.5775 0.34125 0.55
5 0.17375000000000002 0.46624999999999994 0.16125 0.46624999999999994 0.16125 0.49625 0.17375000000000002 0.49625 0.17375000000000002 0.46624999999999994
5 0.24874999999999997 0.47000000000000003 0.22875 0.47000000000000003 0.22875 0.49000000000000005 0.24874999999999997 0.49000000000000005 0.24874999999999997 0.47000000000000003
5 0.27125 0.46875 0.25375000000000003 0.46875 0.25375000000000003 0.49124999999999996 0.27125 0.49124999999999996 0.27125 0.46875
5 0.2875 0.46375 0.27 0.46375 0.27 0.48875 0.2875 0.48875 0.2875 0.46375
5 0.18625 0.41624999999999995 0.15375 0.41624999999999995 0.15375 0.42374999999999996 0.18625 0.42374999999999996 0.18625 0.41624999999999995
5 0.175 0.39125 0.14750000000000002 0.39125 0.14750000000000002 0.39875 0.175 0.39875 0.175 0.39125
5 0.25375000000000003 0.3825 0.22875 0.3825 0.22875 0.4 0.25375000000000003 0.4 0.25375000000000003 0.3825
5 0.275 0.40125 0.2425 0.40125 0.2425 0.42125 0.275 0.42125 0.275 0.40125
5 0.31124999999999997 0.42374999999999996 0.28625 0.42374999999999996 0.28625 0.44125 0.31124999999999997 0.44125 0.31124999999999997 0.42374999999999996
5 0.42625 0.43 0.39625 0.43 0.39625 0.45 0.42625 0.45 0.42625 0.43
5 0.11125 0.34625 0.07625 0.34625 0.07625 0.35625 0.11125 0.35625 0.11125 0.34625
5 0.07625 0.33375 0.04625 0.33375 0.04625 0.34625 0.07625 0.34625 0.07625 0.33375
5 0.0725 0.32375 0.05 0.32375 0.05 0.33375 0.0725 0.33375 0.0725 0.32375
5 0.0775 0.3125 0.0375 0.3125 0.0375 0.3225 0.0775 0.3225 0.0775 0.3125
5 0.075 0.3025 0.0375 0.3025 0.0375 0.3125 0.075 0.3125 0.075 0.3025
5 0.09375 0.85625 0.05375 0.85625 0.05375 0.8787499999999999 0.09375 0.8787499999999999 0.09375 0.85625
5 0.605 1 0.605 0.98125 0.5900000000000001 0.98125 0.5900000000000001 1 0.605 1
5 0.61875 1 0.61875 0.9800000000000001 0.6012500000000001 0.9800000000000001 0.6012500000000001 1 0.61875 1
5 0.635 1 0.635 0.98375 0.62 0.98375 0.62 1 0.635 1
5 0.6599999999999999 1 0.6599999999999999 0.98375 0.6375 0.98375 0.6375 1 0.6599999999999999 1
5 0.67125 0.9375 0.64125 0.9375 0.64125 0.9550000000000001 0.67125 0.9550000000000001 0.67125 0.9375
5 0.6837500000000001 0.94375 0.65125 0.94375 0.65125 0.9662499999999999 0.6837500000000001 0.9662499999999999 0.6837500000000001 0.94375
5 0.70625 0.9512499999999999 0.67125 0.9512499999999999 0.67125 0.9737500000000001 0.70625 0.9737500000000001 0.70625 0.9512499999999999
5 0.6975 0.84375 0.665 0.84375 0.665 0.86625 0.6975 0.86625 0.6975 0.84375
5 0.7925 0.79125 0.7525000000000001 0.79125 0.7525000000000001 0.81375 0.7925 0.81375 0.7925 0.79125
5 0.7837500000000001 0.7675 0.7537499999999999 0.7675 0.7537499999999999 0.7849999999999999 0.7837500000000001 0.7849999999999999 0.7837500000000001 0.7675
5 0.8225 0.7424999999999999 0.795 0.7424999999999999 0.795 0.76 0.8225 0.76 0.8225 0.7424999999999999
5 0.97 0.79625 0.945 0.79625 0.945 0.8087500000000001 0.97 0.8087500000000001 0.97 0.79625
5 0.9775 0.78625 0.9574999999999999 0.78625 0.9574999999999999 0.8012499999999999 0.9775 0.8012499999999999 0.9775 0.78625
5 0.705 0.72875 0.6849999999999999 0.72875 0.6849999999999999 0.74125 0.705 0.74125 0.705 0.72875
5 0.7212500000000001 0.725 0.69875 0.725 0.69875 0.745 0.7212500000000001 0.745 0.7212500000000001 0.725
5 0.7325 0.71375 0.71 0.71375 0.71 0.72875 0.7325 0.72875 0.7325 0.71375
5 0.69875 0.505 0.67375 0.505 0.67375 0.52 0.69875 0.52 0.69875 0.505
5 0.5275000000000001 0.145 0.4875 0.145 0.4875 0.17250000000000001 0.5275000000000001 0.17250000000000001 0.5275000000000001 0.145
5 0.885 0.89125 0.8300000000000001 0.89125 0.8300000000000001 0.93125 0.885 0.93125 0.885 0.89125
5 0.495 0.2375 0.4625 0.2375 0.4625 0.255 0.495 0.255 0.495 0.2375