5 0.04375 0.6212500000000001 0.028749999999999998 0.6212500000000001 0.028749999999999998 0.63625 0.04375 0.63625 0.04375 0.6212500000000001
5 0.0625 0.5875 0.034999999999999996 0.5875 0.034999999999999996 0.6 0.0625 0.6 0.0625 0.5875
5 0.10375000000000001 0.64125 0.08625000000000001 0.64125 0.08625000000000001 0.6537499999999999 0.10375000000000001 0.6537499999999999 0.10375000000000001 0.64125
5 0.11750000000000001 0.65 0.095 0.65 0.095 0.6675 0.11750000000000001 0.6675 0.11750000000000001 0.65
5 0.1025 0.5549999999999999 0.0725 0.5549999999999999 0.0725 0.5700000000000001 0.1025 0.5700000000000001 0.1025 0.5549999999999999
5 0.05 0.5349999999999999 0.015 0.5349999999999999 0.015 0.5475 0.05 0.5475 0.05 0.5349999999999999
5 0.54375 0.8175000000000001 0.52125 0.8175000000000001 0.52125 0.8400000000000001 0.54375 0.8400000000000001 0.54375 0.8175000000000001
5 0.6025 0.8300000000000001 0.58 0.8300000000000001 0.58 0.845 0.6025 0.845 0.6025 0.8300000000000001
5 0.6125 0.8550000000000001 0.5900000000000001 0.8550000000000001 0.5900000000000001 0.8724999999999999 0.6125 0.8724999999999999 0.6125 0.8550000000000001
5 0.6637500000000001 0.8462500000000001 0.62625 0.8462500000000001 0.62625 0.86625 0.6637500000000001 0.86625 0.6637500000000001 0.8462500000000001
5 0.9199999999999999 0.9737500000000001 0.8925000000000001 0.9737500000000001 0.8925000000000001 0.9887499999999999 0.9199999999999999 0.9887499999999999 0.9199999999999999 0.9737500000000001
5 1 0.9487500000000001 0.96875 0.9487500000000001 0.96875 0.9712500000000001 1 0.9712500000000001 1 0.9487500000000001
5 0.9887499999999999 0.9012499999999999 0.95625 0.9012499999999999 0.95625 0.91875 0.9887499999999999 0.91875 0.9887499999999999 0.9012499999999999
5 0.93625 0.89875 0.9087500000000001 0.89875 0.9087500000000001 0.91375 0.93625 0.91375 0.93625 0.89875
5 0.92125 0.87625 0.89625 0.87625 0.89625 0.89375 0.92125 0.89375 0.92125 0.87625
5 0.86625 0.8699999999999999 0.8412499999999999 0.8699999999999999 0.8412499999999999 0.8825 0.86625 0.8825 0.86625 0.8699999999999999
5 0.79125 0.84375 0.76625 0.84375 0.76625 0.85625 0.79125 0.85625 0.79125 0.84375
5 0.795 0.8300000000000001 0.7725 0.8300000000000001 0.7725 0.8400000000000001 0.795 0.8400000000000001 0.795 0.8300000000000001
5 0.8574999999999999 0.8574999999999999 0.8375 0.8574999999999999 0.8375 0.8675 0.8574999999999999 0.8675 0.8574999999999999 0.8574999999999999
5 0.6837500000000001 0.79875 0.6537499999999999 0.79875 0.6537499999999999 0.8162499999999999 0.6837500000000001 0.8162499999999999 0.6837500000000001 0.79875
5 0.5725 0.75625 0.55 0.75625 0.55 0.76875 0.5725 0.76875 0.5725 0.75625
5 0.6012500000000001 0.74875 0.57375 0.74875 0.57375 0.76625 0.6012500000000001 0.76625 0.6012500000000001 0.74875
5 0.6375 0.765 0.615 0.765 0.615 0.7775000000000001 0.6375 0.7775000000000001 0.6375 0.765
5 0.67375 0.7787499999999999 0.65125 0.7787499999999999 0.65125 0.79125 0.67375 0.79125 0.67375 0.7787499999999999
5 0.5625 0.73625 0.5349999999999999 0.73625 0.5349999999999999 0.74875 0.5625 0.74875 0.5625 0.73625
5 0.5325 0.72375 0.505 0.72375 0.505 0.73875 0.5325 0.73875 0.5325 0.72375
5 0.515 0.6637500000000001 0.49000000000000005 0.6637500000000001 0.49000000000000005 0.67625 0.515 0.67625 0.515 0.6637500000000001
5 0.45 0.7424999999999999 0.42750000000000005 0.7424999999999999 0.42750000000000005 0.7575000000000001 0.45 0.7575000000000001 0.45 0.7424999999999999
5 0.4625 0.7525000000000001 0.4375 0.7525000000000001 0.4375 0.7675 0.4625 0.7675 0.4625 0.7525000000000001
5 0.46875 0.7162499999999999 0.44375 0.7162499999999999 0.44375 0.72875 0.46875 0.72875 0.46875 0.7162499999999999
5 0.49375 0.71 0.46875 0.71 0.46875 0.725 0.49375 0.725 0.49375 0.71
5 0.4575 0.6975 0.43499999999999994 0.6975 0.43499999999999994 0.7075 0.4575 0.7075 0.4575 0.6975
5 0.42125 0.6849999999999999 0.39875 0.6849999999999999 0.39875 0.6950000000000001 0.42125 0.6950000000000001 0.42125 0.6849999999999999
5 0.52125 0.6837500000000001 0.50125 0.6837500000000001 0.50125 0.69375 0.52125 0.69375 0.52125 0.6837500000000001
5 0.52625 0.64375 0.49375 0.64375 0.49375 0.6587500000000001 0.52625 0.6587500000000001 0.52625 0.64375
5 0.8375 0.795 0.825 0.795 0.825 0.8074999999999999 0.8375 0.8074999999999999 0.8375 0.795
5 0.9525 0.7424999999999999 0.93 0.7424999999999999 0.93 0.7575000000000001 0.9525 0.7575000000000001 0.9525 0.7424999999999999
5 0.7675 0.36875 0.735 0.36875 0.735 0.38125 0.7675 0.38125 0.7675 0.36875
5 0.5775 0.13125 0.5549999999999999 0.13125 0.5549999999999999 0.14625 0.5775 0.14625 0.5775 0.13125
5 0.6012500000000001 0.14375 0.58375 0.14375 0.58375 0.16375 0.6012500000000001 0.16375 0.6012500000000001 0.14375
5 0.76875 0.79 0.67625 0.79 0.67625 0.835 0.76875 0.835 0.76875 0.79