5 0.24375 0.021249999999999998 0.20625 0.021249999999999998 0.20625 0.041249999999999995 0.24375 0.041249999999999995 0.24375 0.021249999999999998
5 0.5037499999999999 0.1375 0.47874999999999995 0.1375 0.47874999999999995 0.155 0.5037499999999999 0.155 0.5037499999999999 0.1375
5 0.5599999999999999 0.1375 0.5325 0.1375 0.5325 0.1525 0.5599999999999999 0.1525 0.5599999999999999 0.1375
5 0.21749999999999997 0.07875 0.20249999999999999 0.07875 0.20249999999999999 0.09125 0.21749999999999997 0.09125 0.21749999999999997 0.07875
5 0.19 0.075 0.1675 0.075 0.1675 0.0875 0.19 0.0875 0.19 0.075
5 0.20249999999999999 0.0675 0.175 0.0675 0.175 0.0775 0.20249999999999999 0.0775 0.20249999999999999 0.0675
5 0.21125 0.05625 0.18375 0.05625 0.18375 0.06875 0.21125 0.06875 0.21125 0.05625
5 0.13999999999999999 0.15625 0.12 0.15625 0.12 0.17375000000000002 0.13999999999999999 0.17375000000000002 0.13999999999999999 0.15625
5 0.15625 0.14125000000000001 0.13874999999999998 0.14125000000000001 0.13874999999999998 0.15375 0.15625 0.15375 0.15625 0.14125000000000001
5 0.17625 0.12375 0.15625 0.12375 0.15625 0.13874999999999998 0.17625 0.13874999999999998 0.17625 0.12375
5 0.175 0.08499999999999999 0.15 0.08499999999999999 0.15 0.1 0.175 0.1 0.175 0.08499999999999999
5 0.20125 0.09125 0.18125 0.09125 0.18125 0.10874999999999999 0.20125 0.10874999999999999 0.20125 0.09125
5 0.6900000000000001 0.185 0.665 0.185 0.665 0.2 0.6900000000000001 0.2 0.6900000000000001 0.185
5 0.7725 0.2375 0.75 0.2375 0.75 0.2475 0.7725 0.2475 0.7725 0.2375
5 0.3 0.12 0.28500000000000003 0.12 0.28500000000000003 0.1375 0.3 0.1375 0.3 0.12
5 0.33125 0.1325 0.31124999999999997 0.1325 0.31124999999999997 0.14750000000000002 0.33125 0.14750000000000002 0.33125 0.1325
5 0.26125 0.0875 0.24375 0.0875 0.24375 0.1025 0.26125 0.1025 0.26125 0.0875
5 0.27375 0.0925 0.25375000000000003 0.0925 0.25375000000000003 0.1075 0.27375 0.1075 0.27375 0.0925
5 0.29125 0.09875 0.27125 0.09875 0.27125 0.11625 0.29125 0.11625 0.29125 0.09875
5 0.16 0.3125 0.1375 0.3125 0.1375 0.32999999999999996 0.16 0.32999999999999996 0.16 0.3125
5 0.095 0.20750000000000002 0.0725 0.20750000000000002 0.0725 0.225 0.095 0.225 0.095 0.20750000000000002
5 0.12250000000000001 0.1775 0.1025 0.1775 0.1025 0.19 0.12250000000000001 0.19 0.12250000000000001 0.1775
5 0.225 0.04625 0.195 0.04625 0.195 0.061250000000000006 0.225 0.061250000000000006 0.225 0.04625
5 0.08499999999999999 0.02 0.0675 0.02 0.0675 0.0325 0.08499999999999999 0.0325 0.08499999999999999 0.02
5 0.10625 0.02375 0.08375 0.02375 0.08375 0.03875 0.10625 0.03875 0.10625 0.02375
5 0.13999999999999999 0.0325 0.125 0.0325 0.125 0.0475 0.13999999999999999 0.0475 0.13999999999999999 0.0325
5 0.15875 0.034999999999999996 0.14125000000000001 0.034999999999999996 0.14125000000000001 0.052500000000000005 0.15875 0.052500000000000005 0.15875 0.034999999999999996
5 0.17625 0.04 0.15875 0.04 0.15875 0.05500000000000001 0.17625 0.05500000000000001 0.17625 0.04
5 0.19 0.04375 0.17250000000000001 0.04375 0.17250000000000001 0.058750000000000004 0.19 0.058750000000000004 0.19 0.04375
5 0.5275000000000001 0.43375 0.5075000000000001 0.43375 0.5075000000000001 0.45125000000000004 0.5275000000000001 0.45125000000000004 0.5275000000000001 0.43375
5 0.9712500000000001 0.57875 0.9487500000000001 0.57875 0.9487500000000001 0.59875 0.9712500000000001 0.59875 0.9712500000000001 0.57875
5 0.94375 0.5900000000000001 0.92125 0.5900000000000001 0.92125 0.6025 0.94375 0.6025 0.94375 0.5900000000000001
5 0.9225 0.615 0.8975 0.615 0.8975 0.6275000000000001 0.9225 0.6275000000000001 0.9225 0.615
5 0.9175000000000001 0.625 0.8875 0.625 0.8875 0.64 0.9175000000000001 0.64 0.9175000000000001 0.625
5 0.9075 0.63375 0.8825 0.63375 0.8825 0.64625 0.9075 0.64625 0.9075 0.63375
5 0.89625 0.6425 0.87375 0.6425 0.87375 0.655 0.89625 0.655 0.89625 0.6425
5 0.89 0.6525000000000001 0.865 0.6525000000000001 0.865 0.665 0.89 0.665 0.89 0.6525000000000001
5 0.89875 0.67 0.8787499999999999 0.67 0.8787499999999999 0.6875 0.89875 0.6875 0.89875 0.67
5 0.7787499999999999 0.7787499999999999 0.75875 0.7787499999999999 0.75875 0.79625 0.7787499999999999 0.79625 0.7787499999999999 0.7787499999999999
5 0.8375 0.8162499999999999 0.8099999999999999 0.8162499999999999 0.8099999999999999 0.82875 0.8375 0.82875 0.8375 0.8162499999999999
5 0.9112500000000001 0.8425 0.88125 0.8425 0.88125 0.8574999999999999 0.9112500000000001 0.8574999999999999 0.9112500000000001 0.8425
5 0.9375 0.85625 0.9125 0.85625 0.9125 0.8712500000000001 0.9375 0.8712500000000001 0.9375 0.85625
5 0.6950000000000001 0.8800000000000001 0.6675 0.8800000000000001 0.6675 0.8925000000000001 0.6950000000000001 0.8925000000000001 0.6950000000000001 0.8800000000000001
5 0.61 0.59375 0.5775 0.59375 0.5775 0.60875 0.61 0.60875 0.61 0.59375
5 0.9550000000000001 0.3775 0.9375 0.3775 0.9375 0.395 0.9550000000000001 0.395 0.9550000000000001 0.3775
5 0.96875 0.3825 0.94625 0.3825 0.94625 0.4 0.96875 0.4 0.96875 0.3825
5 0.3625 0.03125 0.32999999999999996 0.03125 0.32999999999999996 0.04875 0.3625 0.04875 0.3625 0.03125