5 0.71375 0.19875 0.6837500000000001 0.19875 0.6837500000000001 0.21125 0.71375 0.21125 0.71375 0.19875
5 0.71375 0.21000000000000002 0.6837500000000001 0.21000000000000002 0.6837500000000001 0.22000000000000003 0.71375 0.22000000000000003 0.71375 0.21000000000000002
5 0.48125 0.4575 0.44625000000000004 0.4575 0.44625000000000004 0.47000000000000003 0.48125 0.47000000000000003 0.48125 0.4575
5 0.9349999999999999 0.19624999999999998 0.9225 0.19624999999999998 0.9225 0.21375000000000002 0.9349999999999999 0.21375000000000002 0.9349999999999999 0.19624999999999998
5 0.91375 0.2475 0.89875 0.2475 0.89875 0.265 0.91375 0.265 0.91375 0.2475
5 0.79125 0.8787499999999999 0.76625 0.8787499999999999 0.76625 0.8887499999999999 0.79125 0.8887499999999999 0.79125 0.8787499999999999
5 0.8087500000000001 0.8612500000000001 0.78125 0.8612500000000001 0.78125 0.87375 0.8087500000000001 0.87375 0.8087500000000001 0.8612500000000001
5 0.82 0.8375 0.79 0.8375 0.79 0.8525 0.82 0.8525 0.82 0.8375
5 0.81875 0.8487500000000001 0.7887500000000001 0.8487500000000001 0.7887500000000001 0.8637499999999999 0.81875 0.8637499999999999 0.81875 0.8487500000000001
5 0.8887499999999999 0.81375 0.86625 0.81375 0.86625 0.8237500000000001 0.8887499999999999 0.8237500000000001 0.8887499999999999 0.81375
5 0.9087500000000001 0.79625 0.8787499999999999 0.79625 0.8787499999999999 0.80625 0.9087500000000001 0.80625 0.9087500000000001 0.79625
5 0.8675 0.75125 0.8525 0.75125 0.8525 0.76875 0.8675 0.76875 0.8675 0.75125
5 0.9324999999999999 0.6475 0.915 0.6475 0.915 0.665 0.9324999999999999 0.665 0.9324999999999999 0.6475