5 0 0.74875 0.021249999999999998 0.74875 0.021249999999999998 0.73375 0 0.73375 0 0.74875
5 0.21625 0.7162499999999999 0.18625 0.7162499999999999 0.18625 0.7262500000000001 0.21625 0.7262500000000001 0.21625 0.7162499999999999
5 0.155 0.7 0.13 0.7 0.13 0.71 0.155 0.71 0.155 0.7
5 0.09125 0.6575 0.06875 0.6575 0.06875 0.6825 0.09125 0.6825 0.09125 0.6575
5 0.16375 0.61125 0.15125 0.61125 0.15125 0.62625 0.16375 0.62625 0.16375 0.61125
5 0.9525 0.325 0.9375 0.325 0.9375 0.34249999999999997 0.9525 0.34249999999999997 0.9525 0.325
5 0.69875 0.29874999999999996 0.68125 0.29874999999999996 0.68125 0.31875 0.69875 0.31875 0.69875 0.29874999999999996
5 0.64125 0.23125 0.62625 0.23125 0.62625 0.24874999999999997 0.64125 0.24874999999999997 0.64125 0.23125
5 0.6625 0.19125 0.6475 0.19125 0.6475 0.20875 0.6625 0.20875 0.6625 0.19125
5 0.62375 0.1875 0.60875 0.1875 0.60875 0.21000000000000002 0.62375 0.21000000000000002 0.62375 0.1875
5 0.6537499999999999 0.12250000000000001 0.63375 0.12250000000000001 0.63375 0.135 0.6537499999999999 0.135 0.6537499999999999 0.12250000000000001
5 0.6537499999999999 0.09875 0.6287499999999999 0.09875 0.6287499999999999 0.11625 0.6537499999999999 0.11625 0.6537499999999999 0.09875
5 0.6375 0.08499999999999999 0.62 0.08499999999999999 0.62 0.1 0.6375 0.1 0.6375 0.08499999999999999
5 0.59375 0.05375 0.57875 0.05375 0.57875 0.07375000000000001 0.59375 0.07375000000000001 0.59375 0.05375
5 0.5675 0 0.5675 0.015 0.58 0.015 0.58 0 0.5675 0
5 0.5549999999999999 0.01125 0.53 0.01125 0.53 0.021249999999999998 0.5549999999999999 0.021249999999999998 0.5549999999999999 0.01125
5 0.6125 0.00625 0.6 0.00625 0.6 0.026250000000000002 0.6125 0.026250000000000002 0.6125 0.00625
5 0.61875 0.05 0.6012500000000001 0.05 0.6012500000000001 0.0775 0.61875 0.0775 0.61875 0.05
5 0.15125 0.042499999999999996 0.13625 0.042499999999999996 0.13625 0.065 0.15125 0.065 0.15125 0.042499999999999996
5 0.20625 0.18875 0.19125 0.18875 0.19125 0.20625 0.20625 0.20625 0.20625 0.18875
5 0.26125 0.36375 0.24375 0.36375 0.24375 0.38125 0.26125 0.38125 0.26125 0.36375
5 0.2475 0.325 0.23500000000000001 0.325 0.23500000000000001 0.33999999999999997 0.2475 0.33999999999999997 0.2475 0.325