5 0.27875 0.79625 0.26625 0.79625 0.26625 0.81375 0.27875 0.81375 0.27875 0.79625
5 0.11750000000000001 0.9199999999999999 0.1025 0.9199999999999999 0.1025 0.9324999999999999 0.11750000000000001 0.9324999999999999 0.11750000000000001 0.9199999999999999
5 0.23374999999999999 0.8787499999999999 0.21875 0.8787499999999999 0.21875 0.89375 0.23374999999999999 0.89375 0.23374999999999999 0.8787499999999999
5 0.5725 0.7925 0.5525 0.7925 0.5525 0.8025 0.5725 0.8025 0.5725 0.7925
5 0.705 0.6849999999999999 0.65 0.6849999999999999 0.65 0.6975 0.705 0.6975 0.705 0.6849999999999999
5 0.5 0.5900000000000001 0.485 0.5900000000000001 0.485 0.5974999999999999 0.5 0.5974999999999999 0.5 0.5900000000000001
5 0.43375 0.5549999999999999 0.41624999999999995 0.5549999999999999 0.41624999999999995 0.5650000000000001 0.43375 0.5650000000000001 0.43375 0.5549999999999999
5 0.5275000000000001 0.55125 0.49749999999999994 0.55125 0.49749999999999994 0.56125 0.5275000000000001 0.56125 0.5275000000000001 0.55125
5 0.485 0.5425 0.465 0.5425 0.465 0.55 0.485 0.55 0.485 0.5425
5 0.58 0.55125 0.5549999999999999 0.55125 0.5549999999999999 0.56125 0.58 0.56125 0.58 0.55125
5 0.68125 0.5974999999999999 0.6637500000000001 0.5974999999999999 0.6637500000000001 0.6125 0.68125 0.6125 0.68125 0.5974999999999999
5 0.3975 0.59875 0.3725 0.59875 0.3725 0.60875 0.3975 0.60875 0.3975 0.59875
5 0.47874999999999995 0.5912499999999999 0.45375 0.5912499999999999 0.45375 0.59875 0.47874999999999995 0.59875 0.47874999999999995 0.5912499999999999
5 0.63125 0.66125 0.5912499999999999 0.66125 0.5912499999999999 0.67875 0.63125 0.67875 0.63125 0.66125
5 0 0.39375 0.008749999999999999 0.39375 0.008749999999999999 0.37875000000000003 0 0.37875000000000003 0 0.39375
5 0.017499999999999998 0.395 0.005 0.395 0.005 0.4025 0.017499999999999998 0.4025 0.017499999999999998 0.395
5 0.03875 0.4125 0.02375 0.4125 0.02375 0.4225 0.03875 0.4225 0.03875 0.4125
5 0.057499999999999996 0.42374999999999996 0.04 0.42374999999999996 0.04 0.43375 0.057499999999999996 0.43375 0.057499999999999996 0.42374999999999996
5 0.07375000000000001 0.43875000000000003 0.058750000000000004 0.43875000000000003 0.058750000000000004 0.44875 0.07375000000000001 0.44875 0.07375000000000001 0.43875000000000003
5 0.0975 0.44875 0.08 0.44875 0.08 0.45875000000000005 0.0975 0.45875000000000005 0.0975 0.44875
5 0.11499999999999999 0.43624999999999997 0.095 0.43624999999999997 0.095 0.45125000000000004 0.11499999999999999 0.45125000000000004 0.11499999999999999 0.43624999999999997
5 0.1525 0.47625 0.135 0.47625 0.135 0.48624999999999996 0.1525 0.48624999999999996 0.1525 0.47625
5 0.185 0.47375 0.16499999999999998 0.47375 0.16499999999999998 0.48624999999999996 0.185 0.48624999999999996 0.185 0.47375
5 0.22374999999999998 0.49124999999999996 0.19875 0.49124999999999996 0.19875 0.50625 0.22374999999999998 0.50625 0.22374999999999998 0.49124999999999996
5 0.925 0.8724999999999999 0.9099999999999999 0.8724999999999999 0.9099999999999999 0.8875 0.925 0.8875 0.925 0.8724999999999999
5 0.9650000000000001 0.8612500000000001 0.9275 0.8612500000000001 0.9275 0.89625 0.9650000000000001 0.89625 0.9650000000000001 0.8612500000000001
5 0.9662499999999999 0.81375 0.9512499999999999 0.81375 0.9512499999999999 0.8237500000000001 0.9662499999999999 0.8237500000000001 0.9662499999999999 0.81375
5 0.8275 0.755 0.8125 0.755 0.8125 0.7675 0.8275 0.7675 0.8275 0.755
5 0.85875 0.765 0.84375 0.765 0.84375 0.7775000000000001 0.85875 0.7775000000000001 0.85875 0.765
5 0.91875 0.74 0.89875 0.74 0.89875 0.755 0.91875 0.755 0.91875 0.74
5 0.8887499999999999 0.7262500000000001 0.86875 0.7262500000000001 0.86875 0.74125 0.8887499999999999 0.74125 0.8887499999999999 0.7262500000000001
5 0.77 0.6849999999999999 0.7525000000000001 0.6849999999999999 0.7525000000000001 0.6975 0.77 0.6975 0.77 0.6849999999999999
5 0.8237500000000001 0.56875 0.80625 0.56875 0.80625 0.58125 0.8237500000000001 0.58125 0.8237500000000001 0.56875
5 0.8162499999999999 0.54125 0.79875 0.54125 0.79875 0.55375 0.8162499999999999 0.55375 0.8162499999999999 0.54125
5 0.8275 0.5549999999999999 0.8099999999999999 0.5549999999999999 0.8099999999999999 0.5675 0.8275 0.5675 0.8275 0.5549999999999999
5 0.8699999999999999 0.58 0.8525 0.58 0.8525 0.5875 0.8699999999999999 0.5875 0.8699999999999999 0.58
5 0.7787499999999999 0.5125 0.76375 0.5125 0.76375 0.525 0.7787499999999999 0.525 0.7787499999999999 0.5125
5 0.76 0.5037499999999999 0.7474999999999999 0.5037499999999999 0.7474999999999999 0.52125 0.76 0.52125 0.76 0.5037499999999999
5 0.6799999999999999 0.45625 0.655 0.45625 0.655 0.47874999999999995 0.6799999999999999 0.47874999999999995 0.6799999999999999 0.45625
5 0.53125 0.41375 0.51625 0.41375 0.51625 0.42874999999999996 0.53125 0.42874999999999996 0.53125 0.41375
5 0.5599999999999999 0.39249999999999996 0.5375 0.39249999999999996 0.5375 0.4125 0.5599999999999999 0.4125 0.5599999999999999 0.39249999999999996
5 0.5962500000000001 0.42125 0.58125 0.42125 0.58125 0.43624999999999997 0.5962500000000001 0.43624999999999997 0.5962500000000001 0.42125
5 0.50625 0.5 0.48875 0.5 0.48875 0.505 0.50625 0.505 0.50625 0.5
5 0.48 0.49874999999999997 0.4575 0.49874999999999997 0.4575 0.50625 0.48 0.50625 0.48 0.49874999999999997
5 0.39625 0.5037499999999999 0.37875000000000003 0.5037499999999999 0.37875000000000003 0.51125 0.39625 0.51125 0.39625 0.5037499999999999
5 0.3225 0.4925 0.305 0.4925 0.305 0.5025000000000001 0.3225 0.5025000000000001 0.3225 0.4925
5 0.3525 0.49874999999999997 0.32999999999999996 0.49874999999999997 0.32999999999999996 0.50625 0.3525 0.50625 0.3525 0.49874999999999997
5 0.365 0.36124999999999996 0.35 0.36124999999999996 0.35 0.37374999999999997 0.365 0.37374999999999997 0.365 0.36124999999999996
5 0.37374999999999997 0.35625 0.35875 0.35625 0.35875 0.37124999999999997 0.37374999999999997 0.37124999999999997 0.37374999999999997 0.35625
5 0.3875 0.355 0.3725 0.355 0.3725 0.3675 0.3875 0.3675 0.3875 0.355
5 0.37374999999999997 0.325 0.36124999999999996 0.325 0.36124999999999996 0.33999999999999997 0.37374999999999997 0.33999999999999997 0.37374999999999997 0.325
5 0.36625 0.31 0.35375 0.31 0.35375 0.3225 0.36625 0.3225 0.36625 0.31
5 0.34875 0.26875 0.33375 0.26875 0.33375 0.28375 0.34875 0.28375 0.34875 0.26875
5 0.27375 0.40875000000000006 0.25625 0.40875000000000006 0.25625 0.41875 0.27375 0.41875 0.27375 0.40875000000000006
5 0.2525 0.395 0.2325 0.395 0.2325 0.40499999999999997 0.2525 0.40499999999999997 0.2525 0.395
5 0.25375000000000003 0.4175 0.23625 0.4175 0.23625 0.42750000000000005 0.25375000000000003 0.42750000000000005 0.25375000000000003 0.4175
5 0.21625 0.40499999999999997 0.19875 0.40499999999999997 0.19875 0.4175 0.21625 0.4175 0.21625 0.40499999999999997
5 0.2325 0.42750000000000005 0.2125 0.42750000000000005 0.2125 0.4375 0.2325 0.4375 0.2325 0.42750000000000005
5 0.125 0.4025 0.11000000000000001 0.4025 0.11000000000000001 0.41500000000000004 0.125 0.41500000000000004 0.125 0.4025
5 0.11000000000000001 0.3875 0.09 0.3875 0.09 0.4025 0.11000000000000001 0.4025 0.11000000000000001 0.3875
5 0.08499999999999999 0.3775 0.0675 0.3775 0.0675 0.39249999999999996 0.08499999999999999 0.39249999999999996 0.08499999999999999 0.3775
5 0.06875 0.3525 0.05375 0.3525 0.05375 0.3625 0.06875 0.3625 0.06875 0.3525
5 0.065 0.34500000000000003 0.05 0.34500000000000003 0.05 0.35750000000000004 0.065 0.35750000000000004 0.065 0.34500000000000003
5 0.0475 0.34125 0.027500000000000004 0.34125 0.027500000000000004 0.35375 0.0475 0.35375 0.0475 0.34125
5 0.061250000000000006 0.33875 0.04625 0.33875 0.04625 0.34875 0.061250000000000006 0.34875 0.061250000000000006 0.33875
5 0.05625 0.33125 0.041249999999999995 0.33125 0.041249999999999995 0.34125 0.05625 0.34125 0.05625 0.33125
5 0.03125 0.325 0.01625 0.325 0.01625 0.3375 0.03125 0.3375 0.03125 0.325
5 0.0475 0.32375 0.03 0.32375 0.03 0.33375 0.0475 0.33375 0.0475 0.32375
5 0.021249999999999998 0.31124999999999997 0.00625 0.31124999999999997 0.00625 0.32125 0.021249999999999998 0.32125 0.021249999999999998 0.31124999999999997
5 0.03625 0.31124999999999997 0.01875 0.31124999999999997 0.01875 0.32125 0.03625 0.32125 0.03625 0.31124999999999997
5 0.026250000000000002 0.3025 0.013750000000000002 0.3025 0.013750000000000002 0.31 0.026250000000000002 0.31 0.026250000000000002 0.3025
5 0 0.30625 0.01125 0.30625 0.01125 0.29375 0 0.29375 0 0.30625
5 0.0225 0.28875 0.0075 0.28875 0.0075 0.29625 0.0225 0.29625 0.0225 0.28875
5 0.017499999999999998 0.28125 0.0025 0.28125 0.0025 0.29125 0.017499999999999998 0.29125 0.017499999999999998 0.28125
5 0 0.28250000000000003 0.013750000000000002 0.28250000000000003 0.013750000000000002 0.275 0 0.275 0 0.28250000000000003
5 0.19125 0.27625 0.17875000000000002 0.27625 0.17875000000000002 0.29125 0.19125 0.29125 0.19125 0.27625
5 0.2 0.275 0.1875 0.275 0.1875 0.2875 0.2 0.2875 0.2 0.275
5 0.19125 0.25125000000000003 0.17625 0.25125000000000003 0.17625 0.26375000000000004 0.19125 0.26375000000000004 0.19125 0.25125000000000003
5 0.1825 0.24 0.16 0.24 0.16 0.2525 0.1825 0.2525 0.1825 0.24
5 0.14125000000000001 0.20125 0.12875 0.20125 0.12875 0.21625 0.14125000000000001 0.21625 0.14125000000000001 0.20125
5 0.22374999999999998 0.034999999999999996 0.20875 0.034999999999999996 0.20875 0.05 0.22374999999999998 0.05 0.22374999999999998 0.034999999999999996
5 0.2325 0.05125 0.22000000000000003 0.05125 0.22000000000000003 0.06875 0.2325 0.06875 0.2325 0.05125
5 0.24375 0.06999999999999999 0.22875 0.06999999999999999 0.22875 0.0875 0.24375 0.0875 0.24375 0.06999999999999999
5 0.2575 0.0925 0.24 0.0925 0.24 0.11000000000000001 0.2575 0.11000000000000001 0.2575 0.0925
5 0.275 0.12625 0.26 0.12625 0.26 0.14375 0.275 0.14375 0.275 0.12625
5 0.28500000000000003 0.14750000000000002 0.27 0.14750000000000002 0.27 0.16 0.28500000000000003 0.16 0.28500000000000003 0.14750000000000002
5 0.3 0.16875 0.28250000000000003 0.16875 0.28250000000000003 0.18625 0.3 0.18625 0.3 0.16875
5 0.31375000000000003 0.1925 0.29625 0.1925 0.29625 0.21000000000000002 0.31375000000000003 0.21000000000000002 0.31375000000000003 0.1925
5 0.32125 0.21000000000000002 0.30625 0.21000000000000002 0.30625 0.225 0.32125 0.225 0.32125 0.21000000000000002
5 0.32999999999999996 0.22749999999999998 0.315 0.22749999999999998 0.315 0.24500000000000002 0.32999999999999996 0.24500000000000002 0.32999999999999996 0.22749999999999998
5 0.33875 0.24375 0.32375 0.24375 0.32375 0.26125 0.33875 0.26125 0.33875 0.24375
5 0.2325 0.46749999999999997 0.21749999999999997 0.46749999999999997 0.21749999999999997 0.475 0.2325 0.475 0.2325 0.46749999999999997
5 0.9662499999999999 0.71875 0.9412499999999999 0.71875 0.9412499999999999 0.72875 0.9662499999999999 0.72875 0.9662499999999999 0.71875
5 1 0.72 0.98375 0.72 0.98375 0.73 1 0.73 1 0.72
5 0.97875 0.41500000000000004 0.94625 0.41500000000000004 0.94625 0.4375 0.97875 0.4375 0.97875 0.41500000000000004
5 0.89 0.34875 0.865 0.34875 0.865 0.36375 0.89 0.36375 0.89 0.34875
5 0.9175000000000001 0.34249999999999997 0.8875 0.34249999999999997 0.8875 0.3525 0.9175000000000001 0.3525 0.9175000000000001 0.34249999999999997
5 0.5237499999999999 0.34249999999999997 0.51125 0.34249999999999997 0.51125 0.35750000000000004 0.5237499999999999 0.35750000000000004 0.5237499999999999 0.34249999999999997
5 0.54625 0.32999999999999996 0.52625 0.32999999999999996 0.52625 0.35 0.54625 0.35 0.54625 0.32999999999999996
5 0.5650000000000001 0.25375000000000003 0.5475 0.25375000000000003 0.5475 0.26625 0.5650000000000001 0.26625 0.5650000000000001 0.25375000000000003
5 0.4875 0.10375000000000001 0.46749999999999997 0.10375000000000001 0.46749999999999997 0.12375 0.4875 0.12375 0.4875 0.10375000000000001
5 0.4025 0.04 0.3725 0.04 0.3725 0.08249999999999999 0.4025 0.08249999999999999 0.4025 0.04
5 0.41 0.0125 0.39249999999999996 0.0125 0.39249999999999996 0.027500000000000004 0.41 0.027500000000000004 0.41 0.0125
5 0.48125 0.0075 0.46375 0.0075 0.46375 0.025 0.48125 0.025 0.48125 0.0075