5 0.11625 0.27875 0.09125 0.27875 0.09125 0.30625 0.11625 0.30625 0.11625 0.27875
5 0.85875 0.61625 0.8262499999999999 0.61625 0.8262499999999999 0.64625 0.85875 0.64625 0.85875 0.61625
5 0.20625 0.4725 0.18125 0.4725 0.18125 0.4925 0.20625 0.4925 0.20625 0.4725
5 0.19375 0.52625 0.17625 0.52625 0.17625 0.54875 0.19375 0.54875 0.19375 0.52625
5 0.22125 0.5387500000000001 0.21375000000000002 0.5387500000000001 0.21375000000000002 0.55375 0.22125 0.55375 0.22125 0.5387500000000001
5 0.6525000000000001 0.6075 0.6224999999999999 0.6075 0.6224999999999999 0.635 0.6525000000000001 0.635 0.6525000000000001 0.6075
5 0.7575000000000001 0.69375 0.7424999999999999 0.69375 0.7424999999999999 0.71875 0.7575000000000001 0.71875 0.7575000000000001 0.69375
5 0.635 0.87625 0.6174999999999999 0.87625 0.6174999999999999 0.9012499999999999 0.635 0.9012499999999999 0.635 0.87625
5 0.6675 0.9275 0.635 0.9275 0.635 0.9525 0.6675 0.9525 0.6675 0.9275
5 0.1575 0.67 0.14750000000000002 0.67 0.14750000000000002 0.6925 0.1575 0.6925 0.1575 0.67
5 0.67125 0.8800000000000001 0.6637500000000001 0.8800000000000001 0.6637500000000001 0.9 0.67125 0.9 0.67125 0.8800000000000001
5 0.6625 0.8775000000000001 0.65 0.8775000000000001 0.65 0.9075 0.6625 0.9075 0.6625 0.8775000000000001
5 0.7262500000000001 1 0.7262500000000001 0.9862500000000001 0.71875 0.9862500000000001 0.71875 1 0.7262500000000001 1
5 0.034999999999999996 0.24375 0.02 0.24375 0.02 0.25625 0.034999999999999996 0.25625 0.034999999999999996 0.24375
5 0.08875 0.2725 0.06625 0.2725 0.06625 0.2875 0.08875 0.2875 0.08875 0.2725
5 0.0725 0.25125000000000003 0.057499999999999996 0.25125000000000003 0.057499999999999996 0.26125 0.0725 0.26125 0.0725 0.25125000000000003
5 0.65125 0.00375 0.64375 0.00375 0.64375 0.013750000000000002 0.65125 0.013750000000000002 0.65125 0.00375
5 0.65 0.0675 0.64 0.0675 0.64 0.0775 0.65 0.0775 0.65 0.0675
5 0.61375 0.185 0.60375 0.185 0.60375 0.1975 0.61375 0.1975 0.61375 0.185
5 0.485 0.10625 0.475 0.10625 0.475 0.11875 0.485 0.11875 0.485 0.10625
5 0.041249999999999995 0.58375 0.026250000000000002 0.58375 0.026250000000000002 0.5962500000000001 0.041249999999999995 0.5962500000000001 0.041249999999999995 0.58375
5 0.19125 0.7150000000000001 0.16875 0.7150000000000001 0.16875 0.73 0.19125 0.73 0.19125 0.7150000000000001
5 0.20249999999999999 0.70875 0.18 0.70875 0.18 0.71875 0.20249999999999999 0.71875 0.20249999999999999 0.70875
5 0.2 0.7 0.175 0.7 0.175 0.7125 0.2 0.7125 0.2 0.7
5 0.6287499999999999 0.0725 0.62375 0.0725 0.62375 0.0775 0.6287499999999999 0.0775 0.6287499999999999 0.0725
5 0.6224999999999999 0.125 0.6125 0.125 0.6125 0.135 0.6224999999999999 0.135 0.6224999999999999 0.125
5 0.595 0.12 0.5875 0.12 0.5875 0.1275 0.595 0.1275 0.595 0.12
5 0.5650000000000001 0.11875 0.5575 0.11875 0.5575 0.12375 0.5650000000000001 0.12375 0.5650000000000001 0.11875
5 0.59375 0.18625 0.58375 0.18625 0.58375 0.19375 0.59375 0.19375 0.59375 0.18625
5 0.42125 0.1 0.41125 0.1 0.41125 0.10500000000000001 0.42125 0.10500000000000001 0.42125 0.1
5 0.6900000000000001 0.9724999999999999 0.6675 0.9724999999999999 0.6675 0.9875 0.6900000000000001 0.9875 0.6900000000000001 0.9724999999999999
5 0.6775 0.9637499999999999 0.665 0.9637499999999999 0.665 0.97875 0.6775 0.97875 0.6775 0.9637499999999999
5 0.057499999999999996 0.355 0.042499999999999996 0.355 0.042499999999999996 0.3675 0.057499999999999996 0.3675 0.057499999999999996 0.355
5 0.54875 0.44749999999999995 0.52625 0.44749999999999995 0.52625 0.4625 0.54875 0.4625 0.54875 0.44749999999999995
5 0.46125 0.48875 0.44125 0.48875 0.44125 0.5037499999999999 0.46125 0.5037499999999999 0.46125 0.48875
5 0.5225 0.5275000000000001 0.5025000000000001 0.5275000000000001 0.5025000000000001 0.54 0.5225 0.54 0.5225 0.5275000000000001
5 0.76375 0.6775 0.74375 0.6775 0.74375 0.6900000000000001 0.76375 0.6900000000000001 0.76375 0.6775
5 0.7075 0.8699999999999999 0.6799999999999999 0.8699999999999999 0.6799999999999999 0.93 0.7075 0.93 0.7075 0.8699999999999999
5 0.31625000000000003 0.9525 0.25625 0.9525 0.25625 0.9724999999999999 0.31625000000000003 0.9724999999999999 0.31625000000000003 0.9525
5 0.3275 0.97 0.27749999999999997 0.97 0.27749999999999997 0.9824999999999999 0.3275 0.9824999999999999 0.3275 0.97
5 0.32375 0.9800000000000001 0.27625 0.9800000000000001 0.27625 0.9974999999999999 0.32375 0.9974999999999999 0.32375 0.9800000000000001
5 0.81875 0.46875 0.79875 0.46875 0.79875 0.48624999999999996 0.81875 0.48624999999999996 0.81875 0.46875
5 0.8712500000000001 0.5125 0.85375 0.5125 0.85375 0.5275000000000001 0.8712500000000001 0.5275000000000001 0.8712500000000001 0.5125
5 0.64125 0.00375 0.63125 0.00375 0.63125 0.01125 0.64125 0.01125 0.64125 0.00375
5 0.62375 0.00125 0.61625 0.00125 0.61625 0.008749999999999999 0.62375 0.008749999999999999 0.62375 0.00125
5 0.605 0.185 0.595 0.185 0.595 0.19 0.605 0.19 0.605 0.185
5 0.60875 0.875 0.59875 0.875 0.59875 0.8975 0.60875 0.8975 0.60875 0.875
5 0.62 0.8775000000000001 0.61 0.8775000000000001 0.61 0.9 0.62 0.9 0.62 0.8775000000000001
5 0.6487499999999999 0.8887499999999999 0.64125 0.8887499999999999 0.64125 0.90625 0.6487499999999999 0.90625 0.6487499999999999 0.8887499999999999
5 0.12250000000000001 0.27375 0.1075 0.27375 0.1075 0.28875 0.12250000000000001 0.28875 0.12250000000000001 0.27375
5 0.26125 0.49625 0.24125000000000002 0.49625 0.24125000000000002 0.5037499999999999 0.26125 0.5037499999999999 0.26125 0.49625
5 0.13125 0.7150000000000001 0.10874999999999999 0.7150000000000001 0.10874999999999999 0.73 0.13125 0.73 0.13125 0.7150000000000001
5 0.885 0.45499999999999996 0.865 0.45499999999999996 0.865 0.48250000000000004 0.885 0.48250000000000004 0.885 0.45499999999999996
5 0.2625 0.505 0.24 0.505 0.24 0.515 0.2625 0.515 0.2625 0.505
5 0.595 0.875 0.5825 0.875 0.5825 0.89 0.595 0.89 0.595 0.875
5 0.14875 0.29375 0.13125 0.29375 0.13125 0.30625 0.14875 0.30625 0.14875 0.29375
5 0.55375 0.32999999999999996 0.5287499999999999 0.32999999999999996 0.5287499999999999 0.3525 0.55375 0.3525 0.55375 0.32999999999999996
5 0.24874999999999997 0.35125 0.23374999999999999 0.35125 0.23374999999999999 0.37374999999999997 0.24874999999999997 0.37374999999999997 0.24874999999999997 0.35125
5 0.08625000000000001 0.28375 0.06625 0.28375 0.06625 0.30125 0.08625000000000001 0.30125 0.08625000000000001 0.28375
5 0.83375 0.7162499999999999 0.81375 0.7162499999999999 0.81375 0.72875 0.83375 0.72875 0.83375 0.7162499999999999
5 0.11875 0.065 0.10375000000000001 0.065 0.10375000000000001 0.0875 0.11875 0.0875 0.11875 0.065
5 0.21749999999999997 0.45625 0.1925 0.45625 0.1925 0.47375 0.21749999999999997 0.47375 0.21749999999999997 0.45625
5 0.09625 0.2625 0.07875 0.2625 0.07875 0.27749999999999997 0.09625 0.27749999999999997 0.09625 0.2625
5 0.77 0.5875 0.745 0.5875 0.745 0.6075 0.77 0.6075 0.77 0.5875
5 0.30375 0.4125 0.28125 0.4125 0.28125 0.42750000000000005 0.30375 0.42750000000000005 0.30375 0.4125
5 0.43624999999999997 0.8 0.42625 0.8 0.42625 0.835 0.43624999999999997 0.835 0.43624999999999997 0.8
5 0.21125 0.5287499999999999 0.19875 0.5287499999999999 0.19875 0.55125 0.21125 0.55125 0.21125 0.5287499999999999
5 0.1675 0.71875 0.1375 0.71875 0.1375 0.73625 0.1675 0.73625 0.1675 0.71875
5 0.24375 0.20875 0.22625 0.20875 0.22625 0.22625 0.24375 0.22625 0.24375 0.20875
5 0.14750000000000002 0.13125 0.13 0.13125 0.13 0.15625 0.14750000000000002 0.15625 0.14750000000000002 0.13125
5 0.6025 0.5862499999999999 0.585 0.5862499999999999 0.585 0.60625 0.6025 0.60625 0.6025 0.5862499999999999
5 0.05625 0.2375 0.03375 0.2375 0.03375 0.2525 0.05625 0.2525 0.05625 0.2375
5 0.76 0.40499999999999997 0.7474999999999999 0.40499999999999997 0.7474999999999999 0.425 0.76 0.425 0.76 0.40499999999999997
5 0.05375 0.26375000000000004 0.02375 0.26375000000000004 0.02375 0.27625 0.05375 0.27625 0.05375 0.26375000000000004
5 0.13874999999999998 0.3 0.11875 0.3 0.11875 0.315 0.13874999999999998 0.315 0.13874999999999998 0.3
5 0.53625 0.54625 0.51875 0.54625 0.51875 0.56375 0.53625 0.56375 0.53625 0.54625
5 0.0025 0 0.0025 0.0075 0.0225 0.0075 0.0225 0 0.0025 0
5 0.1625 0.31375000000000003 0.145 0.31375000000000003 0.145 0.32875 0.1625 0.32875 0.1625 0.31375000000000003
5 0.08 0.5275000000000001 0.057499999999999996 0.5275000000000001 0.057499999999999996 0.5425 0.08 0.5425 0.08 0.5275000000000001
5 0.06999999999999999 0.25625 0.042499999999999996 0.25625 0.042499999999999996 0.27125 0.06999999999999999 0.27125 0.06999999999999999 0.25625
5 0.13374999999999998 0.3125 0.11125 0.3125 0.11125 0.3325 0.13374999999999998 0.3325 0.13374999999999998 0.3125