5 0.94625 0.43375 0.92875 0.43375 0.92875 0.44875 0.94625 0.44875 0.94625 0.43375
5 0.87625 0.6925 0.85125 0.6925 0.85125 0.7125 0.87625 0.7125 0.87625 0.6925
5 0.08125 0.005 0.06375 0.005 0.06375 0.017499999999999998 0.08125 0.017499999999999998 0.08125 0.005
5 0.33625 0.3775 0.32375 0.3775 0.32375 0.3975 0.33625 0.3975 0.33625 0.3775
5 0.32875 0.45625 0.31625000000000003 0.45625 0.31625000000000003 0.48125 0.32875 0.48125 0.32875 0.45625
5 0.29874999999999996 0.76375 0.28875 0.76375 0.28875 0.78125 0.29874999999999996 0.78125 0.29874999999999996 0.76375
5 0.5425 0.13874999999999998 0.525 0.13874999999999998 0.525 0.14875 0.5425 0.14875 0.5425 0.13874999999999998
5 0.22749999999999998 0.63125 0.20750000000000002 0.63125 0.20750000000000002 0.63875 0.22749999999999998 0.63875 0.22749999999999998 0.63125
5 0.22125 0.6025 0.20875 0.6025 0.20875 0.615 0.22125 0.615 0.22125 0.6025
5 0.7925 0.3625 0.7675 0.3625 0.7675 0.38 0.7925 0.38 0.7925 0.3625
5 0.56375 0.2525 0.54625 0.2525 0.54625 0.265 0.56375 0.265 0.56375 0.2525
5 0.5825 0.05375 0.5725 0.05375 0.5725 0.07125000000000001 0.5825 0.07125000000000001 0.5825 0.05375