5 0.16375 0.11499999999999999 0.13625 0.11499999999999999 0.13625 0.125 0.16375 0.125 0.16375 0.11499999999999999
5 0.1975 0.13374999999999998 0.1675 0.13374999999999998 0.1675 0.14625 0.1975 0.14625 0.1975 0.13374999999999998
5 0.43 0.09375 0.40750000000000003 0.09375 0.40750000000000003 0.10625 0.43 0.10625 0.43 0.09375
5 0.46624999999999994 0.09875 0.44125 0.09875 0.44125 0.10874999999999999 0.46624999999999994 0.10874999999999999 0.46624999999999994 0.09875
5 0.4225 0.16625 0.39 0.16625 0.39 0.18125 0.4225 0.18125 0.4225 0.16625
5 0.5287499999999999 0.1875 0.5037499999999999 0.1875 0.5037499999999999 0.2 0.5287499999999999 0.2 0.5287499999999999 0.1875
5 0.61375 0.12875 0.5862499999999999 0.12875 0.5862499999999999 0.14375 0.61375 0.14375 0.61375 0.12875
5 0.51625 0.10625 0.49375 0.10625 0.49375 0.12375 0.51625 0.12375 0.51625 0.10625
5 0.24375 0 0.24375 0.01 0.25625 0.01 0.25625 0 0.24375 0
5 0.7525000000000001 0.065 0.7325 0.065 0.7325 0.08499999999999999 0.7525000000000001 0.08499999999999999 0.7525000000000001 0.065
5 0.7325 0.07625 0.7150000000000001 0.07625 0.7150000000000001 0.09625 0.7325 0.09625 0.7325 0.07625
5 0.7162499999999999 0.08875 0.69625 0.08875 0.69625 0.11125 0.7162499999999999 0.11125 0.7162499999999999 0.08875
5 0.68125 0.23125 0.66125 0.23125 0.66125 0.24375 0.68125 0.24375 0.68125 0.23125
5 0.7887500000000001 0.23625 0.76375 0.23625 0.76375 0.25125000000000003 0.7887500000000001 0.25125000000000003 0.7887500000000001 0.23625
5 0.72875 0.18125 0.70375 0.18125 0.70375 0.19624999999999998 0.72875 0.19624999999999998 0.72875 0.18125