5 0.013750000000000002 0 0.013750000000000002 0.015 0.03125 0.015 0.03125 0 0.013750000000000002 0
5 0 0 0 0.01125 0.015 0.01125 0.015 0 0 0
5 0.02375 0.01 0.00625 0.01 0.00625 0.03 0.02375 0.03 0.02375 0.01
5 0 0.0375 0.013750000000000002 0.0375 0.013750000000000002 0.02 0 0.02 0 0.0375
5 0.0475 0.00125 0.03 0.00125 0.03 0.021249999999999998 0.0475 0.021249999999999998 0.0475 0.00125
5 0.075 0.00625 0.06 0.00625 0.06 0.026250000000000002 0.075 0.026250000000000002 0.075 0.00625
5 0.065 0.01 0.0475 0.01 0.0475 0.03 0.065 0.03 0.065 0.01
5 0.041249999999999995 0.01625 0.02375 0.01625 0.02375 0.03875 0.041249999999999995 0.03875 0.041249999999999995 0.01625
5 0.058750000000000004 0.0225 0.03875 0.0225 0.03875 0.042499999999999996 0.058750000000000004 0.042499999999999996 0.058750000000000004 0.0225
5 0.0325 0.03 0.015 0.03 0.015 0.05 0.0325 0.05 0.0325 0.03
5 0.0675 0.026250000000000002 0.052500000000000005 0.026250000000000002 0.052500000000000005 0.041249999999999995 0.0675 0.041249999999999995 0.0675 0.026250000000000002
5 1 0.38125 0.9800000000000001 0.38125 0.9800000000000001 0.40125 1 0.40125 1 0.38125
5 0.9675 0.43875000000000003 0.9475 0.43875000000000003 0.9475 0.45375 0.9675 0.45375 0.9675 0.43875000000000003
5 0.95375 0.45625 0.92875 0.45625 0.92875 0.47375 0.95375 0.47375 0.95375 0.45625
5 0.7849999999999999 0.63125 0.755 0.63125 0.755 0.65125 0.7849999999999999 0.65125 0.7849999999999999 0.63125
5 0.7537499999999999 0.9375 0.7262500000000001 0.9375 0.7262500000000001 0.9625 0.7537499999999999 0.9625 0.7537499999999999 0.9375
5 0.74 0.9324999999999999 0.7125 0.9324999999999999 0.7125 0.9550000000000001 0.74 0.9550000000000001 0.74 0.9324999999999999
5 0.39125 0.7325 0.36124999999999996 0.7325 0.36124999999999996 0.76 0.39125 0.76 0.39125 0.7325
5 0.41 0.74125 0.3775 0.74125 0.3775 0.7737499999999999 0.41 0.7737499999999999 0.41 0.74125
5 0.425 0.74875 0.3975 0.74875 0.3975 0.77625 0.425 0.77625 0.425 0.74875
5 0.4575 0.76875 0.43 0.76875 0.43 0.79625 0.4575 0.79625 0.4575 0.76875
5 0.50625 0.6525000000000001 0.47375 0.6525000000000001 0.47375 0.6799999999999999 0.50625 0.6799999999999999 0.50625 0.6525000000000001
5 0.625 0.55 0.6075 0.55 0.6075 0.5599999999999999 0.625 0.5599999999999999 0.625 0.55
5 0.57625 0.5175 0.55375 0.5175 0.55375 0.5275000000000001 0.57625 0.5275000000000001 0.57625 0.5175
5 0.54875 0.50125 0.52625 0.50125 0.52625 0.51375 0.54875 0.51375 0.54875 0.50125
5 0.29874999999999996 0.6174999999999999 0.24874999999999997 0.6174999999999999 0.24874999999999997 0.6675 0.29874999999999996 0.6675 0.29874999999999996 0.6174999999999999
5 0.27375 0.61 0.21875 0.61 0.21875 0.6575 0.27375 0.6575 0.27375 0.61
5 0.215 0.5775 0.16499999999999998 0.5775 0.16499999999999998 0.63 0.215 0.63 0.215 0.5775
5 0.16499999999999998 0.54625 0.1125 0.54625 0.1125 0.59875 0.16499999999999998 0.59875 0.16499999999999998 0.54625
5 0.36875 0.57125 0.33125 0.57125 0.33125 0.60875 0.36875 0.60875 0.36875 0.57125
5 0.35 0.5625 0.29500000000000004 0.5625 0.29500000000000004 0.615 0.35 0.615 0.35 0.5625
5 0.32875 0.55 0.27375 0.55 0.27375 0.6025 0.32875 0.6025 0.32875 0.55
5 0.3075 0.5375 0.2575 0.5375 0.2575 0.5875 0.3075 0.5875 0.3075 0.5375
5 0.29500000000000004 0.52625 0.24 0.52625 0.24 0.57875 0.29500000000000004 0.57875 0.29500000000000004 0.52625
5 0.275 0.51625 0.2225 0.51625 0.2225 0.5662499999999999 0.275 0.5662499999999999 0.275 0.51625
5 0.25625 0.51 0.20375000000000001 0.51 0.20375000000000001 0.5575 0.25625 0.5575 0.25625 0.51
5 0.23500000000000001 0.49749999999999994 0.1825 0.49749999999999994 0.1825 0.55 0.23500000000000001 0.55 0.23500000000000001 0.49749999999999994
5 0.21625 0.48875 0.16375 0.48875 0.16375 0.5387500000000001 0.21625 0.5387500000000001 0.21625 0.48875
5 0.1925 0.48375 0.155 0.48375 0.155 0.51625 0.1925 0.51625 0.1925 0.48375
5 0.09625 0.52125 0.05625 0.52125 0.05625 0.54625 0.09625 0.54625 0.09625 0.52125
5 0.1025 0.51125 0.06999999999999999 0.51125 0.06999999999999999 0.5337500000000001 0.1025 0.5337500000000001 0.1025 0.51125
5 0.47125000000000006 0.62625 0.43375 0.62625 0.43375 0.66125 0.47125000000000006 0.66125 0.47125000000000006 0.62625
5 0.04875 0.3775 0.028749999999999998 0.3775 0.028749999999999998 0.41500000000000004 0.04875 0.41500000000000004 0.04875 0.3775
5 0.15875 0.45375 0.11374999999999999 0.45375 0.11374999999999999 0.48375 0.15875 0.48375 0.15875 0.45375
5 0 0.21375000000000002 0.03 0.21375000000000002 0.03 0.19624999999999998 0 0.19624999999999998 0 0.21375000000000002
5 0.0775 0.18 0.034999999999999996 0.18 0.034999999999999996 0.2 0.0775 0.2 0.0775 0.18
5 0.17625 0.15125 0.15375 0.15125 0.15375 0.16625 0.17625 0.16625 0.17625 0.15125
5 0.3375 0.395 0.3175 0.395 0.3175 0.41 0.3375 0.41 0.3375 0.395
5 0.35 0.40374999999999994 0.32999999999999996 0.40374999999999994 0.32999999999999996 0.42125 0.35 0.42125 0.35 0.40374999999999994
5 0.35750000000000004 0.40750000000000003 0.33999999999999997 0.40750000000000003 0.33999999999999997 0.425 0.35750000000000004 0.425 0.35750000000000004 0.40750000000000003
5 0.37875000000000003 0.41624999999999995 0.35875 0.41624999999999995 0.35875 0.43624999999999997 0.37875000000000003 0.43624999999999997 0.37875000000000003 0.41624999999999995
5 0.39375 0.43 0.37374999999999997 0.43 0.37374999999999997 0.45 0.39375 0.45 0.39375 0.43
5 0.41 0.4425 0.39249999999999996 0.4425 0.39249999999999996 0.45999999999999996 0.41 0.45999999999999996 0.41 0.4425
5 0.38125 0.35625 0.36124999999999996 0.35625 0.36124999999999996 0.37374999999999997 0.38125 0.37374999999999997 0.38125 0.35625
5 0.38875000000000004 0.36375 0.37124999999999997 0.36375 0.37124999999999997 0.38125 0.38875000000000004 0.38125 0.38875000000000004 0.36375
5 0.40499999999999997 0.37374999999999997 0.3875 0.37374999999999997 0.3875 0.39125 0.40499999999999997 0.39125 0.40499999999999997 0.37374999999999997
5 0.41875 0.38125 0.40125 0.38125 0.40125 0.39875 0.41875 0.39875 0.41875 0.38125
5 0.54875 0.35375 0.5337500000000001 0.35375 0.5337500000000001 0.37124999999999997 0.54875 0.37124999999999997 0.54875 0.35375
5 0.5775 0.32125 0.5599999999999999 0.32125 0.5599999999999999 0.34375 0.5775 0.34375 0.5775 0.32125
5 0.36625 0.3275 0.34375 0.3275 0.34375 0.34500000000000003 0.36625 0.34500000000000003 0.36625 0.3275
5 0.38 0.3175 0.35750000000000004 0.3175 0.35750000000000004 0.3325 0.38 0.3325 0.38 0.3175
5 0.385 0.30375 0.365 0.30375 0.365 0.32125 0.385 0.32125 0.385 0.30375
5 0.28375 0.29625 0.26375000000000004 0.29625 0.26375000000000004 0.31124999999999997 0.28375 0.31124999999999997 0.28375 0.29625
5 0.30125 0.3075 0.28125 0.3075 0.28125 0.32 0.30125 0.32 0.30125 0.3075
5 0.29375 0.28875 0.26875 0.28875 0.26875 0.30625 0.29375 0.30625 0.29375 0.28875
5 0.31 0.30125 0.29 0.30125 0.29 0.31625000000000003 0.31 0.31625000000000003 0.31 0.30125
5 0.3 0.28250000000000003 0.28250000000000003 0.28250000000000003 0.28250000000000003 0.2975 0.3 0.2975 0.3 0.28250000000000003
5 0.31375000000000003 0.29375 0.29874999999999996 0.29375 0.29874999999999996 0.30625 0.31375000000000003 0.30625 0.31375000000000003 0.29375
5 0.3075 0.275 0.2875 0.275 0.2875 0.2925 0.3075 0.2925 0.3075 0.275
5 0.32625000000000004 0.28625 0.30375 0.28625 0.30375 0.30375 0.32625000000000004 0.30375 0.32625000000000004 0.28625
5 0.3125 0.26625 0.29 0.26625 0.29 0.28125 0.3125 0.28125 0.3125 0.26625
5 0.33375 0.27875 0.31124999999999997 0.27875 0.31124999999999997 0.29375 0.33375 0.29375 0.33375 0.27875
5 0.23625 0.24500000000000002 0.21375000000000002 0.24500000000000002 0.21375000000000002 0.2575 0.23625 0.2575 0.23625 0.24500000000000002
5 0.24 0.23500000000000001 0.21749999999999997 0.23500000000000001 0.21749999999999997 0.2475 0.24 0.2475 0.24 0.23500000000000001
5 0.2475 0.22875 0.2225 0.22875 0.2225 0.24125000000000002 0.2475 0.24125000000000002 0.2475 0.22875
5 0.24874999999999997 0.22000000000000003 0.22625 0.22000000000000003 0.22625 0.2325 0.24874999999999997 0.2325 0.24874999999999997 0.22000000000000003
5 0.25375000000000003 0.21000000000000002 0.23125 0.21000000000000002 0.23125 0.2225 0.25375000000000003 0.2225 0.25375000000000003 0.21000000000000002
5 0.26125 0.19875 0.23625 0.19875 0.23625 0.21375000000000002 0.26125 0.21375000000000002 0.26125 0.19875
5 0.4 0.29 0.38 0.29 0.38 0.3025 0.4 0.3025 0.4 0.29
5 0.265 0.185 0.2425 0.185 0.2425 0.1975 0.265 0.1975 0.265 0.185
5 0.27125 0.175 0.24625 0.175 0.24625 0.19 0.27125 0.19 0.27125 0.175
5 0.27375 0.1675 0.25125000000000003 0.1675 0.25125000000000003 0.18 0.27375 0.18 0.27375 0.1675
5 0.31625000000000003 0.20249999999999999 0.29874999999999996 0.20249999999999999 0.29874999999999996 0.22000000000000003 0.31625000000000003 0.22000000000000003 0.31625000000000003 0.20249999999999999
5 0.33125 0.24874999999999997 0.31124999999999997 0.24874999999999997 0.31124999999999997 0.26625 0.33125 0.26625 0.33125 0.24874999999999997
5 0.3375 0.2425 0.3175 0.2425 0.3175 0.26 0.3375 0.26 0.3375 0.2425
5 0.3525 0.26 0.32999999999999996 0.26 0.32999999999999996 0.27749999999999997 0.3525 0.27749999999999997 0.3525 0.26
5 0.41 0.28125 0.3875 0.28125 0.3875 0.29625 0.41 0.29625 0.41 0.28125
5 0.35875 0.25125000000000003 0.33625 0.25125000000000003 0.33625 0.26625 0.35875 0.26625 0.35875 0.25125000000000003
5 0.34500000000000003 0.2325 0.325 0.2325 0.325 0.25 0.34500000000000003 0.25 0.34500000000000003 0.2325
5 0.36625 0.24500000000000002 0.34125 0.24500000000000002 0.34125 0.2625 0.36625 0.2625 0.36625 0.24500000000000002
5 0.35375 0.225 0.33375 0.225 0.33375 0.24 0.35375 0.24 0.35375 0.225
5 0.37124999999999997 0.2375 0.34875 0.2375 0.34875 0.255 0.37124999999999997 0.255 0.37124999999999997 0.2375
5 0.35875 0.21375000000000002 0.33875 0.21375000000000002 0.33875 0.22875 0.35875 0.22875 0.35875 0.21375000000000002
5 0.37875000000000003 0.22999999999999998 0.35625 0.22999999999999998 0.35625 0.2475 0.37875000000000003 0.2475 0.37875000000000003 0.22999999999999998
5 0.3275 0.1825 0.3075 0.1825 0.3075 0.1925 0.3275 0.1925 0.3275 0.1825
5 0.3675 0.205 0.34750000000000003 0.205 0.34750000000000003 0.22000000000000003 0.3675 0.22000000000000003 0.3675 0.205
5 0.38625 0.2225 0.36124999999999996 0.2225 0.36124999999999996 0.2375 0.38625 0.2375 0.38625 0.2225
5 0.42000000000000004 0.2725 0.39249999999999996 0.2725 0.39249999999999996 0.2875 0.42000000000000004 0.2875 0.42000000000000004 0.2725
5 0.4375 0.24625 0.41500000000000004 0.24625 0.41500000000000004 0.26125 0.4375 0.26125 0.4375 0.24625
5 0.44625000000000004 0.24125000000000002 0.42625 0.24125000000000002 0.42625 0.25375000000000003 0.44625000000000004 0.25375000000000003 0.44625000000000004 0.24125000000000002
5 0.45499999999999996 0.23125 0.4325 0.23125 0.4325 0.24874999999999997 0.45499999999999996 0.24874999999999997 0.45499999999999996 0.23125
5 0.43375 0.175 0.41125 0.175 0.41125 0.19 0.43375 0.19 0.43375 0.175
5 0.47125000000000006 0.21625 0.44875 0.21625 0.44875 0.23374999999999999 0.47125000000000006 0.23374999999999999 0.47125000000000006 0.21625
5 0.4925 0.19125 0.47000000000000003 0.19125 0.47000000000000003 0.20875 0.4925 0.20875 0.4925 0.19125
5 0.5 0.18375 0.47750000000000004 0.18375 0.47750000000000004 0.19624999999999998 0.5 0.19624999999999998 0.5 0.18375
5 0.38375 0.18875 0.36375 0.18875 0.36375 0.20125 0.38375 0.20125 0.38375 0.18875
5 0.39375 0.21625 0.37124999999999997 0.21625 0.37124999999999997 0.22875 0.39375 0.22875 0.39375 0.21625
5 0.4425 0.16499999999999998 0.42000000000000004 0.16499999999999998 0.42000000000000004 0.18 0.4425 0.18 0.4425 0.16499999999999998
5 0.27875 0.155 0.25625 0.155 0.25625 0.16999999999999998 0.27875 0.16999999999999998 0.27875 0.155
5 0.45625 0.14750000000000002 0.43375 0.14750000000000002 0.43375 0.16499999999999998 0.45625 0.16499999999999998 0.45625 0.14750000000000002
5 0.47000000000000003 0.13374999999999998 0.45 0.13374999999999998 0.45 0.14875 0.47000000000000003 0.14875 0.47000000000000003 0.13374999999999998
5 0.2875 0.13999999999999999 0.265 0.13999999999999999 0.265 0.1525 0.2875 0.1525 0.2875 0.13999999999999999
5 0.3 0.1275 0.28500000000000003 0.1275 0.28500000000000003 0.14250000000000002 0.3 0.14250000000000002 0.3 0.1275
5 0.31 0.125 0.2975 0.125 0.2975 0.14250000000000002 0.31 0.14250000000000002 0.31 0.125
5 0.3325 0.11875 0.32 0.11875 0.32 0.13374999999999998 0.3325 0.13374999999999998 0.3325 0.11875
5 0.36625 0.11125 0.35125 0.11125 0.35125 0.12875 0.36625 0.12875 0.36625 0.11125
5 0.40625 0.0975 0.39125 0.0975 0.39125 0.11499999999999999 0.40625 0.11499999999999999 0.40625 0.0975
5 0.42125 0.0925 0.40625 0.0925 0.40625 0.11000000000000001 0.42125 0.11000000000000001 0.42125 0.0925
5 0.43875000000000003 0.08625000000000001 0.42125 0.08625000000000001 0.42125 0.10375000000000001 0.43875000000000003 0.10375000000000001 0.43875000000000003 0.08625000000000001
5 0.45125000000000004 0.08249999999999999 0.43375 0.08249999999999999 0.43375 0.1025 0.45125000000000004 0.1025 0.45125000000000004 0.08249999999999999
5 0.45875000000000005 0.07875 0.44375 0.07875 0.44375 0.09625 0.45875000000000005 0.09625 0.45875000000000005 0.07875
5 0.40875000000000006 0.16375 0.39125 0.16375 0.39125 0.17625 0.40875000000000006 0.17625 0.40875000000000006 0.16375
5 0.47000000000000003 0.075 0.45499999999999996 0.075 0.45499999999999996 0.0925 0.47000000000000003 0.0925 0.47000000000000003 0.075
5 0.48375 0.0675 0.46624999999999994 0.0675 0.46624999999999994 0.08249999999999999 0.48375 0.08249999999999999 0.48375 0.0675
5 0.49749999999999994 0.0625 0.47750000000000004 0.0625 0.47750000000000004 0.08 0.49749999999999994 0.08 0.49749999999999994 0.0625
5 0.5075000000000001 0.05500000000000001 0.4875 0.05500000000000001 0.4875 0.0725 0.5075000000000001 0.0725 0.5075000000000001 0.05500000000000001
5 0.51875 0.04375 0.50125 0.04375 0.50125 0.061250000000000006 0.51875 0.061250000000000006 0.51875 0.04375
5 0.6 0.027500000000000004 0.575 0.027500000000000004 0.575 0.05 0.6 0.05 0.6 0.027500000000000004
5 0.61625 0.04 0.59875 0.04 0.59875 0.05500000000000001 0.61625 0.05500000000000001 0.61625 0.04
5 0.635 0.05125 0.6174999999999999 0.05125 0.6174999999999999 0.06875 0.635 0.06875 0.635 0.05125
5 0.6599999999999999 0.06375 0.6425 0.06375 0.6425 0.07875 0.6599999999999999 0.07875 0.6599999999999999 0.06375
5 0.67125 0.07125000000000001 0.65125 0.07125000000000001 0.65125 0.08875 0.67125 0.08875 0.67125 0.07125000000000001
5 0.6825 0.0775 0.665 0.0775 0.665 0.095 0.6825 0.095 0.6825 0.0775
5 0.7075 0.09375 0.6900000000000001 0.09375 0.6900000000000001 0.10874999999999999 0.7075 0.10874999999999999 0.7075 0.09375
5 0.7212500000000001 0.10124999999999999 0.70125 0.10124999999999999 0.70125 0.11875 0.7212500000000001 0.11875 0.7212500000000001 0.10124999999999999
5 0.73125 0.1075 0.71375 0.1075 0.71375 0.12250000000000001 0.73125 0.12250000000000001 0.73125 0.1075
5 0.42625 0.26625 0.40125 0.26625 0.40125 0.28125 0.42625 0.28125 0.42625 0.26625
5 0.48624999999999996 0.2 0.46125 0.2 0.46125 0.22000000000000003 0.48624999999999996 0.22000000000000003 0.48624999999999996 0.2