5 0.1275 0.9824999999999999 0.10500000000000001 0.9824999999999999 0.10500000000000001 0.9949999999999999 0.1275 0.9949999999999999 0.1275 0.9824999999999999
5 0.16999999999999998 0.77625 0.1575 0.77625 0.1575 0.7887500000000001 0.16999999999999998 0.7887500000000001 0.16999999999999998 0.77625
5 0.1775 0.7925 0.16 0.7925 0.16 0.805 0.1775 0.805 0.1775 0.7925
5 0.38625 0.91375 0.36875 0.91375 0.36875 0.93125 0.38625 0.93125 0.38625 0.91375
5 0.9949999999999999 0.85875 0.9824999999999999 0.85875 0.9824999999999999 0.87375 0.9949999999999999 0.87375 0.9949999999999999 0.85875
5 0.945 0.585 0.915 0.585 0.915 0.595 0.945 0.595 0.945 0.585
5 0.7887500000000001 0.60625 0.76875 0.60625 0.76875 0.61625 0.7887500000000001 0.61625 0.7887500000000001 0.60625
5 0.86625 0.6212500000000001 0.85375 0.6212500000000001 0.85375 0.63625 0.86625 0.63625 0.86625 0.6212500000000001
5 0.2375 0.06 0.2225 0.06 0.2225 0.075 0.2375 0.075 0.2375 0.06
5 0.27375 0.025 0.22875 0.025 0.22875 0.0375 0.27375 0.0375 0.27375 0.025
5 0.265 0.01875 0.24500000000000002 0.01875 0.24500000000000002 0.028749999999999998 0.265 0.028749999999999998 0.265 0.01875
5 0.26749999999999996 0.34875 0.2525 0.34875 0.2525 0.36375 0.26749999999999996 0.36375 0.26749999999999996 0.34875
5 0.40750000000000003 0.3875 0.395 0.3875 0.395 0.4025 0.40750000000000003 0.4025 0.40750000000000003 0.3875
5 0.395 0.3875 0.3825 0.3875 0.3825 0.4 0.395 0.4 0.395 0.3875
5 0.37124999999999997 0.37875000000000003 0.35625 0.37875000000000003 0.35625 0.39375 0.37124999999999997 0.39375 0.37124999999999997 0.37875000000000003
5 0.35875 0.37625000000000003 0.34625 0.37625000000000003 0.34625 0.39375 0.35875 0.39375 0.35875 0.37625000000000003
5 0.19875 0.22625 0.18375 0.22625 0.18375 0.23875000000000002 0.19875 0.23875000000000002 0.19875 0.22625
5 0.1875 0.2625 0.1775 0.2625 0.1775 0.27749999999999997 0.1875 0.27749999999999997 0.1875 0.2625
5 0.16375 0.22374999999999998 0.15125 0.22374999999999998 0.15125 0.23875000000000002 0.16375 0.23875000000000002 0.16375 0.22374999999999998
5 0.16 0.39249999999999996 0.14250000000000002 0.39249999999999996 0.14250000000000002 0.41 0.16 0.41 0.16 0.39249999999999996
5 0.73125 0.97875 0.71875 0.97875 0.71875 0.99375 0.73125 0.99375 0.73125 0.97875
5 0.7325 0.9625 0.72 0.9625 0.72 0.9775 0.7325 0.9775 0.7325 0.9625
5 0.7462500000000001 0.95875 0.73125 0.95875 0.73125 0.9737500000000001 0.7462500000000001 0.9737500000000001 0.7462500000000001 0.95875
5 0.68875 0.95875 0.67875 0.95875 0.67875 0.9712500000000001 0.68875 0.9712500000000001 0.68875 0.95875
5 0.6900000000000001 0.93875 0.6799999999999999 0.93875 0.6799999999999999 0.9512499999999999 0.6900000000000001 0.9512499999999999 0.6900000000000001 0.93875
5 0.7075 0.90625 0.6950000000000001 0.90625 0.6950000000000001 0.92125 0.7075 0.92125 0.7075 0.90625
5 0.6912499999999999 0.8925000000000001 0.67875 0.8925000000000001 0.67875 0.905 0.6912499999999999 0.905 0.6912499999999999 0.8925000000000001
5 0.7325 0.8975 0.7224999999999999 0.8975 0.7224999999999999 0.9099999999999999 0.7325 0.9099999999999999 0.7325 0.8975
5 0.735 0.875 0.7224999999999999 0.875 0.7224999999999999 0.89 0.735 0.89 0.735 0.875
5 0.7737499999999999 0.88125 0.7537499999999999 0.88125 0.7537499999999999 0.89125 0.7737499999999999 0.89125 0.7737499999999999 0.88125
5 0.77125 0.8724999999999999 0.7537499999999999 0.8724999999999999 0.7537499999999999 0.8825 0.77125 0.8825 0.77125 0.8724999999999999
5 0.77 0.865 0.755 0.865 0.755 0.875 0.77 0.875 0.77 0.865
5 0.6912499999999999 0.8675 0.68125 0.8675 0.68125 0.8775000000000001 0.6912499999999999 0.8775000000000001 0.6912499999999999 0.8675
5 0.73625 0.83625 0.72375 0.83625 0.72375 0.8487500000000001 0.73625 0.8487500000000001 0.73625 0.83625
5 0.7375 0.81875 0.725 0.81875 0.725 0.83375 0.7375 0.83375 0.7375 0.81875
5 0.7375 0.7975 0.725 0.7975 0.725 0.8125 0.7375 0.8125 0.7375 0.7975
5 0.73625 0.78 0.72375 0.78 0.72375 0.7925 0.73625 0.7925 0.73625 0.78
5 0.73875 0.76125 0.72375 0.76125 0.72375 0.77625 0.73875 0.77625 0.73875 0.76125
5 0.7375 0.7424999999999999 0.725 0.7424999999999999 0.725 0.7575000000000001 0.7375 0.7575000000000001 0.7375 0.7424999999999999
5 0.775 0.8162499999999999 0.7575000000000001 0.8162499999999999 0.7575000000000001 0.8237500000000001 0.775 0.8237500000000001 0.775 0.8162499999999999
5 0.77 0.7875 0.755 0.7875 0.755 0.7975 0.77 0.7975 0.77 0.7875
5 0.6950000000000001 0.76125 0.6825 0.76125 0.6825 0.7737499999999999 0.6950000000000001 0.7737499999999999 0.6950000000000001 0.76125
5 0.74 0.7025 0.7275 0.7025 0.7275 0.7150000000000001 0.74 0.7150000000000001 0.74 0.7025
5 0.69625 0.705 0.68125 0.705 0.68125 0.72 0.69625 0.72 0.69625 0.705
5 0.74 0.675 0.725 0.675 0.725 0.6925 0.74 0.6925 0.74 0.675
5 0.6950000000000001 0.6875 0.6825 0.6875 0.6825 0.7 0.6950000000000001 0.7 0.6950000000000001 0.6875
5 0.69625 0.67125 0.68125 0.67125 0.68125 0.6837500000000001 0.69625 0.6837500000000001 0.69625 0.67125
5 0.7375 0.65625 0.7275 0.65625 0.7275 0.66875 0.7375 0.66875 0.7375 0.65625
5 0.7462500000000001 0.6375 0.73375 0.6375 0.73375 0.6525000000000001 0.7462500000000001 0.6525000000000001 0.7462500000000001 0.6375
5 0.7175 0.64125 0.7025 0.64125 0.7025 0.6587500000000001 0.7175 0.6587500000000001 0.7175 0.64125
5 0.6975 0.63125 0.6849999999999999 0.63125 0.6849999999999999 0.64375 0.6975 0.64375 0.6975 0.63125
5 0.7849999999999999 0.62375 0.765 0.62375 0.765 0.63375 0.7849999999999999 0.63375 0.7849999999999999 0.62375
5 0.8099999999999999 0.60625 0.79 0.60625 0.79 0.61375 0.8099999999999999 0.61375 0.8099999999999999 0.60625
5 0.74875 0.4925 0.73375 0.4925 0.73375 0.5075000000000001 0.74875 0.5075000000000001 0.74875 0.4925
5 0.835 0.5625 0.8225 0.5625 0.8225 0.575 0.835 0.575 0.835 0.5625
5 0.875 0.5625 0.865 0.5625 0.865 0.575 0.875 0.575 0.875 0.5625
5 0.86 0.585 0.8375 0.585 0.8375 0.5925 0.86 0.5925 0.86 0.585
5 0.9775 0.5675 0.9675 0.5675 0.9675 0.58 0.9775 0.58 0.9775 0.5675
5 0.7525000000000001 0.32875 0.7424999999999999 0.32875 0.7424999999999999 0.34125 0.7525000000000001 0.34125 0.7525000000000001 0.32875
5 0.7537499999999999 0.29874999999999996 0.73875 0.29874999999999996 0.73875 0.31875 0.7537499999999999 0.31875 0.7537499999999999 0.29874999999999996
5 0.7112499999999999 0.23500000000000001 0.69625 0.23500000000000001 0.69625 0.2525 0.7112499999999999 0.2525 0.7112499999999999 0.23500000000000001
5 0.8625 0.20125 0.8400000000000001 0.20125 0.8400000000000001 0.21125 0.8625 0.21125 0.8625 0.20125
5 0.70125 0.1925 0.68875 0.1925 0.68875 0.20750000000000002 0.70125 0.20750000000000002 0.70125 0.1925
5 0.755 0.17625 0.74 0.17625 0.74 0.19125 0.755 0.19125 0.755 0.17625
5 0.7075 0.1525 0.6950000000000001 0.1525 0.6950000000000001 0.1675 0.7075 0.1675 0.7075 0.1525
5 0.7575000000000001 0.15 0.745 0.15 0.745 0.16 0.7575000000000001 0.16 0.7575000000000001 0.15
5 0.70375 0.11875 0.6912499999999999 0.11875 0.6912499999999999 0.13374999999999998 0.70375 0.13374999999999998 0.70375 0.11875
5 0.74125 0.1075 0.7262500000000001 0.1075 0.7262500000000001 0.125 0.74125 0.125 0.74125 0.1075
5 0.7575000000000001 0.11625 0.745 0.11625 0.745 0.12875 0.7575000000000001 0.12875 0.7575000000000001 0.11625
5 0.7150000000000001 0.0875 0.7 0.0875 0.7 0.1025 0.7150000000000001 0.1025 0.7150000000000001 0.0875
5 0.75875 0.09375 0.74375 0.09375 0.74375 0.10874999999999999 0.75875 0.10874999999999999 0.75875 0.09375
5 0.7575000000000001 0.065 0.7424999999999999 0.065 0.7424999999999999 0.08 0.7575000000000001 0.08 0.7575000000000001 0.065
5 0.7625 0.03875 0.75 0.03875 0.75 0.05375 0.7625 0.05375 0.7625 0.03875
5 0.9400000000000001 0.185 0.9275 0.185 0.9275 0.195 0.9400000000000001 0.195 0.9400000000000001 0.185
5 0.17250000000000001 0.1675 0.16 0.1675 0.16 0.1825 0.17250000000000001 0.1825 0.17250000000000001 0.1675
5 0.215 0.13 0.20249999999999999 0.13 0.20249999999999999 0.145 0.215 0.145 0.215 0.13
5 0.17875000000000002 0.135 0.16625 0.135 0.16625 0.15 0.17875000000000002 0.15 0.17875000000000002 0.135
5 0.18625 0.10500000000000001 0.17375000000000002 0.10500000000000001 0.17375000000000002 0.12 0.18625 0.12 0.18625 0.10500000000000001
5 0.84375 0.22125 0.80375 0.22125 0.80375 0.23374999999999999 0.84375 0.23374999999999999 0.84375 0.22125
5 0.515 0.12250000000000001 0.4925 0.12250000000000001 0.4925 0.1325 0.515 0.1325 0.515 0.12250000000000001
5 0.5175 0.11374999999999999 0.4925 0.11374999999999999 0.4925 0.12125 0.5175 0.12125 0.5175 0.11374999999999999
5 0.5125 0.10500000000000001 0.4925 0.10500000000000001 0.4925 0.1125 0.5125 0.1125 0.5125 0.10500000000000001
5 0.7837500000000001 0.42000000000000004 0.76625 0.42000000000000004 0.76625 0.43 0.7837500000000001 0.43 0.7837500000000001 0.42000000000000004
5 1 0.80375 0.99125 0.80375 0.99125 0.81875 1 0.81875 1 0.80375
5 0.9800000000000001 0.98125 0.97 0.98125 0.97 0.99375 0.9800000000000001 0.99375 0.9800000000000001 0.98125
5 0.2225 0.49124999999999996 0.205 0.49124999999999996 0.205 0.50125 0.2225 0.50125 0.2225 0.49124999999999996
5 0.1925 0.5287499999999999 0.18 0.5287499999999999 0.18 0.54375 0.1925 0.54375 0.1925 0.5287499999999999
5 0.23125 0.5662499999999999 0.20875 0.5662499999999999 0.20875 0.57625 0.23125 0.57625 0.23125 0.5662499999999999
5 0.41375 1 0.41375 0.99125 0.38875000000000004 0.99125 0.38875000000000004 1 0.41375 1
5 0.445 0.9199999999999999 0.4175 0.9199999999999999 0.4175 0.93 0.445 0.93 0.445 0.9199999999999999
5 0.40875000000000006 0.8724999999999999 0.39125 0.8724999999999999 0.39125 0.8875 0.40875000000000006 0.8875 0.40875000000000006 0.8724999999999999
5 0.45375 0.8787499999999999 0.43624999999999997 0.8787499999999999 0.43624999999999997 0.8887499999999999 0.45375 0.8887499999999999 0.45375 0.8787499999999999
5 0.4525 0.8875 0.4375 0.8875 0.4375 0.8949999999999999 0.4525 0.8949999999999999 0.4525 0.8875
5 0.465 0.8462500000000001 0.4425 0.8462500000000001 0.4425 0.85625 0.465 0.85625 0.465 0.8462500000000001
5 0.42000000000000004 0.8412499999999999 0.41 0.8412499999999999 0.41 0.8462500000000001 0.42000000000000004 0.8462500000000001 0.42000000000000004 0.8412499999999999
5 0.475 0.8225 0.45499999999999996 0.8225 0.45499999999999996 0.8324999999999999 0.475 0.8324999999999999 0.475 0.8225
5 0.48 0.8074999999999999 0.45999999999999996 0.8074999999999999 0.45999999999999996 0.8175000000000001 0.48 0.8175000000000001 0.48 0.8074999999999999
5 0.49375 0.73 0.46875 0.73 0.46875 0.74 0.49375 0.74 0.49375 0.73
5 0.49124999999999996 0.73625 0.47125000000000006 0.73625 0.47125000000000006 0.7462500000000001 0.49124999999999996 0.7462500000000001 0.49124999999999996 0.73625
5 0.4925 0.7462500000000001 0.47000000000000003 0.7462500000000001 0.47000000000000003 0.75625 0.4925 0.75625 0.4925 0.7462500000000001
5 0.46875 0.75125 0.45625 0.75125 0.45625 0.76625 0.46875 0.76625 0.46875 0.75125
5 0.49124999999999996 0.77 0.47125000000000006 0.77 0.47125000000000006 0.7775000000000001 0.49124999999999996 0.7775000000000001 0.49124999999999996 0.77
5 0.45625 0.7025 0.44375 0.7025 0.44375 0.7150000000000001 0.45625 0.7150000000000001 0.45625 0.7025
5 0.4925 0.69375 0.47000000000000003 0.69375 0.47000000000000003 0.70375 0.4925 0.70375 0.4925 0.69375
5 0.4925 0.70375 0.47000000000000003 0.70375 0.47000000000000003 0.7112499999999999 0.4925 0.7112499999999999 0.4925 0.70375
5 0.49749999999999994 0.6537499999999999 0.475 0.6537499999999999 0.475 0.6637500000000001 0.49749999999999994 0.6637500000000001 0.49749999999999994 0.6537499999999999
5 0.4925 0.60625 0.475 0.60625 0.475 0.61375 0.4925 0.61375 0.4925 0.60625
5 0.49124999999999996 0.5925 0.47375 0.5925 0.47375 0.6 0.49124999999999996 0.6 0.49124999999999996 0.5925
5 0.4875 0.585 0.4725 0.585 0.4725 0.5925 0.4875 0.5925 0.4875 0.585
5 0.4875 0.5775 0.4725 0.5775 0.4725 0.585 0.4875 0.585 0.4875 0.5775
5 0.4925 0.5599999999999999 0.4725 0.5599999999999999 0.4725 0.5700000000000001 0.4925 0.5700000000000001 0.4925 0.5599999999999999
5 0.495 0.495 0.475 0.495 0.475 0.505 0.495 0.505 0.495 0.495
5 0.5287499999999999 0.42374999999999996 0.50625 0.42374999999999996 0.50625 0.43375 0.5287499999999999 0.43375 0.5287499999999999 0.42374999999999996
5 0.65625 0.45875000000000005 0.63625 0.45875000000000005 0.63625 0.46624999999999994 0.65625 0.46624999999999994 0.65625 0.45875000000000005
5 0.49375 0.35 0.47125000000000006 0.35 0.47125000000000006 0.36 0.49375 0.36 0.49375 0.35
5 0.4925 0.34375 0.4725 0.34375 0.4725 0.35125 0.4925 0.35125 0.4925 0.34375
5 0.49375 0.30375 0.47625 0.30375 0.47625 0.31124999999999997 0.49375 0.31124999999999997 0.49375 0.30375
5 0.1625 0.68125 0.145 0.68125 0.145 0.70625 0.1625 0.70625 0.1625 0.68125
5 0.18125 0.7150000000000001 0.16375 0.7150000000000001 0.16375 0.735 0.18125 0.735 0.18125 0.7150000000000001
5 0.20249999999999999 0.5875 0.1875 0.5875 0.1875 0.6025 0.20249999999999999 0.6025 0.20249999999999999 0.5875
5 0.0925 0.395 0.06 0.395 0.06 0.43 0.0925 0.43 0.0925 0.395