5 0.07375000000000001 0.39125 0.05625 0.39125 0.05625 0.41125 0.07375000000000001 0.41125 0.07375000000000001 0.39125
5 0.075 0.42625 0.06 0.42625 0.06 0.43875000000000003 0.075 0.43875000000000003 0.075 0.42625
5 0.14125000000000001 0.39375 0.12125 0.39375 0.12125 0.40625 0.14125000000000001 0.40625 0.14125000000000001 0.39375
5 0.9012499999999999 0.9887499999999999 0.88125 0.9887499999999999 0.88125 0.99875 0.9012499999999999 0.99875 0.9012499999999999 0.9887499999999999
5 0.8724999999999999 0.95625 0.8574999999999999 0.95625 0.8574999999999999 0.9737500000000001 0.8724999999999999 0.9737500000000001 0.8724999999999999 0.95625
5 0.86625 0.905 0.8487500000000001 0.905 0.8487500000000001 0.9199999999999999 0.86625 0.9199999999999999 0.86625 0.905
5 0.9375 0.9099999999999999 0.9199999999999999 0.9099999999999999 0.9199999999999999 0.9199999999999999 0.9375 0.9199999999999999 0.9375 0.9099999999999999
5 0.985 0.81375 0.9675 0.81375 0.9675 0.82875 0.985 0.82875 0.985 0.81375
5 0.97625 0.79375 0.96125 0.79375 0.96125 0.8087500000000001 0.97625 0.8087500000000001 0.97625 0.79375
5 0.93125 0.755 0.91375 0.755 0.91375 0.7725 0.93125 0.7725 0.93125 0.755
5 0.985 0.6837500000000001 0.9724999999999999 0.6837500000000001 0.9724999999999999 0.69875 0.985 0.69875 0.985 0.6837500000000001
5 1 0.67 0.9887499999999999 0.67 0.9887499999999999 0.6849999999999999 1 0.6849999999999999 1 0.67
5 0.9737500000000001 0.65 0.96125 0.65 0.96125 0.665 0.9737500000000001 0.665 0.9737500000000001 0.65
5 0.9925 0.32 0.9800000000000001 0.32 0.9800000000000001 0.335 0.9925 0.335 0.9925 0.32
5 0.96 0.29125 0.9475 0.29125 0.9475 0.30375 0.96 0.30375 0.96 0.29125