5 0.21375000000000002 0.25875 0.19125 0.25875 0.19125 0.27625 0.21375000000000002 0.27625 0.21375000000000002 0.25875
5 0.2725 0.35875 0.26 0.35875 0.26 0.37875000000000003 0.2725 0.37875000000000003 0.2725 0.35875
5 0.85875 0.61875 0.8462500000000001 0.61875 0.8462500000000001 0.64625 0.85875 0.64625 0.85875 0.61875
5 0.8574999999999999 0.5974999999999999 0.845 0.5974999999999999 0.845 0.625 0.8574999999999999 0.625 0.8574999999999999 0.5974999999999999
5 0.9012499999999999 0.47125000000000006 0.8862500000000001 0.47125000000000006 0.8862500000000001 0.48125 0.9012499999999999 0.48125 0.9012499999999999 0.47125000000000006
5 0.9175000000000001 0.48624999999999996 0.9075 0.48624999999999996 0.9075 0.5037499999999999 0.9175000000000001 0.5037499999999999 0.9175000000000001 0.48624999999999996
5 0.8675 0.44000000000000006 0.8574999999999999 0.44000000000000006 0.8574999999999999 0.45999999999999996 0.8675 0.45999999999999996 0.8675 0.44000000000000006
5 0.9099999999999999 0.4 0.8975 0.4 0.8975 0.4175 0.9099999999999999 0.4175 0.9099999999999999 0.4
5 0.92125 0.39875 0.9087500000000001 0.39875 0.9087500000000001 0.41624999999999995 0.92125 0.41624999999999995 0.92125 0.39875
5 0.7725 0.37875000000000003 0.7525000000000001 0.37875000000000003 0.7525000000000001 0.39125 0.7725 0.39125 0.7725 0.37875000000000003
5 0.4925 0.1025 0.4725 0.1025 0.4725 0.11750000000000001 0.4925 0.11750000000000001 0.4925 0.1025
5 0.075 0.45 0.065 0.45 0.065 0.4725 0.075 0.4725 0.075 0.45
5 0.11125 0.5587500000000001 0.08125 0.5587500000000001 0.08125 0.57375 0.11125 0.57375 0.11125 0.5587500000000001
5 0.15625 0.57625 0.13125 0.57625 0.13125 0.58375 0.15625 0.58375 0.15625 0.57625
5 0.5875 0.19125 0.5675 0.19125 0.5675 0.20125 0.5875 0.20125 0.5875 0.19125
5 0.44749999999999995 0.28500000000000003 0.4325 0.28500000000000003 0.4325 0.29500000000000004 0.44749999999999995 0.29500000000000004 0.44749999999999995 0.28500000000000003
5 0.44375 0.505 0.42874999999999996 0.505 0.42874999999999996 0.5125 0.44375 0.5125 0.44375 0.505
5 0.8175000000000001 0.925 0.795 0.925 0.795 0.9425000000000001 0.8175000000000001 0.9425000000000001 0.8175000000000001 0.925
5 0.5625 0.54625 0.5475 0.54625 0.5475 0.56375 0.5625 0.56375 0.5625 0.54625
5 0.85 0.5662499999999999 0.835 0.5662499999999999 0.835 0.58875 0.85 0.58875 0.85 0.5662499999999999
5 0.9099999999999999 0.48375 0.9 0.48375 0.9 0.50625 0.9099999999999999 0.50625 0.9099999999999999 0.48375
5 0.82875 0.3775 0.8162499999999999 0.3775 0.8162499999999999 0.3975 0.82875 0.3975 0.82875 0.3775
5 0.86 0.65 0.8425 0.65 0.8425 0.67 0.86 0.67 0.86 0.65
5 0.9824999999999999 0.7125 0.9625 0.7125 0.9625 0.735 0.9824999999999999 0.735 0.9824999999999999 0.7125
5 0.91625 0.45999999999999996 0.90625 0.45999999999999996 0.90625 0.475 0.91625 0.475 0.91625 0.45999999999999996
5 0.49124999999999996 0.29125 0.46624999999999994 0.29125 0.46624999999999994 0.30125 0.49124999999999996 0.30125 0.49124999999999996 0.29125
5 0.9037499999999999 0.45375 0.8887499999999999 0.45375 0.8887499999999999 0.46375 0.9037499999999999 0.46375 0.9037499999999999 0.45375
5 0.21625 0.5375 0.18625 0.5375 0.18625 0.5525 0.21625 0.5525 0.21625 0.5375
5 0.8387499999999999 0.38125 0.82875 0.38125 0.82875 0.39625 0.8387499999999999 0.39625 0.8387499999999999 0.38125
5 0.5625 0.5825 0.545 0.5825 0.545 0.6025 0.5625 0.6025 0.5625 0.5825
5 0.89375 0.5 0.8787499999999999 0.5 0.8787499999999999 0.51 0.89375 0.51 0.89375 0.5
5 0.75 0.37374999999999997 0.7325 0.37374999999999997 0.7325 0.38875000000000004 0.75 0.38875000000000004 0.75 0.37374999999999997
5 0.8150000000000001 0.3775 0.805 0.3775 0.805 0.39249999999999996 0.8150000000000001 0.39249999999999996 0.8150000000000001 0.3775
5 0.54875 0.5875 0.53625 0.5875 0.53625 0.6075 0.54875 0.6075 0.54875 0.5875
5 0.9 0.4625 0.885 0.4625 0.885 0.4725 0.9 0.4725 0.9 0.4625
5 0.85875 0.67125 0.84375 0.67125 0.84375 0.68875 0.85875 0.68875 0.85875 0.67125
5 0.975 0.43 0.9574999999999999 0.43 0.9574999999999999 0.4425 0.975 0.4425 0.975 0.43
5 0.51125 0.3 0.48875 0.3 0.48875 0.315 0.51125 0.315 0.51125 0.3
5 0.89625 0.48 0.88125 0.48 0.88125 0.49000000000000005 0.89625 0.49000000000000005 0.89625 0.48
5 0.805 0.38 0.7975 0.38 0.7975 0.395 0.805 0.395 0.805 0.38
5 0.81875 0.54375 0.79875 0.54375 0.79875 0.55625 0.81875 0.55625 0.81875 0.54375
5 0.8949999999999999 0.49124999999999996 0.8800000000000001 0.49124999999999996 0.8800000000000001 0.49874999999999997 0.8949999999999999 0.49874999999999997 0.8949999999999999 0.49124999999999996