5 0.86 0.46749999999999997 0.835 0.46749999999999997 0.835 0.48250000000000004 0.86 0.48250000000000004 0.86 0.46749999999999997
5 0.6950000000000001 0.58875 0.6799999999999999 0.58875 0.6799999999999999 0.59875 0.6950000000000001 0.59875 0.6950000000000001 0.58875
5 0.6925 0.57875 0.6775 0.57875 0.6775 0.5862499999999999 0.6925 0.5862499999999999 0.6925 0.57875
5 0.8412499999999999 0.41125 0.82125 0.41125 0.82125 0.42374999999999996 0.8412499999999999 0.42374999999999996 0.8412499999999999 0.41125
5 0.83375 0.4 0.81375 0.4 0.81375 0.4125 0.83375 0.4125 0.83375 0.4
5 0.6725 0.52125 0.6425 0.52125 0.6425 0.54375 0.6725 0.54375 0.6725 0.52125
5 0.7875 0.49000000000000005 0.7625 0.49000000000000005 0.7625 0.51 0.7875 0.51 0.7875 0.49000000000000005
5 0.77625 0.76 0.7537499999999999 0.76 0.7537499999999999 0.7775000000000001 0.77625 0.7775000000000001 0.77625 0.76
5 0.885 0.505 0.8375 0.505 0.8375 0.5275000000000001 0.885 0.5275000000000001 0.885 0.505
5 0.9012499999999999 0.5325 0.85375 0.5325 0.85375 0.5575 0.9012499999999999 0.5575 0.9012499999999999 0.5325
5 0.7775000000000001 0.79125 0.7625 0.79125 0.7625 0.79875 0.7775000000000001 0.79875 0.7775000000000001 0.79125
5 0.8975 0.52 0.8474999999999999 0.52 0.8474999999999999 0.545 0.8975 0.545 0.8975 0.52
5 0.8162499999999999 0.40875000000000006 0.75875 0.40875000000000006 0.75875 0.43875000000000003 0.8162499999999999 0.43875000000000003 0.8162499999999999 0.40875000000000006
5 0.8487500000000001 0.66875 0.82875 0.66875 0.82875 0.68625 0.8487500000000001 0.68625 0.8487500000000001 0.66875
5 0.77625 0.775 0.75875 0.775 0.75875 0.7875 0.77625 0.7875 0.77625 0.775
5 0.8574999999999999 0.56875 0.805 0.56875 0.805 0.59375 0.8574999999999999 0.59375 0.8574999999999999 0.56875
5 0.7875 0.6012500000000001 0.74 0.6012500000000001 0.74 0.63375 0.7875 0.63375 0.7875 0.6012500000000001
5 0.8525 0.6637500000000001 0.825 0.6637500000000001 0.825 0.69375 0.8525 0.69375 0.8525 0.6637500000000001