5 0.1525 0.7162499999999999 0.125 0.7162499999999999 0.125 0.73625 0.1525 0.73625 0.1525 0.7162499999999999
5 0.15125 0.7 0.12125 0.7 0.12125 0.71 0.15125 0.71 0.15125 0.7
5 0.15875 0.7537499999999999 0.14125000000000001 0.7537499999999999 0.14125000000000001 0.7737499999999999 0.15875 0.7737499999999999 0.15875 0.7537499999999999
5 0.15625 0.74375 0.13625 0.74375 0.13625 0.76125 0.15625 0.76125 0.15625 0.74375
5 0.14750000000000002 0.73875 0.13 0.73875 0.13 0.7537499999999999 0.14750000000000002 0.7537499999999999 0.14750000000000002 0.73875
5 0.195 0.51375 0.185 0.51375 0.185 0.53125 0.195 0.53125 0.195 0.51375
5 0.1875 0.6075 0.1625 0.6075 0.1625 0.62 0.1875 0.62 0.1875 0.6075
5 0.23125 0.5175 0.22125 0.5175 0.22125 0.5375 0.23125 0.5375 0.23125 0.5175
5 0.22875 0.5549999999999999 0.20625 0.5549999999999999 0.20625 0.5700000000000001 0.22875 0.5700000000000001 0.22875 0.5549999999999999
5 0.1925 0.5974999999999999 0.16999999999999998 0.5974999999999999 0.16999999999999998 0.605 0.1925 0.605 0.1925 0.5974999999999999
5 0.18625 0.6325000000000001 0.16625 0.6325000000000001 0.16625 0.6425 0.18625 0.6425 0.18625 0.6325000000000001
5 0.22125 0.5349999999999999 0.21125 0.5349999999999999 0.21125 0.5525 0.22125 0.5525 0.22125 0.5349999999999999
5 0.2225 0.51625 0.2125 0.51625 0.2125 0.53625 0.2225 0.53625 0.2225 0.51625
5 0.2125 0.515 0.20249999999999999 0.515 0.20249999999999999 0.5349999999999999 0.2125 0.5349999999999999 0.2125 0.515
5 0.13999999999999999 0.595 0.13 0.595 0.13 0.6174999999999999 0.13999999999999999 0.6174999999999999 0.13999999999999999 0.595
5 0.1975 0.7262500000000001 0.1825 0.7262500000000001 0.1825 0.75625 0.1975 0.75625 0.1975 0.7262500000000001
5 0.18375 0.72375 0.16125 0.72375 0.16125 0.76625 0.18375 0.76625 0.18375 0.72375