5 0.62375 0.78625 0.59875 0.78625 0.59875 0.81875 0.62375 0.81875 0.62375 0.78625
5 0.6900000000000001 0.73625 0.6575 0.73625 0.6575 0.76125 0.6900000000000001 0.76125 0.6900000000000001 0.73625
5 0.57125 0.74125 0.54875 0.74125 0.54875 0.75125 0.57125 0.75125 0.57125 0.74125
5 0.5287499999999999 0.73375 0.50875 0.73375 0.50875 0.74875 0.5287499999999999 0.74875 0.5287499999999999 0.73375
5 0.5 0.7162499999999999 0.49000000000000005 0.7162499999999999 0.49000000000000005 0.73375 0.5 0.73375 0.5 0.7162499999999999
5 0.49749999999999994 0.70125 0.48 0.70125 0.48 0.71875 0.49749999999999994 0.71875 0.49749999999999994 0.70125
5 0.60375 0.635 0.58375 0.635 0.58375 0.645 0.60375 0.645 0.60375 0.635
5 0.5862499999999999 0.58 0.57375 0.58 0.57375 0.5974999999999999 0.5862499999999999 0.5974999999999999 0.5862499999999999 0.58
5 0.8125 0.15375 0.7975 0.15375 0.7975 0.16125 0.8125 0.16125 0.8125 0.15375
5 1 0.1875 0.99125 0.1875 0.99125 0.20249999999999999 1 0.20249999999999999 1 0.1875
5 0.74 0.1625 0.7224999999999999 0.1625 0.7224999999999999 0.175 0.74 0.175 0.74 0.1625
5 0.78125 0.1525 0.7737499999999999 0.1525 0.7737499999999999 0.16499999999999998 0.78125 0.16499999999999998 0.78125 0.1525