5 0.59375 0.8949999999999999 0.57375 0.8949999999999999 0.57375 0.9275 0.59375 0.9275 0.59375 0.8949999999999999
5 0.34875 0.92125 0.32625000000000004 0.92125 0.32625000000000004 0.93625 0.34875 0.93625 0.34875 0.92125
5 0.52 0.8425 0.5075000000000001 0.8425 0.5075000000000001 0.8625 0.52 0.8625 0.52 0.8425
5 0 0.5037499999999999 0.01 0.5037499999999999 0.01 0.48624999999999996 0 0.48624999999999996 0 0.5037499999999999
5 0.07625 0.3525 0.061250000000000006 0.3525 0.061250000000000006 0.3625 0.07625 0.3625 0.07625 0.3525
5 0.495 0.85 0.485 0.85 0.485 0.8675 0.495 0.8675 0.495 0.85
5 0.45625 0.76 0.43375 0.76 0.43375 0.77 0.45625 0.77 0.45625 0.76
5 0.5587500000000001 0.78125 0.55125 0.78125 0.55125 0.8012499999999999 0.5587500000000001 0.8012499999999999 0.5587500000000001 0.78125
5 0.17625 0.1775 0.15125 0.1775 0.15125 0.1875 0.17625 0.1875 0.17625 0.1775
5 0.495 0.80625 0.4875 0.80625 0.4875 0.8262499999999999 0.495 0.8262499999999999 0.495 0.80625
5 0.6475 0.75 0.63 0.75 0.63 0.7775000000000001 0.6475 0.7775000000000001 0.6475 0.75
5 0.14375 0.43875000000000003 0.12125 0.43875000000000003 0.12125 0.46375 0.14375 0.46375 0.14375 0.43875000000000003
5 0.145 0.03875 0.1325 0.03875 0.1325 0.061250000000000006 0.145 0.061250000000000006 0.145 0.03875
5 0.33625 0.09625 0.31625000000000003 0.09625 0.31625000000000003 0.12875 0.33625 0.12875 0.33625 0.09625
5 0.18875 0.4325 0.17375000000000002 0.4325 0.17375000000000002 0.45499999999999996 0.18875 0.45499999999999996 0.18875 0.4325
5 0.6012500000000001 0.7775000000000001 0.5912499999999999 0.7775000000000001 0.5912499999999999 0.79 0.6012500000000001 0.79 0.6012500000000001 0.7775000000000001
5 0.58125 0.81875 0.56375 0.81875 0.56375 0.84375 0.58125 0.84375 0.58125 0.81875
5 0.47000000000000003 0.705 0.4175 0.705 0.4175 0.725 0.47000000000000003 0.725 0.47000000000000003 0.705
5 0.45 0.6837500000000001 0.4225 0.6837500000000001 0.4225 0.70125 0.45 0.70125 0.45 0.6837500000000001
5 0.6025 0.85 0.5625 0.85 0.5625 0.8775000000000001 0.6025 0.8775000000000001 0.6025 0.85
5 0.51625 0.79875 0.50625 0.79875 0.50625 0.8162499999999999 0.51625 0.8162499999999999 0.51625 0.79875
5 0.53125 0.79125 0.51625 0.79125 0.51625 0.8162499999999999 0.53125 0.8162499999999999 0.53125 0.79125
5 0.5912499999999999 0.76875 0.58125 0.76875 0.58125 0.79125 0.5912499999999999 0.79125 0.5912499999999999 0.76875
5 0.18 0.18875 0.1575 0.18875 0.1575 0.20375000000000001 0.18 0.20375000000000001 0.18 0.18875
5 0.145 0.38125 0.135 0.38125 0.135 0.40125 0.145 0.40125 0.145 0.38125
5 0.545 0.83125 0.5225 0.83125 0.5225 0.85625 0.545 0.85625 0.545 0.83125
5 0.47625 0.8087500000000001 0.45875000000000005 0.8087500000000001 0.45875000000000005 0.83375 0.47625 0.83375 0.47625 0.8087500000000001
5 0.55625 0.7825 0.54625 0.7825 0.54625 0.8025 0.55625 0.8025 0.55625 0.7825
5 0.36 0.17250000000000001 0.34249999999999997 0.17250000000000001 0.34249999999999997 0.1975 0.36 0.1975 0.36 0.17250000000000001
5 0.19624999999999998 0.26 0.16875 0.26 0.16875 0.275 0.19624999999999998 0.275 0.19624999999999998 0.26
5 0.56875 0.82 0.55625 0.82 0.55625 0.8425 0.56875 0.8425 0.56875 0.82
5 0.43875000000000003 0.6675 0.41875 0.6675 0.41875 0.6849999999999999 0.43875000000000003 0.6849999999999999 0.43875000000000003 0.6675
5 0.4575 0.77 0.4325 0.77 0.4325 0.78 0.4575 0.78 0.4575 0.77
5 0.45 0.20375000000000001 0.425 0.20375000000000001 0.425 0.21625 0.45 0.21625 0.45 0.20375000000000001
5 0.10375000000000001 0.4575 0.09375 0.4575 0.09375 0.4725 0.10375000000000001 0.4725 0.10375000000000001 0.4575
5 0.54875 0.7875 0.5387500000000001 0.7875 0.5387500000000001 0.8025 0.54875 0.8025 0.54875 0.7875
5 0.18 0.43499999999999994 0.1575 0.43499999999999994 0.1575 0.4525 0.18 0.4525 0.18 0.43499999999999994
5 0.46624999999999994 0.78125 0.43375 0.78125 0.43375 0.79625 0.46624999999999994 0.79625 0.46624999999999994 0.78125
5 0.15125 0.44875 0.13874999999999998 0.44875 0.13874999999999998 0.46375 0.15125 0.46375 0.15125 0.44875
5 0.61875 0.48250000000000004 0.6012500000000001 0.48250000000000004 0.6012500000000001 0.5025000000000001 0.61875 0.5025000000000001 0.61875 0.48250000000000004
5 0.20375000000000001 0.2425 0.16125 0.2425 0.16125 0.2575 0.20375000000000001 0.2575 0.20375000000000001 0.2425
5 0.505 0.80375 0.495 0.80375 0.495 0.82125 0.505 0.82125 0.505 0.80375
5 0.63875 0.7925 0.61875 0.7925 0.61875 0.82 0.63875 0.82 0.63875 0.7925
5 0.0875 0.36124999999999996 0.0675 0.36124999999999996 0.0675 0.37875000000000003 0.0875 0.37875000000000003 0.0875 0.36124999999999996
5 0.6587500000000001 0.475 0.63125 0.475 0.63125 0.5 0.6587500000000001 0.5 0.6587500000000001 0.475
5 0.03375 0.31625000000000003 0.013750000000000002 0.31625000000000003 0.013750000000000002 0.34625 0.03375 0.34625 0.03375 0.31625000000000003
5 0.09875 0.4575 0.08125 0.4575 0.08125 0.48 0.09875 0.48 0.09875 0.4575
5 0.63625 0.75875 0.6212500000000001 0.75875 0.6212500000000001 0.77625 0.63625 0.77625 0.63625 0.75875
5 0.12125 0.44875 0.09875 0.44875 0.09875 0.47375 0.12125 0.47375 0.12125 0.44875
5 0.10124999999999999 0.37875000000000003 0.07875 0.37875000000000003 0.07875 0.38875000000000004 0.10124999999999999 0.38875000000000004 0.10124999999999999 0.37875000000000003
5 0.45375 0.215 0.42625 0.215 0.42625 0.22749999999999998 0.45375 0.22749999999999998 0.45375 0.215
5 0.45625 0.79125 0.43375 0.79125 0.43375 0.8012499999999999 0.45625 0.8012499999999999 0.45625 0.79125
5 0.47000000000000003 0.7375 0.42000000000000004 0.7375 0.42000000000000004 0.7525000000000001 0.47000000000000003 0.7525000000000001 0.47000000000000003 0.7375
5 0.56125 0.8225 0.54375 0.8225 0.54375 0.85 0.56125 0.85 0.56125 0.8225
5 0.45875000000000005 0.8012499999999999 0.43375 0.8012499999999999 0.43375 0.81125 0.45875000000000005 0.81125 0.45875000000000005 0.8012499999999999
5 0.3325 0.90625 0.2925 0.90625 0.2925 0.9262499999999999 0.3325 0.9262499999999999 0.3325 0.90625
5 0.58125 0.7675 0.5662499999999999 0.7675 0.5662499999999999 0.7975 0.58125 0.7975 0.58125 0.7675
5 0.03625 0.4725 0.01625 0.4725 0.01625 0.5 0.03625 0.5 0.03625 0.4725
5 0.62375 0.76 0.60875 0.76 0.60875 0.78 0.62375 0.78 0.62375 0.76
5 0.35125 0.09375 0.32875 0.09375 0.32875 0.12625 0.35125 0.12625 0.35125 0.09375
5 0.51 0.8425 0.495 0.8425 0.495 0.865 0.51 0.865 0.51 0.8425
5 0.56875 0.77625 0.55625 0.77625 0.55625 0.79625 0.56875 0.79625 0.56875 0.77625
5 0.17375000000000002 0.0875 0.14625 0.0875 0.14625 0.13999999999999999 0.17375000000000002 0.13999999999999999 0.17375000000000002 0.0875
5 0.45375 0.7262500000000001 0.43125 0.7262500000000001 0.43125 0.73875 0.45375 0.73875 0.45375 0.7262500000000001
5 0.07125000000000001 0.93 0.01625 0.93 0.01625 0.9574999999999999 0.07125000000000001 0.9574999999999999 0.07125000000000001 0.93
5 0.0775 0.465 0.065 0.465 0.065 0.485 0.0775 0.485 0.0775 0.465
5 0.0675 0.47000000000000003 0.05500000000000001 0.47000000000000003 0.05500000000000001 0.49000000000000005 0.0675 0.49000000000000005 0.0675 0.47000000000000003
5 0.485 0.8012499999999999 0.465 0.8012499999999999 0.465 0.83125 0.485 0.83125 0.485 0.8012499999999999