5 0.82875 0.008749999999999999 0.81375 0.008749999999999999 0.81375 0.026250000000000002 0.82875 0.026250000000000002 0.82875 0.008749999999999999
5 0.7849999999999999 0.008749999999999999 0.77 0.008749999999999999 0.77 0.021249999999999998 0.7849999999999999 0.021249999999999998 0.7849999999999999 0.008749999999999999
5 0.75625 0.00125 0.73875 0.00125 0.73875 0.01875 0.75625 0.01875 0.75625 0.00125
5 0.77 0.005 0.7525000000000001 0.005 0.7525000000000001 0.025 0.77 0.025 0.77 0.005
5 0.78125 0.021249999999999998 0.75875 0.021249999999999998 0.75875 0.03875 0.78125 0.03875 0.78125 0.021249999999999998
5 0.76125 0.02 0.7462500000000001 0.02 0.7462500000000001 0.034999999999999996 0.76125 0.034999999999999996 0.76125 0.02
5 0.50125 0.015 0.48624999999999996 0.015 0.48624999999999996 0.027500000000000004 0.50125 0.027500000000000004 0.50125 0.015
5 0.48624999999999996 0.0075 0.46875 0.0075 0.46875 0.02 0.48624999999999996 0.02 0.48624999999999996 0.0075
5 0.41375 0.145 0.40374999999999994 0.145 0.40374999999999994 0.1525 0.41375 0.1525 0.41375 0.145
5 0.39625 0.12 0.37875000000000003 0.12 0.37875000000000003 0.1325 0.39625 0.1325 0.39625 0.12
5 0.375 0.0975 0.35750000000000004 0.0975 0.35750000000000004 0.12 0.375 0.12 0.375 0.0975
5 0.40374999999999994 0.11125 0.38375 0.11125 0.38375 0.12375 0.40374999999999994 0.12375 0.40374999999999994 0.11125
5 0.40625 0.10375000000000001 0.38625 0.10375000000000001 0.38625 0.11625 0.40625 0.11625 0.40625 0.10375000000000001
5 0.41 0.09625 0.39249999999999996 0.09625 0.39249999999999996 0.10874999999999999 0.41 0.10874999999999999 0.41 0.09625
5 0.41500000000000004 0.08875 0.3975 0.08875 0.3975 0.09875 0.41500000000000004 0.09875 0.41500000000000004 0.08875
5 0.2475 0.2525 0.22749999999999998 0.2525 0.22749999999999998 0.27 0.2475 0.27 0.2475 0.2525
5 0.64625 0.5587500000000001 0.63125 0.5587500000000001 0.63125 0.57125 0.64625 0.57125 0.64625 0.5587500000000001
5 0.6375 0.55125 0.6224999999999999 0.55125 0.6224999999999999 0.5662499999999999 0.6375 0.5662499999999999 0.6375 0.55125
5 0.64375 0.5425 0.62625 0.5425 0.62625 0.5549999999999999 0.64375 0.5549999999999999 0.64375 0.5425
5 0.6900000000000001 0.57125 0.675 0.57125 0.675 0.58125 0.6900000000000001 0.58125 0.6900000000000001 0.57125
5 0.6950000000000001 0.585 0.6825 0.585 0.6825 0.6025 0.6950000000000001 0.6025 0.6950000000000001 0.585
5 0.70375 0.5912499999999999 0.6912499999999999 0.5912499999999999 0.6912499999999999 0.60375 0.70375 0.60375 0.70375 0.5912499999999999
5 0.70875 0.5962500000000001 0.69875 0.5962500000000001 0.69875 0.60875 0.70875 0.60875 0.70875 0.5962500000000001
5 0.72875 0.595 0.7162499999999999 0.595 0.7162499999999999 0.605 0.72875 0.605 0.72875 0.595
5 0.6287499999999999 0.51375 0.61125 0.51375 0.61125 0.5287499999999999 0.6287499999999999 0.5287499999999999 0.6287499999999999 0.51375
5 0.6725 0.53625 0.6525000000000001 0.53625 0.6525000000000001 0.54875 0.6725 0.54875 0.6725 0.53625
5 0.68875 0.5475 0.66875 0.5475 0.66875 0.5625 0.68875 0.5625 0.68875 0.5475
5 0.705 0.5549999999999999 0.6825 0.5549999999999999 0.6825 0.5700000000000001 0.705 0.5700000000000001 0.705 0.5549999999999999
5 0.7275 0.5700000000000001 0.7125 0.5700000000000001 0.7125 0.585 0.7275 0.585 0.7275 0.5700000000000001
5 0.74875 0.58375 0.73625 0.58375 0.73625 0.5962500000000001 0.74875 0.5962500000000001 0.74875 0.58375
5 0.74375 0.57375 0.73375 0.57375 0.73375 0.58375 0.74375 0.58375 0.74375 0.57375
5 0.75625 0.5775 0.74375 0.5775 0.74375 0.5900000000000001 0.75625 0.5900000000000001 0.75625 0.5775
5 0.53 0.4925 0.5125 0.4925 0.5125 0.505 0.53 0.505 0.53 0.4925
5 0.53125 0.48624999999999996 0.51625 0.48624999999999996 0.51625 0.49625 0.53125 0.49625 0.53125 0.48624999999999996
5 0.54125 0.47375 0.51875 0.47375 0.51875 0.49124999999999996 0.54125 0.49124999999999996 0.54125 0.47375
5 0.81375 0.23500000000000001 0.80375 0.23500000000000001 0.80375 0.2475 0.81375 0.2475 0.81375 0.23500000000000001
5 0.82 0.2425 0.8099999999999999 0.2425 0.8099999999999999 0.2525 0.82 0.2525 0.82 0.2425
5 0.83125 0.24375 0.8162499999999999 0.24375 0.8162499999999999 0.25625 0.83125 0.25625 0.83125 0.24375
5 0.835 0.24625 0.825 0.24625 0.825 0.25875 0.835 0.25875 0.835 0.24625
5 0.8412499999999999 0.24874999999999997 0.83125 0.24874999999999997 0.83125 0.26125 0.8412499999999999 0.26125 0.8412499999999999 0.24874999999999997
5 0.8574999999999999 0.2575 0.8474999999999999 0.2575 0.8474999999999999 0.27 0.8574999999999999 0.27 0.8574999999999999 0.2575
5 0.86875 0.26625 0.85625 0.26625 0.85625 0.27625 0.86875 0.27625 0.86875 0.26625
5 0.875 0.27 0.8675 0.27 0.8675 0.27999999999999997 0.875 0.27999999999999997 0.875 0.27
5 0.69625 0.19 0.6837500000000001 0.19 0.6837500000000001 0.205 0.69625 0.205 0.69625 0.19
5 0.68625 0.19624999999999998 0.67625 0.19624999999999998 0.67625 0.21125 0.68625 0.21125 0.68625 0.19624999999999998
5 0.6837500000000001 0.205 0.66875 0.205 0.66875 0.2225 0.6837500000000001 0.2225 0.6837500000000001 0.205
5 0.7275 0.18625 0.7150000000000001 0.18625 0.7150000000000001 0.20125 0.7275 0.20125 0.7275 0.18625
5 0.7787499999999999 0.20125 0.76125 0.20125 0.76125 0.21375000000000002 0.7787499999999999 0.21375000000000002 0.7787499999999999 0.20125
5 0.9112500000000001 0.2525 0.89125 0.2525 0.89125 0.26749999999999996 0.9112500000000001 0.26749999999999996 0.9112500000000001 0.2525
5 0.8925000000000001 0.275 0.8825 0.275 0.8825 0.2875 0.8925000000000001 0.2875 0.8925000000000001 0.275
5 0.9 0.27625 0.8925000000000001 0.27625 0.8925000000000001 0.29125 0.9 0.29125 0.9 0.27625
5 0.905 0.28250000000000003 0.8949999999999999 0.28250000000000003 0.8949999999999999 0.2975 0.905 0.2975 0.905 0.28250000000000003
5 0.92125 0.24874999999999997 0.9087500000000001 0.24874999999999997 0.9087500000000001 0.26375000000000004 0.92125 0.26375000000000004 0.92125 0.24874999999999997
5 0.72 0.145 0.705 0.145 0.705 0.16 0.72 0.16 0.72 0.145
5 0.72875 0.1275 0.71375 0.1275 0.71375 0.145 0.72875 0.145 0.72875 0.1275
5 0.73125 0.125 0.7212500000000001 0.125 0.7212500000000001 0.1375 0.73125 0.1375 0.73125 0.125
5 0.7375 0.11374999999999999 0.7224999999999999 0.11374999999999999 0.7224999999999999 0.12875 0.7375 0.12875 0.7375 0.11374999999999999
5 0.74125 0.1075 0.73125 0.1075 0.73125 0.12 0.74125 0.12 0.74125 0.1075
5 0.93625 0.28500000000000003 0.91375 0.28500000000000003 0.91375 0.3025 0.93625 0.3025 0.93625 0.28500000000000003
5 0.9974999999999999 0.34375 0.985 0.34375 0.985 0.35875 0.9974999999999999 0.35875 0.9974999999999999 0.34375
5 0.9637499999999999 0.9400000000000001 0.94625 0.9400000000000001 0.94625 0.96 0.9637499999999999 0.96 0.9637499999999999 0.9400000000000001
5 0.57875 0.28875 0.56375 0.28875 0.56375 0.30125 0.57875 0.30125 0.57875 0.28875
5 0.575 0.335 0.5625 0.335 0.5625 0.35 0.575 0.35 0.575 0.335
5 0.70125 0.175 0.6837500000000001 0.175 0.6837500000000001 0.1975 0.70125 0.1975 0.70125 0.175
5 0.72375 0.13999999999999999 0.70625 0.13999999999999999 0.70625 0.1525 0.72375 0.1525 0.72375 0.13999999999999999
5 0.65125 0.5625 0.64375 0.5625 0.64375 0.5775 0.65125 0.5775 0.65125 0.5625
5 0.8012499999999999 0.21000000000000002 0.7737499999999999 0.21000000000000002 0.7737499999999999 0.22749999999999998 0.8012499999999999 0.22749999999999998 0.8012499999999999 0.21000000000000002
5 0.6375 0.29 0.6224999999999999 0.29 0.6224999999999999 0.3025 0.6375 0.3025 0.6375 0.29
5 0.5825 0.35375 0.5725 0.35375 0.5725 0.36875 0.5825 0.36875 0.5825 0.35375
5 0.6599999999999999 0.5662499999999999 0.65 0.5662499999999999 0.65 0.58125 0.6599999999999999 0.58125 0.6599999999999999 0.5662499999999999
5 0.5900000000000001 0.2725 0.5700000000000001 0.2725 0.5700000000000001 0.28500000000000003 0.5900000000000001 0.28500000000000003 0.5900000000000001 0.2725
5 0.5587500000000001 0.33999999999999997 0.54875 0.33999999999999997 0.54875 0.35750000000000004 0.5587500000000001 0.35750000000000004 0.5587500000000001 0.33999999999999997
5 0.5962500000000001 0.265 0.57375 0.265 0.57375 0.27749999999999997 0.5962500000000001 0.27749999999999997 0.5962500000000001 0.265
5 0.5675 0.36124999999999996 0.5575 0.36124999999999996 0.5575 0.37374999999999997 0.5675 0.37374999999999997 0.5675 0.36124999999999996
5 0.5725 0.3125 0.5575 0.3125 0.5575 0.3225 0.5725 0.3225 0.5725 0.3125
5 0.5875 0.37124999999999997 0.5700000000000001 0.37124999999999997 0.5700000000000001 0.38125 0.5875 0.38125 0.5875 0.37124999999999997
5 0.61 0.33875 0.595 0.33875 0.595 0.34875 0.61 0.34875 0.61 0.33875
5 0.67125 0.5725 0.6587500000000001 0.5725 0.6587500000000001 0.585 0.67125 0.585 0.67125 0.5725
5 0.58375 0.28125 0.5662499999999999 0.28125 0.5662499999999999 0.29125 0.58375 0.29125 0.58375 0.28125
5 0.55125 0.44625000000000004 0.54125 0.44625000000000004 0.54125 0.46125 0.55125 0.46125 0.55125 0.44625000000000004
5 0.7175 0.15 0.7 0.15 0.7 0.17250000000000001 0.7175 0.17250000000000001 0.7175 0.15
5 0.8 0.23125 0.79 0.23125 0.79 0.24625 0.8 0.24625 0.8 0.23125
5 0.605 0.315 0.5925 0.315 0.5925 0.3325 0.605 0.3325 0.605 0.315
5 0.6487499999999999 0.32625000000000004 0.63375 0.32625000000000004 0.63375 0.34125 0.6487499999999999 0.34125 0.6487499999999999 0.32625000000000004
5 0.5575 0.43624999999999997 0.545 0.43624999999999997 0.545 0.44875 0.5575 0.44875 0.5575 0.43624999999999997
5 0.5962500000000001 0.3325 0.57875 0.3325 0.57875 0.35 0.5962500000000001 0.35 0.5962500000000001 0.3325
5 0.6 0.3 0.5875 0.3 0.5875 0.3175 0.6 0.3175 0.6 0.3
5 0.97 0.905 0.9574999999999999 0.905 0.9574999999999999 0.9225 0.97 0.9225 0.97 0.905
5 0.68625 0.58375 0.67625 0.58375 0.67625 0.5962500000000001 0.68625 0.5962500000000001 0.68625 0.58375
5 0.5700000000000001 0.32375 0.5575 0.32375 0.5575 0.33875 0.5700000000000001 0.33875 0.5700000000000001 0.32375
5 0.57625 0.2975 0.56125 0.2975 0.56125 0.305 0.57625 0.305 0.57625 0.2975