5 0.6425 0.9175000000000001 0.62 0.9175000000000001 0.62 0.9324999999999999 0.6425 0.9324999999999999 0.6425 0.9175000000000001
5 0.43 0.89875 0.4125 0.89875 0.4125 0.92125 0.43 0.92125 0.43 0.89875
5 0.365 0.60375 0.35750000000000004 0.60375 0.35750000000000004 0.61625 0.365 0.61625 0.365 0.60375
5 0.42374999999999996 0.5337500000000001 0.40875000000000006 0.5337500000000001 0.40875000000000006 0.55125 0.42374999999999996 0.55125 0.42374999999999996 0.5337500000000001
5 0.30874999999999997 0.58375 0.30125 0.58375 0.30125 0.5962500000000001 0.30874999999999997 0.5962500000000001 0.30874999999999997 0.58375
5 0.37374999999999997 0.60625 0.36375 0.60625 0.36375 0.6212500000000001 0.37374999999999997 0.6212500000000001 0.37374999999999997 0.60625
5 0.35 0.5974999999999999 0.34249999999999997 0.5974999999999999 0.34249999999999997 0.61 0.35 0.61 0.35 0.5974999999999999
5 0.34375 0.5900000000000001 0.33625 0.5900000000000001 0.33625 0.605 0.34375 0.605 0.34375 0.5900000000000001
5 0.3375 0.5912499999999999 0.3275 0.5912499999999999 0.3275 0.6012500000000001 0.3375 0.6012500000000001 0.3375 0.5912499999999999
5 0.175 0.48375 0.16499999999999998 0.48375 0.16499999999999998 0.49625 0.175 0.49625 0.175 0.48375
5 0.58 0.73625 0.5675 0.73625 0.5675 0.7462500000000001 0.58 0.7462500000000001 0.58 0.73625
5 0.6174999999999999 0.71375 0.61 0.71375 0.61 0.72875 0.6174999999999999 0.72875 0.6174999999999999 0.71375
5 0.38375 0.605 0.37124999999999997 0.605 0.37124999999999997 0.6224999999999999 0.38375 0.6224999999999999 0.38375 0.605
5 0.16625 0.46125 0.15375 0.46125 0.15375 0.47375 0.16625 0.47375 0.16625 0.46125
5 0.35875 0.59875 0.34875 0.59875 0.34875 0.61375 0.35875 0.61375 0.35875 0.59875
5 0.32 0.58875 0.31 0.58875 0.31 0.6012500000000001 0.32 0.6012500000000001 0.32 0.58875
5 0.9974999999999999 0.2525 0.9775 0.2525 0.9775 0.27 0.9974999999999999 0.27 0.9974999999999999 0.2525
5 0.34249999999999997 0.325 0.3275 0.325 0.3275 0.3375 0.34249999999999997 0.3375 0.34249999999999997 0.325
5 0.23625 0.28375 0.22125 0.28375 0.22125 0.29375 0.23625 0.29375 0.23625 0.28375
5 0.22625 0.46624999999999994 0.20875 0.46624999999999994 0.20875 0.47874999999999995 0.22625 0.47874999999999995 0.22625 0.46624999999999994
5 0.24625 0.45499999999999996 0.22625 0.45499999999999996 0.22625 0.4725 0.24625 0.4725 0.24625 0.45499999999999996
5 0.2925 0.6075 0.275 0.6075 0.275 0.6224999999999999 0.2925 0.6224999999999999 0.2925 0.6075
5 0.32625000000000004 0.615 0.31124999999999997 0.615 0.31124999999999997 0.63 0.32625000000000004 0.63 0.32625000000000004 0.615
5 0.27 0.5900000000000001 0.2525 0.5900000000000001 0.2525 0.6 0.27 0.6 0.27 0.5900000000000001
5 0.30375 0.58 0.29375 0.58 0.29375 0.5925 0.30375 0.5925 0.30375 0.58
5 0.2975 0.57375 0.28500000000000003 0.57375 0.28500000000000003 0.5912499999999999 0.2975 0.5912499999999999 0.2975 0.57375
5 0.32875 0.5912499999999999 0.31375000000000003 0.5912499999999999 0.31375000000000003 0.60875 0.32875 0.60875 0.32875 0.5912499999999999
5 0.47625 0.54375 0.46125 0.54375 0.46125 0.55625 0.47625 0.55625 0.47625 0.54375
5 0.485 0.5525 0.47000000000000003 0.5525 0.47000000000000003 0.5625 0.485 0.5625 0.485 0.5525
5 0.26375000000000004 0.29874999999999996 0.24375 0.29874999999999996 0.24375 0.31625000000000003 0.26375000000000004 0.31625000000000003 0.26375000000000004 0.29874999999999996
5 0.60375 0.8574999999999999 0.58875 0.8574999999999999 0.58875 0.8775000000000001 0.60375 0.8775000000000001 0.60375 0.8574999999999999
5 0.62 0.8237500000000001 0.6025 0.8237500000000001 0.6025 0.8387499999999999 0.62 0.8387499999999999 0.62 0.8237500000000001
5 0.24 0.25375000000000003 0.21749999999999997 0.25375000000000003 0.21749999999999997 0.26625 0.24 0.26625 0.24 0.25375000000000003
5 0.54625 0.7262500000000001 0.51375 0.7262500000000001 0.51375 0.74875 0.54625 0.74875 0.54625 0.7262500000000001
5 0.62625 0.53625 0.61625 0.53625 0.61625 0.55375 0.62625 0.55375 0.62625 0.53625
5 0.2475 0.2925 0.23500000000000001 0.2925 0.23500000000000001 0.3025 0.2475 0.3025 0.2475 0.2925
5 0.55 0.6900000000000001 0.54 0.6900000000000001 0.54 0.705 0.55 0.705 0.55 0.6900000000000001
5 0.58125 0.71875 0.56875 0.71875 0.56875 0.7262500000000001 0.58125 0.7262500000000001 0.58125 0.71875
5 0.41500000000000004 0.63625 0.4 0.63625 0.4 0.64625 0.41500000000000004 0.64625 0.41500000000000004 0.63625
5 0.34500000000000003 0.61 0.32999999999999996 0.61 0.32999999999999996 0.6174999999999999 0.34500000000000003 0.6174999999999999 0.34500000000000003 0.61
5 0.60625 0.71 0.59875 0.71 0.59875 0.7224999999999999 0.60625 0.7224999999999999 0.60625 0.71
5 0.58 0.74875 0.5700000000000001 0.74875 0.5700000000000001 0.76125 0.58 0.76125 0.58 0.74875
5 0.5825 0.88375 0.5675 0.88375 0.5675 0.89375 0.5825 0.89375 0.5825 0.88375
5 0.61875 0.67875 0.60875 0.67875 0.60875 0.69375 0.61875 0.69375 0.61875 0.67875
5 0.3675 0.4025 0.35750000000000004 0.4025 0.35750000000000004 0.41500000000000004 0.3675 0.41500000000000004 0.3675 0.4025
5 0.3625 0.6174999999999999 0.34750000000000003 0.6174999999999999 0.34750000000000003 0.6275000000000001 0.3625 0.6275000000000001 0.3625 0.6174999999999999
5 0.5525 0.8775000000000001 0.5325 0.8775000000000001 0.5325 0.885 0.5525 0.885 0.5525 0.8775000000000001
5 0.5962500000000001 0.0675 0.58125 0.0675 0.58125 0.075 0.5962500000000001 0.075 0.5962500000000001 0.0675
5 0.43875000000000003 0.64125 0.42374999999999996 0.64125 0.42374999999999996 0.6487499999999999 0.43875000000000003 0.6487499999999999 0.43875000000000003 0.64125
5 0.40875000000000006 0.5575 0.39625 0.5575 0.39625 0.5700000000000001 0.40875000000000006 0.5700000000000001 0.40875000000000006 0.5575
5 0.54875 0.885 0.5287499999999999 0.885 0.5287499999999999 0.8925000000000001 0.54875 0.8925000000000001 0.54875 0.885
5 0.59875 0.70625 0.58875 0.70625 0.58875 0.7212500000000001 0.59875 0.7212500000000001 0.59875 0.70625
5 0.3825 0.35875 0.3725 0.35875 0.3725 0.37625000000000003 0.3825 0.37625000000000003 0.3825 0.35875
5 0.5650000000000001 0.71 0.5475 0.71 0.5475 0.72 0.5650000000000001 0.72 0.5650000000000001 0.71
5 0.515 0.13999999999999999 0.49749999999999994 0.13999999999999999 0.49749999999999994 0.1525 0.515 0.1525 0.515 0.13999999999999999
5 0.18625 0.47625 0.17375000000000002 0.47625 0.17375000000000002 0.49124999999999996 0.18625 0.49124999999999996 0.18625 0.47625
5 0.51125 0.8550000000000001 0.49375 0.8550000000000001 0.49375 0.865 0.51125 0.865 0.51125 0.8550000000000001
5 0.6 0.72375 0.585 0.72375 0.585 0.73625 0.6 0.73625 0.6 0.72375
5 0.3725 0.35 0.36 0.35 0.36 0.37 0.3725 0.37 0.3725 0.35
5 0.38125 0.38625 0.36875 0.38625 0.36875 0.40374999999999994 0.38125 0.40374999999999994 0.38125 0.38625
5 0.61875 0.5549999999999999 0.60625 0.5549999999999999 0.60625 0.5675 0.61875 0.5675 0.61875 0.5549999999999999
5 0.6174999999999999 0.6575 0.6075 0.6575 0.6075 0.675 0.6174999999999999 0.675 0.6174999999999999 0.6575
5 0.49625 0.13999999999999999 0.48125 0.13999999999999999 0.48125 0.15 0.49625 0.15 0.49625 0.13999999999999999