5 0.07625 0.8525 0.058750000000000004 0.8525 0.058750000000000004 0.8625 0.07625 0.8625 0.07625 0.8525
5 0.37875000000000003 0.13999999999999999 0.36875 0.13999999999999999 0.36875 0.145 0.37875000000000003 0.145 0.37875000000000003 0.13999999999999999
5 0.70375 0.28625 0.69625 0.28625 0.69625 0.29874999999999996 0.70375 0.29874999999999996 0.70375 0.28625
5 0.6849999999999999 0.135 0.6675 0.135 0.6675 0.14750000000000002 0.6849999999999999 0.14750000000000002 0.6849999999999999 0.135
5 0.28625 0.9087500000000001 0.26875 0.9087500000000001 0.26875 0.92125 0.28625 0.92125 0.28625 0.9087500000000001
5 0.6950000000000001 0.24375 0.6875 0.24375 0.6875 0.25875 0.6950000000000001 0.25875 0.6950000000000001 0.24375
5 0.6950000000000001 0.17875000000000002 0.6799999999999999 0.17875000000000002 0.6799999999999999 0.19125 0.6950000000000001 0.19125 0.6950000000000001 0.17875000000000002
5 0.6950000000000001 0.15625 0.6775 0.15625 0.6775 0.16875 0.6950000000000001 0.16875 0.6950000000000001 0.15625
5 0.665 0.034999999999999996 0.65 0.034999999999999996 0.65 0.0475 0.665 0.0475 0.665 0.034999999999999996
5 0.75 0.14250000000000002 0.7375 0.14250000000000002 0.7375 0.16 0.75 0.16 0.75 0.14250000000000002
5 0.67875 0.0925 0.6587500000000001 0.0925 0.6587500000000001 0.10500000000000001 0.67875 0.10500000000000001 0.67875 0.0925
5 0.66875 0.05 0.65125 0.05 0.65125 0.06 0.66875 0.06 0.66875 0.05
5 0.2875 0.9349999999999999 0.2725 0.9349999999999999 0.2725 0.945 0.2875 0.945 0.2875 0.9349999999999999
5 0.6425 0 0.6425 0.01 0.6625 0.01 0.6625 0 0.6425 0
5 0.36875 0.8487500000000001 0.35125 0.8487500000000001 0.35125 0.8612500000000001 0.36875 0.8612500000000001 0.36875 0.8487500000000001
5 0.675 0.07125000000000001 0.65 0.07125000000000001 0.65 0.08375 0.675 0.08375 0.675 0.07125000000000001
5 0.67 0.06 0.655 0.06 0.655 0.06999999999999999 0.67 0.06999999999999999 0.67 0.06