5 0.2925 0.96875 0.27749999999999997 0.96875 0.27749999999999997 0.98375 0.2925 0.98375 0.2925 0.96875
5 0.27125 0.95375 0.22875 0.95375 0.22875 0.98375 0.27125 0.98375 0.27125 0.95375
5 0.5675 0.03125 0.5575 0.03125 0.5575 0.04875 0.5675 0.04875 0.5675 0.03125
5 0.57125 0.01 0.5587500000000001 0.01 0.5587500000000001 0.03 0.57125 0.03 0.57125 0.01
5 0.74875 0.8324999999999999 0.73375 0.8324999999999999 0.73375 0.845 0.74875 0.845 0.74875 0.8324999999999999
5 0.76375 0.845 0.7462500000000001 0.845 0.7462500000000001 0.8574999999999999 0.76375 0.8574999999999999 0.76375 0.845
5 0.79125 0.86625 0.77625 0.86625 0.77625 0.8787499999999999 0.79125 0.8787499999999999 0.79125 0.86625
5 0.8474999999999999 0.93125 0.8324999999999999 0.93125 0.8324999999999999 0.9412499999999999 0.8474999999999999 0.9412499999999999 0.8474999999999999 0.93125
5 0.87625 0.9525 0.8612500000000001 0.9525 0.8612500000000001 0.9625 0.87625 0.9625 0.87625 0.9525
5 0.8612500000000001 0.75625 0.84375 0.75625 0.84375 0.77125 0.8612500000000001 0.77125 0.8612500000000001 0.75625
5 0.8825 0.7737499999999999 0.865 0.7737499999999999 0.865 0.7887500000000001 0.8825 0.7887500000000001 0.8825 0.7737499999999999
5 0.9012499999999999 0.7925 0.88375 0.7925 0.88375 0.805 0.9012499999999999 0.805 0.9012499999999999 0.7925
5 0.9199999999999999 0.8025 0.9025000000000001 0.8025 0.9025000000000001 0.8175000000000001 0.9199999999999999 0.8175000000000001 0.9199999999999999 0.8025
5 0.9550000000000001 0.8300000000000001 0.9400000000000001 0.8300000000000001 0.9400000000000001 0.8400000000000001 0.9550000000000001 0.8400000000000001 0.9550000000000001 0.8300000000000001
5 0.9662499999999999 0.8400000000000001 0.95375 0.8400000000000001 0.95375 0.85 0.9662499999999999 0.85 0.9662499999999999 0.8400000000000001
5 0.9862500000000001 0.8525 0.96875 0.8525 0.96875 0.865 0.9862500000000001 0.865 0.9862500000000001 0.8525
5 1 0.86875 0.9887499999999999 0.86875 0.9887499999999999 0.8787499999999999 1 0.8787499999999999 1 0.86875
5 0.6975 0.47125000000000006 0.6925 0.47125000000000006 0.6925 0.47874999999999995 0.6975 0.47874999999999995 0.6975 0.47125000000000006
5 0.1925 0.08375 0.1775 0.08375 0.1775 0.09875 0.1925 0.09875 0.1925 0.08375
5 0.43624999999999997 0.3675 0.42374999999999996 0.3675 0.42374999999999996 0.38 0.43624999999999997 0.38 0.43624999999999997 0.3675
5 0.48 0.5625 0.4625 0.5625 0.4625 0.5775 0.48 0.5775 0.48 0.5625
5 0.5175 0 0.5175 0.01125 0.53 0.01125 0.53 0 0.5175 0
5 0.14250000000000002 0.027500000000000004 0.1275 0.027500000000000004 0.1275 0.045 0.14250000000000002 0.045 0.14250000000000002 0.027500000000000004
5 0.31 0.24375 0.2925 0.24375 0.2925 0.26125 0.31 0.26125 0.31 0.24375
5 0.545 0 0.545 0.01 0.5549999999999999 0.01 0.5549999999999999 0 0.545 0
5 0.6799999999999999 0.5037499999999999 0.6675 0.5037499999999999 0.6675 0.52125 0.6799999999999999 0.52125 0.6799999999999999 0.5037499999999999
5 0.12125 0.005 0.10625 0.005 0.10625 0.02 0.12125 0.02 0.12125 0.005
5 0.16 0.045 0.145 0.045 0.145 0.06 0.16 0.06 0.16 0.045
5 0.20625 0.1 0.19125 0.1 0.19125 0.11499999999999999 0.20625 0.11499999999999999 0.20625 0.1
5 0.27 0.17375000000000002 0.255 0.17375000000000002 0.255 0.18875 0.27 0.18875 0.27 0.17375000000000002
5 0.25625 0.1575 0.23875000000000002 0.1575 0.23875000000000002 0.16999999999999998 0.25625 0.16999999999999998 0.25625 0.1575
5 0.9112500000000001 0.18125 0.89625 0.18125 0.89625 0.19875 0.9112500000000001 0.19875 0.9112500000000001 0.18125