5 0.015 0.6900000000000001 0.0025 0.6900000000000001 0.0025 0.6975 0.015 0.6975 0.015 0.6900000000000001
5 0.01625 0.6799999999999999 0.00375 0.6799999999999999 0.00375 0.6925 0.01625 0.6925 0.01625 0.6799999999999999
5 0.70125 0.7112499999999999 0.68875 0.7112499999999999 0.68875 0.7262500000000001 0.70125 0.7262500000000001 0.70125 0.7112499999999999
5 0.03375 0.6537499999999999 0.021249999999999998 0.6537499999999999 0.021249999999999998 0.66125 0.03375 0.66125 0.03375 0.6537499999999999
5 0.0375 0.6425 0.025 0.6425 0.025 0.655 0.0375 0.655 0.0375 0.6425
5 0.0325 0.6625 0.017499999999999998 0.6625 0.017499999999999998 0.675 0.0325 0.675 0.0325 0.6625
5 0.52125 0.85625 0.5037499999999999 0.85625 0.5037499999999999 0.86625 0.52125 0.86625 0.52125 0.85625
5 0.27875 1 0.27875 0.99125 0.25625 0.99125 0.25625 1 0.27875 1
5 0.9650000000000001 0.6224999999999999 0.9475 0.6224999999999999 0.9475 0.6325000000000001 0.9650000000000001 0.6325000000000001 0.9650000000000001 0.6224999999999999
5 0.045 0.63375 0.0325 0.63375 0.0325 0.64625 0.045 0.64625 0.045 0.63375
5 0.8925000000000001 0.6525000000000001 0.8775000000000001 0.6525000000000001 0.8775000000000001 0.6599999999999999 0.8925000000000001 0.6599999999999999 0.8925000000000001 0.6525000000000001
5 0.0225 0.675 0.01 0.675 0.01 0.6825 0.0225 0.6825 0.0225 0.675
5 0.6275000000000001 0.7787499999999999 0.61 0.7787499999999999 0.61 0.7887500000000001 0.6275000000000001 0.7887500000000001 0.6275000000000001 0.7787499999999999
5 0.05125 0.62375 0.03625 0.62375 0.03625 0.63625 0.05125 0.63625 0.05125 0.62375