5 0.6075 0.017499999999999998 0.5875 0.017499999999999998 0.5875 0.03 0.6075 0.03 0.6075 0.017499999999999998
5 0.55 0.2125 0.5349999999999999 0.2125 0.5349999999999999 0.22000000000000003 0.55 0.22000000000000003 0.55 0.2125
5 0.69625 0.885 0.68125 0.885 0.68125 0.8949999999999999 0.69625 0.8949999999999999 0.69625 0.885
5 0.42874999999999996 0.2475 0.41375 0.2475 0.41375 0.255 0.42874999999999996 0.255 0.42874999999999996 0.2475
5 0.13874999999999998 0.6487499999999999 0.13125 0.6487499999999999 0.13125 0.6637500000000001 0.13874999999999998 0.6637500000000001 0.13874999999999998 0.6487499999999999
5 0.5287499999999999 0.22625 0.51375 0.22625 0.51375 0.23625 0.5287499999999999 0.23625 0.5287499999999999 0.22625
5 0.08125 0.3875 0.061250000000000006 0.3875 0.061250000000000006 0.3975 0.08125 0.3975 0.08125 0.3875
5 0.77 0.14250000000000002 0.7525000000000001 0.14250000000000002 0.7525000000000001 0.1525 0.77 0.1525 0.77 0.14250000000000002
5 0.5599999999999999 0.052500000000000005 0.5425 0.052500000000000005 0.5425 0.0675 0.5599999999999999 0.0675 0.5599999999999999 0.052500000000000005
5 0.12375 0.6537499999999999 0.11374999999999999 0.6537499999999999 0.11374999999999999 0.67625 0.12375 0.67625 0.12375 0.6537499999999999
5 0.51375 0.07125000000000001 0.50125 0.07125000000000001 0.50125 0.09125 0.51375 0.09125 0.51375 0.07125000000000001
5 0.64125 0.41875 0.6212500000000001 0.41875 0.6212500000000001 0.42874999999999996 0.64125 0.42874999999999996 0.64125 0.41875
5 0.52 0.0675 0.5075000000000001 0.0675 0.5075000000000001 0.08499999999999999 0.52 0.08499999999999999 0.52 0.0675
5 0.51875 0.05125 0.49625 0.05125 0.49625 0.061250000000000006 0.51875 0.061250000000000006 0.51875 0.05125
5 0.0225 0.41 0.0125 0.41 0.0125 0.4175 0.0225 0.4175 0.0225 0.41
5 0.27999999999999997 0.3175 0.2625 0.3175 0.2625 0.3275 0.27999999999999997 0.3275 0.27999999999999997 0.3175
5 0.42874999999999996 0.255 0.41375 0.255 0.41375 0.2625 0.42874999999999996 0.2625 0.42874999999999996 0.255
5 0.13 0.65125 0.12250000000000001 0.65125 0.12250000000000001 0.66625 0.13 0.66625 0.13 0.65125
5 0.9099999999999999 0.09375 0.8925000000000001 0.09375 0.8925000000000001 0.10375000000000001 0.9099999999999999 0.10375000000000001 0.9099999999999999 0.09375
5 0.605 0.017499999999999998 0.585 0.017499999999999998 0.585 0.03 0.605 0.03 0.605 0.017499999999999998
5 0.355 0.29 0.33999999999999997 0.29 0.33999999999999997 0.2975 0.355 0.2975 0.355 0.29
5 0.495 0.0375 0.485 0.0375 0.485 0.05500000000000001 0.495 0.05500000000000001 0.495 0.0375
5 0.09125 0.375 0.07375000000000001 0.375 0.07375000000000001 0.385 0.09125 0.385 0.09125 0.375
5 0.7 0.1675 0.6875 0.1675 0.6875 0.175 0.7 0.175 0.7 0.1675
5 0.54625 0.05500000000000001 0.53125 0.05500000000000001 0.53125 0.0725 0.54625 0.0725 0.54625 0.05500000000000001