5 0.17124999999999999 0.32625000000000004 0.16125 0.32625000000000004 0.16125 0.34375 0.17124999999999999 0.34375 0.17124999999999999 0.32625000000000004
5 0.24125000000000002 0.63125 0.23125 0.63125 0.23125 0.64625 0.24125000000000002 0.64625 0.24125000000000002 0.63125
5 0.14750000000000002 0.63125 0.13999999999999999 0.63125 0.13999999999999999 0.6487499999999999 0.14750000000000002 0.6487499999999999 0.14750000000000002 0.63125
5 0.44625000000000004 0.98375 0.43875000000000003 0.98375 0.43875000000000003 0.99875 0.44625000000000004 0.99875 0.44625000000000004 0.98375
5 0.69625 0.135 0.68125 0.135 0.68125 0.145 0.69625 0.145 0.69625 0.135
5 0.18375 0.42000000000000004 0.17375000000000002 0.42000000000000004 0.17375000000000002 0.4375 0.18375 0.4375 0.18375 0.42000000000000004
5 0.33125 0.9525 0.31375000000000003 0.9525 0.31375000000000003 0.96 0.33125 0.96 0.33125 0.9525
5 0.19125 0.93625 0.18125 0.93625 0.18125 0.95375 0.19125 0.95375 0.19125 0.93625
5 0.39125 0.95875 0.37625000000000003 0.95875 0.37625000000000003 0.9662499999999999 0.39125 0.9662499999999999 0.39125 0.95875
5 0.13125 0.5237499999999999 0.12125 0.5237499999999999 0.12125 0.5387500000000001 0.13125 0.5387500000000001 0.13125 0.5237499999999999
5 0.445 0.9662499999999999 0.43499999999999994 0.9662499999999999 0.43499999999999994 0.97875 0.445 0.97875 0.445 0.9662499999999999
5 0.2525 0.6375 0.2425 0.6375 0.2425 0.6525000000000001 0.2525 0.6525000000000001 0.2525 0.6375
5 0.19375 0.42125 0.18625 0.42125 0.18625 0.43624999999999997 0.19375 0.43624999999999997 0.19375 0.42125