5 0.59875 1 0.59875 0.9824999999999999 0.58125 0.9824999999999999 0.58125 1 0.59875 1
5 0.61375 1 0.61375 0.99125 0.59375 0.99125 0.59375 1 0.61375 1
5 0.62375 1 0.62375 0.98375 0.6012500000000001 0.98375 0.6012500000000001 1 0.62375 1
5 0.63 0.975 0.6075 0.975 0.6075 0.9925 0.63 0.9925 0.63 0.975
5 0.64 0.9650000000000001 0.615 0.9650000000000001 0.615 0.985 0.64 0.985 0.64 0.9650000000000001
5 0.6174999999999999 0.9637499999999999 0.595 0.9637499999999999 0.595 0.98375 0.6174999999999999 0.98375 0.6174999999999999 0.9637499999999999
5 0.63625 0.945 0.61125 0.945 0.61125 0.9675 0.63625 0.9675 0.63625 0.945
5 0.6475 0.95875 0.625 0.95875 0.625 0.97625 0.6475 0.97625 0.6475 0.95875
5 0.65625 0.9512499999999999 0.63375 0.9512499999999999 0.63375 0.9662499999999999 0.65625 0.9662499999999999 0.65625 0.9512499999999999
5 0.6625 0.9412499999999999 0.64 0.9412499999999999 0.64 0.95875 0.6625 0.95875 0.6625 0.9412499999999999
5 0.655 0.925 0.635 0.925 0.635 0.945 0.655 0.945 0.655 0.925
5 0.6675 0.9349999999999999 0.6475 0.9349999999999999 0.6475 0.95 0.6675 0.95 0.6675 0.9349999999999999
5 0.6799999999999999 0.9262499999999999 0.655 0.9262499999999999 0.655 0.94375 0.6799999999999999 0.94375 0.6799999999999999 0.9262499999999999
5 0.6837500000000001 0.9175000000000001 0.6637500000000001 0.9175000000000001 0.6637500000000001 0.9349999999999999 0.6837500000000001 0.9349999999999999 0.6837500000000001 0.9175000000000001
5 0.67 0.9075 0.65 0.9075 0.65 0.9275 0.67 0.9275 0.67 0.9075
5 0.6925 0.9112500000000001 0.6725 0.9112500000000001 0.6725 0.92875 0.6925 0.92875 0.6925 0.9112500000000001
5 0.70125 0.9037499999999999 0.67875 0.9037499999999999 0.67875 0.91875 0.70125 0.91875 0.70125 0.9037499999999999
5 0.70625 0.8925000000000001 0.68625 0.8925000000000001 0.68625 0.9075 0.70625 0.9075 0.70625 0.8925000000000001
5 0.71875 0.885 0.69375 0.885 0.69375 0.9025000000000001 0.71875 0.9025000000000001 0.71875 0.885
5 0.69625 0.8825 0.67375 0.8825 0.67375 0.9 0.69625 0.9 0.69625 0.8825
5 0.7125 0.8612500000000001 0.6900000000000001 0.8612500000000001 0.6900000000000001 0.88375 0.7125 0.88375 0.7125 0.8612500000000001
5 0.725 0.87625 0.7 0.87625 0.7 0.89625 0.725 0.89625 0.725 0.87625
5 0.735 0.8675 0.7075 0.8675 0.7075 0.8875 0.735 0.8875 0.735 0.8675
5 0.74 0.8612500000000001 0.7175 0.8612500000000001 0.7175 0.8787499999999999 0.74 0.8787499999999999 0.74 0.8612500000000001
5 0.7474999999999999 0.8550000000000001 0.725 0.8550000000000001 0.725 0.8699999999999999 0.7474999999999999 0.8699999999999999 0.7474999999999999 0.8550000000000001
5 0.755 0.8462500000000001 0.7325 0.8462500000000001 0.7325 0.8637499999999999 0.755 0.8637499999999999 0.755 0.8462500000000001
5 0.72875 0.84375 0.7112499999999999 0.84375 0.7112499999999999 0.8612500000000001 0.72875 0.8612500000000001 0.72875 0.84375
5 0.75125 0.8225 0.7262500000000001 0.8225 0.7262500000000001 0.8425 0.75125 0.8425 0.75125 0.8225
5 0.79375 0.80375 0.77125 0.80375 0.77125 0.82125 0.79375 0.82125 0.79375 0.80375
5 0.805 0.79875 0.7775000000000001 0.79875 0.7775000000000001 0.81375 0.805 0.81375 0.805 0.79875
5 0.7787499999999999 0.7925 0.75625 0.7925 0.75625 0.8150000000000001 0.7787499999999999 0.8150000000000001 0.7787499999999999 0.7925
5 0.8087500000000001 0.7887500000000001 0.7837500000000001 0.7887500000000001 0.7837500000000001 0.80625 0.8087500000000001 0.80625 0.8087500000000001 0.7887500000000001
5 0.8162499999999999 0.7825 0.79375 0.7825 0.79375 0.7975 0.8162499999999999 0.7975 0.8162499999999999 0.7825
5 0.825 0.7725 0.7975 0.7725 0.7975 0.79 0.825 0.79 0.825 0.7725
5 0.7975 0.7725 0.7725 0.7725 0.7725 0.795 0.7975 0.795 0.7975 0.7725
5 0.8300000000000001 0.76625 0.8099999999999999 0.76625 0.8099999999999999 0.78125 0.8300000000000001 0.78125 0.8300000000000001 0.76625
5 0.81375 0.755 0.79125 0.755 0.79125 0.7775000000000001 0.81375 0.7775000000000001 0.81375 0.755
5 0.8387499999999999 0.75875 0.81875 0.75875 0.81875 0.77125 0.8387499999999999 0.77125 0.8387499999999999 0.75875
5 0.84375 0.75 0.8262499999999999 0.75 0.8262499999999999 0.765 0.84375 0.765 0.84375 0.75
5 0.85375 0.74125 0.83375 0.74125 0.83375 0.75875 0.85375 0.75875 0.85375 0.74125
5 0.8324999999999999 0.7375 0.8099999999999999 0.7375 0.8099999999999999 0.7575000000000001 0.8324999999999999 0.7575000000000001 0.8324999999999999 0.7375
5 0.8525 0.7175 0.8275 0.7175 0.8275 0.74 0.8525 0.74 0.8525 0.7175
5 0.8612500000000001 0.73375 0.8412499999999999 0.73375 0.8412499999999999 0.74875 0.8612500000000001 0.74875 0.8612500000000001 0.73375
5 0.8724999999999999 0.725 0.8474999999999999 0.725 0.8474999999999999 0.7424999999999999 0.8724999999999999 0.7424999999999999 0.8724999999999999 0.725
5 0.8775000000000001 0.71875 0.8550000000000001 0.71875 0.8550000000000001 0.73375 0.8775000000000001 0.73375 0.8775000000000001 0.71875
5 0.9324999999999999 0.71 0.915 0.71 0.915 0.73 0.9324999999999999 0.73 0.9324999999999999 0.71
5 0.9574999999999999 0.6837500000000001 0.9375 0.6837500000000001 0.9375 0.70375 0.9574999999999999 0.70375 0.9574999999999999 0.6837500000000001
5 0.885 0.70875 0.8625 0.70875 0.8625 0.72375 0.885 0.72375 0.885 0.70875
5 0.8949999999999999 0.7025 0.8699999999999999 0.7025 0.8699999999999999 0.7175 0.8949999999999999 0.7175 0.8949999999999999 0.7025
5 0.8712500000000001 0.6975 0.8462500000000001 0.6975 0.8462500000000001 0.72 0.8712500000000001 0.72 0.8712500000000001 0.6975
5 0.9 0.6925 0.8775000000000001 0.6925 0.8775000000000001 0.7075 0.9 0.7075 0.9 0.6925
5 0.9087500000000001 0.6837500000000001 0.88375 0.6837500000000001 0.88375 0.69875 0.9087500000000001 0.69875 0.9087500000000001 0.6837500000000001
5 0.8925000000000001 0.6775 0.8675 0.6775 0.8675 0.6975 0.8925000000000001 0.6975 0.8925000000000001 0.6775
5 0.9175000000000001 0.67625 0.8949999999999999 0.67625 0.8949999999999999 0.6912499999999999 0.9175000000000001 0.6912499999999999 0.9175000000000001 0.67625
5 0.9099999999999999 0.6537499999999999 0.885 0.6537499999999999 0.885 0.67875 0.9099999999999999 0.67875 0.9099999999999999 0.6537499999999999
5 0.9237500000000001 0.66875 0.9012499999999999 0.66875 0.9012499999999999 0.6837500000000001 0.9237500000000001 0.6837500000000001 0.9237500000000001 0.66875
5 0.93 0.6599999999999999 0.9099999999999999 0.6599999999999999 0.9099999999999999 0.6775 0.93 0.6775 0.93 0.6599999999999999
5 0.9425000000000001 0.6525000000000001 0.9175000000000001 0.6525000000000001 0.9175000000000001 0.67 0.9425000000000001 0.67 0.9425000000000001 0.6525000000000001
5 0.94625 0.6425 0.9237500000000001 0.6425 0.9237500000000001 0.6599999999999999 0.94625 0.6599999999999999 0.94625 0.6425
5 0.93625 0.6287499999999999 0.91625 0.6287499999999999 0.91625 0.64625 0.93625 0.64625 0.93625 0.6287499999999999
5 0.9650000000000001 0.6275000000000001 0.9400000000000001 0.6275000000000001 0.9400000000000001 0.645 0.9650000000000001 0.645 0.9650000000000001 0.6275000000000001
5 0.97 0.62 0.9475 0.62 0.9475 0.6375 0.97 0.6375 0.97 0.62
5 0.98125 0.61125 0.95375 0.61125 0.95375 0.63125 0.98125 0.63125 0.98125 0.61125
5 0.95375 0.61125 0.93125 0.61125 0.93125 0.63125 0.95375 0.63125 0.95375 0.61125
5 0.9862500000000001 0.60375 0.9637499999999999 0.60375 0.9637499999999999 0.6212500000000001 0.9862500000000001 0.6212500000000001 0.9862500000000001 0.60375
5 0.97 0.59375 0.945 0.59375 0.945 0.61375 0.97 0.61375 0.97 0.59375
5 0.9949999999999999 0.5962500000000001 0.9724999999999999 0.5962500000000001 0.9724999999999999 0.61125 0.9949999999999999 0.61125 0.9949999999999999 0.5962500000000001
5 1 0.5862499999999999 0.98125 0.5862499999999999 0.98125 0.60375 1 0.60375 1 0.5862499999999999
5 0.9862500000000001 0.575 0.9637499999999999 0.575 0.9637499999999999 0.5974999999999999 0.9862500000000001 0.5974999999999999 0.9862500000000001 0.575
5 1 0.5549999999999999 0.98375 0.5549999999999999 0.98375 0.575 1 0.575 1 0.5549999999999999
5 0.9550000000000001 0.635 0.9324999999999999 0.635 0.9324999999999999 0.6525000000000001 0.9550000000000001 0.6525000000000001 0.9550000000000001 0.635