5 0.04 0.04 0.03 0.04 0.03 0.05500000000000001 0.04 0.05500000000000001 0.04 0.04
5 0.0975 0.12250000000000001 0.0875 0.12250000000000001 0.0875 0.1375 0.0975 0.1375 0.0975 0.12250000000000001
5 0.0875 0.14250000000000002 0.075 0.14250000000000002 0.075 0.1575 0.0875 0.1575 0.0875 0.14250000000000002
5 0.13125 0.061250000000000006 0.11875 0.061250000000000006 0.11875 0.07625 0.13125 0.07625 0.13125 0.061250000000000006
5 0.015 0.045 0.005 0.045 0.005 0.06 0.015 0.06 0.015 0.045
5 0.10874999999999999 0.1 0.09875 0.1 0.09875 0.11499999999999999 0.10874999999999999 0.11499999999999999 0.10874999999999999 0.1
5 0.0925 0.1325 0.08249999999999999 0.1325 0.08249999999999999 0.14750000000000002 0.0925 0.14750000000000002 0.0925 0.1325
5 0.7262500000000001 0.44375 0.70875 0.44375 0.70875 0.45375 0.7262500000000001 0.45375 0.7262500000000001 0.44375
5 0.7224999999999999 0.46125 0.705 0.46125 0.705 0.47125000000000006 0.7224999999999999 0.47125000000000006 0.7224999999999999 0.46125
5 0.72375 0.47000000000000003 0.70375 0.47000000000000003 0.70375 0.47750000000000004 0.72375 0.47750000000000004 0.72375 0.47000000000000003
5 0.725 0.47874999999999995 0.7025 0.47874999999999995 0.7025 0.48875 0.725 0.48875 0.725 0.47874999999999995
5 0.72 0.4875 0.7 0.4875 0.7 0.495 0.72 0.495 0.72 0.4875
5 0.7175 0.5025000000000001 0.7 0.5025000000000001 0.7 0.51 0.7175 0.51 0.7175 0.5025000000000001
5 0.7162499999999999 0.5075000000000001 0.69875 0.5075000000000001 0.69875 0.515 0.7162499999999999 0.515 0.7162499999999999 0.5075000000000001
5 0.665 0.57125 0.655 0.57125 0.655 0.58875 0.665 0.58875 0.665 0.57125
5 0.54625 0.75875 0.53125 0.75875 0.53125 0.77625 0.54625 0.77625 0.54625 0.75875
5 0.5675 0.74 0.55 0.74 0.55 0.76 0.5675 0.76 0.5675 0.74
5 0.6625 0.7837500000000001 0.6475 0.7837500000000001 0.6475 0.8012499999999999 0.6625 0.8012499999999999 0.6625 0.7837500000000001
5 0.485 0.74 0.45 0.74 0.45 0.7825 0.485 0.7825 0.485 0.74
5 0.12375 0.06999999999999999 0.11374999999999999 0.06999999999999999 0.11374999999999999 0.08499999999999999 0.12375 0.08499999999999999 0.12375 0.06999999999999999
5 0.16999999999999998 0.18125 0.16 0.18125 0.16 0.20375000000000001 0.16999999999999998 0.20375000000000001 0.16999999999999998 0.18125
5 0.16875 0.20875 0.15625 0.20875 0.15625 0.22374999999999998 0.16875 0.22374999999999998 0.16875 0.20875
5 0.48250000000000004 0.66625 0.47000000000000003 0.66625 0.47000000000000003 0.70625 0.48250000000000004 0.70625 0.48250000000000004 0.66625
5 0.10124999999999999 0.11125 0.09125 0.11125 0.09125 0.12625 0.10124999999999999 0.12625 0.10124999999999999 0.11125
5 0.43875000000000003 0.63125 0.41624999999999995 0.63125 0.41624999999999995 0.67125 0.43875000000000003 0.67125 0.43875000000000003 0.63125
5 0.05500000000000001 0.29 0.045 0.29 0.045 0.31 0.05500000000000001 0.31 0.05500000000000001 0.29
5 0.1775 0.27625 0.1625 0.27625 0.1625 0.28625 0.1775 0.28625 0.1775 0.27625
5 0.45499999999999996 0.65 0.4425 0.65 0.4425 0.6875 0.45499999999999996 0.6875 0.45499999999999996 0.65
5 0.46749999999999997 0.6587500000000001 0.45499999999999996 0.6587500000000001 0.45499999999999996 0.70125 0.46749999999999997 0.70125 0.46749999999999997 0.6587500000000001
5 0.04 0.22625 0.025 0.22625 0.025 0.25125000000000003 0.04 0.25125000000000003 0.04 0.22625
5 0.0325 0.29500000000000004 0.02 0.29500000000000004 0.02 0.315 0.0325 0.315 0.0325 0.29500000000000004
5 0.44749999999999995 0.71875 0.40750000000000003 0.71875 0.40750000000000003 0.75875 0.44749999999999995 0.75875 0.44749999999999995 0.71875
5 0.355 0.5875 0.32999999999999996 0.5875 0.32999999999999996 0.6275000000000001 0.355 0.6275000000000001 0.355 0.5875
5 0.16375 0.22875 0.15375 0.22875 0.15375 0.25125000000000003 0.16375 0.25125000000000003 0.16375 0.22875
5 0.13625 0.05 0.12375 0.05 0.12375 0.0675 0.13625 0.0675 0.13625 0.05
5 0.38375 0.60875 0.36625 0.60875 0.36625 0.6487499999999999 0.38375 0.6487499999999999 0.38375 0.60875
5 0.11374999999999999 0.08499999999999999 0.10375000000000001 0.08499999999999999 0.10375000000000001 0.10500000000000001 0.11374999999999999 0.10500000000000001 0.11374999999999999 0.08499999999999999
5 0.36375 0.5962500000000001 0.35375 0.5962500000000001 0.35375 0.63875 0.36375 0.63875 0.36375 0.5962500000000001
5 0.39249999999999996 0.6950000000000001 0.34249999999999997 0.6950000000000001 0.34249999999999997 0.7224999999999999 0.39249999999999996 0.7224999999999999 0.39249999999999996 0.6950000000000001
5 0.15625 0.29874999999999996 0.14625 0.29874999999999996 0.14625 0.31875 0.15625 0.31875 0.15625 0.29874999999999996
5 0.027500000000000004 0.2525 0.01 0.2525 0.01 0.275 0.027500000000000004 0.275 0.027500000000000004 0.2525
5 0.12 0.3 0.1125 0.3 0.1125 0.3175 0.12 0.3175 0.12 0.3
5 0.46749999999999997 0.7325 0.4375 0.7325 0.4375 0.77 0.46749999999999997 0.77 0.46749999999999997 0.7325
5 0.07875 0.1525 0.06875 0.1525 0.06875 0.1675 0.07875 0.1675 0.07875 0.1525
5 0.40750000000000003 0.61375 0.38 0.61375 0.38 0.65625 0.40750000000000003 0.65625 0.40750000000000003 0.61375
5 0.3775 0.6849999999999999 0.335 0.6849999999999999 0.335 0.71 0.3775 0.71 0.3775 0.6849999999999999
5 0.50625 0.9012499999999999 0.46875 0.9012499999999999 0.46875 0.9512499999999999 0.50625 0.9512499999999999 0.50625 0.9012499999999999
5 0.445 0.79875 0.40750000000000003 0.79875 0.40750000000000003 0.8387499999999999 0.445 0.8387499999999999 0.445 0.79875
5 0.16999999999999998 0.30125 0.1575 0.30125 0.1575 0.32125 0.16999999999999998 0.32125 0.16999999999999998 0.30125
5 0.53125 0.8462500000000001 0.48875 0.8462500000000001 0.48875 0.89375 0.53125 0.89375 0.53125 0.8462500000000001
5 0.28500000000000003 0.7162499999999999 0.2625 0.7162499999999999 0.2625 0.7462500000000001 0.28500000000000003 0.7462500000000001 0.28500000000000003 0.7162499999999999