5 0.17124999999999999 0.09 0.15625 0.09 0.15625 0.0975 0.17124999999999999 0.0975 0.17124999999999999 0.09
5 0.21375000000000002 0.08249999999999999 0.19375 0.08249999999999999 0.19375 0.095 0.21375000000000002 0.095 0.21375000000000002 0.08249999999999999
5 0.065 0.028749999999999998 0.042499999999999996 0.028749999999999998 0.042499999999999996 0.04375 0.065 0.04375 0.065 0.028749999999999998
5 0.5575 0.8324999999999999 0.545 0.8324999999999999 0.545 0.8425 0.5575 0.8425 0.5575 0.8324999999999999
5 0.55375 0.9237500000000001 0.5387500000000001 0.9237500000000001 0.5387500000000001 0.93625 0.55375 0.93625 0.55375 0.9237500000000001
5 0.55125 0.8474999999999999 0.5387500000000001 0.8474999999999999 0.5387500000000001 0.8574999999999999 0.55125 0.8574999999999999 0.55125 0.8474999999999999
5 0.52125 0.975 0.50875 0.975 0.50875 0.985 0.52125 0.985 0.52125 0.975
5 0.1375 0.845 0.13 0.845 0.13 0.8550000000000001 0.1375 0.8550000000000001 0.1375 0.845
5 0.125 0.87625 0.1125 0.87625 0.1125 0.89375 0.125 0.89375 0.125 0.87625
5 0.57125 0.89625 0.55625 0.89625 0.55625 0.9087500000000001 0.57125 0.9087500000000001 0.57125 0.89625
5 0.55375 0.93125 0.53625 0.93125 0.53625 0.94375 0.55375 0.94375 0.55375 0.93125
5 0.11374999999999999 0.89375 0.10375000000000001 0.89375 0.10375000000000001 0.9087500000000001 0.11374999999999999 0.9087500000000001 0.11374999999999999 0.89375
5 0.2525 0.63125 0.2425 0.63125 0.2425 0.64375 0.2525 0.64375 0.2525 0.63125
5 0.24375 0.6475 0.23125 0.6475 0.23125 0.6625 0.24375 0.6625 0.24375 0.6475
5 0.5375 0.8787499999999999 0.52 0.8787499999999999 0.52 0.89125 0.5375 0.89125 0.5375 0.8787499999999999
5 0.20125 0.73 0.18875 0.73 0.18875 0.7424999999999999 0.20125 0.7424999999999999 0.20125 0.73
5 0.175 0.78125 0.16499999999999998 0.78125 0.16499999999999998 0.79375 0.175 0.79375 0.175 0.78125
5 0.58875 0.8699999999999999 0.57375 0.8699999999999999 0.57375 0.8800000000000001 0.58875 0.8800000000000001 0.58875 0.8699999999999999
5 0.5325 0.8862500000000001 0.5175 0.8862500000000001 0.5175 0.89875 0.5325 0.89875 0.5325 0.8862500000000001
5 0.22625 0.6799999999999999 0.21375000000000002 0.6799999999999999 0.21375000000000002 0.6950000000000001 0.22625 0.6950000000000001 0.22625 0.6799999999999999
5 0.1325 0.8612500000000001 0.12250000000000001 0.8612500000000001 0.12250000000000001 0.87375 0.1325 0.87375 0.1325 0.8612500000000001
5 0.5675 0.82125 0.5575 0.82125 0.5575 0.8262499999999999 0.5675 0.8262499999999999 0.5675 0.82125
5 0.495 0.70375 0.48 0.70375 0.48 0.71375 0.495 0.71375 0.495 0.70375
5 0.10500000000000001 0.9099999999999999 0.0925 0.9099999999999999 0.0925 0.925 0.10500000000000001 0.925 0.10500000000000001 0.9099999999999999
5 0.095 0.9275 0.08499999999999999 0.9275 0.08499999999999999 0.9425000000000001 0.095 0.9425000000000001 0.095 0.9275
5 0.57375 0.89 0.56125 0.89 0.56125 0.9 0.57375 0.9 0.57375 0.89
5 0.5425 0.8724999999999999 0.5275000000000001 0.8724999999999999 0.5275000000000001 0.885 0.5425 0.885 0.5425 0.8724999999999999
5 0.18375 0.76375 0.17124999999999999 0.76375 0.17124999999999999 0.7787499999999999 0.18375 0.7787499999999999 0.18375 0.76375
5 0.57875 0.88125 0.56375 0.88125 0.56375 0.89375 0.57875 0.89375 0.57875 0.88125
5 0.23374999999999999 0.6625 0.22374999999999998 0.6625 0.22374999999999998 0.675 0.23374999999999999 0.675 0.23374999999999999 0.6625
5 0.21749999999999997 0.69625 0.20750000000000002 0.69625 0.20750000000000002 0.70875 0.21749999999999997 0.70875 0.21749999999999997 0.69625
5 0.57125 0.8125 0.5587500000000001 0.8125 0.5587500000000001 0.8225 0.57125 0.8225 0.57125 0.8125
5 0.20875 0.7112499999999999 0.19624999999999998 0.7112499999999999 0.19624999999999998 0.7262500000000001 0.20875 0.7262500000000001 0.20875 0.7112499999999999
5 0.5175 0.9099999999999999 0.505 0.9099999999999999 0.505 0.9175000000000001 0.5175 0.9175000000000001 0.5175 0.9099999999999999
5 0.56125 0.915 0.54375 0.915 0.54375 0.9275 0.56125 0.9275 0.56125 0.915
5 0.52125 0.9025000000000001 0.50625 0.9025000000000001 0.50625 0.9125 0.52125 0.9125 0.52125 0.9025000000000001
5 0.07875 0.96 0.06875 0.96 0.06875 0.9724999999999999 0.07875 0.9724999999999999 0.07875 0.96
5 0.55375 0.8387499999999999 0.5387500000000001 0.8387499999999999 0.5387500000000001 0.8487500000000001 0.55375 0.8487500000000001 0.55375 0.8387499999999999
5 0.52625 0.89375 0.51125 0.89375 0.51125 0.90625 0.52625 0.90625 0.52625 0.89375
5 0.53 0.9662499999999999 0.5125 0.9662499999999999 0.5125 0.98125 0.53 0.98125 0.53 0.9662499999999999
5 0.4725 0.6925 0.45499999999999996 0.6925 0.45499999999999996 0.705 0.4725 0.705 0.4725 0.6925
5 0.16625 0.795 0.15625 0.795 0.15625 0.8099999999999999 0.16625 0.8099999999999999 0.16625 0.795
5 0.58375 0.87625 0.57125 0.87625 0.57125 0.8862500000000001 0.58375 0.8862500000000001 0.58375 0.87625
5 0.51375 0.91625 0.50125 0.91625 0.50125 0.9237500000000001 0.51375 0.9237500000000001 0.51375 0.91625
5 0.15875 0.81375 0.14625 0.81375 0.14625 0.82875 0.15875 0.82875 0.15875 0.81375
5 0.5912499999999999 0.85875 0.57625 0.85875 0.57625 0.8712500000000001 0.5912499999999999 0.8712500000000001 0.5912499999999999 0.85875
5 0.50625 0.92125 0.49625 0.92125 0.49625 0.93125 0.50625 0.93125 0.50625 0.92125
5 0.56375 0.825 0.55125 0.825 0.55125 0.835 0.56375 0.835 0.56375 0.825
5 0.5650000000000001 0.905 0.5525 0.905 0.5525 0.9125 0.5650000000000001 0.9125 0.5650000000000001 0.905
5 0.56375 0.9112500000000001 0.54875 0.9112500000000001 0.54875 0.92125 0.56375 0.92125 0.56375 0.9112500000000001
5 0.19 0.7462500000000001 0.1825 0.7462500000000001 0.1825 0.75625 0.19 0.75625 0.19 0.7462500000000001
5 0.0875 0.9425000000000001 0.0775 0.9425000000000001 0.0775 0.96 0.0875 0.96 0.0875 0.9425000000000001
5 0.14625 0.83125 0.13625 0.83125 0.13625 0.84375 0.14625 0.84375 0.14625 0.83125
5 0.49000000000000005 0.4625 0.48 0.4625 0.48 0.47750000000000004 0.49000000000000005 0.47750000000000004 0.49000000000000005 0.4625
5 0.5337500000000001 0.48375 0.52625 0.48375 0.52625 0.49874999999999997 0.5337500000000001 0.49874999999999997 0.5337500000000001 0.48375
5 0.54125 0.48624999999999996 0.5337500000000001 0.48624999999999996 0.5337500000000001 0.50125 0.54125 0.50125 0.54125 0.48624999999999996
5 0.54875 0.49375 0.54125 0.49375 0.54125 0.5037499999999999 0.54875 0.5037499999999999 0.54875 0.49375
5 0.6725 0.5475 0.6599999999999999 0.5475 0.6599999999999999 0.5650000000000001 0.6725 0.5650000000000001 0.6725 0.5475
5 0.5325 0.8375 0.5075000000000001 0.8375 0.5075000000000001 0.8724999999999999 0.5325 0.8724999999999999 0.5325 0.8375
5 0.61375 0.52625 0.60875 0.52625 0.60875 0.5387500000000001 0.61375 0.5387500000000001 0.61375 0.52625
5 0.62375 0.53125 0.61625 0.53125 0.61625 0.54125 0.62375 0.54125 0.62375 0.53125
5 0.8400000000000001 0.575 0.8275 0.575 0.8275 0.5900000000000001 0.8400000000000001 0.5900000000000001 0.8400000000000001 0.575
5 0.49749999999999994 0.96125 0.485 0.96125 0.485 0.97625 0.49749999999999994 0.97625 0.49749999999999994 0.96125
5 0.5662499999999999 0.845 0.55625 0.845 0.55625 0.86 0.5662499999999999 0.86 0.5662499999999999 0.845
5 1 0.32625000000000004 0.9925 0.32625000000000004 0.9925 0.34125 1 0.34125 1 0.32625000000000004
5 0.77 0.69875 0.7575000000000001 0.69875 0.7575000000000001 0.7162499999999999 0.77 0.7162499999999999 0.77 0.69875
5 0.54 0.89625 0.53 0.89625 0.53 0.9087500000000001 0.54 0.9087500000000001 0.54 0.89625
5 0.7849999999999999 0.67625 0.77 0.67625 0.77 0.69375 0.7849999999999999 0.69375 0.7849999999999999 0.67625
5 0.61375 0.83125 0.59375 0.83125 0.59375 0.8387499999999999 0.61375 0.8387499999999999 0.61375 0.83125
5 0.57375 0.83125 0.56375 0.83125 0.56375 0.8462500000000001 0.57375 0.8462500000000001 0.57375 0.83125
5 0.76 0.71875 0.7474999999999999 0.71875 0.7474999999999999 0.73125 0.76 0.73125 0.76 0.71875
5 0.82875 0.5925 0.8162499999999999 0.5925 0.8162499999999999 0.6075 0.82875 0.6075 0.82875 0.5925
5 0.605 0.845 0.585 0.845 0.585 0.8550000000000001 0.605 0.8550000000000001 0.605 0.845
5 0.6837500000000001 0.85375 0.67375 0.85375 0.67375 0.86625 0.6837500000000001 0.86625 0.6837500000000001 0.85375
5 0.66625 0.8862500000000001 0.6537499999999999 0.8862500000000001 0.6537499999999999 0.9012499999999999 0.66625 0.9012499999999999 0.66625 0.8862500000000001
5 0.615 0.825 0.5974999999999999 0.825 0.5974999999999999 0.8324999999999999 0.615 0.8324999999999999 0.615 0.825
5 0.55625 0.8637499999999999 0.54625 0.8637499999999999 0.54625 0.8787499999999999 0.55625 0.8787499999999999 0.55625 0.8637499999999999
5 0.51875 0.92875 0.50875 0.92875 0.50875 0.94375 0.51875 0.94375 0.51875 0.92875
5 0.645 0.925 0.63 0.925 0.63 0.9400000000000001 0.645 0.9400000000000001 0.645 0.925
5 0.6174999999999999 0.8162499999999999 0.6 0.8162499999999999 0.6 0.8262499999999999 0.6174999999999999 0.8262499999999999 0.6174999999999999 0.8162499999999999
5 0.6075 0.8387499999999999 0.5900000000000001 0.8387499999999999 0.5900000000000001 0.8462500000000001 0.6075 0.8462500000000001 0.6075 0.8387499999999999
5 0.9087500000000001 0.97625 0.89625 0.97625 0.89625 0.99125 0.9087500000000001 0.99125 0.9087500000000001 0.97625
5 0.6325000000000001 0.94375 0.62 0.94375 0.62 0.95875 0.6325000000000001 0.95875 0.6325000000000001 0.94375
5 0.5475 0.88125 0.5375 0.88125 0.5375 0.89625 0.5475 0.89625 0.5475 0.88125
5 0.6224999999999999 0.81125 0.6075 0.81125 0.6075 0.81875 0.6224999999999999 0.81875 0.6224999999999999 0.81125
5 0.5275000000000001 0.9112500000000001 0.5175 0.9112500000000001 0.5175 0.9262499999999999 0.5275000000000001 0.9262499999999999 0.5275000000000001 0.9112500000000001
5 0.65625 0.905 0.64375 0.905 0.64375 0.9199999999999999 0.65625 0.9199999999999999 0.65625 0.905
5 0.6224999999999999 0.9637499999999999 0.61 0.9637499999999999 0.61 0.97625 0.6224999999999999 0.97625 0.6224999999999999 0.9637499999999999
5 0.51 0.94375 0.49749999999999994 0.94375 0.49749999999999994 0.95875 0.51 0.95875 0.51 0.94375
5 0.6 0.85375 0.5825 0.85375 0.5825 0.8612500000000001 0.6 0.8612500000000001 0.6 0.85375
5 0.585 0.8150000000000001 0.5725 0.8150000000000001 0.5725 0.8300000000000001 0.585 0.8300000000000001 0.585 0.8150000000000001