5 0.06625 0.76875 0.04625 0.76875 0.04625 0.78625 0.06625 0.78625 0.06625 0.76875
5 0.05500000000000001 0.7675 0.034999999999999996 0.7675 0.034999999999999996 0.7849999999999999 0.05500000000000001 0.7849999999999999 0.05500000000000001 0.7675
5 0.0475 0.76375 0.027500000000000004 0.76375 0.027500000000000004 0.78125 0.0475 0.78125 0.0475 0.76375
5 0.042499999999999996 0.7575000000000001 0.0225 0.7575000000000001 0.0225 0.7725 0.042499999999999996 0.7725 0.042499999999999996 0.7575000000000001
5 0.021249999999999998 0.75125 0.00375 0.75125 0.00375 0.76625 0.021249999999999998 0.76625 0.021249999999999998 0.75125
5 0.17124999999999999 0.84375 0.15625 0.84375 0.15625 0.85375 0.17124999999999999 0.85375 0.17124999999999999 0.84375
5 0.15375 0.8375 0.13625 0.8375 0.13625 0.8474999999999999 0.15375 0.8474999999999999 0.15375 0.8375
5 0.12875 0.8324999999999999 0.11625 0.8324999999999999 0.11625 0.8400000000000001 0.12875 0.8400000000000001 0.12875 0.8324999999999999
5 0.11625 0.9425000000000001 0.09875 0.9425000000000001 0.09875 0.9574999999999999 0.11625 0.9574999999999999 0.11625 0.9425000000000001
5 0.1625 0.9375 0.14750000000000002 0.9375 0.14750000000000002 0.96 0.1625 0.96 0.1625 0.9375
5 0.16625 0.9237500000000001 0.15625 0.9237500000000001 0.15625 0.93875 0.16625 0.93875 0.16625 0.9237500000000001
5 0.7474999999999999 0.0375 0.73 0.0375 0.73 0.0475 0.7474999999999999 0.0475 0.7474999999999999 0.0375
5 0.915 0.51125 0.905 0.51125 0.905 0.5287499999999999 0.915 0.5287499999999999 0.915 0.51125
5 0.335 0.1575 0.325 0.1575 0.325 0.16499999999999998 0.335 0.16499999999999998 0.335 0.1575
5 0.67625 0.0225 0.66125 0.0225 0.66125 0.03 0.67625 0.03 0.67625 0.0225
5 0.9275 0.5912499999999999 0.9175000000000001 0.5912499999999999 0.9175000000000001 0.60875 0.9275 0.60875 0.9275 0.5912499999999999