5 0.095 0.32 0.0725 0.32 0.0725 0.3325 0.095 0.3325 0.095 0.32
5 0.017499999999999998 0.275 0.0075 0.275 0.0075 0.29 0.017499999999999998 0.29 0.017499999999999998 0.275
5 0.08625000000000001 0.38625 0.06875 0.38625 0.06875 0.40875000000000006 0.08625000000000001 0.40875000000000006 0.08625000000000001 0.38625
5 0.45375 0.02375 0.44125 0.02375 0.44125 0.041249999999999995 0.45375 0.041249999999999995 0.45375 0.02375
5 0.545 0.21625 0.5325 0.21625 0.5325 0.22875 0.545 0.22875 0.545 0.21625
5 0.18375 0.61 0.17625 0.61 0.17625 0.6275000000000001 0.18375 0.6275000000000001 0.18375 0.61
5 0.65125 0.47874999999999995 0.63875 0.47874999999999995 0.63875 0.49625 0.65125 0.49625 0.65125 0.47874999999999995
5 0.885 0.5 0.875 0.5 0.875 0.515 0.885 0.515 0.885 0.5
5 0.9724999999999999 0.8637499999999999 0.9550000000000001 0.8637499999999999 0.9550000000000001 0.87625 0.9724999999999999 0.87625 0.9724999999999999 0.8637499999999999
5 0.425 0.8825 0.4175 0.8825 0.4175 0.8975 0.425 0.8975 0.425 0.8825
5 0.11125 0.31875 0.08625000000000001 0.31875 0.08625000000000001 0.33125 0.11125 0.33125 0.11125 0.31875
5 0.55125 0.73625 0.5337500000000001 0.73625 0.5337500000000001 0.74375 0.55125 0.74375 0.55125 0.73625
5 0.8237500000000001 0.01625 0.80375 0.01625 0.80375 0.03125 0.8237500000000001 0.03125 0.8237500000000001 0.01625
5 0.63625 0.4175 0.6212500000000001 0.4175 0.6212500000000001 0.44000000000000006 0.63625 0.44000000000000006 0.63625 0.4175
5 0 0.78 0.0325 0.78 0.0325 0.7675 0 0.7675 0 0.78
5 0.6575 0.465 0.645 0.465 0.645 0.48250000000000004 0.6575 0.48250000000000004 0.6575 0.465
5 0.8025 0.6425 0.7849999999999999 0.6425 0.7849999999999999 0.6575 0.8025 0.6575 0.8025 0.6425
5 0.6075 0.78625 0.5900000000000001 0.78625 0.5900000000000001 0.79875 0.6075 0.79875 0.6075 0.78625
5 0.9737500000000001 0.34500000000000003 0.96125 0.34500000000000003 0.96125 0.3625 0.9737500000000001 0.3625 0.9737500000000001 0.34500000000000003
5 0.4725 0.05375 0.46749999999999997 0.05375 0.46749999999999997 0.07625 0.4725 0.07625 0.4725 0.05375
5 0.8775000000000001 0.40374999999999994 0.86 0.40374999999999994 0.86 0.42125 0.8775000000000001 0.42125 0.8775000000000001 0.40374999999999994
5 0.51375 0.9800000000000001 0.50125 0.9800000000000001 0.50125 0.9974999999999999 0.51375 0.9974999999999999 0.51375 0.9800000000000001
5 0.76375 0.58375 0.75125 0.58375 0.75125 0.59875 0.76375 0.59875 0.76375 0.58375
5 0.60625 0.9087500000000001 0.5862499999999999 0.9087500000000001 0.5862499999999999 0.9262499999999999 0.60625 0.9262499999999999 0.60625 0.9087500000000001
5 0.4175 0.89875 0.40750000000000003 0.89875 0.40750000000000003 0.91625 0.4175 0.91625 0.4175 0.89875
5 0.5025000000000001 0.12875 0.48250000000000004 0.12875 0.48250000000000004 0.15625 0.5025000000000001 0.15625 0.5025000000000001 0.12875
5 0.62 0.38 0.605 0.38 0.605 0.4 0.62 0.4 0.62 0.38
5 0.44625000000000004 0.88125 0.43375 0.88125 0.43375 0.89875 0.44625000000000004 0.89875 0.44625000000000004 0.88125
5 0.7275 0.805 0.7075 0.805 0.7075 0.8225 0.7275 0.8225 0.7275 0.805
5 0.6775 0.4875 0.655 0.4875 0.655 0.5125 0.6775 0.5125 0.6775 0.4875
5 0.485 0.97625 0.46749999999999997 0.97625 0.46749999999999997 0.99375 0.485 0.99375 0.485 0.97625
5 0.6025 0.70875 0.5650000000000001 0.70875 0.5650000000000001 0.74875 0.6025 0.74875 0.6025 0.70875
5 0.63 0.8775000000000001 0.6075 0.8775000000000001 0.6075 0.9025000000000001 0.63 0.9025000000000001 0.63 0.8775000000000001
5 0.68125 0.8625 0.66875 0.8625 0.66875 0.8800000000000001 0.68125 0.8800000000000001 0.68125 0.8625
5 0.48375 0.10500000000000001 0.47375 0.10500000000000001 0.47375 0.1275 0.48375 0.1275 0.48375 0.10500000000000001
5 0.56125 0.7737499999999999 0.54375 0.7737499999999999 0.54375 0.79125 0.56125 0.79125 0.56125 0.7737499999999999
5 0.5349999999999999 0.21749999999999997 0.5175 0.21749999999999997 0.5175 0.2375 0.5349999999999999 0.2375 0.5349999999999999 0.21749999999999997
5 0.8400000000000001 0.35625 0.8150000000000001 0.35625 0.8150000000000001 0.37875000000000003 0.8400000000000001 0.37875000000000003 0.8400000000000001 0.35625
5 0.39875 0.9 0.38875000000000004 0.9 0.38875000000000004 0.9125 0.39875 0.9125 0.39875 0.9
5 0.6825 0.5675 0.6625 0.5675 0.6625 0.5875 0.6825 0.5875 0.6825 0.5675
5 0.9375 0.40875000000000006 0.9225 0.40875000000000006 0.9225 0.42374999999999996 0.9375 0.42374999999999996 0.9375 0.40875000000000006
5 0.49124999999999996 0.8800000000000001 0.47375 0.8800000000000001 0.47375 0.8975 0.49124999999999996 0.8975 0.49124999999999996 0.8800000000000001
5 0.8425 0.5775 0.8275 0.5775 0.8275 0.6 0.8425 0.6 0.8425 0.5775
5 0.7462500000000001 0.665 0.72875 0.665 0.72875 0.6825 0.7462500000000001 0.6825 0.7462500000000001 0.665
5 0.40625 0.9 0.39875 0.9 0.39875 0.9175000000000001 0.40625 0.9175000000000001 0.40625 0.9
5 0.5237499999999999 0.8949999999999999 0.5037499999999999 0.8949999999999999 0.5037499999999999 0.9125 0.5237499999999999 0.9125 0.5237499999999999 0.8949999999999999
5 0.6075 0.35875 0.5925 0.35875 0.5925 0.37625000000000003 0.6075 0.37625000000000003 0.6075 0.35875
5 0.61375 0.9375 0.6012500000000001 0.9375 0.6012500000000001 0.9525 0.61375 0.9525 0.61375 0.9375
5 0 0.76875 0.042499999999999996 0.76875 0.042499999999999996 0.75875 0 0.75875 0 0.76875