5 0.13625 0.21000000000000002 0.11125 0.21000000000000002 0.11125 0.22000000000000003 0.13625 0.22000000000000003 0.13625 0.21000000000000002
5 0 0.5662499999999999 0.0125 0.5662499999999999 0.0125 0.53625 0 0.53625 0 0.5662499999999999
5 0.058750000000000004 0.2525 0.028749999999999998 0.2525 0.028749999999999998 0.2625 0.058750000000000004 0.2625 0.058750000000000004 0.2525
5 0 0.71875 0.01625 0.71875 0.01625 0.69875 0 0.69875 0 0.71875
5 0 0.25125000000000003 0.005 0.25125000000000003 0.005 0.23374999999999999 0 0.23374999999999999 0 0.25125000000000003
5 0.04 0.37625000000000003 0.02 0.37625000000000003 0.02 0.37875000000000003 0.04 0.37875000000000003 0.04 0.37625000000000003
5 0.22749999999999998 0.4025 0.21000000000000002 0.4025 0.21000000000000002 0.4175 0.22749999999999998 0.4175 0.22749999999999998 0.4025
5 0.0375 0.18875 0.025 0.18875 0.025 0.20875 0.0375 0.20875 0.0375 0.18875
5 0.23374999999999999 0.385 0.21875 0.385 0.21875 0.3975 0.23374999999999999 0.3975 0.23374999999999999 0.385
5 0.2975 0.905 0.27749999999999997 0.905 0.27749999999999997 0.9324999999999999 0.2975 0.9324999999999999 0.2975 0.905
5 0.04625 0.365 0.026250000000000002 0.365 0.026250000000000002 0.3775 0.04625 0.3775 0.04625 0.365
5 0.058750000000000004 0.64375 0.04375 0.64375 0.04375 0.6587500000000001 0.058750000000000004 0.6587500000000001 0.058750000000000004 0.64375
5 0 0.21375000000000002 0.0075 0.21375000000000002 0.0075 0.19375 0 0.19375 0 0.21375000000000002
5 0.05625 0.34750000000000003 0.03375 0.34750000000000003 0.03375 0.36 0.05625 0.36 0.05625 0.34750000000000003
5 0.065 0.28125 0.05 0.28125 0.05 0.30125 0.065 0.30125 0.065 0.28125
5 0.025 0.39125 0.005 0.39125 0.005 0.40374999999999994 0.025 0.40374999999999994 0.025 0.39125
5 0.10874999999999999 0.57625 0.08625000000000001 0.57625 0.08625000000000001 0.59375 0.10874999999999999 0.59375 0.10874999999999999 0.57625
5 0.0325 0.6825 0.017499999999999998 0.6825 0.017499999999999998 0.7 0.0325 0.7 0.0325 0.6825
5 0.0325 0.3875 0.0125 0.3875 0.0125 0.3975 0.0325 0.3975 0.0325 0.3875
5 0.3725 0.9237500000000001 0.355 0.9237500000000001 0.355 0.93625 0.3725 0.93625 0.3725 0.9237500000000001
5 0.025 0.195 0.015 0.195 0.015 0.20750000000000002 0.025 0.20750000000000002 0.025 0.195
5 0.0475 0.23625 0.0375 0.23625 0.0375 0.25125000000000003 0.0475 0.25125000000000003 0.0475 0.23625
5 0.19875 0.43499999999999994 0.18375 0.43499999999999994 0.18375 0.4525 0.19875 0.4525 0.19875 0.43499999999999994
5 0.1 0.27125 0.09 0.27125 0.09 0.28875 0.1 0.28875 0.1 0.27125
5 0.1075 0.26625 0.095 0.26625 0.095 0.28125 0.1075 0.28125 0.1075 0.26625
5 0.25875 0.34875 0.24625 0.34875 0.24625 0.36124999999999996 0.25875 0.36124999999999996 0.25875 0.34875
5 0.042499999999999996 0.28375 0.034999999999999996 0.28375 0.034999999999999996 0.29874999999999996 0.042499999999999996 0.29874999999999996 0.042499999999999996 0.28375
5 0.05375 0.19 0.04625 0.19 0.04625 0.205 0.05375 0.205 0.05375 0.19
5 0.026250000000000002 0.23500000000000001 0.01625 0.23500000000000001 0.01625 0.255 0.026250000000000002 0.255 0.026250000000000002 0.23500000000000001
5 0.05625 0.23125 0.04875 0.23125 0.04875 0.25375000000000003 0.05625 0.25375000000000003 0.05625 0.23125
5 0.09875 0.28375 0.08375 0.28375 0.08375 0.29874999999999996 0.09875 0.29874999999999996 0.09875 0.28375
5 0.0725 0.28500000000000003 0.065 0.28500000000000003 0.065 0.3 0.0725 0.3 0.0725 0.28500000000000003
5 0.30874999999999997 0.26749999999999996 0.29874999999999996 0.26749999999999996 0.29874999999999996 0.28250000000000003 0.30874999999999997 0.28250000000000003 0.30874999999999997 0.26749999999999996
5 0.065 0.19125 0.052500000000000005 0.19125 0.052500000000000005 0.20625 0.065 0.20625 0.065 0.19125
5 0.052500000000000005 0.35750000000000004 0.0325 0.35750000000000004 0.0325 0.3675 0.052500000000000005 0.3675 0.052500000000000005 0.35750000000000004
5 0.01625 0.19125 0.01125 0.19125 0.01125 0.20875 0.01625 0.20875 0.01625 0.19125
5 0.04625 0.19125 0.03375 0.19125 0.03375 0.20875 0.04625 0.20875 0.04625 0.19125
5 0 0.29625 0.00625 0.29625 0.00625 0.27875 0 0.27875 0 0.29625
5 0.18125 0.86625 0.17124999999999999 0.86625 0.17124999999999999 0.88375 0.18125 0.88375 0.18125 0.86625
5 0 0.25875 0.015 0.25875 0.015 0.25125000000000003 0 0.25125000000000003 0 0.25875
5 0.21625 0.86 0.20625 0.86 0.20625 0.875 0.21625 0.875 0.21625 0.86
5 0.01625 0.23625 0.00625 0.23625 0.00625 0.25375000000000003 0.01625 0.25375000000000003 0.01625 0.23625
5 0.14375 0.35125 0.12875 0.35125 0.12875 0.37625000000000003 0.14375 0.37625000000000003 0.14375 0.35125
5 0 0.67 0.01 0.67 0.01 0.6475 0 0.6475 0 0.67
5 0.22999999999999998 0.8612500000000001 0.21749999999999997 0.8612500000000001 0.21749999999999997 0.88125 0.22999999999999998 0.88125 0.22999999999999998 0.8612500000000001
5 0.015 0.27999999999999997 0.0025 0.27999999999999997 0.0025 0.2975 0.015 0.2975 0.015 0.27999999999999997
5 0.05625 0.27875 0.04375 0.27875 0.04375 0.29874999999999996 0.05625 0.29874999999999996 0.05625 0.27875
5 0.28375 0.315 0.26875 0.315 0.26875 0.3275 0.28375 0.3275 0.28375 0.315
5 0.03875 0.23374999999999999 0.026250000000000002 0.23374999999999999 0.026250000000000002 0.25125000000000003 0.03875 0.25125000000000003 0.03875 0.23374999999999999
5 0.026250000000000002 0.28375 0.01625 0.28375 0.01625 0.29874999999999996 0.026250000000000002 0.29874999999999996 0.026250000000000002 0.28375
5 0.03625 0.37875000000000003 0.013750000000000002 0.37875000000000003 0.013750000000000002 0.39375 0.03625 0.39375 0.03625 0.37875000000000003
5 0.06625 0.20750000000000002 0.03375 0.20750000000000002 0.03375 0.2225 0.06625 0.2225 0.06625 0.20750000000000002
5 0.21875 0.42125 0.19624999999999998 0.42125 0.19624999999999998 0.43624999999999997 0.21875 0.43624999999999997 0.21875 0.42125
5 0.1575 0.8699999999999999 0.145 0.8699999999999999 0.145 0.8825 0.1575 0.8825 0.1575 0.8699999999999999