5 0.0325 0.37625000000000003 0.017499999999999998 0.37625000000000003 0.017499999999999998 0.39625 0.0325 0.39625 0.0325 0.37625000000000003
5 0.11000000000000001 0.57125 0.0875 0.57125 0.0875 0.61375 0.11000000000000001 0.61375 0.11000000000000001 0.57125
5 0.07375000000000001 0.55 0.06625 0.55 0.06625 0.5700000000000001 0.07375000000000001 0.5700000000000001 0.07375000000000001 0.55
5 0.16125 0.8412499999999999 0.15125 0.8412499999999999 0.15125 0.85625 0.16125 0.85625 0.16125 0.8412499999999999
5 0.1675 0.9087500000000001 0.1575 0.9087500000000001 0.1575 0.9262499999999999 0.1675 0.9262499999999999 0.1675 0.9087500000000001
5 0.057499999999999996 0.60875 0.0475 0.60875 0.0475 0.6287499999999999 0.057499999999999996 0.6287499999999999 0.057499999999999996 0.60875
5 0.06625 0.45499999999999996 0.05375 0.45499999999999996 0.05375 0.475 0.06625 0.475 0.06625 0.45499999999999996
5 0.12125 0.865 0.11125 0.865 0.11125 0.8825 0.12125 0.8825 0.12125 0.865
5 0.13374999999999998 0.765 0.11875 0.765 0.11875 0.7875 0.13374999999999998 0.7875 0.13374999999999998 0.765
5 0.0625 0.49375 0.05 0.49375 0.05 0.51625 0.0625 0.51625 0.0625 0.49375
5 0.05500000000000001 0.45999999999999996 0.04 0.45999999999999996 0.04 0.47750000000000004 0.05500000000000001 0.47750000000000004 0.05500000000000001 0.45999999999999996
5 0.0925 0.79625 0.08499999999999999 0.79625 0.08499999999999999 0.81125 0.0925 0.81125 0.0925 0.79625
5 0.13874999999999998 0.7462500000000001 0.12875 0.7462500000000001 0.12875 0.76375 0.13874999999999998 0.76375 0.13874999999999998 0.7462500000000001
5 0.11875 0.6575 0.10375000000000001 0.6575 0.10375000000000001 0.6775 0.11875 0.6775 0.11875 0.6575
5 0.09 0.72875 0.0775 0.72875 0.0775 0.74375 0.09 0.74375 0.09 0.72875
5 0.14375 0.9512499999999999 0.13374999999999998 0.9512499999999999 0.13374999999999998 0.96875 0.14375 0.96875 0.14375 0.9512499999999999
5 0.15 0.8300000000000001 0.13999999999999999 0.8300000000000001 0.13999999999999999 0.845 0.15 0.845 0.15 0.8300000000000001
5 0.0975 0.7125 0.0875 0.7125 0.0875 0.7375 0.0975 0.7375 0.0975 0.7125
5 0.02375 0.3275 0.01625 0.3275 0.01625 0.34500000000000003 0.02375 0.34500000000000003 0.02375 0.3275