5 0.20375000000000001 0.7837500000000001 0.19624999999999998 0.7837500000000001 0.19624999999999998 0.8012499999999999 0.20375000000000001 0.8012499999999999 0.20375000000000001 0.7837500000000001
5 0.1325 0.0475 0.12 0.0475 0.12 0.06 0.1325 0.06 0.1325 0.0475
5 0.11125 0.09125 0.09875 0.09125 0.09875 0.10625 0.11125 0.10625 0.11125 0.09125
5 0.18375 0.11875 0.17124999999999999 0.11875 0.17124999999999999 0.13125 0.18375 0.13125 0.18375 0.11875
5 0.095 0.08625000000000001 0.0875 0.08625000000000001 0.0875 0.09875 0.095 0.09875 0.095 0.08625000000000001
5 0.08125 0.0775 0.07375000000000001 0.0775 0.07375000000000001 0.095 0.08125 0.095 0.08125 0.0775
5 0.22875 0.135 0.22125 0.135 0.22125 0.14750000000000002 0.22875 0.14750000000000002 0.22875 0.135
5 0.1775 0.30125 0.1525 0.30125 0.1525 0.33875 0.1775 0.33875 0.1775 0.30125
5 0.0775 0.315 0.06 0.315 0.06 0.35750000000000004 0.0775 0.35750000000000004 0.0775 0.315
5 0.11125 0.31 0.09125 0.31 0.09125 0.34750000000000003 0.11125 0.34750000000000003 0.11125 0.31
5 0.12125 0.905 0.10375000000000001 0.905 0.10375000000000001 0.9275 0.12125 0.9275 0.12125 0.905
5 0.21875 0.12875 0.20625 0.12875 0.20625 0.15125 0.21875 0.15125 0.21875 0.12875
5 0.125 0.30874999999999997 0.1125 0.30874999999999997 0.1125 0.34875 0.125 0.34875 0.125 0.30874999999999997
5 0.09375 0.315 0.08125 0.315 0.08125 0.34750000000000003 0.09375 0.34750000000000003 0.09375 0.315
5 0.2525 0.1375 0.2375 0.1375 0.2375 0.16499999999999998 0.2525 0.16499999999999998 0.2525 0.1375
5 0.13874999999999998 0.29874999999999996 0.12875 0.29874999999999996 0.12875 0.34125 0.13874999999999998 0.34125 0.13874999999999998 0.29874999999999996
5 0.24874999999999997 0.095 0.22875 0.095 0.22875 0.11000000000000001 0.24874999999999997 0.11000000000000001 0.24874999999999997 0.095
5 0.1575 0.3025 0.13999999999999999 0.3025 0.13999999999999999 0.34500000000000003 0.1575 0.34500000000000003 0.1575 0.3025