5 0.5625 0 0.5625 0.01 0.58 0.01 0.58 0 0.5625 0
5 0.6 0.06375 0.585 0.06375 0.585 0.07875 0.6 0.07875 0.6 0.06375
5 0.62 0.12625 0.605 0.12625 0.605 0.14125000000000001 0.62 0.14125000000000001 0.62 0.12625
5 0.58 0 0.58 0.01125 0.5974999999999999 0.01125 0.5974999999999999 0 0.58 0
5 0.62625 0.04625 0.60875 0.04625 0.60875 0.06375 0.62625 0.06375 0.62625 0.04625
5 0.69875 0.25125000000000003 0.6912499999999999 0.25125000000000003 0.6912499999999999 0.26625 0.69875 0.26625 0.69875 0.25125000000000003
5 0.725 0.24500000000000002 0.705 0.24500000000000002 0.705 0.265 0.725 0.265 0.725 0.24500000000000002
5 0.9075 0.06999999999999999 0.8949999999999999 0.06999999999999999 0.8949999999999999 0.09 0.9075 0.09 0.9075 0.06999999999999999
5 0.91625 0.06875 0.90625 0.06875 0.90625 0.08875 0.91625 0.08875 0.91625 0.06875
5 0.9262499999999999 0.06875 0.91625 0.06875 0.91625 0.08625000000000001 0.9262499999999999 0.08625000000000001 0.9262499999999999 0.06875
5 0.925 0.03375 0.915 0.03375 0.915 0.05125 0.925 0.05125 0.925 0.03375
5 0.93875 0.034999999999999996 0.92875 0.034999999999999996 0.92875 0.05 0.93875 0.05 0.93875 0.034999999999999996
5 0.9637499999999999 0.07125000000000001 0.95375 0.07125000000000001 0.95375 0.08625000000000001 0.9637499999999999 0.08625000000000001 0.9637499999999999 0.07125000000000001
5 0.97625 0.0675 0.9637499999999999 0.0675 0.9637499999999999 0.08499999999999999 0.97625 0.08499999999999999 0.97625 0.0675
5 0.9412499999999999 0.635 0.9237500000000001 0.635 0.9237500000000001 0.6525000000000001 0.9412499999999999 0.6525000000000001 0.9412499999999999 0.635
5 0.9650000000000001 0.63875 0.9400000000000001 0.63875 0.9400000000000001 0.66125 0.9650000000000001 0.66125 0.9650000000000001 0.63875
5 0.97 0.6837500000000001 0.95 0.6837500000000001 0.95 0.70125 0.97 0.70125 0.97 0.6837500000000001
5 1 0.7474999999999999 0.9887499999999999 0.7474999999999999 0.9887499999999999 0.765 1 0.765 1 0.7474999999999999
5 0.13625 1 0.13625 0.98375 0.11875 0.98375 0.11875 1 0.13625 1
5 0.12250000000000001 0.97875 0.1025 0.97875 0.1025 0.9962500000000001 0.12250000000000001 0.9962500000000001 0.12250000000000001 0.97875
5 0.10625 0.97 0.09125 0.97 0.09125 0.985 0.10625 0.985 0.10625 0.97
5 0.09625 0.9650000000000001 0.08125 0.9650000000000001 0.08125 0.9824999999999999 0.09625 0.9824999999999999 0.09625 0.9650000000000001
5 0.08 0.9637499999999999 0.065 0.9637499999999999 0.065 0.97875 0.08 0.97875 0.08 0.9637499999999999
5 0.0675 0.9574999999999999 0.05500000000000001 0.9574999999999999 0.05500000000000001 0.975 0.0675 0.975 0.0675 0.9574999999999999
5 0.057499999999999996 0.9525 0.042499999999999996 0.9525 0.042499999999999996 0.9724999999999999 0.057499999999999996 0.9724999999999999 0.057499999999999996 0.9525
5 0.04375 0.95 0.03125 0.95 0.03125 0.9675 0.04375 0.9675 0.04375 0.95
5 0.84375 0.515 0.8262499999999999 0.515 0.8262499999999999 0.5349999999999999 0.84375 0.5349999999999999 0.84375 0.515