5 0.62 0.005 0.605 0.005 0.605 0.0225 0.62 0.0225 0.62 0.005
5 0.5900000000000001 0.78125 0.575 0.78125 0.575 0.79875 0.5900000000000001 0.79875 0.5900000000000001 0.78125
5 0.6012500000000001 0.7825 0.5862499999999999 0.7825 0.5862499999999999 0.8025 0.6012500000000001 0.8025 0.6012500000000001 0.7825
5 0.63 0.78125 0.615 0.78125 0.615 0.8012499999999999 0.63 0.8012499999999999 0.63 0.78125
5 0.4175 0.9800000000000001 0.4025 0.9800000000000001 0.4025 0.9949999999999999 0.4175 0.9949999999999999 0.4175 0.9800000000000001
5 0.42874999999999996 1 0.42874999999999996 0.9862500000000001 0.41375 0.9862500000000001 0.41375 1 0.42874999999999996 1
5 0.43125 0.91875 0.41624999999999995 0.91875 0.41624999999999995 0.9337500000000001 0.43125 0.9337500000000001 0.43125 0.91875
5 0.45625 0.8825 0.43875000000000003 0.8825 0.43875000000000003 0.9075 0.45625 0.9075 0.45625 0.8825
5 0.4525 0.8237500000000001 0.44000000000000006 0.8237500000000001 0.44000000000000006 0.8387499999999999 0.4525 0.8387499999999999 0.4525 0.8237500000000001
5 0.4525 0.8550000000000001 0.44000000000000006 0.8550000000000001 0.44000000000000006 0.8699999999999999 0.4525 0.8699999999999999 0.4525 0.8550000000000001
5 0.45999999999999996 0.75875 0.445 0.75875 0.445 0.7737499999999999 0.45999999999999996 0.7737499999999999 0.45999999999999996 0.75875
5 0.67 0.8012499999999999 0.6475 0.8012499999999999 0.6475 0.81125 0.67 0.81125 0.67 0.8012499999999999
5 0.24874999999999997 0.7212500000000001 0.23125 0.7212500000000001 0.23125 0.72875 0.24874999999999997 0.72875 0.24874999999999997 0.7212500000000001
5 0.1925 0.7275 0.1775 0.7275 0.1775 0.7474999999999999 0.1925 0.7474999999999999 0.1925 0.7275
5 0.2125 0.71875 0.1975 0.71875 0.1975 0.73625 0.2125 0.73625 0.2125 0.71875
5 0.20625 0.73875 0.19875 0.73875 0.19875 0.75125 0.20625 0.75125 0.20625 0.73875
5 0.21875 0.73875 0.20875 0.73875 0.20875 0.7537499999999999 0.21875 0.7537499999999999 0.21875 0.73875
5 0.6675 0.7 0.655 0.7 0.655 0.7150000000000001 0.6675 0.7150000000000001 0.6675 0.7
5 0.47750000000000004 0.615 0.465 0.615 0.465 0.6325000000000001 0.47750000000000004 0.6325000000000001 0.47750000000000004 0.615
5 0.52 0.4525 0.505 0.4525 0.505 0.4725 0.52 0.4725 0.52 0.4525
5 0.5287499999999999 0.5349999999999999 0.51375 0.5349999999999999 0.51375 0.5525 0.5287499999999999 0.5525 0.5287499999999999 0.5349999999999999
5 0.5025000000000001 0.6425 0.4875 0.6425 0.4875 0.6599999999999999 0.5025000000000001 0.6599999999999999 0.5025000000000001 0.6425
5 0.51625 0.495 0.5037499999999999 0.495 0.5037499999999999 0.515 0.51625 0.515 0.51625 0.495
5 0.5425 0.42625 0.525 0.42625 0.525 0.44875 0.5425 0.44875 0.5425 0.42625
5 0.5387500000000001 0.45375 0.52625 0.45375 0.52625 0.47125000000000006 0.5387500000000001 0.47125000000000006 0.5387500000000001 0.45375
5 0.42000000000000004 0.2425 0.395 0.2425 0.395 0.26749999999999996 0.42000000000000004 0.26749999999999996 0.42000000000000004 0.2425
5 0.42000000000000004 0.25875 0.41 0.25875 0.41 0.27375 0.42000000000000004 0.27375 0.42000000000000004 0.25875
5 0.43499999999999994 0.255 0.42000000000000004 0.255 0.42000000000000004 0.27749999999999997 0.43499999999999994 0.27749999999999997 0.43499999999999994 0.255
5 0.4425 0.2575 0.4325 0.2575 0.4325 0.275 0.4425 0.275 0.4425 0.2575
5 0.42125 0.2725 0.40625 0.2725 0.40625 0.29500000000000004 0.42125 0.29500000000000004 0.42125 0.2725
5 0.43375 0.27875 0.42374999999999996 0.27875 0.42374999999999996 0.29625 0.43375 0.29625 0.43375 0.27875
5 0.73 0.21125 0.6900000000000001 0.21125 0.6900000000000001 0.22875 0.73 0.22875 0.73 0.21125
5 0.7675 0.22125 0.7375 0.22125 0.7375 0.23374999999999999 0.7675 0.23374999999999999 0.7675 0.22125
5 0.67875 0.215 0.65125 0.215 0.65125 0.22749999999999998 0.67875 0.22749999999999998 0.67875 0.215
5 0.65125 0.21375000000000002 0.62375 0.21375000000000002 0.62375 0.22625 0.65125 0.22625 0.65125 0.21375000000000002
5 0.5287499999999999 0.2475 0.51625 0.2475 0.51625 0.265 0.5287499999999999 0.265 0.5287499999999999 0.2475
5 0.52625 0.26375000000000004 0.51125 0.26375000000000004 0.51125 0.27875 0.52625 0.27875 0.52625 0.26375000000000004
5 0.5237499999999999 0.28125 0.50875 0.28125 0.50875 0.29874999999999996 0.5237499999999999 0.29874999999999996 0.5237499999999999 0.28125
5 1 0.27125 0.9675 0.27125 0.9675 0.28375 1 0.28375 1 0.27125
5 0.60375 0.11750000000000001 0.58875 0.11750000000000001 0.58875 0.1325 0.60375 0.1325 0.60375 0.11750000000000001
5 0.5962500000000001 0.13625 0.58375 0.13625 0.58375 0.15125 0.5962500000000001 0.15125 0.5962500000000001 0.13625
5 0.5900000000000001 0.15125 0.5775 0.15125 0.5775 0.16625 0.5900000000000001 0.16625 0.5900000000000001 0.15125
5 0.46749999999999997 0.1975 0.44749999999999995 0.1975 0.44749999999999995 0.205 0.46749999999999997 0.205 0.46749999999999997 0.1975
5 0.4875 0.19875 0.46749999999999997 0.19875 0.46749999999999997 0.20625 0.4875 0.20625 0.4875 0.19875
5 0.58375 0.16999999999999998 0.56875 0.16999999999999998 0.56875 0.185 0.58375 0.185 0.58375 0.16999999999999998
5 0.6275000000000001 0.045 0.615 0.045 0.615 0.06 0.6275000000000001 0.06 0.6275000000000001 0.045
5 0.95875 0.37124999999999997 0.94375 0.37124999999999997 0.94375 0.38625 0.95875 0.38625 0.95875 0.37124999999999997
5 0.8324999999999999 0.10375000000000001 0.8125 0.10375000000000001 0.8125 0.11125 0.8324999999999999 0.11125 0.8324999999999999 0.10375000000000001
5 0.7787499999999999 0.13125 0.76375 0.13125 0.76375 0.13874999999999998 0.7787499999999999 0.13874999999999998 0.7787499999999999 0.13125
5 0.8175000000000001 0.16375 0.8 0.16375 0.8 0.16875 0.8175000000000001 0.16875 0.8175000000000001 0.16375
5 0.81125 0.18625 0.79625 0.18625 0.79625 0.19125 0.81125 0.19125 0.81125 0.18625
5 0.8087500000000001 0.20125 0.79125 0.20125 0.79125 0.20625 0.8087500000000001 0.20625 0.8087500000000001 0.20125
5 0.81875 0.155 0.8012499999999999 0.155 0.8012499999999999 0.1625 0.81875 0.1625 0.81875 0.155
5 0.82 0.14750000000000002 0.8 0.14750000000000002 0.8 0.155 0.82 0.155 0.82 0.14750000000000002
5 0.8237500000000001 0.12625 0.80625 0.12625 0.80625 0.13374999999999998 0.8237500000000001 0.13374999999999998 0.8237500000000001 0.12625
5 0.83125 0.08125 0.8162499999999999 0.08125 0.8162499999999999 0.08875 0.83125 0.08875 0.83125 0.08125
5 0.83125 0.07375000000000001 0.8162499999999999 0.07375000000000001 0.8162499999999999 0.07875 0.83125 0.07875 0.83125 0.07375000000000001
5 0.7837500000000001 0.10874999999999999 0.76625 0.10874999999999999 0.76625 0.11625 0.7837500000000001 0.11625 0.7837500000000001 0.10874999999999999
5 0.7925 0.06375 0.7775000000000001 0.06375 0.7775000000000001 0.07375000000000001 0.7925 0.07375000000000001 0.7925 0.06375
5 0.16375 0.28625 0.14125000000000001 0.28625 0.14125000000000001 0.29625 0.16375 0.29625 0.16375 0.28625
5 0.16499999999999998 0.305 0.145 0.305 0.145 0.3125 0.16499999999999998 0.3125 0.16499999999999998 0.305
5 0.04875 0.47874999999999995 0.03125 0.47874999999999995 0.03125 0.48875 0.04875 0.48875 0.04875 0.47874999999999995
5 0.1 0.4875 0.08 0.4875 0.08 0.4925 0.1 0.4925 0.1 0.4875
5 0.12625 0.48875 0.10124999999999999 0.48875 0.10124999999999999 0.49625 0.12625 0.49625 0.12625 0.48875
5 0.14750000000000002 0.49000000000000005 0.1275 0.49000000000000005 0.1275 0.5 0.14750000000000002 0.5 0.14750000000000002 0.49000000000000005
5 0.705 0.62625 0.6849999999999999 0.62625 0.6849999999999999 0.63625 0.705 0.63625 0.705 0.62625
5 0.51 0.55375 0.5 0.55375 0.5 0.5662499999999999 0.51 0.5662499999999999 0.51 0.55375
5 0.52 0.39 0.5075000000000001 0.39 0.5075000000000001 0.41 0.52 0.41 0.52 0.39