5 0.1625 0.66125 0.1375 0.66125 0.1375 0.67625 0.1625 0.67625 0.1625 0.66125
5 0.28125 0.8612500000000001 0.25375000000000003 0.8612500000000001 0.25375000000000003 0.87625 0.28125 0.87625 0.28125 0.8612500000000001
5 0.2925 0.81375 0.2725 0.81375 0.2725 0.8262499999999999 0.2925 0.8262499999999999 0.2925 0.81375
5 0.1825 0.67375 0.16499999999999998 0.67375 0.16499999999999998 0.69375 0.1825 0.69375 0.1825 0.67375
5 0.175 0.7025 0.15 0.7025 0.15 0.72 0.175 0.72 0.175 0.7025
5 0.1925 0.71375 0.16999999999999998 0.71375 0.16999999999999998 0.72875 0.1925 0.72875 0.1925 0.71375
5 0.3275 0.775 0.2975 0.775 0.2975 0.79 0.3275 0.79 0.3275 0.775
5 0.34875 0.7887500000000001 0.32375 0.7887500000000001 0.32375 0.8012499999999999 0.34875 0.8012499999999999 0.34875 0.7887500000000001
5 0.4175 0.8125 0.4025 0.8125 0.4025 0.8275 0.4175 0.8275 0.4175 0.8125
5 0.45499999999999996 0.8150000000000001 0.43499999999999994 0.8150000000000001 0.43499999999999994 0.8275 0.45499999999999996 0.8275 0.45499999999999996 0.8150000000000001
5 0.49375 0.8612500000000001 0.47125000000000006 0.8612500000000001 0.47125000000000006 0.87375 0.49375 0.87375 0.49375 0.8612500000000001
5 0.495 0.8787499999999999 0.475 0.8787499999999999 0.475 0.89125 0.495 0.89125 0.495 0.8787499999999999
5 0 0.5387500000000001 0.0325 0.5387500000000001 0.0325 0.5237499999999999 0 0.5237499999999999 0 0.5387500000000001
5 0.04625 0.545 0.01625 0.545 0.01625 0.5575 0.04625 0.5575 0.04625 0.545
5 0.58375 0.5025000000000001 0.56875 0.5025000000000001 0.56875 0.52 0.58375 0.52 0.58375 0.5025000000000001
5 0.6025 0.5 0.58 0.5 0.58 0.51 0.6025 0.51 0.6025 0.5
5 0.605 0.50875 0.585 0.50875 0.585 0.51875 0.605 0.51875 0.605 0.50875
5 0.5575 0.5275000000000001 0.5349999999999999 0.5275000000000001 0.5349999999999999 0.54 0.5575 0.54 0.5575 0.5275000000000001
5 0.6075 0.525 0.5900000000000001 0.525 0.5900000000000001 0.5375 0.6075 0.5375 0.6075 0.525
5 0.54 0.55 0.52 0.55 0.52 0.5599999999999999 0.54 0.5599999999999999 0.54 0.55
5 0.56875 0.56125 0.54625 0.56125 0.54625 0.57125 0.56875 0.57125 0.56875 0.56125
5 0.57125 0.5700000000000001 0.54875 0.5700000000000001 0.54875 0.58 0.57125 0.58 0.57125 0.5700000000000001
5 0.60875 0.56375 0.59375 0.56375 0.59375 0.58125 0.60875 0.58125 0.60875 0.56375
5 0.62625 0.5587500000000001 0.60375 0.5587500000000001 0.60375 0.5662499999999999 0.62625 0.5662499999999999 0.62625 0.5587500000000001
5 0.6275000000000001 0.5662499999999999 0.61 0.5662499999999999 0.61 0.57625 0.6275000000000001 0.57625 0.6275000000000001 0.5662499999999999
5 0.6325000000000001 0.57375 0.61 0.57375 0.61 0.58375 0.6325000000000001 0.58375 0.6325000000000001 0.57375
5 0.635 0.5825 0.615 0.5825 0.615 0.5925 0.635 0.5925 0.635 0.5825
5 0.63625 0.5912499999999999 0.61875 0.5912499999999999 0.61875 0.59875 0.63625 0.59875 0.63625 0.5912499999999999
5 0.64 0.5974999999999999 0.62 0.5974999999999999 0.62 0.6075 0.64 0.6075 0.64 0.5974999999999999
5 0.64625 0.605 0.6212500000000001 0.605 0.6212500000000001 0.6174999999999999 0.64625 0.6174999999999999 0.64625 0.605
5 0.6487499999999999 0.615 0.62625 0.615 0.62625 0.625 0.6487499999999999 0.625 0.6487499999999999 0.615
5 0.6537499999999999 0.63125 0.63375 0.63125 0.63375 0.64125 0.6537499999999999 0.64125 0.6537499999999999 0.63125
5 0.63125 0.6174999999999999 0.61375 0.6174999999999999 0.61375 0.635 0.63125 0.635 0.63125 0.6174999999999999
5 0.5875 0.61125 0.5675 0.61125 0.5675 0.61875 0.5875 0.61875 0.5875 0.61125
5 0.57875 0.5875 0.55625 0.5875 0.55625 0.6 0.57875 0.6 0.57875 0.5875
5 0.58125 0.6012500000000001 0.5587500000000001 0.6012500000000001 0.5587500000000001 0.61125 0.58125 0.61125 0.58125 0.6012500000000001
5 0.57625 0.6325000000000001 0.55625 0.6325000000000001 0.55625 0.6425 0.57625 0.6425 0.57625 0.6325000000000001
5 0.5775 0.64625 0.5599999999999999 0.64625 0.5599999999999999 0.6587500000000001 0.5775 0.6587500000000001 0.5775 0.64625
5 0.5587500000000001 0.5974999999999999 0.5387500000000001 0.5974999999999999 0.5387500000000001 0.61 0.5587500000000001 0.61 0.5587500000000001 0.5974999999999999
5 0.79 0.6287499999999999 0.77 0.6287499999999999 0.77 0.64375 0.79 0.64375 0.79 0.6287499999999999
5 0.76125 0.6475 0.74125 0.6475 0.74125 0.6575 0.76125 0.6575 0.76125 0.6475
5 0.7887500000000001 0.60375 0.77125 0.60375 0.77125 0.62375 0.7887500000000001 0.62375 0.7887500000000001 0.60375
5 0.8012499999999999 0.60375 0.78625 0.60375 0.78625 0.6212500000000001 0.8012499999999999 0.6212500000000001 0.8012499999999999 0.60375
5 0.54625 0.6799999999999999 0.52625 0.6799999999999999 0.52625 0.6950000000000001 0.54625 0.6950000000000001 0.54625 0.6799999999999999
5 0.9375 0.25 0.925 0.25 0.925 0.265 0.9375 0.265 0.9375 0.25
5 0.9475 0.24625 0.9349999999999999 0.24625 0.9349999999999999 0.26375000000000004 0.9475 0.26375000000000004 0.9475 0.24625
5 0.96 0.24500000000000002 0.9475 0.24500000000000002 0.9475 0.2625 0.96 0.2625 0.96 0.24500000000000002
5 0.97 0.24500000000000002 0.9574999999999999 0.24500000000000002 0.9574999999999999 0.26 0.97 0.26 0.97 0.24500000000000002
5 0.97875 0.24375 0.96875 0.24375 0.96875 0.25875 0.97875 0.25875 0.97875 0.24375
5 0.99 0.23875000000000002 0.9775 0.23875000000000002 0.9775 0.25375000000000003 0.99 0.25375000000000003 0.99 0.23875000000000002
5 0.99875 0.23875000000000002 0.9887499999999999 0.23875000000000002 0.9887499999999999 0.25375000000000003 0.99875 0.25375000000000003 0.99875 0.23875000000000002
5 0.91625 0.225 0.9037499999999999 0.225 0.9037499999999999 0.2425 0.91625 0.2425 0.91625 0.225
5 0.92875 0.22374999999999998 0.91375 0.22374999999999998 0.91375 0.24125000000000002 0.92875 0.24125000000000002 0.92875 0.22374999999999998
5 0.93625 0.22125 0.9237500000000001 0.22125 0.9237500000000001 0.23374999999999999 0.93625 0.23374999999999999 0.93625 0.22125
5 0.94625 0.21875 0.9337500000000001 0.21875 0.9337500000000001 0.23125 0.94625 0.23125 0.94625 0.21875
5 0.95625 0.215 0.94375 0.215 0.94375 0.2325 0.95625 0.2325 0.95625 0.215
5 0.9675 0.215 0.9550000000000001 0.215 0.9550000000000001 0.22999999999999998 0.9675 0.22999999999999998 0.9675 0.215
5 0.97625 0.21125 0.9637499999999999 0.21125 0.9637499999999999 0.22625 0.97625 0.22625 0.97625 0.21125
5 0.9887499999999999 0.21000000000000002 0.9737500000000001 0.21000000000000002 0.9737500000000001 0.225 0.9887499999999999 0.225 0.9887499999999999 0.21000000000000002
5 0.99875 0.21000000000000002 0.9887499999999999 0.21000000000000002 0.9887499999999999 0.225 0.99875 0.225 0.99875 0.21000000000000002
5 0.9012499999999999 0.23374999999999999 0.88125 0.23374999999999999 0.88125 0.24625 0.9012499999999999 0.24625 0.9012499999999999 0.23374999999999999
5 0.9075 0.25875 0.89 0.25875 0.89 0.26625 0.9075 0.26625 0.9075 0.25875
5 0.905 0.2475 0.885 0.2475 0.885 0.2575 0.905 0.2575 0.905 0.2475
5 0.9099999999999999 0.26749999999999996 0.8925000000000001 0.26749999999999996 0.8925000000000001 0.275 0.9099999999999999 0.275 0.9099999999999999 0.26749999999999996
5 0.9125 0.27625 0.8949999999999999 0.27625 0.8949999999999999 0.28625 0.9125 0.28625 0.9125 0.27625
5 0.91625 0.2875 0.89875 0.2875 0.89875 0.29500000000000004 0.91625 0.29500000000000004 0.91625 0.2875
5 0.91875 0.29375 0.9012499999999999 0.29375 0.9012499999999999 0.30375 0.91875 0.30375 0.91875 0.29375
5 0.9237500000000001 0.3 0.90625 0.3 0.90625 0.31 0.9237500000000001 0.31 0.9237500000000001 0.3
5 0.97625 0.32875 0.9637499999999999 0.32875 0.9637499999999999 0.34625 0.97625 0.34625 0.97625 0.32875
5 0.98375 0.3275 0.9737500000000001 0.3275 0.9737500000000001 0.34249999999999997 0.98375 0.34249999999999997 0.98375 0.3275
5 0.9949999999999999 0.3225 0.9824999999999999 0.3225 0.9824999999999999 0.3375 0.9949999999999999 0.3375 0.9949999999999999 0.3225
5 1 0.32 0.9925 0.32 0.9925 0.335 1 0.335 1 0.32
5 0.9275 0.3075 0.9099999999999999 0.3075 0.9099999999999999 0.315 0.9275 0.315 0.9275 0.3075
5 0.93125 0.31375000000000003 0.91375 0.31375000000000003 0.91375 0.32125 0.93125 0.32125 0.93125 0.31375000000000003
5 0.9337500000000001 0.3225 0.91625 0.3225 0.91625 0.3325 0.9337500000000001 0.3325 0.9337500000000001 0.3225
5 0.9487500000000001 0.35375 0.92875 0.35375 0.92875 0.36375 0.9487500000000001 0.36375 0.9487500000000001 0.35375
5 0.9425000000000001 0.34625 0.925 0.34625 0.925 0.35375 0.9425000000000001 0.35375 0.9425000000000001 0.34625
5 0.9512499999999999 0.28375 0.93875 0.28375 0.93875 0.29874999999999996 0.9512499999999999 0.29874999999999996 0.9512499999999999 0.28375
5 0.96125 0.27999999999999997 0.9487500000000001 0.27999999999999997 0.9487500000000001 0.2975 0.96125 0.2975 0.96125 0.27999999999999997
5 0.9737500000000001 0.27875 0.96125 0.27875 0.96125 0.29375 0.9737500000000001 0.29375 0.9737500000000001 0.27875
5 0.985 0.27875 0.9724999999999999 0.27875 0.9724999999999999 0.29375 0.985 0.29375 0.985 0.27875
5 0.99125 0.27749999999999997 0.98125 0.27749999999999997 0.98125 0.2925 0.99125 0.2925 0.99125 0.27749999999999997
5 1 0.275 0.99125 0.275 0.99125 0.2925 1 0.2925 1 0.275
5 0.9650000000000001 0.29874999999999996 0.9475 0.29874999999999996 0.9475 0.30625 0.9650000000000001 0.30625 0.9650000000000001 0.29874999999999996
5 0.98125 0.34625 0.9712500000000001 0.34625 0.9712500000000001 0.36124999999999996 0.98125 0.36124999999999996 0.98125 0.34625
5 0.99 0.34249999999999997 0.9800000000000001 0.34249999999999997 0.9800000000000001 0.355 0.99 0.355 0.99 0.34249999999999997
5 1 0.3375 0.9887499999999999 0.3375 0.9887499999999999 0.355 1 0.355 1 0.3375
5 0.8712500000000001 0.2425 0.85625 0.2425 0.85625 0.2575 0.8712500000000001 0.2575 0.8712500000000001 0.2425
5 0.8949999999999999 0.30375 0.8825 0.30375 0.8825 0.31625000000000003 0.8949999999999999 0.31625000000000003 0.8949999999999999 0.30375
5 0.8825 0.20625 0.8574999999999999 0.20625 0.8574999999999999 0.22125 0.8825 0.22125 0.8825 0.20625
5 0.81375 0.22125 0.7887500000000001 0.22125 0.7887500000000001 0.23125 0.81375 0.23125 0.81375 0.22125
5 0.7887500000000001 0.225 0.76875 0.225 0.76875 0.2325 0.7887500000000001 0.2325 0.7887500000000001 0.225
5 0 0.5025000000000001 0.01 0.5025000000000001 0.01 0.49000000000000005 0 0.49000000000000005 0 0.5025000000000001
5 0 0.41500000000000004 0.01125 0.41500000000000004 0.01125 0.40499999999999997 0 0.40499999999999997 0 0.41500000000000004
5 0.0475 0.395 0.027500000000000004 0.395 0.027500000000000004 0.4025 0.0475 0.4025 0.0475 0.395
5 0.065 0.38875000000000004 0.0475 0.38875000000000004 0.0475 0.39625 0.065 0.39625 0.065 0.38875000000000004
5 0.12 0.37374999999999997 0.0925 0.37374999999999997 0.0925 0.38625 0.12 0.38625 0.12 0.37374999999999997
5 0.155 0.3675 0.1325 0.3675 0.1325 0.3775 0.155 0.3775 0.155 0.3675
5 0.185 0.365 0.16499999999999998 0.365 0.16499999999999998 0.375 0.185 0.375 0.185 0.365
5 0.20875 0.36 0.18625 0.36 0.18625 0.3675 0.20875 0.3675 0.20875 0.36
5 0.27125 0.36375 0.25375000000000003 0.36375 0.25375000000000003 0.37374999999999997 0.27125 0.37374999999999997 0.27125 0.36375
5 0.17375000000000002 0.9225 0.15875 0.9225 0.15875 0.9400000000000001 0.17375000000000002 0.9400000000000001 0.17375000000000002 0.9225
5 0.15875 0.925 0.14875 0.925 0.14875 0.9400000000000001 0.15875 0.9400000000000001 0.15875 0.925
5 0.13625 0.9324999999999999 0.11374999999999999 0.9324999999999999 0.11374999999999999 0.9425000000000001 0.13625 0.9425000000000001 0.13625 0.9324999999999999
5 0.11625 0.94375 0.09625 0.94375 0.09625 0.95375 0.11625 0.95375 0.11625 0.94375
5 0.0925 0.9412499999999999 0.0725 0.9412499999999999 0.0725 0.9487500000000001 0.0925 0.9487500000000001 0.0925 0.9412499999999999
5 0.13874999999999998 0.9400000000000001 0.11875 0.9400000000000001 0.11875 0.95 0.13874999999999998 0.95 0.13874999999999998 0.9400000000000001
5 0.13874999999999998 0.9512499999999999 0.11625 0.9512499999999999 0.11625 0.95875 0.13874999999999998 0.95875 0.13874999999999998 0.9512499999999999
5 0.17625 0.93875 0.16375 0.93875 0.16375 0.95625 0.17625 0.95625 0.17625 0.93875
5 0.1825 0.92875 0.175 0.92875 0.175 0.93875 0.1825 0.93875 0.1825 0.92875
5 0.19125 0.94375 0.17625 0.94375 0.17625 0.95875 0.19125 0.95875 0.19125 0.94375
5 0.19624999999999998 0.925 0.18375 0.925 0.18375 0.9400000000000001 0.19624999999999998 0.9400000000000001 0.19624999999999998 0.925
5 0.27375 0.7162499999999999 0.25375000000000003 0.7162499999999999 0.25375000000000003 0.73375 0.27375 0.73375 0.27375 0.7162499999999999
5 0.2125 0.725 0.195 0.725 0.195 0.7325 0.2125 0.7325 0.2125 0.725
5 0.23125 0.735 0.21125 0.735 0.21125 0.745 0.23125 0.745 0.23125 0.735
5 0.2475 0.74 0.22999999999999998 0.74 0.22999999999999998 0.755 0.2475 0.755 0.2475 0.74
5 0.26625 0.75 0.24874999999999997 0.75 0.24874999999999997 0.7625 0.26625 0.7625 0.26625 0.75
5 0.28125 0.7575000000000001 0.26375000000000004 0.7575000000000001 0.26375000000000004 0.7725 0.28125 0.7725 0.28125 0.7575000000000001
5 0.29625 0.765 0.27875 0.765 0.27875 0.7775000000000001 0.29625 0.7775000000000001 0.29625 0.765
5 0.38125 0.70125 0.37374999999999997 0.70125 0.37374999999999997 0.71375 0.38125 0.71375 0.38125 0.70125
5 0.36375 0.705 0.35125 0.705 0.35125 0.7175 0.36375 0.7175 0.36375 0.705
5 0.375 0.7 0.36 0.7 0.36 0.7150000000000001 0.375 0.7150000000000001 0.375 0.7
5 0.4 0.70125 0.385 0.70125 0.385 0.7162499999999999 0.4 0.7162499999999999 0.4 0.70125
5 0.34125 0.725 0.32875 0.725 0.32875 0.745 0.34125 0.745 0.34125 0.725
5 0.35375 0.7262500000000001 0.34125 0.7262500000000001 0.34125 0.7462500000000001 0.35375 0.7462500000000001 0.35375 0.7262500000000001
5 0.36124999999999996 0.7262500000000001 0.35125 0.7262500000000001 0.35125 0.74375 0.36124999999999996 0.74375 0.36124999999999996 0.7262500000000001
5 0.42125 0.7025 0.40625 0.7025 0.40625 0.7175 0.42125 0.7175 0.42125 0.7025
5 0.50125 0.70125 0.47874999999999995 0.70125 0.47874999999999995 0.7112499999999999 0.50125 0.7112499999999999 0.50125 0.70125
5 0.5175 0.7262500000000001 0.505 0.7262500000000001 0.505 0.73375 0.5175 0.73375 0.5175 0.7262500000000001
5 0.7725 0.70125 0.76 0.70125 0.76 0.71375 0.7725 0.71375 0.7725 0.70125
5 0.6975 0.68125 0.6799999999999999 0.68125 0.6799999999999999 0.6912499999999999 0.6975 0.6912499999999999 0.6975 0.68125
5 0.71375 0.68875 0.70375 0.68875 0.70375 0.70125 0.71375 0.70125 0.71375 0.68875
5 0.7537499999999999 0.66875 0.73625 0.66875 0.73625 0.67875 0.7537499999999999 0.67875 0.7537499999999999 0.66875
5 0.7175 0.67875 0.7025 0.67875 0.7025 0.68625 0.7175 0.68625 0.7175 0.67875
5 0.5025000000000001 0.7375 0.49000000000000005 0.7375 0.49000000000000005 0.75 0.5025000000000001 0.75 0.5025000000000001 0.7375
5 0.7787499999999999 0.6599999999999999 0.75875 0.6599999999999999 0.75875 0.67 0.7787499999999999 0.67 0.7787499999999999 0.6599999999999999
5 0.6537499999999999 0.7275 0.64125 0.7275 0.64125 0.745 0.6537499999999999 0.745 0.6537499999999999 0.7275
5 0.6875 0.69375 0.675 0.69375 0.675 0.70875 0.6875 0.70875 0.6875 0.69375
5 0.8324999999999999 0.6950000000000001 0.8150000000000001 0.6950000000000001 0.8150000000000001 0.7025 0.8324999999999999 0.7025 0.8324999999999999 0.6950000000000001
5 0.83625 0.7025 0.81875 0.7025 0.81875 0.71 0.83625 0.71 0.83625 0.7025
5 0.84375 0.7162499999999999 0.8237500000000001 0.7162499999999999 0.8237500000000001 0.7262500000000001 0.84375 0.7262500000000001 0.84375 0.7162499999999999
5 0.8525 0.74 0.835 0.74 0.835 0.75 0.8525 0.75 0.8525 0.74
5 0.8099999999999999 0.6174999999999999 0.795 0.6174999999999999 0.795 0.63 0.8099999999999999 0.63 0.8099999999999999 0.6174999999999999
5 0.8574999999999999 0.6174999999999999 0.8400000000000001 0.6174999999999999 0.8400000000000001 0.6275000000000001 0.8574999999999999 0.6275000000000001 0.8574999999999999 0.6174999999999999
5 0.87625 0.64125 0.85875 0.64125 0.85875 0.6487499999999999 0.87625 0.6487499999999999 0.87625 0.64125
5 0.8787499999999999 0.6125 0.8612500000000001 0.6125 0.8612500000000001 0.62 0.8787499999999999 0.62 0.8787499999999999 0.6125
5 0.9 0.6375 0.8825 0.6375 0.8825 0.645 0.9 0.645 0.9 0.6375
5 0.8925000000000001 0.57625 0.8800000000000001 0.57625 0.8800000000000001 0.59375 0.8925000000000001 0.59375 0.8925000000000001 0.57625
5 0.88125 0.6775 0.8612500000000001 0.6775 0.8612500000000001 0.6849999999999999 0.88125 0.6849999999999999 0.88125 0.6775
5 0.9974999999999999 0.5325 0.9875 0.5325 0.9875 0.545 0.9974999999999999 0.545 0.9974999999999999 0.5325
5 0.7474999999999999 0.63375 0.7375 0.63375 0.7375 0.64625 0.7474999999999999 0.64625 0.7474999999999999 0.63375
5 0.9475 0.38 0.93 0.38 0.93 0.39 0.9475 0.39 0.9475 0.38
5 0.03375 0.0025 0.02375 0.0025 0.02375 0.015 0.03375 0.015 0.03375 0.0025
5 0.041249999999999995 0 0.041249999999999995 0.0125 0.05375 0.0125 0.05375 0 0.041249999999999995 0
5 0.6775 0.68625 0.655 0.68625 0.655 0.69625 0.6775 0.69625 0.6775 0.68625
5 0.5662499999999999 0.2125 0.54625 0.2125 0.54625 0.2225 0.5662499999999999 0.2225 0.5662499999999999 0.2125
5 0.5862499999999999 0.27125 0.56875 0.27125 0.56875 0.28125 0.5862499999999999 0.28125 0.5862499999999999 0.27125
5 0.5912499999999999 0.28375 0.57125 0.28375 0.57125 0.29125 0.5912499999999999 0.29125 0.5912499999999999 0.28375
5 0.5825 0.24500000000000002 0.5625 0.24500000000000002 0.5625 0.2525 0.5825 0.2525 0.5825 0.24500000000000002
5 0.39625 0.20750000000000002 0.38625 0.20750000000000002 0.38625 0.2225 0.39625 0.2225 0.39625 0.20750000000000002
5 0.6487499999999999 0.23125 0.6287499999999999 0.23125 0.6287499999999999 0.24375 0.6487499999999999 0.24375 0.6487499999999999 0.23125
5 0.7162499999999999 0.24 0.6912499999999999 0.24 0.6912499999999999 0.25 0.7162499999999999 0.25 0.7162499999999999 0.24