5 0.02 0.36625 0.0025 0.36625 0.0025 0.37625000000000003 0.02 0.37625000000000003 0.02 0.36625
5 0.05375 0.305 0.04625 0.305 0.04625 0.32 0.05375 0.32 0.05375 0.305
5 0.08499999999999999 0.39249999999999996 0.0625 0.39249999999999996 0.0625 0.4 0.08499999999999999 0.4 0.08499999999999999 0.39249999999999996
5 0.4225 0.525 0.40750000000000003 0.525 0.40750000000000003 0.54 0.4225 0.54 0.4225 0.525
5 0.09625 0.51 0.08125 0.51 0.08125 0.5175 0.09625 0.5175 0.09625 0.51
5 0.1275 0.68625 0.11000000000000001 0.68625 0.11000000000000001 0.69625 0.1275 0.69625 0.1275 0.68625
5 0.05500000000000001 0.5025000000000001 0.0375 0.5025000000000001 0.0375 0.51 0.05500000000000001 0.51 0.05500000000000001 0.5025000000000001
5 0.4725 0.58375 0.45999999999999996 0.58375 0.45999999999999996 0.59875 0.4725 0.59875 0.4725 0.58375
5 0.5037499999999999 0.645 0.48875 0.645 0.48875 0.665 0.5037499999999999 0.665 0.5037499999999999 0.645
5 0.5037499999999999 0.70875 0.48125 0.70875 0.48125 0.74875 0.5037499999999999 0.74875 0.5037499999999999 0.70875
5 0.48 0.77 0.465 0.77 0.465 0.7825 0.48 0.7825 0.48 0.77
5 0.20125 0.6950000000000001 0.18125 0.6950000000000001 0.18125 0.7025 0.20125 0.7025 0.20125 0.6950000000000001
5 0.15125 0.6900000000000001 0.13374999999999998 0.6900000000000001 0.13374999999999998 0.6975 0.15125 0.6975 0.15125 0.6900000000000001
5 0.1075 0.6837500000000001 0.0875 0.6837500000000001 0.0875 0.6912499999999999 0.1075 0.6912499999999999 0.1075 0.6837500000000001
5 0.03875 0.67875 0.01875 0.67875 0.01875 0.68625 0.03875 0.68625 0.03875 0.67875
5 0 0.6849999999999999 0.013750000000000002 0.6849999999999999 0.013750000000000002 0.6775 0 0.6775 0 0.6849999999999999
5 0.485 0.79375 0.47000000000000003 0.79375 0.47000000000000003 0.80625 0.485 0.80625 0.485 0.79375
5 0.48375 0.8150000000000001 0.47125000000000006 0.8150000000000001 0.47125000000000006 0.8324999999999999 0.48375 0.8324999999999999 0.48375 0.8150000000000001
5 0.475 0.835 0.4625 0.835 0.4625 0.85 0.475 0.85 0.475 0.835
5 0.46624999999999994 0.85375 0.45625 0.85375 0.45625 0.86625 0.46624999999999994 0.86625 0.46624999999999994 0.85375
5 0.42625 0.89625 0.41624999999999995 0.89625 0.41624999999999995 0.9087500000000001 0.42625 0.9087500000000001 0.42625 0.89625
5 0.67875 0.8012499999999999 0.6587500000000001 0.8012499999999999 0.6587500000000001 0.81375 0.67875 0.81375 0.67875 0.8012499999999999
5 0.69375 0.8400000000000001 0.67625 0.8400000000000001 0.67625 0.8550000000000001 0.69375 0.8550000000000001 0.69375 0.8400000000000001
5 0.6825 0.82875 0.665 0.82875 0.665 0.8412499999999999 0.6825 0.8412499999999999 0.6825 0.82875
5 0.64125 0.76125 0.62625 0.76125 0.62625 0.77625 0.64125 0.77625 0.64125 0.76125
5 0.61375 0.7474999999999999 0.59875 0.7474999999999999 0.59875 0.7625 0.61375 0.7625 0.61375 0.7474999999999999
5 0.23374999999999999 0.91375 0.21625 0.91375 0.21625 0.92125 0.23374999999999999 0.92125 0.23374999999999999 0.91375
5 0.21000000000000002 0.9087500000000001 0.19 0.9087500000000001 0.19 0.91875 0.21000000000000002 0.91875 0.21000000000000002 0.9087500000000001
5 0.18875 0.90625 0.16625 0.90625 0.16625 0.91375 0.18875 0.91375 0.18875 0.90625
5 0.16125 0.89875 0.14375 0.89875 0.14375 0.9037499999999999 0.16125 0.9037499999999999 0.16125 0.89875
5 0.095 0.885 0.0775 0.885 0.0775 0.8925000000000001 0.095 0.8925000000000001 0.095 0.885
5 0.07375000000000001 0.88125 0.058750000000000004 0.88125 0.058750000000000004 0.8887499999999999 0.07375000000000001 0.8887499999999999 0.07375000000000001 0.88125
5 0.03 0.87375 0.01 0.87375 0.01 0.8787499999999999 0.03 0.8787499999999999 0.03 0.87375
5 0.065 0.98375 0.05 0.98375 0.05 0.99125 0.065 0.99125 0.065 0.98375
5 0.08625000000000001 0.9862500000000001 0.06875 0.9862500000000001 0.06875 0.99375 0.08625000000000001 0.99375 0.08625000000000001 0.9862500000000001
5 0.10625 0.99125 0.09375 0.99125 0.09375 0.99875 0.10625 0.99875 0.10625 0.99125
5 0.595 0.5974999999999999 0.575 0.5974999999999999 0.575 0.6075 0.595 0.6075 0.595 0.5974999999999999
5 0.22999999999999998 0.30125 0.1875 0.30125 0.1875 0.34375 0.22999999999999998 0.34375 0.22999999999999998 0.30125
5 0.255 0.34249999999999997 0.23500000000000001 0.34249999999999997 0.23500000000000001 0.35750000000000004 0.255 0.35750000000000004 0.255 0.34249999999999997
5 0.25625 0.3675 0.24125000000000002 0.3675 0.24125000000000002 0.3825 0.25625 0.3825 0.25625 0.3675
5 0.205 0.08499999999999999 0.1875 0.08499999999999999 0.1875 0.0975 0.205 0.0975 0.205 0.08499999999999999
5 0.185 0.08875 0.1675 0.08875 0.1675 0.09875 0.185 0.09875 0.185 0.08875
5 0.1675 0.09 0.14750000000000002 0.09 0.14750000000000002 0.1 0.1675 0.1 0.1675 0.09
5 0.16999999999999998 0.0475 0.1525 0.0475 0.1525 0.057499999999999996 0.16999999999999998 0.057499999999999996 0.16999999999999998 0.0475
5 0.13625 0.05125 0.11625 0.05125 0.11625 0.061250000000000006 0.13625 0.061250000000000006 0.13625 0.05125
5 0.15125 0.061250000000000006 0.12625 0.061250000000000006 0.12625 0.06875 0.15125 0.06875 0.15125 0.061250000000000006
5 0.09125 0.061250000000000006 0.07125000000000001 0.061250000000000006 0.07125000000000001 0.07125000000000001 0.09125 0.07125000000000001 0.09125 0.061250000000000006
5 0.08875 0.05500000000000001 0.07375000000000001 0.05500000000000001 0.07375000000000001 0.06 0.08875 0.06 0.08875 0.05500000000000001
5 0.17375000000000002 0.10874999999999999 0.15125 0.10874999999999999 0.15125 0.11875 0.17375000000000002 0.11875 0.17375000000000002 0.10874999999999999