5 0.03125 0.6587500000000001 0.01125 0.6587500000000001 0.01125 0.66875 0.03125 0.66875 0.03125 0.6587500000000001
5 0.05500000000000001 0.665 0.0325 0.665 0.0325 0.6799999999999999 0.05500000000000001 0.6799999999999999 0.05500000000000001 0.665
5 0.12250000000000001 0.6900000000000001 0.1 0.6900000000000001 0.1 0.7025 0.12250000000000001 0.7025 0.12250000000000001 0.6900000000000001
5 0.44000000000000006 0.8099999999999999 0.41500000000000004 0.8099999999999999 0.41500000000000004 0.825 0.44000000000000006 0.825 0.44000000000000006 0.8099999999999999
5 0.48 0.8225 0.4425 0.8225 0.4425 0.8400000000000001 0.48 0.8400000000000001 0.48 0.8225
5 0.7112499999999999 0.76625 0.68875 0.76625 0.68875 0.7787499999999999 0.7112499999999999 0.7787499999999999 0.7112499999999999 0.76625
5 0.7212500000000001 0.7725 0.70125 0.7725 0.70125 0.7875 0.7212500000000001 0.7875 0.7212500000000001 0.7725
5 0.74375 0.74375 0.7212500000000001 0.74375 0.7212500000000001 0.75875 0.74375 0.75875 0.74375 0.74375
5 0.77125 0.73125 0.75125 0.73125 0.75125 0.75125 0.77125 0.75125 0.77125 0.73125
5 0.8225 0.7162499999999999 0.8 0.7162499999999999 0.8 0.73125 0.8225 0.73125 0.8225 0.7162499999999999
5 0.845 0.70625 0.8150000000000001 0.70625 0.8150000000000001 0.7212500000000001 0.845 0.7212500000000001 0.845 0.70625
5 0.4425 0.43125 0.425 0.43125 0.425 0.44125 0.4425 0.44125 0.4425 0.43125
5 0.755 0.38 0.735 0.38 0.735 0.39249999999999996 0.755 0.39249999999999996 0.755 0.38
5 0.81125 0.35125 0.79375 0.35125 0.79375 0.37124999999999997 0.81125 0.37124999999999997 0.81125 0.35125
5 0.83375 0.41125 0.82125 0.41125 0.82125 0.42374999999999996 0.83375 0.42374999999999996 0.83375 0.41125
5 0.79875 0.39875 0.78625 0.39875 0.78625 0.41375 0.79875 0.41375 0.79875 0.39875
5 0.8225 0.31375000000000003 0.805 0.31375000000000003 0.805 0.32375 0.8225 0.32375 0.8225 0.31375000000000003
5 0.77 0.2925 0.76 0.2925 0.76 0.305 0.77 0.305 0.77 0.2925
5 0.72375 0.25125000000000003 0.71375 0.25125000000000003 0.71375 0.26625 0.72375 0.26625 0.72375 0.25125000000000003
5 0.7125 0.18125 0.7 0.18125 0.7 0.19624999999999998 0.7125 0.19624999999999998 0.7125 0.18125
5 0.6950000000000001 0.19875 0.6825 0.19875 0.6825 0.21375000000000002 0.6950000000000001 0.21375000000000002 0.6950000000000001 0.19875
5 0.6675 0.14625 0.6525000000000001 0.14625 0.6525000000000001 0.16375 0.6675 0.16375 0.6675 0.14625
5 0.655 0.13 0.645 0.13 0.645 0.14250000000000002 0.655 0.14250000000000002 0.655 0.13
5 0.64625 0.11374999999999999 0.63375 0.11374999999999999 0.63375 0.12875 0.64625 0.12875 0.64625 0.11374999999999999
5 0.56875 0.00125 0.53625 0.00125 0.53625 0.021249999999999998 0.56875 0.021249999999999998 0.56875 0.00125
5 0.53125 0.01875 0.51125 0.01875 0.51125 0.028749999999999998 0.53125 0.028749999999999998 0.53125 0.01875
5 0.48875 0.027500000000000004 0.47125000000000006 0.027500000000000004 0.47125000000000006 0.0375 0.48875 0.0375 0.48875 0.027500000000000004
5 0.46375 0.0325 0.44125 0.0325 0.44125 0.04 0.46375 0.04 0.46375 0.0325
5 0.43499999999999994 0.034999999999999996 0.4125 0.034999999999999996 0.4125 0.045 0.43499999999999994 0.045 0.43499999999999994 0.034999999999999996
5 0.335 0.06625 0.3125 0.06625 0.3125 0.07625 0.335 0.07625 0.335 0.06625
5 0.23374999999999999 0.0775 0.21625 0.0775 0.21625 0.08499999999999999 0.23374999999999999 0.08499999999999999 0.23374999999999999 0.0775
5 0.12125 0.08875 0.09625 0.08875 0.09625 0.09625 0.12125 0.09625 0.12125 0.08875
5 0.052500000000000005 0.09125 0.025 0.09125 0.025 0.10375000000000001 0.052500000000000005 0.10375000000000001 0.052500000000000005 0.09125
5 0.265 0 0.265 0.01875 0.27749999999999997 0.01875 0.27749999999999997 0 0.265 0
5 0.09625 0.10500000000000001 0.07375000000000001 0.10500000000000001 0.07375000000000001 0.11499999999999999 0.09625 0.11499999999999999 0.09625 0.10500000000000001
5 0.26749999999999996 0.0375 0.2575 0.0375 0.2575 0.05500000000000001 0.26749999999999996 0.05500000000000001 0.26749999999999996 0.0375
5 0.17625 0.7025 0.14125000000000001 0.7025 0.14125000000000001 0.7224999999999999 0.17625 0.7224999999999999 0.17625 0.7025
5 0.39625 0.70375 0.38125 0.70375 0.38125 0.72875 0.39625 0.72875 0.39625 0.70375
5 0.5700000000000001 0.55125 0.5575 0.55125 0.5575 0.56875 0.5700000000000001 0.56875 0.5700000000000001 0.55125
5 0.4025 0.275 0.3825 0.275 0.3825 0.28500000000000003 0.4025 0.28500000000000003 0.4025 0.275
5 0.835 0.36875 0.8175000000000001 0.36875 0.8175000000000001 0.37625000000000003 0.835 0.37625000000000003 0.835 0.36875
5 0.85125 0.3075 0.83125 0.3075 0.83125 0.3175 0.85125 0.3175 0.85125 0.3075
5 0.7925 0.11499999999999999 0.7775000000000001 0.11499999999999999 0.7775000000000001 0.12250000000000001 0.7925 0.12250000000000001 0.7925 0.11499999999999999
5 0.85875 0.09875 0.8462500000000001 0.09875 0.8462500000000001 0.10625 0.85875 0.10625 0.85875 0.09875
5 0.8074999999999999 0.11125 0.795 0.11125 0.795 0.11875 0.8074999999999999 0.11875 0.8074999999999999 0.11125
5 0.7474999999999999 0.1275 0.73 0.1275 0.73 0.135 0.7474999999999999 0.135 0.7474999999999999 0.1275
5 0.77 0.12250000000000001 0.755 0.12250000000000001 0.755 0.13 0.77 0.13 0.77 0.12250000000000001
5 0.6224999999999999 0.075 0.6125 0.075 0.6125 0.09 0.6224999999999999 0.09 0.6224999999999999 0.075
5 0.65625 0.06875 0.63375 0.06875 0.63375 0.09125 0.65625 0.09125 0.65625 0.06875
5 0.83625 0.10500000000000001 0.81875 0.10500000000000001 0.81875 0.1125 0.83625 0.1125 0.83625 0.10500000000000001
5 0.9675 0.48 0.9525 0.48 0.9525 0.4875 0.9675 0.4875 0.9675 0.48
5 0.30625 0.8550000000000001 0.28625 0.8550000000000001 0.28625 0.865 0.30625 0.865 0.30625 0.8550000000000001
5 0.15625 0.7925 0.13874999999999998 0.7925 0.13874999999999998 0.8025 0.15625 0.8025 0.15625 0.7925
5 0.5862499999999999 0.83125 0.57375 0.83125 0.57375 0.84375 0.5862499999999999 0.84375 0.5862499999999999 0.83125
5 0.6174999999999999 0.81375 0.595 0.81375 0.595 0.83125 0.6174999999999999 0.83125 0.6174999999999999 0.81375
5 0.8262499999999999 0.95375 0.8087500000000001 0.95375 0.8087500000000001 0.9637499999999999 0.8262499999999999 0.9637499999999999 0.8262499999999999 0.95375
5 0.80375 0.9487500000000001 0.78625 0.9487500000000001 0.78625 0.95875 0.80375 0.95875 0.80375 0.9487500000000001
5 0.7575000000000001 0.32875 0.7474999999999999 0.32875 0.7474999999999999 0.33875 0.7575000000000001 0.33875 0.7575000000000001 0.32875
5 0.88375 0.43375 0.85625 0.43375 0.85625 0.44875 0.88375 0.44875 0.88375 0.43375
5 0.9087500000000001 0.44375 0.8862500000000001 0.44375 0.8862500000000001 0.45375 0.9087500000000001 0.45375 0.9087500000000001 0.44375