5 0.14125000000000001 0.32375 0.12375 0.32375 0.12375 0.33375 0.14125000000000001 0.33375 0.14125000000000001 0.32375
5 0.2725 0.32625000000000004 0.2525 0.32625000000000004 0.2525 0.33375 0.2725 0.33375 0.2725 0.32625000000000004
5 0.68875 0.2575 0.67625 0.2575 0.67625 0.26749999999999996 0.68875 0.26749999999999996 0.68875 0.2575
5 0.7125 0.265 0.6975 0.265 0.6975 0.27999999999999997 0.7125 0.27999999999999997 0.7125 0.265
5 0.725 0.305 0.7125 0.305 0.7125 0.3175 0.725 0.3175 0.725 0.305
5 0.73375 0.32999999999999996 0.7212500000000001 0.32999999999999996 0.7212500000000001 0.34750000000000003 0.73375 0.34750000000000003 0.73375 0.32999999999999996
5 0.7325 0.35 0.725 0.35 0.725 0.365 0.7325 0.365 0.7325 0.35
5 0.7474999999999999 0.4225 0.735 0.4225 0.735 0.44000000000000006 0.7474999999999999 0.44000000000000006 0.7474999999999999 0.4225
5 0.75125 0.4425 0.73875 0.4425 0.73875 0.45999999999999996 0.75125 0.45999999999999996 0.75125 0.4425
5 0.74375 0.3975 0.73125 0.3975 0.73125 0.4175 0.74375 0.4175 0.74375 0.3975
5 0.75625 0.47000000000000003 0.7462500000000001 0.47000000000000003 0.7462500000000001 0.49000000000000005 0.75625 0.49000000000000005 0.75625 0.47000000000000003
5 0.7625 0.505 0.7525000000000001 0.505 0.7525000000000001 0.5225 0.7625 0.5225 0.7625 0.505
5 0.765 0.5287499999999999 0.755 0.5287499999999999 0.755 0.55125 0.765 0.55125 0.765 0.5287499999999999
5 0.795 0 0.795 0.04375 0.8175000000000001 0.04375 0.8175000000000001 0 0.795 0
5 0.79875 0.0625 0.78625 0.0625 0.78625 0.08 0.79875 0.08 0.79875 0.0625
5 0.8237500000000001 0.17250000000000001 0.81125 0.17250000000000001 0.81125 0.185 0.8237500000000001 0.185 0.8237500000000001 0.17250000000000001
5 0.72 0.1675 0.7125 0.1675 0.7125 0.1825 0.72 0.1825 0.72 0.1675
5 0.735 0.23875000000000002 0.725 0.23875000000000002 0.725 0.25625 0.735 0.25625 0.735 0.23875000000000002
5 0.7325 0.2125 0.7224999999999999 0.2125 0.7224999999999999 0.22999999999999998 0.7325 0.22999999999999998 0.7325 0.2125
5 0.745 0.2875 0.7325 0.2875 0.7325 0.305 0.745 0.305 0.745 0.2875
5 0.675 0.2575 0.655 0.2575 0.655 0.27 0.675 0.27 0.675 0.2575
5 0.8787499999999999 0.44625000000000004 0.86875 0.44625000000000004 0.86875 0.46375 0.8787499999999999 0.46375 0.8787499999999999 0.44625000000000004
5 0.9349999999999999 0.60375 0.915 0.60375 0.915 0.64125 0.9349999999999999 0.64125 0.9349999999999999 0.60375
5 0.7837500000000001 0.64 0.76875 0.64 0.76875 0.6575 0.7837500000000001 0.6575 0.7837500000000001 0.64
5 0.7775000000000001 0.61875 0.7675 0.61875 0.7675 0.63625 0.7775000000000001 0.63625 0.7775000000000001 0.61875
5 0.8949999999999999 0.68875 0.8825 0.68875 0.8825 0.7112499999999999 0.8949999999999999 0.7112499999999999 0.8949999999999999 0.68875
5 0.88125 0.73125 0.8637499999999999 0.73125 0.8637499999999999 0.76375 0.88125 0.76375 0.88125 0.73125
5 0.79125 0.68125 0.78125 0.68125 0.78125 0.69875 0.79125 0.69875 0.79125 0.68125
5 0.8125 0.67625 0.8025 0.67625 0.8025 0.69625 0.8125 0.69625 0.8125 0.67625
5 0.7537499999999999 0.70625 0.73625 0.70625 0.73625 0.71375 0.7537499999999999 0.71375 0.7537499999999999 0.70625
5 0.9512499999999999 0.83125 0.93875 0.83125 0.93875 0.86625 0.9512499999999999 0.86625 0.9512499999999999 0.83125
5 0.96 0.82 0.95 0.82 0.95 0.8400000000000001 0.96 0.8400000000000001 0.96 0.82
5 0.5549999999999999 0.83125 0.545 0.83125 0.545 0.8462500000000001 0.5549999999999999 0.8462500000000001 0.5549999999999999 0.83125
5 0.5625 0.87375 0.5525 0.87375 0.5525 0.89125 0.5625 0.89125 0.5625 0.87375
5 0.48125 0.37374999999999997 0.46624999999999994 0.37374999999999997 0.46624999999999994 0.39625 0.48125 0.39625 0.48125 0.37374999999999997
5 0.48375 0.395 0.47125000000000006 0.395 0.47125000000000006 0.41 0.48375 0.41 0.48375 0.395
5 0.51 0.57625 0.5025000000000001 0.57625 0.5025000000000001 0.59375 0.51 0.59375 0.51 0.57625
5 0.51875 0.7162499999999999 0.50875 0.7162499999999999 0.50875 0.74125 0.51875 0.74125 0.51875 0.7162499999999999
5 0.46375 0.28500000000000003 0.45125000000000004 0.28500000000000003 0.45125000000000004 0.3025 0.46375 0.3025 0.46375 0.28500000000000003
5 0.57625 0.1375 0.56375 0.1375 0.56375 0.16499999999999998 0.57625 0.16499999999999998 0.57625 0.1375
5 0.5625 0.14375 0.55 0.14375 0.55 0.16375 0.5625 0.16375 0.5625 0.14375
5 0.55 0.145 0.5375 0.145 0.5375 0.16999999999999998 0.55 0.16999999999999998 0.55 0.145
5 0.8 0.16125 0.7875 0.16125 0.7875 0.18125 0.8 0.18125 0.8 0.16125
5 0.8237500000000001 0.0975 0.81125 0.0975 0.81125 0.11750000000000001 0.8237500000000001 0.11750000000000001 0.8237500000000001 0.0975
5 0.72 0.28500000000000003 0.71 0.28500000000000003 0.71 0.3025 0.72 0.3025 0.72 0.28500000000000003
5 0.83125 0.38 0.8087500000000001 0.38 0.8087500000000001 0.4225 0.83125 0.4225 0.83125 0.38
5 0.8474999999999999 0.40750000000000003 0.8375 0.40750000000000003 0.8375 0.425 0.8474999999999999 0.425 0.8474999999999999 0.40750000000000003
5 0.425 0.23374999999999999 0.4125 0.23374999999999999 0.4125 0.25875 0.425 0.25875 0.425 0.23374999999999999
5 0.39249999999999996 0.2875 0.3675 0.2875 0.3675 0.3 0.39249999999999996 0.3 0.39249999999999996 0.2875
5 0.4725 0.3225 0.4575 0.3225 0.4575 0.34249999999999997 0.4725 0.34249999999999997 0.4725 0.3225
5 0.46749999999999997 0.3025 0.4525 0.3025 0.4525 0.325 0.46749999999999997 0.325 0.46749999999999997 0.3025
5 0.43375 0.25625 0.41875 0.25625 0.41875 0.27625 0.43375 0.27625 0.43375 0.25625
5 0.75125 0.71375 0.72875 0.71375 0.72875 0.7262500000000001 0.75125 0.7262500000000001 0.75125 0.71375
5 0.39625 0.30874999999999997 0.37124999999999997 0.30874999999999997 0.37124999999999997 0.32125 0.39625 0.32125 0.39625 0.30874999999999997
5 0.35125 0.7849999999999999 0.32375 0.7849999999999999 0.32375 0.8025 0.35125 0.8025 0.35125 0.7849999999999999
5 0.79 0.655 0.7675 0.655 0.7675 0.6799999999999999 0.79 0.6799999999999999 0.79 0.655
5 0.49000000000000005 0.42750000000000005 0.47000000000000003 0.42750000000000005 0.47000000000000003 0.4525 0.49000000000000005 0.4525 0.49000000000000005 0.42750000000000005
5 0.495 0.65 0.485 0.65 0.485 0.67 0.495 0.67 0.495 0.65
5 0.4425 0.315 0.4225 0.315 0.4225 0.3325 0.4425 0.3325 0.4425 0.315
5 0.48250000000000004 0.5650000000000001 0.4625 0.5650000000000001 0.4625 0.5925 0.48250000000000004 0.5925 0.48250000000000004 0.5650000000000001
5 0.5225 0.635 0.51 0.635 0.51 0.6575 0.5225 0.6575 0.5225 0.635
5 0.7675 0.5525 0.755 0.5525 0.755 0.575 0.7675 0.575 0.7675 0.5525
5 0.47874999999999995 0.34875 0.45625 0.34875 0.45625 0.36875 0.47874999999999995 0.36875 0.47874999999999995 0.34875
5 0.925 0.62625 0.9025000000000001 0.62625 0.9025000000000001 0.65625 0.925 0.65625 0.925 0.62625
5 0.6525000000000001 0.12625 0.645 0.12625 0.645 0.14375 0.6525000000000001 0.14375 0.6525000000000001 0.12625
5 0.6837500000000001 0.1975 0.65625 0.1975 0.65625 0.225 0.6837500000000001 0.225 0.6837500000000001 0.1975
5 0.9349999999999999 0.77 0.9225 0.77 0.9225 0.795 0.9349999999999999 0.795 0.9349999999999999 0.77
5 0.7224999999999999 0.13625 0.705 0.13625 0.705 0.16375 0.7224999999999999 0.16375 0.7224999999999999 0.13625
5 0.6625 0.19624999999999998 0.6375 0.19624999999999998 0.6375 0.21125 0.6625 0.21125 0.6625 0.19624999999999998
5 0.47874999999999995 0.5475 0.46125 0.5475 0.46125 0.5700000000000001 0.47874999999999995 0.5700000000000001 0.47874999999999995 0.5475
5 0.3725 0.62375 0.335 0.62375 0.335 0.64625 0.3725 0.64625 0.3725 0.62375
5 0.5 0.67875 0.48250000000000004 0.67875 0.48250000000000004 0.69875 0.5 0.69875 0.5 0.67875
5 0.5075000000000001 0.7125 0.49000000000000005 0.7125 0.49000000000000005 0.74 0.5075000000000001 0.74 0.5075000000000001 0.7125
5 0.9025000000000001 0.54625 0.8800000000000001 0.54625 0.8800000000000001 0.57375 0.9025000000000001 0.57375 0.9025000000000001 0.54625
5 0.4575 0.39 0.43499999999999994 0.39 0.43499999999999994 0.4175 0.4575 0.4175 0.4575 0.39
5 0.54375 0.71375 0.51375 0.71375 0.51375 0.73125 0.54375 0.73125 0.54375 0.71375
5 0.61875 0.13374999999999998 0.6012500000000001 0.13374999999999998 0.6012500000000001 0.15875 0.61875 0.15875 0.61875 0.13374999999999998
5 0.4925 0.46624999999999994 0.48 0.46624999999999994 0.48 0.48375 0.4925 0.48375 0.4925 0.46624999999999994
5 0.79875 0.69625 0.7787499999999999 0.69625 0.7787499999999999 0.7212500000000001 0.79875 0.7212500000000001 0.79875 0.69625
5 0.49375 0.5237499999999999 0.47874999999999995 0.5237499999999999 0.47874999999999995 0.54875 0.49375 0.54875 0.49375 0.5237499999999999
5 0.7725 0.595 0.76 0.595 0.76 0.6174999999999999 0.7725 0.6174999999999999 0.7725 0.595
5 0.925 0.6575 0.9 0.6575 0.9 0.6875 0.925 0.6875 0.925 0.6575
5 0.44875 0.61125 0.42625 0.61125 0.42625 0.62375 0.44875 0.62375 0.44875 0.61125
5 0.63375 0.13125 0.6212500000000001 0.13125 0.6212500000000001 0.15125 0.63375 0.15125 0.63375 0.13125
5 0.445 0.355 0.4325 0.355 0.4325 0.3775 0.445 0.3775 0.445 0.355
5 0.45625 0.3775 0.43375 0.3775 0.43375 0.3975 0.45625 0.3975 0.45625 0.3775
5 0.48875 0.40750000000000003 0.46624999999999994 0.40750000000000003 0.46624999999999994 0.43 0.48875 0.43 0.48875 0.40750000000000003
5 0.8225 0.80625 0.7975 0.80625 0.7975 0.8387499999999999 0.8225 0.8387499999999999 0.8225 0.80625
5 0.525 0.15 0.5075000000000001 0.15 0.5075000000000001 0.1775 0.525 0.1775 0.525 0.15
5 0.33875 0.29 0.30625 0.29 0.30625 0.31 0.33875 0.31 0.33875 0.29
5 0.53125 0.68625 0.51625 0.68625 0.51625 0.7112499999999999 0.53125 0.7112499999999999 0.53125 0.68625
5 0.75875 0.042499999999999996 0.73875 0.042499999999999996 0.73875 0.0725 0.75875 0.0725 0.75875 0.042499999999999996
5 0.47000000000000003 0.49124999999999996 0.4525 0.49124999999999996 0.4525 0.51125 0.47000000000000003 0.51125 0.47000000000000003 0.49124999999999996
5 0.47750000000000004 0.155 0.465 0.155 0.465 0.1825 0.47750000000000004 0.1825 0.47750000000000004 0.155
5 0.5 0.49000000000000005 0.4875 0.49000000000000005 0.4875 0.5125 0.5 0.5125 0.5 0.49000000000000005
5 0.7837500000000001 0.09 0.76375 0.09 0.76375 0.12 0.7837500000000001 0.12 0.7837500000000001 0.09
5 0.45625 0.15375 0.44125 0.15375 0.44125 0.18125 0.45625 0.18125 0.45625 0.15375
5 0.47625 0.5237499999999999 0.45875000000000005 0.5237499999999999 0.45875000000000005 0.54375 0.47625 0.54375 0.47625 0.5237499999999999
5 0.46749999999999997 0.77125 0.44000000000000006 0.77125 0.44000000000000006 0.7887500000000001 0.46749999999999997 0.7887500000000001 0.46749999999999997 0.77125
5 0.51375 0.54875 0.49625 0.54875 0.49625 0.57375 0.51375 0.57375 0.51375 0.54875
5 0.50125 0.1525 0.48125 0.1525 0.48125 0.1775 0.50125 0.1775 0.50125 0.1525
5 0.46125 0.2625 0.44625000000000004 0.2625 0.44625000000000004 0.27749999999999997 0.46125 0.27749999999999997 0.46125 0.2625
5 0.46624999999999994 0.465 0.45125000000000004 0.465 0.45125000000000004 0.485 0.46624999999999994 0.485 0.46624999999999994 0.465
5 0.5037499999999999 0.5125 0.49124999999999996 0.5125 0.49124999999999996 0.5275000000000001 0.5037499999999999 0.5275000000000001 0.5037499999999999 0.5125
5 0.36 0.2925 0.33999999999999997 0.2925 0.33999999999999997 0.305 0.36 0.305 0.36 0.2925
5 0.8125 0.7787499999999999 0.795 0.7787499999999999 0.795 0.80375 0.8125 0.80375 0.8125 0.7787499999999999
5 0.81375 0.06 0.8012499999999999 0.06 0.8012499999999999 0.09 0.81375 0.09 0.81375 0.06
5 0.4175 0.18125 0.385 0.18125 0.385 0.19624999999999998 0.4175 0.19624999999999998 0.4175 0.18125
5 0.51 0.53 0.495 0.53 0.495 0.5525 0.51 0.5525 0.51 0.53
5 0.8162499999999999 0.85125 0.8012499999999999 0.85125 0.8012499999999999 0.87375 0.8162499999999999 0.87375 0.8162499999999999 0.85125
5 0.84375 0.57375 0.8262499999999999 0.57375 0.8262499999999999 0.59875 0.84375 0.59875 0.84375 0.57375
5 0.81375 0.8025 0.79875 0.8025 0.79875 0.82 0.81375 0.82 0.81375 0.8025
5 0.8275 0.8724999999999999 0.8099999999999999 0.8724999999999999 0.8099999999999999 0.905 0.8275 0.905 0.8275 0.8724999999999999