5 0.85875 0.23875000000000002 0.84375 0.23875000000000002 0.84375 0.27375 0.85875 0.27375 0.85875 0.23875000000000002
5 0.56875 0.12625 0.5587500000000001 0.12625 0.5587500000000001 0.14125000000000001 0.56875 0.14125000000000001 0.56875 0.12625
5 0.5025000000000001 0.3775 0.48250000000000004 0.3775 0.48250000000000004 0.39 0.5025000000000001 0.39 0.5025000000000001 0.3775
5 0.57125 0.2525 0.56125 0.2525 0.56125 0.27 0.57125 0.27 0.57125 0.2525
5 0.6275000000000001 0.94375 0.6174999999999999 0.94375 0.6174999999999999 0.95875 0.6275000000000001 0.95875 0.6275000000000001 0.94375
5 0.70875 0.655 0.6912499999999999 0.655 0.6912499999999999 0.6625 0.70875 0.6625 0.70875 0.655
5 0.59875 0.6725 0.58875 0.6725 0.58875 0.6925 0.59875 0.6925 0.59875 0.6725
5 0.605 0.84375 0.5925 0.84375 0.5925 0.8637499999999999 0.605 0.8637499999999999 0.605 0.84375
5 0.63375 0.835 0.6212500000000001 0.835 0.6212500000000001 0.86 0.63375 0.86 0.63375 0.835
5 0.61125 0.9199999999999999 0.6012500000000001 0.9199999999999999 0.6012500000000001 0.945 0.61125 0.945 0.61125 0.9199999999999999
5 0.91375 0.39375 0.89875 0.39375 0.89875 0.40125 0.91375 0.40125 0.91375 0.39375
5 0.605 0.35125 0.5825 0.35125 0.5825 0.37625000000000003 0.605 0.37625000000000003 0.605 0.35125
5 0.89125 0.8775000000000001 0.88125 0.8775000000000001 0.88125 0.9025000000000001 0.89125 0.9025000000000001 0.89125 0.8775000000000001
5 0.9125 0.905 0.9 0.905 0.9 0.93 0.9125 0.93 0.9125 0.905
5 0.5037499999999999 0.39625 0.48125 0.39625 0.48125 0.40625 0.5037499999999999 0.40625 0.5037499999999999 0.39625
5 0.97625 0.39125 0.9637499999999999 0.39125 0.9637499999999999 0.41375 0.97625 0.41375 0.97625 0.39125
5 0.54875 0.24874999999999997 0.5387500000000001 0.24874999999999997 0.5387500000000001 0.26875 0.54875 0.26875 0.54875 0.24874999999999997
5 0.61625 0.5775 0.59875 0.5775 0.59875 0.5974999999999999 0.61625 0.5974999999999999 0.61625 0.5775
5 0.64125 0.735 0.62625 0.735 0.62625 0.76 0.64125 0.76 0.64125 0.735
5 0.9550000000000001 0.395 0.9400000000000001 0.395 0.9400000000000001 0.41500000000000004 0.9550000000000001 0.41500000000000004 0.9550000000000001 0.395
5 0.515 0 0.515 0.02375 0.525 0.02375 0.525 0 0.515 0
5 0.6 0.10625 0.585 0.10625 0.585 0.12625 0.6 0.12625 0.6 0.10625
5 0.6875 0.39125 0.6675 0.39125 0.6675 0.40625 0.6875 0.40625 0.6875 0.39125
5 0.55375 0.16999999999999998 0.54125 0.16999999999999998 0.54125 0.195 0.55375 0.195 0.55375 0.16999999999999998
5 0.575 0.195 0.5575 0.195 0.5575 0.22000000000000003 0.575 0.22000000000000003 0.575 0.195
5 0.70125 0.315 0.68875 0.315 0.68875 0.3375 0.70125 0.3375 0.70125 0.315