5 0.42750000000000005 0.2575 0.4175 0.2575 0.4175 0.275 0.42750000000000005 0.275 0.42750000000000005 0.2575
5 0.44000000000000006 0.4225 0.4325 0.4225 0.4325 0.44000000000000006 0.44000000000000006 0.44000000000000006 0.44000000000000006 0.4225
5 0.20875 0.35875 0.19875 0.35875 0.19875 0.37625000000000003 0.20875 0.37625000000000003 0.20875 0.35875
5 0.23125 0.2875 0.21875 0.2875 0.21875 0.305 0.23125 0.305 0.23125 0.2875
5 0.60625 0 0.60625 0.01125 0.61875 0.01125 0.61875 0 0.60625 0
5 0.5825 0.0625 0.5650000000000001 0.0625 0.5650000000000001 0.06999999999999999 0.5825 0.06999999999999999 0.5825 0.0625
5 0.20625 0.03125 0.19624999999999998 0.03125 0.19624999999999998 0.04875 0.20625 0.04875 0.20625 0.03125
5 0.20125 0.058750000000000004 0.18625 0.058750000000000004 0.18625 0.07875 0.20125 0.07875 0.20125 0.058750000000000004
5 0.215 0.1125 0.205 0.1125 0.205 0.1325 0.215 0.1325 0.215 0.1125
5 0.1825 0.06375 0.16499999999999998 0.06375 0.16499999999999998 0.07625 0.1825 0.07625 0.1825 0.06375
5 0.22875 0.735 0.21625 0.735 0.21625 0.7525000000000001 0.22875 0.7525000000000001 0.22875 0.735
5 0.20375000000000001 0.78125 0.19375 0.78125 0.19375 0.79875 0.20375000000000001 0.79875 0.20375000000000001 0.78125
5 0.21000000000000002 0.81125 0.1975 0.81125 0.1975 0.83125 0.21000000000000002 0.83125 0.21000000000000002 0.81125
5 0.22749999999999998 0.16125 0.21749999999999997 0.16125 0.21749999999999997 0.17375000000000002 0.22749999999999998 0.17375000000000002 0.22749999999999998 0.16125
5 0.44749999999999995 1 0.44749999999999995 0.98375 0.4375 0.98375 0.4375 1 0.44749999999999995 1