5 0.6275000000000001 0.19375 0.6174999999999999 0.19375 0.6174999999999999 0.20875 0.6275000000000001 0.20875 0.6275000000000001 0.19375
5 0.63625 0.42374999999999996 0.62625 0.42374999999999996 0.62625 0.44375 0.63625 0.44375 0.63625 0.42374999999999996
5 0.21875 0.81125 0.19875 0.81125 0.19875 0.82125 0.21875 0.82125 0.21875 0.81125
5 0.26875 0.81375 0.25125000000000003 0.81375 0.25125000000000003 0.82125 0.26875 0.82125 0.26875 0.81375
5 0.8275 0.79875 0.8125 0.79875 0.8125 0.80625 0.8275 0.80625 0.8275 0.79875
5 0.62375 0.2875 0.60875 0.2875 0.60875 0.3025 0.62375 0.3025 0.62375 0.2875
5 0.64 0.89625 0.63 0.89625 0.63 0.91375 0.64 0.91375 0.64 0.89625
5 0.63875 0.85875 0.6287499999999999 0.85875 0.6287499999999999 0.88125 0.63875 0.88125 0.63875 0.85875
5 0.6425 0.55375 0.63 0.55375 0.63 0.57375 0.6425 0.57375 0.6425 0.55375
5 0.63875 0.59375 0.6287499999999999 0.59375 0.6287499999999999 0.61375 0.63875 0.61375 0.63875 0.59375
5 0.605 0.09375 0.5925 0.09375 0.5925 0.11374999999999999 0.605 0.11374999999999999 0.605 0.09375
5 0.63375 0.08499999999999999 0.6212500000000001 0.08499999999999999 0.6212500000000001 0.11000000000000001 0.63375 0.11000000000000001 0.63375 0.08499999999999999
5 0.61125 0.16999999999999998 0.6012500000000001 0.16999999999999998 0.6012500000000001 0.195 0.61125 0.195 0.61125 0.16999999999999998
5 0.63875 0.36 0.6287499999999999 0.36 0.6287499999999999 0.3825 0.63875 0.3825 0.63875 0.36
5 0.62375 0.71375 0.61125 0.71375 0.61125 0.73625 0.62375 0.73625 0.62375 0.71375
5 0.6025 0.8175000000000001 0.575 0.8175000000000001 0.575 0.8275 0.6025 0.8275 0.6025 0.8175000000000001
5 0.5525 0.81875 0.5325 0.81875 0.5325 0.82875 0.5525 0.82875 0.5525 0.81875
5 0.7537499999999999 0.82 0.73875 0.82 0.73875 0.8275 0.7537499999999999 0.8275 0.7537499999999999 0.82
5 0.63375 0.79875 0.61375 0.79875 0.61375 0.8237500000000001 0.63375 0.8237500000000001 0.63375 0.79875
5 0.6525000000000001 0.43624999999999997 0.6425 0.43624999999999997 0.6425 0.45375 0.6525000000000001 0.45375 0.6525000000000001 0.43624999999999997
5 0.49874999999999997 0.8225 0.47125000000000006 0.8225 0.47125000000000006 0.8324999999999999 0.49874999999999997 0.8324999999999999 0.49874999999999997 0.8225
5 0.595 0.2925 0.585 0.2925 0.585 0.32 0.595 0.32 0.595 0.2925
5 0.64125 0.495 0.6287499999999999 0.495 0.6287499999999999 0.52 0.64125 0.52 0.64125 0.495
5 0.89125 0.1275 0.88125 0.1275 0.88125 0.1525 0.89125 0.1525 0.89125 0.1275
5 0.9125 0.155 0.9 0.155 0.9 0.18 0.9125 0.18 0.9125 0.155
5 0.33375 0.8237500000000001 0.30874999999999997 0.8237500000000001 0.30874999999999997 0.8412499999999999 0.33375 0.8412499999999999 0.33375 0.8237500000000001
5 0.6275000000000001 0.50875 0.6174999999999999 0.50875 0.6174999999999999 0.5337500000000001 0.6275000000000001 0.5337500000000001 0.6275000000000001 0.50875
5 0.64375 0.66625 0.63375 0.66625 0.63375 0.68875 0.64375 0.68875 0.64375 0.66625
5 0.47625 0.8087500000000001 0.45125000000000004 0.8087500000000001 0.45125000000000004 0.82125 0.47625 0.82125 0.47625 0.8087500000000001
5 0.63 0.46375 0.615 0.46375 0.615 0.48875 0.63 0.48875 0.63 0.46375
5 0.62625 0.8275 0.60625 0.8275 0.60625 0.8425 0.62625 0.8425 0.62625 0.8275