5 0.6637500000000001 0.34625 0.6537499999999999 0.34625 0.6537499999999999 0.36625 0.6637500000000001 0.36625 0.6637500000000001 0.34625
5 0.7474999999999999 0.34375 0.74 0.34375 0.74 0.36124999999999996 0.7474999999999999 0.36124999999999996 0.7474999999999999 0.34375
5 0.8074999999999999 0.24625 0.7975 0.24625 0.7975 0.26375000000000004 0.8074999999999999 0.26375000000000004 0.8074999999999999 0.24625
5 0.67875 0.29125 0.6587500000000001 0.29125 0.6587500000000001 0.29874999999999996 0.67875 0.29874999999999996 0.67875 0.29125
5 0.48125 0.27625 0.45875000000000005 0.27625 0.45875000000000005 0.28625 0.48125 0.28625 0.48125 0.27625
5 0.50125 0.26749999999999996 0.48875 0.26749999999999996 0.48875 0.2875 0.50125 0.2875 0.50125 0.26749999999999996
5 0.53125 0.365 0.52125 0.365 0.52125 0.3825 0.53125 0.3825 0.53125 0.365
5 0.36625 0.13874999999999998 0.35625 0.13874999999999998 0.35625 0.15375 0.36625 0.15375 0.36625 0.13874999999999998
5 0.10874999999999999 0.23875000000000002 0.09375 0.23875000000000002 0.09375 0.27375 0.10874999999999999 0.27375 0.10874999999999999 0.23875000000000002
5 0.9962500000000001 0.04375 0.98375 0.04375 0.98375 0.058750000000000004 0.9962500000000001 0.058750000000000004 0.9962500000000001 0.04375
5 0.5025000000000001 0.63875 0.48 0.63875 0.48 0.6487499999999999 0.5025000000000001 0.6487499999999999 0.5025000000000001 0.63875
5 0.595 0.64125 0.5775 0.64125 0.5775 0.6487499999999999 0.595 0.6487499999999999 0.595 0.64125
5 0.5725 0.64375 0.545 0.64375 0.545 0.6537499999999999 0.5725 0.6537499999999999 0.5725 0.64375
5 0.4025 0.5375 0.39 0.5375 0.39 0.5549999999999999 0.4025 0.5549999999999999 0.4025 0.5375
5 0.45125000000000004 0.89125 0.42874999999999996 0.89125 0.42874999999999996 0.89875 0.45125000000000004 0.89875 0.45125000000000004 0.89125
5 0.6775 0.18375 0.67 0.18375 0.67 0.20375000000000001 0.6775 0.20375000000000001 0.6775 0.18375
5 0.9650000000000001 0.3 0.9475 0.3 0.9475 0.3075 0.9650000000000001 0.3075 0.9650000000000001 0.3
5 0.9225 0.3225 0.915 0.3225 0.915 0.335 0.9225 0.335 0.9225 0.3225
5 0.60875 0.35375 0.6012500000000001 0.35375 0.6012500000000001 0.37124999999999997 0.60875 0.37124999999999997 0.60875 0.35375
5 0.89 0.32625000000000004 0.8825 0.32625000000000004 0.8825 0.33875 0.89 0.33875 0.89 0.32625000000000004
5 0.44000000000000006 0.31625000000000003 0.4025 0.31625000000000003 0.4025 0.32875 0.44000000000000006 0.32875 0.44000000000000006 0.31625000000000003
5 0.7162499999999999 0.35 0.68875 0.35 0.68875 0.365 0.7162499999999999 0.365 0.7162499999999999 0.35
5 0.6837500000000001 0.26625 0.65625 0.26625 0.65625 0.27875 0.6837500000000001 0.27875 0.6837500000000001 0.26625
5 0.365 0.32 0.34500000000000003 0.32 0.34500000000000003 0.3325 0.365 0.3325 0.365 0.32
5 0.35 0.37374999999999997 0.3225 0.37374999999999997 0.3225 0.38375 0.35 0.38375 0.35 0.37374999999999997
5 0.3225 0.36625 0.29500000000000004 0.36625 0.29500000000000004 0.37875000000000003 0.3225 0.37875000000000003 0.3225 0.36625
5 0.265 0.3825 0.2425 0.3825 0.2425 0.39249999999999996 0.265 0.39249999999999996 0.265 0.3825
5 0.38125 0.25875 0.36875 0.25875 0.36875 0.28125 0.38125 0.28125 0.38125 0.25875
5 0.385 0.28375 0.3725 0.28375 0.3725 0.30625 0.385 0.30625 0.385 0.28375
5 0.58875 0.35625 0.58125 0.35625 0.58125 0.37374999999999997 0.58875 0.37374999999999997 0.58875 0.35625
5 0.58125 0.35750000000000004 0.57375 0.35750000000000004 0.57375 0.375 0.58125 0.375 0.58125 0.35750000000000004
5 0.49874999999999997 0.35875 0.47874999999999995 0.35875 0.47874999999999995 0.36875 0.49874999999999997 0.36875 0.49874999999999997 0.35875
5 0.16375 0.39375 0.14875 0.39375 0.14875 0.40125 0.16375 0.40125 0.16375 0.39375
5 0.41375 0.63 0.39625 0.63 0.39625 0.65 0.41375 0.65 0.41375 0.63
5 0.385 0.45125000000000004 0.38 0.45125000000000004 0.38 0.46875 0.385 0.46875 0.385 0.45125000000000004
5 0.37875000000000003 0.36875 0.36625 0.36875 0.36625 0.39125 0.37875000000000003 0.39125 0.37875000000000003 0.36875
5 0.14125000000000001 0.8775000000000001 0.13125 0.8775000000000001 0.13125 0.9025000000000001 0.14125000000000001 0.9025000000000001 0.14125000000000001 0.8775000000000001
5 0.1625 0.905 0.15 0.905 0.15 0.93 0.1625 0.93 0.1625 0.905
5 0.22625 0.39125 0.21375000000000002 0.39125 0.21375000000000002 0.41375 0.22625 0.41375 0.22625 0.39125
5 0.205 0.395 0.19 0.395 0.19 0.41500000000000004 0.205 0.41500000000000004 0.205 0.395