5 0.22000000000000003 0.058750000000000004 0.205 0.058750000000000004 0.205 0.08125 0.22000000000000003 0.08125 0.22000000000000003 0.058750000000000004
5 0.7150000000000001 0.26625 0.6925 0.26625 0.6925 0.27625 0.7150000000000001 0.27625 0.7150000000000001 0.26625
5 0.89625 0.27375 0.87625 0.27375 0.87625 0.28875 0.89625 0.28875 0.89625 0.27375
5 0.90625 0.24500000000000002 0.89625 0.24500000000000002 0.89625 0.2625 0.90625 0.2625 0.90625 0.24500000000000002
5 0.65 0.26375000000000004 0.6275000000000001 0.26375000000000004 0.6275000000000001 0.27375 0.65 0.27375 0.65 0.26375000000000004
5 0.21625 0.94375 0.20625 0.94375 0.20625 0.9637499999999999 0.21625 0.9637499999999999 0.21625 0.94375
5 0.1625 0.0375 0.14750000000000002 0.0375 0.14750000000000002 0.0625 0.1625 0.0625 0.1625 0.0375
5 0.04625 0.09125 0.03125 0.09125 0.03125 0.11374999999999999 0.04625 0.11374999999999999 0.04625 0.09125
5 0.17875000000000002 0.8300000000000001 0.16375 0.8300000000000001 0.16375 0.8525 0.17875000000000002 0.8525 0.17875000000000002 0.8300000000000001
5 0.2725 0.9475 0.2525 0.9475 0.2525 0.9625 0.2725 0.9625 0.2725 0.9475
5 0.635 0.0975 0.6224999999999999 0.0975 0.6224999999999999 0.125 0.635 0.125 0.635 0.0975
5 0.61625 0.07875 0.58875 0.07875 0.58875 0.09125 0.61625 0.09125 0.61625 0.07875
5 0.61875 0.09125 0.58875 0.09125 0.58875 0.10375000000000001 0.61875 0.10375000000000001 0.61875 0.09125