5 0.04 0.5525 0.017499999999999998 0.5525 0.017499999999999998 0.5650000000000001 0.04 0.5650000000000001 0.04 0.5525
5 0.3875 0.5599999999999999 0.375 0.5599999999999999 0.375 0.58 0.3875 0.58 0.3875 0.5599999999999999
5 0.05375 0.1925 0.041249999999999995 0.1925 0.041249999999999995 0.2125 0.05375 0.2125 0.05375 0.1925
5 0.06375 0.07125000000000001 0.05125 0.07125000000000001 0.05125 0.09375 0.06375 0.09375 0.06375 0.07125000000000001
5 0.33625 0.0675 0.32375 0.0675 0.32375 0.0875 0.33625 0.0875 0.33625 0.0675
5 0.33625 0.17875000000000002 0.32375 0.17875000000000002 0.32375 0.19875 0.33625 0.19875 0.33625 0.17875000000000002
5 0.08125 0.1075 0.05625 0.1075 0.05625 0.12 0.08125 0.12 0.08125 0.1075
5 0.07625 0.12250000000000001 0.05375 0.12250000000000001 0.05375 0.1325 0.07625 0.1325 0.07625 0.12250000000000001
5 0.07875 0.13874999999999998 0.05625 0.13874999999999998 0.05625 0.15125 0.07875 0.15125 0.07875 0.13874999999999998
5 0.28250000000000003 0.17124999999999999 0.26 0.17124999999999999 0.26 0.18125 0.28250000000000003 0.18125 0.28250000000000003 0.17124999999999999
5 0.33875 0.2 0.32625000000000004 0.2 0.32625000000000004 0.2225 0.33875 0.2225 0.33875 0.2
5 0.34375 0.22625 0.33125 0.22625 0.33125 0.24625 0.34375 0.24625 0.34375 0.22625
5 0.19125 0.9237500000000001 0.16875 0.9237500000000001 0.16875 0.93625 0.19125 0.93625 0.19125 0.9237500000000001
5 0.395 0.72875 0.385 0.72875 0.385 0.74875 0.395 0.74875 0.395 0.72875
5 0.365 0.7737499999999999 0.34500000000000003 0.7737499999999999 0.34500000000000003 0.7837500000000001 0.365 0.7837500000000001 0.365 0.7737499999999999
5 0.38875000000000004 0.8324999999999999 0.37625000000000003 0.8324999999999999 0.37625000000000003 0.8550000000000001 0.38875000000000004 0.8550000000000001 0.38875000000000004 0.8324999999999999
5 0.36625 0.7575000000000001 0.34125 0.7575000000000001 0.34125 0.77 0.36625 0.77 0.36625 0.7575000000000001
5 0.4625 0.925 0.44000000000000006 0.925 0.44000000000000006 0.9349999999999999 0.4625 0.9349999999999999 0.4625 0.925
5 0.4 0.76 0.3825 0.76 0.3825 0.7725 0.4 0.7725 0.4 0.76
5 0.41875 0.835 0.39875 0.835 0.39875 0.8425 0.41875 0.8425 0.41875 0.835
5 0.39875 0.9324999999999999 0.37625000000000003 0.9324999999999999 0.37625000000000003 0.945 0.39875 0.945 0.39875 0.9324999999999999
5 0.4175 0.8012499999999999 0.3975 0.8012499999999999 0.3975 0.81125 0.4175 0.81125 0.4175 0.8012499999999999
5 0.355 0.95875 0.3325 0.95875 0.3325 0.96875 0.355 0.96875 0.355 0.95875
5 0.2 0.9637499999999999 0.185 0.9637499999999999 0.185 0.9737500000000001 0.2 0.9737500000000001 0.2 0.9637499999999999
5 0.41875 0.8099999999999999 0.39875 0.8099999999999999 0.39875 0.82 0.41875 0.82 0.41875 0.8099999999999999
5 0.42125 0.82125 0.39875 0.82125 0.39875 0.83125 0.42125 0.83125 0.42125 0.82125
5 0.37 0.7125 0.3525 0.7125 0.3525 0.72 0.37 0.72 0.37 0.7125
5 0.16125 0.97 0.13874999999999998 0.97 0.13874999999999998 0.9800000000000001 0.16125 0.9800000000000001 0.16125 0.97
5 0.185 0.9675 0.1625 0.9675 0.1625 0.9775 0.185 0.9775 0.185 0.9675
5 0.35875 0.6912499999999999 0.34125 0.6912499999999999 0.34125 0.70125 0.35875 0.70125 0.35875 0.6912499999999999
5 0.36 0.7025 0.33999999999999997 0.7025 0.33999999999999997 0.7125 0.36 0.7125 0.36 0.7025
5 0.3775 0.5700000000000001 0.365 0.5700000000000001 0.365 0.5875 0.3775 0.5875 0.3775 0.5700000000000001
5 0.41125 0.5599999999999999 0.39125 0.5599999999999999 0.39125 0.5700000000000001 0.41125 0.5700000000000001 0.41125 0.5599999999999999
5 0.49874999999999997 0.505 0.48125 0.505 0.48125 0.515 0.49874999999999997 0.515 0.49874999999999997 0.505
5 0.5862499999999999 0.50125 0.5662499999999999 0.50125 0.5662499999999999 0.51125 0.5862499999999999 0.51125 0.5862499999999999 0.50125
5 0.6174999999999999 0.50125 0.595 0.50125 0.595 0.51125 0.6174999999999999 0.51125 0.6174999999999999 0.50125
5 0.75 0.4875 0.73 0.4875 0.73 0.5 0.75 0.5 0.75 0.4875
5 0.65625 0.49874999999999997 0.63875 0.49874999999999997 0.63875 0.50625 0.65625 0.50625 0.65625 0.49874999999999997
5 0.7025 0.49749999999999994 0.6825 0.49749999999999994 0.6825 0.5075000000000001 0.7025 0.5075000000000001 0.7025 0.49749999999999994
5 0.65 0.5075000000000001 0.64 0.5075000000000001 0.64 0.5225 0.65 0.5225 0.65 0.5075000000000001
5 0.67 0.50875 0.6599999999999999 0.50875 0.6599999999999999 0.52625 0.67 0.52625 0.67 0.50875
5 0.68125 0.5075000000000001 0.67125 0.5075000000000001 0.67125 0.525 0.68125 0.525 0.68125 0.5075000000000001
5 0.6912499999999999 0.45999999999999996 0.68125 0.45999999999999996 0.68125 0.475 0.6912499999999999 0.475 0.6912499999999999 0.45999999999999996
5 0.78 0.4875 0.76 0.4875 0.76 0.49749999999999994 0.78 0.49749999999999994 0.78 0.4875
5 0.87375 0.4925 0.85125 0.4925 0.85125 0.5 0.87375 0.5 0.87375 0.4925
5 0.70375 0.5075000000000001 0.6912499999999999 0.5075000000000001 0.6912499999999999 0.525 0.70375 0.525 0.70375 0.5075000000000001
5 0.7162499999999999 0.5075000000000001 0.70625 0.5075000000000001 0.70625 0.525 0.7162499999999999 0.525 0.7162499999999999 0.5075000000000001
5 0.735 0.505 0.725 0.505 0.725 0.525 0.735 0.525 0.735 0.505
5 0.745 0.505 0.735 0.505 0.735 0.525 0.745 0.525 0.745 0.505
5 0.82 0.4925 0.795 0.4925 0.795 0.5 0.82 0.5 0.82 0.4925
5 0.8012499999999999 0.5037499999999999 0.79125 0.5037499999999999 0.79125 0.52125 0.8012499999999999 0.52125 0.8012499999999999 0.5037499999999999
5 0.79125 0.5037499999999999 0.78125 0.5037499999999999 0.78125 0.52125 0.79125 0.52125 0.79125 0.5037499999999999
5 0.83625 0.5037499999999999 0.8237500000000001 0.5037499999999999 0.8237500000000001 0.5237499999999999 0.83625 0.5237499999999999 0.83625 0.5037499999999999
5 0.85375 0.505 0.84375 0.505 0.84375 0.52 0.85375 0.52 0.85375 0.505
5 0.8637499999999999 0.50125 0.85375 0.50125 0.85375 0.52125 0.8637499999999999 0.52125 0.8637499999999999 0.50125
5 0.9712500000000001 0.49625 0.9487500000000001 0.49625 0.9487500000000001 0.50875 0.9712500000000001 0.50875 0.9712500000000001 0.49625
5 0.73625 0.9324999999999999 0.72375 0.9324999999999999 0.72375 0.9525 0.73625 0.9525 0.73625 0.9324999999999999
5 0.8487500000000001 0.925 0.82875 0.925 0.82875 0.9349999999999999 0.8487500000000001 0.9349999999999999 0.8487500000000001 0.925
5 0.7275 0.46624999999999994 0.72 0.46624999999999994 0.72 0.47874999999999995 0.7275 0.47874999999999995 0.7275 0.46624999999999994
5 0.3375 0.09 0.3275 0.09 0.3275 0.10500000000000001 0.3375 0.10500000000000001 0.3375 0.09
5 0.38 0.425 0.3675 0.425 0.3675 0.44749999999999995 0.38 0.44749999999999995 0.38 0.425
5 0.5625 0.49124999999999996 0.5375 0.49124999999999996 0.5375 0.50125 0.5625 0.50125 0.5625 0.49124999999999996
5 0.4175 0.9012499999999999 0.40499999999999997 0.9012499999999999 0.40499999999999997 0.92125 0.4175 0.92125 0.4175 0.9012499999999999
5 0.03125 0.10124999999999999 0.02375 0.10124999999999999 0.02375 0.11625 0.03125 0.11625 0.03125 0.10124999999999999
5 0.38625 0.8637499999999999 0.37625000000000003 0.8637499999999999 0.37625000000000003 0.88375 0.38625 0.88375 0.38625 0.8637499999999999
5 0.53625 0.46375 0.52625 0.46375 0.52625 0.48125 0.53625 0.48125 0.53625 0.46375
5 0.56875 0.5125 0.53625 0.5125 0.53625 0.5225 0.56875 0.5225 0.56875 0.5125
5 0.47625 0.485 0.45875000000000005 0.485 0.45875000000000005 0.495 0.47625 0.495 0.47625 0.485
5 0.52 0.50625 0.5 0.50625 0.5 0.51375 0.52 0.51375 0.52 0.50625
5 0.355 0.51 0.33999999999999997 0.51 0.33999999999999997 0.515 0.355 0.515 0.355 0.51
5 0.355 0.51625 0.3375 0.51625 0.3375 0.52125 0.355 0.52125 0.355 0.51625