5 0.03 0.4875 0.01 0.4875 0.01 0.49749999999999994 0.03 0.49749999999999994 0.03 0.4875
5 0.12375 0.4925 0.10124999999999999 0.4925 0.10124999999999999 0.5 0.12375 0.5 0.12375 0.4925
5 0.06999999999999999 0.4925 0.045 0.4925 0.045 0.5 0.06999999999999999 0.5 0.06999999999999999 0.4925
5 0.05125 0.5037499999999999 0.041249999999999995 0.5037499999999999 0.041249999999999995 0.52125 0.05125 0.52125 0.05125 0.5037499999999999
5 0.041249999999999995 0.5037499999999999 0.03125 0.5037499999999999 0.03125 0.52125 0.041249999999999995 0.52125 0.041249999999999995 0.5037499999999999
5 0.08625000000000001 0.5037499999999999 0.07375000000000001 0.5037499999999999 0.07375000000000001 0.5237499999999999 0.08625000000000001 0.5237499999999999 0.08625000000000001 0.5037499999999999
5 0.28125 0.49874999999999997 0.26375000000000004 0.49874999999999997 0.26375000000000004 0.50875 0.28125 0.50875 0.28125 0.49874999999999997
5 0.10375000000000001 0.505 0.09375 0.505 0.09375 0.52 0.10375000000000001 0.52 0.10375000000000001 0.505
5 0.11374999999999999 0.50125 0.10375000000000001 0.50125 0.10375000000000001 0.52125 0.11374999999999999 0.52125 0.11374999999999999 0.50125
5 0.465 0.47625 0.4425 0.47625 0.4425 0.48624999999999996 0.465 0.48624999999999996 0.465 0.47625
5 0.485 0.46375 0.4625 0.46375 0.4625 0.47625 0.485 0.47625 0.485 0.46375
5 0.5675 0.51125 0.55 0.51125 0.55 0.5337500000000001 0.5675 0.5337500000000001 0.5675 0.51125
5 0.22125 0.49625 0.19875 0.49625 0.19875 0.50875 0.22125 0.50875 0.22125 0.49625
5 0.8162499999999999 0.49625 0.80375 0.49625 0.80375 0.51875 0.8162499999999999 0.51875 0.8162499999999999 0.49625
5 0.82 0.54875 0.8074999999999999 0.54875 0.8074999999999999 0.57125 0.82 0.57125 0.82 0.54875
5 0.81875 0.52 0.80625 0.52 0.80625 0.5425 0.81875 0.5425 0.81875 0.52
5 0.8425 0.45375 0.8300000000000001 0.45375 0.8300000000000001 0.47625 0.8425 0.47625 0.8425 0.45375
5 0.9775 0.31124999999999997 0.9525 0.31124999999999997 0.9525 0.32375 0.9775 0.32375 0.9775 0.31124999999999997
5 0.83125 0.03875 0.82125 0.03875 0.82125 0.058750000000000004 0.83125 0.058750000000000004 0.83125 0.03875
5 0.8724999999999999 0.5675 0.8525 0.5675 0.8525 0.58 0.8724999999999999 0.58 0.8724999999999999 0.5675
5 0.82125 0.635 0.8087500000000001 0.635 0.8087500000000001 0.6525000000000001 0.82125 0.6525000000000001 0.82125 0.635
5 0.8412499999999999 0.7775000000000001 0.83125 0.7775000000000001 0.83125 0.8 0.8412499999999999 0.8 0.8412499999999999 0.7775000000000001
5 0.7825 0.6575 0.7625 0.6575 0.7625 0.6725 0.7825 0.6725 0.7825 0.6575
5 0.6075 0.75625 0.595 0.75625 0.595 0.7787499999999999 0.6075 0.7787499999999999 0.6075 0.75625
5 0.2725 0.25375000000000003 0.25 0.25375000000000003 0.25 0.26125 0.2725 0.26125 0.2725 0.25375000000000003
5 0.33999999999999997 0.89875 0.32 0.89875 0.32 0.90625 0.33999999999999997 0.90625 0.33999999999999997 0.89875
5 0.5325 0.89875 0.51 0.89875 0.51 0.91375 0.5325 0.91375 0.5325 0.89875
5 0.5862499999999999 0.8412499999999999 0.56375 0.8412499999999999 0.56375 0.85125 0.5862499999999999 0.85125 0.5862499999999999 0.8412499999999999
5 0.7150000000000001 0.8375 0.6950000000000001 0.8375 0.6950000000000001 0.845 0.7150000000000001 0.845 0.7150000000000001 0.8375
5 0.2925 0.8525 0.2725 0.8525 0.2725 0.8625 0.2925 0.8625 0.2925 0.8525
5 0.7025 0.90625 0.6849999999999999 0.90625 0.6849999999999999 0.91375 0.7025 0.91375 0.7025 0.90625
5 0.63875 0.91875 0.6212500000000001 0.91875 0.6212500000000001 0.92875 0.63875 0.92875 0.63875 0.91875
5 0.61 0.9712500000000001 0.5974999999999999 0.9712500000000001 0.5974999999999999 0.99125 0.61 0.99125 0.61 0.9712500000000001
5 0.8462500000000001 0.95875 0.83375 0.95875 0.83375 0.98125 0.8462500000000001 0.98125 0.8462500000000001 0.95875
5 0.09875 0.925 0.07875 0.925 0.07875 0.9349999999999999 0.09875 0.9349999999999999 0.09875 0.925
5 0.38 0.8787499999999999 0.35750000000000004 0.8787499999999999 0.35750000000000004 0.89125 0.38 0.89125 0.38 0.8787499999999999
5 0.9475 0.85625 0.9225 0.85625 0.9225 0.86875 0.9475 0.86875 0.9475 0.85625
5 0.93 0.9037499999999999 0.9099999999999999 0.9037499999999999 0.9099999999999999 0.91625 0.93 0.91625 0.93 0.9037499999999999
5 0.9724999999999999 0.905 0.9525 0.905 0.9525 0.915 0.9724999999999999 0.915 0.9724999999999999 0.905
5 0.75 0.9125 0.725 0.9125 0.725 0.9225 0.75 0.9225 0.75 0.9125
5 0.9550000000000001 0.83375 0.9349999999999999 0.83375 0.9349999999999999 0.84375 0.9550000000000001 0.84375 0.9550000000000001 0.83375
5 0.74 0.665 0.7125 0.665 0.7125 0.675 0.74 0.675 0.74 0.665
5 0.775 0.67375 0.7525000000000001 0.67375 0.7525000000000001 0.6837500000000001 0.775 0.6837500000000001 0.775 0.67375
5 0.67 0.47874999999999995 0.65 0.47874999999999995 0.65 0.48875 0.67 0.48875 0.67 0.47874999999999995
5 0.7537499999999999 0.44749999999999995 0.73875 0.44749999999999995 0.73875 0.45499999999999996 0.7537499999999999 0.45499999999999996 0.7537499999999999 0.44749999999999995
5 0.76875 0.445 0.75625 0.445 0.75625 0.45499999999999996 0.76875 0.45499999999999996 0.76875 0.445
5 0.8525 0.31875 0.8375 0.31875 0.8375 0.33625 0.8525 0.33625 0.8525 0.31875
5 0.8487500000000001 0.3775 0.8387499999999999 0.3775 0.8387499999999999 0.4 0.8487500000000001 0.4 0.8487500000000001 0.3775
5 0.8237500000000001 0.6975 0.81125 0.6975 0.81125 0.7175 0.8237500000000001 0.7175 0.8237500000000001 0.6975
5 0.9775 0.83125 0.9550000000000001 0.83125 0.9550000000000001 0.8412499999999999 0.9775 0.8412499999999999 0.9775 0.83125
5 0.83125 0.885 0.8162499999999999 0.885 0.8162499999999999 0.8949999999999999 0.83125 0.8949999999999999 0.83125 0.885
5 0.8525 0.8887499999999999 0.8375 0.8887499999999999 0.8375 0.89875 0.8525 0.89875 0.8525 0.8887499999999999
5 0.8712500000000001 0.8875 0.85625 0.8875 0.85625 0.8949999999999999 0.8712500000000001 0.8949999999999999 0.8712500000000001 0.8875
5 0.9099999999999999 0.88125 0.8949999999999999 0.88125 0.8949999999999999 0.8887499999999999 0.9099999999999999 0.8887499999999999 0.9099999999999999 0.88125
5 0.6775 0.8862500000000001 0.6599999999999999 0.8862500000000001 0.6599999999999999 0.89625 0.6775 0.89625 0.6775 0.8862500000000001
5 0.485 0.9125 0.4725 0.9125 0.4725 0.9199999999999999 0.485 0.9199999999999999 0.485 0.9125
5 0.98375 0.84375 0.96875 0.84375 0.96875 0.85375 0.98375 0.85375 0.98375 0.84375
5 0.2725 0.8550000000000001 0.2475 0.8550000000000001 0.2475 0.865 0.2725 0.865 0.2725 0.8550000000000001