5 0.8087500000000001 0.37625000000000003 0.76375 0.37625000000000003 0.76375 0.39625 0.8087500000000001 0.39625 0.8087500000000001 0.37625000000000003
5 0.5825 0.31375000000000003 0.5599999999999999 0.31375000000000003 0.5599999999999999 0.32375 0.5825 0.32375 0.5825 0.31375000000000003
5 0.63125 0.32375 0.61125 0.32375 0.61125 0.33625 0.63125 0.33625 0.63125 0.32375
5 0.5974999999999999 0.31875 0.5825 0.31875 0.5825 0.32625000000000004 0.5974999999999999 0.32625000000000004 0.5974999999999999 0.31875
5 0.37 0 0.37 0.01625 0.39 0.01625 0.39 0 0.37 0
5 0.7025 0.45375 0.6950000000000001 0.45375 0.6950000000000001 0.46875 0.7025 0.46875 0.7025 0.45375
5 0.89875 0.0775 0.8862500000000001 0.0775 0.8862500000000001 0.0875 0.89875 0.0875 0.89875 0.0775
5 0.65 0.55 0.6375 0.55 0.6375 0.5625 0.65 0.5625 0.65 0.55
5 0.73625 0.021249999999999998 0.72375 0.021249999999999998 0.72375 0.03125 0.73625 0.03125 0.73625 0.021249999999999998
5 0.5775 0.655 0.5625 0.655 0.5625 0.6599999999999999 0.5775 0.6599999999999999 0.5775 0.655
5 0.18625 0.19 0.16875 0.19 0.16875 0.20750000000000002 0.18625 0.20750000000000002 0.18625 0.19
5 0.68625 0.34249999999999997 0.66875 0.34249999999999997 0.66875 0.35 0.68625 0.35 0.68625 0.34249999999999997
5 0.625 0.7075 0.6174999999999999 0.7075 0.6174999999999999 0.725 0.625 0.725 0.625 0.7075
5 0.79125 0.0875 0.78125 0.0875 0.78125 0.1 0.79125 0.1 0.79125 0.0875
5 0.49124999999999996 0.6425 0.47625 0.6425 0.47625 0.6475 0.49124999999999996 0.6475 0.49124999999999996 0.6425
5 0.9675 0.07625 0.95 0.07625 0.95 0.08875 0.9675 0.08875 0.9675 0.07625
5 0.49874999999999997 0.5075000000000001 0.48624999999999996 0.5075000000000001 0.48624999999999996 0.5275000000000001 0.49874999999999997 0.5275000000000001 0.49874999999999997 0.5075000000000001
5 0.76625 0.86 0.75125 0.86 0.75125 0.8675 0.76625 0.8675 0.76625 0.86
5 0.60875 0 0.60875 0.008749999999999999 0.62625 0.008749999999999999 0.62625 0 0.60875 0
5 0.6575 0.33625 0.635 0.33625 0.635 0.34375 0.6575 0.34375 0.6575 0.33625
5 0.5599999999999999 0.32875 0.545 0.32875 0.545 0.33625 0.5599999999999999 0.33625 0.5599999999999999 0.32875
5 0.53 0.47375 0.5125 0.47375 0.5125 0.48375 0.53 0.48375 0.53 0.47375
5 0.5900000000000001 0.4875 0.5725 0.4875 0.5725 0.49749999999999994 0.5900000000000001 0.49749999999999994 0.5900000000000001 0.4875
5 0.50625 0.6525000000000001 0.49625 0.6525000000000001 0.49625 0.6599999999999999 0.50625 0.6599999999999999 0.50625 0.6525000000000001
5 0.41125 0.00125 0.39625 0.00125 0.39625 0.008749999999999999 0.41125 0.008749999999999999 0.41125 0.00125
5 0.76375 0.028749999999999998 0.74125 0.028749999999999998 0.74125 0.03375 0.76375 0.03375 0.76375 0.028749999999999998
5 0.09625 0.16 0.08125 0.16 0.08125 0.17250000000000001 0.09625 0.17250000000000001 0.09625 0.16
5 0.45875000000000005 0.11875 0.44375 0.11875 0.44375 0.13625 0.45875000000000005 0.13625 0.45875000000000005 0.11875
5 0.69875 0.1775 0.68625 0.1775 0.68625 0.185 0.69875 0.185 0.69875 0.1775
5 0.7025 0.8425 0.6875 0.8425 0.6875 0.8525 0.7025 0.8525 0.7025 0.8425
5 0.93625 0.70625 0.92875 0.70625 0.92875 0.72375 0.93625 0.72375 0.93625 0.70625
5 0.5325 0.305 0.5125 0.305 0.5125 0.3125 0.5325 0.3125 0.5325 0.305
5 0.9400000000000001 0.21625 0.9225 0.21625 0.9225 0.22625 0.9400000000000001 0.22625 0.9400000000000001 0.21625