5 0.2125 0.61625 0.195 0.61625 0.195 0.66625 0.2125 0.66625 0.2125 0.61625
5 0.22875 0.615 0.21125 0.615 0.21125 0.6675 0.22875 0.6675 0.22875 0.615
5 0.09625 0.8262499999999999 0.09125 0.8262499999999999 0.09125 0.8387499999999999 0.09625 0.8387499999999999 0.09625 0.8262499999999999
5 0.6925 0.22125 0.6775 0.22125 0.6775 0.27125 0.6925 0.27125 0.6925 0.22125
5 0.78 0.16625 0.74 0.16625 0.74 0.17875000000000002 0.78 0.17875000000000002 0.78 0.16625
5 0.72 0.20249999999999999 0.7025 0.20249999999999999 0.7025 0.2375 0.72 0.2375 0.72 0.20249999999999999
5 0.86625 0.175 0.83125 0.175 0.83125 0.1875 0.86625 0.1875 0.86625 0.175
5 0.835 0.13625 0.7925 0.13625 0.7925 0.15625 0.835 0.15625 0.835 0.13625
5 0.67125 0.34750000000000003 0.6587500000000001 0.34750000000000003 0.6587500000000001 0.3725 0.67125 0.3725 0.67125 0.34750000000000003
5 0.65625 0.33875 0.63875 0.33875 0.63875 0.36375 0.65625 0.36375 0.65625 0.33875
5 0.64625 0.30625 0.63375 0.30625 0.63375 0.32625000000000004 0.64625 0.32625000000000004 0.64625 0.30625
5 0.645 0.28375 0.63 0.28375 0.63 0.30375 0.645 0.30375 0.645 0.28375
5 0.9324999999999999 0.11000000000000001 0.915 0.11000000000000001 0.915 0.14250000000000002 0.9324999999999999 0.14250000000000002 0.9324999999999999 0.11000000000000001
5 0.94375 0.11374999999999999 0.93125 0.11374999999999999 0.93125 0.14375 0.94375 0.14375 0.94375 0.11374999999999999
5 0.63125 0.27125 0.6212500000000001 0.27125 0.6212500000000001 0.29874999999999996 0.63125 0.29874999999999996 0.63125 0.27125
5 0.24125000000000002 0.76625 0.21125 0.76625 0.21125 0.7737499999999999 0.24125000000000002 0.7737499999999999 0.24125000000000002 0.76625
5 0.23374999999999999 0.80625 0.20875 0.80625 0.20875 0.81875 0.23374999999999999 0.81875 0.23374999999999999 0.80625
5 0.05375 0.8574999999999999 0.03625 0.8574999999999999 0.03625 0.865 0.05375 0.865 0.05375 0.8574999999999999
5 0.11625 0.49000000000000005 0.09375 0.49000000000000005 0.09375 0.5025000000000001 0.11625 0.5025000000000001 0.11625 0.49000000000000005
5 0.05 0.835 0.04 0.835 0.04 0.8474999999999999 0.05 0.8474999999999999 0.05 0.835
5 0.135 0.8237500000000001 0.125 0.8237500000000001 0.125 0.8462500000000001 0.135 0.8462500000000001 0.135 0.8237500000000001
5 0.04875 0.84375 0.03625 0.84375 0.03625 0.85875 0.04875 0.85875 0.04875 0.84375
5 0.23500000000000001 0.7787499999999999 0.21749999999999997 0.7787499999999999 0.21749999999999997 0.78625 0.23500000000000001 0.78625 0.23500000000000001 0.7787499999999999
5 0.23500000000000001 0.78625 0.215 0.78625 0.215 0.79625 0.23500000000000001 0.79625 0.23500000000000001 0.78625