5 0.05 0.14625 0.0375 0.14625 0.0375 0.15875 0.05 0.15875 0.05 0.14625
5 0.12250000000000001 0.32125 0.1 0.32125 0.1 0.32875 0.12250000000000001 0.32875 0.12250000000000001 0.32125
5 0.1675 0.3325 0.145 0.3325 0.145 0.34249999999999997 0.1675 0.34249999999999997 0.1675 0.3325
5 0.2125 0.125 0.1125 0.125 0.1125 0.16499999999999998 0.2125 0.16499999999999998 0.2125 0.125
5 0.16625 0.3625 0.12625 0.3625 0.12625 0.3775 0.16625 0.3775 0.16625 0.3625
5 0.05125 0.315 0.04375 0.315 0.04375 0.32999999999999996 0.05125 0.32999999999999996 0.05125 0.315
5 0.12250000000000001 0.32875 0.1 0.32875 0.1 0.33875 0.12250000000000001 0.33875 0.12250000000000001 0.32875
5 0.1675 0.325 0.145 0.325 0.145 0.3325 0.1675 0.3325 0.1675 0.325
5 0.16625 0.34500000000000003 0.12625 0.34500000000000003 0.12625 0.35750000000000004 0.16625 0.35750000000000004 0.16625 0.34500000000000003
5 0.08625000000000001 0.31625000000000003 0.07375000000000001 0.31625000000000003 0.07375000000000001 0.34125 0.08625000000000001 0.34125 0.08625000000000001 0.31625000000000003
5 0.125 0.35 0.08499999999999999 0.35 0.08499999999999999 0.3625 0.125 0.3625 0.125 0.35
5 0.14625 0.32375 0.12375 0.32375 0.12375 0.33125 0.14625 0.33125 0.14625 0.32375
5 0.14375 0.32875 0.12375 0.32875 0.12375 0.34125 0.14375 0.34125 0.14375 0.32875
5 0.12625 0.36 0.08375 0.36 0.08375 0.375 0.12625 0.375 0.12625 0.36
5 0.16625 0.35375 0.12625 0.35375 0.12625 0.36625 0.16625 0.36625 0.16625 0.35375
5 0.07375000000000001 0.315 0.06375 0.315 0.06375 0.3375 0.07375000000000001 0.3375 0.07375000000000001 0.315