5 0.22374999999999998 0.9662499999999999 0.19125 0.9662499999999999 0.19125 0.9962500000000001 0.22374999999999998 0.9962500000000001 0.22374999999999998 0.9662499999999999
5 0.9875 0.9125 0.9650000000000001 0.9125 0.9650000000000001 0.9199999999999999 0.9875 0.9199999999999999 0.9875 0.9125
5 0.9012499999999999 0.0475 0.88125 0.0475 0.88125 0.06 0.9012499999999999 0.06 0.9012499999999999 0.0475
5 0.20375000000000001 0.22125 0.18875 0.22125 0.18875 0.23125 0.20375000000000001 0.23125 0.20375000000000001 0.22125
5 0.1525 0.1125 0.135 0.1125 0.135 0.12 0.1525 0.12 0.1525 0.1125
5 0.78125 0.445 0.76875 0.445 0.76875 0.4525 0.78125 0.4525 0.78125 0.445
5 0.1675 0.8262499999999999 0.155 0.8262499999999999 0.155 0.8387499999999999 0.1675 0.8387499999999999 0.1675 0.8262499999999999
5 0.8275 0.021249999999999998 0.8150000000000001 0.021249999999999998 0.8150000000000001 0.03375 0.8275 0.03375 0.8275 0.021249999999999998
5 0.30874999999999997 0.225 0.29625 0.225 0.29625 0.2325 0.30874999999999997 0.2325 0.30874999999999997 0.225
5 0.53 0.79 0.515 0.79 0.515 0.8025 0.53 0.8025 0.53 0.79
5 0.31 0.028749999999999998 0.2925 0.028749999999999998 0.2925 0.03875 0.31 0.03875 0.31 0.028749999999999998
5 0.46624999999999994 0.86 0.44625000000000004 0.86 0.44625000000000004 0.8675 0.46624999999999994 0.8675 0.46624999999999994 0.86
5 0.3225 0.7462500000000001 0.31 0.7462500000000001 0.31 0.75625 0.3225 0.75625 0.3225 0.7462500000000001
5 0.3075 0.013750000000000002 0.29 0.013750000000000002 0.29 0.021249999999999998 0.3075 0.021249999999999998 0.3075 0.013750000000000002
5 0.01125 0 0.01125 0.0125 0.026250000000000002 0.0125 0.026250000000000002 0 0.01125 0
5 0.6475 0.38 0.63 0.38 0.63 0.3875 0.6475 0.3875 0.6475 0.38
5 0.78625 0.43624999999999997 0.76875 0.43624999999999997 0.76875 0.44375 0.78625 0.44375 0.78625 0.43624999999999997
5 0.705 0.2 0.6900000000000001 0.2 0.6900000000000001 0.2125 0.705 0.2125 0.705 0.2
5 0.54 0.7262500000000001 0.53 0.7262500000000001 0.53 0.74125 0.54 0.74125 0.54 0.7262500000000001
5 0.635 0.195 0.6174999999999999 0.195 0.6174999999999999 0.20750000000000002 0.635 0.20750000000000002 0.635 0.195
5 0.55625 0.6174999999999999 0.54875 0.6174999999999999 0.54875 0.63 0.55625 0.63 0.55625 0.6174999999999999
5 0.08 0.5974999999999999 0.0625 0.5974999999999999 0.0625 0.61 0.08 0.61 0.08 0.5974999999999999
5 0.365 0.7737499999999999 0.3525 0.7737499999999999 0.3525 0.79375 0.365 0.79375 0.365 0.7737499999999999
5 0.08249999999999999 0.6275000000000001 0.06999999999999999 0.6275000000000001 0.06999999999999999 0.6475 0.08249999999999999 0.6475 0.08249999999999999 0.6275000000000001
5 0.915 0.15625 0.9 0.15625 0.9 0.17124999999999999 0.915 0.17124999999999999 0.915 0.15625
5 0.5825 0.19375 0.5575 0.19375 0.5575 0.19875 0.5825 0.19875 0.5825 0.19375
5 0.8125 0.18125 0.7925 0.18125 0.7925 0.18625 0.8125 0.18625 0.8125 0.18125
5 0.7849999999999999 0.42750000000000005 0.7725 0.42750000000000005 0.7725 0.4375 0.7849999999999999 0.4375 0.7849999999999999 0.42750000000000005
5 0.615 0.195 0.6025 0.195 0.6025 0.205 0.615 0.205 0.615 0.195
5 0.06999999999999999 0.32625000000000004 0.0625 0.32625000000000004 0.0625 0.33875 0.06999999999999999 0.33875 0.06999999999999999 0.32625000000000004
5 1 0.8787499999999999 0.9824999999999999 0.8787499999999999 0.9824999999999999 0.89125 1 0.89125 1 0.8787499999999999
5 0.30625 0.034999999999999996 0.28875 0.034999999999999996 0.28875 0.045 0.30625 0.045 0.30625 0.034999999999999996
5 0.3075 0.7150000000000001 0.29500000000000004 0.7150000000000001 0.29500000000000004 0.725 0.3075 0.725 0.3075 0.7150000000000001
5 0.6487499999999999 0.3725 0.63375 0.3725 0.63375 0.38 0.6487499999999999 0.38 0.6487499999999999 0.3725
5 0.09125 0.61 0.07625 0.61 0.07625 0.6275000000000001 0.09125 0.6275000000000001 0.09125 0.61
5 0.59375 0.64625 0.57125 0.64625 0.57125 0.6587500000000001 0.59375 0.6587500000000001 0.59375 0.64625
5 0.38875000000000004 0.20750000000000002 0.37625000000000003 0.20750000000000002 0.37625000000000003 0.22000000000000003 0.38875000000000004 0.22000000000000003 0.38875000000000004 0.20750000000000002
5 0.5337500000000001 0.77625 0.5237499999999999 0.77625 0.5237499999999999 0.78625 0.5337500000000001 0.78625 0.5337500000000001 0.77625
5 0.155 0.12 0.1375 0.12 0.1375 0.1275 0.155 0.1275 0.155 0.12
5 0.32625000000000004 0.1675 0.31124999999999997 0.1675 0.31124999999999997 0.175 0.32625000000000004 0.175 0.32625000000000004 0.1675
5 0.43375 0.8550000000000001 0.41875 0.8550000000000001 0.41875 0.8625 0.43375 0.8625 0.43375 0.8550000000000001
5 0.09125 0.6275000000000001 0.07875 0.6275000000000001 0.07875 0.645 0.09125 0.645 0.09125 0.6275000000000001
5 0.68875 0.19875 0.67375 0.19875 0.67375 0.21125 0.68875 0.21125 0.68875 0.19875
5 0.6487499999999999 0.365 0.63375 0.365 0.63375 0.3725 0.6487499999999999 0.3725 0.6487499999999999 0.365
5 0.79125 0.44125 0.78625 0.44125 0.78625 0.46125 0.79125 0.46125 0.79125 0.44125
5 0.05375 0.29625 0.01125 0.29625 0.01125 0.32125 0.05375 0.32125 0.05375 0.29625
5 0.5900000000000001 0.6637500000000001 0.5725 0.6637500000000001 0.5725 0.67375 0.5900000000000001 0.67375 0.5900000000000001 0.6637500000000001
5 0.31 0.00625 0.2925 0.00625 0.2925 0.013750000000000002 0.31 0.013750000000000002 0.31 0.00625
5 0.7849999999999999 0.1375 0.7725 0.1375 0.7725 0.14750000000000002 0.7849999999999999 0.14750000000000002 0.7849999999999999 0.1375
5 0.83375 0.12375 0.81375 0.12375 0.81375 0.13125 0.83375 0.13125 0.83375 0.12375
5 0.6475 0.35750000000000004 0.6325000000000001 0.35750000000000004 0.6325000000000001 0.3625 0.6475 0.3625 0.6475 0.35750000000000004
5 0.03 0.03625 0.017499999999999998 0.03625 0.017499999999999998 0.05125 0.03 0.05125 0.03 0.03625
5 0.31 0.02 0.29 0.02 0.29 0.03 0.31 0.03 0.31 0.02
5 0.44749999999999995 0.83375 0.43 0.83375 0.43 0.84375 0.44749999999999995 0.84375 0.44749999999999995 0.83375
5 0.2525 0.5875 0.2375 0.5875 0.2375 0.605 0.2525 0.605 0.2525 0.5875
5 0.595 0.9324999999999999 0.58 0.9324999999999999 0.58 0.9375 0.595 0.9375 0.595 0.9324999999999999
5 0.08 0.61 0.0675 0.61 0.0675 0.6275000000000001 0.08 0.6275000000000001 0.08 0.61
5 0.07375000000000001 0.63 0.061250000000000006 0.63 0.061250000000000006 0.65 0.07375000000000001 0.65 0.07375000000000001 0.63
5 0.05500000000000001 0.885 0.034999999999999996 0.885 0.034999999999999996 0.9099999999999999 0.05500000000000001 0.9099999999999999 0.05500000000000001 0.885
5 0.79625 0.425 0.78625 0.425 0.78625 0.44000000000000006 0.79625 0.44000000000000006 0.79625 0.425
5 0.81375 0.60375 0.8087500000000001 0.60375 0.8087500000000001 0.61875 0.81375 0.61875 0.81375 0.60375
5 0.013750000000000002 0.8825 0.00125 0.8825 0.00125 0.8949999999999999 0.013750000000000002 0.8949999999999999 0.013750000000000002 0.8825
5 0.395 0.84375 0.3825 0.84375 0.3825 0.85125 0.395 0.85125 0.395 0.84375
5 0.8262499999999999 0.11625 0.80375 0.11625 0.80375 0.12125 0.8262499999999999 0.12125 0.8262499999999999 0.11625
5 0.44375 0.18125 0.42125 0.18125 0.42125 0.19624999999999998 0.44375 0.19624999999999998 0.44375 0.18125
5 0.6725 0.20249999999999999 0.6575 0.20249999999999999 0.6575 0.21000000000000002 0.6725 0.21000000000000002 0.6725 0.20249999999999999
5 0.026250000000000002 0.7375 0.01125 0.7375 0.01125 0.75 0.026250000000000002 0.75 0.026250000000000002 0.7375
5 0.03625 0.9375 0.028749999999999998 0.9375 0.028749999999999998 0.95 0.03625 0.95 0.03625 0.9375
5 0.195 0.38875000000000004 0.1875 0.38875000000000004 0.1875 0.40374999999999994 0.195 0.40374999999999994 0.195 0.38875000000000004
5 0.6075 0.32625000000000004 0.6 0.32625000000000004 0.6 0.34875 0.6075 0.34875 0.6075 0.32625000000000004
5 0.20875 0.9550000000000001 0.19125 0.9550000000000001 0.19125 0.9724999999999999 0.20875 0.9724999999999999 0.20875 0.9550000000000001
5 0.42125 0.19375 0.40875000000000006 0.19375 0.40875000000000006 0.20375000000000001 0.42125 0.20375000000000001 0.42125 0.19375
5 0.495 0.845 0.485 0.845 0.485 0.8525 0.495 0.8525 0.495 0.845
5 0.14875 0.4 0.12625 0.4 0.12625 0.41500000000000004 0.14875 0.41500000000000004 0.14875 0.4
5 0.09875 0.2375 0.07875 0.2375 0.07875 0.2525 0.09875 0.2525 0.09875 0.2375
5 0.07875 0.5875 0.061250000000000006 0.5875 0.061250000000000006 0.6 0.07875 0.6 0.07875 0.5875
5 0.6 0.19624999999999998 0.5900000000000001 0.19624999999999998 0.5900000000000001 0.20875 0.6 0.20875 0.6 0.19624999999999998
5 0.46624999999999994 0.8474999999999999 0.44875 0.8474999999999999 0.44875 0.8550000000000001 0.46624999999999994 0.8550000000000001 0.46624999999999994 0.8474999999999999
5 0.54625 0.6975 0.53625 0.6975 0.53625 0.7075 0.54625 0.7075 0.54625 0.6975
5 0.61 0.6125 0.6 0.6125 0.6 0.62 0.61 0.62 0.61 0.6125
5 0.60625 0.4325 0.59875 0.4325 0.59875 0.45 0.60625 0.45 0.60625 0.4325
5 0.55625 0.63 0.54625 0.63 0.54625 0.645 0.55625 0.645 0.55625 0.63
5 0.59875 0.59875 0.58125 0.59875 0.58125 0.60875 0.59875 0.60875 0.59875 0.59875
5 0.60875 0.46375 0.60375 0.46375 0.60375 0.47625 0.60875 0.47625 0.60875 0.46375
5 0.62 0.39625 0.605 0.39625 0.605 0.40625 0.62 0.40625 0.62 0.39625
5 0.0725 0.60875 0.05500000000000001 0.60875 0.05500000000000001 0.63125 0.0725 0.63125 0.0725 0.60875