5 0.76625 0.9087500000000001 0.7537499999999999 0.9087500000000001 0.7537499999999999 0.92875 0.76625 0.92875 0.76625 0.9087500000000001
5 0.9400000000000001 0.35875 0.9199999999999999 0.35875 0.9199999999999999 0.36875 0.9400000000000001 0.36875 0.9400000000000001 0.35875
5 0.9087500000000001 0.08499999999999999 0.8887499999999999 0.08499999999999999 0.8887499999999999 0.0975 0.9087500000000001 0.0975 0.9087500000000001 0.08499999999999999
5 0.755 0.71 0.7474999999999999 0.71 0.7474999999999999 0.725 0.755 0.725 0.755 0.71
5 0.24874999999999997 0.0375 0.23625 0.0375 0.23625 0.05500000000000001 0.24874999999999997 0.05500000000000001 0.24874999999999997 0.0375
5 0.24125000000000002 0.034999999999999996 0.23125 0.034999999999999996 0.23125 0.05 0.24125000000000002 0.05 0.24125000000000002 0.034999999999999996
5 0.22125 0.045 0.21375000000000002 0.045 0.21375000000000002 0.057499999999999996 0.22125 0.057499999999999996 0.22125 0.045
5 0.21375000000000002 0.095 0.19375 0.095 0.19375 0.10500000000000001 0.21375000000000002 0.10500000000000001 0.21375000000000002 0.095
5 0.21125 0.11374999999999999 0.19375 0.11374999999999999 0.19375 0.12375 0.21125 0.12375 0.21125 0.11374999999999999
5 0.40125 0.1375 0.38375 0.1375 0.38375 0.16 0.40125 0.16 0.40125 0.1375
5 0.45125000000000004 0.1825 0.44125 0.1825 0.44125 0.1975 0.45125000000000004 0.1975 0.45125000000000004 0.1825
5 0.45875000000000005 0.16875 0.44625000000000004 0.16875 0.44625000000000004 0.18125 0.45875000000000005 0.18125 0.45875000000000005 0.16875
5 0.4325 0.225 0.42000000000000004 0.225 0.42000000000000004 0.24 0.4325 0.24 0.4325 0.225
5 0.37124999999999997 0.30125 0.35625 0.30125 0.35625 0.32125 0.37124999999999997 0.32125 0.37124999999999997 0.30125
5 0.36625 0.42874999999999996 0.35375 0.42874999999999996 0.35375 0.44625000000000004 0.36625 0.44625000000000004 0.36625 0.42874999999999996
5 0.37124999999999997 0.4325 0.36375 0.4325 0.36375 0.44749999999999995 0.37124999999999997 0.44749999999999995 0.37124999999999997 0.4325
5 0.38 0.4375 0.37 0.4375 0.37 0.4525 0.38 0.4525 0.38 0.4375
5 0.38875000000000004 0.4375 0.37625000000000003 0.4375 0.37625000000000003 0.45499999999999996 0.38875000000000004 0.45499999999999996 0.38875000000000004 0.4375
5 0.39625 0.44125 0.38375 0.44125 0.38375 0.45625 0.39625 0.45625 0.39625 0.44125
5 0.40125 0.445 0.38875000000000004 0.445 0.38875000000000004 0.4625 0.40125 0.4625 0.40125 0.445
5 0.40750000000000003 0.44875 0.395 0.44875 0.395 0.46375 0.40750000000000003 0.46375 0.40750000000000003 0.44875
5 0.40125 0.4625 0.38875000000000004 0.4625 0.38875000000000004 0.47750000000000004 0.40125 0.47750000000000004 0.40125 0.4625
5 0.41500000000000004 0.45 0.4025 0.45 0.4025 0.46749999999999997 0.41500000000000004 0.46749999999999997 0.41500000000000004 0.45
5 0.42125 0.45499999999999996 0.40875000000000006 0.45499999999999996 0.40875000000000006 0.47000000000000003 0.42125 0.47000000000000003 0.42125 0.45499999999999996
5 0.42625 0.4575 0.41624999999999995 0.4575 0.41624999999999995 0.4725 0.42625 0.4725 0.42625 0.4575
5 0.4325 0.46125 0.4225 0.46125 0.4225 0.47625 0.4325 0.47625 0.4325 0.46125
5 0.44125 0.4625 0.42874999999999996 0.4625 0.42874999999999996 0.47750000000000004 0.44125 0.47750000000000004 0.44125 0.4625
5 0.4425 0.48 0.43 0.48 0.43 0.495 0.4425 0.495 0.4425 0.48
5 0.4325 0.47625 0.4225 0.47625 0.4225 0.49124999999999996 0.4325 0.49124999999999996 0.4325 0.47625
5 0.42625 0.4725 0.41624999999999995 0.4725 0.41624999999999995 0.4875 0.42625 0.4875 0.42625 0.4725
5 0.42000000000000004 0.47125000000000006 0.41 0.47125000000000006 0.41 0.48375 0.42000000000000004 0.48375 0.42000000000000004 0.47125000000000006
5 0.41375 0.46624999999999994 0.40374999999999994 0.46624999999999994 0.40374999999999994 0.48125 0.41375 0.48125 0.41375 0.46624999999999994
5 0.40499999999999997 0.465 0.3975 0.465 0.3975 0.48 0.40499999999999997 0.48 0.40499999999999997 0.465
5 0.4375 0.495 0.425 0.495 0.425 0.505 0.4375 0.505 0.4375 0.495
5 0.42874999999999996 0.4875 0.41375 0.4875 0.41375 0.49749999999999994 0.42874999999999996 0.49749999999999994 0.42874999999999996 0.4875
5 0.41500000000000004 0.48624999999999996 0.3975 0.48624999999999996 0.3975 0.49625 0.41500000000000004 0.49625 0.41500000000000004 0.48624999999999996
5 0.41500000000000004 0.48250000000000004 0.4 0.48250000000000004 0.4 0.49000000000000005 0.41500000000000004 0.49000000000000005 0.41500000000000004 0.48250000000000004
5 0.39875 0.47625 0.38375 0.47625 0.38375 0.48375 0.39875 0.48375 0.39875 0.47625
5 0.36 0.47750000000000004 0.34750000000000003 0.47750000000000004 0.34750000000000003 0.495 0.36 0.495 0.36 0.47750000000000004
5 0.3725 0.485 0.3625 0.485 0.3625 0.5 0.3725 0.5 0.3725 0.485
5 0.375 0.45 0.3625 0.45 0.3625 0.465 0.375 0.465 0.375 0.45
5 0.4 0.37 0.39 0.37 0.39 0.385 0.4 0.385 0.4 0.37
5 0.41 0.3725 0.4 0.3725 0.4 0.3875 0.41 0.3875 0.41 0.3725
5 0.03875 0.575 0.028749999999999998 0.575 0.028749999999999998 0.5900000000000001 0.03875 0.5900000000000001 0.03875 0.575
4 0.18625 0.4 0.16125 0.4 0.16125 0.4175 0.18625 0.4175 0.18625 0.4
5 0 0.6525000000000001 0.0025 0.6525000000000001 0.0025 0.6425 0 0.6425 0 0.6525000000000001
5 0 0.64375 0.0075 0.64375 0.0075 0.63375 0 0.63375 0 0.64375
5 0.9625 0.04625 0.95 0.04625 0.95 0.06375 0.9625 0.06375 0.9625 0.04625
5 0.9550000000000001 0.042499999999999996 0.9425000000000001 0.042499999999999996 0.9425000000000001 0.057499999999999996 0.9550000000000001 0.057499999999999996 0.9550000000000001 0.042499999999999996
5 0.97 0.05 0.9574999999999999 0.05 0.9574999999999999 0.065 0.97 0.065 0.97 0.05
5 0.975 0.05500000000000001 0.9650000000000001 0.05500000000000001 0.9650000000000001 0.06999999999999999 0.975 0.06999999999999999 0.975 0.05500000000000001
5 0.73875 0.73375 0.7262500000000001 0.73375 0.7262500000000001 0.75125 0.73875 0.75125 0.73875 0.73375
5 0.745 0.73875 0.735 0.73875 0.735 0.7537499999999999 0.745 0.7537499999999999 0.745 0.73875
5 0.75125 0.74125 0.74125 0.74125 0.74125 0.75625 0.75125 0.75625 0.75125 0.74125
5 0.75875 0.7462500000000001 0.74875 0.7462500000000001 0.74875 0.76125 0.75875 0.76125 0.75875 0.7462500000000001
5 0.76625 0.74875 0.75625 0.74875 0.75625 0.76375 0.76625 0.76375 0.76625 0.74875
5 0.7737499999999999 0.75125 0.76125 0.75125 0.76125 0.76875 0.7737499999999999 0.76875 0.7737499999999999 0.75125
5 0.78125 0.7525000000000001 0.77125 0.7525000000000001 0.77125 0.77 0.78125 0.77 0.78125 0.7525000000000001
5 0.01625 0.6 0.008749999999999999 0.6 0.008749999999999999 0.61 0.01625 0.61 0.01625 0.6
5 0.021249999999999998 0.6012500000000001 0.01625 0.6012500000000001 0.01625 0.61375 0.021249999999999998 0.61375 0.021249999999999998 0.6012500000000001
5 0.03125 0.6012500000000001 0.02375 0.6012500000000001 0.02375 0.61375 0.03125 0.61375 0.03125 0.6012500000000001
5 0.04 0.60625 0.0325 0.60625 0.0325 0.61625 0.04 0.61625 0.04 0.60625
5 0.04625 0.60875 0.03875 0.60875 0.03875 0.61875 0.04625 0.61875 0.04625 0.60875
5 0.05375 0.6125 0.04625 0.6125 0.04625 0.6224999999999999 0.05375 0.6224999999999999 0.05375 0.6125
5 0.20625 0.12125 0.19125 0.12125 0.19125 0.13125 0.20625 0.13125 0.20625 0.12125
5 0.9262499999999999 0.28625 0.91625 0.28625 0.91625 0.29874999999999996 0.9262499999999999 0.29874999999999996 0.9262499999999999 0.28625
5 0.9237500000000001 0.29874999999999996 0.91375 0.29874999999999996 0.91375 0.31124999999999997 0.9237500000000001 0.31124999999999997 0.9237500000000001 0.29874999999999996
5 0.8625 0.25375000000000003 0.8525 0.25375000000000003 0.8525 0.26875 0.8625 0.26875 0.8625 0.25375000000000003
5 0.8699999999999999 0.2575 0.86 0.2575 0.86 0.2725 0.8699999999999999 0.2725 0.8699999999999999 0.2575
5 0.8800000000000001 0.26125 0.8675 0.26125 0.8675 0.27625 0.8800000000000001 0.27625 0.8800000000000001 0.26125
5 0.85625 0.26625 0.8462500000000001 0.26625 0.8462500000000001 0.28125 0.85625 0.28125 0.85625 0.26625
5 0.375 0.50125 0.365 0.50125 0.365 0.51375 0.375 0.51375 0.375 0.50125
5 0.9400000000000001 0.0375 0.93 0.0375 0.93 0.052500000000000005 0.9400000000000001 0.052500000000000005 0.9400000000000001 0.0375
5 0.94625 0.041249999999999995 0.93625 0.041249999999999995 0.93625 0.05375 0.94625 0.05375 0.94625 0.041249999999999995
5 0.27749999999999997 0.54875 0.26749999999999996 0.54875 0.26749999999999996 0.56125 0.27749999999999997 0.56125 0.27749999999999997 0.54875
5 0.2725 0.5587500000000001 0.2625 0.5587500000000001 0.2625 0.57375 0.2725 0.57375 0.2725 0.5587500000000001
5 0.385 0.265 0.38 0.265 0.38 0.27749999999999997 0.385 0.27749999999999997 0.385 0.265
5 0.2125 0.08875 0.2 0.08875 0.2 0.09625 0.2125 0.09625 0.2125 0.08875
5 0.43875000000000003 0.21749999999999997 0.42874999999999996 0.21749999999999997 0.42874999999999996 0.22749999999999998 0.43875000000000003 0.22749999999999998 0.43875000000000003 0.21749999999999997
5 0.4025 0.23374999999999999 0.39249999999999996 0.23374999999999999 0.39249999999999996 0.24625 0.4025 0.24625 0.4025 0.23374999999999999
5 0.0725 0.14125000000000001 0.0625 0.14125000000000001 0.0625 0.15875 0.0725 0.15875 0.0725 0.14125000000000001
5 0.2325 0.06875 0.2225 0.06875 0.2225 0.08125 0.2325 0.08125 0.2325 0.06875
5 0.04375 0.90625 0.028749999999999998 0.90625 0.028749999999999998 0.9237500000000001 0.04375 0.9237500000000001 0.04375 0.90625
5 0.585 0.5675 0.5725 0.5675 0.5725 0.5825 0.585 0.5825 0.585 0.5675
5 0.2525 0.6025 0.2425 0.6025 0.2425 0.6125 0.2525 0.6125 0.2525 0.6025
5 0.23875000000000002 0.0025 0.22875 0.0025 0.22875 0.0225 0.23875000000000002 0.0225 0.23875000000000002 0.0025
5 0.05 0.20375000000000001 0.0325 0.20375000000000001 0.0325 0.22125 0.05 0.22125 0.05 0.20375000000000001
5 0.7787499999999999 0.72 0.76875 0.72 0.76875 0.7375 0.7787499999999999 0.7375 0.7787499999999999 0.72
5 1 0.028749999999999998 0.99 0.028749999999999998 0.99 0.03125 1 0.03125 1 0.028749999999999998
5 0.22000000000000003 0.46375 0.20249999999999999 0.46375 0.20249999999999999 0.47625 0.22000000000000003 0.47625 0.22000000000000003 0.46375
5 0.31 0.8925000000000001 0.3 0.8925000000000001 0.3 0.9025000000000001 0.31 0.9025000000000001 0.31 0.8925000000000001
5 0.205 0.1075 0.195 0.1075 0.195 0.11499999999999999 0.205 0.11499999999999999 0.205 0.1075
5 0.70875 0.7175 0.68875 0.7175 0.68875 0.7325 0.70875 0.7325 0.70875 0.7175
5 0.9574999999999999 0.1275 0.945 0.1275 0.945 0.1375 0.9574999999999999 0.1375 0.9574999999999999 0.1275
5 0.31124999999999997 0.93125 0.29375 0.93125 0.29375 0.9412499999999999 0.31124999999999997 0.9412499999999999 0.31124999999999997 0.93125
5 0.79 0.725 0.78 0.725 0.78 0.74 0.79 0.74 0.79 0.725
5 0.645 0.395 0.6325000000000001 0.395 0.6325000000000001 0.40750000000000003 0.645 0.40750000000000003 0.645 0.395
5 0.9125 0.29625 0.905 0.29625 0.905 0.30874999999999997 0.9125 0.30874999999999997 0.9125 0.29625
5 0.30375 0.9037499999999999 0.29125 0.9037499999999999 0.29125 0.91625 0.30375 0.91625 0.30375 0.9037499999999999
5 0.26 0.5337500000000001 0.24500000000000002 0.5337500000000001 0.24500000000000002 0.54125 0.26 0.54125 0.26 0.5337500000000001
5 0.4875 0.7112499999999999 0.47750000000000004 0.7112499999999999 0.47750000000000004 0.72375 0.4875 0.72375 0.4875 0.7112499999999999
5 0.03 0.8612500000000001 0.01 0.8612500000000001 0.01 0.87375 0.03 0.87375 0.03 0.8612500000000001
5 0.765 0.01125 0.7525000000000001 0.01125 0.7525000000000001 0.021249999999999998 0.765 0.021249999999999998 0.765 0.01125
5 0.4425 0.2 0.4325 0.2 0.4325 0.21000000000000002 0.4425 0.21000000000000002 0.4425 0.2
5 0.57875 0.5287499999999999 0.56875 0.5287499999999999 0.56875 0.5387500000000001 0.57875 0.5387500000000001 0.57875 0.5287499999999999
5 0.23125 0.03625 0.22625 0.03625 0.22625 0.04875 0.23125 0.04875 0.23125 0.03625
5 0.71875 0.9724999999999999 0.70375 0.9724999999999999 0.70375 0.9800000000000001 0.71875 0.9800000000000001 0.71875 0.9724999999999999
5 0.6849999999999999 0.40499999999999997 0.675 0.40499999999999997 0.675 0.4175 0.6849999999999999 0.4175 0.6849999999999999 0.40499999999999997
5 0.0625 0.5825 0.05 0.5825 0.05 0.6 0.0625 0.6 0.0625 0.5825
5 0.5900000000000001 0.50875 0.5775 0.50875 0.5775 0.52625 0.5900000000000001 0.52625 0.5900000000000001 0.50875
5 0.16375 0.745 0.15125 0.745 0.15125 0.7525000000000001 0.16375 0.7525000000000001 0.16375 0.745
5 0.77 0.7150000000000001 0.7625 0.7150000000000001 0.7625 0.73 0.77 0.73 0.77 0.7150000000000001
5 0.9225 0.3275 0.915 0.3275 0.915 0.34249999999999997 0.9225 0.34249999999999997 0.9225 0.3275
5 0.0775 0.97 0.0625 0.97 0.0625 0.9800000000000001 0.0775 0.9800000000000001 0.0775 0.97
5 0.56875 0.5587500000000001 0.55625 0.5587500000000001 0.55625 0.57375 0.56875 0.57375 0.56875 0.5587500000000001
5 0.8412499999999999 0.27375 0.83375 0.27375 0.83375 0.28125 0.8412499999999999 0.28125 0.8412499999999999 0.27375
5 0.9275 0.3975 0.915 0.3975 0.915 0.4125 0.9275 0.4125 0.9275 0.3975
5 0.25125000000000003 0.545 0.24125000000000002 0.545 0.24125000000000002 0.5575 0.25125000000000003 0.5575 0.25125000000000003 0.545
5 0.4525 0.12375 0.4425 0.12375 0.4425 0.14375 0.4525 0.14375 0.4525 0.12375
5 0.175 0.45125000000000004 0.1625 0.45125000000000004 0.1625 0.46875 0.175 0.46875 0.175 0.45125000000000004
5 0.8825 0.5650000000000001 0.8675 0.5650000000000001 0.8675 0.5725 0.8825 0.5725 0.8825 0.5650000000000001
5 0.8125 0.66625 0.795 0.66625 0.795 0.6837500000000001 0.8125 0.6837500000000001 0.8125 0.66625
5 0.7474999999999999 0.705 0.74 0.705 0.74 0.7224999999999999 0.7474999999999999 0.7224999999999999 0.7474999999999999 0.705
5 0.725 0.96875 0.7125 0.96875 0.7125 0.97625 0.725 0.97625 0.725 0.96875
5 0.9225 0.425 0.9125 0.425 0.9125 0.44000000000000006 0.9225 0.44000000000000006 0.9225 0.425
5 0.05500000000000001 0.44875 0.042499999999999996 0.44875 0.042499999999999996 0.46624999999999994 0.05500000000000001 0.46624999999999994 0.05500000000000001 0.44875
5 0.38875000000000004 0.13625 0.38375 0.13625 0.38375 0.15125 0.38875000000000004 0.15125 0.38875000000000004 0.13625
5 0.08625000000000001 0.9574999999999999 0.07125000000000001 0.9574999999999999 0.07125000000000001 0.97 0.08625000000000001 0.97 0.08625000000000001 0.9574999999999999
5 0.9025000000000001 0.0225 0.8975 0.0225 0.8975 0.0325 0.9025000000000001 0.0325 0.9025000000000001 0.0225
5 0.44000000000000006 0.1575 0.42750000000000005 0.1575 0.42750000000000005 0.17250000000000001 0.44000000000000006 0.17250000000000001 0.44000000000000006 0.1575
5 0.39625 0.25125000000000003 0.37875000000000003 0.25125000000000003 0.37875000000000003 0.26875 0.39625 0.26875 0.39625 0.25125000000000003
5 0.7112499999999999 0.98125 0.69625 0.98125 0.69625 0.99125 0.7112499999999999 0.99125 0.7112499999999999 0.98125
5 1 0.04875 0.9887499999999999 0.04875 0.9887499999999999 0.05625 1 0.05625 1 0.04875
5 0.43499999999999994 0.8300000000000001 0.4225 0.8300000000000001 0.4225 0.845 0.43499999999999994 0.845 0.43499999999999994 0.8300000000000001
5 0.04875 0.5775 0.03875 0.5775 0.03875 0.595 0.04875 0.595 0.04875 0.5775
5 0.6174999999999999 0.43624999999999997 0.61 0.43624999999999997 0.61 0.45125000000000004 0.6174999999999999 0.45125000000000004 0.6174999999999999 0.43624999999999997
5 0.8800000000000001 0.28250000000000003 0.8724999999999999 0.28250000000000003 0.8724999999999999 0.29500000000000004 0.8800000000000001 0.29500000000000004 0.8800000000000001 0.28250000000000003
5 0.9237500000000001 0.03 0.91875 0.03 0.91875 0.042499999999999996 0.9237500000000001 0.042499999999999996 0.9237500000000001 0.03
5 0.0375 0.45 0.0225 0.45 0.0225 0.47000000000000003 0.0375 0.47000000000000003 0.0375 0.45
5 0.1125 0.92875 0.095 0.92875 0.095 0.9412499999999999 0.1125 0.9412499999999999 0.1125 0.92875
5 0.08 0.5900000000000001 0.0725 0.5900000000000001 0.0725 0.6025 0.08 0.6025 0.08 0.5900000000000001
5 0.9925 0.065 0.9824999999999999 0.065 0.9824999999999999 0.08 0.9925 0.08 0.9925 0.065
5 0.11625 0.83125 0.10874999999999999 0.83125 0.10874999999999999 0.8462500000000001 0.11625 0.8462500000000001 0.11625 0.83125
5 0.305 0.49000000000000005 0.2925 0.49000000000000005 0.2925 0.5025000000000001 0.305 0.5025000000000001 0.305 0.49000000000000005
5 0.08249999999999999 0.9625 0.0675 0.9625 0.0675 0.975 0.08249999999999999 0.975 0.08249999999999999 0.9625
5 0.19875 0.66625 0.18375 0.66625 0.18375 0.67875 0.19875 0.67875 0.19875 0.66625
5 0.6775 0.31375000000000003 0.6675 0.31375000000000003 0.6675 0.32375 0.6775 0.32375 0.6775 0.31375000000000003
5 0.93 0.3025 0.9225 0.3025 0.9225 0.3125 0.93 0.3125 0.93 0.3025
5 0.61625 0.505 0.59875 0.505 0.59875 0.525 0.61625 0.525 0.61625 0.505
5 0.02375 0.5725 0.013750000000000002 0.5725 0.013750000000000002 0.585 0.02375 0.585 0.02375 0.5725
5 0.18125 0.45875000000000005 0.17124999999999999 0.45875000000000005 0.17124999999999999 0.47375 0.18125 0.47375 0.18125 0.45875000000000005
5 0.21375000000000002 0.07625 0.19875 0.07625 0.19875 0.08875 0.21375000000000002 0.08875 0.21375000000000002 0.07625
5 0.82875 0.00625 0.81375 0.00625 0.81375 0.01625 0.82875 0.01625 0.82875 0.00625
5 0.0775 0.9775 0.0625 0.9775 0.0625 0.9875 0.0775 0.9875 0.0775 0.9775
5 0.42625 0.24 0.41375 0.24 0.41375 0.2525 0.42625 0.2525 0.42625 0.24
5 0.46624999999999994 0.0925 0.45625 0.0925 0.45625 0.1075 0.46624999999999994 0.1075 0.46624999999999994 0.0925
5 0.9112500000000001 0.425 0.90625 0.425 0.90625 0.4375 0.9112500000000001 0.4375 0.9112500000000001 0.425
5 0.21625 0.03375 0.21125 0.03375 0.21125 0.04375 0.21625 0.04375 0.21625 0.03375
5 0.9650000000000001 0.10500000000000001 0.9550000000000001 0.10500000000000001 0.9550000000000001 0.11499999999999999 0.9650000000000001 0.11499999999999999 0.9650000000000001 0.10500000000000001
5 0.09375 0.9525 0.07875 0.9525 0.07875 0.9650000000000001 0.09375 0.9650000000000001 0.09375 0.9525
5 0.22125 0.065 0.21375000000000002 0.065 0.21375000000000002 0.0775 0.22125 0.0775 0.22125 0.065