5 0.021249999999999998 0.8324999999999999 0.00125 0.8324999999999999 0.00125 0.8949999999999999 0.021249999999999998 0.8949999999999999 0.021249999999999998 0.8324999999999999
5 0.02 0.98375 0.0125 0.98375 0.0125 0.9962500000000001 0.02 0.9962500000000001 0.02 0.98375
5 0.5900000000000001 0.9075 0.58 0.9075 0.58 0.9275 0.5900000000000001 0.9275 0.5900000000000001 0.9075
5 0.10500000000000001 1 0.10500000000000001 0.99375 0.08249999999999999 0.99375 0.08249999999999999 1 0.10500000000000001 1
5 0.1625 0.475 0.13999999999999999 0.475 0.13999999999999999 0.4875 0.1625 0.4875 0.1625 0.475
5 0.705 0.865 0.6925 0.865 0.6925 0.8975 0.705 0.8975 0.705 0.865
5 0.10625 0.7275 0.08125 0.7275 0.08125 0.735 0.10625 0.735 0.10625 0.7275
5 0.5912499999999999 0.8800000000000001 0.58125 0.8800000000000001 0.58125 0.8925000000000001 0.5912499999999999 0.8925000000000001 0.5912499999999999 0.8800000000000001
5 0.05375 0.98125 0.04625 0.98125 0.04625 0.9962500000000001 0.05375 0.9962500000000001 0.05375 0.98125
5 0.1 0.6775 0.08 0.6775 0.08 0.6875 0.1 0.6875 0.1 0.6775
5 0.1075 0.745 0.0875 0.745 0.0875 0.755 0.1075 0.755 0.1075 0.745
5 0.43624999999999997 0.6925 0.38625 0.6925 0.38625 0.7075 0.43624999999999997 0.7075 0.43624999999999997 0.6925
5 0.07375000000000001 0.9800000000000001 0.06625 0.9800000000000001 0.06625 0.9974999999999999 0.07375000000000001 0.9974999999999999 0.07375000000000001 0.9800000000000001
5 0.7975 0.94625 0.77 0.94625 0.77 0.95375 0.7975 0.95375 0.7975 0.94625
5 0.0625 0.9824999999999999 0.05500000000000001 0.9824999999999999 0.05500000000000001 0.9974999999999999 0.0625 0.9974999999999999 0.0625 0.9824999999999999
5 0.03875 0.9824999999999999 0.03125 0.9824999999999999 0.03125 0.9949999999999999 0.03875 0.9949999999999999 0.03875 0.9824999999999999
5 0.09875 0.6875 0.08375 0.6875 0.08375 0.6975 0.09875 0.6975 0.09875 0.6875
5 0.10375000000000001 0.7075 0.08375 0.7075 0.08375 0.71 0.10375000000000001 0.71 0.10375000000000001 0.7075
5 0.1575 0.51125 0.12 0.51125 0.12 0.53125 0.1575 0.53125 0.1575 0.51125
5 0.10625 0.71375 0.08625000000000001 0.71375 0.08625000000000001 0.7212500000000001 0.10625 0.7212500000000001 0.10625 0.71375
5 0.6475 0.8574999999999999 0.6275000000000001 0.8574999999999999 0.6275000000000001 0.8675 0.6475 0.8675 0.6475 0.8574999999999999