5 0.29 0.52125 0.27749999999999997 0.52125 0.27749999999999997 0.54125 0.29 0.54125 0.29 0.52125
5 0.24874999999999997 0.76 0.23625 0.76 0.23625 0.78 0.24874999999999997 0.78 0.24874999999999997 0.76
5 0.28125 0.8724999999999999 0.27125 0.8724999999999999 0.27125 0.89 0.28125 0.89 0.28125 0.8724999999999999
5 0.2125 0.15875 0.205 0.15875 0.205 0.17375000000000002 0.2125 0.17375000000000002 0.2125 0.15875
5 0.21749999999999997 0.24125000000000002 0.21000000000000002 0.24125000000000002 0.21000000000000002 0.25625 0.21749999999999997 0.25625 0.21749999999999997 0.24125000000000002
5 0.26 0.73375 0.2525 0.73375 0.2525 0.74875 0.26 0.74875 0.26 0.73375
5 0.215 0.05625 0.20750000000000002 0.05625 0.20750000000000002 0.06625 0.215 0.06625 0.215 0.05625
5 0.24125000000000002 0.6950000000000001 0.23374999999999999 0.6950000000000001 0.23374999999999999 0.7150000000000001 0.24125000000000002 0.7150000000000001 0.24125000000000002 0.6950000000000001
5 0.2325 0.35625 0.22749999999999998 0.35625 0.22749999999999998 0.37124999999999997 0.2325 0.37124999999999997 0.2325 0.35625
5 0.22749999999999998 0.021249999999999998 0.22000000000000003 0.021249999999999998 0.22000000000000003 0.03375 0.22749999999999998 0.03375 0.22749999999999998 0.021249999999999998
5 0.22749999999999998 0.16375 0.22000000000000003 0.16375 0.22000000000000003 0.18125 0.22749999999999998 0.18125 0.22749999999999998 0.16375
5 0.26749999999999996 0.08875 0.26 0.08875 0.26 0.10375000000000001 0.26749999999999996 0.10375000000000001 0.26749999999999996 0.08875
5 0.27375 0.76375 0.26625 0.76375 0.26625 0.78125 0.27375 0.78125 0.27375 0.76375
5 0.28375 0.0375 0.27125 0.0375 0.27125 0.057499999999999996 0.28375 0.057499999999999996 0.28375 0.0375