5 1 0.1525 0.98375 0.1525 0.98375 0.16 1 0.16 1 0.1525
5 0.9962500000000001 0.19125 0.98375 0.19125 0.98375 0.20875 0.9962500000000001 0.20875 0.9962500000000001 0.19125
5 0.6487499999999999 0.6775 0.63375 0.6775 0.63375 0.6950000000000001 0.6487499999999999 0.6950000000000001 0.6487499999999999 0.6775
5 0.27 0.6799999999999999 0.2575 0.6799999999999999 0.2575 0.6975 0.27 0.6975 0.27 0.6799999999999999
5 0.18875 0.6900000000000001 0.17625 0.6900000000000001 0.17625 0.7150000000000001 0.18875 0.7150000000000001 0.18875 0.6900000000000001
5 0.21125 0.70625 0.19624999999999998 0.70625 0.19624999999999998 0.71875 0.21125 0.71875 0.21125 0.70625
5 0.19875 0.68625 0.19125 0.68625 0.19125 0.70375 0.19875 0.70375 0.19875 0.68625
5 0.26 0.73625 0.2425 0.73625 0.2425 0.7462500000000001 0.26 0.7462500000000001 0.26 0.73625
5 0.93 0.95375 0.9175000000000001 0.95375 0.9175000000000001 0.96875 0.93 0.96875 0.93 0.95375
5 0.9237500000000001 0.9087500000000001 0.9112500000000001 0.9087500000000001 0.9112500000000001 0.9262499999999999 0.9237500000000001 0.9262499999999999 0.9237500000000001 0.9087500000000001
5 0.915 0.95625 0.905 0.95625 0.905 0.9712500000000001 0.915 0.9712500000000001 0.915 0.95625
5 0.91625 0.8875 0.90625 0.8875 0.90625 0.9025000000000001 0.91625 0.9025000000000001 0.91625 0.8875
5 0.9012499999999999 0.80625 0.89125 0.80625 0.89125 0.8262499999999999 0.9012499999999999 0.8262499999999999 0.9012499999999999 0.80625
5 0.9349999999999999 0.825 0.915 0.825 0.915 0.8324999999999999 0.9349999999999999 0.8324999999999999 0.9349999999999999 0.825
5 0.86875 0.79625 0.85125 0.79625 0.85125 0.81375 0.86875 0.81375 0.86875 0.79625
5 0.86625 0.77125 0.85125 0.77125 0.85125 0.7887500000000001 0.86625 0.7887500000000001 0.86625 0.77125
5 0.88375 0.7125 0.8712500000000001 0.7125 0.8712500000000001 0.725 0.88375 0.725 0.88375 0.7125
5 0.9574999999999999 0.13874999999999998 0.9475 0.13874999999999998 0.9475 0.15625 0.9574999999999999 0.15625 0.9574999999999999 0.13874999999999998
5 0.945 0.1625 0.9275 0.1625 0.9275 0.16999999999999998 0.945 0.16999999999999998 0.945 0.1625
5 0.865 0.20375000000000001 0.8525 0.20375000000000001 0.8525 0.22374999999999998 0.865 0.22374999999999998 0.865 0.20375000000000001
5 0.7825 0.33999999999999997 0.77 0.33999999999999997 0.77 0.355 0.7825 0.355 0.7825 0.33999999999999997
5 0.82125 0.38875000000000004 0.81125 0.38875000000000004 0.81125 0.40125 0.82125 0.40125 0.82125 0.38875000000000004
5 0.8012499999999999 0.34875 0.79125 0.34875 0.79125 0.36875 0.8012499999999999 0.36875 0.8012499999999999 0.34875
5 0.85125 0.6325000000000001 0.8387499999999999 0.6325000000000001 0.8387499999999999 0.645 0.85125 0.645 0.85125 0.6325000000000001
5 0.7112499999999999 0.6287499999999999 0.69375 0.6287499999999999 0.69375 0.63625 0.7112499999999999 0.63625 0.7112499999999999 0.6287499999999999
5 0.73125 0.61625 0.71875 0.61625 0.71875 0.63375 0.73125 0.63375 0.73125 0.61625
5 0.625 0.63375 0.61 0.63375 0.61 0.6487499999999999 0.625 0.6487499999999999 0.625 0.63375
5 0.77125 0.6525000000000001 0.75625 0.6525000000000001 0.75625 0.6599999999999999 0.77125 0.6599999999999999 0.77125 0.6525000000000001
5 0.915 0.63 0.8975 0.63 0.8975 0.6375 0.915 0.6375 0.915 0.63
5 0.8487500000000001 0.68625 0.8387499999999999 0.68625 0.8387499999999999 0.70125 0.8487500000000001 0.70125 0.8487500000000001 0.68625
5 0.585 0.6849999999999999 0.5700000000000001 0.6849999999999999 0.5700000000000001 0.6900000000000001 0.585 0.6900000000000001 0.585 0.6849999999999999
5 0.5575 0.6875 0.545 0.6875 0.545 0.6950000000000001 0.5575 0.6950000000000001 0.5575 0.6875
5 0.5075000000000001 0.6950000000000001 0.4875 0.6950000000000001 0.4875 0.7025 0.5075000000000001 0.7025 0.5075000000000001 0.6950000000000001
5 0.48624999999999996 0.6599999999999999 0.46624999999999994 0.6599999999999999 0.46624999999999994 0.67 0.48624999999999996 0.67 0.48624999999999996 0.6599999999999999
5 0.5337500000000001 0.6925 0.51375 0.6925 0.51375 0.7 0.5337500000000001 0.7 0.5337500000000001 0.6925
5 0.6837500000000001 0.62625 0.67375 0.62625 0.67375 0.64375 0.6837500000000001 0.64375 0.6837500000000001 0.62625
5 0.85 0.54375 0.8425 0.54375 0.8425 0.55625 0.85 0.55625 0.85 0.54375
5 0.8474999999999999 0.53125 0.8400000000000001 0.53125 0.8400000000000001 0.54375 0.8474999999999999 0.54375 0.8474999999999999 0.53125
5 0.745 0.14125000000000001 0.7325 0.14125000000000001 0.7325 0.15625 0.745 0.15625 0.745 0.14125000000000001
5 0.7424999999999999 0.12 0.7325 0.12 0.7325 0.1375 0.7424999999999999 0.1375 0.7424999999999999 0.12
5 0.38875000000000004 0.67625 0.37875000000000003 0.67625 0.37875000000000003 0.69375 0.38875000000000004 0.69375 0.38875000000000004 0.67625
5 0.13374999999999998 0.38125 0.12375 0.38125 0.12375 0.39875 0.13374999999999998 0.39875 0.13374999999999998 0.38125
5 0.10375000000000001 0.31 0.08875 0.31 0.08875 0.32 0.10375000000000001 0.32 0.10375000000000001 0.31
5 0.7474999999999999 0.00625 0.74 0.00625 0.74 0.01625 0.7474999999999999 0.01625 0.7474999999999999 0.00625
5 0.75 0.0225 0.745 0.0225 0.745 0.0325 0.75 0.0325 0.75 0.0225
5 0.7224999999999999 0.03375 0.7150000000000001 0.03375 0.7150000000000001 0.04875 0.7224999999999999 0.04875 0.7224999999999999 0.03375
5 0.7212500000000001 0.017499999999999998 0.71375 0.017499999999999998 0.71375 0.027500000000000004 0.7212500000000001 0.027500000000000004 0.7212500000000001 0.017499999999999998
5 0.72875 0.05625 0.7212500000000001 0.05625 0.7212500000000001 0.07125000000000001 0.72875 0.07125000000000001 0.72875 0.05625
5 0.7625 0.06875 0.75 0.06875 0.75 0.08875 0.7625 0.08875 0.7625 0.06875
5 0.7725 0.12375 0.7625 0.12375 0.7625 0.14375 0.7725 0.14375 0.7725 0.12375
5 0.75875 0.11875 0.7462500000000001 0.11875 0.7462500000000001 0.14125000000000001 0.75875 0.14125000000000001 0.75875 0.11875
5 0.76 0.24125000000000002 0.7525000000000001 0.24125000000000002 0.7525000000000001 0.25375000000000003 0.76 0.25375000000000003 0.76 0.24125000000000002
5 0.8099999999999999 0.4175 0.8025 0.4175 0.8025 0.42750000000000005 0.8099999999999999 0.42750000000000005 0.8099999999999999 0.4175
5 0.95 0.60625 0.9375 0.60625 0.9375 0.61375 0.95 0.61375 0.95 0.60625
5 0.96125 0.62 0.94375 0.62 0.94375 0.63 0.96125 0.63 0.96125 0.62
5 0.41375 0.89375 0.39375 0.89375 0.39375 0.9012499999999999 0.41375 0.9012499999999999 0.41375 0.89375
5 0.4575 0.9662499999999999 0.45 0.9662499999999999 0.45 0.97875 0.4575 0.97875 0.4575 0.9662499999999999
5 0.41125 0.7975 0.40374999999999994 0.7975 0.40374999999999994 0.8099999999999999 0.41125 0.8099999999999999 0.41125 0.7975
5 0.33999999999999997 0.6825 0.3225 0.6825 0.3225 0.7025 0.33999999999999997 0.7025 0.33999999999999997 0.6825
5 0.31124999999999997 0.67375 0.30375 0.67375 0.30375 0.68625 0.31124999999999997 0.68625 0.31124999999999997 0.67375
5 0.30125 0.67375 0.29375 0.67375 0.29375 0.68625 0.30125 0.68625 0.30125 0.67375
5 0.2925 0.73375 0.2725 0.73375 0.2725 0.74125 0.2925 0.74125 0.2925 0.73375
5 0.36375 0.67625 0.35375 0.67625 0.35375 0.6912499999999999 0.36375 0.6912499999999999 0.36375 0.67625
5 0.8425 0.575 0.8375 0.575 0.8375 0.585 0.8425 0.585 0.8425 0.575
5 0.7825 0.625 0.77 0.625 0.77 0.6325000000000001 0.7825 0.6325000000000001 0.7825 0.625
5 0.13999999999999999 0.061250000000000006 0.13 0.061250000000000006 0.13 0.08125 0.13999999999999999 0.08125 0.13999999999999999 0.061250000000000006
5 0.0875 0.03875 0.0775 0.03875 0.0775 0.04625 0.0875 0.04625 0.0875 0.03875
5 0.12875 0.08875 0.12125 0.08875 0.12125 0.10124999999999999 0.12875 0.10124999999999999 0.12875 0.08875
5 0.1125 0.3775 0.09 0.3775 0.09 0.4125 0.1125 0.4125 0.1125 0.3775
5 0.87375 0.8237500000000001 0.86625 0.8237500000000001 0.86625 0.83625 0.87375 0.83625 0.87375 0.8237500000000001
5 0.9099999999999999 0.8525 0.9 0.8525 0.9 0.8625 0.9099999999999999 0.8625 0.9099999999999999 0.8525
5 0.8925000000000001 0.885 0.885 0.885 0.885 0.8975 0.8925000000000001 0.8975 0.8925000000000001 0.885
5 0.255 0.835 0.24500000000000002 0.835 0.24500000000000002 0.8525 0.255 0.8525 0.255 0.835
5 0.675 0.6275000000000001 0.6575 0.6275000000000001 0.6575 0.6425 0.675 0.6425 0.675 0.6275000000000001
5 0.9625 0.8225 0.9425000000000001 0.8225 0.9425000000000001 0.8375 0.9625 0.8375 0.9625 0.8225
5 0.74125 0.06 0.73375 0.06 0.73375 0.075 0.74125 0.075 0.74125 0.06
5 0.735 0.0925 0.7275 0.0925 0.7275 0.1075 0.735 0.1075 0.735 0.0925