5 0.53 0.89 0.5175 0.89 0.5175 0.9099999999999999 0.53 0.9099999999999999 0.53 0.89
5 0.51125 0.8787499999999999 0.49625 0.8787499999999999 0.49625 0.89625 0.51125 0.89625 0.51125 0.8787499999999999
5 0.47625 0.87625 0.45875000000000005 0.87625 0.45875000000000005 0.8887499999999999 0.47625 0.8887499999999999 0.47625 0.87625
5 0.47000000000000003 0.865 0.4575 0.865 0.4575 0.875 0.47000000000000003 0.875 0.47000000000000003 0.865
5 0.4325 0.93 0.4225 0.93 0.4225 0.95 0.4325 0.95 0.4325 0.93
5 0.4425 0.95875 0.4325 0.95875 0.4325 0.97875 0.4425 0.97875 0.4425 0.95875
5 0.40875000000000006 0.9675 0.39875 0.9675 0.39875 0.9824999999999999 0.40875000000000006 0.9824999999999999 0.40875000000000006 0.9675
5 0.4025 0.9237500000000001 0.39249999999999996 0.9237500000000001 0.39249999999999996 0.94625 0.4025 0.94625 0.4025 0.9237500000000001
5 0.2375 0.9112500000000001 0.22999999999999998 0.9112500000000001 0.22999999999999998 0.93125 0.2375 0.93125 0.2375 0.9112500000000001
5 0.54375 0.01625 0.5287499999999999 0.01625 0.5287499999999999 0.026250000000000002 0.54375 0.026250000000000002 0.54375 0.01625
5 0.49000000000000005 0.01 0.4725 0.01 0.4725 0.02 0.49000000000000005 0.02 0.49000000000000005 0.01
5 0.05625 0.0975 0.03625 0.0975 0.03625 0.1075 0.05625 0.1075 0.05625 0.0975
5 0.9800000000000001 0.425 0.945 0.425 0.945 0.44000000000000006 0.9800000000000001 0.44000000000000006 0.9800000000000001 0.425
5 0.5974999999999999 0.2525 0.5825 0.2525 0.5825 0.2625 0.5974999999999999 0.2625 0.5974999999999999 0.2525
5 0.7112499999999999 0.18125 0.70125 0.18125 0.70125 0.19624999999999998 0.7112499999999999 0.19624999999999998 0.7112499999999999 0.18125
5 0.7150000000000001 0.3725 0.71 0.3725 0.71 0.3875 0.7150000000000001 0.3875 0.7150000000000001 0.3725
5 0.70875 0.33375 0.70125 0.33375 0.70125 0.34375 0.70875 0.34375 0.70875 0.33375
5 0.5700000000000001 0.41624999999999995 0.5625 0.41624999999999995 0.5625 0.42625 0.5700000000000001 0.42625 0.5700000000000001 0.41624999999999995
5 0.42874999999999996 0.3325 0.42125 0.3325 0.42125 0.35 0.42874999999999996 0.35 0.42874999999999996 0.3325
5 0.17625 0.061250000000000006 0.15875 0.061250000000000006 0.15875 0.06875 0.17625 0.06875 0.17625 0.061250000000000006
5 0.11750000000000001 0.07125000000000001 0.1025 0.07125000000000001 0.1025 0.08125 0.11750000000000001 0.08125 0.11750000000000001 0.07125000000000001
5 0.11750000000000001 0.24 0.1075 0.24 0.1075 0.26 0.11750000000000001 0.26 0.11750000000000001 0.24
5 0.02375 0.11875 0.00625 0.11875 0.00625 0.12875 0.02375 0.12875 0.02375 0.11875
5 0.44000000000000006 0.39375 0.4325 0.39375 0.4325 0.41375 0.44000000000000006 0.41375 0.44000000000000006 0.39375
5 0.4725 0.28125 0.4575 0.28125 0.4575 0.28875 0.4725 0.28875 0.4725 0.28125
5 0.39875 0.28125 0.38125 0.28125 0.38125 0.28875 0.39875 0.28875 0.39875 0.28125
5 0.60625 0.45875000000000005 0.5862499999999999 0.45875000000000005 0.5862499999999999 0.46875 0.60625 0.46875 0.60625 0.45875000000000005
5 0.6325000000000001 0.47125000000000006 0.6174999999999999 0.47125000000000006 0.6174999999999999 0.48125 0.6325000000000001 0.48125 0.6325000000000001 0.47125000000000006
5 0.56375 0.48875 0.55125 0.48875 0.55125 0.49625 0.56375 0.49625 0.56375 0.48875
5 0.45499999999999996 0.4625 0.445 0.4625 0.445 0.48 0.45499999999999996 0.48 0.45499999999999996 0.4625
5 0.53 0.47625 0.515 0.47625 0.515 0.48624999999999996 0.53 0.48624999999999996 0.53 0.47625
5 0.6825 0.19624999999999998 0.675 0.19624999999999998 0.675 0.21125 0.6825 0.21125 0.6825 0.19624999999999998
5 0.69875 0.27749999999999997 0.68875 0.27749999999999997 0.68875 0.29500000000000004 0.69875 0.29500000000000004 0.69875 0.27749999999999997
5 0.74375 0.35875 0.73625 0.35875 0.73625 0.37374999999999997 0.74375 0.37374999999999997 0.74375 0.35875
5 0.75125 0.38875000000000004 0.74125 0.38875000000000004 0.74125 0.40625 0.75125 0.40625 0.75125 0.38875000000000004
5 0.7224999999999999 0.41624999999999995 0.7175 0.41624999999999995 0.7175 0.42874999999999996 0.7224999999999999 0.42874999999999996 0.7224999999999999 0.41624999999999995
5 0.81125 0.48 0.79875 0.48 0.79875 0.5 0.81125 0.5 0.81125 0.48
5 0.82875 0.4925 0.82125 0.4925 0.82125 0.51 0.82875 0.51 0.82875 0.4925
5 0.80375 0.47000000000000003 0.79125 0.47000000000000003 0.79125 0.48250000000000004 0.80375 0.48250000000000004 0.80375 0.47000000000000003
5 0.85625 0.49375 0.8387499999999999 0.49375 0.8387499999999999 0.51125 0.85625 0.51125 0.85625 0.49375
5 0.8375 0.5025000000000001 0.8275 0.5025000000000001 0.8275 0.52 0.8375 0.52 0.8375 0.5025000000000001
5 0.8 0.5125 0.79 0.5125 0.79 0.5275000000000001 0.8 0.5275000000000001 0.8 0.5125
5 0.96875 0.57125 0.9412499999999999 0.57125 0.9412499999999999 0.58375 0.96875 0.58375 0.96875 0.57125
5 0.9775 0.85375 0.9525 0.85375 0.9525 0.86875 0.9775 0.86875 0.9775 0.85375
5 0.95 0.8574999999999999 0.9275 0.8574999999999999 0.9275 0.8724999999999999 0.95 0.8724999999999999 0.95 0.8574999999999999
5 1 0.74125 0.9800000000000001 0.74125 0.9800000000000001 0.76625 1 0.76625 1 0.74125
5 0.78625 0.72375 0.7737499999999999 0.72375 0.7737499999999999 0.74375 0.78625 0.74375 0.78625 0.72375