5 0.08249999999999999 0.63125 0.06 0.63125 0.06 0.65125 0.08249999999999999 0.65125 0.08249999999999999 0.63125
5 0.095 0.61875 0.06999999999999999 0.61875 0.06999999999999999 0.63875 0.095 0.63875 0.095 0.61875
5 0.11374999999999999 0.60875 0.07625 0.60875 0.07625 0.63375 0.11374999999999999 0.63375 0.11374999999999999 0.60875
5 0.11625 0.60375 0.08625000000000001 0.60375 0.08625000000000001 0.6212500000000001 0.11625 0.6212500000000001 0.11625 0.60375
5 0.12250000000000001 0.5925 0.095 0.5925 0.095 0.61 0.12250000000000001 0.61 0.12250000000000001 0.5925
5 0.12875 0.5825 0.10124999999999999 0.5825 0.10124999999999999 0.605 0.12875 0.605 0.12875 0.5825
5 0.13374999999999998 0.575 0.10625 0.575 0.10625 0.595 0.13374999999999998 0.595 0.13374999999999998 0.575
5 0.14375 0.5650000000000001 0.11875 0.5650000000000001 0.11875 0.5875 0.14375 0.5875 0.14375 0.5650000000000001
5 0.1575 0.5525 0.1275 0.5525 0.1275 0.575 0.1575 0.575 0.1575 0.5525
5 0.1675 0.54625 0.13999999999999999 0.54625 0.13999999999999999 0.5662499999999999 0.1675 0.5662499999999999 0.1675 0.54625
5 0.17375000000000002 0.5287499999999999 0.15125 0.5287499999999999 0.15125 0.54625 0.17375000000000002 0.54625 0.17375000000000002 0.5287499999999999
5 0.18625 0.5225 0.16125 0.5225 0.16125 0.54 0.18625 0.54 0.18625 0.5225
5 0.23374999999999999 0.4725 0.21375000000000002 0.4725 0.21375000000000002 0.4925 0.23374999999999999 0.4925 0.23374999999999999 0.4725
5 0.2425 0.4625 0.22000000000000003 0.4625 0.22000000000000003 0.48 0.2425 0.48 0.2425 0.4625
5 0.25375000000000003 0.45375 0.23125 0.45375 0.23125 0.47125000000000006 0.25375000000000003 0.47125000000000006 0.25375000000000003 0.45375
5 0.2625 0.44375 0.2425 0.44375 0.2425 0.45875000000000005 0.2625 0.45875000000000005 0.2625 0.44375
5 0.2925 0.41624999999999995 0.26749999999999996 0.41624999999999995 0.26749999999999996 0.43125 0.2925 0.43125 0.2925 0.41624999999999995
5 0.40875000000000006 0.40750000000000003 0.38875000000000004 0.40750000000000003 0.38875000000000004 0.42750000000000005 0.40875000000000006 0.42750000000000005 0.40875000000000006 0.40750000000000003
5 0.30375 0.46875 0.27625 0.46875 0.27625 0.49124999999999996 0.30375 0.49124999999999996 0.30375 0.46875
5 0.29125 0.48375 0.26625 0.48375 0.26625 0.50125 0.29125 0.50125 0.29125 0.48375
5 0.28375 0.49375 0.26125 0.49375 0.26125 0.50875 0.28375 0.50875 0.28375 0.49375
5 0.26875 0.50125 0.24874999999999997 0.50125 0.24874999999999997 0.52125 0.26875 0.52125 0.26875 0.50125
5 0.255 0.51875 0.23500000000000001 0.51875 0.23500000000000001 0.53625 0.255 0.53625 0.255 0.51875
5 0.25 0.5287499999999999 0.2225 0.5287499999999999 0.2225 0.54875 0.25 0.54875 0.25 0.5287499999999999
5 0.23875000000000002 0.5387500000000001 0.21125 0.5387500000000001 0.21125 0.5587500000000001 0.23875000000000002 0.5587500000000001 0.23875000000000002 0.5387500000000001
5 0.22625 0.55 0.20375000000000001 0.55 0.20375000000000001 0.5700000000000001 0.22625 0.5700000000000001 0.22625 0.55
5 0.21749999999999997 0.55625 0.195 0.55625 0.195 0.57625 0.21749999999999997 0.57625 0.21749999999999997 0.55625
5 0.21000000000000002 0.56875 0.1825 0.56875 0.1825 0.5862499999999999 0.21000000000000002 0.5862499999999999 0.21000000000000002 0.56875
5 0.6637500000000001 0.34625 0.63875 0.34625 0.63875 0.36625 0.6637500000000001 0.36625 0.6637500000000001 0.34625
5 0.635 0.34375 0.6125 0.34375 0.6125 0.36124999999999996 0.635 0.36124999999999996 0.635 0.34375
5 0.6224999999999999 0.35375 0.6 0.35375 0.6 0.36875 0.6224999999999999 0.36875 0.6224999999999999 0.35375
5 0.615 0.35750000000000004 0.5925 0.35750000000000004 0.5925 0.375 0.615 0.375 0.615 0.35750000000000004
5 0.60625 0.365 0.58375 0.365 0.58375 0.38 0.60625 0.38 0.60625 0.365
5 0.6012500000000001 0.3725 0.57625 0.3725 0.57625 0.39249999999999996 0.6012500000000001 0.39249999999999996 0.6012500000000001 0.3725
5 0.58125 0.39 0.5587500000000001 0.39 0.5587500000000001 0.40750000000000003 0.58125 0.40750000000000003 0.58125 0.39
5 0.57375 0.4025 0.54875 0.4025 0.54875 0.42000000000000004 0.57375 0.42000000000000004 0.57375 0.4025
5 0.5650000000000001 0.41375 0.5425 0.41375 0.5425 0.43125 0.5650000000000001 0.43125 0.5650000000000001 0.41375
5 0.59375 0.32875 0.56875 0.32875 0.56875 0.34625 0.59375 0.34625 0.59375 0.32875
5 0.60625 0.3225 0.58375 0.3225 0.58375 0.3375 0.60625 0.3375 0.60625 0.3225
5 0.71875 0.395 0.69875 0.395 0.69875 0.4125 0.71875 0.4125 0.71875 0.395
5 0.70625 0.4 0.68875 0.4 0.68875 0.41500000000000004 0.70625 0.41500000000000004 0.70625 0.4
5 0.705 0.40750000000000003 0.6799999999999999 0.40750000000000003 0.6799999999999999 0.42750000000000005 0.705 0.42750000000000005 0.705 0.40750000000000003
5 0.69625 0.4175 0.67375 0.4175 0.67375 0.43499999999999994 0.69625 0.43499999999999994 0.69625 0.4175
5 0.68625 0.425 0.6637500000000001 0.425 0.6637500000000001 0.445 0.68625 0.445 0.68625 0.425
5 0.675 0.44000000000000006 0.655 0.44000000000000006 0.655 0.4525 0.675 0.4525 0.675 0.44000000000000006
5 0.67 0.44875 0.6475 0.44875 0.6475 0.46375 0.67 0.46375 0.67 0.44875
5 0.6637500000000001 0.4575 0.63375 0.4575 0.63375 0.4725 0.6637500000000001 0.4725 0.6637500000000001 0.4575
5 0.63625 0.44625000000000004 0.61625 0.44625000000000004 0.61625 0.46125 0.63625 0.46125 0.63625 0.44625000000000004
5 0.645 0.43875000000000003 0.625 0.43875000000000003 0.625 0.45375 0.645 0.45375 0.645 0.43875000000000003
5 0.6525000000000001 0.43 0.63 0.43 0.63 0.44749999999999995 0.6525000000000001 0.44749999999999995 0.6525000000000001 0.43
5 0.6625 0.42374999999999996 0.64 0.42374999999999996 0.64 0.43875000000000003 0.6625 0.43875000000000003 0.6625 0.42374999999999996
5 0.66875 0.41624999999999995 0.64625 0.41624999999999995 0.64625 0.43125 0.66875 0.43125 0.66875 0.41624999999999995
5 0.67 0.4025 0.6525000000000001 0.4025 0.6525000000000001 0.42000000000000004 0.67 0.42000000000000004 0.67 0.4025
5 0.6849999999999999 0.4 0.6625 0.4 0.6625 0.4125 0.6849999999999999 0.4125 0.6849999999999999 0.4
5 0.5962500000000001 0.48875 0.56875 0.48875 0.56875 0.51125 0.5962500000000001 0.51125 0.5962500000000001 0.48875
5 0.60875 0.47625 0.58875 0.47625 0.58875 0.49375 0.60875 0.49375 0.60875 0.47625
5 0.6224999999999999 0.45999999999999996 0.6 0.45999999999999996 0.6 0.47750000000000004 0.6224999999999999 0.47750000000000004 0.6224999999999999 0.45999999999999996
5 0.64625 0.4725 0.62375 0.4725 0.62375 0.49000000000000005 0.64625 0.49000000000000005 0.64625 0.4725
5 0.63625 0.48 0.61375 0.48 0.61375 0.5 0.63625 0.5 0.63625 0.48
5 0.6275000000000001 0.48875 0.605 0.48875 0.605 0.50625 0.6275000000000001 0.50625 0.6275000000000001 0.48875
5 0.5825 0.50875 0.5625 0.50875 0.5625 0.5237499999999999 0.5825 0.5237499999999999 0.5825 0.50875
5 0.57625 0.51625 0.55125 0.51625 0.55125 0.5337500000000001 0.57625 0.5337500000000001 0.57625 0.51625
5 0.5625 0.53125 0.54 0.53125 0.54 0.54625 0.5625 0.54625 0.5625 0.53125
5 0.5549999999999999 0.5349999999999999 0.525 0.5349999999999999 0.525 0.5549999999999999 0.5549999999999999 0.5549999999999999 0.5549999999999999 0.5349999999999999
5 0.54625 0.545 0.52125 0.545 0.52125 0.5625 0.54625 0.5625 0.54625 0.545
5 0.5287499999999999 0.56125 0.50875 0.56125 0.50875 0.57625 0.5287499999999999 0.57625 0.5287499999999999 0.56125
5 0.76125 0.4225 0.73875 0.4225 0.73875 0.44000000000000006 0.76125 0.44000000000000006 0.76125 0.4225
5 0.7537499999999999 0.42750000000000005 0.73125 0.42750000000000005 0.73125 0.44749999999999995 0.7537499999999999 0.44749999999999995 0.7537499999999999 0.42750000000000005
5 0.7462500000000001 0.43875000000000003 0.72375 0.43875000000000003 0.72375 0.45625 0.7462500000000001 0.45625 0.7462500000000001 0.43875000000000003
5 0.74125 0.4425 0.7112499999999999 0.4425 0.7112499999999999 0.4625 0.74125 0.4625 0.74125 0.4425
5 0.68125 0.5037499999999999 0.6587500000000001 0.5037499999999999 0.6587500000000001 0.5237499999999999 0.68125 0.5237499999999999 0.68125 0.5037499999999999
5 0.72375 0.49375 0.70375 0.49375 0.70375 0.50875 0.72375 0.50875 0.72375 0.49375
5 0.725 0.45875000000000005 0.7025 0.45875000000000005 0.7025 0.47625 0.725 0.47625 0.725 0.45875000000000005
5 0.7162499999999999 0.46749999999999997 0.69375 0.46749999999999997 0.69375 0.485 0.7162499999999999 0.485 0.7162499999999999 0.46749999999999997
5 0.7075 0.48 0.6849999999999999 0.48 0.6849999999999999 0.495 0.7075 0.495 0.7075 0.48
5 0.69375 0.49124999999999996 0.67375 0.49124999999999996 0.67375 0.50625 0.69375 0.50625 0.69375 0.49124999999999996
5 0.67 0.51 0.6475 0.51 0.6475 0.5275000000000001 0.67 0.5275000000000001 0.67 0.51
5 0.755 0.4625 0.73 0.4625 0.73 0.48250000000000004 0.755 0.48250000000000004 0.755 0.4625
5 0.73875 0.48125 0.71375 0.48125 0.71375 0.49625 0.73875 0.49625 0.73875 0.48125
5 0.71875 0.50125 0.69375 0.50125 0.69375 0.51875 0.71875 0.51875 0.71875 0.50125
5 0.7112499999999999 0.51125 0.68625 0.51125 0.68625 0.52625 0.7112499999999999 0.52625 0.7112499999999999 0.51125
5 0.70375 0.51875 0.68125 0.51875 0.68125 0.5337500000000001 0.70375 0.5337500000000001 0.70375 0.51875
5 0.69375 0.5287499999999999 0.67375 0.5287499999999999 0.67375 0.54375 0.69375 0.54375 0.69375 0.5287499999999999
5 0.68625 0.5349999999999999 0.6637500000000001 0.5349999999999999 0.6637500000000001 0.5525 0.68625 0.5525 0.68625 0.5349999999999999
5 0.68875 0.5349999999999999 0.6637500000000001 0.5349999999999999 0.6637500000000001 0.5525 0.68875 0.5525 0.68875 0.5349999999999999
5 0.67875 0.5425 0.65625 0.5425 0.65625 0.5599999999999999 0.67875 0.5599999999999999 0.67875 0.5425
5 0.6599999999999999 0.5287499999999999 0.6375 0.5287499999999999 0.6375 0.54875 0.6599999999999999 0.54875 0.6599999999999999 0.5287499999999999
5 0.64625 0.54 0.6212500000000001 0.54 0.6212500000000001 0.5599999999999999 0.64625 0.5599999999999999 0.64625 0.54
5 0.63375 0.55375 0.60625 0.55375 0.60625 0.57375 0.63375 0.57375 0.63375 0.55375
5 0.6212500000000001 0.5675 0.59875 0.5675 0.59875 0.5825 0.6212500000000001 0.5825 0.6212500000000001 0.5675
5 0.67125 0.54875 0.6487499999999999 0.54875 0.6487499999999999 0.5662499999999999 0.67125 0.5662499999999999 0.67125 0.54875
5 0.6637500000000001 0.5587500000000001 0.64125 0.5587500000000001 0.64125 0.57375 0.6637500000000001 0.57375 0.6637500000000001 0.5587500000000001
5 0.66125 0.5675 0.63625 0.5675 0.63625 0.585 0.66125 0.585 0.66125 0.5675
5 0.65125 0.5725 0.62625 0.5725 0.62625 0.5925 0.65125 0.5925 0.65125 0.5725
5 0.64375 0.58 0.6212500000000001 0.58 0.6212500000000001 0.5974999999999999 0.64375 0.5974999999999999 0.64375 0.58
5 0.635 0.5875 0.615 0.5875 0.615 0.605 0.635 0.605 0.635 0.5875
5 0.7212500000000001 0.56125 0.70125 0.56125 0.70125 0.57875 0.7212500000000001 0.57875 0.7212500000000001 0.56125
5 0.7175 0.5700000000000001 0.6900000000000001 0.5700000000000001 0.6900000000000001 0.5900000000000001 0.7175 0.5900000000000001 0.7175 0.5700000000000001
5 0.71 0.5775 0.6849999999999999 0.5775 0.6849999999999999 0.595 0.71 0.595 0.71 0.5775
5 0.7025 0.585 0.675 0.585 0.675 0.605 0.7025 0.605 0.7025 0.585
5 0.6912499999999999 0.59375 0.66875 0.59375 0.66875 0.61375 0.6912499999999999 0.61375 0.6912499999999999 0.59375
5 0.6837500000000001 0.60375 0.6587500000000001 0.60375 0.6587500000000001 0.62375 0.6837500000000001 0.62375 0.6837500000000001 0.60375
5 0.5974999999999999 0.58875 0.5725 0.58875 0.5725 0.60625 0.5974999999999999 0.60625 0.5974999999999999 0.58875
5 0.585 0.605 0.5625 0.605 0.5625 0.6224999999999999 0.585 0.6224999999999999 0.585 0.605
5 0.57875 0.6125 0.55125 0.6125 0.55125 0.63 0.57875 0.63 0.57875 0.6125
5 0.6224999999999999 0.60375 0.6 0.60375 0.6 0.61875 0.6224999999999999 0.61875 0.6224999999999999 0.60375
5 0.61375 0.6125 0.58875 0.6125 0.58875 0.63 0.61375 0.63 0.61375 0.6125
5 0.6025 0.62 0.5825 0.62 0.5825 0.635 0.6025 0.635 0.6025 0.62
5 0.5962500000000001 0.62625 0.57625 0.62625 0.57625 0.64375 0.5962500000000001 0.64375 0.5962500000000001 0.62625
5 0.66625 0.62625 0.64375 0.62625 0.64375 0.64375 0.66625 0.64375 0.66625 0.62625
5 0.6525000000000001 0.63125 0.6325000000000001 0.63125 0.6325000000000001 0.6487499999999999 0.6525000000000001 0.6487499999999999 0.6525000000000001 0.63125
5 0.64625 0.64 0.62375 0.64 0.62375 0.655 0.64625 0.655 0.64625 0.64
5 0.6375 0.6475 0.6125 0.6475 0.6125 0.6675 0.6375 0.6675 0.6375 0.6475
5 0.625 0.6575 0.605 0.6575 0.605 0.6725 0.625 0.6725 0.625 0.6575
5 0.56375 0.63125 0.54125 0.63125 0.54125 0.6487499999999999 0.56375 0.6487499999999999 0.56375 0.63125
5 0.585 0.6425 0.5625 0.6425 0.5625 0.6625 0.585 0.6625 0.585 0.6425
5 0.6224999999999999 0.67 0.5974999999999999 0.67 0.5974999999999999 0.6900000000000001 0.6224999999999999 0.6900000000000001 0.6224999999999999 0.67
5 0.61125 0.68125 0.5912499999999999 0.68125 0.5912499999999999 0.69875 0.61125 0.69875 0.61125 0.68125
5 0.575 0.65125 0.5525 0.65125 0.5525 0.67125 0.575 0.67125 0.575 0.65125
5 0.5725 0.665 0.5475 0.665 0.5475 0.6799999999999999 0.5725 0.6799999999999999 0.5725 0.665
5 0.5525 0.64625 0.5275000000000001 0.64625 0.5275000000000001 0.6637500000000001 0.5525 0.6637500000000001 0.5525 0.64625
5 0.5425 0.6525000000000001 0.5175 0.6525000000000001 0.5175 0.67 0.5425 0.67 0.5425 0.6525000000000001
5 0.5349999999999999 0.6599999999999999 0.5125 0.6599999999999999 0.5125 0.6775 0.5349999999999999 0.6775 0.5349999999999999 0.6599999999999999
5 0.52625 0.6675 0.50125 0.6675 0.50125 0.6849999999999999 0.52625 0.6849999999999999 0.52625 0.6675
5 0.5575 0.6725 0.5325 0.6725 0.5325 0.6900000000000001 0.5575 0.6900000000000001 0.5575 0.6725
5 0.5475 0.68125 0.525 0.68125 0.525 0.69875 0.5475 0.69875 0.5475 0.68125
5 0.54125 0.6875 0.51875 0.6875 0.51875 0.7025 0.54125 0.7025 0.54125 0.6875
5 0.5125 0.6825 0.49000000000000005 0.6825 0.49000000000000005 0.7 0.5125 0.7 0.5125 0.6825
5 0.5025000000000001 0.6900000000000001 0.48250000000000004 0.6900000000000001 0.48250000000000004 0.705 0.5025000000000001 0.705 0.5025000000000001 0.6900000000000001
5 0.49749999999999994 0.69875 0.47750000000000004 0.69875 0.47750000000000004 0.7162499999999999 0.49749999999999994 0.7162499999999999 0.49749999999999994 0.69875
5 0.5337500000000001 0.6950000000000001 0.51125 0.6950000000000001 0.51125 0.7125 0.5337500000000001 0.7125 0.5337500000000001 0.6950000000000001
5 0.51375 0.71875 0.48624999999999996 0.71875 0.48624999999999996 0.73625 0.51375 0.73625 0.51375 0.71875
5 0.53 0.705 0.505 0.705 0.505 0.72 0.53 0.72 0.53 0.705
5 0.445 0.68125 0.4225 0.68125 0.4225 0.69875 0.445 0.69875 0.445 0.68125
5 0.43 0.6950000000000001 0.40750000000000003 0.6950000000000001 0.40750000000000003 0.7125 0.43 0.7125 0.43 0.6950000000000001
5 0.48624999999999996 0.71 0.45875000000000005 0.71 0.45875000000000005 0.73 0.48624999999999996 0.73 0.48624999999999996 0.71
5 0.47750000000000004 0.72 0.4525 0.72 0.4525 0.7375 0.47750000000000004 0.7375 0.47750000000000004 0.72
5 0.47000000000000003 0.72875 0.445 0.72875 0.445 0.7462500000000001 0.47000000000000003 0.7462500000000001 0.47000000000000003 0.72875
5 0.46125 0.73875 0.43875000000000003 0.73875 0.43875000000000003 0.7537499999999999 0.46125 0.7537499999999999 0.46125 0.73875
5 0.45499999999999996 0.745 0.4325 0.745 0.4325 0.7625 0.45499999999999996 0.7625 0.45499999999999996 0.745
5 0.445 0.7537499999999999 0.42000000000000004 0.7537499999999999 0.42000000000000004 0.77125 0.445 0.77125 0.445 0.7537499999999999
5 0.4375 0.76 0.41500000000000004 0.76 0.41500000000000004 0.78 0.4375 0.78 0.4375 0.76
5 0.51 0.7275 0.48250000000000004 0.7275 0.48250000000000004 0.7474999999999999 0.51 0.7474999999999999 0.51 0.7275
5 0.5 0.7325 0.475 0.7325 0.475 0.7525000000000001 0.5 0.7525000000000001 0.5 0.7325
5 0.49000000000000005 0.74125 0.46749999999999997 0.74125 0.46749999999999997 0.75875 0.49000000000000005 0.75875 0.49000000000000005 0.74125
5 0.49000000000000005 0.75125 0.4625 0.75125 0.4625 0.77125 0.49000000000000005 0.77125 0.49000000000000005 0.75125
5 0.475 0.75875 0.4525 0.75875 0.4525 0.7737499999999999 0.475 0.7737499999999999 0.475 0.75875
5 0.47000000000000003 0.7675 0.4425 0.7675 0.4425 0.7875 0.47000000000000003 0.7875 0.47000000000000003 0.7675
5 0.4575 0.77625 0.4325 0.77625 0.4325 0.79625 0.4575 0.79625 0.4575 0.77625
5 0.45 0.7849999999999999 0.425 0.7849999999999999 0.425 0.805 0.45 0.805 0.45 0.7849999999999999
5 0.44625000000000004 0.79875 0.42125 0.79875 0.42125 0.81875 0.44625000000000004 0.81875 0.44625000000000004 0.79875
5 0.43125 0.80375 0.40625 0.80375 0.40625 0.8237500000000001 0.43125 0.8237500000000001 0.43125 0.80375
5 0.47625 0.8300000000000001 0.45125000000000004 0.8300000000000001 0.45125000000000004 0.8474999999999999 0.47625 0.8474999999999999 0.47625 0.8300000000000001
5 0.48125 0.82125 0.46125 0.82125 0.46125 0.8387499999999999 0.48125 0.8387499999999999 0.48125 0.82125
5 0.49124999999999996 0.8099999999999999 0.46125 0.8099999999999999 0.46125 0.8300000000000001 0.49124999999999996 0.8300000000000001 0.49124999999999996 0.8099999999999999
5 0.495 0.80375 0.4725 0.80375 0.4725 0.82125 0.495 0.82125 0.495 0.80375
5 0.5025000000000001 0.79875 0.48 0.79875 0.48 0.81375 0.5025000000000001 0.81375 0.5025000000000001 0.79875
5 0.50875 0.79 0.48624999999999996 0.79 0.48624999999999996 0.8074999999999999 0.50875 0.8074999999999999 0.50875 0.79
5 0.51625 0.78125 0.49375 0.78125 0.49375 0.79875 0.51625 0.79875 0.51625 0.78125
5 0.52125 0.7737499999999999 0.49625 0.7737499999999999 0.49625 0.79125 0.52125 0.79125 0.52125 0.7737499999999999
5 0.53625 0.76375 0.50875 0.76375 0.50875 0.7837500000000001 0.53625 0.7837500000000001 0.53625 0.76375
5 0.5387500000000001 0.7525000000000001 0.51625 0.7525000000000001 0.51625 0.7725 0.5387500000000001 0.7725 0.5387500000000001 0.7525000000000001
5 0.5475 0.74125 0.525 0.74125 0.525 0.76125 0.5475 0.76125 0.5475 0.74125
5 0.55375 0.7375 0.5337500000000001 0.7375 0.5337500000000001 0.7525000000000001 0.55375 0.7525000000000001 0.55375 0.7375
5 0.56375 0.73 0.54375 0.73 0.54375 0.7424999999999999 0.56375 0.7424999999999999 0.56375 0.73
5 0.57125 0.7224999999999999 0.55125 0.7224999999999999 0.55125 0.735 0.57125 0.735 0.57125 0.7224999999999999
5 0.58 0.71 0.5575 0.71 0.5575 0.7275 0.58 0.7275 0.58 0.71
5 0.5875 0.7025 0.5625 0.7025 0.5625 0.72 0.5875 0.72 0.5875 0.7025
5 0.59375 0.6950000000000001 0.57125 0.6950000000000001 0.57125 0.7125 0.59375 0.7125 0.59375 0.6950000000000001
5 0.6025 0.6875 0.58 0.6875 0.58 0.705 0.6025 0.705 0.6025 0.6875
5 0.75625 0.6275000000000001 0.73375 0.6275000000000001 0.73375 0.645 0.75625 0.645 0.75625 0.6275000000000001
5 0.7537499999999999 0.60875 0.72375 0.60875 0.72375 0.62625 0.7537499999999999 0.62625 0.7537499999999999 0.60875
5 0.74125 0.63875 0.71875 0.63875 0.71875 0.6537499999999999 0.74125 0.6537499999999999 0.74125 0.63875
5 0.735 0.65 0.7075 0.65 0.7075 0.6675 0.735 0.6675 0.735 0.65
5 0.6875 0.70125 0.6575 0.70125 0.6575 0.7212500000000001 0.6875 0.7212500000000001 0.6875 0.70125
5 0.7025 0.6875 0.6625 0.6875 0.6625 0.7125 0.7025 0.7125 0.7025 0.6875
5 0.6637500000000001 0.7224999999999999 0.6287499999999999 0.7224999999999999 0.6287499999999999 0.745 0.6637500000000001 0.745 0.6637500000000001 0.7224999999999999
5 0.58 0.79375 0.5549999999999999 0.79375 0.5549999999999999 0.81875 0.58 0.81875 0.58 0.79375
5 0.5725 0.7849999999999999 0.5425 0.7849999999999999 0.5425 0.8125 0.5725 0.8125 0.5725 0.7849999999999999
5 0.5075000000000001 0.8825 0.48250000000000004 0.8825 0.48250000000000004 0.9 0.5075000000000001 0.9 0.5075000000000001 0.8825
5 0.52 0.875 0.4925 0.875 0.4925 0.8925000000000001 0.52 0.8925000000000001 0.52 0.875
5 0.3975 0.63375 0.375 0.63375 0.375 0.6537499999999999 0.3975 0.6537499999999999 0.3975 0.63375
5 0.375 0.6775 0.35750000000000004 0.6775 0.35750000000000004 0.7 0.375 0.7 0.375 0.6775
5 0.29375 0.78625 0.27125 0.78625 0.27125 0.80375 0.29375 0.80375 0.29375 0.78625
5 0.28125 0.7775000000000001 0.26375000000000004 0.7775000000000001 0.26375000000000004 0.795 0.28125 0.795 0.28125 0.7775000000000001
5 0.27125 0.7725 0.25125000000000003 0.7725 0.25125000000000003 0.79 0.27125 0.79 0.27125 0.7725
5 0.2575 0.76375 0.24 0.76375 0.24 0.7837500000000001 0.2575 0.7837500000000001 0.2575 0.76375
5 0.25125000000000003 0.75875 0.23125 0.75875 0.23125 0.78125 0.25125000000000003 0.78125 0.25125000000000003 0.75875
5 0.2425 0.7537499999999999 0.2225 0.7537499999999999 0.2225 0.77125 0.2425 0.77125 0.2425 0.7537499999999999
5 0.22875 0.74875 0.20875 0.74875 0.20875 0.76625 0.22875 0.76625 0.22875 0.74875
5 0.2225 0.73875 0.2 0.73875 0.2 0.75875 0.2225 0.75875 0.2225 0.73875
5 0.20875 0.73125 0.19125 0.73125 0.19125 0.7537499999999999 0.20875 0.7537499999999999 0.20875 0.73125
5 0.20375000000000001 0.7262500000000001 0.18125 0.7262500000000001 0.18125 0.7462500000000001 0.20375000000000001 0.7462500000000001 0.20375000000000001 0.7262500000000001
5 0.185 0.71875 0.16499999999999998 0.71875 0.16499999999999998 0.74125 0.185 0.74125 0.185 0.71875
5 0.17375000000000002 0.7150000000000001 0.15125 0.7150000000000001 0.15125 0.7325 0.17375000000000002 0.7325 0.17375000000000002 0.7150000000000001
5 0.16499999999999998 0.70625 0.14250000000000002 0.70625 0.14250000000000002 0.7262500000000001 0.16499999999999998 0.7262500000000001 0.16499999999999998 0.70625
5 0.16 0.75875 0.13999999999999999 0.75875 0.13999999999999999 0.77625 0.16 0.77625 0.16 0.75875
5 0.16875 0.7675 0.15125 0.7675 0.15125 0.7825 0.16875 0.7825 0.16875 0.7675
5 0.19125 0.775 0.17124999999999999 0.775 0.17124999999999999 0.7925 0.19125 0.7925 0.19125 0.775
5 0.1975 0.78125 0.18 0.78125 0.18 0.79875 0.1975 0.79875 0.1975 0.78125
5 0.20625 0.7887500000000001 0.18875 0.7887500000000001 0.18875 0.80625 0.20625 0.80625 0.20625 0.7887500000000001
5 0.22000000000000003 0.79125 0.2 0.79125 0.2 0.81125 0.22000000000000003 0.81125 0.22000000000000003 0.79125
5 0.22749999999999998 0.79375 0.21000000000000002 0.79375 0.21000000000000002 0.8162499999999999 0.22749999999999998 0.8162499999999999 0.22749999999999998 0.79375
5 0.23875000000000002 0.8025 0.21875 0.8025 0.21875 0.8225 0.23875000000000002 0.8225 0.23875000000000002 0.8025
5 0.24625 0.8099999999999999 0.23125 0.8099999999999999 0.23125 0.825 0.24625 0.825 0.24625 0.8099999999999999
5 0.2575 0.8162499999999999 0.2375 0.8162499999999999 0.2375 0.83625 0.2575 0.83625 0.2575 0.8162499999999999
5 0.28125 0.825 0.26125 0.825 0.26125 0.845 0.28125 0.845 0.28125 0.825
5 0.2875 0.83625 0.27 0.83625 0.27 0.85375 0.2875 0.85375 0.2875 0.83625
5 0.15125 0.7787499999999999 0.13125 0.7787499999999999 0.13125 0.79625 0.15125 0.79625 0.15125 0.7787499999999999
5 0.16125 0.7837500000000001 0.14375 0.7837500000000001 0.14375 0.80375 0.16125 0.80375 0.16125 0.7837500000000001
5 0.18625 0.79375 0.16375 0.79375 0.16375 0.8162499999999999 0.18625 0.8162499999999999 0.18625 0.79375
5 0.20625 0.8087500000000001 0.18875 0.8087500000000001 0.18875 0.82875 0.20625 0.82875 0.20625 0.8087500000000001
5 0.21625 0.8175000000000001 0.19624999999999998 0.8175000000000001 0.19624999999999998 0.8375 0.21625 0.8375 0.21625 0.8175000000000001
5 0.22625 0.8225 0.20625 0.8225 0.20625 0.8425 0.22625 0.8425 0.22625 0.8225
5 0.23875000000000002 0.8275 0.21625 0.8275 0.21625 0.8474999999999999 0.23875000000000002 0.8474999999999999 0.23875000000000002 0.8275
5 0.24500000000000002 0.83625 0.22999999999999998 0.83625 0.22999999999999998 0.85375 0.24500000000000002 0.85375 0.24500000000000002 0.83625
5 0.25875 0.8412499999999999 0.23875000000000002 0.8412499999999999 0.23875000000000002 0.8612500000000001 0.25875 0.8612500000000001 0.25875 0.8412499999999999
5 0.2725 0.8474999999999999 0.2525 0.8474999999999999 0.2525 0.8675 0.2725 0.8675 0.2725 0.8474999999999999
5 0.28375 0.8550000000000001 0.26375000000000004 0.8550000000000001 0.26375000000000004 0.875 0.28375 0.875 0.28375 0.8550000000000001
5 0.19624999999999998 0.85375 0.17375000000000002 0.85375 0.17375000000000002 0.87625 0.19624999999999998 0.87625 0.19624999999999998 0.85375
5 0.20750000000000002 0.8637499999999999 0.19 0.8637499999999999 0.19 0.88375 0.20750000000000002 0.88375 0.20750000000000002 0.8637499999999999
5 0.2225 0.8699999999999999 0.205 0.8699999999999999 0.205 0.8949999999999999 0.2225 0.8949999999999999 0.2225 0.8699999999999999
5 0.23875000000000002 0.8800000000000001 0.22125 0.8800000000000001 0.22125 0.9025000000000001 0.23875000000000002 0.9025000000000001 0.23875000000000002 0.8800000000000001
5 0.24874999999999997 0.8862500000000001 0.23125 0.8862500000000001 0.23125 0.9087500000000001 0.24874999999999997 0.9087500000000001 0.24874999999999997 0.8862500000000001
5 0.26125 0.8949999999999999 0.24375 0.8949999999999999 0.24375 0.915 0.26125 0.915 0.26125 0.8949999999999999
5 0.27875 0.9037499999999999 0.25625 0.9037499999999999 0.25625 0.9237500000000001 0.27875 0.9237500000000001 0.27875 0.9037499999999999
5 0.29 0.9112500000000001 0.27 0.9112500000000001 0.27 0.93125 0.29 0.93125 0.29 0.9112500000000001
5 0.30375 0.92125 0.28125 0.92125 0.28125 0.9412499999999999 0.30375 0.9412499999999999 0.30375 0.92125
5 0.31375000000000003 0.9275 0.29125 0.9275 0.29125 0.9475 0.31375000000000003 0.9475 0.31375000000000003 0.9275
5 0.8462500000000001 0.475 0.82875 0.475 0.82875 0.495 0.8462500000000001 0.495 0.8462500000000001 0.475
5 0.83375 0.45499999999999996 0.81375 0.45499999999999996 0.81375 0.475 0.83375 0.475 0.83375 0.45499999999999996
5 0.8975 0.47125000000000006 0.8699999999999999 0.47125000000000006 0.8699999999999999 0.48624999999999996 0.8975 0.48624999999999996 0.8975 0.47125000000000006
5 0.92875 0.48250000000000004 0.9087500000000001 0.48250000000000004 0.9087500000000001 0.5 0.92875 0.5 0.92875 0.48250000000000004
5 0.9125 0.44875 0.8975 0.44875 0.8975 0.46375 0.9125 0.46375 0.9125 0.44875
5 0.9037499999999999 0.44749999999999995 0.89125 0.44749999999999995 0.89125 0.45999999999999996 0.9037499999999999 0.45999999999999996 0.9037499999999999 0.44749999999999995
5 0.9012499999999999 0.4425 0.88125 0.4425 0.88125 0.4575 0.9012499999999999 0.4575 0.9012499999999999 0.4425
5 0.89125 0.43499999999999994 0.86875 0.43499999999999994 0.86875 0.4575 0.89125 0.4575 0.89125 0.43499999999999994
5 0.8825 0.43 0.8625 0.43 0.8625 0.44749999999999995 0.8825 0.44749999999999995 0.8825 0.43
5 0.87375 0.42374999999999996 0.85375 0.42374999999999996 0.85375 0.43875000000000003 0.87375 0.43875000000000003 0.87375 0.42374999999999996
5 0.8637499999999999 0.41875 0.8487500000000001 0.41875 0.8487500000000001 0.43375 0.8637499999999999 0.43375 0.8637499999999999 0.41875
5 0.8525 0.4125 0.835 0.4125 0.835 0.4325 0.8525 0.4325 0.8525 0.4125
5 0.84375 0.40625 0.8237500000000001 0.40625 0.8237500000000001 0.42625 0.84375 0.42625 0.84375 0.40625
5 0.835 0.39875 0.8150000000000001 0.39875 0.8150000000000001 0.41875 0.835 0.41875 0.835 0.39875
5 0.96 0.49749999999999994 0.9324999999999999 0.49749999999999994 0.9324999999999999 0.5175 0.96 0.5175 0.96 0.49749999999999994
5 0.9650000000000001 0.5225 0.9425000000000001 0.5225 0.9425000000000001 0.54 0.9650000000000001 0.54 0.9650000000000001 0.5225
5 1 0.545 0.9875 0.545 0.9875 0.5625 1 0.5625 1 0.545
5 0.9237500000000001 0.4525 0.9037499999999999 0.4525 0.9037499999999999 0.47000000000000003 0.9237500000000001 0.47000000000000003 0.9237500000000001 0.4525
5 0.93 0.46125 0.915 0.46125 0.915 0.47874999999999995 0.93 0.47874999999999995 0.93 0.46125
5 0.9425000000000001 0.465 0.925 0.465 0.925 0.48 0.9425000000000001 0.48 0.9425000000000001 0.465
5 0.9487500000000001 0.47125000000000006 0.93125 0.47125000000000006 0.93125 0.48624999999999996 0.9487500000000001 0.48624999999999996 0.9487500000000001 0.47125000000000006
5 0.9574999999999999 0.47750000000000004 0.9375 0.47750000000000004 0.9375 0.4925 0.9574999999999999 0.4925 0.9574999999999999 0.47750000000000004
5 0.97 0.48250000000000004 0.95 0.48250000000000004 0.95 0.5025000000000001 0.97 0.5025000000000001 0.97 0.48250000000000004
5 0.98125 0.49000000000000005 0.95875 0.49000000000000005 0.95875 0.5075000000000001 0.98125 0.5075000000000001 0.98125 0.49000000000000005
5 0.99125 0.49000000000000005 0.9712500000000001 0.49000000000000005 0.9712500000000001 0.5125 0.99125 0.5125 0.99125 0.49000000000000005
5 1 0.5 0.9824999999999999 0.5 0.9824999999999999 0.5175 1 0.5175 1 0.5
5 1 0.56875 0.99 0.56875 0.99 0.58875 1 0.58875 1 0.56875
5 0.99 0.5587500000000001 0.97 0.5587500000000001 0.97 0.57875 0.99 0.57875 0.99 0.5587500000000001
5 0.9324999999999999 0.525 0.9125 0.525 0.9125 0.545 0.9324999999999999 0.545 0.9324999999999999 0.525
5 0.9199999999999999 0.51875 0.9025000000000001 0.51875 0.9025000000000001 0.5387500000000001 0.9199999999999999 0.5387500000000001 0.9199999999999999 0.51875
5 0.9125 0.51 0.8925000000000001 0.51 0.8925000000000001 0.53 0.9125 0.53 0.9125 0.51
5 0.9012499999999999 0.505 0.88375 0.505 0.88375 0.525 0.9012499999999999 0.525 0.9012499999999999 0.505
5 0.99125 0.8675 0.9712500000000001 0.8675 0.9712500000000001 0.8925000000000001 0.99125 0.8925000000000001 0.99125 0.8675
5 0.9724999999999999 0.8975 0.9425000000000001 0.8975 0.9425000000000001 0.9175000000000001 0.9724999999999999 0.9175000000000001 0.9724999999999999 0.8975
5 0.9512499999999999 0.9425000000000001 0.9262499999999999 0.9425000000000001 0.9262499999999999 0.9650000000000001 0.9512499999999999 0.9650000000000001 0.9512499999999999 0.9425000000000001
5 0.205 0.50625 0.1825 0.50625 0.1825 0.52125 0.205 0.52125 0.205 0.50625