5 0.40374999999999994 0.8150000000000001 0.38375 0.8150000000000001 0.38375 0.8375 0.40374999999999994 0.8375 0.40374999999999994 0.8150000000000001
5 0.38875000000000004 0.86 0.35875 0.86 0.35875 0.8724999999999999 0.38875000000000004 0.8724999999999999 0.38875000000000004 0.86
5 0.38375 0.8175000000000001 0.35375 0.8175000000000001 0.35375 0.8275 0.38375 0.8275 0.38375 0.8175000000000001
5 0.36625 0.835 0.34125 0.835 0.34125 0.845 0.36625 0.845 0.36625 0.835
5 0.355 0.82875 0.3325 0.82875 0.3325 0.83625 0.355 0.83625 0.355 0.82875
5 0.35625 0.81875 0.33125 0.81875 0.33125 0.82875 0.35625 0.82875 0.35625 0.81875
5 0.38125 0.8262499999999999 0.35625 0.8262499999999999 0.35625 0.83625 0.38125 0.83625 0.38125 0.8262499999999999
5 0.3325 0.82 0.315 0.82 0.315 0.8375 0.3325 0.8375 0.3325 0.82
5 0.33999999999999997 0.835 0.315 0.835 0.315 0.845 0.33999999999999997 0.845 0.33999999999999997 0.835
5 0.31124999999999997 0.83625 0.28625 0.83625 0.28625 0.8462500000000001 0.31124999999999997 0.8462500000000001 0.31124999999999997 0.83625
5 0.31625000000000003 0.82125 0.30125 0.82125 0.30125 0.83625 0.31625000000000003 0.83625 0.31625000000000003 0.82125
5 0.3 0.81875 0.28500000000000003 0.81875 0.28500000000000003 0.83625 0.3 0.83625 0.3 0.81875
5 0.28375 0.82125 0.27125 0.82125 0.27125 0.8387499999999999 0.28375 0.8387499999999999 0.28375 0.82125
5 0.27 0.825 0.255 0.825 0.255 0.8375 0.27 0.8375 0.27 0.825
5 0.27875 0.8375 0.25125000000000003 0.8375 0.25125000000000003 0.85 0.27875 0.85 0.27875 0.8375
5 0.25 0.83625 0.225 0.83625 0.225 0.8487500000000001 0.25 0.8487500000000001 0.25 0.83625
5 0.25375000000000003 0.8225 0.23875000000000002 0.8225 0.23875000000000002 0.8375 0.25375000000000003 0.8375 0.25375000000000003 0.8225
5 0.23875000000000002 0.82125 0.22374999999999998 0.82125 0.22374999999999998 0.8387499999999999 0.23875000000000002 0.8387499999999999 0.23875000000000002 0.82125
5 0.35875 0.86 0.33625 0.86 0.33625 0.8724999999999999 0.35875 0.8724999999999999 0.35875 0.86
5 0.33375 0.8612500000000001 0.30625 0.8612500000000001 0.30625 0.87375 0.33375 0.87375 0.33375 0.8612500000000001
5 0.305 0.8612500000000001 0.2725 0.8612500000000001 0.2725 0.87375 0.305 0.87375 0.305 0.8612500000000001
5 0.27125 0.865 0.24874999999999997 0.865 0.24874999999999997 0.8724999999999999 0.27125 0.8724999999999999 0.27125 0.865
5 0.21875 0.8225 0.19624999999999998 0.8225 0.19624999999999998 0.8300000000000001 0.21875 0.8300000000000001 0.21875 0.8225
5 0.225 0.8275 0.1925 0.8275 0.1925 0.8375 0.225 0.8375 0.225 0.8275
5 0.2225 0.83625 0.195 0.83625 0.195 0.84375 0.2225 0.84375 0.2225 0.83625
5 0.22625 0.8425 0.19875 0.8425 0.19875 0.85 0.22625 0.85 0.22625 0.8425
5 0.19375 0.81125 0.16875 0.81125 0.16875 0.82125 0.19375 0.82125 0.19375 0.81125
5 0.1925 0.81875 0.16999999999999998 0.81875 0.16999999999999998 0.82875 0.1925 0.82875 0.1925 0.81875
5 0.195 0.82875 0.16999999999999998 0.82875 0.16999999999999998 0.8462500000000001 0.195 0.8462500000000001 0.195 0.82875
5 0.17625 0.79625 0.15625 0.79625 0.15625 0.81875 0.17625 0.81875 0.17625 0.79625
5 0.1625 0.79125 0.145 0.79125 0.145 0.8087500000000001 0.1625 0.8087500000000001 0.1625 0.79125
5 0.1525 0.79125 0.1375 0.79125 0.1375 0.80375 0.1525 0.80375 0.1525 0.79125
5 0.15625 0.80625 0.12875 0.80625 0.12875 0.8237500000000001 0.15625 0.8237500000000001 0.15625 0.80625
5 0.18625 0.85125 0.16375 0.85125 0.16375 0.87625 0.18625 0.87625 0.18625 0.85125
5 0.14125000000000001 0.8375 0.12625 0.8375 0.12625 0.8525 0.14125000000000001 0.8525 0.14125000000000001 0.8375
5 0.11499999999999999 0.8400000000000001 0.0975 0.8400000000000001 0.0975 0.8550000000000001 0.11499999999999999 0.8550000000000001 0.11499999999999999 0.8400000000000001
5 0.13374999999999998 0.82 0.10124999999999999 0.82 0.10124999999999999 0.8300000000000001 0.13374999999999998 0.8300000000000001 0.13374999999999998 0.82
5 0.10500000000000001 0.82125 0.075 0.82125 0.075 0.83125 0.10500000000000001 0.83125 0.10500000000000001 0.82125
5 0.08 0.81875 0.05 0.81875 0.05 0.83125 0.08 0.83125 0.08 0.81875
5 0.13125 0.8012499999999999 0.11625 0.8012499999999999 0.11625 0.81875 0.13125 0.81875 0.13125 0.8012499999999999
5 0.057499999999999996 0.81125 0.027500000000000004 0.81125 0.027500000000000004 0.82125 0.057499999999999996 0.82125 0.057499999999999996 0.81125
5 0.08625000000000001 0.8099999999999999 0.05625 0.8099999999999999 0.05625 0.82 0.08625000000000001 0.82 0.08625000000000001 0.8099999999999999
5 0.11750000000000001 0.8125 0.08249999999999999 0.8125 0.08249999999999999 0.8225 0.11750000000000001 0.8225 0.11750000000000001 0.8125
5 0.11875 0.8025 0.08375 0.8025 0.08375 0.8125 0.11875 0.8125 0.11875 0.8025
5 0.08625000000000001 0.8025 0.058750000000000004 0.8025 0.058750000000000004 0.8125 0.08625000000000001 0.8125 0.08625000000000001 0.8025
5 0.061250000000000006 0.8025 0.03375 0.8025 0.03375 0.8125 0.061250000000000006 0.8125 0.061250000000000006 0.8025
5 0.03375 0.79625 0.01625 0.79625 0.01625 0.81375 0.03375 0.81375 0.03375 0.79625
5 0.061250000000000006 0.83375 0.03875 0.83375 0.03875 0.85875 0.061250000000000006 0.85875 0.061250000000000006 0.83375
5 0.04375 0.8425 0.02375 0.8425 0.02375 0.8574999999999999 0.04375 0.8574999999999999 0.04375 0.8425
5 0.02 0.7975 0.0025 0.7975 0.0025 0.8150000000000001 0.02 0.8150000000000001 0.02 0.7975
5 0.16499999999999998 0.83625 0.14750000000000002 0.83625 0.14750000000000002 0.85625 0.16499999999999998 0.85625 0.16499999999999998 0.83625
5 0.1525 0.8412499999999999 0.1375 0.8412499999999999 0.1375 0.85625 0.1525 0.85625 0.1525 0.8412499999999999
5 0.03375 0.8300000000000001 0.008749999999999999 0.8300000000000001 0.008749999999999999 0.8425 0.03375 0.8425 0.03375 0.8300000000000001
5 0.0225 0.8400000000000001 0.0025 0.8400000000000001 0.0025 0.865 0.0225 0.865 0.0225 0.8400000000000001
5 0 0.8625 0.01125 0.8625 0.01125 0.8425 0 0.8425 0 0.8625
5 0.13625 0.79 0.10124999999999999 0.79 0.10124999999999999 0.8 0.13625 0.8 0.13625 0.79