5 0.83125 0.5387500000000001 0.80375 0.5387500000000001 0.80375 0.54875 0.83125 0.54875 0.83125 0.5387500000000001
5 0.31375000000000003 0.48875 0.30375 0.48875 0.30375 0.49625 0.31375000000000003 0.49625 0.31375000000000003 0.48875
5 0.145 0.8637499999999999 0.11750000000000001 0.8637499999999999 0.11750000000000001 0.8787499999999999 0.145 0.8787499999999999 0.145 0.8637499999999999
5 0.1575 0.845 0.13 0.845 0.13 0.8574999999999999 0.1575 0.8574999999999999 0.1575 0.845
5 0.22000000000000003 0.85625 0.2 0.85625 0.2 0.87375 0.22000000000000003 0.87375 0.22000000000000003 0.85625
5 0.34875 0.82125 0.32375 0.82125 0.32375 0.83125 0.34875 0.83125 0.34875 0.82125
5 0.265 0.88125 0.2375 0.88125 0.2375 0.89625 0.265 0.89625 0.265 0.88125
5 0.26 0.89 0.2325 0.89 0.2325 0.905 0.26 0.905 0.26 0.89
5 0.19125 0.86875 0.16875 0.86875 0.16875 0.8787499999999999 0.19125 0.8787499999999999 0.19125 0.86875
5 0.18875 0.87625 0.16125 0.87625 0.16125 0.8887499999999999 0.18875 0.8887499999999999 0.18875 0.87625
5 0.18375 0.885 0.15875 0.885 0.15875 0.8975 0.18375 0.8975 0.18375 0.885
5 0.17875000000000002 0.8949999999999999 0.15375 0.8949999999999999 0.15375 0.905 0.17875000000000002 0.905 0.17875000000000002 0.8949999999999999
5 0.17250000000000001 0.9037499999999999 0.15 0.9037499999999999 0.15 0.91375 0.17250000000000001 0.91375 0.17250000000000001 0.9037499999999999
5 0.17124999999999999 0.91375 0.14625 0.91375 0.14625 0.9237500000000001 0.17124999999999999 0.9237500000000001 0.17124999999999999 0.91375
5 0.16625 0.9199999999999999 0.14125000000000001 0.9199999999999999 0.14125000000000001 0.93 0.16625 0.93 0.16625 0.9199999999999999
5 0.25375000000000003 0.9 0.22875 0.9 0.22875 0.9125 0.25375000000000003 0.9125 0.25375000000000003 0.9
5 0.25 0.9112500000000001 0.2225 0.9112500000000001 0.2225 0.92125 0.25 0.92125 0.25 0.9112500000000001
5 0.24625 0.9175000000000001 0.21625 0.9175000000000001 0.21625 0.93 0.24625 0.93 0.24625 0.9175000000000001
5 0.24375 0.9262499999999999 0.21375000000000002 0.9262499999999999 0.21375000000000002 0.93875 0.24375 0.93875 0.24375 0.9262499999999999
5 0.2375 0.9337500000000001 0.21000000000000002 0.9337500000000001 0.21000000000000002 0.94625 0.2375 0.94625 0.2375 0.9337500000000001
5 0.14625 0.95625 0.12375 0.95625 0.12375 0.9662499999999999 0.14625 0.9662499999999999 0.14625 0.95625
5 0.14625 0.94625 0.12625 0.94625 0.12625 0.95625 0.14625 0.95625 0.14625 0.94625
5 0.15625 0.93875 0.13125 0.93875 0.13125 0.9487500000000001 0.15625 0.9487500000000001 0.15625 0.93875
5 0.14125000000000001 0.9637499999999999 0.12125 0.9637499999999999 0.12125 0.9737500000000001 0.14125000000000001 0.9737500000000001 0.14125000000000001 0.9637499999999999
5 0.13874999999999998 0.9712500000000001 0.11374999999999999 0.9712500000000001 0.11374999999999999 0.98375 0.13874999999999998 0.98375 0.13874999999999998 0.9712500000000001
5 0.1325 0.98125 0.11000000000000001 0.98125 0.11000000000000001 0.99125 0.1325 0.99125 0.1325 0.98125
5 0.205 1 0.205 0.9875 0.18 0.9875 0.18 1 0.205 1
5 0.12875 1 0.12875 0.99 0.10625 0.99 0.10625 1 0.12875 1
5 0.16125 0.93 0.13625 0.93 0.13625 0.9400000000000001 0.16125 0.9400000000000001 0.16125 0.93
5 0.3825 0.82875 0.35750000000000004 0.82875 0.35750000000000004 0.8412499999999999 0.3825 0.8412499999999999 0.3825 0.82875
5 0.4125 0.83625 0.385 0.83625 0.385 0.85125 0.4125 0.85125 0.4125 0.83625
5 0.43 0.8462500000000001 0.41 0.8462500000000001 0.41 0.8612500000000001 0.43 0.8612500000000001 0.43 0.8462500000000001
5 0.39 0.9112500000000001 0.375 0.9112500000000001 0.375 0.92875 0.39 0.92875 0.39 0.9112500000000001
5 0.20375000000000001 0.83625 0.16375 0.83625 0.16375 0.85375 0.20375000000000001 0.85375 0.20375000000000001 0.83625