5 0.705 0.14875 0.6925 0.14875 0.6925 0.16875 0.705 0.16875 0.705 0.14875
5 0.73375 0.175 0.70875 0.175 0.70875 0.1875 0.73375 0.1875 0.73375 0.175
5 0.5862499999999999 0.34625 0.57375 0.34625 0.57375 0.36375 0.5862499999999999 0.36375 0.5862499999999999 0.34625
5 0.635 0.32999999999999996 0.62 0.32999999999999996 0.62 0.3525 0.635 0.3525 0.635 0.32999999999999996
5 0.6487499999999999 0.3 0.63375 0.3 0.63375 0.3175 0.6487499999999999 0.3175 0.6487499999999999 0.3
5 0.70625 0.0025 0.67375 0.0025 0.67375 0.017499999999999998 0.70625 0.017499999999999998 0.70625 0.0025
5 0.48375 0.3875 0.45375 0.3875 0.45375 0.4 0.48375 0.4 0.48375 0.3875
5 0.60375 0.46375 0.5912499999999999 0.46375 0.5912499999999999 0.47625 0.60375 0.47625 0.60375 0.46375
5 0.70125 0.42125 0.6837500000000001 0.42125 0.6837500000000001 0.44375 0.70125 0.44375 0.70125 0.42125
5 0.7125 0.425 0.7025 0.425 0.7025 0.4425 0.7125 0.4425 0.7125 0.425
5 0.7325 0.42625 0.7175 0.42625 0.7175 0.44125 0.7325 0.44125 0.7325 0.42625
5 0.865 0.44125 0.8400000000000001 0.44125 0.8400000000000001 0.45375 0.865 0.45375 0.865 0.44125
5 0.905 0.45375 0.89 0.45375 0.89 0.47125000000000006 0.905 0.47125000000000006 0.905 0.45375
5 0.9175000000000001 0.45375 0.9075 0.45375 0.9075 0.47375 0.9175000000000001 0.47375 0.9175000000000001 0.45375
5 0.63125 0.50125 0.60625 0.50125 0.60625 0.51125 0.63125 0.51125 0.63125 0.50125
5 0.5962500000000001 0.545 0.58125 0.545 0.58125 0.5650000000000001 0.5962500000000001 0.5650000000000001 0.5962500000000001 0.545
5 0.63375 0.4875 0.60875 0.4875 0.60875 0.49749999999999994 0.63375 0.49749999999999994 0.63375 0.4875
5 0.8237500000000001 0.44000000000000006 0.81125 0.44000000000000006 0.81125 0.45999999999999996 0.8237500000000001 0.45999999999999996 0.8237500000000001 0.44000000000000006
5 0.9400000000000001 0.495 0.9099999999999999 0.495 0.9099999999999999 0.5075000000000001 0.9400000000000001 0.5075000000000001 0.9400000000000001 0.495
5 0.5475 0.675 0.52 0.675 0.52 0.6875 0.5475 0.6875 0.5475 0.675
5 0.6587500000000001 0.7075 0.6287499999999999 0.7075 0.6287499999999999 0.72 0.6587500000000001 0.72 0.6587500000000001 0.7075
5 0.6799999999999999 0.42625 0.67 0.42625 0.67 0.43875000000000003 0.6799999999999999 0.43875000000000003 0.6799999999999999 0.42625
5 0.5974999999999999 0.5175 0.58 0.5175 0.58 0.5375 0.5974999999999999 0.5375 0.5974999999999999 0.5175