5 0.85125 0.7887500000000001 0.8387499999999999 0.7887500000000001 0.8387499999999999 0.79875 0.85125 0.79875 0.85125 0.7887500000000001
5 0.73625 0.605 0.71875 0.605 0.71875 0.625 0.73625 0.625 0.73625 0.605
5 0.7474999999999999 0.5974999999999999 0.7325 0.5974999999999999 0.7325 0.615 0.7474999999999999 0.615 0.7474999999999999 0.5974999999999999
5 0.76 0.58125 0.745 0.58125 0.745 0.59875 0.76 0.59875 0.76 0.58125
5 0.77 0.5662499999999999 0.7575000000000001 0.5662499999999999 0.7575000000000001 0.58125 0.77 0.58125 0.77 0.5662499999999999
5 0.40750000000000003 0.7537499999999999 0.38 0.7537499999999999 0.38 0.76375 0.40750000000000003 0.76375 0.40750000000000003 0.7537499999999999
5 0.40499999999999997 0.76375 0.3775 0.76375 0.3775 0.77625 0.40499999999999997 0.77625 0.40499999999999997 0.76375
5 0.40125 0.7737499999999999 0.37124999999999997 0.7737499999999999 0.37124999999999997 0.78625 0.40125 0.78625 0.40125 0.7737499999999999
5 0.34750000000000003 0.7424999999999999 0.3175 0.7424999999999999 0.3175 0.755 0.34750000000000003 0.755 0.34750000000000003 0.7424999999999999
5 0.34125 0.7575000000000001 0.31124999999999997 0.7575000000000001 0.31124999999999997 0.77 0.34125 0.77 0.34125 0.7575000000000001
5 0.33375 0.76875 0.31124999999999997 0.76875 0.31124999999999997 0.78125 0.33375 0.78125 0.33375 0.76875
5 0.91625 0.48 0.89375 0.48 0.89375 0.5 0.91625 0.5 0.91625 0.48
5 0.9400000000000001 0.42750000000000005 0.9225 0.42750000000000005 0.9225 0.44749999999999995 0.9400000000000001 0.44749999999999995 0.9400000000000001 0.42750000000000005
5 0.8 0.46875 0.7725 0.46875 0.7725 0.48375 0.8 0.48375 0.8 0.46875
5 0.45 0.25625 0.43 0.25625 0.43 0.27125 0.45 0.27125 0.45 0.25625
5 0.4625 0.2375 0.44000000000000006 0.2375 0.44000000000000006 0.2525 0.4625 0.2525 0.4625 0.2375
5 0.4725 0.22374999999999998 0.4575 0.22374999999999998 0.4575 0.23374999999999999 0.4725 0.23374999999999999 0.4725 0.22374999999999998
5 0.43125 0.2725 0.41125 0.2725 0.41125 0.2925 0.43125 0.2925 0.43125 0.2725
5 0.5912499999999999 0.06375 0.57875 0.06375 0.57875 0.07875 0.5912499999999999 0.07875 0.5912499999999999 0.06375
5 0.17875000000000002 0.13 0.14875 0.13 0.14875 0.1575 0.17875000000000002 0.1575 0.17875000000000002 0.13
5 0.19375 0.13999999999999999 0.17375000000000002 0.13999999999999999 0.17375000000000002 0.16 0.19375 0.16 0.19375 0.13999999999999999
5 0.1625 0.17124999999999999 0.13999999999999999 0.17124999999999999 0.13999999999999999 0.19125 0.1625 0.19125 0.1625 0.17124999999999999
5 0.1775 0.17875000000000002 0.1625 0.17875000000000002 0.1625 0.19375 0.1775 0.19375 0.1775 0.17875000000000002
5 0.09125 0.17375000000000002 0.07375000000000001 0.17375000000000002 0.07375000000000001 0.19125 0.09125 0.19125 0.09125 0.17375000000000002
5 0.05125 0.15875 0.028749999999999998 0.15875 0.028749999999999998 0.17625 0.05125 0.17625 0.05125 0.15875
5 0 0.058750000000000004 0.027500000000000004 0.058750000000000004 0.027500000000000004 0.03375 0 0.03375 0 0.058750000000000004
5 0.02375 0.745 0.00625 0.745 0.00625 0.77 0.02375 0.77 0.02375 0.745
5 0 0.57625 0.017499999999999998 0.57625 0.017499999999999998 0.56375 0 0.56375 0 0.57625
5 0 0.5662499999999999 0.02 0.5662499999999999 0.02 0.55375 0 0.55375 0 0.5662499999999999
5 0.1775 0.4875 0.15 0.4875 0.15 0.49749999999999994 0.1775 0.49749999999999994 0.1775 0.4875
5 0.18375 0.475 0.15125 0.475 0.15125 0.49000000000000005 0.18375 0.49000000000000005 0.18375 0.475
5 0.1975 0.44000000000000006 0.17250000000000001 0.44000000000000006 0.17250000000000001 0.4525 0.1975 0.4525 0.1975 0.44000000000000006
5 0.29874999999999996 0.46375 0.28375 0.46375 0.28375 0.47874999999999995 0.29874999999999996 0.47874999999999995 0.29874999999999996 0.46375
5 0.23374999999999999 0.4375 0.21875 0.4375 0.21875 0.4525 0.23374999999999999 0.4525 0.23374999999999999 0.4375
5 0.28500000000000003 0.4175 0.2575 0.4175 0.2575 0.43 0.28500000000000003 0.43 0.28500000000000003 0.4175
5 0.18375 0.46749999999999997 0.15875 0.46749999999999997 0.15875 0.47750000000000004 0.18375 0.47750000000000004 0.18375 0.46749999999999997
5 0.20625 0.42750000000000005 0.18125 0.42750000000000005 0.18125 0.44000000000000006 0.20625 0.44000000000000006 0.20625 0.42750000000000005
5 0.19 0.4575 0.1625 0.4575 0.1625 0.47000000000000003 0.19 0.47000000000000003 0.19 0.4575
5 0.19 0.44875 0.1675 0.44875 0.1675 0.46125 0.19 0.46125 0.19 0.44875
5 0.2325 0.4 0.2 0.4 0.2 0.41500000000000004 0.2325 0.41500000000000004 0.2325 0.4
5 0.24 0.39 0.21000000000000002 0.39 0.21000000000000002 0.40499999999999997 0.24 0.40499999999999997 0.24 0.39
5 0.24625 0.385 0.22374999999999998 0.385 0.22374999999999998 0.395 0.24625 0.395 0.24625 0.385
5 0.16999999999999998 0.34875 0.15 0.34875 0.15 0.37124999999999997 0.16999999999999998 0.37124999999999997 0.16999999999999998 0.34875
5 0.1275 0.34125 0.11000000000000001 0.34125 0.11000000000000001 0.36375 0.1275 0.36375 0.1275 0.34125
5 0.075 0.3375 0.05500000000000001 0.3375 0.05500000000000001 0.355 0.075 0.355 0.075 0.3375
5 0 0.34249999999999997 0.01875 0.34249999999999997 0.01875 0.3275 0 0.3275 0 0.34249999999999997
5 0 0.33125 0.026250000000000002 0.33125 0.026250000000000002 0.31625000000000003 0 0.31625000000000003 0 0.33125