5 0.21875 0.9475 0.20375000000000001 0.9475 0.20375000000000001 0.9675 0.21875 0.9675 0.21875 0.9475
5 0.23875000000000002 0.88125 0.22374999999999998 0.88125 0.22374999999999998 0.89875 0.23875000000000002 0.89875 0.23875000000000002 0.88125
5 0.95 0.65125 0.925 0.65125 0.925 0.6587500000000001 0.95 0.6587500000000001 0.95 0.65125
5 0.95625 0.67 0.93125 0.67 0.93125 0.6799999999999999 0.95625 0.6799999999999999 0.95625 0.67
5 0.95625 0.68125 0.93125 0.68125 0.93125 0.68625 0.95625 0.68625 0.95625 0.68125
5 0.9025000000000001 0.58 0.885 0.58 0.885 0.5974999999999999 0.9025000000000001 0.5974999999999999 0.9025000000000001 0.58
5 0.9175000000000001 0.4925 0.8875 0.4925 0.8875 0.505 0.9175000000000001 0.505 0.9175000000000001 0.4925
5 0.91625 0.48375 0.89125 0.48375 0.89125 0.49375 0.91625 0.49375 0.91625 0.48375
5 0.9075 0.4575 0.8800000000000001 0.4575 0.8800000000000001 0.465 0.9075 0.465 0.9075 0.4575
5 0.93875 0.5900000000000001 0.9262499999999999 0.5900000000000001 0.9262499999999999 0.6 0.93875 0.6 0.93875 0.5900000000000001
5 0.9175000000000001 0.30625 0.8875 0.30625 0.8875 0.31625000000000003 0.9175000000000001 0.31625000000000003 0.9175000000000001 0.30625
5 0.8150000000000001 0.57875 0.7925 0.57875 0.7925 0.5962500000000001 0.8150000000000001 0.5962500000000001 0.8150000000000001 0.57875
5 0.805 0.55625 0.7725 0.55625 0.7725 0.56875 0.805 0.56875 0.805 0.55625
5 0.30375 0.8300000000000001 0.27125 0.8300000000000001 0.27125 0.8425 0.30375 0.8425 0.30375 0.8300000000000001
5 0.315 0.8225 0.29 0.8225 0.29 0.8300000000000001 0.315 0.8300000000000001 0.315 0.8225
5 0.3125 0.81125 0.28500000000000003 0.81125 0.28500000000000003 0.82125 0.3125 0.82125 0.3125 0.81125
5 0.31875 0.79875 0.29375 0.79875 0.29375 0.8087500000000001 0.31875 0.8087500000000001 0.31875 0.79875
5 0.4325 0.735 0.4225 0.735 0.4225 0.75 0.4325 0.75 0.4325 0.735
5 0.29500000000000004 0.73 0.28500000000000003 0.73 0.28500000000000003 0.745 0.29500000000000004 0.745 0.29500000000000004 0.73
5 0.3 0.70875 0.28500000000000003 0.70875 0.28500000000000003 0.7262500000000001 0.3 0.7262500000000001 0.3 0.70875
5 0.30625 0.5825 0.29375 0.5825 0.29375 0.6025 0.30625 0.6025 0.30625 0.5825
5 0.70125 0.49000000000000005 0.67625 0.49000000000000005 0.67625 0.5075000000000001 0.70125 0.5075000000000001 0.70125 0.49000000000000005
5 0.6587500000000001 0.50875 0.64125 0.50875 0.64125 0.52625 0.6587500000000001 0.52625 0.6587500000000001 0.50875
5 0.2375 0.4725 0.2225 0.4725 0.2225 0.4925 0.2375 0.4925 0.2375 0.4725
5 0.24375 0.43499999999999994 0.22875 0.43499999999999994 0.22875 0.4575 0.24375 0.4575 0.24375 0.43499999999999994
5 0.33125 0.35625 0.30874999999999997 0.35625 0.30874999999999997 0.36875 0.33125 0.36875 0.33125 0.35625
5 0.445 0.33125 0.42750000000000005 0.33125 0.42750000000000005 0.33875 0.445 0.33875 0.445 0.33125
5 0.06375 0.78 0.03625 0.78 0.03625 0.79 0.06375 0.79 0.06375 0.78
5 0.16 0.40499999999999997 0.1375 0.40499999999999997 0.1375 0.41500000000000004 0.16 0.41500000000000004 0.16 0.40499999999999997
5 0.0325 0.4425 0.0025 0.4425 0.0025 0.45499999999999996 0.0325 0.45499999999999996 0.0325 0.4425
5 0.0775 0.43375 0.0475 0.43375 0.0475 0.44625000000000004 0.0775 0.44625000000000004 0.0775 0.43375
5 0.96 0.24874999999999997 0.925 0.24874999999999997 0.925 0.27125 0.96 0.27125 0.96 0.24874999999999997
5 0.88125 0.25875 0.86625 0.25875 0.86625 0.27625 0.88125 0.27625 0.88125 0.25875
5 0.8637499999999999 0.22125 0.8387499999999999 0.22125 0.8387499999999999 0.23625 0.8637499999999999 0.23625 0.8637499999999999 0.22125
5 0.8425 0.20750000000000002 0.8175000000000001 0.20750000000000002 0.8175000000000001 0.225 0.8425 0.225 0.8425 0.20750000000000002
5 0.81875 0.19375 0.79125 0.19375 0.79125 0.21125 0.81875 0.21125 0.81875 0.19375
5 0.78125 0.17375000000000002 0.76125 0.17375000000000002 0.76125 0.18875 0.78125 0.18875 0.78125 0.17375000000000002
5 0.75875 0.1625 0.73625 0.1625 0.73625 0.18 0.75875 0.18 0.75875 0.1625
5 0.6599999999999999 0.21125 0.6425 0.21125 0.6425 0.22875 0.6599999999999999 0.22875 0.6599999999999999 0.21125
5 0.39375 0.27375 0.36625 0.27375 0.36625 0.29125 0.39375 0.29125 0.39375 0.27375
5 0.31625000000000003 0.23374999999999999 0.29625 0.23374999999999999 0.29625 0.25375000000000003 0.31625000000000003 0.25375000000000003 0.31625000000000003 0.23374999999999999
5 0.325 0.19624999999999998 0.3025 0.19624999999999998 0.3025 0.21875 0.325 0.21875 0.325 0.19624999999999998
5 0.33625 0.19375 0.32125 0.19375 0.32125 0.21375000000000002 0.33625 0.21375000000000002 0.33625 0.19375
5 0.1825 0.29125 0.1675 0.29125 0.1675 0.30874999999999997 0.1825 0.30874999999999997 0.1825 0.29125
5 0.14750000000000002 0.16375 0.125 0.16375 0.125 0.17625 0.14750000000000002 0.17625 0.14750000000000002 0.16375
5 0.35750000000000004 0.1925 0.3375 0.1925 0.3375 0.2125 0.35750000000000004 0.2125 0.35750000000000004 0.1925
5 0.6275000000000001 0.09125 0.605 0.09125 0.605 0.11125 0.6275000000000001 0.11125 0.6275000000000001 0.09125
5 0.65125 0.1025 0.62625 0.1025 0.62625 0.12250000000000001 0.65125 0.12250000000000001 0.65125 0.1025
5 0.675 0.11625 0.65 0.11625 0.65 0.13625 0.675 0.13625 0.675 0.11625
5 0.51125 0 0.51125 0.01625 0.53625 0.01625 0.53625 0 0.51125 0
5 0.4025 0.215 0.3725 0.215 0.3725 0.23500000000000001 0.4025 0.23500000000000001 0.4025 0.215
5 0.40875000000000006 0.2325 0.38125 0.2325 0.38125 0.2475 0.40875000000000006 0.2475 0.40875000000000006 0.2325
5 0.42125 0.2525 0.39125 0.2525 0.39125 0.2725 0.42125 0.2725 0.42125 0.2525