5 0.52625 0.765 0.51375 0.765 0.51375 0.7875 0.52625 0.7875 0.52625 0.765
5 0.5125 0.765 0.5 0.765 0.5 0.7849999999999999 0.5125 0.7849999999999999 0.5125 0.765
5 0.49749999999999994 0.7675 0.485 0.7675 0.485 0.79 0.49749999999999994 0.79 0.49749999999999994 0.7675
5 0.48250000000000004 0.76625 0.47000000000000003 0.76625 0.47000000000000003 0.78625 0.48250000000000004 0.78625 0.48250000000000004 0.76625
5 0.4375 0.75875 0.40750000000000003 0.75875 0.40750000000000003 0.7737499999999999 0.4375 0.7737499999999999 0.4375 0.75875
5 0.40750000000000003 0.76625 0.3825 0.76625 0.3825 0.77625 0.40750000000000003 0.77625 0.40750000000000003 0.76625
5 0.45875000000000005 0.7275 0.43125 0.7275 0.43125 0.745 0.45875000000000005 0.745 0.45875000000000005 0.7275
5 0.5587500000000001 0.7212500000000001 0.54375 0.7212500000000001 0.54375 0.74125 0.5587500000000001 0.74125 0.5587500000000001 0.7212500000000001
5 0.54375 0.7212500000000001 0.53125 0.7212500000000001 0.53125 0.73875 0.54375 0.73875 0.54375 0.7212500000000001
5 0.515 0.7212500000000001 0.5025000000000001 0.7212500000000001 0.5025000000000001 0.73875 0.515 0.73875 0.515 0.7212500000000001
5 0.50125 0.7212500000000001 0.48875 0.7212500000000001 0.48875 0.73875 0.50125 0.73875 0.50125 0.7212500000000001
5 0.48624999999999996 0.7162499999999999 0.47125000000000006 0.7162499999999999 0.47125000000000006 0.73375 0.48624999999999996 0.73375 0.48624999999999996 0.7162499999999999
5 0.43875000000000003 0.6900000000000001 0.41624999999999995 0.6900000000000001 0.41624999999999995 0.73 0.43875000000000003 0.73 0.43875000000000003 0.6900000000000001
5 0.4875 0.6825 0.475 0.6825 0.475 0.7025 0.4875 0.7025 0.4875 0.6825
5 0.50125 0.6849999999999999 0.48875 0.6849999999999999 0.48875 0.7025 0.50125 0.7025 0.50125 0.6849999999999999
5 0.5175 0.6849999999999999 0.5025000000000001 0.6849999999999999 0.5025000000000001 0.705 0.5175 0.705 0.5175 0.6849999999999999
5 0.53 0.6849999999999999 0.5175 0.6849999999999999 0.5175 0.7025 0.53 0.7025 0.53 0.6849999999999999
5 0.54625 0.6875 0.5337500000000001 0.6875 0.5337500000000001 0.7075 0.54625 0.7075 0.54625 0.6875
5 0.57625 0.6849999999999999 0.56125 0.6849999999999999 0.56125 0.7025 0.57625 0.7025 0.57625 0.6849999999999999
5 0.55625 0.68625 0.54625 0.68625 0.54625 0.70125 0.55625 0.70125 0.55625 0.68625
5 0.575 0.64625 0.5625 0.64625 0.5625 0.66125 0.575 0.66125 0.575 0.64625
5 0.5650000000000001 0.64125 0.55 0.64125 0.55 0.66125 0.5650000000000001 0.66125 0.5650000000000001 0.64125
5 0.54875 0.64 0.5337500000000001 0.64 0.5337500000000001 0.6599999999999999 0.54875 0.6599999999999999 0.54875 0.64
5 0.52125 0.64375 0.50625 0.64375 0.50625 0.6587500000000001 0.52125 0.6587500000000001 0.52125 0.64375
5 0.505 0.64375 0.4925 0.64375 0.4925 0.6587500000000001 0.505 0.6587500000000001 0.505 0.64375
5 0.49000000000000005 0.64375 0.47750000000000004 0.64375 0.47750000000000004 0.6587500000000001 0.49000000000000005 0.6587500000000001 0.49000000000000005 0.64375
5 0.44000000000000006 0.6224999999999999 0.42750000000000005 0.6224999999999999 0.42750000000000005 0.645 0.44000000000000006 0.645 0.44000000000000006 0.6224999999999999
5 0.44375 0.57625 0.42874999999999996 0.57625 0.42874999999999996 0.59875 0.44375 0.59875 0.44375 0.57625
5 0.2975 0.765 0.27 0.765 0.27 0.775 0.2975 0.775 0.2975 0.765
5 0.24625 0.765 0.21875 0.765 0.21875 0.775 0.24625 0.775 0.24625 0.765
5 0.215 0.7625 0.185 0.7625 0.185 0.775 0.215 0.775 0.215 0.7625
5 0.1825 0.7625 0.155 0.7625 0.155 0.7725 0.1825 0.7725 0.1825 0.7625
5 0.14375 0.76125 0.11625 0.76125 0.11625 0.77125 0.14375 0.77125 0.14375 0.76125
5 0.1075 0.76125 0.075 0.76125 0.075 0.77125 0.1075 0.77125 0.1075 0.76125
5 0.2575 0.7112499999999999 0.22749999999999998 0.7112499999999999 0.22749999999999998 0.72375 0.2575 0.72375 0.2575 0.7112499999999999
5 0.18625 0.7112499999999999 0.15125 0.7112499999999999 0.15125 0.72375 0.18625 0.72375 0.18625 0.7112499999999999
5 0.25625 0.7 0.22625 0.7 0.22625 0.71 0.25625 0.71 0.25625 0.7
5 0.25875 0.68875 0.22875 0.68875 0.22875 0.69875 0.25875 0.69875 0.25875 0.68875
5 0.32375 0.7025 0.29375 0.7025 0.29375 0.7125 0.32375 0.7125 0.32375 0.7025
5 0.32625000000000004 0.68875 0.29625 0.68875 0.29625 0.70125 0.32625000000000004 0.70125 0.32625000000000004 0.68875
5 0.32999999999999996 0.6725 0.3 0.6725 0.3 0.6825 0.32999999999999996 0.6825 0.32999999999999996 0.6725
5 0.185 0.69375 0.16 0.69375 0.16 0.70625 0.185 0.70625 0.185 0.69375
5 0.185 0.6837500000000001 0.16 0.6837500000000001 0.16 0.69375 0.185 0.69375 0.185 0.6837500000000001
5 0.18875 0.67625 0.16125 0.67625 0.16125 0.68625 0.18875 0.68625 0.18875 0.67625
5 0.18875 0.6675 0.16125 0.6675 0.16125 0.6775 0.18875 0.6775 0.18875 0.6675
5 0.185 0.6587500000000001 0.16 0.6587500000000001 0.16 0.66625 0.185 0.66625 0.185 0.6587500000000001
5 0.06999999999999999 0.75875 0.0125 0.75875 0.0125 0.77625 0.06999999999999999 0.77625 0.06999999999999999 0.75875
5 0 0.645 0.02375 0.645 0.02375 0.6325000000000001 0 0.6325000000000001 0 0.645
5 0.44375 0.60375 0.43125 0.60375 0.43125 0.6212500000000001 0.44375 0.6212500000000001 0.44375 0.60375
5 0.44625000000000004 0.5387500000000001 0.43125 0.5387500000000001 0.43125 0.55625 0.44625000000000004 0.55625 0.44625000000000004 0.5387500000000001
5 0.44875 0.50125 0.43125 0.50125 0.43125 0.52125 0.44875 0.52125 0.44875 0.50125
5 0.72375 0.335 0.67875 0.335 0.67875 0.3675 0.72375 0.3675 0.72375 0.335
5 0.45125000000000004 0.45 0.43125 0.45 0.43125 0.48250000000000004 0.45125000000000004 0.48250000000000004 0.45125000000000004 0.45
5 0.82875 0.575 0.80375 0.575 0.80375 0.6125 0.82875 0.6125 0.82875 0.575
5 0.26 0.6637500000000001 0.2375 0.6637500000000001 0.2375 0.67375 0.26 0.67375 0.26 0.6637500000000001
5 0.39 0.38125 0.3675 0.38125 0.3675 0.41624999999999995 0.39 0.41624999999999995 0.39 0.38125
5 0.46624999999999994 0.26 0.44375 0.26 0.44375 0.29500000000000004 0.46624999999999994 0.29500000000000004 0.46624999999999994 0.26
5 0.40750000000000003 0.32125 0.375 0.32125 0.375 0.34625 0.40750000000000003 0.34625 0.40750000000000003 0.32125
5 0.395 0.3125 0.3625 0.3125 0.3625 0.33999999999999997 0.395 0.33999999999999997 0.395 0.3125
5 0.39375 0.29 0.36625 0.29 0.36625 0.31 0.39375 0.31 0.39375 0.29
5 0.40750000000000003 0.30375 0.3825 0.30375 0.3825 0.31375000000000003 0.40750000000000003 0.31375000000000003 0.40750000000000003 0.30375
5 0.4025 0.26 0.3675 0.26 0.3675 0.29 0.4025 0.29 0.4025 0.26
5 0.4025 0.23125 0.3675 0.23125 0.3675 0.26125 0.4025 0.26125 0.4025 0.23125
5 0.3625 0.21000000000000002 0.33999999999999997 0.21000000000000002 0.33999999999999997 0.225 0.3625 0.225 0.3625 0.21000000000000002
5 0.385 0.20249999999999999 0.365 0.20249999999999999 0.365 0.2325 0.385 0.2325 0.385 0.20249999999999999
5 1 0.017499999999999998 0.9025000000000001 0.017499999999999998 0.9025000000000001 0.042499999999999996 1 0.042499999999999996 1 0.017499999999999998
5 0 0.18625 0.05 0.18625 0.05 0.17124999999999999 0 0.17124999999999999 0 0.18625
5 0.10375000000000001 0.17250000000000001 0.05125 0.17250000000000001 0.05125 0.1875 0.10375000000000001 0.1875 0.10375000000000001 0.17250000000000001