5 0 0.9574999999999999 0.01625 0.9574999999999999 0.01625 0.945 0 0.945 0 0.9574999999999999
5 0 0.9662499999999999 0.01125 0.9662499999999999 0.01125 0.95625 0 0.95625 0 0.9662499999999999
5 0.05375 0.95 0.028749999999999998 0.95 0.028749999999999998 0.9574999999999999 0.05375 0.9574999999999999 0.05375 0.95
5 0.052500000000000005 0.95875 0.027500000000000004 0.95875 0.027500000000000004 0.96875 0.052500000000000005 0.96875 0.052500000000000005 0.95875
5 0.04625 0.96875 0.021249999999999998 0.96875 0.021249999999999998 0.97625 0.04625 0.97625 0.04625 0.96875
5 0.09375 0.9525 0.07875 0.9525 0.07875 0.9724999999999999 0.09375 0.9724999999999999 0.09375 0.9525
5 0.9962500000000001 0.93625 0.96875 0.93625 0.96875 0.94625 0.9962500000000001 0.94625 0.9962500000000001 0.93625
5 0.9650000000000001 0.9337500000000001 0.9349999999999999 0.9337500000000001 0.9349999999999999 0.94625 0.9650000000000001 0.94625 0.9650000000000001 0.9337500000000001
5 0.9324999999999999 0.9337500000000001 0.905 0.9337500000000001 0.905 0.94375 0.9324999999999999 0.94375 0.9324999999999999 0.9337500000000001
5 0.89375 0.9324999999999999 0.86625 0.9324999999999999 0.86625 0.9425000000000001 0.89375 0.9425000000000001 0.89375 0.9324999999999999
5 0.8574999999999999 0.9324999999999999 0.825 0.9324999999999999 0.825 0.9425000000000001 0.8574999999999999 0.9425000000000001 0.8574999999999999 0.9324999999999999
5 1 0.8825 0.9775 0.8825 0.9775 0.8949999999999999 1 0.8949999999999999 1 0.8825
5 0.93625 0.8825 0.9012499999999999 0.8825 0.9012499999999999 0.8949999999999999 0.93625 0.8949999999999999 0.93625 0.8825
5 1 0.8712500000000001 0.97625 0.8712500000000001 0.97625 0.88125 1 0.88125 1 0.8712500000000001
5 1 0.86 0.97875 0.86 0.97875 0.8699999999999999 1 0.8699999999999999 1 0.86
5 0.9349999999999999 0.865 0.9099999999999999 0.865 0.9099999999999999 0.8775000000000001 0.9349999999999999 0.8775000000000001 0.9349999999999999 0.865
5 0.9349999999999999 0.8550000000000001 0.9099999999999999 0.8550000000000001 0.9099999999999999 0.865 0.9349999999999999 0.865 0.9349999999999999 0.8550000000000001
5 0.93875 0.8474999999999999 0.9112500000000001 0.8474999999999999 0.9112500000000001 0.8574999999999999 0.93875 0.8574999999999999 0.93875 0.8474999999999999
5 0.93875 0.8387499999999999 0.9112500000000001 0.8387499999999999 0.9112500000000001 0.8487500000000001 0.93875 0.8487500000000001 0.93875 0.8387499999999999
5 0.9349999999999999 0.8300000000000001 0.9099999999999999 0.8300000000000001 0.9099999999999999 0.8375 0.9349999999999999 0.8375 0.9349999999999999 0.8300000000000001
5 0.82 0.93 0.7625 0.93 0.7625 0.9475 0.82 0.9475 0.82 0.93
5 0.7737499999999999 0.80375 0.73375 0.80375 0.73375 0.8162499999999999 0.7737499999999999 0.8162499999999999 0.7737499999999999 0.80375
5 0.05625 0.36 0.01125 0.36 0.01125 0.39 0.05625 0.39 0.05625 0.36
5 0.10874999999999999 0.2975 0.05375 0.2975 0.05375 0.315 0.10874999999999999 0.315 0.10874999999999999 0.2975
5 0.28250000000000003 0.305 0.18 0.305 0.18 0.325 0.28250000000000003 0.325 0.28250000000000003 0.305
5 0.4025 0.31 0.3 0.31 0.3 0.3275 0.4025 0.3275 0.4025 0.31
5 0.545 0.30625 0.4325 0.30625 0.4325 0.32375 0.545 0.32375 0.545 0.30625
5 0.66875 0.31124999999999997 0.55625 0.31124999999999997 0.55625 0.32875 0.66875 0.32875 0.66875 0.31124999999999997
5 0.42125 0.38 0.39625 0.38 0.39625 0.39 0.42125 0.39 0.42125 0.38
5 0.4175 0.38875000000000004 0.395 0.38875000000000004 0.395 0.39875 0.4175 0.39875 0.4175 0.38875000000000004
5 0.425 0.41500000000000004 0.39249999999999996 0.41500000000000004 0.39249999999999996 0.42750000000000005 0.425 0.42750000000000005 0.425 0.41500000000000004
5 0.42625 0.42750000000000005 0.39625 0.42750000000000005 0.39625 0.4375 0.42625 0.4375 0.42625 0.42750000000000005
5 0.42125 0.43624999999999997 0.39375 0.43624999999999997 0.39375 0.44625000000000004 0.42125 0.44625000000000004 0.42125 0.43624999999999997
5 0.42125 0.4625 0.39375 0.4625 0.39375 0.4725 0.42125 0.4725 0.42125 0.4625
5 0.4225 0.47375 0.39249999999999996 0.47375 0.39249999999999996 0.48624999999999996 0.4225 0.48624999999999996 0.4225 0.47375
5 0.42000000000000004 0.49124999999999996 0.39 0.49124999999999996 0.39 0.5037499999999999 0.42000000000000004 0.5037499999999999 0.42000000000000004 0.49124999999999996
5 0.42000000000000004 0.51 0.39249999999999996 0.51 0.39249999999999996 0.5225 0.42000000000000004 0.5225 0.42000000000000004 0.51
5 0.42000000000000004 0.5287499999999999 0.39 0.5287499999999999 0.39 0.5387500000000001 0.42000000000000004 0.5387500000000001 0.42000000000000004 0.5287499999999999
5 0.41624999999999995 0.54 0.38875000000000004 0.54 0.38875000000000004 0.55 0.41624999999999995 0.55 0.41624999999999995 0.54
5 0.41125 0.54875 0.38625 0.54875 0.38625 0.55625 0.41125 0.55625 0.41125 0.54875
5 0.41375 0.55625 0.38625 0.55625 0.38625 0.56875 0.41375 0.56875 0.41375 0.55625
5 0.41 0.5662499999999999 0.385 0.5662499999999999 0.385 0.57625 0.41 0.57625 0.41 0.5662499999999999
5 0.41375 0.57625 0.38875000000000004 0.57625 0.38875000000000004 0.5862499999999999 0.41375 0.5862499999999999 0.41375 0.57625
5 0.41375 0.5862499999999999 0.38625 0.5862499999999999 0.38625 0.5962500000000001 0.41375 0.5962500000000001 0.41375 0.5862499999999999
5 0.41375 0.595 0.38625 0.595 0.38625 0.605 0.41375 0.605 0.41375 0.595
5 1 0.835 0.9875 0.835 0.9875 0.845 1 0.845 1 0.835
5 0.7525000000000001 0.45125000000000004 0.7325 0.45125000000000004 0.7325 0.5037499999999999 0.7525000000000001 0.5037499999999999 0.7525000000000001 0.45125000000000004
5 0.09 0.8775000000000001 0.0725 0.8775000000000001 0.0725 0.8949999999999999 0.09 0.8949999999999999 0.09 0.8775000000000001
5 0.66125 0.9262499999999999 0.59875 0.9262499999999999 0.59875 0.94375 0.66125 0.94375 0.66125 0.9262499999999999
5 0.6 0.9275 0.545 0.9275 0.545 0.9425000000000001 0.6 0.9425000000000001 0.6 0.9275
5 0.8 0.34249999999999997 0.735 0.34249999999999997 0.735 0.35750000000000004 0.8 0.35750000000000004 0.8 0.34249999999999997
5 0.85375 0.34375 0.8012499999999999 0.34375 0.8012499999999999 0.35875 0.85375 0.35875 0.85375 0.34375