5 0.57625 0.95875 0.54625 0.95875 0.54625 0.96875 0.57625 0.96875 0.57625 0.95875
5 0.40374999999999994 0.97875 0.37625000000000003 0.97875 0.37625000000000003 0.9862500000000001 0.40374999999999994 0.9862500000000001 0.40374999999999994 0.97875
5 0.51 0.9824999999999999 0.485 0.9824999999999999 0.485 0.9949999999999999 0.51 0.9949999999999999 0.51 0.9824999999999999
5 0.12375 0.9724999999999999 0.09875 0.9724999999999999 0.09875 0.9800000000000001 0.12375 0.9800000000000001 0.12375 0.9724999999999999
5 0.61375 0.9800000000000001 0.58875 0.9800000000000001 0.58875 0.9875 0.61375 0.9875 0.61375 0.9800000000000001
5 0.10625 0.15875 0.09375 0.15875 0.09375 0.17625 0.10625 0.17625 0.10625 0.15875
5 0.11875 0.15625 0.10874999999999999 0.15625 0.10874999999999999 0.17124999999999999 0.11875 0.17124999999999999 0.11875 0.15625
5 0.13374999999999998 0.15625 0.12375 0.15625 0.12375 0.17124999999999999 0.13374999999999998 0.17124999999999999 0.13374999999999998 0.15625
5 0.15375 0.12875 0.14125000000000001 0.12875 0.14125000000000001 0.14125000000000001 0.15375 0.14125000000000001 0.15375 0.12875
5 0.16875 0.12625 0.15625 0.12625 0.15625 0.13874999999999998 0.16875 0.13874999999999998 0.16875 0.12625
5 0.18625 0.125 0.17875000000000002 0.125 0.17875000000000002 0.1375 0.18625 0.1375 0.18625 0.125
5 0.11000000000000001 0.37124999999999997 0.06999999999999999 0.37124999999999997 0.06999999999999999 0.38625 0.11000000000000001 0.38625 0.11000000000000001 0.37124999999999997
5 0.14875 0.45125000000000004 0.11625 0.45125000000000004 0.11625 0.46125 0.14875 0.46125 0.14875 0.45125000000000004
5 0.625 0.49124999999999996 0.5675 0.49124999999999996 0.5675 0.50625 0.625 0.50625 0.625 0.49124999999999996
5 0.40750000000000003 0.3125 0.3775 0.3125 0.3775 0.325 0.40750000000000003 0.325 0.40750000000000003 0.3125
5 0.40875000000000006 0.17625 0.39125 0.17625 0.39125 0.19624999999999998 0.40875000000000006 0.19624999999999998 0.40875000000000006 0.17625
5 0.58125 0.15125 0.55125 0.15125 0.55125 0.16125 0.58125 0.16125 0.58125 0.15125
5 0.58875 0.1775 0.5587500000000001 0.1775 0.5587500000000001 0.1875 0.58875 0.1875 0.58875 0.1775
5 0.505 0.16125 0.485 0.16125 0.485 0.17875000000000002 0.505 0.17875000000000002 0.505 0.16125
5 0.51375 0.16999999999999998 0.49874999999999997 0.16999999999999998 0.49874999999999997 0.18 0.51375 0.18 0.51375 0.16999999999999998
5 0.43875000000000003 0.1875 0.41624999999999995 0.1875 0.41624999999999995 0.1975 0.43875000000000003 0.1975 0.43875000000000003 0.1875
5 0.48250000000000004 0.16625 0.46749999999999997 0.16625 0.46749999999999997 0.17875000000000002 0.48250000000000004 0.17875000000000002 0.48250000000000004 0.16625
5 0.47625 0.1825 0.45875000000000005 0.1825 0.45875000000000005 0.1925 0.47625 0.1925 0.47625 0.1825
5 0.46125 0.1675 0.45125000000000004 0.1675 0.45125000000000004 0.18 0.46125 0.18 0.46125 0.1675
5 0.4425 0.16999999999999998 0.4325 0.16999999999999998 0.4325 0.1825 0.4425 0.1825 0.4425 0.16999999999999998
5 0.42874999999999996 0.16999999999999998 0.41375 0.16999999999999998 0.41375 0.185 0.42874999999999996 0.185 0.42874999999999996 0.16999999999999998
5 0.9237500000000001 0.23875000000000002 0.89375 0.23875000000000002 0.89375 0.24874999999999997 0.9237500000000001 0.24874999999999997 0.9237500000000001 0.23875000000000002
5 0.85625 0.1525 0.84375 0.1525 0.84375 0.1675 0.85625 0.1675 0.85625 0.1525
5 0.75625 0.19125 0.74375 0.19125 0.74375 0.20375000000000001 0.75625 0.20375000000000001 0.75625 0.19125
5 0.60375 0.19375 0.57875 0.19375 0.57875 0.20125 0.60375 0.20125 0.60375 0.19375
5 0.5700000000000001 0.1975 0.5475 0.1975 0.5475 0.205 0.5700000000000001 0.205 0.5700000000000001 0.1975
5 0.485 0.21000000000000002 0.465 0.21000000000000002 0.465 0.215 0.485 0.215 0.485 0.21000000000000002
5 0.50625 0.175 0.47874999999999995 0.175 0.47874999999999995 0.19 0.50625 0.19 0.50625 0.175
5 0.63 0.042499999999999996 0.61 0.042499999999999996 0.61 0.05 0.63 0.05 0.63 0.042499999999999996
5 0.6012500000000001 0.04625 0.57625 0.04625 0.57625 0.05125 0.6012500000000001 0.05125 0.6012500000000001 0.04625
5 0.5625 0.052500000000000005 0.5325 0.052500000000000005 0.5325 0.06 0.5625 0.06 0.5625 0.052500000000000005
5 0.5287499999999999 0.05 0.49625 0.05 0.49625 0.0625 0.5287499999999999 0.0625 0.5287499999999999 0.05
5 0.16375 0.042499999999999996 0.15125 0.042499999999999996 0.15125 0.0625 0.16375 0.0625 0.16375 0.042499999999999996
5 0.1525 0.005 0.1375 0.005 0.1375 0.0225 0.1525 0.0225 0.1525 0.005