5 0.45499999999999996 0.48375 0.43 0.48375 0.43 0.49124999999999996 0.45499999999999996 0.49124999999999996 0.45499999999999996 0.48375
5 0.5925 0.3975 0.5775 0.3975 0.5775 0.41500000000000004 0.5925 0.41500000000000004 0.5925 0.3975
5 0.38 0.5175 0.365 0.5175 0.365 0.5425 0.38 0.5425 0.38 0.5175
5 0.395 0.5175 0.38 0.5175 0.38 0.5425 0.395 0.5425 0.395 0.5175
5 0.4125 0.5175 0.3975 0.5175 0.3975 0.54 0.4125 0.54 0.4125 0.5175
5 0.42874999999999996 0.51625 0.41375 0.51625 0.41375 0.5387500000000001 0.42874999999999996 0.5387500000000001 0.42874999999999996 0.51625
5 0.4425 0.51875 0.4325 0.51875 0.4325 0.5387500000000001 0.4425 0.5387500000000001 0.4425 0.51875
5 0.4625 0.51625 0.44749999999999995 0.51625 0.44749999999999995 0.5387500000000001 0.4625 0.5387500000000001 0.4625 0.51625
5 0.47750000000000004 0.51625 0.465 0.51625 0.465 0.5387500000000001 0.47750000000000004 0.5387500000000001 0.47750000000000004 0.51625
5 0.495 0.51375 0.47750000000000004 0.51375 0.47750000000000004 0.53625 0.495 0.53625 0.495 0.51375
5 0.51 0.51375 0.49749999999999994 0.51375 0.49749999999999994 0.5337500000000001 0.51 0.5337500000000001 0.51 0.51375
5 0.4925 0.58375 0.47750000000000004 0.58375 0.47750000000000004 0.60875 0.4925 0.60875 0.4925 0.58375
5 0.4625 0.58 0.4525 0.58 0.4525 0.6025 0.4625 0.6025 0.4625 0.58
5 0.44625000000000004 0.58 0.42874999999999996 0.58 0.42874999999999996 0.6025 0.44625000000000004 0.6025 0.44625000000000004 0.58
5 0.42374999999999996 0.5825 0.41125 0.5825 0.41125 0.6025 0.42374999999999996 0.6025 0.42374999999999996 0.5825
5 0.40875000000000006 0.58375 0.39375 0.58375 0.39375 0.60625 0.40875000000000006 0.60625 0.40875000000000006 0.58375
5 0.38875000000000004 0.58375 0.37374999999999997 0.58375 0.37374999999999997 0.60625 0.38875000000000004 0.60625 0.38875000000000004 0.58375
5 0.3725 0.61125 0.35 0.61125 0.35 0.6212500000000001 0.3725 0.6212500000000001 0.3725 0.61125
5 0.37124999999999997 0.64375 0.34125 0.64375 0.34125 0.65625 0.37124999999999997 0.65625 0.37124999999999997 0.64375
5 0.1 0.39625 0.0875 0.39625 0.0875 0.42125 0.1 0.42125 0.1 0.39625
5 0.58375 0.32375 0.55375 0.32375 0.55375 0.35375 0.58375 0.35375 0.58375 0.32375
5 0.5974999999999999 0.29625 0.5700000000000001 0.29625 0.5700000000000001 0.32625000000000004 0.5974999999999999 0.32625000000000004 0.5974999999999999 0.29625
5 0.7 0.2475 0.6575 0.2475 0.6575 0.26749999999999996 0.7 0.26749999999999996 0.7 0.2475
5 0.7 0.26125 0.6599999999999999 0.26125 0.6599999999999999 0.28125 0.7 0.28125 0.7 0.26125
5 0.6487499999999999 0.14250000000000002 0.61125 0.14250000000000002 0.61125 0.16499999999999998 0.6487499999999999 0.16499999999999998 0.6487499999999999 0.14250000000000002
5 0 0.95875 0.0325 0.95875 0.0325 0.92125 0 0.92125 0 0.95875
5 0.49749999999999994 0.39375 0.48 0.39375 0.48 0.41875 0.49749999999999994 0.41875 0.49749999999999994 0.39375