5 0.305 0.22000000000000003 0.27999999999999997 0.22000000000000003 0.27999999999999997 0.2925 0.305 0.2925 0.305 0.22000000000000003
5 0.31124999999999997 0.13 0.26625 0.13 0.26625 0.1525 0.31124999999999997 0.1525 0.31124999999999997 0.13
5 0.05125 0.1525 0.03625 0.1525 0.03625 0.16999999999999998 0.05125 0.16999999999999998 0.05125 0.1525
5 0.0875 0.13625 0.0725 0.13625 0.0725 0.15375 0.0875 0.15375 0.0875 0.13625
5 0.10500000000000001 0.13 0.0875 0.13 0.0875 0.15 0.10500000000000001 0.15 0.10500000000000001 0.13
5 0.12625 0.12250000000000001 0.10874999999999999 0.12250000000000001 0.10874999999999999 0.13999999999999999 0.12625 0.13999999999999999 0.12625 0.12250000000000001
5 0.13999999999999999 0.11750000000000001 0.125 0.11750000000000001 0.125 0.135 0.13999999999999999 0.135 0.13999999999999999 0.11750000000000001
5 0.1575 0.11374999999999999 0.1375 0.11374999999999999 0.1375 0.13374999999999998 0.1575 0.13374999999999998 0.1575 0.11374999999999999
5 0.16875 0.10625 0.15125 0.10625 0.15125 0.12625 0.16875 0.12625 0.16875 0.10625
5 0.10124999999999999 0.35 0.07875 0.35 0.07875 0.365 0.10124999999999999 0.365 0.10124999999999999 0.35
5 0.08125 0.21000000000000002 0.03625 0.21000000000000002 0.03625 0.23500000000000001 0.08125 0.23500000000000001 0.08125 0.21000000000000002
5 0.10124999999999999 0.2375 0.07375000000000001 0.2375 0.07375000000000001 0.2525 0.10124999999999999 0.2525 0.10124999999999999 0.2375
5 0.1125 0.24874999999999997 0.08249999999999999 0.24874999999999997 0.08249999999999999 0.25875 0.1125 0.25875 0.1125 0.24874999999999997
5 0.11374999999999999 0.25625 0.08625000000000001 0.25625 0.08625000000000001 0.26875 0.11374999999999999 0.26875 0.11374999999999999 0.25625
5 0.1125 0.26625 0.0925 0.26625 0.0925 0.27625 0.1125 0.27625 0.1125 0.26625
5 0.125 0.27999999999999997 0.1025 0.27999999999999997 0.1025 0.2875 0.125 0.2875 0.125 0.27999999999999997
5 0.13125 0.29 0.10625 0.29 0.10625 0.2975 0.13125 0.2975 0.13125 0.29
5 0.6425 0.2475 0.6 0.2475 0.6 0.29500000000000004 0.6425 0.29500000000000004 0.6425 0.2475
5 0.62625 0.2725 0.59875 0.2725 0.59875 0.3 0.62625 0.3 0.62625 0.2725
5 0.2 0.21749999999999997 0.1625 0.21749999999999997 0.1625 0.2375 0.2 0.2375 0.2 0.21749999999999997
5 0.2125 0.22749999999999998 0.16999999999999998 0.22749999999999998 0.16999999999999998 0.24500000000000002 0.2125 0.24500000000000002 0.2125 0.22749999999999998