5 0.9199999999999999 0.4425 0.9075 0.4425 0.9075 0.45999999999999996 0.9199999999999999 0.45999999999999996 0.9199999999999999 0.4425
5 0.37 0.31875 0.35750000000000004 0.31875 0.35750000000000004 0.33875 0.37 0.33875 0.37 0.31875
5 0.3725 0.29874999999999996 0.35750000000000004 0.29874999999999996 0.35750000000000004 0.31875 0.3725 0.31875 0.3725 0.29874999999999996
5 0.17124999999999999 0.30625 0.15875 0.30625 0.15875 0.32375 0.17124999999999999 0.32375 0.17124999999999999 0.30625
5 0.1975 0.3025 0.185 0.3025 0.185 0.32 0.1975 0.32 0.1975 0.3025
5 0.22875 0.30625 0.21375000000000002 0.30625 0.21375000000000002 0.32375 0.22875 0.32375 0.22875 0.30625
5 0.2325 0.33999999999999997 0.22000000000000003 0.33999999999999997 0.22000000000000003 0.35750000000000004 0.2325 0.35750000000000004 0.2325 0.33999999999999997
5 0.185 0.67 0.1575 0.67 0.1575 0.6849999999999999 0.185 0.6849999999999999 0.185 0.67
5 0.27625 0.6675 0.25125000000000003 0.6675 0.25125000000000003 0.6825 0.27625 0.6825 0.27625 0.6675
5 0.095 0.6975 0.08249999999999999 0.6975 0.08249999999999999 0.7150000000000001 0.095 0.7150000000000001 0.095 0.6975
5 0.11000000000000001 0.6975 0.1 0.6975 0.1 0.7150000000000001 0.11000000000000001 0.7150000000000001 0.11000000000000001 0.6975
5 0.12125 0.69625 0.11125 0.69625 0.11125 0.71875 0.12125 0.71875 0.12125 0.69625
5 0.14250000000000002 0.69375 0.125 0.69375 0.125 0.7212500000000001 0.14250000000000002 0.7212500000000001 0.14250000000000002 0.69375
5 0.15875 0.69375 0.14375 0.69375 0.14375 0.71375 0.15875 0.71375 0.15875 0.69375
5 0.125 0.72375 0.095 0.72375 0.095 0.7462500000000001 0.125 0.7462500000000001 0.125 0.72375
5 0.21875 0.75875 0.19375 0.75875 0.19375 0.76875 0.21875 0.76875 0.21875 0.75875
5 0.25125000000000003 0.765 0.22125 0.765 0.22125 0.7825 0.25125000000000003 0.7825 0.25125000000000003 0.765
5 0.37374999999999997 0.8237500000000001 0.34625 0.8237500000000001 0.34625 0.8387499999999999 0.37374999999999997 0.8387499999999999 0.37374999999999997 0.8237500000000001
5 0.028749999999999998 0.8387499999999999 0.01125 0.8387499999999999 0.01125 0.85375 0.028749999999999998 0.85375 0.028749999999999998 0.8387499999999999
5 0.0375 0.8612500000000001 0.027500000000000004 0.8612500000000001 0.027500000000000004 0.8712500000000001 0.0375 0.8712500000000001 0.0375 0.8612500000000001
5 0.12125 0.8425 0.10874999999999999 0.8425 0.10874999999999999 0.8525 0.12125 0.8525 0.12125 0.8425
5 0.135 0.8412499999999999 0.125 0.8412499999999999 0.125 0.85375 0.135 0.85375 0.135 0.8412499999999999
5 0.14750000000000002 0.8525 0.1325 0.8525 0.1325 0.865 0.14750000000000002 0.865 0.14750000000000002 0.8525
5 0.14250000000000002 0.88375 0.13 0.88375 0.13 0.89375 0.14250000000000002 0.89375 0.14250000000000002 0.88375
5 0.155 0.8825 0.14250000000000002 0.8825 0.14250000000000002 0.8925000000000001 0.155 0.8925000000000001 0.155 0.8825
5 0.05375 0.9 0.03375 0.9 0.03375 0.925 0.05375 0.925 0.05375 0.9
5 0.06875 0.9375 0.04875 0.9375 0.04875 0.9574999999999999 0.06875 0.9574999999999999 0.06875 0.9375
5 0.09 1 0.09 0.9887499999999999 0.06999999999999999 0.9887499999999999 0.06999999999999999 1 0.09 1
5 0.525 0.26749999999999996 0.49749999999999994 0.26749999999999996 0.49749999999999994 0.27749999999999997 0.525 0.27749999999999997 0.525 0.26749999999999996
5 0.7424999999999999 0.9425000000000001 0.7150000000000001 0.9425000000000001 0.7150000000000001 0.9525 0.7424999999999999 0.9525 0.7424999999999999 0.9425000000000001