5 0.01625 0.21000000000000002 0.00375 0.21000000000000002 0.00375 0.22749999999999998 0.01625 0.22749999999999998 0.01625 0.21000000000000002
5 0.10625 0.10874999999999999 0.08625000000000001 0.10874999999999999 0.08625000000000001 0.13125 0.10625 0.13125 0.10625 0.10874999999999999
5 0.125 0.1025 0.0975 0.1025 0.0975 0.125 0.125 0.125 0.125 0.1025
5 0.14250000000000002 0.09625 0.1125 0.09625 0.1125 0.11875 0.14250000000000002 0.11875 0.14250000000000002 0.09625
5 0.13874999999999998 0.125 0.09625 0.125 0.09625 0.14750000000000002 0.13874999999999998 0.14750000000000002 0.13874999999999998 0.125
5 0.18125 0.1325 0.15375 0.1325 0.15375 0.1525 0.18125 0.1525 0.18125 0.1325
5 0.14750000000000002 0.17375000000000002 0.1275 0.17375000000000002 0.1275 0.18875 0.14750000000000002 0.18875 0.14750000000000002 0.17375000000000002
5 0.17375000000000002 0.17625 0.15125 0.17625 0.15125 0.19875 0.17375000000000002 0.19875 0.17375000000000002 0.17625
5 0.2475 0.27999999999999997 0.21749999999999997 0.27999999999999997 0.21749999999999997 0.3 0.2475 0.3 0.2475 0.27999999999999997
5 0.14625 0.32999999999999996 0.12125 0.32999999999999996 0.12125 0.35 0.14625 0.35 0.14625 0.32999999999999996
5 0.1325 0.33625 0.1075 0.33625 0.1075 0.35375 0.1325 0.35375 0.1325 0.33625
5 0.11750000000000001 0.33999999999999997 0.095 0.33999999999999997 0.095 0.36 0.11750000000000001 0.36 0.11750000000000001 0.33999999999999997
5 0.10874999999999999 0.34750000000000003 0.08125 0.34750000000000003 0.08125 0.3675 0.10874999999999999 0.3675 0.10874999999999999 0.34750000000000003
5 0.0925 0.3525 0.065 0.3525 0.065 0.3725 0.0925 0.3725 0.0925 0.3525
5 0.09375 0.38125 0.06625 0.38125 0.06625 0.39125 0.09375 0.39125 0.09375 0.38125
5 0.1 0.395 0.0725 0.395 0.0725 0.4025 0.1 0.4025 0.1 0.395
5 0.10625 0.4025 0.07625 0.4025 0.07625 0.4125 0.10625 0.4125 0.10625 0.4025
5 0.11499999999999999 0.4125 0.09 0.4125 0.09 0.4225 0.11499999999999999 0.4225 0.11499999999999999 0.4125
5 0.12250000000000001 0.42374999999999996 0.09 0.42374999999999996 0.09 0.43375 0.12250000000000001 0.43375 0.12250000000000001 0.42374999999999996
5 0.14750000000000002 0.44875 0.12 0.44875 0.12 0.45875000000000005 0.14750000000000002 0.45875000000000005 0.14750000000000002 0.44875
5 0.15375 0.45625 0.12625 0.45625 0.12625 0.47125000000000006 0.15375 0.47125000000000006 0.15375 0.45625
5 0.22000000000000003 0.23500000000000001 0.1825 0.23500000000000001 0.1825 0.2725 0.22000000000000003 0.2725 0.22000000000000003 0.23500000000000001
5 0.27875 0.76125 0.25125000000000003 0.76125 0.25125000000000003 0.7787499999999999 0.27875 0.7787499999999999 0.27875 0.76125
5 0.26875 0.77125 0.24625 0.77125 0.24625 0.7887500000000001 0.26875 0.7887500000000001 0.26875 0.77125
5 0.275 0.71375 0.2575 0.71375 0.2575 0.73875 0.275 0.73875 0.275 0.71375
5 0.30125 0.7325 0.27125 0.7325 0.27125 0.75 0.30125 0.75 0.30125 0.7325
5 0.0975 0.85625 0.0675 0.85625 0.0675 0.8712500000000001 0.0975 0.8712500000000001 0.0975 0.85625
5 0.39249999999999996 0.505 0.37 0.505 0.37 0.5349999999999999 0.39249999999999996 0.5349999999999999 0.39249999999999996 0.505
5 0.4225 0.4925 0.4025 0.4925 0.4025 0.5225 0.4225 0.5225 0.4225 0.4925
5 0.5725 0.7775000000000001 0.5425 0.7775000000000001 0.5425 0.79 0.5725 0.79 0.5725 0.7775000000000001
5 0.5650000000000001 0.76625 0.5375 0.76625 0.5375 0.7787499999999999 0.5650000000000001 0.7787499999999999 0.5650000000000001 0.76625
5 0.5700000000000001 0.75125 0.5425 0.75125 0.5425 0.76375 0.5700000000000001 0.76375 0.5700000000000001 0.75125
5 0.575 0.74125 0.5475 0.74125 0.5475 0.7537499999999999 0.575 0.7537499999999999 0.575 0.74125
5 0.58 0.73375 0.5549999999999999 0.73375 0.5549999999999999 0.7462500000000001 0.58 0.7462500000000001 0.58 0.73375
5 0.58875 0.7224999999999999 0.5587500000000001 0.7224999999999999 0.5587500000000001 0.7375 0.58875 0.7375 0.58875 0.7224999999999999
5 0.5925 0.7162499999999999 0.5675 0.7162499999999999 0.5675 0.72875 0.5925 0.72875 0.5925 0.7162499999999999
5 0.5974999999999999 0.7075 0.575 0.7075 0.575 0.7224999999999999 0.5974999999999999 0.7224999999999999 0.5974999999999999 0.7075
5 0.5962500000000001 0.69875 0.57625 0.69875 0.57625 0.7112499999999999 0.5962500000000001 0.7112499999999999 0.5962500000000001 0.69875
5 0.60875 0.6900000000000001 0.58125 0.6900000000000001 0.58125 0.705 0.60875 0.705 0.60875 0.6900000000000001
5 0.61375 0.6799999999999999 0.5912499999999999 0.6799999999999999 0.5912499999999999 0.6925 0.61375 0.6925 0.61375 0.6799999999999999
5 0.6224999999999999 0.6675 0.595 0.6675 0.595 0.6825 0.6224999999999999 0.6825 0.6224999999999999 0.6675
5 0.63 0.6575 0.605 0.6575 0.605 0.6725 0.63 0.6725 0.63 0.6575
5 0.63625 0.65 0.61125 0.65 0.61125 0.6625 0.63625 0.6625 0.63625 0.65
5 0.645 0.64375 0.6174999999999999 0.64375 0.6174999999999999 0.65625 0.645 0.65625 0.645 0.64375
5 0.6950000000000001 0.65125 0.6725 0.65125 0.6725 0.66625 0.6950000000000001 0.66625 0.6950000000000001 0.65125
5 0.6849999999999999 0.66125 0.6625 0.66125 0.6625 0.6837500000000001 0.6849999999999999 0.6837500000000001 0.6849999999999999 0.66125
5 0.67875 0.6825 0.6587500000000001 0.6825 0.6587500000000001 0.7025 0.67875 0.7025 0.67875 0.6825
5 0.7375 0.6900000000000001 0.725 0.6900000000000001 0.725 0.7 0.7375 0.7 0.7375 0.6900000000000001
5 0.79625 0.60875 0.78125 0.60875 0.78125 0.62625 0.79625 0.62625 0.79625 0.60875
5 0.78625 0.675 0.77125 0.675 0.77125 0.6950000000000001 0.78625 0.6950000000000001 0.78625 0.675
5 0.48250000000000004 0.48624999999999996 0.45499999999999996 0.48624999999999996 0.45499999999999996 0.51375 0.48250000000000004 0.51375 0.48250000000000004 0.48624999999999996
5 0.805 0.6537499999999999 0.79 0.6537499999999999 0.79 0.67125 0.805 0.67125 0.805 0.6537499999999999
5 0.8175000000000001 0.63125 0.8025 0.63125 0.8025 0.65125 0.8175000000000001 0.65125 0.8175000000000001 0.63125
5 0.8487500000000001 0.6900000000000001 0.83625 0.6900000000000001 0.83625 0.7075 0.8487500000000001 0.7075 0.8487500000000001 0.6900000000000001
5 0.86 0.67875 0.845 0.67875 0.845 0.69625 0.86 0.69625 0.86 0.67875
5 0.87625 0.675 0.8612500000000001 0.675 0.8612500000000001 0.6900000000000001 0.87625 0.6900000000000001 0.87625 0.675
5 0.89 0.6725 0.8775000000000001 0.6725 0.8775000000000001 0.6849999999999999 0.89 0.6849999999999999 0.89 0.6725
5 0.8262499999999999 0.7474999999999999 0.8087500000000001 0.7474999999999999 0.8087500000000001 0.7625 0.8262499999999999 0.7625 0.8262499999999999 0.7474999999999999
5 0.8400000000000001 0.7424999999999999 0.8225 0.7424999999999999 0.8225 0.76 0.8400000000000001 0.76 0.8400000000000001 0.7424999999999999
5 0.8525 0.73875 0.8375 0.73875 0.8375 0.75125 0.8525 0.75125 0.8525 0.73875
5 0.86875 0.735 0.85125 0.735 0.85125 0.7525000000000001 0.86875 0.7525000000000001 0.86875 0.735
5 0.88375 0.73 0.86625 0.73 0.86625 0.75 0.88375 0.75 0.88375 0.73
5 0.9125 0.72875 0.8949999999999999 0.72875 0.8949999999999999 0.73625 0.9125 0.73625 0.9125 0.72875
5 0.7825 0.7474999999999999 0.7525000000000001 0.7474999999999999 0.7525000000000001 0.7575000000000001 0.7825 0.7575000000000001 0.7825 0.7474999999999999
5 0.78 0.7575000000000001 0.75 0.7575000000000001 0.75 0.7675 0.78 0.7675 0.78 0.7575000000000001
5 0.71375 0.795 0.69375 0.795 0.69375 0.8175000000000001 0.71375 0.8175000000000001 0.71375 0.795
5 0.70125 0.8162499999999999 0.6837500000000001 0.8162499999999999 0.6837500000000001 0.83375 0.70125 0.83375 0.70125 0.8162499999999999
5 0.67875 0.85375 0.65625 0.85375 0.65625 0.8712500000000001 0.67875 0.8712500000000001 0.67875 0.85375
5 0.6675 0.8724999999999999 0.6475 0.8724999999999999 0.6475 0.89 0.6675 0.89 0.6675 0.8724999999999999
5 0.7462500000000001 0.77625 0.7112499999999999 0.77625 0.7112499999999999 0.79375 0.7462500000000001 0.79375 0.7462500000000001 0.77625
5 0.06999999999999999 0.03375 0.025 0.03375 0.025 0.07375000000000001 0.06999999999999999 0.07375000000000001 0.06999999999999999 0.03375
5 0.96875 0.67125 0.87375 0.67125 0.87375 0.7112499999999999 0.96875 0.7112499999999999 0.96875 0.67125
5 0.255 0.45999999999999996 0.215 0.45999999999999996 0.215 0.4875 0.255 0.4875 0.255 0.45999999999999996
5 0.33375 0.5349999999999999 0.29625 0.5349999999999999 0.29625 0.5650000000000001 0.33375 0.5650000000000001 0.33375 0.5349999999999999
5 0.89875 0.18875 0.8387499999999999 0.18875 0.8387499999999999 0.26375000000000004 0.89875 0.26375000000000004 0.89875 0.18875
5 0.85875 0.25875 0.79875 0.25875 0.79875 0.31875 0.85875 0.31875 0.85875 0.25875
5 0.8175000000000001 0.315 0.765 0.315 0.765 0.375 0.8175000000000001 0.375 0.8175000000000001 0.315