5 0.34249999999999997 0.5775 0.32 0.5775 0.32 0.5925 0.34249999999999997 0.5925 0.34249999999999997 0.5775
5 0.01625 0.23875000000000002 0.00375 0.23875000000000002 0.00375 0.25375000000000003 0.01625 0.25375000000000003 0.01625 0.23875000000000002
5 0.034999999999999996 0.20750000000000002 0.0125 0.20750000000000002 0.0125 0.22999999999999998 0.034999999999999996 0.22999999999999998 0.034999999999999996 0.20750000000000002
5 0.05500000000000001 0.20125 0.027500000000000004 0.20125 0.027500000000000004 0.22374999999999998 0.05500000000000001 0.22374999999999998 0.05500000000000001 0.20125
5 0.27875 0.2875 0.25375000000000003 0.2875 0.25375000000000003 0.3025 0.27875 0.3025 0.27875 0.2875
5 0.2925 0.2975 0.265 0.2975 0.265 0.31 0.2925 0.31 0.2925 0.2975
5 0.3 0.30874999999999997 0.27999999999999997 0.30874999999999997 0.27999999999999997 0.32125 0.3 0.32125 0.3 0.30874999999999997
5 0.16999999999999998 0.12375 0.1325 0.12375 0.1325 0.14875 0.16999999999999998 0.14875 0.16999999999999998 0.12375
5 0.34375 0.3825 0.32625000000000004 0.3825 0.32625000000000004 0.4 0.34375 0.4 0.34375 0.3825
5 0.35750000000000004 0.36875 0.33999999999999997 0.36875 0.33999999999999997 0.38625 0.35750000000000004 0.38625 0.35750000000000004 0.36875
5 0.425 0.38625 0.41 0.38625 0.41 0.39875 0.425 0.39875 0.425 0.38625
5 0.49749999999999994 0.3525 0.475 0.3525 0.475 0.37 0.49749999999999994 0.37 0.49749999999999994 0.3525
5 0.51125 0.34875 0.49124999999999996 0.34875 0.49124999999999996 0.36375 0.51125 0.36375 0.51125 0.34875
5 0.5349999999999999 0.33875 0.5175 0.33875 0.5175 0.35625 0.5349999999999999 0.35625 0.5349999999999999 0.33875
5 0.55 0.33125 0.53 0.33125 0.53 0.35125 0.55 0.35125 0.55 0.33125
5 0.55 0.2875 0.525 0.2875 0.525 0.3075 0.55 0.3075 0.55 0.2875
5 0.57625 0.32 0.5587500000000001 0.32 0.5587500000000001 0.335 0.57625 0.335 0.57625 0.32
5 0.605 0.31124999999999997 0.585 0.31124999999999997 0.585 0.32625000000000004 0.605 0.32625000000000004 0.605 0.31124999999999997
5 0.40875000000000006 0.4375 0.38125 0.4375 0.38125 0.45499999999999996 0.40875000000000006 0.45499999999999996 0.40875000000000006 0.4375
5 0.40374999999999994 0.49874999999999997 0.37625000000000003 0.49874999999999997 0.37625000000000003 0.51375 0.40374999999999994 0.51375 0.40374999999999994 0.49874999999999997
5 0.39125 0.19 0.37374999999999997 0.19 0.37374999999999997 0.1975 0.39125 0.1975 0.39125 0.19
5 0.35625 0.075 0.32125 0.075 0.32125 0.1075 0.35625 0.1075 0.35625 0.075
5 0.37 0.06875 0.3325 0.06875 0.3325 0.09375 0.37 0.09375 0.37 0.06875
5 0.5175 0.06875 0.465 0.06875 0.465 0.07875 0.5175 0.07875 0.5175 0.06875
5 0.5862499999999999 0.06875 0.52625 0.06875 0.52625 0.07625 0.5862499999999999 0.07625 0.5862499999999999 0.06875
5 0.5587500000000001 0.034999999999999996 0.50625 0.034999999999999996 0.50625 0.052500000000000005 0.5587500000000001 0.052500000000000005 0.5587500000000001 0.034999999999999996
5 0.68125 0.05125 0.62625 0.05125 0.62625 0.06875 0.68125 0.06875 0.68125 0.05125
5 0.6875 0.065 0.635 0.065 0.635 0.08 0.6875 0.08 0.6875 0.065
5 0.5425 0.1 0.4725 0.1 0.4725 0.12 0.5425 0.12 0.5425 0.1
5 0.725 0.095 0.675 0.095 0.675 0.12 0.725 0.12 0.725 0.095
5 0.6075 0.21125 0.5900000000000001 0.21125 0.5900000000000001 0.23125 0.6075 0.23125 0.6075 0.21125
5 0.64 0.21125 0.625 0.21125 0.625 0.22374999999999998 0.64 0.22374999999999998 0.64 0.21125
5 0.655 0.21000000000000002 0.645 0.21000000000000002 0.645 0.21749999999999997 0.655 0.21749999999999997 0.655 0.21000000000000002
5 0.67375 0.205 0.65625 0.205 0.65625 0.215 0.67375 0.215 0.67375 0.205
5 0.6875 0.20125 0.6725 0.20125 0.6725 0.21125 0.6875 0.21125 0.6875 0.20125
5 0.6975 0.1975 0.6900000000000001 0.1975 0.6900000000000001 0.205 0.6975 0.205 0.6975 0.1975
5 0.6775 0.23500000000000001 0.6599999999999999 0.23500000000000001 0.6599999999999999 0.255 0.6775 0.255 0.6775 0.23500000000000001
5 0.6912499999999999 0.2325 0.67625 0.2325 0.67625 0.25 0.6912499999999999 0.25 0.6912499999999999 0.2325
5 0.73625 0.21625 0.7212500000000001 0.21625 0.7212500000000001 0.23875000000000002 0.73625 0.23875000000000002 0.73625 0.21625
5 0.76625 0.21000000000000002 0.7537499999999999 0.21000000000000002 0.7537499999999999 0.22749999999999998 0.76625 0.22749999999999998 0.76625 0.21000000000000002
5 0.85625 0.10874999999999999 0.83625 0.10874999999999999 0.83625 0.13125 0.85625 0.13125 0.85625 0.10874999999999999
5 0.875 0.1025 0.8474999999999999 0.1025 0.8474999999999999 0.125 0.875 0.125 0.875 0.1025
5 0.8925000000000001 0.09625 0.8625 0.09625 0.8625 0.11875 0.8925000000000001 0.11875 0.8925000000000001 0.09625
5 0.755 0.21375000000000002 0.7375 0.21375000000000002 0.7375 0.23625 0.755 0.23625 0.755 0.21375000000000002
5 0.8887499999999999 0.125 0.8462500000000001 0.125 0.8462500000000001 0.14750000000000002 0.8887499999999999 0.14750000000000002 0.8887499999999999 0.125
5 0.93125 0.1325 0.9037499999999999 0.1325 0.9037499999999999 0.1525 0.93125 0.1525 0.93125 0.1325
5 0.8975 0.17375000000000002 0.8775000000000001 0.17375000000000002 0.8775000000000001 0.18875 0.8975 0.18875 0.8975 0.17375000000000002
5 0.9237500000000001 0.17625 0.9012499999999999 0.17625 0.9012499999999999 0.19875 0.9237500000000001 0.19875 0.9237500000000001 0.17625
5 0.74375 0.34249999999999997 0.71875 0.34249999999999997 0.71875 0.36 0.74375 0.36 0.74375 0.34249999999999997
5 0.73 0.34750000000000003 0.7075 0.34750000000000003 0.7075 0.3675 0.73 0.3675 0.73 0.34750000000000003
5 0.7075 0.35375 0.6875 0.35375 0.6875 0.37374999999999997 0.7075 0.37374999999999997 0.7075 0.35375
5 0.6912499999999999 0.36 0.66625 0.36 0.66625 0.3775 0.6912499999999999 0.3775 0.6912499999999999 0.36
5 0.9974999999999999 0.27999999999999997 0.9675 0.27999999999999997 0.9675 0.3 0.9974999999999999 0.3 0.9974999999999999 0.27999999999999997
5 0.89625 0.32999999999999996 0.8712500000000001 0.32999999999999996 0.8712500000000001 0.35 0.89625 0.35 0.89625 0.32999999999999996
5 0.8825 0.33625 0.8574999999999999 0.33625 0.8574999999999999 0.35375 0.8825 0.35375 0.8825 0.33625
5 0.8675 0.33999999999999997 0.845 0.33999999999999997 0.845 0.36 0.8675 0.36 0.8675 0.33999999999999997
5 0.85875 0.34750000000000003 0.83125 0.34750000000000003 0.83125 0.3675 0.85875 0.3675 0.85875 0.34750000000000003
5 0.8425 0.3525 0.8150000000000001 0.3525 0.8150000000000001 0.3725 0.8425 0.3725 0.8425 0.3525
5 0.84375 0.38125 0.8162499999999999 0.38125 0.8162499999999999 0.39125 0.84375 0.39125 0.84375 0.38125
5 0.85 0.395 0.8225 0.395 0.8225 0.4025 0.85 0.4025 0.85 0.395
5 0.85625 0.4025 0.8262499999999999 0.4025 0.8262499999999999 0.4125 0.85625 0.4125 0.85625 0.4025
5 0.865 0.4125 0.8400000000000001 0.4125 0.8400000000000001 0.4225 0.865 0.4225 0.865 0.4125
5 0.8724999999999999 0.42374999999999996 0.8400000000000001 0.42374999999999996 0.8400000000000001 0.43375 0.8724999999999999 0.43375 0.8724999999999999 0.42374999999999996
5 0.8975 0.44875 0.8699999999999999 0.44875 0.8699999999999999 0.45875000000000005 0.8975 0.45875000000000005 0.8975 0.44875
5 0.9037499999999999 0.45625 0.87625 0.45625 0.87625 0.47125000000000006 0.9037499999999999 0.47125000000000006 0.9037499999999999 0.45625
5 0.97 0.23500000000000001 0.9324999999999999 0.23500000000000001 0.9324999999999999 0.2725 0.97 0.2725 0.97 0.23500000000000001
5 0.375 0.65625 0.3525 0.65625 0.3525 0.66875 0.375 0.66875 0.375 0.65625
5 0.3325 0.9650000000000001 0.3025 0.9650000000000001 0.3025 0.9800000000000001 0.3325 0.9800000000000001 0.3325 0.9650000000000001
5 0.4575 0.9487500000000001 0.43 0.9487500000000001 0.43 0.95875 0.4575 0.95875 0.4575 0.9487500000000001
5 0.7537499999999999 0.8825 0.71875 0.8825 0.71875 0.8975 0.7537499999999999 0.8975 0.7537499999999999 0.8825
5 0.8474999999999999 0.85625 0.8175000000000001 0.85625 0.8175000000000001 0.8712500000000001 0.8474999999999999 0.8712500000000001 0.8474999999999999 0.85625
5 0.82 0.03375 0.775 0.03375 0.775 0.07375000000000001 0.82 0.07375000000000001 0.82 0.03375
5 1 0.45999999999999996 0.9650000000000001 0.45999999999999996 0.9650000000000001 0.4875 1 0.4875 1 0.45999999999999996
5 0.6675 0.5825 0.645 0.5825 0.645 0.6 0.6675 0.6 0.6675 0.5825
5 0.68125 0.58 0.6587500000000001 0.58 0.6587500000000001 0.5974999999999999 0.68125 0.5974999999999999 0.68125 0.58
5 0.69625 0.57375 0.67125 0.57375 0.67125 0.59375 0.69625 0.59375 0.69625 0.57375
5 0.705 0.57125 0.6825 0.57125 0.6825 0.5862499999999999 0.705 0.5862499999999999 0.705 0.57125
5 0.7125 0.56375 0.6900000000000001 0.56375 0.6900000000000001 0.57875 0.7125 0.57875 0.7125 0.56375
5 0.6575 0.60375 0.6375 0.60375 0.6375 0.61875 0.6575 0.61875 0.6575 0.60375
5 0.6725 0.59875 0.65 0.59875 0.65 0.61625 0.6725 0.61625 0.6725 0.59875
5 0.6799999999999999 0.595 0.6625 0.595 0.6625 0.61 0.6799999999999999 0.61 0.6799999999999999 0.595
5 0.6950000000000001 0.5912499999999999 0.675 0.5912499999999999 0.675 0.60375 0.6950000000000001 0.60375 0.6950000000000001 0.5912499999999999
5 0.7075 0.5875 0.6875 0.5875 0.6875 0.6025 0.7075 0.6025 0.7075 0.5875
5 0.7175 0.58375 0.7 0.58375 0.7 0.5962500000000001 0.7175 0.5962500000000001 0.7175 0.58375
5 0.725 0.57625 0.705 0.57625 0.705 0.5912499999999999 0.725 0.5912499999999999 0.725 0.57625
5 0.67875 0.485 0.65625 0.485 0.65625 0.49749999999999994 0.67875 0.49749999999999994 0.67875 0.485
5 0.7 0.495 0.6675 0.495 0.6675 0.51 0.7 0.51 0.7 0.495
5 0.7112499999999999 0.50625 0.67875 0.50625 0.67875 0.52125 0.7112499999999999 0.52125 0.7112499999999999 0.50625
5 0.72375 0.52125 0.68875 0.52125 0.68875 0.5387500000000001 0.72375 0.5387500000000001 0.72375 0.52125
5 0.74375 0.5375 0.70875 0.5375 0.70875 0.5525 0.74375 0.5525 0.74375 0.5375
5 0.16999999999999998 0.12625 0.1125 0.12625 0.1125 0.16375 0.16999999999999998 0.16375 0.16999999999999998 0.12625