5 0.6625 0.31875 0.63 0.31875 0.63 0.34125 0.6625 0.34125 0.6625 0.31875
5 0.615 0.2225 0.585 0.2225 0.585 0.24 0.615 0.24 0.615 0.2225
5 0.28500000000000003 0.3725 0.2575 0.3725 0.2575 0.3875 0.28500000000000003 0.3875 0.28500000000000003 0.3725
5 0.4525 0.32875 0.39 0.32875 0.39 0.35625 0.4525 0.35625 0.4525 0.32875
5 0.2975 0.34750000000000003 0.22000000000000003 0.34750000000000003 0.22000000000000003 0.3875 0.2975 0.3875 0.2975 0.34750000000000003
5 0.14375 0.8975 0.12625 0.8975 0.12625 0.9125 0.14375 0.9125 0.14375 0.8975
5 0.12250000000000001 0.8975 0.10500000000000001 0.8975 0.10500000000000001 0.915 0.12250000000000001 0.915 0.12250000000000001 0.8975
5 0.43125 0.8787499999999999 0.40625 0.8787499999999999 0.40625 0.89125 0.43125 0.89125 0.43125 0.8787499999999999
5 0.425 0.8875 0.395 0.8875 0.395 0.9 0.425 0.9 0.425 0.8875
5 0.41875 0.9075 0.39625 0.9075 0.39625 0.9225 0.41875 0.9225 0.41875 0.9075
5 0.42374999999999996 0.9550000000000001 0.40374999999999994 0.9550000000000001 0.40374999999999994 0.9724999999999999 0.42374999999999996 0.9724999999999999 0.42374999999999996 0.9550000000000001
5 0.47125000000000006 0.9737500000000001 0.45625 0.9737500000000001 0.45625 0.99375 0.47125000000000006 0.99375 0.47125000000000006 0.9737500000000001
5 0.4875 0.98125 0.47000000000000003 0.98125 0.47000000000000003 0.99875 0.4875 0.99875 0.4875 0.98125
5 0.60375 0.83125 0.57875 0.83125 0.57875 0.85125 0.60375 0.85125 0.60375 0.83125
5 0.7162499999999999 0.85875 0.69875 0.85875 0.69875 0.87375 0.7162499999999999 0.87375 0.7162499999999999 0.85875
5 0.91875 0.63375 0.8712500000000001 0.63375 0.8712500000000001 0.66875 0.91875 0.66875 0.91875 0.63375