5 0.64625 0.0075 0.61625 0.0075 0.61625 0.025 0.64625 0.025 0.64625 0.0075
5 0.8887499999999999 0.00375 0.8612500000000001 0.00375 0.8612500000000001 0.01625 0.8887499999999999 0.01625 0.8887499999999999 0.00375
5 0.77625 0.0225 0.75875 0.0225 0.75875 0.04 0.77625 0.04 0.77625 0.0225
5 0.945 0.008749999999999999 0.9199999999999999 0.008749999999999999 0.9199999999999999 0.02375 0.945 0.02375 0.945 0.008749999999999999
5 0.98375 0.00125 0.95875 0.00125 0.95875 0.013750000000000002 0.98375 0.013750000000000002 0.98375 0.00125
5 0.975 0.0075 0.95 0.0075 0.95 0.02 0.975 0.02 0.975 0.0075
5 1 0.008749999999999999 0.9800000000000001 0.008749999999999999 0.9800000000000001 0.021249999999999998 1 0.021249999999999998 1 0.008749999999999999
5 1 0.01875 0.9724999999999999 0.01875 0.9724999999999999 0.028749999999999998 1 0.028749999999999998 1 0.01875
5 0.9724999999999999 0.04625 0.945 0.04625 0.945 0.06375 0.9724999999999999 0.06375 0.9724999999999999 0.04625
5 0.9887499999999999 0.09125 0.96125 0.09125 0.96125 0.10874999999999999 0.9887499999999999 0.10874999999999999 0.9887499999999999 0.09125
5 0.99375 0.08375 0.9637499999999999 0.08375 0.9637499999999999 0.09875 0.99375 0.09875 0.99375 0.08375
5 1 0.07625 0.97875 0.07625 0.97875 0.09375 1 0.09375 1 0.07625
5 1 0.065 0.9824999999999999 0.065 0.9824999999999999 0.08499999999999999 1 0.08499999999999999 1 0.065
5 0.9425000000000001 0.0875 0.9225 0.0875 0.9225 0.1075 0.9425000000000001 0.1075 0.9425000000000001 0.0875
5 0.93 0.08249999999999999 0.9099999999999999 0.08249999999999999 0.9099999999999999 0.1025 0.93 0.1025 0.93 0.08249999999999999
5 0.91875 0.0775 0.89875 0.0775 0.89875 0.0975 0.91875 0.0975 0.91875 0.0775
5 0.89625 0.06999999999999999 0.87625 0.06999999999999999 0.87625 0.0875 0.89625 0.0875 0.89625 0.06999999999999999
5 0.8724999999999999 0.06 0.8550000000000001 0.06 0.8550000000000001 0.08 0.8724999999999999 0.08 0.8724999999999999 0.06
5 0.825 0.04375 0.805 0.04375 0.805 0.061250000000000006 0.825 0.061250000000000006 0.825 0.04375
5 0.8125 0.034999999999999996 0.7925 0.034999999999999996 0.7925 0.057499999999999996 0.8125 0.057499999999999996 0.8125 0.034999999999999996
5 0.54625 0.37 0.5337500000000001 0.37 0.5337500000000001 0.3975 0.54625 0.3975 0.54625 0.37
5 0.6799999999999999 0.375 0.67 0.375 0.67 0.395 0.6799999999999999 0.395 0.6799999999999999 0.375