5 0.50125 0.6525000000000001 0.48375 0.6525000000000001 0.48375 0.6849999999999999 0.50125 0.6849999999999999 0.50125 0.6525000000000001
5 0.39625 0.515 0.37875000000000003 0.515 0.37875000000000003 0.52 0.39625 0.52 0.39625 0.515
5 0.47000000000000003 0.57625 0.4525 0.57625 0.4525 0.5912499999999999 0.47000000000000003 0.5912499999999999 0.47000000000000003 0.57625
5 0.08375 0.22999999999999998 0.061250000000000006 0.22999999999999998 0.061250000000000006 0.27749999999999997 0.08375 0.27749999999999997 0.08375 0.22999999999999998
5 0.09375 0.5175 0.08125 0.5175 0.08125 0.525 0.09375 0.525 0.09375 0.5175
5 0.41875 0.5549999999999999 0.40374999999999994 0.5549999999999999 0.40374999999999994 0.5625 0.41875 0.5625 0.41875 0.5549999999999999
5 0.13374999999999998 0.6475 0.12125 0.6475 0.12125 0.6675 0.13374999999999998 0.6675 0.13374999999999998 0.6475
5 0.41875 0.52125 0.39375 0.52125 0.39375 0.5387500000000001 0.41875 0.5387500000000001 0.41875 0.52125
5 0.5275000000000001 0.6625 0.5125 0.6625 0.5125 0.6775 0.5275000000000001 0.6775 0.5275000000000001 0.6625
5 0.45999999999999996 0.65125 0.445 0.65125 0.445 0.67375 0.45999999999999996 0.67375 0.45999999999999996 0.65125
5 0.48 0.3125 0.45999999999999996 0.3125 0.45999999999999996 0.3225 0.48 0.3225 0.48 0.3125