5 0.6912499999999999 0.86 0.67375 0.86 0.67375 0.875 0.6912499999999999 0.875 0.6912499999999999 0.86
5 0.24500000000000002 0.04625 0.2325 0.04625 0.2325 0.058750000000000004 0.24500000000000002 0.058750000000000004 0.24500000000000002 0.04625
5 0.91375 0.2325 0.9037499999999999 0.2325 0.9037499999999999 0.25 0.91375 0.25 0.91375 0.2325
5 0.065 0.9625 0.05 0.9625 0.05 0.9824999999999999 0.065 0.9824999999999999 0.065 0.9625
5 0.45875000000000005 0.22999999999999998 0.44625000000000004 0.22999999999999998 0.44625000000000004 0.2425 0.45875000000000005 0.2425 0.45875000000000005 0.22999999999999998
5 0.90625 0.70875 0.8862500000000001 0.70875 0.8862500000000001 0.7212500000000001 0.90625 0.7212500000000001 0.90625 0.70875
5 0.9337500000000001 0.13 0.9262499999999999 0.13 0.9262499999999999 0.14250000000000002 0.9337500000000001 0.14250000000000002 0.9337500000000001 0.13
5 0.07375000000000001 0.95375 0.05625 0.95375 0.05625 0.9712500000000001 0.07375000000000001 0.9712500000000001 0.07375000000000001 0.95375
5 0.10375000000000001 0.845 0.08125 0.845 0.08125 0.8625 0.10375000000000001 0.8625 0.10375000000000001 0.845
5 0 0.95 0.013750000000000002 0.95 0.013750000000000002 0.9349999999999999 0 0.9349999999999999 0 0.95
5 0.27999999999999997 0 0.27999999999999997 0.01875 0.29500000000000004 0.01875 0.29500000000000004 0 0.27999999999999997 0
5 0.03 0.92125 0.0125 0.92125 0.0125 0.93625 0.03 0.93625 0.03 0.92125
5 0.265 0.027500000000000004 0.25 0.027500000000000004 0.25 0.04 0.265 0.04 0.265 0.027500000000000004
5 0.058750000000000004 0.9675 0.03875 0.9675 0.03875 0.985 0.058750000000000004 0.985 0.058750000000000004 0.9675
5 0.2875 0 0.2875 0.0125 0.3025 0.0125 0.3025 0 0.2875 0
5 0.9625 0.67625 0.9425000000000001 0.67625 0.9425000000000001 0.69375 0.9625 0.69375 0.9625 0.67625
5 0.27749999999999997 0.013750000000000002 0.2625 0.013750000000000002 0.2625 0.03375 0.27749999999999997 0.03375 0.27749999999999997 0.013750000000000002
5 0.865 0.73 0.845 0.73 0.845 0.7424999999999999 0.865 0.7424999999999999 0.865 0.73
5 0.65625 0.0475 0.64125 0.0475 0.64125 0.06 0.65625 0.06 0.65625 0.0475
5 0.4925 0.18625 0.48 0.18625 0.48 0.19624999999999998 0.4925 0.19624999999999998 0.4925 0.18625
5 0.49625 0.19875 0.48624999999999996 0.19875 0.48624999999999996 0.21125 0.49625 0.21125 0.49625 0.19875