0 0 0.39625 0.0375 0.39625 0.0375 0.35375 0 0.35375 0 0.39625
5 0.6 0.08375 0.585 0.08375 0.585 0.12875 0.6 0.12875 0.6 0.08375
5 0.76625 0.6212500000000001 0.75875 0.6212500000000001 0.75875 0.6287499999999999 0.76625 0.6287499999999999 0.76625 0.6212500000000001
5 0.725 0.37625000000000003 0.7 0.37625000000000003 0.7 0.38875000000000004 0.725 0.38875000000000004 0.725 0.37625000000000003
5 0.73625 0.31124999999999997 0.7212500000000001 0.31124999999999997 0.7212500000000001 0.31875 0.73625 0.31875 0.73625 0.31124999999999997
5 0.745 0.31875 0.725 0.31875 0.725 0.32875 0.745 0.32875 0.745 0.31875
5 0.72 0.28625 0.6975 0.28625 0.6975 0.29874999999999996 0.72 0.29874999999999996 0.72 0.28625
5 0.7462500000000001 0.3525 0.7262500000000001 0.3525 0.7262500000000001 0.3625 0.7462500000000001 0.3625 0.7462500000000001 0.3525
5 0.7325 0.30125 0.7125 0.30125 0.7125 0.31124999999999997 0.7325 0.31124999999999997 0.7325 0.30125
5 0.7625 0.33125 0.7375 0.33125 0.7375 0.34375 0.7625 0.34375 0.7625 0.33125
5 0.96875 0.20750000000000002 0.95625 0.20750000000000002 0.95625 0.2225 0.96875 0.2225 0.96875 0.20750000000000002
5 0.7075 0.39125 0.6875 0.39125 0.6875 0.40374999999999994 0.7075 0.40374999999999994 0.7075 0.39125
5 0.7025 0.27749999999999997 0.6875 0.27749999999999997 0.6875 0.29 0.7025 0.29 0.7025 0.27749999999999997
5 0.735 0.36625 0.7175 0.36625 0.7175 0.37875000000000003 0.735 0.37875000000000003 0.735 0.36625
5 0.7537499999999999 0.34249999999999997 0.73875 0.34249999999999997 0.73875 0.355 0.7537499999999999 0.355 0.7537499999999999 0.34249999999999997
5 0.655 0.255 0.6375 0.255 0.6375 0.26749999999999996 0.655 0.26749999999999996 0.655 0.255