5 0.28375 0.93 0.25875 0.93 0.25875 0.945 0.28375 0.945 0.28375 0.93
5 0.8400000000000001 0.91625 0.8300000000000001 0.91625 0.8300000000000001 0.92875 0.8400000000000001 0.92875 0.8400000000000001 0.91625
5 0.53125 0.8800000000000001 0.51375 0.8800000000000001 0.51375 0.89 0.53125 0.89 0.53125 0.8800000000000001
5 0.8487500000000001 0.91625 0.8412499999999999 0.91625 0.8412499999999999 0.9337500000000001 0.8487500000000001 0.9337500000000001 0.8487500000000001 0.91625
5 0.8637499999999999 0.91375 0.85125 0.91375 0.85125 0.92875 0.8637499999999999 0.92875 0.8637499999999999 0.91375
5 0.875 0.91625 0.865 0.91625 0.865 0.92875 0.875 0.92875 0.875 0.91625
5 0.6912499999999999 0.915 0.67375 0.915 0.67375 0.93 0.6912499999999999 0.93 0.6912499999999999 0.915
5 0.7262500000000001 0.91875 0.70875 0.91875 0.70875 0.93125 0.7262500000000001 0.93125 0.7262500000000001 0.91875
5 0.79625 0.91625 0.7787499999999999 0.91625 0.7787499999999999 0.93125 0.79625 0.93125 0.79625 0.91625
5 0.8875 0.91625 0.8775000000000001 0.91625 0.8775000000000001 0.93125 0.8875 0.93125 0.8875 0.91625
5 0.81875 0.9175000000000001 0.80375 0.9175000000000001 0.80375 0.9275 0.81875 0.9275 0.81875 0.9175000000000001
5 0.9025000000000001 0.9125 0.8875 0.9125 0.8875 0.9275 0.9025000000000001 0.9275 0.9025000000000001 0.9125
5 0.75125 0.91625 0.73375 0.91625 0.73375 0.9337500000000001 0.75125 0.9337500000000001 0.75125 0.91625