5 0.45625 0.9487500000000001 0.43624999999999997 0.9487500000000001 0.43624999999999997 0.9712500000000001 0.45625 0.9712500000000001 0.45625 0.9487500000000001
5 0.4625 0.9425000000000001 0.445 0.9425000000000001 0.445 0.9625 0.4625 0.9625 0.4625 0.9425000000000001
5 0.4325 0.9125 0.4125 0.9125 0.4125 0.93 0.4325 0.93 0.4325 0.9125
5 0.43624999999999997 0.905 0.41875 0.905 0.41875 0.9225 0.43624999999999997 0.9225 0.43624999999999997 0.905
5 0.45375 0.8949999999999999 0.43624999999999997 0.8949999999999999 0.43624999999999997 0.9099999999999999 0.45375 0.9099999999999999 0.45375 0.8949999999999999
5 0.46125 0.8875 0.44375 0.8875 0.44375 0.9075 0.46125 0.9075 0.46125 0.8875
5 0.47125000000000006 0.8800000000000001 0.45125000000000004 0.8800000000000001 0.45125000000000004 0.9 0.47125000000000006 0.9 0.47125000000000006 0.8800000000000001
5 0.485 0.8675 0.46749999999999997 0.8675 0.46749999999999997 0.8875 0.485 0.8875 0.485 0.8675
5 0.5387500000000001 0.825 0.52125 0.825 0.52125 0.8425 0.5387500000000001 0.8425 0.5387500000000001 0.825
5 0.55 0.81125 0.5325 0.81125 0.5325 0.82875 0.55 0.82875 0.55 0.81125
5 0.525 0.83625 0.5025000000000001 0.83625 0.5025000000000001 0.8612500000000001 0.525 0.8612500000000001 0.525 0.83625
5 0.635 0.8300000000000001 0.6174999999999999 0.8300000000000001 0.6174999999999999 0.845 0.635 0.845 0.635 0.8300000000000001
5 0.6287499999999999 0.82125 0.61125 0.82125 0.61125 0.83625 0.6287499999999999 0.83625 0.6287499999999999 0.82125
5 0.6487499999999999 0.8425 0.63125 0.8425 0.63125 0.8574999999999999 0.6487499999999999 0.8574999999999999 0.6487499999999999 0.8425
5 0.6900000000000001 0.8875 0.67 0.8875 0.67 0.905 0.6900000000000001 0.905 0.6900000000000001 0.8875
5 0.70875 0.925 0.6912499999999999 0.925 0.6912499999999999 0.9425000000000001 0.70875 0.9425000000000001 0.70875 0.925
5 0.8012499999999999 0.95375 0.78625 0.95375 0.78625 0.9712500000000001 0.8012499999999999 0.9712500000000001 0.8012499999999999 0.95375
5 0.8099999999999999 0.9625 0.79 0.9625 0.79 0.9800000000000001 0.8099999999999999 0.9800000000000001 0.8099999999999999 0.9625
5 0.8225 0.975 0.805 0.975 0.805 0.9925 0.8225 0.9925 0.8225 0.975
5 0.8387499999999999 1 0.8387499999999999 0.9875 0.81875 0.9875 0.81875 1 0.8387499999999999 1
5 0.6975 0.74375 0.6775 0.74375 0.6775 0.76125 0.6975 0.76125 0.6975 0.74375
5 0.04 0.315 0.017499999999999998 0.315 0.017499999999999998 0.3325 0.04 0.3325 0.04 0.315
5 0.18 0.35 0.1575 0.35 0.1575 0.365 0.18 0.365 0.18 0.35
5 0.0375 0.2225 0.015 0.2225 0.015 0.2425 0.0375 0.2425 0.0375 0.2225
5 0.185 0.20875 0.16499999999999998 0.20875 0.16499999999999998 0.22875 0.185 0.22875 0.185 0.20875
5 0.1575 0.12625 0.13999999999999999 0.12625 0.13999999999999999 0.14125000000000001 0.1575 0.14125000000000001 0.1575 0.12625
5 0.1575 0.1 0.14250000000000002 0.1 0.14250000000000002 0.11750000000000001 0.1575 0.11750000000000001 0.1575 0.1
5 0.1675 0.09125 0.145 0.09125 0.145 0.11374999999999999 0.1675 0.11374999999999999 0.1675 0.09125
5 0.2225 0.17124999999999999 0.21000000000000002 0.17124999999999999 0.21000000000000002 0.18625 0.2225 0.18625 0.2225 0.17124999999999999
5 0.03125 0.61 0.013750000000000002 0.61 0.013750000000000002 0.6275000000000001 0.03125 0.6275000000000001 0.03125 0.61
5 0 0.595 0.017499999999999998 0.595 0.017499999999999998 0.5725 0 0.5725 0 0.595
5 0.0375 0.57875 0.02 0.57875 0.02 0.59875 0.0375 0.59875 0.0375 0.57875
5 0.2425 0.7837500000000001 0.22000000000000003 0.7837500000000001 0.22000000000000003 0.80375 0.2425 0.80375 0.2425 0.7837500000000001
5 0.2125 0.755 0.19 0.755 0.19 0.7775000000000001 0.2125 0.7775000000000001 0.2125 0.755
5 0.27625 0.84375 0.25375000000000003 0.84375 0.25375000000000003 0.86625 0.27625 0.86625 0.27625 0.84375
5 0.9949999999999999 0.76875 0.9775 0.76875 0.9775 0.78625 0.9949999999999999 0.78625 0.9949999999999999 0.76875
5 0.94375 0.8175000000000001 0.9262499999999999 0.8175000000000001 0.9262499999999999 0.8324999999999999 0.94375 0.8324999999999999 0.94375 0.8175000000000001
5 0.9512499999999999 0.8087500000000001 0.9337500000000001 0.8087500000000001 0.9337500000000001 0.8262499999999999 0.9512499999999999 0.8262499999999999 0.9512499999999999 0.8087500000000001
5 0.93 0.8275 0.9099999999999999 0.8275 0.9099999999999999 0.8474999999999999 0.93 0.8474999999999999 0.93 0.8275
5 0.9412499999999999 0.18875 0.93125 0.18875 0.93125 0.20625 0.9412499999999999 0.20625 0.9412499999999999 0.18875
5 0.17124999999999999 0.755 0.13125 0.755 0.13125 0.79 0.17124999999999999 0.79 0.17124999999999999 0.755
5 0.3625 0.7725 0.34500000000000003 0.7725 0.34500000000000003 0.7875 0.3625 0.7875 0.3625 0.7725
5 0.34625 0.78625 0.32875 0.78625 0.32875 0.80375 0.34625 0.80375 0.34625 0.78625
5 0.34125 0.835 0.32375 0.835 0.32375 0.8525 0.34125 0.8525 0.34125 0.835
5 0.14625 0.9724999999999999 0.12875 0.9724999999999999 0.12875 0.9925 0.14625 0.9925 0.14625 0.9724999999999999
5 0.0975 0.91375 0.0775 0.91375 0.0775 0.9337500000000001 0.0975 0.9337500000000001 0.0975 0.91375
5 0.06875 0.66875 0.03625 0.66875 0.03625 0.70125 0.06875 0.70125 0.06875 0.66875
5 0.05 0.83125 0.03 0.83125 0.03 0.85375 0.05 0.85375 0.05 0.83125
5 0.75875 0.0075 0.73375 0.0075 0.73375 0.0325 0.75875 0.0325 0.75875 0.0075
5 0.7837500000000001 0.0025 0.75625 0.0025 0.75625 0.0325 0.7837500000000001 0.0325 0.7837500000000001 0.0025
5 0.79375 0.01 0.77125 0.01 0.77125 0.04 0.79375 0.04 0.79375 0.01
5 0.7625 0.03375 0.7474999999999999 0.03375 0.7474999999999999 0.05125 0.7625 0.05125 0.7625 0.03375
5 0.6487499999999999 0.05375 0.62625 0.05375 0.62625 0.07125000000000001 0.6487499999999999 0.07125000000000001 0.6487499999999999 0.05375
5 0.61125 0.0375 0.58875 0.0375 0.58875 0.05500000000000001 0.61125 0.05500000000000001 0.61125 0.0375
5 0.6425 0.027500000000000004 0.6224999999999999 0.027500000000000004 0.6224999999999999 0.04 0.6425 0.04 0.6425 0.027500000000000004
5 0.64125 0 0.64125 0.015 0.6587500000000001 0.015 0.6587500000000001 0 0.64125 0
5 0.6525000000000001 0.008749999999999999 0.6325000000000001 0.008749999999999999 0.6325000000000001 0.021249999999999998 0.6525000000000001 0.021249999999999998 0.6525000000000001 0.008749999999999999
5 0.45499999999999996 0.18 0.42750000000000005 0.18 0.42750000000000005 0.2 0.45499999999999996 0.2 0.45499999999999996 0.18
5 0.59875 0.08375 0.57875 0.08375 0.57875 0.09875 0.59875 0.09875 0.59875 0.08375
5 0.6075 0.10124999999999999 0.5700000000000001 0.10124999999999999 0.5700000000000001 0.14625 0.6075 0.14625 0.6075 0.10124999999999999
5 0.63 0.10124999999999999 0.6 0.10124999999999999 0.6 0.12875 0.63 0.12875 0.63 0.10124999999999999
5 0.60625 0.13 0.57875 0.13 0.57875 0.1575 0.60625 0.1575 0.60625 0.13
5 0.44749999999999995 0.21625 0.42750000000000005 0.21625 0.42750000000000005 0.23875000000000002 0.44749999999999995 0.23875000000000002 0.44749999999999995 0.21625
5 0.59375 0.052500000000000005 0.57625 0.052500000000000005 0.57625 0.0725 0.59375 0.0725 0.59375 0.052500000000000005
5 0.69375 0.0875 0.67125 0.0875 0.67125 0.1025 0.69375 0.1025 0.69375 0.0875
5 0.3775 0.0025 0.34249999999999997 0.0025 0.34249999999999997 0.034999999999999996 0.3775 0.034999999999999996 0.3775 0.0025
5 0.395 0.0125 0.375 0.0125 0.375 0.03 0.395 0.03 0.395 0.0125
5 0.22000000000000003 0.042499999999999996 0.1975 0.042499999999999996 0.1975 0.06 0.22000000000000003 0.06 0.22000000000000003 0.042499999999999996
5 0.255 0.13874999999999998 0.22000000000000003 0.13874999999999998 0.22000000000000003 0.16625 0.255 0.16625 0.255 0.13874999999999998
5 0.6487499999999999 0.1125 0.62625 0.1125 0.62625 0.14250000000000002 0.6487499999999999 0.14250000000000002 0.6487499999999999 0.1125
5 0.635 0.14125000000000001 0.6075 0.14125000000000001 0.6075 0.17375000000000002 0.635 0.17375000000000002 0.635 0.14125000000000001
5 0.73875 0.05 0.72375 0.05 0.72375 0.0675 0.73875 0.0675 0.73875 0.05
5 0.56125 0.042499999999999996 0.54125 0.042499999999999996 0.54125 0.0675 0.56125 0.0675 0.56125 0.042499999999999996
5 0.33125 0.85 0.30874999999999997 0.85 0.30874999999999997 0.875 0.33125 0.875 0.33125 0.85
5 0.20875 0.8150000000000001 0.18625 0.8150000000000001 0.18625 0.8375 0.20875 0.8375 0.20875 0.8150000000000001
5 0.034999999999999996 0.34125 0.0075 0.34125 0.0075 0.36875 0.034999999999999996 0.36875 0.034999999999999996 0.34125
5 0.6837500000000001 0.4875 0.6587500000000001 0.4875 0.6587500000000001 0.5075000000000001 0.6837500000000001 0.5075000000000001 0.6837500000000001 0.4875
5 0.575 0.6287499999999999 0.5549999999999999 0.6287499999999999 0.5549999999999999 0.65125 0.575 0.65125 0.575 0.6287499999999999
5 0.545 0.5587500000000001 0.5225 0.5587500000000001 0.5225 0.57875 0.545 0.57875 0.545 0.5587500000000001
5 0.5925 0.52 0.5700000000000001 0.52 0.5700000000000001 0.54 0.5925 0.54 0.5925 0.52
5 0.87625 0.42750000000000005 0.85875 0.42750000000000005 0.85875 0.45 0.87625 0.45 0.87625 0.42750000000000005
5 0.86625 0.45 0.85375 0.45 0.85375 0.4725 0.86625 0.4725 0.86625 0.45
5 0.8237500000000001 0.5700000000000001 0.80625 0.5700000000000001 0.80625 0.5875 0.8237500000000001 0.5875 0.8237500000000001 0.5700000000000001
5 0.45999999999999996 0.22875 0.4375 0.22875 0.4375 0.25125000000000003 0.45999999999999996 0.25125000000000003 0.45999999999999996 0.22875
5 0.46749999999999997 0.2375 0.445 0.2375 0.445 0.2575 0.46749999999999997 0.2575 0.46749999999999997 0.2375
5 0.6950000000000001 0.32999999999999996 0.6825 0.32999999999999996 0.6825 0.35 0.6950000000000001 0.35 0.6950000000000001 0.32999999999999996
5 0.6275000000000001 0.30874999999999997 0.615 0.30874999999999997 0.615 0.33125 0.6275000000000001 0.33125 0.6275000000000001 0.30874999999999997
5 0.61625 0.31 0.60375 0.31 0.60375 0.3275 0.61625 0.3275 0.61625 0.31
5 0.23125 0.06375 0.18375 0.06375 0.18375 0.09625 0.23125 0.09625 0.23125 0.06375
5 0.7887500000000001 0.04375 0.76125 0.04375 0.76125 0.06625 0.7887500000000001 0.06625 0.7887500000000001 0.04375
5 0.28125 0.11374999999999999 0.24375 0.11374999999999999 0.24375 0.15125 0.28125 0.15125 0.28125 0.11374999999999999