5 0.15 0.07625 0.135 0.07625 0.135 0.09625 0.15 0.09625 0.15 0.07625
5 0.315 0.06 0.3 0.06 0.3 0.08 0.315 0.08 0.315 0.06
5 0.0225 0.005 0.005 0.005 0.005 0.027500000000000004 0.0225 0.027500000000000004 0.0225 0.005
5 0.21625 0.22875 0.20125 0.22875 0.20125 0.24874999999999997 0.21625 0.24874999999999997 0.21625 0.22875
5 0.275 0.15375 0.2475 0.15375 0.2475 0.18625 0.275 0.18625 0.275 0.15375
5 0.24375 0.18125 0.22374999999999998 0.18125 0.22374999999999998 0.20625 0.24375 0.20625 0.24375 0.18125
5 0.027500000000000004 0.5662499999999999 0.0075 0.5662499999999999 0.0075 0.58875 0.027500000000000004 0.58875 0.027500000000000004 0.5662499999999999
5 0.32 0.49375 0.2975 0.49375 0.2975 0.51125 0.32 0.51125 0.32 0.49375
5 0.335 0.48250000000000004 0.3175 0.48250000000000004 0.3175 0.5025000000000001 0.335 0.5025000000000001 0.335 0.48250000000000004
5 0.13625 0.3725 0.11875 0.3725 0.11875 0.395 0.13625 0.395 0.13625 0.3725
5 0.19624999999999998 0.265 0.16625 0.265 0.16625 0.3025 0.19624999999999998 0.3025 0.19624999999999998 0.265
5 0.85875 1 0.85875 0.9775 0.8412499999999999 0.9775 0.8412499999999999 1 0.85875 1
5 0.63875 0.015 0.61125 0.015 0.61125 0.034999999999999996 0.63875 0.034999999999999996 0.63875 0.015
5 0.7 0.1 0.6799999999999999 0.1 0.6799999999999999 0.1275 0.7 0.1275 0.7 0.1
5 0.68125 0.095 0.6637500000000001 0.095 0.6637500000000001 0.11750000000000001 0.68125 0.11750000000000001 0.68125 0.095
5 0.71 0.10874999999999999 0.6900000000000001 0.10874999999999999 0.6900000000000001 0.13374999999999998 0.71 0.13374999999999998 0.71 0.10874999999999999
5 0.7175 0.11625 0.7 0.11625 0.7 0.13625 0.7175 0.13625 0.7175 0.11625
5 0.725 0.12250000000000001 0.7075 0.12250000000000001 0.7075 0.14250000000000002 0.725 0.14250000000000002 0.725 0.12250000000000001
5 0.73125 0.13 0.71375 0.13 0.71375 0.14750000000000002 0.73125 0.14750000000000002 0.73125 0.13
5 0.7462500000000001 0.135 0.7262500000000001 0.135 0.7262500000000001 0.1525 0.7462500000000001 0.1525 0.7462500000000001 0.135
5 0.76625 0.09625 0.74375 0.09625 0.74375 0.11125 0.76625 0.11125 0.76625 0.09625
5 0.765 0.10500000000000001 0.7424999999999999 0.10500000000000001 0.7424999999999999 0.12250000000000001 0.765 0.12250000000000001 0.765 0.10500000000000001
5 0.7775000000000001 0.08499999999999999 0.7575000000000001 0.08499999999999999 0.7575000000000001 0.0975 0.7775000000000001 0.0975 0.7775000000000001 0.08499999999999999
5 0.7825 0.075 0.7575000000000001 0.075 0.7575000000000001 0.0875 0.7825 0.0875 0.7825 0.075
5 0.735 0.01875 0.7125 0.01875 0.7125 0.03125 0.735 0.03125 0.735 0.01875
5 0.66875 0.025 0.6487499999999999 0.025 0.6487499999999999 0.0375 0.66875 0.0375 0.66875 0.025
5 0.67375 0.017499999999999998 0.6537499999999999 0.017499999999999998 0.6537499999999999 0.03 0.67375 0.03 0.67375 0.017499999999999998
5 0.6775 0.008749999999999999 0.6599999999999999 0.008749999999999999 0.6599999999999999 0.021249999999999998 0.6775 0.021249999999999998 0.6775 0.008749999999999999
5 0.69375 0.02 0.67625 0.02 0.67625 0.03 0.69375 0.03 0.69375 0.02
5 0.6912499999999999 0.026250000000000002 0.67125 0.026250000000000002 0.67125 0.03875 0.6912499999999999 0.03875 0.6912499999999999 0.026250000000000002
5 0.6875 0.03625 0.6675 0.03625 0.6675 0.04875 0.6875 0.04875 0.6875 0.03625
5 0.6775 0.0475 0.6575 0.0475 0.6575 0.06 0.6775 0.06 0.6775 0.0475
5 0.67375 0.057499999999999996 0.6537499999999999 0.057499999999999996 0.6537499999999999 0.06999999999999999 0.67375 0.06999999999999999 0.67375 0.057499999999999996
5 0.7224999999999999 0.08 0.6975 0.08 0.6975 0.0975 0.7224999999999999 0.0975 0.7224999999999999 0.08
5 0.72875 0.07375000000000001 0.70625 0.07375000000000001 0.70625 0.08875 0.72875 0.08875 0.72875 0.07375000000000001
5 0.7325 0.06625 0.7075 0.06625 0.7075 0.07875 0.7325 0.07875 0.7325 0.06625
5 0.70875 0.05625 0.69375 0.05625 0.69375 0.06875 0.70875 0.06875 0.70875 0.05625
5 0.7162499999999999 0.0475 0.69625 0.0475 0.69625 0.0625 0.7162499999999999 0.0625 0.7162499999999999 0.0475
5 0.71875 0.041249999999999995 0.70125 0.041249999999999995 0.70125 0.05375 0.71875 0.05375 0.71875 0.041249999999999995
5 0.7224999999999999 0.034999999999999996 0.7075 0.034999999999999996 0.7075 0.0475 0.7224999999999999 0.0475 0.7224999999999999 0.034999999999999996
5 0.73875 0.04875 0.71875 0.04875 0.71875 0.06625 0.73875 0.06625 0.73875 0.04875
5 0.74125 0.042499999999999996 0.72375 0.042499999999999996 0.72375 0.05500000000000001 0.74125 0.05500000000000001 0.74125 0.042499999999999996
5 0.73625 0.058750000000000004 0.7162499999999999 0.058750000000000004 0.7162499999999999 0.07625 0.73625 0.07625 0.73625 0.058750000000000004
5 0.7474999999999999 0.026250000000000002 0.7325 0.026250000000000002 0.7325 0.041249999999999995 0.7474999999999999 0.041249999999999995 0.7474999999999999 0.026250000000000002
5 0.75 0 0.75 0.017499999999999998 0.7675 0.017499999999999998 0.7675 0 0.75 0
5 0.70125 0.0025 0.68125 0.0025 0.68125 0.017499999999999998 0.70125 0.017499999999999998 0.70125 0.0025
5 0.875 0.03625 0.8574999999999999 0.03625 0.8574999999999999 0.05125 0.875 0.05125 0.875 0.03625
5 0.34875 0 0.34875 0.0225 0.37625000000000003 0.0225 0.37625000000000003 0 0.34875 0
5 0.30625 0.52625 0.29375 0.52625 0.29375 0.54625 0.30625 0.54625 0.30625 0.52625
5 0.27999999999999997 0.5675 0.2625 0.5675 0.2625 0.5900000000000001 0.27999999999999997 0.5900000000000001 0.27999999999999997 0.5675
5 0.27625 0.5925 0.25875 0.5925 0.25875 0.6125 0.27625 0.6125 0.27625 0.5925