5 0.20750000000000002 0.7075 0.1825 0.7075 0.1825 0.735 0.20750000000000002 0.735 0.20750000000000002 0.7075
5 0.14250000000000002 0.6599999999999999 0.1275 0.6599999999999999 0.1275 0.675 0.14250000000000002 0.675 0.14250000000000002 0.6599999999999999
5 0.155 0.66625 0.1325 0.66625 0.1325 0.6837500000000001 0.155 0.6837500000000001 0.155 0.66625
5 0.13874999999999998 0.65 0.11625 0.65 0.11625 0.67 0.13874999999999998 0.67 0.13874999999999998 0.65
5 0.13125 0.6425 0.10874999999999999 0.6425 0.10874999999999999 0.6599999999999999 0.13125 0.6599999999999999 0.13125 0.6425
5 0.48250000000000004 0.66875 0.4725 0.66875 0.4725 0.6837500000000001 0.48250000000000004 0.6837500000000001 0.48250000000000004 0.66875
5 0.25375000000000003 0.5725 0.23374999999999999 0.5725 0.23374999999999999 0.5925 0.25375000000000003 0.5925 0.25375000000000003 0.5725
5 0.92875 0.22875 0.8862500000000001 0.22875 0.8862500000000001 0.26375000000000004 0.92875 0.26375000000000004 0.92875 0.22875
5 0.8550000000000001 0.21749999999999997 0.8324999999999999 0.21749999999999997 0.8324999999999999 0.23500000000000001 0.8550000000000001 0.23500000000000001 0.8550000000000001 0.21749999999999997
5 0.8550000000000001 0.1925 0.82 0.1925 0.82 0.225 0.8550000000000001 0.225 0.8550000000000001 0.1925
5 0.38875000000000004 0.72875 0.36875 0.72875 0.36875 0.74375 0.38875000000000004 0.74375 0.38875000000000004 0.72875
4 0.85125 0.026250000000000002 0.8162499999999999 0.026250000000000002 0.8162499999999999 0.061250000000000006 0.85125 0.061250000000000006 0.85125 0.026250000000000002
4 0.8550000000000001 0 0.8550000000000001 0.025 0.89 0.025 0.89 0 0.8550000000000001 0