5 0.36124999999999996 0.9112500000000001 0.33875 0.9112500000000001 0.33875 0.92125 0.36124999999999996 0.92125 0.36124999999999996 0.9112500000000001
5 0.54125 0.335 0.5237499999999999 0.335 0.5237499999999999 0.35 0.54125 0.35 0.54125 0.335
5 0.6425 0.3125 0.6224999999999999 0.3125 0.6224999999999999 0.3225 0.6425 0.3225 0.6425 0.3125
5 0.74125 0.16375 0.73125 0.16375 0.73125 0.17625 0.74125 0.17625 0.74125 0.16375
5 0.9925 0.13999999999999999 0.975 0.13999999999999999 0.975 0.1525 0.9925 0.1525 0.9925 0.13999999999999999
5 0.8400000000000001 0.11875 0.825 0.11875 0.825 0.12625 0.8400000000000001 0.12625 0.8400000000000001 0.11875
5 0.8887499999999999 0.5725 0.8787499999999999 0.5725 0.8787499999999999 0.5925 0.8887499999999999 0.5925 0.8887499999999999 0.5725
5 0.9112500000000001 0.5425 0.89125 0.5425 0.89125 0.5525 0.9112500000000001 0.5525 0.9112500000000001 0.5425
5 0.15875 0.46624999999999994 0.14875 0.46624999999999994 0.14875 0.48624999999999996 0.15875 0.48624999999999996 0.15875 0.46624999999999994
5 0.755 0.08125 0.735 0.08125 0.735 0.08875 0.755 0.08875 0.755 0.08125
5 0.91875 0.10625 0.89875 0.10625 0.89875 0.11625 0.91875 0.11625 0.91875 0.10625
5 0.6775 0.5962500000000001 0.6525000000000001 0.5962500000000001 0.6525000000000001 0.61125 0.6775 0.61125 0.6775 0.5962500000000001
5 0.1375 0.25 0.12 0.25 0.12 0.26 0.1375 0.26 0.1375 0.25
5 0.735 0.5974999999999999 0.7175 0.5974999999999999 0.7175 0.6075 0.735 0.6075 0.735 0.5974999999999999
5 0.625 0.7224999999999999 0.605 0.7224999999999999 0.605 0.735 0.625 0.735 0.625 0.7224999999999999
5 0.39125 0.5237499999999999 0.37124999999999997 0.5237499999999999 0.37124999999999997 0.54125 0.39125 0.54125 0.39125 0.5237499999999999
5 0.40750000000000003 0.3775 0.3875 0.3775 0.3875 0.39249999999999996 0.40750000000000003 0.39249999999999996 0.40750000000000003 0.3775
5 0.3025 0.27125 0.2875 0.27125 0.2875 0.28375 0.3025 0.28375 0.3025 0.27125
5 0.16 0.78125 0.13999999999999999 0.78125 0.13999999999999999 0.79125 0.16 0.79125 0.16 0.78125
5 0.6224999999999999 0.08375 0.605 0.08375 0.605 0.09125 0.6224999999999999 0.09125 0.6224999999999999 0.08375
5 0.8150000000000001 0.49749999999999994 0.7925 0.49749999999999994 0.7925 0.505 0.8150000000000001 0.505 0.8150000000000001 0.49749999999999994
5 0.15 0.48375 0.1375 0.48375 0.1375 0.50125 0.15 0.50125 0.15 0.48375
5 0.1525 0.25125000000000003 0.13999999999999999 0.25125000000000003 0.13999999999999999 0.26375000000000004 0.1525 0.26375000000000004 0.1525 0.25125000000000003
5 0.25625 0.16499999999999998 0.24375 0.16499999999999998 0.24375 0.18 0.25625 0.18 0.25625 0.16499999999999998
5 0.14875 0.50625 0.13625 0.50625 0.13625 0.5237499999999999 0.14875 0.5237499999999999 0.14875 0.50625
5 0.08249999999999999 0.24375 0.0675 0.24375 0.0675 0.25125000000000003 0.08249999999999999 0.25125000000000003 0.08249999999999999 0.24375
5 0.6912499999999999 0.21375000000000002 0.67125 0.21375000000000002 0.67125 0.22625 0.6912499999999999 0.22625 0.6912499999999999 0.21375000000000002
5 0.61625 0.9412499999999999 0.6012500000000001 0.9412499999999999 0.6012500000000001 0.9487500000000001 0.61625 0.9487500000000001 0.61625 0.9412499999999999
5 0.6950000000000001 0.45999999999999996 0.6725 0.45999999999999996 0.6725 0.46749999999999997 0.6950000000000001 0.46749999999999997 0.6950000000000001 0.45999999999999996
5 0.5237499999999999 0.06375 0.5037499999999999 0.06375 0.5037499999999999 0.07625 0.5237499999999999 0.07625 0.5237499999999999 0.06375
5 0.9925 0.69625 0.9824999999999999 0.69625 0.9824999999999999 0.7112499999999999 0.9925 0.7112499999999999 0.9925 0.69625
5 0.63375 0.6950000000000001 0.61625 0.6950000000000001 0.61625 0.705 0.63375 0.705 0.63375 0.6950000000000001
5 0.3875 0.27 0.3675 0.27 0.3675 0.28250000000000003 0.3875 0.28250000000000003 0.3875 0.27
5 0.58375 0.17875000000000002 0.5587500000000001 0.17875000000000002 0.5587500000000001 0.18875 0.58375 0.18875 0.58375 0.17875000000000002
5 0.19624999999999998 0.35375 0.18125 0.35375 0.18125 0.37625000000000003 0.19624999999999998 0.37625000000000003 0.19624999999999998 0.35375
5 0.45125000000000004 0.34875 0.44125 0.34875 0.44125 0.36625 0.45125000000000004 0.36625 0.45125000000000004 0.34875
5 0.735 0.07875 0.72 0.07875 0.72 0.08625000000000001 0.735 0.08625000000000001 0.735 0.07875
5 0.89 0.1025 0.865 0.1025 0.865 0.1125 0.89 0.1125 0.89 0.1025
5 0.44000000000000006 0.35750000000000004 0.4225 0.35750000000000004 0.4225 0.3675 0.44000000000000006 0.3675 0.44000000000000006 0.35750000000000004
5 0.335 0.1575 0.3175 0.1575 0.3175 0.16499999999999998 0.335 0.16499999999999998 0.335 0.1575
5 0.60375 0.20249999999999999 0.58375 0.20249999999999999 0.58375 0.21000000000000002 0.60375 0.21000000000000002 0.60375 0.20249999999999999
5 0.6174999999999999 0.18625 0.5974999999999999 0.18625 0.5974999999999999 0.19875 0.6174999999999999 0.19875 0.6174999999999999 0.18625
5 0.6837500000000001 0.0675 0.65625 0.0675 0.65625 0.08 0.6837500000000001 0.08 0.6837500000000001 0.0675
5 0.225 0.20750000000000002 0.20750000000000002 0.20750000000000002 0.20750000000000002 0.22999999999999998 0.225 0.22999999999999998 0.225 0.20750000000000002
5 0.445 0.485 0.43 0.485 0.43 0.49749999999999994 0.445 0.49749999999999994 0.445 0.485
5 0.53125 0.3275 0.51625 0.3275 0.51625 0.34249999999999997 0.53125 0.34249999999999997 0.53125 0.3275
5 0.5375 0.69625 0.515 0.69625 0.515 0.70875 0.5375 0.70875 0.5375 0.69625
5 0.35125 0.8324999999999999 0.33125 0.8324999999999999 0.33125 0.8425 0.35125 0.8425 0.35125 0.8324999999999999
5 0.9225 0.7737499999999999 0.9 0.7737499999999999 0.9 0.7837500000000001 0.9225 0.7837500000000001 0.9225 0.7737499999999999
5 0.655 0.5900000000000001 0.635 0.5900000000000001 0.635 0.605 0.655 0.605 0.655 0.5900000000000001
5 0.885 0.7787499999999999 0.8675 0.7787499999999999 0.8675 0.79125 0.885 0.79125 0.885 0.7787499999999999
5 0.6287499999999999 0.5875 0.60875 0.5875 0.60875 0.5974999999999999 0.6287499999999999 0.5974999999999999 0.6287499999999999 0.5875
5 0.8525 0.0975 0.8324999999999999 0.0975 0.8324999999999999 0.10500000000000001 0.8525 0.10500000000000001 0.8525 0.0975
5 0.4925 0.96125 0.48 0.96125 0.48 0.97875 0.4925 0.97875 0.4925 0.96125
5 0.66125 0.9487500000000001 0.64375 0.9487500000000001 0.64375 0.9637499999999999 0.66125 0.9637499999999999 0.66125 0.9487500000000001
5 0.25625 0.10124999999999999 0.24125000000000002 0.10124999999999999 0.24125000000000002 0.12625 0.25625 0.12625 0.25625 0.10124999999999999
5 0.3225 0.27625 0.3075 0.27625 0.3075 0.28625 0.3225 0.28625 0.3225 0.27625
5 0.18375 0.2375 0.16375 0.2375 0.16375 0.25 0.18375 0.25 0.18375 0.2375
5 0.5275000000000001 0.47625 0.495 0.47625 0.495 0.50125 0.5275000000000001 0.50125 0.5275000000000001 0.47625
5 0.70125 0.7150000000000001 0.68125 0.7150000000000001 0.68125 0.725 0.70125 0.725 0.70125 0.7150000000000001