5 0.15125 0.19375 0.14125000000000001 0.19375 0.14125000000000001 0.20625 0.15125 0.20625 0.15125 0.19375
5 0.2125 0.21000000000000002 0.1925 0.21000000000000002 0.1925 0.21749999999999997 0.2125 0.21749999999999997 0.2125 0.21000000000000002
5 0.23500000000000001 0.21749999999999997 0.22000000000000003 0.21749999999999997 0.22000000000000003 0.225 0.23500000000000001 0.225 0.23500000000000001 0.21749999999999997
5 0.03125 0.37625000000000003 0.01875 0.37625000000000003 0.01875 0.39375 0.03125 0.39375 0.03125 0.37625000000000003
5 0.17250000000000001 0.8387499999999999 0.1575 0.8387499999999999 0.1575 0.8487500000000001 0.17250000000000001 0.8487500000000001 0.17250000000000001 0.8387499999999999
5 0.013750000000000002 0.8162499999999999 0.00125 0.8162499999999999 0.00125 0.82875 0.013750000000000002 0.82875 0.013750000000000002 0.8162499999999999
5 0.1675 0.8474999999999999 0.15 0.8474999999999999 0.15 0.86 0.1675 0.86 0.1675 0.8474999999999999
5 0 0.83125 0.008749999999999999 0.83125 0.008749999999999999 0.82125 0 0.82125 0 0.83125
5 0.74875 0.83125 0.7262500000000001 0.83125 0.7262500000000001 0.85625 0.74875 0.85625 0.74875 0.83125
5 0.9512499999999999 0.37124999999999997 0.9262499999999999 0.37124999999999997 0.9262499999999999 0.39125 0.9512499999999999 0.39125 0.9512499999999999 0.37124999999999997
5 0.7675 0.49874999999999997 0.7575000000000001 0.49874999999999997 0.7575000000000001 0.51125 0.7675 0.51125 0.7675 0.49874999999999997
5 0.08625000000000001 0.8487500000000001 0.06875 0.8487500000000001 0.06875 0.85625 0.08625000000000001 0.85625 0.08625000000000001 0.8487500000000001
5 0.23125 0.9675 0.21375000000000002 0.9675 0.21375000000000002 0.9875 0.23125 0.9875 0.23125 0.9675
5 0.5125 0.26 0.4925 0.26 0.4925 0.2725 0.5125 0.2725 0.5125 0.26
5 0.5725 0.275 0.5525 0.275 0.5525 0.2875 0.5725 0.2875 0.5725 0.275
5 0.35 0.39375 0.3275 0.39375 0.3275 0.40625 0.35 0.40625 0.35 0.39375
5 0.36875 0.3625 0.35125 0.3625 0.35125 0.3875 0.36875 0.3875 0.36875 0.3625
5 0.2725 0.35125 0.25 0.35125 0.25 0.36875 0.2725 0.36875 0.2725 0.35125
5 0.31875 0.64375 0.29874999999999996 0.64375 0.29874999999999996 0.66875 0.31875 0.66875 0.31875 0.64375
5 0.11875 0.5225 0.10625 0.5225 0.10625 0.54 0.11875 0.54 0.11875 0.5225
5 0.45375 0.8637499999999999 0.43375 0.8637499999999999 0.43375 0.8862500000000001 0.45375 0.8862500000000001 0.45375 0.8637499999999999
5 0.9349999999999999 0.3375 0.9175000000000001 0.3375 0.9175000000000001 0.3525 0.9349999999999999 0.3525 0.9349999999999999 0.3375