5 0.925 0.25625 0.905 0.25625 0.905 0.28875 0.925 0.28875 0.925 0.25625
5 0.875 0.28375 0.8550000000000001 0.28375 0.8550000000000001 0.29375 0.875 0.29375 0.875 0.28375
5 0.9 0.26 0.8875 0.26 0.8875 0.28250000000000003 0.9 0.28250000000000003 0.9 0.26
5 0.8612500000000001 0.23625 0.82875 0.23625 0.82875 0.24874999999999997 0.8612500000000001 0.24874999999999997 0.8612500000000001 0.23625
5 0.54 0.2425 0.53 0.2425 0.53 0.2575 0.54 0.2575 0.54 0.2425
5 0.39875 0.9262499999999999 0.39375 0.9262499999999999 0.39375 0.93625 0.39875 0.93625 0.39875 0.9262499999999999
5 0.065 0.9012499999999999 0.052500000000000005 0.9012499999999999 0.052500000000000005 0.9087500000000001 0.065 0.9087500000000001 0.065 0.9012499999999999
5 0.07375000000000001 0.8887499999999999 0.058750000000000004 0.8887499999999999 0.058750000000000004 0.89625 0.07375000000000001 0.89625 0.07375000000000001 0.8887499999999999
5 0.1825 0.745 0.175 0.745 0.175 0.755 0.1825 0.755 0.1825 0.745
5 0.3675 0.5725 0.36 0.5725 0.36 0.585 0.3675 0.585 0.3675 0.5725
5 0.19875 0.4175 0.19125 0.4175 0.19125 0.43 0.19875 0.43 0.19875 0.4175
5 0.16875 0.39875 0.15375 0.39875 0.15375 0.40625 0.16875 0.40625 0.16875 0.39875
5 0.13874999999999998 0.03625 0.12375 0.03625 0.12375 0.04375 0.13874999999999998 0.04375 0.13874999999999998 0.03625
5 0.9349999999999999 0.07875 0.9225 0.07875 0.9225 0.09375 0.9349999999999999 0.09375 0.9349999999999999 0.07875
5 0.97875 0.05 0.93875 0.05 0.93875 0.0625 0.97875 0.0625 0.97875 0.05
5 0.6825 0.89 0.6599999999999999 0.89 0.6599999999999999 0.9 0.6825 0.9 0.6825 0.89
5 0.97875 0.06625 0.9412499999999999 0.06625 0.9412499999999999 0.07375000000000001 0.97875 0.07375000000000001 0.97875 0.06625
5 0.8550000000000001 0.225 0.825 0.225 0.825 0.2375 0.8550000000000001 0.2375 0.8550000000000001 0.225
5 0.99875 0.09125 0.9487500000000001 0.09125 0.9487500000000001 0.10874999999999999 0.99875 0.10874999999999999 0.99875 0.09125
5 0.6900000000000001 0.49375 0.6775 0.49375 0.6775 0.51625 0.6900000000000001 0.51625 0.6900000000000001 0.49375
5 0.255 0.25625 0.2425 0.25625 0.2425 0.27125 0.255 0.27125 0.255 0.25625
5 0.85875 0.05125 0.82875 0.05125 0.82875 0.10124999999999999 0.85875 0.10124999999999999 0.85875 0.05125
5 0.8875 0.26375000000000004 0.8699999999999999 0.26375000000000004 0.8699999999999999 0.29625 0.8875 0.29625 0.8875 0.26375000000000004
5 0.8412499999999999 0.058750000000000004 0.81125 0.058750000000000004 0.81125 0.10625 0.8412499999999999 0.10625 0.8412499999999999 0.058750000000000004
5 0.795 0.08 0.7775000000000001 0.08 0.7775000000000001 0.0925 0.795 0.0925 0.795 0.08
5 0.2375 0.2625 0.22000000000000003 0.2625 0.22000000000000003 0.2725 0.2375 0.2725 0.2375 0.2625
5 0.74 0.11374999999999999 0.72 0.11374999999999999 0.72 0.15625 0.74 0.15625 0.74 0.11374999999999999
5 0.8225 0.125 0.76 0.125 0.76 0.15 0.8225 0.15 0.8225 0.125