5 0.43499999999999994 0 0.43499999999999994 0.01125 0.4525 0.01125 0.4525 0 0.43499999999999994 0
5 0.48 0 0.48 0.0075 0.495 0.0075 0.495 0 0.48 0
5 0.56875 0.01875 0.55625 0.01875 0.55625 0.03875 0.56875 0.03875 0.56875 0.01875
5 0.545 0.057499999999999996 0.5275000000000001 0.057499999999999996 0.5275000000000001 0.075 0.545 0.075 0.545 0.057499999999999996
5 0.5375 0.08 0.5225 0.08 0.5225 0.0975 0.5375 0.0975 0.5375 0.08
5 0.60875 0.14750000000000002 0.59375 0.14750000000000002 0.59375 0.16499999999999998 0.60875 0.16499999999999998 0.60875 0.14750000000000002
5 0.615 0.21625 0.6025 0.21625 0.6025 0.22875 0.615 0.22875 0.615 0.21625
5 0.6975 0.15875 0.6849999999999999 0.15875 0.6849999999999999 0.17375000000000002 0.6975 0.17375000000000002 0.6975 0.15875
5 0.6575 0.27999999999999997 0.64 0.27999999999999997 0.64 0.29500000000000004 0.6575 0.29500000000000004 0.6575 0.27999999999999997
5 0.725 0.25 0.7125 0.25 0.7125 0.265 0.725 0.265 0.725 0.25
5 0.79625 0.30625 0.77625 0.30625 0.77625 0.32875 0.79625 0.32875 0.79625 0.30625
5 0.7474999999999999 0.3725 0.7325 0.3725 0.7325 0.395 0.7474999999999999 0.395 0.7474999999999999 0.3725
5 0.79 0.34750000000000003 0.775 0.34750000000000003 0.775 0.3625 0.79 0.3625 0.79 0.34750000000000003
5 0.83625 0.36375 0.82125 0.36375 0.82125 0.38125 0.83625 0.38125 0.83625 0.36375
5 0.8150000000000001 0.3875 0.8 0.3875 0.8 0.40499999999999997 0.8150000000000001 0.40499999999999997 0.8150000000000001 0.3875
5 0.82 0.47125000000000006 0.8074999999999999 0.47125000000000006 0.8074999999999999 0.48375 0.82 0.48375 0.82 0.47125000000000006
5 0.8887499999999999 0.44875 0.85125 0.44875 0.85125 0.49625 0.8887499999999999 0.49625 0.8887499999999999 0.44875
5 0.87625 0.49000000000000005 0.8637499999999999 0.49000000000000005 0.8637499999999999 0.505 0.87625 0.505 0.87625 0.49000000000000005
5 0.9262499999999999 0.5287499999999999 0.89125 0.5287499999999999 0.89125 0.57375 0.9262499999999999 0.57375 0.9262499999999999 0.5287499999999999
5 0.97 0.54125 0.9349999999999999 0.54125 0.9349999999999999 0.58375 0.97 0.58375 0.97 0.54125
5 0.93875 0.5862499999999999 0.9237500000000001 0.5862499999999999 0.9237500000000001 0.60625 0.93875 0.60625 0.93875 0.5862499999999999
5 0.95375 0.5825 0.93875 0.5825 0.93875 0.5974999999999999 0.95375 0.5974999999999999 0.95375 0.5825
5 0.98375 0.635 0.96875 0.635 0.96875 0.6525000000000001 0.98375 0.6525000000000001 0.98375 0.635
5 1 0.68875 0.9862500000000001 0.68875 0.9862500000000001 0.70875 1 0.70875 1 0.68875
5 0.91875 0.67375 0.9012499999999999 0.67375 0.9012499999999999 0.6912499999999999 0.91875 0.6912499999999999 0.91875 0.67375
5 0.9412499999999999 0.6875 0.9262499999999999 0.6875 0.9262499999999999 0.7025 0.9412499999999999 0.7025 0.9412499999999999 0.6875
5 0.99 0.75125 0.975 0.75125 0.975 0.76625 0.99 0.76625 0.99 0.75125
5 1 0.9275 0.9887499999999999 0.9275 0.9887499999999999 0.9400000000000001 1 0.9400000000000001 1 0.9275
5 0.7887500000000001 0.8975 0.76625 0.8975 0.76625 0.9075 0.7887500000000001 0.9075 0.7887500000000001 0.8975
5 0.5725 0.97625 0.55 0.97625 0.55 0.99125 0.5725 0.99125 0.5725 0.97625
5 0.4025 0.885 0.3875 0.885 0.3875 0.9075 0.4025 0.9075 0.4025 0.885
5 0.6075 0.8 0.545 0.8 0.545 0.8400000000000001 0.6075 0.8400000000000001 0.6075 0.8
5 0.6875 0.76375 0.67 0.76375 0.67 0.7787499999999999 0.6875 0.7787499999999999 0.6875 0.76375
5 0.6925 0.8025 0.67 0.8025 0.67 0.8225 0.6925 0.8225 0.6925 0.8025
5 0.08625000000000001 0.06999999999999999 0.07375000000000001 0.06999999999999999 0.07375000000000001 0.0925 0.08625000000000001 0.0925 0.08625000000000001 0.06999999999999999
5 0.605 0.5 0.5875 0.5 0.5875 0.515 0.605 0.515 0.605 0.5
5 0.49749999999999994 0.2225 0.4875 0.2225 0.4875 0.2325 0.49749999999999994 0.2325 0.49749999999999994 0.2225