5 0.8625 0.2725 0.8550000000000001 0.2725 0.8550000000000001 0.28500000000000003 0.8625 0.28500000000000003 0.8625 0.2725
5 0.8724999999999999 0.27125 0.865 0.27125 0.865 0.28625 0.8724999999999999 0.28625 0.8724999999999999 0.27125
5 0.87375 0.29125 0.8637499999999999 0.29125 0.8637499999999999 0.30625 0.87375 0.30625 0.87375 0.29125
5 0.87625 0.30874999999999997 0.8612500000000001 0.30874999999999997 0.8612500000000001 0.33125 0.87625 0.33125 0.87625 0.30874999999999997
5 0.86625 0.3975 0.8487500000000001 0.3975 0.8487500000000001 0.40750000000000003 0.86625 0.40750000000000003 0.86625 0.3975
5 0.8724999999999999 0.3725 0.8550000000000001 0.3725 0.8550000000000001 0.3825 0.8724999999999999 0.3825 0.8724999999999999 0.3725
5 0.8462500000000001 0.44625000000000004 0.83625 0.44625000000000004 0.83625 0.46125 0.8462500000000001 0.46125 0.8462500000000001 0.44625000000000004
5 0.86875 0.44625000000000004 0.85875 0.44625000000000004 0.85875 0.45875000000000005 0.86875 0.45875000000000005 0.86875 0.44625000000000004
5 0.95875 0.0875 0.93875 0.0875 0.93875 0.16499999999999998 0.95875 0.16499999999999998 0.95875 0.0875
5 0.9574999999999999 0.041249999999999995 0.9425000000000001 0.041249999999999995 0.9425000000000001 0.09125 0.9574999999999999 0.09125 0.9574999999999999 0.041249999999999995
5 0.15875 0.7849999999999999 0.058750000000000004 0.7849999999999999 0.058750000000000004 0.8275 0.15875 0.8275 0.15875 0.7849999999999999
5 0.15625 0.7675 0.041249999999999995 0.7675 0.041249999999999995 0.8074999999999999 0.15625 0.8074999999999999 0.15625 0.7675
5 0.12125 0.72 0.08875 0.72 0.08875 0.74 0.12125 0.74 0.12125 0.72
5 0.11750000000000001 0.7125 0.08 0.7125 0.08 0.73 0.11750000000000001 0.73 0.11750000000000001 0.7125
5 0.10625 0.70125 0.07375000000000001 0.70125 0.07375000000000001 0.7212500000000001 0.10625 0.7212500000000001 0.10625 0.70125
5 0.1025 0.6912499999999999 0.065 0.6912499999999999 0.065 0.70875 0.1025 0.70875 0.1025 0.6912499999999999
5 0.09625 0.67875 0.05625 0.67875 0.05625 0.70125 0.09625 0.70125 0.09625 0.67875
5 0.08875 0.6725 0.04625 0.6725 0.04625 0.6900000000000001 0.08875 0.6900000000000001 0.08875 0.6725
5 0.08125 0.665 0.041249999999999995 0.665 0.041249999999999995 0.6825 0.08125 0.6825 0.08125 0.665
5 0.07375000000000001 0.6537499999999999 0.03875 0.6537499999999999 0.03875 0.66875 0.07375000000000001 0.66875 0.07375000000000001 0.6537499999999999
5 0.052500000000000005 0.64375 0.0325 0.64375 0.0325 0.66125 0.052500000000000005 0.66125 0.052500000000000005 0.64375
5 0.26875 0.6875 0.22875 0.6875 0.22875 0.7025 0.26875 0.7025 0.26875 0.6875
5 0.20375000000000001 0.6012500000000001 0.17875000000000002 0.6012500000000001 0.17875000000000002 0.6212500000000001 0.20375000000000001 0.6212500000000001 0.20375000000000001 0.6012500000000001
5 0.19 0.595 0.1625 0.595 0.1625 0.61 0.19 0.61 0.19 0.595
5 0.17875000000000002 0.57875 0.15125 0.57875 0.15125 0.59375 0.17875000000000002 0.59375 0.17875000000000002 0.57875
5 0.17250000000000001 0.5625 0.14250000000000002 0.5625 0.14250000000000002 0.5825 0.17250000000000001 0.5825 0.17250000000000001 0.5625
5 0.19875 0.945 0.15875 0.945 0.15875 0.9650000000000001 0.19875 0.9650000000000001 0.19875 0.945
5 0.205 0.95375 0.1675 0.95375 0.1675 0.9737500000000001 0.205 0.9737500000000001 0.205 0.95375
5 0.22625 0.9650000000000001 0.18125 0.9650000000000001 0.18125 0.985 0.22625 0.985 0.22625 0.9650000000000001
5 0.22749999999999998 0.9775 0.1825 0.9775 0.1825 0.9974999999999999 0.22749999999999998 0.9974999999999999 0.22749999999999998 0.9775
5 0.22625 1 0.22625 0.9887499999999999 0.19375 0.9887499999999999 0.19375 1 0.22625 1
5 0.3375 0.47750000000000004 0.3275 0.47750000000000004 0.3275 0.4875 0.3375 0.4875 0.3375 0.47750000000000004
5 0.34249999999999997 0.4725 0.335 0.4725 0.335 0.485 0.34249999999999997 0.485 0.34249999999999997 0.4725
5 0.35 0.47000000000000003 0.34249999999999997 0.47000000000000003 0.34249999999999997 0.48 0.35 0.48 0.35 0.47000000000000003
5 0.35875 0.46624999999999994 0.34875 0.46624999999999994 0.34875 0.47625 0.35875 0.47625 0.35875 0.46624999999999994
5 0.365 0.465 0.355 0.465 0.355 0.4725 0.365 0.4725 0.365 0.465
5 0.37374999999999997 0.47375 0.36124999999999996 0.47375 0.36124999999999996 0.48375 0.37374999999999997 0.48375 0.37374999999999997 0.47375
5 0.3625 0.47625 0.3525 0.47625 0.3525 0.48624999999999996 0.3625 0.48624999999999996 0.3625 0.47625
5 0.35375 0.48250000000000004 0.34125 0.48250000000000004 0.34125 0.495 0.35375 0.495 0.35375 0.48250000000000004
5 0.3525 0.49000000000000005 0.335 0.49000000000000005 0.335 0.5125 0.3525 0.5125 0.3525 0.49000000000000005
5 0.36 0.49124999999999996 0.34750000000000003 0.49124999999999996 0.34750000000000003 0.50125 0.36 0.50125 0.36 0.49124999999999996
5 0.365 0.48624999999999996 0.35750000000000004 0.48624999999999996 0.35750000000000004 0.50125 0.365 0.50125 0.365 0.48624999999999996
5 0.375 0.48375 0.365 0.48375 0.365 0.49625 0.375 0.49625 0.375 0.48375
5 0.32375 0.46125 0.31375000000000003 0.46125 0.31375000000000003 0.47125000000000006 0.32375 0.47125000000000006 0.32375 0.46125
5 0.32875 0.45625 0.32125 0.45625 0.32125 0.46875 0.32875 0.46875 0.32875 0.45625
5 0.3375 0.45375 0.3275 0.45375 0.3275 0.46375 0.3375 0.46375 0.3375 0.45375
5 0.34500000000000003 0.45 0.335 0.45 0.335 0.4625 0.34500000000000003 0.4625 0.34500000000000003 0.45
5 0.35125 0.44625000000000004 0.34375 0.44625000000000004 0.34375 0.45625 0.35125 0.45625 0.35125 0.44625000000000004
5 0.46749999999999997 0.40625 0.4575 0.40625 0.4575 0.43125 0.46749999999999997 0.43125 0.46749999999999997 0.40625
5 0.48375 0.8887499999999999 0.43375 0.8887499999999999 0.43375 0.91875 0.48375 0.91875 0.48375 0.8887499999999999
5 0.475 0.4525 0.4625 0.4525 0.4625 0.475 0.475 0.475 0.475 0.4525
5 0.35625 0.42374999999999996 0.34625 0.42374999999999996 0.34625 0.43624999999999997 0.35625 0.43624999999999997 0.35625 0.42374999999999996
5 0.35 0.42750000000000005 0.33999999999999997 0.42750000000000005 0.33999999999999997 0.4425 0.35 0.4425 0.35 0.42750000000000005
5 0.34125 0.42750000000000005 0.33125 0.42750000000000005 0.33125 0.4425 0.34125 0.4425 0.34125 0.42750000000000005
5 0.42625 0.4425 0.41125 0.4425 0.41125 0.4625 0.42625 0.4625 0.42625 0.4425
5 0.43499999999999994 0.44125 0.4225 0.44125 0.4225 0.46125 0.43499999999999994 0.46125 0.43499999999999994 0.44125
5 0.43875000000000003 0.4375 0.42874999999999996 0.4375 0.42874999999999996 0.45499999999999996 0.43875000000000003 0.45499999999999996 0.43875000000000003 0.4375
5 0.44875 0.42874999999999996 0.43125 0.42874999999999996 0.43125 0.45125000000000004 0.44875 0.45125000000000004 0.44875 0.42874999999999996
5 0.7262500000000001 0.35750000000000004 0.70625 0.35750000000000004 0.70625 0.42000000000000004 0.7262500000000001 0.42000000000000004 0.7262500000000001 0.35750000000000004
5 0.73875 0.35875 0.72375 0.35875 0.72375 0.40625 0.73875 0.40625 0.73875 0.35875
5 0.6525000000000001 0.18 0.635 0.18 0.635 0.2 0.6525000000000001 0.2 0.6525000000000001 0.18
5 0.60625 0.205 0.5862499999999999 0.205 0.5862499999999999 0.23500000000000001 0.60625 0.23500000000000001 0.60625 0.205
5 0.43875000000000003 0.1975 0.40875000000000006 0.1975 0.40875000000000006 0.2125 0.43875000000000003 0.2125 0.43875000000000003 0.1975
5 0.6537499999999999 0.3625 0.63875 0.3625 0.63875 0.375 0.6537499999999999 0.375 0.6537499999999999 0.3625
5 0.35875 0.3225 0.34375 0.3225 0.34375 0.3525 0.35875 0.3525 0.35875 0.3225
5 0.7175 0.33999999999999997 0.7 0.33999999999999997 0.7 0.35750000000000004 0.7175 0.35750000000000004 0.7175 0.33999999999999997
5 0.71375 0.3225 0.70375 0.3225 0.70375 0.33999999999999997 0.71375 0.33999999999999997 0.71375 0.3225
5 0.6975 0.28500000000000003 0.6875 0.28500000000000003 0.6875 0.3075 0.6975 0.3075 0.6975 0.28500000000000003
5 0.70875 0.28500000000000003 0.69875 0.28500000000000003 0.69875 0.3075 0.70875 0.3075 0.70875 0.28500000000000003
5 0.7424999999999999 0.25625 0.7 0.25625 0.7 0.26875 0.7424999999999999 0.26875 0.7424999999999999 0.25625
5 0.63625 0.89 0.61875 0.89 0.61875 0.9199999999999999 0.63625 0.9199999999999999 0.63625 0.89
5 0.64125 0.88375 0.6287499999999999 0.88375 0.6287499999999999 0.9037499999999999 0.64125 0.9037499999999999 0.64125 0.88375
5 0.32125 0.29375 0.30375 0.29375 0.30375 0.32125 0.32125 0.32125 0.32125 0.29375
5 0.3975 0.23500000000000001 0.33999999999999997 0.23500000000000001 0.33999999999999997 0.2725 0.3975 0.2725 0.3975 0.23500000000000001
5 0.42874999999999996 0.27749999999999997 0.39875 0.27749999999999997 0.39875 0.32 0.42874999999999996 0.32 0.42874999999999996 0.27749999999999997
5 0.725 0.33999999999999997 0.7175 0.33999999999999997 0.7175 0.355 0.725 0.355 0.725 0.33999999999999997
5 0.6475 0.9175000000000001 0.6325000000000001 0.9175000000000001 0.6325000000000001 0.9349999999999999 0.6475 0.9349999999999999 0.6475 0.9175000000000001
5 0.6075 0.79875 0.5900000000000001 0.79875 0.5900000000000001 0.8262499999999999 0.6075 0.8262499999999999 0.6075 0.79875
5 0.95875 0.16375 0.93875 0.16375 0.93875 0.21625 0.95875 0.21625 0.95875 0.16375
5 0.39249999999999996 0.465 0.3825 0.465 0.3825 0.47750000000000004 0.39249999999999996 0.47750000000000004 0.39249999999999996 0.465