5 0.01875 0.74 0.00125 0.74 0.00125 0.76 0.01875 0.76 0.01875 0.74
5 0.03375 0.73125 0.01875 0.73125 0.01875 0.74875 0.03375 0.74875 0.03375 0.73125
5 0.0475 0.71875 0.034999999999999996 0.71875 0.034999999999999996 0.73375 0.0475 0.73375 0.0475 0.71875
5 0.07625 0.6950000000000001 0.05625 0.6950000000000001 0.05625 0.71 0.07625 0.71 0.07625 0.6950000000000001
5 0.03375 0.12 0.01125 0.12 0.01125 0.14250000000000002 0.03375 0.14250000000000002 0.03375 0.12
5 0.795 0.11000000000000001 0.7775000000000001 0.11000000000000001 0.7775000000000001 0.12 0.795 0.12 0.795 0.11000000000000001
5 0.8 0.1 0.7825 0.1 0.7825 0.11000000000000001 0.8 0.11000000000000001 0.8 0.1
5 0.8 0.09125 0.7849999999999999 0.09125 0.7849999999999999 0.09875 0.8 0.09875 0.8 0.09125
5 0.8025 0.08249999999999999 0.7849999999999999 0.08249999999999999 0.7849999999999999 0.09 0.8025 0.09 0.8025 0.08249999999999999
5 0.80375 0.075 0.78625 0.075 0.78625 0.08249999999999999 0.80375 0.08249999999999999 0.80375 0.075
5 0.81375 0.0625 0.79875 0.0625 0.79875 0.0725 0.81375 0.0725 0.81375 0.0625
5 0.8175000000000001 0.05375 0.805 0.05375 0.805 0.061250000000000006 0.8175000000000001 0.061250000000000006 0.8175000000000001 0.05375
5 0.82125 0.04375 0.81125 0.04375 0.81125 0.05125 0.82125 0.05125 0.82125 0.04375
5 0.61125 0.075 0.5912499999999999 0.075 0.5912499999999999 0.0925 0.61125 0.0925 0.61125 0.075
5 0.66125 0.11750000000000001 0.64375 0.11750000000000001 0.64375 0.1325 0.66125 0.1325 0.66125 0.11750000000000001
5 0.6925 0.14125000000000001 0.6725 0.14125000000000001 0.6725 0.15625 0.6925 0.15625 0.6925 0.14125000000000001
5 0.7424999999999999 0.15125 0.71 0.15125 0.71 0.17625 0.7424999999999999 0.17625 0.7424999999999999 0.15125
5 0.7424999999999999 0.135 0.73 0.135 0.73 0.1525 0.7424999999999999 0.1525 0.7424999999999999 0.135
5 0.69375 0.0925 0.6837500000000001 0.0925 0.6837500000000001 0.1025 0.69375 0.1025 0.69375 0.0925
5 0.7474999999999999 0.18125 0.7325 0.18125 0.7325 0.19375 0.7474999999999999 0.19375 0.7474999999999999 0.18125
5 0.7887500000000001 0.20750000000000002 0.77625 0.20750000000000002 0.77625 0.22000000000000003 0.7887500000000001 0.22000000000000003 0.7887500000000001 0.20750000000000002
5 0.48250000000000004 0.11374999999999999 0.4625 0.11374999999999999 0.4625 0.13125 0.48250000000000004 0.13125 0.48250000000000004 0.11374999999999999
5 0 0.265 0.0225 0.265 0.0225 0.22749999999999998 0 0.22749999999999998 0 0.265
5 0.8825 0.2725 0.8625 0.2725 0.8625 0.2925 0.8825 0.2925 0.8825 0.2725
5 0.91375 0.26 0.89625 0.26 0.89625 0.275 0.91375 0.275 0.91375 0.26
5 1 0.27375 0.97625 0.27375 0.97625 0.29375 1 0.29375 1 0.27375
5 0.40625 0.68875 0.38875000000000004 0.68875 0.38875000000000004 0.70625 0.40625 0.70625 0.40625 0.68875
5 0.34125 0.7525000000000001 0.32625000000000004 0.7525000000000001 0.32625000000000004 0.765 0.34125 0.765 0.34125 0.7525000000000001
5 0.29375 0.7424999999999999 0.27125 0.7424999999999999 0.27125 0.7625 0.29375 0.7625 0.29375 0.7424999999999999
5 0.30874999999999997 0.4725 0.29125 0.4725 0.29125 0.49000000000000005 0.30874999999999997 0.49000000000000005 0.30874999999999997 0.4725
5 0.4175 0.47625 0.375 0.47625 0.375 0.51125 0.4175 0.51125 0.4175 0.47625