5 0.01875 0.08375 0.00125 0.08375 0.00125 0.10124999999999999 0.01875 0.10124999999999999 0.01875 0.08375
5 0.0725 0.11125 0.05500000000000001 0.11125 0.05500000000000001 0.13125 0.0725 0.13125 0.0725 0.11125
5 0.11750000000000001 0.1575 0.0975 0.1575 0.0975 0.1775 0.11750000000000001 0.1775 0.11750000000000001 0.1575
5 0.1625 0.195 0.145 0.195 0.145 0.215 0.1625 0.215 0.1625 0.195
5 0.25125000000000003 0.25875 0.23875000000000002 0.25875 0.23875000000000002 0.27875 0.25125000000000003 0.27875 0.25125000000000003 0.25875
5 0.22875 0.24625 0.21375000000000002 0.24625 0.21375000000000002 0.26125 0.22875 0.26125 0.22875 0.24625
5 0.22374999999999998 0.17625 0.20875 0.17625 0.20875 0.18875 0.22374999999999998 0.18875 0.22374999999999998 0.17625
5 0.47625 0.08499999999999999 0.46375 0.08499999999999999 0.46375 0.1025 0.47625 0.1025 0.47625 0.08499999999999999
5 0.53125 0.07875 0.5237499999999999 0.07875 0.5237499999999999 0.08625000000000001 0.53125 0.08625000000000001 0.53125 0.07875
5 0.57375 0.06999999999999999 0.54625 0.06999999999999999 0.54625 0.08 0.57375 0.08 0.57375 0.06999999999999999
5 0.59875 0.06 0.57125 0.06 0.57125 0.06999999999999999 0.59875 0.06999999999999999 0.59875 0.06
5 0.63 0.034999999999999996 0.61 0.034999999999999996 0.61 0.045 0.63 0.045 0.63 0.034999999999999996
5 0.38875000000000004 0.14750000000000002 0.36375 0.14750000000000002 0.36375 0.16 0.38875000000000004 0.16 0.38875000000000004 0.14750000000000002
5 0.44000000000000006 0.11625 0.43 0.11625 0.43 0.12625 0.44000000000000006 0.12625 0.44000000000000006 0.11625
5 0.49000000000000005 0.12375 0.46749999999999997 0.12375 0.46749999999999997 0.13874999999999998 0.49000000000000005 0.13874999999999998 0.49000000000000005 0.12375
5 0.5337500000000001 0.0975 0.51375 0.0975 0.51375 0.11000000000000001 0.5337500000000001 0.11000000000000001 0.5337500000000001 0.0975
5 0.5599999999999999 0.0975 0.515 0.0975 0.515 0.11750000000000001 0.5599999999999999 0.11750000000000001 0.5599999999999999 0.0975
5 0.47625 0.15 0.46375 0.15 0.46375 0.16 0.47625 0.16 0.47625 0.15
5 0.495 0.145 0.48250000000000004 0.145 0.48250000000000004 0.1575 0.495 0.1575 0.495 0.145
5 0.51375 0.1375 0.50125 0.1375 0.50125 0.14750000000000002 0.51375 0.14750000000000002 0.51375 0.1375
5 0.54125 0.1275 0.5237499999999999 0.1275 0.5237499999999999 0.1375 0.54125 0.1375 0.54125 0.1275
5 0.9887499999999999 0.32125 0.96875 0.32125 0.96875 0.35875 0.9887499999999999 0.35875 0.9887499999999999 0.32125
5 0.84375 0.06875 0.82125 0.06875 0.82125 0.07875 0.84375 0.07875 0.84375 0.06875
5 0.8574999999999999 0.0925 0.8425 0.0925 0.8425 0.1025 0.8574999999999999 0.1025 0.8574999999999999 0.0925
5 0.8787499999999999 0.1025 0.85125 0.1025 0.85125 0.12 0.8787499999999999 0.12 0.8787499999999999 0.1025
5 0.885 0.12125 0.8699999999999999 0.12125 0.8699999999999999 0.13874999999999998 0.885 0.13874999999999998 0.885 0.12125
5 0.96875 0.19 0.9337500000000001 0.19 0.9337500000000001 0.20249999999999999 0.96875 0.20249999999999999 0.96875 0.19
5 1 0.17875000000000002 0.97 0.17875000000000002 0.97 0.19624999999999998 1 0.19624999999999998 1 0.17875000000000002
5 0.93625 0.16625 0.9237500000000001 0.16625 0.9237500000000001 0.18875 0.93625 0.18875 0.93625 0.16625
5 0.9425000000000001 0.13374999999999998 0.93 0.13374999999999998 0.93 0.15375 0.9425000000000001 0.15375 0.9425000000000001 0.13374999999999998
5 0.96 0.11875 0.9475 0.11875 0.9475 0.13625 0.96 0.13625 0.96 0.11875
5 0.97625 0.13125 0.9637499999999999 0.13125 0.9637499999999999 0.14875 0.97625 0.14875 0.97625 0.13125
5 0.60375 0.1 0.59375 0.1 0.59375 0.1075 0.60375 0.1075 0.60375 0.1
5 0.6375 0.0725 0.6275000000000001 0.0725 0.6275000000000001 0.0775 0.6375 0.0775 0.6375 0.0725
5 0.8175000000000001 0.015 0.795 0.015 0.795 0.0225 0.8175000000000001 0.0225 0.8175000000000001 0.015