5 0.29625 0.0075 0.27875 0.0075 0.27875 0.0225 0.29625 0.0225 0.29625 0.0075
5 0.23625 0 0.23625 0.01 0.25625 0.01 0.25625 0 0.23625 0
5 0.5225 0 0.5225 0.01125 0.5425 0.01125 0.5425 0 0.5225 0
5 0.53 0.00375 0.5125 0.00375 0.5125 0.01625 0.53 0.01625 0.53 0.00375
5 0.35875 0.12 0.34125 0.12 0.34125 0.1325 0.35875 0.1325 0.35875 0.12
5 0.43125 0.10500000000000001 0.40875000000000006 0.10500000000000001 0.40875000000000006 0.12250000000000001 0.43125 0.12250000000000001 0.43125 0.10500000000000001
5 0.43875000000000003 0.12 0.41624999999999995 0.12 0.41624999999999995 0.135 0.43875000000000003 0.135 0.43875000000000003 0.12
5 0.42125 0.18625 0.40875000000000006 0.18625 0.40875000000000006 0.20125 0.42125 0.20125 0.42125 0.18625
5 0.41125 0.19624999999999998 0.39375 0.19624999999999998 0.39375 0.21625 0.41125 0.21625 0.41125 0.19624999999999998
5 0.58875 0.13625 0.57125 0.13625 0.57125 0.14875 0.58875 0.14875 0.58875 0.13625
5 0.47375 0.2575 0.45875000000000005 0.2575 0.45875000000000005 0.27999999999999997 0.47375 0.27999999999999997 0.47375 0.2575
5 0.4925 0.27375 0.48 0.27375 0.48 0.28875 0.4925 0.28875 0.4925 0.27375
5 0.49874999999999997 0.28125 0.46624999999999994 0.28125 0.46624999999999994 0.32125 0.49874999999999997 0.32125 0.49874999999999997 0.28125
5 0.44000000000000006 0.26375000000000004 0.40750000000000003 0.26375000000000004 0.40750000000000003 0.29874999999999996 0.44000000000000006 0.29874999999999996 0.44000000000000006 0.26375000000000004
5 0.46875 0.30375 0.45875000000000005 0.30375 0.45875000000000005 0.31625000000000003 0.46875 0.31625000000000003 0.46875 0.30375
5 0.5025000000000001 0.32999999999999996 0.49000000000000005 0.32999999999999996 0.49000000000000005 0.34750000000000003 0.5025000000000001 0.34750000000000003 0.5025000000000001 0.32999999999999996
5 0.50625 0.355 0.48875 0.355 0.48875 0.3675 0.50625 0.3675 0.50625 0.355
5 0.54125 0.36625 0.52625 0.36625 0.52625 0.38125 0.54125 0.38125 0.54125 0.36625
5 0.5337500000000001 0.375 0.51875 0.375 0.51875 0.39249999999999996 0.5337500000000001 0.39249999999999996 0.5337500000000001 0.375
5 0.595 0.39249999999999996 0.5825 0.39249999999999996 0.5825 0.40499999999999997 0.595 0.40499999999999997 0.595 0.39249999999999996
5 0.5575 0.40750000000000003 0.5425 0.40750000000000003 0.5425 0.42000000000000004 0.5575 0.42000000000000004 0.5575 0.40750000000000003
5 0.6 0.40750000000000003 0.5875 0.40750000000000003 0.5875 0.42000000000000004 0.6 0.42000000000000004 0.6 0.40750000000000003
5 0.57375 0.425 0.55625 0.425 0.55625 0.4425 0.57375 0.4425 0.57375 0.425
5 0.58375 0.4625 0.56875 0.4625 0.56875 0.47750000000000004 0.58375 0.47750000000000004 0.58375 0.4625
5 0.64375 0.48624999999999996 0.6287499999999999 0.48624999999999996 0.6287499999999999 0.5037499999999999 0.64375 0.5037499999999999 0.64375 0.48624999999999996
5 0.69375 0.5662499999999999 0.68125 0.5662499999999999 0.68125 0.58125 0.69375 0.58125 0.69375 0.5662499999999999
5 0.69625 0.59375 0.68125 0.59375 0.68125 0.61125 0.69625 0.61125 0.69625 0.59375
5 0.7725 0.6575 0.7575000000000001 0.6575 0.7575000000000001 0.6725 0.7725 0.6725 0.7725 0.6575
5 0.7275 0.6575 0.7125 0.6575 0.7125 0.6675 0.7275 0.6675 0.7275 0.6575
5 0.6775 0.575 0.6625 0.575 0.6625 0.5900000000000001 0.6775 0.5900000000000001 0.6775 0.575
5 0.60375 0.46375 0.5912499999999999 0.46375 0.5912499999999999 0.47874999999999995 0.60375 0.47874999999999995 0.60375 0.46375
5 0.605 0.48375 0.5875 0.48375 0.5875 0.49375 0.605 0.49375 0.605 0.48375
5 0.6075 0.495 0.5900000000000001 0.495 0.5900000000000001 0.505 0.6075 0.505 0.6075 0.495
5 0.61 0.505 0.595 0.505 0.595 0.5125 0.61 0.5125 0.61 0.505
5 0.7787499999999999 0.385 0.76125 0.385 0.76125 0.395 0.7787499999999999 0.395 0.7787499999999999 0.385
5 0.8425 0.39249999999999996 0.8225 0.39249999999999996 0.8225 0.40750000000000003 0.8425 0.40750000000000003 0.8425 0.39249999999999996
5 0.9112500000000001 0.44749999999999995 0.89375 0.44749999999999995 0.89375 0.45999999999999996 0.9112500000000001 0.45999999999999996 0.9112500000000001 0.44749999999999995
5 0.9574999999999999 0.475 0.9400000000000001 0.475 0.9400000000000001 0.4875 0.9574999999999999 0.4875 0.9574999999999999 0.475
5 0.03625 0.5549999999999999 0.01625 0.5549999999999999 0.01625 0.5725 0.03625 0.5725 0.03625 0.5549999999999999
5 0.125 0.7424999999999999 0.11499999999999999 0.7424999999999999 0.11499999999999999 0.76 0.125 0.76 0.125 0.7424999999999999
5 0.14625 0.68125 0.13625 0.68125 0.13625 0.69625 0.14625 0.69625 0.14625 0.68125
5 0.11000000000000001 0.4 0.0925 0.4 0.0925 0.42000000000000004 0.11000000000000001 0.42000000000000004 0.11000000000000001 0.4
5 0.041249999999999995 0.89 0.028749999999999998 0.89 0.028749999999999998 0.905 0.041249999999999995 0.905 0.041249999999999995 0.89
5 0.30125 0.07375000000000001 0.28625 0.07375000000000001 0.28625 0.08375 0.30125 0.08375 0.30125 0.07375000000000001
5 0.3175 0.061250000000000006 0.3025 0.061250000000000006 0.3025 0.07125000000000001 0.3175 0.07125000000000001 0.3175 0.061250000000000006
5 0.3125 0.09125 0.3 0.09125 0.3 0.10375000000000001 0.3125 0.10375000000000001 0.3125 0.09125
5 0.5662499999999999 0.46125 0.55375 0.46125 0.55375 0.47125000000000006 0.5662499999999999 0.47125000000000006 0.5662499999999999 0.46125
5 0.5675 0.44749999999999995 0.5549999999999999 0.44749999999999995 0.5549999999999999 0.4575 0.5675 0.4575 0.5675 0.44749999999999995
5 0.74125 0.61875 0.71875 0.61875 0.71875 0.63875 0.74125 0.63875 0.74125 0.61875
5 0.71875 0.6224999999999999 0.70625 0.6224999999999999 0.70625 0.635 0.71875 0.635 0.71875 0.6224999999999999
5 0.8487500000000001 0.7625 0.83125 0.7625 0.83125 0.7775000000000001 0.8487500000000001 0.7775000000000001 0.8487500000000001 0.7625
5 0.84375 0.73 0.82125 0.73 0.82125 0.7474999999999999 0.84375 0.7474999999999999 0.84375 0.73
5 0.89625 0.8525 0.87625 0.8525 0.87625 0.865 0.89625 0.865 0.89625 0.8525
5 0.9425000000000001 0.89 0.925 0.89 0.925 0.9075 0.9425000000000001 0.9075 0.9425000000000001 0.89
5 0.85625 0.805 0.84375 0.805 0.84375 0.8125 0.85625 0.8125 0.85625 0.805
5 0.82125 0.76875 0.8012499999999999 0.76875 0.8012499999999999 0.78125 0.82125 0.78125 0.82125 0.76875
5 0.8300000000000001 0.77625 0.8125 0.77625 0.8125 0.7887500000000001 0.8300000000000001 0.7887500000000001 0.8300000000000001 0.77625
5 0.8462500000000001 0.79125 0.82875 0.79125 0.82875 0.80375 0.8462500000000001 0.80375 0.8462500000000001 0.79125
5 0.8375 0.7837500000000001 0.82 0.7837500000000001 0.82 0.79375 0.8375 0.79375 0.8375 0.7837500000000001
5 0.885 0.9037499999999999 0.875 0.9037499999999999 0.875 0.91375 0.885 0.91375 0.885 0.9037499999999999
5 0.87625 0.8862500000000001 0.85875 0.8862500000000001 0.85875 0.9037499999999999 0.87625 0.9037499999999999 0.87625 0.8862500000000001
5 0.8525 0.155 0.8375 0.155 0.8375 0.16999999999999998 0.8525 0.16999999999999998 0.8525 0.155
5 0.1675 0.15 0.1575 0.15 0.1575 0.16 0.1675 0.16 0.1675 0.15
5 0.205 0.19 0.19 0.19 0.19 0.205 0.205 0.205 0.205 0.19