5 0.34875 0.008749999999999999 0.33625 0.008749999999999999 0.33625 0.021249999999999998 0.34875 0.021249999999999998 0.34875 0.008749999999999999
5 0.32 0.07375000000000001 0.3075 0.07375000000000001 0.3075 0.08875 0.32 0.08875 0.32 0.07375000000000001
5 0.3075 0.02375 0.29500000000000004 0.02375 0.29500000000000004 0.041249999999999995 0.3075 0.041249999999999995 0.3075 0.02375
5 0.28125 0.05 0.26875 0.05 0.26875 0.0675 0.28125 0.0675 0.28125 0.05
5 0.21625 0.19 0.20125 0.19 0.20125 0.20750000000000002 0.21625 0.20750000000000002 0.21625 0.19
5 0.29 0.16625 0.275 0.16625 0.275 0.18875 0.29 0.18875 0.29 0.16625
5 0.26 0.20249999999999999 0.2475 0.20249999999999999 0.2475 0.22000000000000003 0.26 0.22000000000000003 0.26 0.20249999999999999
5 0.22875 0.265 0.21375000000000002 0.265 0.21375000000000002 0.28250000000000003 0.22875 0.28250000000000003 0.22875 0.265
5 0.18875 0.35625 0.17375000000000002 0.35625 0.17375000000000002 0.37625000000000003 0.18875 0.37625000000000003 0.18875 0.35625
5 0.18875 0.3975 0.16125 0.3975 0.16125 0.43499999999999994 0.18875 0.43499999999999994 0.18875 0.3975
5 0.1325 0.395 0.11499999999999999 0.395 0.11499999999999999 0.41500000000000004 0.1325 0.41500000000000004 0.1325 0.395
5 0.15 0.43624999999999997 0.1375 0.43624999999999997 0.1375 0.45375 0.15 0.45375 0.15 0.43624999999999997
5 0.13374999999999998 0.48624999999999996 0.11625 0.48624999999999996 0.11625 0.50625 0.13374999999999998 0.50625 0.13374999999999998 0.48624999999999996
5 0.11125 0.55125 0.10124999999999999 0.55125 0.10124999999999999 0.5662499999999999 0.11125 0.5662499999999999 0.11125 0.55125
5 0.10375000000000001 0.54125 0.09125 0.54125 0.09125 0.55625 0.10375000000000001 0.55625 0.10375000000000001 0.54125
5 0.0475 0.5700000000000001 0.034999999999999996 0.5700000000000001 0.034999999999999996 0.585 0.0475 0.585 0.0475 0.5700000000000001
5 0.02 0.64 0.005 0.64 0.005 0.655 0.02 0.655 0.02 0.64
5 0.06 0.66875 0.045 0.66875 0.045 0.68875 0.06 0.68875 0.06 0.66875
5 0.01125 0.7462500000000001 0.00125 0.7462500000000001 0.00125 0.76125 0.01125 0.76125 0.01125 0.7462500000000001
5 0.5875 0.26875 0.5675 0.26875 0.5675 0.28125 0.5875 0.28125 0.5875 0.26875
5 0.6487499999999999 0.22374999999999998 0.63375 0.22374999999999998 0.63375 0.24125000000000002 0.6487499999999999 0.24125000000000002 0.6487499999999999 0.22374999999999998
5 0.7525000000000001 0.35750000000000004 0.745 0.35750000000000004 0.745 0.3725 0.7525000000000001 0.3725 0.7525000000000001 0.35750000000000004
5 0.34625 0.8699999999999999 0.33875 0.8699999999999999 0.33875 0.885 0.34625 0.885 0.34625 0.8699999999999999
5 0.3525 0.80375 0.34249999999999997 0.80375 0.34249999999999997 0.82125 0.3525 0.82125 0.3525 0.80375
5 0.34875 0.66875 0.33875 0.66875 0.33875 0.6837500000000001 0.34875 0.6837500000000001 0.34875 0.66875
5 0.44000000000000006 0.5962500000000001 0.4025 0.5962500000000001 0.4025 0.6212500000000001 0.44000000000000006 0.6212500000000001 0.44000000000000006 0.5962500000000001
5 0.34875 0.47375 0.33875 0.47375 0.33875 0.49625 0.34875 0.49625 0.34875 0.47375
5 0.35 0.49625 0.3375 0.49625 0.3375 0.51375 0.35 0.51375 0.35 0.49625
5 0.35875 0.51625 0.35125 0.51625 0.35125 0.52625 0.35875 0.52625 0.35875 0.51625
5 0.7150000000000001 0.028749999999999998 0.6975 0.028749999999999998 0.6975 0.03875 0.7150000000000001 0.03875 0.7150000000000001 0.028749999999999998