5 0.51375 0.34625 0.49874999999999997 0.34625 0.49874999999999997 0.36875 0.51375 0.36875 0.51375 0.34625
5 0.50875 0.5075000000000001 0.49874999999999997 0.5075000000000001 0.49874999999999997 0.5275000000000001 0.50875 0.5275000000000001 0.50875 0.5075000000000001
5 0.505 0.3375 0.46749999999999997 0.3375 0.46749999999999997 0.3525 0.505 0.3525 0.505 0.3375
5 0.4925 0.35 0.45499999999999996 0.35 0.45499999999999996 0.365 0.4925 0.365 0.4925 0.35
5 0.485 0.36625 0.4525 0.36625 0.4525 0.38375 0.485 0.38375 0.485 0.36625
5 0.9275 0.885 0.905 0.885 0.905 0.8975 0.9275 0.8975 0.9275 0.885
5 0.9225 0.92125 0.8949999999999999 0.92125 0.8949999999999999 0.93625 0.9225 0.93625 0.9225 0.92125
5 0.81875 0.94375 0.7887500000000001 0.94375 0.7887500000000001 0.9737500000000001 0.81875 0.9737500000000001 0.81875 0.94375
5 0.8462500000000001 0.9637499999999999 0.82125 0.9637499999999999 0.82125 0.99125 0.8462500000000001 0.99125 0.8462500000000001 0.9637499999999999
5 0.8724999999999999 1 0.8724999999999999 0.97875 0.8425 0.97875 0.8425 1 0.8724999999999999 1
5 0.475 0.4425 0.4575 0.4425 0.4575 0.45 0.475 0.45 0.475 0.4425
5 0.475 0.515 0.45 0.515 0.45 0.53 0.475 0.53 0.475 0.515
5 0.47750000000000004 0.46375 0.4525 0.46375 0.4525 0.47625 0.47750000000000004 0.47625 0.47750000000000004 0.46375
5 0.7537499999999999 0.31 0.73875 0.31 0.73875 0.3275 0.7537499999999999 0.3275 0.7537499999999999 0.31
5 0.775 0.3175 0.755 0.3175 0.755 0.34500000000000003 0.775 0.34500000000000003 0.775 0.3175
5 0.75875 0.3125 0.74375 0.3125 0.74375 0.3375 0.75875 0.3375 0.75875 0.3125
5 0.74125 0.38625 0.70625 0.38625 0.70625 0.40374999999999994 0.74125 0.40374999999999994 0.74125 0.38625
5 0.73875 0.30125 0.7212500000000001 0.30125 0.7212500000000001 0.32625000000000004 0.73875 0.32625000000000004 0.73875 0.30125
5 0.91625 0.93125 0.89375 0.93125 0.89375 0.94625 0.91625 0.94625 0.91625 0.93125
5 0.47750000000000004 0.4525 0.44749999999999995 0.4525 0.44749999999999995 0.465 0.47750000000000004 0.465 0.47750000000000004 0.4525