5 0.13625 0.9525 0.10375000000000001 0.9525 0.10375000000000001 0.9775 0.13625 0.9775 0.13625 0.9525
5 0.5662499999999999 0.9662499999999999 0.55125 0.9662499999999999 0.55125 0.9862500000000001 0.5662499999999999 0.9862500000000001 0.5662499999999999 0.9662499999999999
5 0.4575 0.52625 0.43499999999999994 0.52625 0.43499999999999994 0.54875 0.4575 0.54875 0.4575 0.52625
5 0.20875 0.43499999999999994 0.19624999999999998 0.43499999999999994 0.19624999999999998 0.45499999999999996 0.20875 0.45499999999999996 0.20875 0.43499999999999994
5 0.34249999999999997 0.5175 0.325 0.5175 0.325 0.5325 0.34249999999999997 0.5325 0.34249999999999997 0.5175
5 0.68125 0.16499999999999998 0.66625 0.16499999999999998 0.66625 0.185 0.68125 0.185 0.68125 0.16499999999999998
5 0.70375 0.44125 0.69375 0.44125 0.69375 0.46375 0.70375 0.46375 0.70375 0.44125
5 0.6837500000000001 0.71375 0.67125 0.71375 0.67125 0.74375 0.6837500000000001 0.74375 0.6837500000000001 0.71375
5 0.93625 0.76625 0.92125 0.76625 0.92125 0.7837500000000001 0.93625 0.7837500000000001 0.93625 0.76625
5 0.9237500000000001 0.36124999999999996 0.9112500000000001 0.36124999999999996 0.9112500000000001 0.37875000000000003 0.9237500000000001 0.37875000000000003 0.9237500000000001 0.36124999999999996
5 0.73375 0.42374999999999996 0.7212500000000001 0.42374999999999996 0.7212500000000001 0.44875 0.73375 0.44875 0.73375 0.42374999999999996
5 0.9112500000000001 0.021249999999999998 0.9012499999999999 0.021249999999999998 0.9012499999999999 0.04375 0.9112500000000001 0.04375 0.9112500000000001 0.021249999999999998
5 0.05 0.1825 0.034999999999999996 0.1825 0.034999999999999996 0.20249999999999999 0.05 0.20249999999999999 0.05 0.1825
5 0.3675 0.5175 0.33999999999999997 0.5175 0.33999999999999997 0.5375 0.3675 0.5375 0.3675 0.5175
5 0.74875 0.3625 0.74125 0.3625 0.74125 0.3875 0.74875 0.3875 0.74875 0.3625
5 0.83125 0.46125 0.81125 0.46125 0.81125 0.48875 0.83125 0.48875 0.83125 0.46125
5 0.34125 0.2325 0.32125 0.2325 0.32125 0.26 0.34125 0.26 0.34125 0.2325
5 0.4 0.61125 0.3725 0.61125 0.3725 0.63875 0.4 0.63875 0.4 0.61125
5 0.545 0.8474999999999999 0.52 0.8474999999999999 0.52 0.8800000000000001 0.545 0.8800000000000001 0.545 0.8474999999999999
5 0.8099999999999999 0.73875 0.7975 0.73875 0.7975 0.76125 0.8099999999999999 0.76125 0.8099999999999999 0.73875
5 0.83375 0.71375 0.81875 0.71375 0.81875 0.7462500000000001 0.83375 0.7462500000000001 0.83375 0.71375
5 0.7212500000000001 0.385 0.71375 0.385 0.71375 0.4 0.7212500000000001 0.4 0.7212500000000001 0.385
5 0.9775 0.47375 0.9625 0.47375 0.9625 0.49375 0.9775 0.49375 0.9775 0.47375
5 0.96875 0.43 0.9512499999999999 0.43 0.9512499999999999 0.45 0.96875 0.45 0.96875 0.43
5 0.7825 0.7150000000000001 0.77 0.7150000000000001 0.77 0.7325 0.7825 0.7325 0.7825 0.7150000000000001
5 0.86875 0.73 0.85125 0.73 0.85125 0.75 0.86875 0.75 0.86875 0.73
5 0.98375 0.775 0.9662499999999999 0.775 0.9662499999999999 0.795 0.98375 0.795 0.98375 0.775
5 0.885 0.6875 0.875 0.6875 0.875 0.7125 0.885 0.7125 0.885 0.6875
5 0.041249999999999995 0.2575 0.02375 0.2575 0.02375 0.2875 0.041249999999999995 0.2875 0.041249999999999995 0.2575
5 0.03625 0.2325 0.01625 0.2325 0.01625 0.26 0.03625 0.26 0.03625 0.2325
5 0.8637499999999999 0.34375 0.85125 0.34375 0.85125 0.37124999999999997 0.8637499999999999 0.37124999999999997 0.8637499999999999 0.34375
5 0.5675 0.9475 0.545 0.9475 0.545 0.97 0.5675 0.97 0.5675 0.9475
5 0.7925 0.735 0.78 0.735 0.78 0.7575000000000001 0.7925 0.7575000000000001 0.7925 0.735
5 0.93 0.4625 0.9175000000000001 0.4625 0.9175000000000001 0.485 0.93 0.485 0.93 0.4625
5 0.83125 0.445 0.81875 0.445 0.81875 0.465 0.83125 0.465 0.83125 0.445
5 0.46624999999999994 0.49749999999999994 0.44375 0.49749999999999994 0.44375 0.5225 0.46624999999999994 0.5225 0.46624999999999994 0.49749999999999994
5 0.62 0.705 0.6 0.705 0.6 0.725 0.62 0.725 0.62 0.705
5 0.73875 0.7262500000000001 0.7262500000000001 0.7262500000000001 0.7262500000000001 0.75125 0.73875 0.75125 0.73875 0.7262500000000001
5 0.9175000000000001 0.73625 0.905 0.73625 0.905 0.75875 0.9175000000000001 0.75875 0.9175000000000001 0.73625
5 0.1 0.9487500000000001 0.08 0.9487500000000001 0.08 0.9662499999999999 0.1 0.9662499999999999 0.1 0.9487500000000001
5 0.80625 0.43624999999999997 0.79125 0.43624999999999997 0.79125 0.46375 0.80625 0.46375 0.80625 0.43624999999999997
5 0.255 0.83625 0.23500000000000001 0.83625 0.23500000000000001 0.85375 0.255 0.85375 0.255 0.83625
5 0.72 0.70125 0.7075 0.70125 0.7075 0.7212500000000001 0.72 0.7212500000000001 0.72 0.70125
5 0.78 0.73375 0.7675 0.73375 0.7675 0.75875 0.78 0.75875 0.78 0.73375
5 0.755 0.67 0.74 0.67 0.74 0.6900000000000001 0.755 0.6900000000000001 0.755 0.67
5 0.6125 0.73 0.5925 0.73 0.5925 0.75 0.6125 0.75 0.6125 0.73
5 0.77625 0.67375 0.76125 0.67375 0.76125 0.6912499999999999 0.77625 0.6912499999999999 0.77625 0.67375
5 0.79375 0.43375 0.78125 0.43375 0.78125 0.45625 0.79375 0.45625 0.79375 0.43375
5 0.985 0.4025 0.9724999999999999 0.4025 0.9724999999999999 0.43 0.985 0.43 0.985 0.4025
5 0.9862500000000001 0.745 0.9737500000000001 0.745 0.9737500000000001 0.7725 0.9862500000000001 0.7725 0.9862500000000001 0.745
5 0.875 0.6875 0.8574999999999999 0.6875 0.8574999999999999 0.7075 0.875 0.7075 0.875 0.6875
5 0.23875000000000002 0.8637499999999999 0.22125 0.8637499999999999 0.22125 0.88125 0.23875000000000002 0.88125 0.23875000000000002 0.8637499999999999
5 0.5549999999999999 0.83375 0.5325 0.83375 0.5325 0.85375 0.5549999999999999 0.85375 0.5549999999999999 0.83375
5 0.71 0.72 0.6975 0.72 0.6975 0.74 0.71 0.74 0.71 0.72
5 0.76 0.73125 0.7424999999999999 0.73125 0.7424999999999999 0.7537499999999999 0.76 0.7537499999999999 0.76 0.73125
5 0.67 0.71375 0.6599999999999999 0.71375 0.6599999999999999 0.73625 0.67 0.73625 0.67 0.71375
5 0.8574999999999999 0.6825 0.845 0.6825 0.845 0.7075 0.8574999999999999 0.7075 0.8574999999999999 0.6825
5 0.99 0.4325 0.975 0.4325 0.975 0.45499999999999996 0.99 0.45499999999999996 0.99 0.4325
5 0.9087500000000001 0.7 0.89375 0.7 0.89375 0.7175 0.9087500000000001 0.7175 0.9087500000000001 0.7
5 0.7275 0.365 0.7175 0.365 0.7175 0.3875 0.7275 0.3875 0.7275 0.365
5 0.8400000000000001 0.3775 0.8275 0.3775 0.8275 0.4 0.8400000000000001 0.4 0.8400000000000001 0.3775
5 0.73125 0.3875 0.71875 0.3875 0.71875 0.4025 0.73125 0.4025 0.73125 0.3875
5 0.9199999999999999 0.42000000000000004 0.9075 0.42000000000000004 0.9075 0.4375 0.9199999999999999 0.4375 0.9199999999999999 0.42000000000000004
5 0.72 0.265 0.705 0.265 0.705 0.2875 0.72 0.2875 0.72 0.265
5 0.88125 0.017499999999999998 0.8712500000000001 0.017499999999999998 0.8712500000000001 0.0375 0.88125 0.0375 0.88125 0.017499999999999998
5 0.75125 0.7025 0.73125 0.7025 0.73125 0.7325 0.75125 0.7325 0.75125 0.7025
5 0.97 0.76875 0.9550000000000001 0.76875 0.9550000000000001 0.79375 0.97 0.79375 0.97 0.76875
5 0.7775000000000001 0.37 0.7625 0.37 0.7625 0.39 0.7775000000000001 0.39 0.7775000000000001 0.37
5 0.12375 0.9337500000000001 0.09375 0.9337500000000001 0.09375 0.9487500000000001 0.12375 0.9487500000000001 0.12375 0.9337500000000001
5 0.9475 0.4 0.93 0.4 0.93 0.425 0.9475 0.425 0.9475 0.4
5 0.8225 0.39625 0.8074999999999999 0.39625 0.8074999999999999 0.42125 0.8225 0.42125 0.8225 0.39625
5 0.9375 0.48375 0.9275 0.48375 0.9275 0.50625 0.9375 0.50625 0.9375 0.48375
5 0.725 0.2475 0.7125 0.2475 0.7125 0.265 0.725 0.265 0.725 0.2475
5 0.9375 0.028749999999999998 0.925 0.028749999999999998 0.925 0.04875 0.9375 0.04875 0.9375 0.028749999999999998
5 0.54 0.61125 0.52 0.61125 0.52 0.63875 0.54 0.63875 0.54 0.61125
5 0.9012499999999999 0.7575000000000001 0.8887499999999999 0.7575000000000001 0.8887499999999999 0.7775000000000001 0.9012499999999999 0.7775000000000001 0.9012499999999999 0.7575000000000001
5 1 0.41500000000000004 0.9887499999999999 0.41500000000000004 0.9887499999999999 0.43499999999999994 1 0.43499999999999994 1 0.41500000000000004
5 0.9887499999999999 0.49375 0.97625 0.49375 0.97625 0.51875 0.9887499999999999 0.51875 0.9887499999999999 0.49375
5 0.7150000000000001 0.30874999999999997 0.7 0.30874999999999997 0.7 0.33125 0.7150000000000001 0.33125 0.7150000000000001 0.30874999999999997
5 0.8474999999999999 0.7275 0.835 0.7275 0.835 0.7474999999999999 0.8474999999999999 0.7474999999999999 0.8474999999999999 0.7275
5 0.9724999999999999 0.7462500000000001 0.96 0.7462500000000001 0.96 0.76875 0.9724999999999999 0.76875 0.9724999999999999 0.7462500000000001
5 0.915 0.39249999999999996 0.9 0.39249999999999996 0.9 0.4175 0.915 0.4175 0.915 0.39249999999999996
5 0.7737499999999999 0.43 0.7537499999999999 0.43 0.7537499999999999 0.45499999999999996 0.7737499999999999 0.45499999999999996 0.7737499999999999 0.43
5 0.44625000000000004 0.06375 0.42125 0.06375 0.42125 0.08875 0.44625000000000004 0.08875 0.44625000000000004 0.06375
5 0.8087500000000001 0.67375 0.79625 0.67375 0.79625 0.69625 0.8087500000000001 0.69625 0.8087500000000001 0.67375
5 0.73875 0.3675 0.72375 0.3675 0.72375 0.385 0.73875 0.385 0.73875 0.3675
5 0.7575000000000001 0 0.7575000000000001 0.02375 0.7725 0.02375 0.7725 0 0.7575000000000001 0
5 0.23374999999999999 0.8724999999999999 0.20875 0.8724999999999999 0.20875 0.8925000000000001 0.23374999999999999 0.8925000000000001 0.23374999999999999 0.8724999999999999
5 0.9625 0.36124999999999996 0.9475 0.36124999999999996 0.9475 0.38625 0.9625 0.38625 0.9625 0.36124999999999996
5 0.9400000000000001 0.42374999999999996 0.9275 0.42374999999999996 0.9275 0.44125 0.9400000000000001 0.44125 0.9400000000000001 0.42374999999999996
5 0.85375 0.445 0.83625 0.445 0.83625 0.47000000000000003 0.85375 0.47000000000000003 0.85375 0.445
5 0.7125 0.17625 0.6900000000000001 0.17625 0.6900000000000001 0.20625 0.7125 0.20625 0.7125 0.17625
5 0.89125 0.013750000000000002 0.8787499999999999 0.013750000000000002 0.8787499999999999 0.03875 0.89125 0.03875 0.89125 0.013750000000000002
5 0.5525 0.885 0.5375 0.885 0.5375 0.9025000000000001 0.5525 0.9025000000000001 0.5525 0.885
5 0.7575000000000001 0.3275 0.7424999999999999 0.3275 0.7424999999999999 0.3525 0.7575000000000001 0.3525 0.7575000000000001 0.3275
5 0.9475 0.70875 0.9349999999999999 0.70875 0.9349999999999999 0.72875 0.9475 0.72875 0.9475 0.70875
5 0.9112500000000001 0.45999999999999996 0.89875 0.45999999999999996 0.89875 0.48 0.9112500000000001 0.48 0.9112500000000001 0.45999999999999996
5 0.89 0.755 0.8800000000000001 0.755 0.8800000000000001 0.775 0.89 0.775 0.89 0.755
5 0.9637499999999999 0.7462500000000001 0.9487500000000001 0.7462500000000001 0.9487500000000001 0.76625 0.9637499999999999 0.76625 0.9637499999999999 0.7462500000000001
5 0.75 0.3825 0.7375 0.3825 0.7375 0.41 0.75 0.41 0.75 0.3825
5 0.86875 0.44625000000000004 0.85625 0.44625000000000004 0.85625 0.47125000000000006 0.86875 0.47125000000000006 0.86875 0.44625000000000004
5 0.97625 0.495 0.96125 0.495 0.96125 0.515 0.97625 0.515 0.97625 0.495
5 0.76 0.45499999999999996 0.7424999999999999 0.45499999999999996 0.7424999999999999 0.475 0.76 0.475 0.76 0.45499999999999996
5 0.7212500000000001 0.66125 0.70625 0.66125 0.70625 0.68125 0.7212500000000001 0.68125 0.7212500000000001 0.66125
5 0.89875 0.7325 0.88375 0.7325 0.88375 0.7575000000000001 0.89875 0.7575000000000001 0.89875 0.7325
5 0.7462500000000001 0.32375 0.73375 0.32375 0.73375 0.34875 0.7462500000000001 0.34875 0.7462500000000001 0.32375
5 0.8699999999999999 0.4725 0.8550000000000001 0.4725 0.8550000000000001 0.49000000000000005 0.8699999999999999 0.49000000000000005 0.8699999999999999 0.4725
5 0.905 0.017499999999999998 0.8925000000000001 0.017499999999999998 0.8925000000000001 0.0375 0.905 0.0375 0.905 0.017499999999999998
5 0.41500000000000004 0.16 0.4025 0.16 0.4025 0.1875 0.41500000000000004 0.1875 0.41500000000000004 0.16
5 0.865 0.3875 0.8474999999999999 0.3875 0.8474999999999999 0.4125 0.865 0.4125 0.865 0.3875
5 0.7675 0.39375 0.7575000000000001 0.39375 0.7575000000000001 0.41125 0.7675 0.41125 0.7675 0.39375
5 0.75625 0.39125 0.74875 0.39125 0.74875 0.40875000000000006 0.75625 0.40875000000000006 0.75625 0.39125
5 0.9550000000000001 0.465 0.9400000000000001 0.465 0.9400000000000001 0.4875 0.9550000000000001 0.4875 0.9550000000000001 0.465
5 0.85125 0.40625 0.8387499999999999 0.40625 0.8387499999999999 0.42374999999999996 0.85125 0.42374999999999996 0.85125 0.40625
5 0.7474999999999999 0.13125 0.735 0.13125 0.735 0.15625 0.7474999999999999 0.15625 0.7474999999999999 0.13125
5 0.515 0.5862499999999999 0.495 0.5862499999999999 0.495 0.60375 0.515 0.60375 0.515 0.5862499999999999
5 0.8862500000000001 0.34875 0.86875 0.34875 0.86875 0.37625000000000003 0.8862500000000001 0.37625000000000003 0.8862500000000001 0.34875
5 0.8775000000000001 0.39 0.865 0.39 0.865 0.41 0.8775000000000001 0.41 0.8775000000000001 0.39
5 0.8825 0.45499999999999996 0.8724999999999999 0.45499999999999996 0.8724999999999999 0.4725 0.8825 0.4725 0.8825 0.45499999999999996
5 0.8400000000000001 0.40125 0.8225 0.40125 0.8225 0.42374999999999996 0.8400000000000001 0.42374999999999996 0.8400000000000001 0.40125
5 0.49000000000000005 0.5725 0.465 0.5725 0.465 0.5925 0.49000000000000005 0.5925 0.49000000000000005 0.5725
5 0.8225 0.7212500000000001 0.8074999999999999 0.7212500000000001 0.8074999999999999 0.74375 0.8225 0.74375 0.8225 0.7212500000000001
5 0.7975 0.73625 0.7875 0.73625 0.7875 0.75875 0.7975 0.75875 0.7975 0.73625
5 0.905 0.34750000000000003 0.8925000000000001 0.34750000000000003 0.8925000000000001 0.375 0.905 0.375 0.905 0.34750000000000003