5 0.17375000000000002 0.04 0.15625 0.04 0.15625 0.05500000000000001 0.17375000000000002 0.05500000000000001 0.17375000000000002 0.04
5 0.225 0.08249999999999999 0.205 0.08249999999999999 0.205 0.10500000000000001 0.225 0.10500000000000001 0.225 0.08249999999999999
5 0.195 0.005 0.175 0.005 0.175 0.027500000000000004 0.195 0.027500000000000004 0.195 0.005
5 0.545 0.23875000000000002 0.525 0.23875000000000002 0.525 0.25625 0.545 0.25625 0.545 0.23875000000000002
5 0.54875 0.25625 0.52625 0.25625 0.52625 0.27375 0.54875 0.27375 0.54875 0.25625
5 0.8025 0.35375 0.7849999999999999 0.35375 0.7849999999999999 0.37374999999999997 0.8025 0.37374999999999997 0.8025 0.35375
5 0.8375 0.42000000000000004 0.8175000000000001 0.42000000000000004 0.8175000000000001 0.4425 0.8375 0.4425 0.8375 0.42000000000000004
5 0.8574999999999999 0.4225 0.8425 0.4225 0.8425 0.4375 0.8574999999999999 0.4375 0.8574999999999999 0.4225
5 0.87375 0.45499999999999996 0.85875 0.45499999999999996 0.85875 0.47000000000000003 0.87375 0.47000000000000003 0.87375 0.45499999999999996
5 0.85875 0.48375 0.8462500000000001 0.48375 0.8462500000000001 0.50125 0.85875 0.50125 0.85875 0.48375
5 0.88125 0.47000000000000003 0.86875 0.47000000000000003 0.86875 0.49000000000000005 0.88125 0.49000000000000005 0.88125 0.47000000000000003
5 0.7537499999999999 0.5349999999999999 0.73375 0.5349999999999999 0.73375 0.5475 0.7537499999999999 0.5475 0.7537499999999999 0.5349999999999999
5 0.7525000000000001 0.54875 0.725 0.54875 0.725 0.5662499999999999 0.7525000000000001 0.5662499999999999 0.7525000000000001 0.54875
5 0.73 0.5575 0.7025 0.5575 0.7025 0.5725 0.73 0.5725 0.73 0.5575
5 0.69625 0.5962500000000001 0.67125 0.5962500000000001 0.67125 0.61375 0.69625 0.61375 0.69625 0.5962500000000001
5 0.66875 0.5925 0.6537499999999999 0.5925 0.6537499999999999 0.615 0.66875 0.615 0.66875 0.5925
5 0.9099999999999999 0.58 0.8949999999999999 0.58 0.8949999999999999 0.6 0.9099999999999999 0.6 0.9099999999999999 0.58
5 0.77125 0.9075 0.74875 0.9075 0.74875 0.925 0.77125 0.925 0.77125 0.9075
5 0.80375 0.9650000000000001 0.79125 0.9650000000000001 0.79125 0.9775 0.80375 0.9775 0.80375 0.9650000000000001
5 0.89875 0.22875 0.87625 0.22875 0.87625 0.24125000000000002 0.89875 0.24125000000000002 0.89875 0.22875
5 0.205 0.36 0.185 0.36 0.185 0.37 0.205 0.37 0.205 0.36
5 0.11625 0.4025 0.09875 0.4025 0.09875 0.41 0.11625 0.41 0.11625 0.4025
5 0.11750000000000001 0.615 0.0975 0.615 0.0975 0.625 0.11750000000000001 0.625 0.11750000000000001 0.615
5 0.2725 0.72 0.2525 0.72 0.2525 0.73 0.2725 0.73 0.2725 0.72
5 0.34375 0.67125 0.32625000000000004 0.67125 0.32625000000000004 0.68125 0.34375 0.68125 0.34375 0.67125
5 0.48250000000000004 0.6375 0.4625 0.6375 0.4625 0.6475 0.48250000000000004 0.6475 0.48250000000000004 0.6375
5 0.5549999999999999 0.64 0.5349999999999999 0.64 0.5349999999999999 0.65 0.5549999999999999 0.65 0.5549999999999999 0.64
5 0.42625 0.8087500000000001 0.41624999999999995 0.8087500000000001 0.41624999999999995 0.8237500000000001 0.42625 0.8237500000000001 0.42625 0.8087500000000001
5 0.45625 0.82125 0.44625000000000004 0.82125 0.44625000000000004 0.83375 0.45625 0.83375 0.45625 0.82125
5 0.47874999999999995 0.8712500000000001 0.46624999999999994 0.8712500000000001 0.46624999999999994 0.8887499999999999 0.47874999999999995 0.8887499999999999 0.47874999999999995 0.8712500000000001
5 0.68125 0.8175000000000001 0.6637500000000001 0.8175000000000001 0.6637500000000001 0.8275 0.68125 0.8275 0.68125 0.8175000000000001
5 0.385 0.7525000000000001 0.37 0.7525000000000001 0.37 0.765 0.385 0.765 0.385 0.7525000000000001
5 0.2975 0.825 0.28250000000000003 0.825 0.28250000000000003 0.8324999999999999 0.2975 0.8324999999999999 0.2975 0.825
5 0.32875 0.8925000000000001 0.31124999999999997 0.8925000000000001 0.31124999999999997 0.9025000000000001 0.32875 0.9025000000000001 0.32875 0.8925000000000001
5 0.1025 0.8724999999999999 0.0925 0.8724999999999999 0.0925 0.885 0.1025 0.885 0.1025 0.8724999999999999
5 0.5650000000000001 0.5875 0.54 0.5875 0.54 0.6075 0.5650000000000001 0.6075 0.5650000000000001 0.5875
5 0.99375 0.25375000000000003 0.97875 0.25375000000000003 0.97875 0.27125 0.99375 0.27125 0.99375 0.25375000000000003
5 1 0.275 0.99 0.275 0.99 0.29500000000000004 1 0.29500000000000004 1 0.275
5 0.7162499999999999 0.24375 0.70125 0.24375 0.70125 0.25875 0.7162499999999999 0.25875 0.7162499999999999 0.24375
5 0.44625000000000004 0.08125 0.43375 0.08125 0.43375 0.09875 0.44625000000000004 0.09875 0.44625000000000004 0.08125