5 0 0.2925 0.01 0.2925 0.01 0.275 0 0.275 0 0.2925
5 0 0.27999999999999997 0.01625 0.27999999999999997 0.01625 0.2625 0 0.2625 0 0.27999999999999997
5 0.025 0.2475 0.01 0.2475 0.01 0.2625 0.025 0.2625 0.025 0.2475
5 0.03375 0.23125 0.01875 0.23125 0.01875 0.24625 0.03375 0.24625 0.03375 0.23125
5 0.08 0.22875 0.065 0.22875 0.065 0.24375 0.08 0.24375 0.08 0.22875
5 0.08625000000000001 0.21375000000000002 0.07125000000000001 0.21375000000000002 0.07125000000000001 0.23125 0.08625000000000001 0.23125 0.08625000000000001 0.21375000000000002
5 0.06625 0.14375 0.05375 0.14375 0.05375 0.15625 0.06625 0.15625 0.06625 0.14375
5 0.425 0.017499999999999998 0.41 0.017499999999999998 0.41 0.027500000000000004 0.425 0.027500000000000004 0.425 0.017499999999999998
5 0.44875 0.01 0.42625 0.01 0.42625 0.0225 0.44875 0.0225 0.44875 0.01
5 0.47625 0 0.47625 0.005 0.49124999999999996 0.005 0.49124999999999996 0 0.47625 0
5 0.85875 0.74 0.8412499999999999 0.74 0.8412499999999999 0.75 0.85875 0.75 0.85875 0.74
5 0.5650000000000001 0.8237500000000001 0.5425 0.8237500000000001 0.5425 0.83375 0.5650000000000001 0.83375 0.5650000000000001 0.8237500000000001
5 0.275 0.7262500000000001 0.265 0.7262500000000001 0.265 0.74375 0.275 0.74375 0.275 0.7262500000000001
5 0.24874999999999997 0.7325 0.23374999999999999 0.7325 0.23374999999999999 0.7474999999999999 0.24874999999999997 0.7474999999999999 0.24874999999999997 0.7325
5 0.23625 0.70625 0.22374999999999998 0.70625 0.22374999999999998 0.72375 0.23625 0.72375 0.23625 0.70625
5 0.38625 0.6525000000000001 0.36625 0.6525000000000001 0.36625 0.6599999999999999 0.38625 0.6599999999999999 0.38625 0.6525000000000001
5 0.35625 0.4725 0.33875 0.4725 0.33875 0.48250000000000004 0.35625 0.48250000000000004 0.35625 0.4725