5 0.30125 0.04 0.28375 0.04 0.28375 0.05500000000000001 0.30125 0.05500000000000001 0.30125 0.04
5 0.3525 0.08249999999999999 0.3325 0.08249999999999999 0.3325 0.10500000000000001 0.3525 0.10500000000000001 0.3525 0.08249999999999999
5 0.3225 0.005 0.3025 0.005 0.3025 0.027500000000000004 0.3225 0.027500000000000004 0.3225 0.005
5 0.6725 0.23875000000000002 0.6525000000000001 0.23875000000000002 0.6525000000000001 0.25625 0.6725 0.25625 0.6725 0.23875000000000002
5 0.67625 0.25625 0.6537499999999999 0.25625 0.6537499999999999 0.27375 0.67625 0.27375 0.67625 0.25625
5 0.93 0.35375 0.9125 0.35375 0.9125 0.37374999999999997 0.93 0.37374999999999997 0.93 0.35375
5 0.9650000000000001 0.42000000000000004 0.945 0.42000000000000004 0.945 0.4425 0.9650000000000001 0.4425 0.9650000000000001 0.42000000000000004
5 0.985 0.4225 0.97 0.4225 0.97 0.4375 0.985 0.4375 0.985 0.4225
5 1 0.45499999999999996 0.9862500000000001 0.45499999999999996 0.9862500000000001 0.47000000000000003 1 0.47000000000000003 1 0.45499999999999996
5 0.9862500000000001 0.48375 0.9737500000000001 0.48375 0.9737500000000001 0.50125 0.9862500000000001 0.50125 0.9862500000000001 0.48375
5 0.88125 0.5349999999999999 0.8612500000000001 0.5349999999999999 0.8612500000000001 0.5475 0.88125 0.5475 0.88125 0.5349999999999999
5 0.8800000000000001 0.54875 0.8525 0.54875 0.8525 0.5662499999999999 0.8800000000000001 0.5662499999999999 0.8800000000000001 0.54875
5 0.8574999999999999 0.5575 0.8300000000000001 0.5575 0.8300000000000001 0.5725 0.8574999999999999 0.5725 0.8574999999999999 0.5575
5 0.8237500000000001 0.5962500000000001 0.79875 0.5962500000000001 0.79875 0.61375 0.8237500000000001 0.61375 0.8237500000000001 0.5962500000000001
5 0.79625 0.5925 0.78125 0.5925 0.78125 0.615 0.79625 0.615 0.79625 0.5925
5 0.89875 0.9075 0.87625 0.9075 0.87625 0.925 0.89875 0.925 0.89875 0.9075
5 0.93125 0.9650000000000001 0.91875 0.9650000000000001 0.91875 0.9775 0.93125 0.9775 0.93125 0.9650000000000001
5 0.11750000000000001 0.25125000000000003 0.0975 0.25125000000000003 0.0975 0.26125 0.11750000000000001 0.26125 0.11750000000000001 0.25125000000000003
5 0.3325 0.36 0.3125 0.36 0.3125 0.37 0.3325 0.37 0.3325 0.36
5 0.24375 0.4025 0.22625 0.4025 0.22625 0.41 0.24375 0.41 0.24375 0.4025
5 0.24500000000000002 0.615 0.225 0.615 0.225 0.625 0.24500000000000002 0.625 0.24500000000000002 0.615
5 0.4 0.72 0.38 0.72 0.38 0.73 0.4 0.73 0.4 0.72
5 0.47125000000000006 0.67125 0.45375 0.67125 0.45375 0.68125 0.47125000000000006 0.68125 0.47125000000000006 0.67125
5 0.61 0.6375 0.5900000000000001 0.6375 0.5900000000000001 0.6475 0.61 0.6475 0.61 0.6375
5 0.6825 0.64 0.6625 0.64 0.6625 0.65 0.6825 0.65 0.6825 0.64
5 0.55375 0.8087500000000001 0.54375 0.8087500000000001 0.54375 0.8237500000000001 0.55375 0.8237500000000001 0.55375 0.8087500000000001
5 0.58375 0.82125 0.57375 0.82125 0.57375 0.83375 0.58375 0.83375 0.58375 0.82125
5 0.60625 0.8712500000000001 0.59375 0.8712500000000001 0.59375 0.8887499999999999 0.60625 0.8887499999999999 0.60625 0.8712500000000001
5 0.8087500000000001 0.8175000000000001 0.79125 0.8175000000000001 0.79125 0.8275 0.8087500000000001 0.8275 0.8087500000000001 0.8175000000000001
5 0.5125 0.7525000000000001 0.49749999999999994 0.7525000000000001 0.49749999999999994 0.765 0.5125 0.765 0.5125 0.7525000000000001
5 0.425 0.825 0.41 0.825 0.41 0.8324999999999999 0.425 0.8324999999999999 0.425 0.825
5 0.45625 0.8925000000000001 0.43875000000000003 0.8925000000000001 0.43875000000000003 0.9025000000000001 0.45625 0.9025000000000001 0.45625 0.8925000000000001
5 0.013750000000000002 1 0.013750000000000002 0.9875 0.00375 0.9875 0.00375 1 0.013750000000000002 1
5 0.22999999999999998 0.8724999999999999 0.22000000000000003 0.8724999999999999 0.22000000000000003 0.885 0.22999999999999998 0.885 0.22999999999999998 0.8724999999999999
5 0.6925 0.5875 0.6675 0.5875 0.6675 0.6075 0.6925 0.6075 0.6925 0.5875
5 0.84375 0.24375 0.82875 0.24375 0.82875 0.25875 0.84375 0.25875 0.84375 0.24375
5 0.57375 0.08125 0.56125 0.08125 0.56125 0.09875 0.57375 0.09875 0.57375 0.08125