5 0.5549999999999999 0.88125 0.53 0.88125 0.53 0.89625 0.5549999999999999 0.89625 0.5549999999999999 0.88125
5 0.5275000000000001 0.89375 0.51 0.89375 0.51 0.90625 0.5275000000000001 0.90625 0.5275000000000001 0.89375
5 0.60875 0.88375 0.5912499999999999 0.88375 0.5912499999999999 0.9012499999999999 0.60875 0.9012499999999999 0.60875 0.88375
5 0.7224999999999999 1 0.7224999999999999 0.985 0.705 0.985 0.705 1 0.7224999999999999 1
5 0.40499999999999997 0.89125 0.3875 0.89125 0.3875 0.90625 0.40499999999999997 0.90625 0.40499999999999997 0.89125
5 0.3125 0.8087500000000001 0.2875 0.8087500000000001 0.2875 0.82875 0.3125 0.82875 0.3125 0.8087500000000001
5 0.9112500000000001 0.8800000000000001 0.89375 0.8800000000000001 0.89375 0.8949999999999999 0.9112500000000001 0.8949999999999999 0.9112500000000001 0.8800000000000001
5 0.7075 0.71 0.6950000000000001 0.71 0.6950000000000001 0.7224999999999999 0.7075 0.7224999999999999 0.7075 0.71
5 0.73375 0.73375 0.71875 0.73375 0.71875 0.74875 0.73375 0.74875 0.73375 0.73375
5 0.19624999999999998 0.8474999999999999 0.16875 0.8474999999999999 0.16875 0.8724999999999999 0.19624999999999998 0.8724999999999999 0.19624999999999998 0.8474999999999999
5 0.08499999999999999 0.78 0.065 0.78 0.065 0.7925 0.08499999999999999 0.7925 0.08499999999999999 0.78
5 0.095 0.72 0.0775 0.72 0.0775 0.7325 0.095 0.7325 0.095 0.72
5 0.22625 0.75625 0.21375000000000002 0.75625 0.21375000000000002 0.76875 0.22625 0.76875 0.22625 0.75625
5 0.16125 0.6525000000000001 0.14625 0.6525000000000001 0.14625 0.6725 0.16125 0.6725 0.16125 0.6525000000000001
5 0.1525 0.62 0.14250000000000002 0.62 0.14250000000000002 0.6375 0.1525 0.6375 0.1525 0.62
5 0.135 0.5974999999999999 0.125 0.5974999999999999 0.125 0.6174999999999999 0.135 0.6174999999999999 0.135 0.5974999999999999
5 0.1325 0.57375 0.11499999999999999 0.57375 0.11499999999999999 0.5912499999999999 0.1325 0.5912499999999999 0.1325 0.57375
5 0.135 0.5275000000000001 0.11750000000000001 0.5275000000000001 0.11750000000000001 0.5425 0.135 0.5425 0.135 0.5275000000000001
5 0.11875 0.53125 0.10375000000000001 0.53125 0.10375000000000001 0.54625 0.11875 0.54625 0.11875 0.53125
5 0.10625 0.5325 0.08875 0.5325 0.08875 0.5525 0.10625 0.5525 0.10625 0.5325
5 0.0875 0.5325 0.0725 0.5325 0.0725 0.5475 0.0875 0.5475 0.0875 0.5325
5 0.18125 0.5625 0.16375 0.5625 0.16375 0.5725 0.18125 0.5725 0.18125 0.5625
5 0.06625 0.5325 0.041249999999999995 0.5325 0.041249999999999995 0.5475 0.06625 0.5475 0.06625 0.5325
5 0.045 0.515 0.03 0.515 0.03 0.525 0.045 0.525 0.045 0.515
5 0.03875 0.49749999999999994 0.021249999999999998 0.49749999999999994 0.021249999999999998 0.5075000000000001 0.03875 0.5075000000000001 0.03875 0.49749999999999994
5 0.05 0.74125 0.0325 0.74125 0.0325 0.75125 0.05 0.75125 0.05 0.74125
5 0.06625 0.8637499999999999 0.05375 0.8637499999999999 0.05375 0.87375 0.06625 0.87375 0.06625 0.8637499999999999
5 0.9662499999999999 0.22999999999999998 0.94375 0.22999999999999998 0.94375 0.2425 0.9662499999999999 0.2425 0.9662499999999999 0.22999999999999998
5 0.835 0.26125 0.8175000000000001 0.26125 0.8175000000000001 0.27125 0.835 0.27125 0.835 0.26125
5 0.8012499999999999 0.2725 0.7837500000000001 0.2725 0.7837500000000001 0.28250000000000003 0.8012499999999999 0.28250000000000003 0.8012499999999999 0.2725
5 0.35 0.14750000000000002 0.3325 0.14750000000000002 0.3325 0.1625 0.35 0.1625 0.35 0.14750000000000002
5 0.37 0.16375 0.355 0.16375 0.355 0.17625 0.37 0.17625 0.37 0.16375
5 0.20125 0.005 0.18375 0.005 0.18375 0.017499999999999998 0.20125 0.017499999999999998 0.20125 0.005