5 0.8862500000000001 0.01 0.86625 0.01 0.86625 0.0225 0.8862500000000001 0.0225 0.8862500000000001 0.01
5 0.93875 0.025 0.9262499999999999 0.025 0.9262499999999999 0.034999999999999996 0.93875 0.034999999999999996 0.93875 0.025
5 0.975 0.1025 0.96 0.1025 0.96 0.11000000000000001 0.975 0.11000000000000001 0.975 0.1025
5 0.16125 0.39625 0.14625 0.39625 0.14625 0.40875000000000006 0.16125 0.40875000000000006 0.16125 0.39625
5 0.06999999999999999 0.48875 0.05500000000000001 0.48875 0.05500000000000001 0.49874999999999997 0.06999999999999999 0.49874999999999997 0.06999999999999999 0.48875
5 0.19875 0.25375000000000003 0.17124999999999999 0.25375000000000003 0.17124999999999999 0.26375000000000004 0.19875 0.26375000000000004 0.19875 0.25375000000000003
5 0.1875 0.24125000000000002 0.1675 0.24125000000000002 0.1675 0.24874999999999997 0.1875 0.24874999999999997 0.1875 0.24125000000000002
5 0.13625 0.22374999999999998 0.11875 0.22374999999999998 0.11875 0.23374999999999999 0.13625 0.23374999999999999 0.13625 0.22374999999999998
5 0.065 0.19 0.042499999999999996 0.19 0.042499999999999996 0.2 0.065 0.2 0.065 0.19
5 0 0.18 0.01 0.18 0.01 0.17250000000000001 0 0.17250000000000001 0 0.18
5 0.3175 0.6537499999999999 0.3025 0.6537499999999999 0.3025 0.66875 0.3175 0.66875 0.3175 0.6537499999999999
5 0.175 0.5625 0.16499999999999998 0.5625 0.16499999999999998 0.575 0.175 0.575 0.175 0.5625
5 0.17625 0.54125 0.15625 0.54125 0.15625 0.55125 0.17625 0.55125 0.17625 0.54125
5 0.03625 0.505 0.021249999999999998 0.505 0.021249999999999998 0.52 0.03625 0.52 0.03625 0.505
5 0.14750000000000002 0.5237499999999999 0.1325 0.5237499999999999 0.1325 0.53125 0.14750000000000002 0.53125 0.14750000000000002 0.5237499999999999
5 0.14375 0.5075000000000001 0.13125 0.5075000000000001 0.13125 0.5175 0.14375 0.5175 0.14375 0.5075000000000001
5 0.034999999999999996 0.5225 0.02 0.5225 0.02 0.5325 0.034999999999999996 0.5325 0.034999999999999996 0.5225
5 0.5974999999999999 0.028749999999999998 0.5825 0.028749999999999998 0.5825 0.03875 0.5974999999999999 0.03875 0.5974999999999999 0.028749999999999998
5 0.96 0.0375 0.9425000000000001 0.0375 0.9425000000000001 0.05500000000000001 0.96 0.05500000000000001 0.96 0.0375
5 0.9349999999999999 0.05125 0.915 0.05125 0.915 0.06625 0.9349999999999999 0.06625 0.9349999999999999 0.05125
5 0.73 0.06 0.7125 0.06 0.7125 0.0775 0.73 0.0775 0.73 0.06
5 0.69625 0.02 0.67375 0.02 0.67375 0.04 0.69625 0.04 0.69625 0.02
5 0.43125 0.02 0.41375 0.02 0.41375 0.04 0.43125 0.04 0.43125 0.02
5 0.31375000000000003 0.10124999999999999 0.30125 0.10124999999999999 0.30125 0.11374999999999999 0.31375000000000003 0.11374999999999999 0.31375000000000003 0.10124999999999999
5 0.5662499999999999 0.0875 0.54625 0.0875 0.54625 0.0975 0.5662499999999999 0.0975 0.5662499999999999 0.0875
5 0.22125 0.057499999999999996 0.20875 0.057499999999999996 0.20875 0.0675 0.22125 0.0675 0.22125 0.057499999999999996