5 0 0.65625 0.00625 0.65625 0.00625 0.63625 0 0.63625 0 0.65625
5 0.06999999999999999 0.5862499999999999 0.0475 0.5862499999999999 0.0475 0.59875 0.06999999999999999 0.59875 0.06999999999999999 0.5862499999999999
5 0.8012499999999999 0.04375 0.79125 0.04375 0.79125 0.06375 0.8012499999999999 0.06375 0.8012499999999999 0.04375
5 0.05375 0.61875 0.03125 0.61875 0.03125 0.63125 0.05375 0.63125 0.05375 0.61875
5 0.15375 0.59875 0.12375 0.59875 0.12375 0.61125 0.15375 0.61125 0.15375 0.59875
5 0.22374999999999998 0.6587500000000001 0.20875 0.6587500000000001 0.20875 0.68625 0.22374999999999998 0.68625 0.22374999999999998 0.6587500000000001
5 0.05375 0.445 0.04375 0.445 0.04375 0.4625 0.05375 0.4625 0.05375 0.445
5 0.28625 0.6625 0.26125 0.6625 0.26125 0.675 0.28625 0.675 0.28625 0.6625
5 0.255 0.44000000000000006 0.2425 0.44000000000000006 0.2425 0.465 0.255 0.465 0.255 0.44000000000000006
5 0.07375000000000001 0.3325 0.061250000000000006 0.3325 0.061250000000000006 0.3525 0.07375000000000001 0.3525 0.07375000000000001 0.3325
5 0.27375 0.29625 0.26625 0.29625 0.26625 0.31375000000000003 0.27375 0.31375000000000003 0.27375 0.29625
5 0.30125 0.31375000000000003 0.29125 0.31375000000000003 0.29125 0.33125 0.30125 0.33125 0.30125 0.31375000000000003
5 0.27625 0.40125 0.26125 0.40125 0.26125 0.42125 0.27625 0.42125 0.27625 0.40125
5 0.23875000000000002 0.5549999999999999 0.22875 0.5549999999999999 0.22875 0.575 0.23875000000000002 0.575 0.23875000000000002 0.5549999999999999
5 0.05625 0.12375 0.028749999999999998 0.12375 0.028749999999999998 0.13874999999999998 0.05625 0.13874999999999998 0.05625 0.12375
5 0.15375 0.13874999999999998 0.13374999999999998 0.13874999999999998 0.13374999999999998 0.14875 0.15375 0.14875 0.15375 0.13874999999999998
5 0.21375000000000002 0.14625 0.19875 0.14625 0.19875 0.15625 0.21375000000000002 0.15625 0.21375000000000002 0.14625
5 0.30125 0.10625 0.29125 0.10625 0.29125 0.13125 0.30125 0.13125 0.30125 0.10625
5 0.32 0.21125 0.3075 0.21125 0.3075 0.22875 0.32 0.22875 0.32 0.21125
5 0.31625000000000003 0.22625 0.30375 0.22625 0.30375 0.24625 0.31625000000000003 0.24625 0.31625000000000003 0.22625
5 0.31625000000000003 0.24625 0.29625 0.24625 0.29625 0.27125 0.31625000000000003 0.27125 0.31625000000000003 0.24625
5 0.21125 0.17124999999999999 0.18875 0.17124999999999999 0.18875 0.18625 0.21125 0.18625 0.21125 0.17124999999999999
5 0.11125 0.03125 0.09875 0.03125 0.09875 0.05625 0.11125 0.05625 0.11125 0.03125
5 0.08375 0.11374999999999999 0.07125000000000001 0.11374999999999999 0.07125000000000001 0.14125000000000001 0.08375 0.14125000000000001 0.08375 0.11374999999999999
5 0.052500000000000005 0.24500000000000002 0.042499999999999996 0.24500000000000002 0.042499999999999996 0.2725 0.052500000000000005 0.2725 0.052500000000000005 0.24500000000000002
5 0.33875 0 0.33875 0.01125 0.35125 0.01125 0.35125 0 0.33875 0
5 0.33625 0.061250000000000006 0.32625000000000004 0.061250000000000006 0.32625000000000004 0.08875 0.33625 0.08875 0.33625 0.061250000000000006
5 0.31375000000000003 0.025 0.30125 0.025 0.30125 0.05 0.31375000000000003 0.05 0.31375000000000003 0.025
5 0.24125000000000002 0.17375000000000002 0.21875 0.17375000000000002 0.21875 0.19624999999999998 0.24125000000000002 0.19624999999999998 0.24125000000000002 0.17375000000000002
5 0.91625 0.86875 0.9012499999999999 0.86875 0.9012499999999999 0.8887499999999999 0.91625 0.8887499999999999 0.91625 0.86875
5 0.85 0.72 0.82 0.72 0.82 0.735 0.85 0.735 0.85 0.72
5 0.9875 0.36 0.975 0.36 0.975 0.385 0.9875 0.385 0.9875 0.36
5 0.49749999999999994 0.33999999999999997 0.485 0.33999999999999997 0.485 0.36 0.49749999999999994 0.36 0.49749999999999994 0.33999999999999997
5 0.53125 0.3275 0.52125 0.3275 0.52125 0.3525 0.53125 0.3525 0.53125 0.3275
5 0.52125 0.38125 0.51125 0.38125 0.51125 0.40125 0.52125 0.40125 0.52125 0.38125
5 0.61 0.335 0.5900000000000001 0.335 0.5900000000000001 0.355 0.61 0.355 0.61 0.335
5 0.5912499999999999 0.33375 0.57625 0.33375 0.57625 0.35875 0.5912499999999999 0.35875 0.5912499999999999 0.33375
5 0.615 0.36124999999999996 0.595 0.36124999999999996 0.595 0.37374999999999997 0.615 0.37374999999999997 0.615 0.36124999999999996
5 0.6174999999999999 0.35 0.5974999999999999 0.35 0.5974999999999999 0.3625 0.6174999999999999 0.3625 0.6174999999999999 0.35
5 0.7162499999999999 0.425 0.70125 0.425 0.70125 0.44749999999999995 0.7162499999999999 0.44749999999999995 0.7162499999999999 0.425
5 0.515 0.42625 0.505 0.42625 0.505 0.44875 0.515 0.44875 0.515 0.42625
5 0.6912499999999999 0.5700000000000001 0.68125 0.5700000000000001 0.68125 0.5925 0.6912499999999999 0.5925 0.6912499999999999 0.5700000000000001
5 0.7212500000000001 0.5875 0.70625 0.5875 0.70625 0.6075 0.7212500000000001 0.6075 0.7212500000000001 0.5875
5 0.47874999999999995 0.48125 0.46375 0.48125 0.46375 0.50125 0.47874999999999995 0.50125 0.47874999999999995 0.48125
5 0.465 0.58 0.45 0.58 0.45 0.605 0.465 0.605 0.465 0.58
5 0.16625 0.155 0.14375 0.155 0.14375 0.16499999999999998 0.16625 0.16499999999999998 0.16625 0.155
5 0.9962500000000001 0.79 0.9637499999999999 0.79 0.9637499999999999 0.805 0.9962500000000001 0.805 0.9962500000000001 0.79
5 0.6975 0.7725 0.6825 0.7725 0.6825 0.7925 0.6975 0.7925 0.6975 0.7725
5 0.75 0.7212500000000001 0.7224999999999999 0.7212500000000001 0.7224999999999999 0.73375 0.75 0.73375 0.75 0.7212500000000001
5 0.29 0.62625 0.27 0.62625 0.27 0.63625 0.29 0.63625 0.29 0.62625
5 0.99 0.11125 0.9800000000000001 0.11125 0.9800000000000001 0.12875 0.99 0.12875 0.99 0.11125
5 0.5337500000000001 0.07375000000000001 0.52125 0.07375000000000001 0.52125 0.09625 0.5337500000000001 0.09625 0.5337500000000001 0.07375000000000001
5 0.9175000000000001 0.26625 0.8949999999999999 0.26625 0.8949999999999999 0.27375 0.9175000000000001 0.27375 0.9175000000000001 0.26625
5 0.22625 0.68625 0.20875 0.68625 0.20875 0.70375 0.22625 0.70375 0.22625 0.68625
5 0.4575 0.6212500000000001 0.44749999999999995 0.6212500000000001 0.44749999999999995 0.64375 0.4575 0.64375 0.4575 0.6212500000000001
5 0.10874999999999999 0.61125 0.08625000000000001 0.61125 0.08625000000000001 0.6212500000000001 0.10874999999999999 0.6212500000000001 0.10874999999999999 0.61125
5 0.47874999999999995 0.72375 0.46624999999999994 0.72375 0.46624999999999994 0.74875 0.47874999999999995 0.74875 0.47874999999999995 0.72375
5 0.1 0.15625 0.057499999999999996 0.15625 0.057499999999999996 0.19875 0.1 0.19875 0.1 0.15625
5 0.6775 0.9337500000000001 0.6625 0.9337500000000001 0.6625 0.95625 0.6775 0.95625 0.6775 0.9337500000000001
5 0.64375 0.94625 0.63125 0.94625 0.63125 0.96875 0.64375 0.96875 0.64375 0.94625
5 0.7625 0.3025 0.75 0.3025 0.75 0.3275 0.7625 0.3275 0.7625 0.3025
5 0.6537499999999999 0.95 0.64125 0.95 0.64125 0.9724999999999999 0.6537499999999999 0.9724999999999999 0.6537499999999999 0.95
5 0.31 0.62625 0.2925 0.62625 0.2925 0.63875 0.31 0.63875 0.31 0.62625
5 0.41375 0.9412499999999999 0.40374999999999994 0.9412499999999999 0.40374999999999994 0.96875 0.41375 0.96875 0.41375 0.9412499999999999
5 0.195 0.85875 0.1875 0.85875 0.1875 0.88125 0.195 0.88125 0.195 0.85875
5 0.79875 0 0.79875 0.0125 0.81375 0.0125 0.81375 0 0.79875 0
5 0.21749999999999997 0.60875 0.1925 0.60875 0.1925 0.62375 0.21749999999999997 0.62375 0.21749999999999997 0.60875
5 0.55625 0.7150000000000001 0.5387500000000001 0.7150000000000001 0.5387500000000001 0.725 0.55625 0.725 0.55625 0.7150000000000001
5 0.48875 0.41875 0.47375 0.41875 0.47375 0.43875000000000003 0.48875 0.43875000000000003 0.48875 0.41875
5 0.5275000000000001 0.12375 0.5125 0.12375 0.5125 0.14875 0.5275000000000001 0.14875 0.5275000000000001 0.12375
5 0.9349999999999999 0.26749999999999996 0.915 0.26749999999999996 0.915 0.27999999999999997 0.9349999999999999 0.27999999999999997 0.9349999999999999 0.26749999999999996
5 0.64625 0.91625 0.62625 0.91625 0.62625 0.93625 0.64625 0.93625 0.64625 0.91625
5 0.3125 0.057499999999999996 0.29500000000000004 0.057499999999999996 0.29500000000000004 0.0775 0.3125 0.0775 0.3125 0.057499999999999996
5 0.7224999999999999 0.3975 0.7075 0.3975 0.7075 0.4175 0.7224999999999999 0.4175 0.7224999999999999 0.3975
5 0.77125 0.04625 0.7537499999999999 0.04625 0.7537499999999999 0.07125000000000001 0.77125 0.07125000000000001 0.77125 0.04625
5 0.9637499999999999 0.53625 0.95375 0.53625 0.95375 0.55625 0.9637499999999999 0.55625 0.9637499999999999 0.53625
5 0.8925000000000001 0.2325 0.8675 0.2325 0.8675 0.2425 0.8925000000000001 0.2425 0.8925000000000001 0.2325
5 0.5599999999999999 0.12625 0.5475 0.12625 0.5475 0.14875 0.5599999999999999 0.14875 0.5599999999999999 0.12625
5 0.36124999999999996 0.67125 0.32625000000000004 0.67125 0.32625000000000004 0.68875 0.36124999999999996 0.68875 0.36124999999999996 0.67125
5 0.8675 0.975 0.8525 0.975 0.8525 0.99 0.8675 0.99 0.8675 0.975
5 0.4125 0.9662499999999999 0.4 0.9662499999999999 0.4 0.98375 0.4125 0.98375 0.4125 0.9662499999999999
5 0.195 0.8862500000000001 0.1825 0.8862500000000001 0.1825 0.9012499999999999 0.195 0.9012499999999999 0.195 0.8862500000000001
5 0.3075 0.17250000000000001 0.2875 0.17250000000000001 0.2875 0.1825 0.3075 0.1825 0.3075 0.17250000000000001
5 1 0.028749999999999998 0.99125 0.028749999999999998 0.99125 0.04375 1 0.04375 1 0.028749999999999998
5 0.27749999999999997 0.49874999999999997 0.26749999999999996 0.49874999999999997 0.26749999999999996 0.51625 0.27749999999999997 0.51625 0.27749999999999997 0.49874999999999997
5 0.9824999999999999 0.205 0.9650000000000001 0.205 0.9650000000000001 0.22749999999999998 0.9824999999999999 0.22749999999999998 0.9824999999999999 0.205
5 0.7262500000000001 0.3725 0.71375 0.3725 0.71375 0.395 0.7262500000000001 0.395 0.7262500000000001 0.3725
5 0.0975 0.5900000000000001 0.0725 0.5900000000000001 0.0725 0.6025 0.0975 0.6025 0.0975 0.5900000000000001
5 0.99125 0.77625 0.9662499999999999 0.77625 0.9662499999999999 0.79125 0.99125 0.79125 0.99125 0.77625
5 0.39875 0.645 0.37625000000000003 0.645 0.37625000000000003 0.6599999999999999 0.39875 0.6599999999999999 0.39875 0.645
5 0.24874999999999997 0.515 0.23125 0.515 0.23125 0.5349999999999999 0.24874999999999997 0.5349999999999999 0.24874999999999997 0.515
5 0.095 0.62625 0.0725 0.62625 0.0725 0.64125 0.095 0.64125 0.095 0.62625
5 0.93625 0.24 0.91375 0.24 0.91375 0.2525 0.93625 0.2525 0.93625 0.24
5 0.9487500000000001 0.75625 0.9262499999999999 0.75625 0.9262499999999999 0.76875 0.9487500000000001 0.76875 0.9487500000000001 0.75625
5 0.44625000000000004 0.7175 0.43375 0.7175 0.43375 0.73 0.44625000000000004 0.73 0.44625000000000004 0.7175
5 0.5599999999999999 0.14625 0.545 0.14625 0.545 0.16125 0.5599999999999999 0.16125 0.5599999999999999 0.14625
5 0.03125 0.41125 0.01125 0.41125 0.01125 0.42125 0.03125 0.42125 0.03125 0.41125
5 0.6525000000000001 0.93625 0.63 0.93625 0.63 0.94625 0.6525000000000001 0.94625 0.6525000000000001 0.93625
5 0.07875 0.08625000000000001 0.06625 0.08625000000000001 0.06625 0.10874999999999999 0.07875 0.10874999999999999 0.07875 0.08625000000000001
5 0.8550000000000001 0.7474999999999999 0.8324999999999999 0.7474999999999999 0.8324999999999999 0.7625 0.8550000000000001 0.7625 0.8550000000000001 0.7474999999999999
5 0.89125 0.82125 0.8787499999999999 0.82125 0.8787499999999999 0.84375 0.89125 0.84375 0.89125 0.82125
5 0.91875 0.7175 0.9037499999999999 0.7175 0.9037499999999999 0.74 0.91875 0.74 0.91875 0.7175
5 0.6525000000000001 0.20249999999999999 0.625 0.20249999999999999 0.625 0.215 0.6525000000000001 0.215 0.6525000000000001 0.20249999999999999
5 0.46125 0.8225 0.45125000000000004 0.8225 0.45125000000000004 0.85 0.46125 0.85 0.46125 0.8225
5 0.12250000000000001 0.63125 0.0975 0.63125 0.0975 0.64375 0.12250000000000001 0.64375 0.12250000000000001 0.63125
5 0.85375 0.2525 0.82875 0.2525 0.82875 0.265 0.85375 0.265 0.85375 0.2525
5 0.24500000000000002 0.5375 0.22999999999999998 0.5375 0.22999999999999998 0.5549999999999999 0.24500000000000002 0.5549999999999999 0.24500000000000002 0.5375
5 0.7462500000000001 0.7424999999999999 0.7162499999999999 0.7424999999999999 0.7162499999999999 0.76 0.7462500000000001 0.76 0.7462500000000001 0.7424999999999999
5 0.48375 0.46125 0.46875 0.46125 0.46875 0.47874999999999995 0.48375 0.47874999999999995 0.48375 0.46125
5 0.9650000000000001 0.325 0.9475 0.325 0.9475 0.34500000000000003 0.9650000000000001 0.34500000000000003 0.9650000000000001 0.325
5 0.6900000000000001 0.20750000000000002 0.6675 0.20750000000000002 0.6675 0.22000000000000003 0.6900000000000001 0.22000000000000003 0.6900000000000001 0.20750000000000002
5 0.7925 0.025 0.7775000000000001 0.025 0.7775000000000001 0.045 0.7925 0.045 0.7925 0.025
5 0.9974999999999999 0.04875 0.9875 0.04875 0.9875 0.061250000000000006 0.9974999999999999 0.061250000000000006 0.9974999999999999 0.04875
5 0.0225 0.50125 0.01 0.50125 0.01 0.52125 0.0225 0.52125 0.0225 0.50125
5 0.94375 0.44125 0.93125 0.44125 0.93125 0.46125 0.94375 0.46125 0.94375 0.44125
5 0.9087500000000001 0.9337500000000001 0.89625 0.9337500000000001 0.89625 0.9512499999999999 0.9087500000000001 0.9512499999999999 0.9087500000000001 0.9337500000000001
5 0.09125 0.0025 0.07875 0.0025 0.07875 0.025 0.09125 0.025 0.09125 0.0025
5 0.35625 0.1775 0.33125 0.1775 0.33125 0.1825 0.35625 0.1825 0.35625 0.1775
5 0.65625 0.8300000000000001 0.64625 0.8300000000000001 0.64625 0.8525 0.65625 0.8525 0.65625 0.8300000000000001
5 0.45625 0.8875 0.44625000000000004 0.8875 0.44625000000000004 0.9075 0.45625 0.9075 0.45625 0.8875
5 0.44875 0.9412499999999999 0.43624999999999997 0.9412499999999999 0.43624999999999997 0.9662499999999999 0.44875 0.9662499999999999 0.44875 0.9412499999999999
5 0.73 0.3375 0.7175 0.3375 0.7175 0.355 0.73 0.355 0.73 0.3375
5 0.7537499999999999 0.17124999999999999 0.74375 0.17124999999999999 0.74375 0.19125 0.7537499999999999 0.19125 0.7537499999999999 0.17124999999999999
5 0.37 0.64 0.3525 0.64 0.3525 0.6525000000000001 0.37 0.6525000000000001 0.37 0.64
5 0.18875 0.1575 0.16625 0.1575 0.16625 0.1675 0.18875 0.1675 0.18875 0.1575
5 0.02375 0.15 0.00125 0.15 0.00125 0.1625 0.02375 0.1625 0.02375 0.15
5 0.49375 0.38125 0.48125 0.38125 0.48125 0.39875 0.49375 0.39875 0.49375 0.38125
5 0.8775000000000001 0.925 0.86 0.925 0.86 0.945 0.8775000000000001 0.945 0.8775000000000001 0.925
5 0.215 0.7224999999999999 0.20249999999999999 0.7224999999999999 0.20249999999999999 0.745 0.215 0.745 0.215 0.7224999999999999
5 0.13374999999999998 0.14875 0.11125 0.14875 0.11125 0.16625 0.13374999999999998 0.16625 0.13374999999999998 0.14875
5 0.61125 0.22625 0.5862499999999999 0.22625 0.5862499999999999 0.23625 0.61125 0.23625 0.61125 0.22625
5 0.75125 0.7075 0.73125 0.7075 0.73125 0.7175 0.75125 0.7175 0.75125 0.7075
5 0.4425 0.86875 0.4325 0.86875 0.4325 0.9012499999999999 0.4425 0.9012499999999999 0.4425 0.86875
5 0.4425 0.7325 0.43 0.7325 0.43 0.7474999999999999 0.4425 0.7474999999999999 0.4425 0.7325
5 0.21125 0.15875 0.18875 0.15875 0.18875 0.17124999999999999 0.21125 0.17124999999999999 0.21125 0.15875
5 0.1825 0.14375 0.1625 0.14375 0.1625 0.15375 0.1825 0.15375 0.1825 0.14375
5 0.34750000000000003 0.635 0.3275 0.635 0.3275 0.6475 0.34750000000000003 0.6475 0.34750000000000003 0.635