5 0.45 0.008749999999999999 0.4375 0.008749999999999999 0.4375 0.02375 0.45 0.02375 0.45 0.008749999999999999
5 0.39875 0.095 0.38625 0.095 0.38625 0.1125 0.39875 0.1125 0.39875 0.095
5 0.3375 0.31124999999999997 0.3175 0.31124999999999997 0.3175 0.33375 0.3375 0.33375 0.3375 0.31124999999999997
5 0.32125 0.44000000000000006 0.30125 0.44000000000000006 0.30125 0.46749999999999997 0.32125 0.46749999999999997 0.32125 0.44000000000000006
5 0.255 0.57125 0.23500000000000001 0.57125 0.23500000000000001 0.5962500000000001 0.255 0.5962500000000001 0.255 0.57125
5 0.19 0.79125 0.16999999999999998 0.79125 0.16999999999999998 0.81125 0.19 0.81125 0.19 0.79125
5 0.26 0.545 0.2475 0.545 0.2475 0.5675 0.26 0.5675 0.26 0.545
5 0.36 1 0.36 0.97875 0.3375 0.97875 0.3375 1 0.36 1
5 0.76125 0.7 0.73625 0.7 0.73625 0.74 0.76125 0.74 0.76125 0.7
5 0.325 0.34125 0.31 0.34125 0.31 0.35875 0.325 0.35875 0.325 0.34125
5 0.8237500000000001 0.43 0.81125 0.43 0.81125 0.45499999999999996 0.8237500000000001 0.45499999999999996 0.8237500000000001 0.43
5 0.49749999999999994 0.83375 0.485 0.83375 0.485 0.85125 0.49749999999999994 0.85125 0.49749999999999994 0.83375
5 0.62 0.2325 0.6 0.2325 0.6 0.2575 0.62 0.2575 0.62 0.2325
5 0.8125 0.4725 0.7975 0.4725 0.7975 0.495 0.8125 0.495 0.8125 0.4725
5 0.22749999999999998 0.8462500000000001 0.20249999999999999 0.8462500000000001 0.20249999999999999 0.8612500000000001 0.22749999999999998 0.8612500000000001 0.22749999999999998 0.8462500000000001
5 0.1275 0.335 0.1125 0.335 0.1125 0.36 0.1275 0.36 0.1275 0.335
5 0.13 0.255 0.1125 0.255 0.1125 0.275 0.13 0.275 0.13 0.255
5 0.54125 0.63625 0.52125 0.63625 0.52125 0.6587500000000001 0.54125 0.6587500000000001 0.54125 0.63625
5 0.315 0.3725 0.2975 0.3725 0.2975 0.39249999999999996 0.315 0.39249999999999996 0.315 0.3725
5 0.6375 0.03375 0.625 0.03375 0.625 0.04625 0.6375 0.04625 0.6375 0.03375
5 0.795 0.08 0.775 0.08 0.775 0.0925 0.795 0.0925 0.795 0.08
5 0.73125 0.8150000000000001 0.7212500000000001 0.8150000000000001 0.7212500000000001 0.8400000000000001 0.73125 0.8400000000000001 0.73125 0.8150000000000001
5 0.9025000000000001 0.9337500000000001 0.89 0.9337500000000001 0.89 0.95875 0.9025000000000001 0.95875 0.9025000000000001 0.9337500000000001
5 0.665 0.9862500000000001 0.645 0.9862500000000001 0.645 0.99875 0.665 0.99875 0.665 0.9862500000000001
5 0.21125 0.8162499999999999 0.18875 0.8162499999999999 0.18875 0.83375 0.21125 0.83375 0.21125 0.8162499999999999
5 0.20750000000000002 0.745 0.17250000000000001 0.745 0.17250000000000001 0.79 0.20750000000000002 0.79 0.20750000000000002 0.745
5 0.9650000000000001 0.06625 0.95 0.06625 0.95 0.08625000000000001 0.9650000000000001 0.08625000000000001 0.9650000000000001 0.06625
5 0.7325 0.0625 0.7125 0.0625 0.7125 0.0875 0.7325 0.0875 0.7325 0.0625
5 0.5375 0.6912499999999999 0.5225 0.6912499999999999 0.5225 0.7112499999999999 0.5375 0.7112499999999999 0.5375 0.6912499999999999
5 0.10124999999999999 0.34249999999999997 0.08375 0.34249999999999997 0.08375 0.3625 0.10124999999999999 0.3625 0.10124999999999999 0.34249999999999997
5 0.23875000000000002 0.62375 0.22625 0.62375 0.22625 0.64375 0.23875000000000002 0.64375 0.23875000000000002 0.62375
5 0.9487500000000001 0.03125 0.93125 0.03125 0.93125 0.058750000000000004 0.9487500000000001 0.058750000000000004 0.9487500000000001 0.03125
5 0 0.665 0.008749999999999999 0.665 0.008749999999999999 0.645 0 0.645 0 0.665
5 0.8324999999999999 0.40125 0.8225 0.40125 0.8225 0.42125 0.8324999999999999 0.42125 0.8324999999999999 0.40125
5 0.63375 0.07125000000000001 0.61375 0.07125000000000001 0.61375 0.09875 0.63375 0.09875 0.63375 0.07125000000000001
5 0.12 0.28125 0.1025 0.28125 0.1025 0.30125 0.12 0.30125 0.12 0.28125
5 0.7212500000000001 0.7775000000000001 0.70625 0.7775000000000001 0.70625 0.805 0.7212500000000001 0.805 0.7212500000000001 0.7775000000000001
5 0.5237499999999999 0.7375 0.51125 0.7375 0.51125 0.7575000000000001 0.5237499999999999 0.7575000000000001 0.5237499999999999 0.7375
5 0.1025 0.39875 0.0925 0.39875 0.0925 0.42374999999999996 0.1025 0.42374999999999996 0.1025 0.39875
5 0.635 0.1825 0.6174999999999999 0.1825 0.6174999999999999 0.20249999999999999 0.635 0.20249999999999999 0.635 0.1825
5 0.11499999999999999 0.8150000000000001 0.09 0.8150000000000001 0.09 0.8275 0.11499999999999999 0.8275 0.11499999999999999 0.8150000000000001
5 0.74875 0.0125 0.7262500000000001 0.0125 0.7262500000000001 0.0375 0.74875 0.0375 0.74875 0.0125
5 0.61125 0.25875 0.5912499999999999 0.25875 0.5912499999999999 0.27625 0.61125 0.27625 0.61125 0.25875