5 0.85875 0.79375 0.8387499999999999 0.79375 0.8387499999999999 0.82125 0.85875 0.82125 0.85875 0.79375
5 0.425 0.71 0.41 0.71 0.41 0.73 0.425 0.73 0.425 0.71
5 0.43499999999999994 0.6725 0.41500000000000004 0.6725 0.41500000000000004 0.6925 0.43499999999999994 0.6925 0.43499999999999994 0.6725
5 0.40499999999999997 0.6275000000000001 0.3875 0.6275000000000001 0.3875 0.64 0.40499999999999997 0.64 0.40499999999999997 0.6275000000000001
5 0.13374999999999998 0.9075 0.10874999999999999 0.9075 0.10874999999999999 0.9525 0.13374999999999998 0.9525 0.13374999999999998 0.9075
5 0.595 0.185 0.575 0.185 0.575 0.215 0.595 0.215 0.595 0.185
5 0.80625 0.2925 0.7887500000000001 0.2925 0.7887500000000001 0.315 0.80625 0.315 0.80625 0.2925
5 0.8125 0.08249999999999999 0.8 0.08249999999999999 0.8 0.1 0.8125 0.1 0.8125 0.08249999999999999
5 0.8150000000000001 0.10625 0.79 0.10625 0.79 0.12375 0.8150000000000001 0.12375 0.8150000000000001 0.10625
5 0.67875 0.06625 0.65125 0.06625 0.65125 0.08625000000000001 0.67875 0.08625000000000001 0.67875 0.06625
5 0.625 0.8074999999999999 0.6075 0.8074999999999999 0.6075 0.8300000000000001 0.625 0.8300000000000001 0.625 0.8074999999999999
5 0.36625 1 0.36625 0.9775 0.35125 0.9775 0.35125 1 0.36625 1
5 0.205 0.55375 0.18 0.55375 0.18 0.56875 0.205 0.56875 0.205 0.55375
5 0.3075 0.5974999999999999 0.28250000000000003 0.5974999999999999 0.28250000000000003 0.6125 0.3075 0.6125 0.3075 0.5974999999999999
5 0.39125 0.54875 0.36625 0.54875 0.36625 0.56125 0.39125 0.56125 0.39125 0.54875
5 0.58125 0.59875 0.56125 0.59875 0.56125 0.61375 0.58125 0.61375 0.58125 0.59875
5 0 0.5775 0.015 0.5775 0.015 0.5575 0 0.5575 0 0.5775
5 0.8474999999999999 0.72875 0.8225 0.72875 0.8225 0.74125 0.8474999999999999 0.74125 0.8474999999999999 0.72875
5 0.73875 0.70875 0.7162499999999999 0.70875 0.7162499999999999 0.72375 0.73875 0.72375 0.73875 0.70875
5 0.8162499999999999 0.7525000000000001 0.8087500000000001 0.7525000000000001 0.8087500000000001 0.77 0.8162499999999999 0.77 0.8162499999999999 0.7525000000000001
5 0.8474999999999999 0.8262499999999999 0.8324999999999999 0.8262499999999999 0.8324999999999999 0.85125 0.8474999999999999 0.85125 0.8474999999999999 0.8262499999999999
5 0.43499999999999994 0.5625 0.4175 0.5625 0.4175 0.5725 0.43499999999999994 0.5725 0.43499999999999994 0.5625
5 0.4175 0.7275 0.4 0.7275 0.4 0.75 0.4175 0.75 0.4175 0.7275
5 0.27749999999999997 0.43 0.265 0.43 0.265 0.445 0.27749999999999997 0.445 0.27749999999999997 0.43
5 0.40499999999999997 0.01625 0.38 0.01625 0.38 0.05125 0.40499999999999997 0.05125 0.40499999999999997 0.01625
5 0.8800000000000001 0.6849999999999999 0.8550000000000001 0.6849999999999999 0.8550000000000001 0.6950000000000001 0.8800000000000001 0.6950000000000001 0.8800000000000001 0.6849999999999999
5 0.515 0.4125 0.495 0.4125 0.495 0.43 0.515 0.43 0.515 0.4125
5 0.058750000000000004 0.3875 0.041249999999999995 0.3875 0.041249999999999995 0.41500000000000004 0.058750000000000004 0.41500000000000004 0.058750000000000004 0.3875
5 1 0.7162499999999999 0.9824999999999999 0.7162499999999999 0.9824999999999999 0.72375 1 0.72375 1 0.7162499999999999
5 0.5237499999999999 0.37 0.50875 0.37 0.50875 0.4025 0.5237499999999999 0.4025 0.5237499999999999 0.37
5 0.65125 0.7325 0.63125 0.7325 0.63125 0.755 0.65125 0.755 0.65125 0.7325
5 0.15125 0.485 0.11875 0.485 0.11875 0.5075000000000001 0.15125 0.5075000000000001 0.15125 0.485
5 0.7462500000000001 0.4 0.73125 0.4 0.73125 0.42000000000000004 0.7462500000000001 0.42000000000000004 0.7462500000000001 0.4
5 0.8675 0.045 0.8474999999999999 0.045 0.8474999999999999 0.0725 0.8675 0.0725 0.8675 0.045
5 0.8625 0.78 0.85 0.78 0.85 0.7975 0.8625 0.7975 0.8625 0.78
5 0.80625 0.75125 0.79125 0.75125 0.79125 0.76625 0.80625 0.76625 0.80625 0.75125
5 0.96875 0.43499999999999994 0.95375 0.43499999999999994 0.95375 0.45499999999999996 0.96875 0.45499999999999996 0.96875 0.43499999999999994
5 0.07375000000000001 0.33375 0.058750000000000004 0.33375 0.058750000000000004 0.36375 0.07375000000000001 0.36375 0.07375000000000001 0.33375
5 0.17875000000000002 0.75125 0.16625 0.75125 0.16625 0.76875 0.17875000000000002 0.76875 0.17875000000000002 0.75125
5 0.9225 0.5775 0.9075 0.5775 0.9075 0.5974999999999999 0.9225 0.5974999999999999 0.9225 0.5775
5 0.5599999999999999 0.5925 0.5349999999999999 0.5925 0.5349999999999999 0.61 0.5599999999999999 0.61 0.5599999999999999 0.5925
5 0.5287499999999999 0.67 0.50125 0.67 0.50125 0.6900000000000001 0.5287499999999999 0.6900000000000001 0.5287499999999999 0.67
5 0.7787499999999999 0.74 0.76125 0.74 0.76125 0.755 0.7787499999999999 0.755 0.7787499999999999 0.74
5 0.11374999999999999 0.22125 0.09625 0.22125 0.09625 0.24375 0.11374999999999999 0.24375 0.11374999999999999 0.22125
5 0.75 0.73875 0.735 0.73875 0.735 0.74875 0.75 0.74875 0.75 0.73875
5 0.6625 0.61875 0.635 0.61875 0.635 0.63375 0.6625 0.63375 0.6625 0.61875
5 0.95375 0.70375 0.92875 0.70375 0.92875 0.71875 0.95375 0.71875 0.95375 0.70375