3 0.5625 0.735 0.5475 0.735 0.5475 0.75 0.5625 0.75 0.5625 0.735
3 0.52625 0.69875 0.50875 0.69875 0.50875 0.7162499999999999 0.52625 0.7162499999999999 0.52625 0.69875
3 0.55125 0.7525000000000001 0.5275000000000001 0.7525000000000001 0.5275000000000001 0.7787499999999999 0.55125 0.7787499999999999 0.55125 0.7525000000000001
3 0.50625 0.7075 0.48624999999999996 0.7075 0.48624999999999996 0.7262500000000001 0.50625 0.7262500000000001 0.50625 0.7075
3 0.5175 0.7162499999999999 0.49749999999999994 0.7162499999999999 0.49749999999999994 0.73625 0.5175 0.73625 0.5175 0.7162499999999999
3 0.5275000000000001 0.72875 0.5025000000000001 0.72875 0.5025000000000001 0.7525000000000001 0.5275000000000001 0.7525000000000001 0.5275000000000001 0.72875
3 0.5912499999999999 0.67375 0.57625 0.67375 0.57625 0.6900000000000001 0.5912499999999999 0.6900000000000001 0.5912499999999999 0.67375
3 0.5475 0.71875 0.53 0.71875 0.53 0.73625 0.5475 0.73625 0.5475 0.71875
3 0.58 0.6950000000000001 0.5625 0.6950000000000001 0.5625 0.7112499999999999 0.58 0.7112499999999999 0.58 0.6950000000000001
3 0.5575 0.63625 0.5387500000000001 0.63625 0.5387500000000001 0.655 0.5575 0.655 0.5575 0.63625
3 0.5 0.7 0.475 0.7 0.475 0.72375 0.5 0.72375 0.5 0.7
3 0.59375 0.70625 0.5775 0.70625 0.5775 0.72375 0.59375 0.72375 0.59375 0.70625