5 0.1525 0.85375 0.13999999999999999 0.85375 0.13999999999999999 0.8787499999999999 0.1525 0.8787499999999999 0.1525 0.85375
5 0.1075 0.81125 0.095 0.81125 0.095 0.82875 0.1075 0.82875 0.1075 0.81125
5 0.095 0.81875 0.0875 0.81875 0.0875 0.83125 0.095 0.83125 0.095 0.81875
5 0.1125 0.85875 0.1075 0.85875 0.1075 0.86875 0.1125 0.86875 0.1125 0.85875
5 0.13374999999999998 0.8012499999999999 0.11625 0.8012499999999999 0.11625 0.8412499999999999 0.13374999999999998 0.8412499999999999 0.13374999999999998 0.8012499999999999
5 0.095 0.75125 0.08499999999999999 0.75125 0.08499999999999999 0.76875 0.095 0.76875 0.095 0.75125
5 0.10124999999999999 0.66875 0.09125 0.66875 0.09125 0.6837500000000001 0.10124999999999999 0.6837500000000001 0.10124999999999999 0.66875
5 0.065 0.665 0.057499999999999996 0.665 0.057499999999999996 0.6799999999999999 0.065 0.6799999999999999 0.065 0.665
5 0.09125 0.62625 0.08375 0.62625 0.08375 0.63875 0.09125 0.63875 0.09125 0.62625
5 0.08249999999999999 0.49000000000000005 0.0725 0.49000000000000005 0.0725 0.51 0.08249999999999999 0.51 0.08249999999999999 0.49000000000000005
5 0.02 0.36 0.0125 0.36 0.0125 0.3725 0.02 0.3725 0.02 0.36
5 0.027500000000000004 0.265 0.015 0.265 0.015 0.29 0.027500000000000004 0.29 0.027500000000000004 0.265