5 0.365 0.021249999999999998 0.34500000000000003 0.021249999999999998 0.34500000000000003 0.03125 0.365 0.03125 0.365 0.021249999999999998
5 0.5650000000000001 0.5025000000000001 0.545 0.5025000000000001 0.545 0.52 0.5650000000000001 0.52 0.5650000000000001 0.5025000000000001
5 0.41125 0.57375 0.39375 0.57375 0.39375 0.57875 0.41125 0.57875 0.41125 0.57375
5 0.395 0.58 0.38 0.58 0.38 0.5900000000000001 0.395 0.5900000000000001 0.395 0.58
5 0.54875 0.635 0.5237499999999999 0.635 0.5237499999999999 0.655 0.54875 0.655 0.54875 0.635
5 0.42374999999999996 0.66125 0.39875 0.66125 0.39875 0.67125 0.42374999999999996 0.67125 0.42374999999999996 0.66125
5 0.53 0.4575 0.515 0.4575 0.515 0.47000000000000003 0.53 0.47000000000000003 0.53 0.4575
5 0.3 0.5375 0.28250000000000003 0.5375 0.28250000000000003 0.5549999999999999 0.3 0.5549999999999999 0.3 0.5375
5 0.34125 0.5337500000000001 0.33375 0.5337500000000001 0.33375 0.54375 0.34125 0.54375 0.34125 0.5337500000000001
5 0.37875000000000003 0.51375 0.36625 0.51375 0.36625 0.5337500000000001 0.37875000000000003 0.5337500000000001 0.37875000000000003 0.51375
5 0.3875 0.51 0.3775 0.51 0.3775 0.5275000000000001 0.3875 0.5275000000000001 0.3875 0.51
5 0.4125 0.5037499999999999 0.3975 0.5037499999999999 0.3975 0.52125 0.4125 0.52125 0.4125 0.5037499999999999
5 0.4225 0.49749999999999994 0.40750000000000003 0.49749999999999994 0.40750000000000003 0.5125 0.4225 0.5125 0.4225 0.49749999999999994
5 0.4325 0.49375 0.4225 0.49375 0.4225 0.50875 0.4325 0.50875 0.4325 0.49375
5 0.61125 0.3975 0.59875 0.3975 0.59875 0.4125 0.61125 0.4125 0.61125 0.3975
5 0.52 0.45 0.51 0.45 0.51 0.45999999999999996 0.52 0.45999999999999996 0.52 0.45
5 0.16625 0.445 0.15875 0.445 0.15875 0.4625 0.16625 0.4625 0.16625 0.445
5 0.255 0.35375 0.2475 0.35375 0.2475 0.36875 0.255 0.36875 0.255 0.35375
5 0.28875 0.2475 0.27625 0.2475 0.27625 0.26 0.28875 0.26 0.28875 0.2475
5 0.32999999999999996 0.24375 0.315 0.24375 0.315 0.26125 0.32999999999999996 0.26125 0.32999999999999996 0.24375
5 0.40125 0.08375 0.39375 0.08375 0.39375 0.09875 0.40125 0.09875 0.40125 0.08375
5 0.3975 0.10375000000000001 0.39 0.10375000000000001 0.39 0.12125 0.3975 0.12125 0.3975 0.10375000000000001
5 0.08 0.58875 0.0725 0.58875 0.0725 0.60375 0.08 0.60375 0.08 0.58875
5 0.057499999999999996 0.5875 0.0375 0.5875 0.0375 0.595 0.057499999999999996 0.595 0.057499999999999996 0.5875
5 0.11374999999999999 0.6837500000000001 0.09375 0.6837500000000001 0.09375 0.6912499999999999 0.11374999999999999 0.6912499999999999 0.11374999999999999 0.6837500000000001
5 0.052500000000000005 0.54875 0.0375 0.54875 0.0375 0.56375 0.052500000000000005 0.56375 0.052500000000000005 0.54875
5 0.058750000000000004 0.5475 0.05125 0.5475 0.05125 0.5599999999999999 0.058750000000000004 0.5599999999999999 0.058750000000000004 0.5475
5 0.0675 0.54625 0.0625 0.54625 0.0625 0.56125 0.0675 0.56125 0.0675 0.54625
5 0.0975 0.5549999999999999 0.08249999999999999 0.5549999999999999 0.08249999999999999 0.5625 0.0975 0.5625 0.0975 0.5549999999999999
5 0.08249999999999999 0.55 0.0725 0.55 0.0725 0.5625 0.08249999999999999 0.5625 0.08249999999999999 0.55
5 0.10625 0.5599999999999999 0.09375 0.5599999999999999 0.09375 0.5675 0.10625 0.5675 0.10625 0.5599999999999999
5 0.7075 0.205 0.6975 0.205 0.6975 0.225 0.7075 0.225 0.7075 0.205
5 0.60875 0.3775 0.59375 0.3775 0.59375 0.3975 0.60875 0.3975 0.60875 0.3775
5 0.54875 0.40374999999999994 0.5387500000000001 0.40374999999999994 0.5387500000000001 0.41375 0.54875 0.41375 0.54875 0.40374999999999994
5 0.63375 0.32999999999999996 0.61875 0.32999999999999996 0.61875 0.35 0.63375 0.35 0.63375 0.32999999999999996
5 0.67375 0.3025 0.6587500000000001 0.3025 0.6587500000000001 0.3225 0.67375 0.3225 0.67375 0.3025
5 0.65 0.29625 0.64 0.29625 0.64 0.30874999999999997 0.65 0.30874999999999997 0.65 0.29625
5 0.66125 0.28375 0.64375 0.28375 0.64375 0.29625 0.66125 0.29625 0.66125 0.28375
5 0.69625 0.25375000000000003 0.68125 0.25375000000000003 0.68125 0.27375 0.69625 0.27375 0.69625 0.25375000000000003
5 0.6675 0.2625 0.655 0.2625 0.655 0.275 0.6675 0.275 0.6675 0.2625
5 0.6799999999999999 0.2375 0.6625 0.2375 0.6625 0.2575 0.6799999999999999 0.2575 0.6799999999999999 0.2375
5 0.6900000000000001 0.19624999999999998 0.6799999999999999 0.19624999999999998 0.6799999999999999 0.21125 0.6900000000000001 0.21125 0.6900000000000001 0.19624999999999998
5 0.33999999999999997 0.026250000000000002 0.3225 0.026250000000000002 0.3225 0.03625 0.33999999999999997 0.03625 0.33999999999999997 0.026250000000000002
5 0.32 0.03 0.3 0.03 0.3 0.04 0.32 0.04 0.32 0.03
5 0.14625 0.08249999999999999 0.13125 0.08249999999999999 0.13125 0.09 0.14625 0.09 0.14625 0.08249999999999999
5 0.19125 0.04875 0.17124999999999999 0.04875 0.17124999999999999 0.061250000000000006 0.19125 0.061250000000000006 0.19125 0.04875