5 0.195 0.9262499999999999 0.1775 0.9262499999999999 0.1775 0.94625 0.195 0.94625 0.195 0.9262499999999999
5 0.11625 0.2575 0.09375 0.2575 0.09375 0.27749999999999997 0.11625 0.27749999999999997 0.11625 0.2575
5 0.1025 0.26875 0.09 0.26875 0.09 0.29125 0.1025 0.29125 0.1025 0.26875
5 0.09625 0.28125 0.07375000000000001 0.28125 0.07375000000000001 0.30874999999999997 0.09625 0.30874999999999997 0.09625 0.28125
5 0.42625 0.24375 0.39375 0.24375 0.39375 0.27125 0.42625 0.27125 0.42625 0.24375
5 0.6637500000000001 0.5349999999999999 0.64625 0.5349999999999999 0.64625 0.5549999999999999 0.6637500000000001 0.5549999999999999 0.6637500000000001 0.5349999999999999
5 0.82 0.28125 0.805 0.28125 0.805 0.30125 0.82 0.30125 0.82 0.28125
5 0.6900000000000001 0.48875 0.6675 0.48875 0.6675 0.51125 0.6900000000000001 0.51125 0.6900000000000001 0.48875
5 0.47874999999999995 0.8275 0.46624999999999994 0.8275 0.46624999999999994 0.845 0.47874999999999995 0.845 0.47874999999999995 0.8275
5 0.53 0.34875 0.5075000000000001 0.34875 0.5075000000000001 0.36375 0.53 0.36375 0.53 0.34875
5 0.3225 0.33375 0.31 0.33375 0.31 0.34875 0.3225 0.34875 0.3225 0.33375
5 0.61 0.22374999999999998 0.5925 0.22374999999999998 0.5925 0.24375 0.61 0.24375 0.61 0.22374999999999998
5 0.08125 0.29874999999999996 0.05625 0.29874999999999996 0.05625 0.32625000000000004 0.08125 0.32625000000000004 0.08125 0.29874999999999996
5 0.845 0.48 0.8225 0.48 0.8225 0.49749999999999994 0.845 0.49749999999999994 0.845 0.48
5 0.6537499999999999 0.1575 0.63375 0.1575 0.63375 0.175 0.6537499999999999 0.175 0.6537499999999999 0.1575
5 0.94625 0.5700000000000001 0.91875 0.5700000000000001 0.91875 0.5900000000000001 0.94625 0.5900000000000001 0.94625 0.5700000000000001
5 0.80375 0.71 0.78625 0.71 0.78625 0.7325 0.80375 0.7325 0.80375 0.71
5 0.6675 0.175 0.655 0.175 0.655 0.1925 0.6675 0.1925 0.6675 0.175
5 0.5675 0.9712500000000001 0.5475 0.9712500000000001 0.5475 0.9887499999999999 0.5675 0.9887499999999999 0.5675 0.9712500000000001
5 0.595 0.6487499999999999 0.5700000000000001 0.6487499999999999 0.5700000000000001 0.67125 0.595 0.67125 0.595 0.6487499999999999
5 0.42125 0.27375 0.40125 0.27375 0.40125 0.29375 0.42125 0.29375 0.42125 0.27375
5 0.065 0.33125 0.042499999999999996 0.33125 0.042499999999999996 0.34875 0.065 0.34875 0.065 0.33125
5 0.8925000000000001 0.21375000000000002 0.875 0.21375000000000002 0.875 0.23625 0.8925000000000001 0.23625 0.8925000000000001 0.21375000000000002
5 0.8487500000000001 0.24 0.83125 0.24 0.83125 0.26 0.8487500000000001 0.26 0.8487500000000001 0.24
5 0.46125 0.265 0.42374999999999996 0.265 0.42374999999999996 0.29 0.46125 0.29 0.46125 0.265
5 0.72 0.44875 0.6975 0.44875 0.6975 0.46875 0.72 0.46875 0.72 0.44875
5 0.48 0.8525 0.45499999999999996 0.8525 0.45499999999999996 0.865 0.48 0.865 0.48 0.8525
5 0.63375 0.7537499999999999 0.61875 0.7537499999999999 0.61875 0.7737499999999999 0.63375 0.7737499999999999 0.63375 0.7537499999999999
5 0.55 0.72 0.53 0.72 0.53 0.74 0.55 0.74 0.55 0.72
5 0.31375000000000003 0.70375 0.29375 0.70375 0.29375 0.72375 0.31375000000000003 0.72375 0.31375000000000003 0.70375
5 0.45999999999999996 0.88375 0.4375 0.88375 0.4375 0.90625 0.45999999999999996 0.90625 0.45999999999999996 0.88375
5 0.155 0.24375 0.1375 0.24375 0.1375 0.25875 0.155 0.25875 0.155 0.24375
5 0.3375 0.70875 0.32 0.70875 0.32 0.72875 0.3375 0.72875 0.3375 0.70875
5 0.9662499999999999 0.052500000000000005 0.94375 0.052500000000000005 0.94375 0.0725 0.9662499999999999 0.0725 0.9662499999999999 0.052500000000000005
5 0.6587500000000001 0.5525 0.6287499999999999 0.5525 0.6287499999999999 0.5725 0.6587500000000001 0.5725 0.6587500000000001 0.5525
5 0.11750000000000001 0.29625 0.1 0.29625 0.1 0.31375000000000003 0.11750000000000001 0.31375000000000003 0.11750000000000001 0.29625
5 0.875 0.21749999999999997 0.86 0.21749999999999997 0.86 0.2325 0.875 0.2325 0.875 0.21749999999999997
5 0.10500000000000001 0.645 0.0925 0.645 0.0925 0.6675 0.10500000000000001 0.6675 0.10500000000000001 0.645
5 0.69375 0.0875 0.66875 0.0875 0.66875 0.11750000000000001 0.69375 0.11750000000000001 0.69375 0.0875
5 0.95875 0.85625 0.9412499999999999 0.85625 0.9412499999999999 0.8787499999999999 0.95875 0.8787499999999999 0.95875 0.85625
5 0.6925 0.3875 0.6799999999999999 0.3875 0.6799999999999999 0.40499999999999997 0.6925 0.40499999999999997 0.6925 0.3875
5 0.8787499999999999 0.595 0.85375 0.595 0.85375 0.62 0.8787499999999999 0.62 0.8787499999999999 0.595
5 0.275 0.395 0.2525 0.395 0.2525 0.42000000000000004 0.275 0.42000000000000004 0.275 0.395