5 0.51 0.945 0.49000000000000005 0.945 0.49000000000000005 0.9675 0.51 0.9675 0.51 0.945
5 0.9012499999999999 0.7675 0.88125 0.7675 0.88125 0.7925 0.9012499999999999 0.7925 0.9012499999999999 0.7675
5 0.7175 0.80375 0.6950000000000001 0.80375 0.6950000000000001 0.83125 0.7175 0.83125 0.7175 0.80375
5 1 0.46749999999999997 0.9887499999999999 0.46749999999999997 0.9887499999999999 0.495 1 0.495 1 0.46749999999999997
5 0.9862500000000001 0.33999999999999997 0.9662499999999999 0.33999999999999997 0.9662499999999999 0.3675 0.9862500000000001 0.3675 0.9862500000000001 0.33999999999999997
5 0.13874999999999998 0.2375 0.12875 0.2375 0.12875 0.26 0.13874999999999998 0.26 0.13874999999999998 0.2375
5 0.16625 0.2575 0.14375 0.2575 0.14375 0.29 0.16625 0.29 0.16625 0.2575
5 0.225 0.18625 0.2125 0.18625 0.2125 0.20625 0.225 0.20625 0.225 0.18625
5 0.2225 0.13374999999999998 0.1975 0.13374999999999998 0.1975 0.14625 0.2225 0.14625 0.2225 0.13374999999999998
5 0.13625 0.27999999999999997 0.12375 0.27999999999999997 0.12375 0.2975 0.13625 0.2975 0.13625 0.27999999999999997
5 0.18 0.21375000000000002 0.1675 0.21375000000000002 0.1675 0.23374999999999999 0.18 0.23374999999999999 0.18 0.21375000000000002
5 0.19125 0.22999999999999998 0.17625 0.22999999999999998 0.17625 0.25 0.19125 0.25 0.19125 0.22999999999999998
5 0.1675 0.23875000000000002 0.1575 0.23875000000000002 0.1575 0.25375000000000003 0.1675 0.25375000000000003 0.1675 0.23875000000000002
5 0.1625 0.2125 0.15 0.2125 0.15 0.23500000000000001 0.1625 0.23500000000000001 0.1625 0.2125
5 0.31124999999999997 0.26625 0.29125 0.26625 0.29125 0.27625 0.31124999999999997 0.27625 0.31124999999999997 0.26625
5 0.0975 0.5025000000000001 0.08249999999999999 0.5025000000000001 0.08249999999999999 0.5225 0.0975 0.5225 0.0975 0.5025000000000001
5 0.034999999999999996 0.53625 0.02 0.53625 0.02 0.55375 0.034999999999999996 0.55375 0.034999999999999996 0.53625
5 0.1525 0.5700000000000001 0.13999999999999999 0.5700000000000001 0.13999999999999999 0.5875 0.1525 0.5875 0.1525 0.5700000000000001
5 0.13625 0.60625 0.12625 0.60625 0.12625 0.62375 0.13625 0.62375 0.13625 0.60625
5 0.16625 0.58875 0.14875 0.58875 0.14875 0.61125 0.16625 0.61125 0.16625 0.58875
5 0.35125 0.5587500000000001 0.33875 0.5587500000000001 0.33875 0.57875 0.35125 0.57875 0.35125 0.5587500000000001
5 0.3625 0.5862499999999999 0.35 0.5862499999999999 0.35 0.60625 0.3625 0.60625 0.3625 0.5862499999999999
5 0.41125 0.71 0.39625 0.71 0.39625 0.7325 0.41125 0.7325 0.41125 0.71
5 0.43375 0.76 0.41875 0.76 0.41875 0.7849999999999999 0.43375 0.7849999999999999 0.43375 0.76
5 0.8324999999999999 0.85125 0.8074999999999999 0.85125 0.8074999999999999 0.86625 0.8324999999999999 0.86625 0.8324999999999999 0.85125
5 0.8087500000000001 0.8612500000000001 0.7837500000000001 0.8612500000000001 0.7837500000000001 0.87625 0.8087500000000001 0.87625 0.8087500000000001 0.8612500000000001
5 0.6950000000000001 0.83625 0.6825 0.83625 0.6825 0.85375 0.6950000000000001 0.85375 0.6950000000000001 0.83625
5 0.9125 0.735 0.9 0.735 0.9 0.7525000000000001 0.9125 0.7525000000000001 0.9125 0.735
5 0.9175000000000001 0.7525000000000001 0.9075 0.7525000000000001 0.9075 0.7675 0.9175000000000001 0.7675 0.9175000000000001 0.7525000000000001
5 0.93 0.7737499999999999 0.915 0.7737499999999999 0.915 0.79625 0.93 0.79625 0.93 0.7737499999999999
5 0.9800000000000001 0.9650000000000001 0.9650000000000001 0.9650000000000001 0.9650000000000001 0.985 0.9800000000000001 0.985 0.9800000000000001 0.9650000000000001
5 1 0.94625 0.9875 0.94625 0.9875 0.96875 1 0.96875 1 0.94625
5 0.7075 0.8712500000000001 0.6950000000000001 0.8712500000000001 0.6950000000000001 0.89125 0.7075 0.89125 0.7075 0.8712500000000001
5 0.82125 0.51 0.8087500000000001 0.51 0.8087500000000001 0.53 0.82125 0.53 0.82125 0.51
5 0.63875 0.63 0.62625 0.63 0.62625 0.65 0.63875 0.65 0.63875 0.63
5 0.10375000000000001 0.017499999999999998 0.08875 0.017499999999999998 0.08875 0.04 0.10375000000000001 0.04 0.10375000000000001 0.017499999999999998
5 0.21749999999999997 0.1675 0.20249999999999999 0.1675 0.20249999999999999 0.1875 0.21749999999999997 0.1875 0.21749999999999997 0.1675
5 0.15625 0.4125 0.13625 0.4125 0.13625 0.425 0.15625 0.425 0.15625 0.4125
5 0.0725 0.45375 0.05 0.45375 0.05 0.46624999999999994 0.0725 0.46624999999999994 0.0725 0.45375
5 0.86 0.64 0.8425 0.64 0.8425 0.67 0.86 0.67 0.86 0.64
5 0.54125 0.46875 0.5287499999999999 0.46875 0.5287499999999999 0.48875 0.54125 0.48875 0.54125 0.46875
5 0.20125 0.24625 0.18125 0.24625 0.18125 0.27875 0.20125 0.27875 0.20125 0.24625
5 0.15875 0.27999999999999997 0.13874999999999998 0.27999999999999997 0.13874999999999998 0.2975 0.15875 0.2975 0.15875 0.27999999999999997
5 0.155 0.0225 0.135 0.0225 0.135 0.0325 0.155 0.0325 0.155 0.0225
5 0.73375 0.29375 0.7162499999999999 0.29375 0.7162499999999999 0.31875 0.73375 0.31875 0.73375 0.29375
5 0.5037499999999999 0 0.5037499999999999 0.013750000000000002 0.51625 0.013750000000000002 0.51625 0 0.5037499999999999 0
5 0.46125 0.0125 0.44375 0.0125 0.44375 0.034999999999999996 0.46125 0.034999999999999996 0.46125 0.0125
5 0.44125 0.01875 0.42374999999999996 0.01875 0.42374999999999996 0.04375 0.44125 0.04375 0.44125 0.01875
5 0.4725 0.20375000000000001 0.45 0.20375000000000001 0.45 0.21875 0.4725 0.21875 0.4725 0.20375000000000001
5 0.02 0.8724999999999999 0.0025 0.8724999999999999 0.0025 0.89 0.02 0.89 0.02 0.8724999999999999
5 0.9662499999999999 0.35 0.94625 0.35 0.94625 0.3775 0.9662499999999999 0.3775 0.9662499999999999 0.35
5 0.27749999999999997 0.2625 0.25 0.2625 0.25 0.27999999999999997 0.27749999999999997 0.27999999999999997 0.27749999999999997 0.2625
5 0.875 0.7075 0.8574999999999999 0.7075 0.8574999999999999 0.7325 0.875 0.7325 0.875 0.7075
5 0.8237500000000001 0.5925 0.81125 0.5925 0.81125 0.615 0.8237500000000001 0.615 0.8237500000000001 0.5925
5 0.7837500000000001 0.41125 0.76625 0.41125 0.76625 0.43875000000000003 0.7837500000000001 0.43875000000000003 0.7837500000000001 0.41125
5 0.22000000000000003 0.7925 0.20249999999999999 0.7925 0.20249999999999999 0.8175000000000001 0.22000000000000003 0.8175000000000001 0.22000000000000003 0.7925
5 0.2475 0.32375 0.21749999999999997 0.32375 0.21749999999999997 0.33875 0.2475 0.33875 0.2475 0.32375
5 0.12625 0.24500000000000002 0.10625 0.24500000000000002 0.10625 0.27 0.12625 0.27 0.12625 0.24500000000000002
5 0.465 0.7675 0.4525 0.7675 0.4525 0.79 0.465 0.79 0.465 0.7675
5 0.29 0.9650000000000001 0.2725 0.9650000000000001 0.2725 0.9875 0.29 0.9875 0.29 0.9650000000000001
5 0.9349999999999999 0.86 0.925 0.86 0.925 0.89 0.9349999999999999 0.89 0.9349999999999999 0.86
5 0.12250000000000001 0.2125 0.1075 0.2125 0.1075 0.22999999999999998 0.12250000000000001 0.22999999999999998 0.12250000000000001 0.2125
5 0.36875 0.08499999999999999 0.30625 0.08499999999999999 0.30625 0.10500000000000001 0.36875 0.10500000000000001 0.36875 0.08499999999999999
5 0.62625 0.66875 0.61125 0.66875 0.61125 0.69375 0.62625 0.69375 0.62625 0.66875
5 0.1825 0.27125 0.16999999999999998 0.27125 0.16999999999999998 0.28875 0.1825 0.28875 0.1825 0.27125
5 0.13 0.265 0.1125 0.265 0.1125 0.27999999999999997 0.13 0.27999999999999997 0.13 0.265
5 0.19375 0.3675 0.18125 0.3675 0.18125 0.4 0.19375 0.4 0.19375 0.3675
5 0.0725 0.3525 0.052500000000000005 0.3525 0.052500000000000005 0.3675 0.0725 0.3675 0.0725 0.3525
5 0.1575 0.034999999999999996 0.1375 0.034999999999999996 0.1375 0.042499999999999996 0.1575 0.042499999999999996 0.1575 0.034999999999999996
5 0.24625 0.8787499999999999 0.23374999999999999 0.8787499999999999 0.23374999999999999 0.8887499999999999 0.24625 0.8887499999999999 0.24625 0.8787499999999999
5 0.645 0.9225 0.625 0.9225 0.625 0.9349999999999999 0.645 0.9349999999999999 0.645 0.9225
5 0.78 0.485 0.7675 0.485 0.7675 0.505 0.78 0.505 0.78 0.485
5 0.73 0.27999999999999997 0.71 0.27999999999999997 0.71 0.3 0.73 0.3 0.73 0.27999999999999997
5 0.13125 0.13125 0.11625 0.13125 0.11625 0.15125 0.13125 0.15125 0.13125 0.13125
5 0.48875 0.005 0.47375 0.005 0.47375 0.025 0.48875 0.025 0.48875 0.005
5 0.73 0.8412499999999999 0.71 0.8412499999999999 0.71 0.85375 0.73 0.85375 0.73 0.8412499999999999
5 0.70375 0.28625 0.68125 0.28625 0.68125 0.30625 0.70375 0.30625 0.70375 0.28625
5 0.91875 0.0475 0.8887499999999999 0.0475 0.8887499999999999 0.057499999999999996 0.91875 0.057499999999999996 0.91875 0.0475
5 0.475 0.80625 0.4625 0.80625 0.4625 0.83125 0.475 0.83125 0.475 0.80625
5 0.05 0.9487500000000001 0.0325 0.9487500000000001 0.0325 0.9737500000000001 0.05 0.9737500000000001 0.05 0.9487500000000001
5 0.52125 0.34125 0.50875 0.34125 0.50875 0.36124999999999996 0.52125 0.36124999999999996 0.52125 0.34125
5 0.0325 0.8887499999999999 0.01 0.8887499999999999 0.01 0.91375 0.0325 0.91375 0.0325 0.8887499999999999
5 0.9112500000000001 0.795 0.89375 0.795 0.89375 0.8175000000000001 0.9112500000000001 0.8175000000000001 0.9112500000000001 0.795
5 0.645 0.705 0.6224999999999999 0.705 0.6224999999999999 0.73 0.645 0.73 0.645 0.705
5 0.93875 0.2425 0.92125 0.2425 0.92125 0.26749999999999996 0.93875 0.26749999999999996 0.93875 0.2425
5 0.03875 0.91625 0.01625 0.91625 0.01625 0.9412499999999999 0.03875 0.9412499999999999 0.03875 0.91625
5 0.70875 0.30375 0.6912499999999999 0.30375 0.6912499999999999 0.32625000000000004 0.70875 0.32625000000000004 0.70875 0.30375
5 0.22875 0.29874999999999996 0.20875 0.29874999999999996 0.20875 0.30874999999999997 0.22875 0.30874999999999997 0.22875 0.29874999999999996
5 0.4375 0.06375 0.41500000000000004 0.06375 0.41500000000000004 0.07875 0.4375 0.07875 0.4375 0.06375
5 0.68875 0.8150000000000001 0.67375 0.8150000000000001 0.67375 0.8375 0.68875 0.8375 0.68875 0.8150000000000001
5 0.56375 0.51625 0.54875 0.51625 0.54875 0.5337500000000001 0.56375 0.5337500000000001 0.56375 0.51625
5 0.69625 0.26625 0.67125 0.26625 0.67125 0.28875 0.69625 0.28875 0.69625 0.26625
5 0.66625 0.13 0.64375 0.13 0.64375 0.145 0.66625 0.145 0.66625 0.13
5 0.1075 0.215 0.0975 0.215 0.0975 0.2375 0.1075 0.2375 0.1075 0.215
5 0.21625 0.28625 0.19125 0.28625 0.19125 0.30625 0.21625 0.30625 0.21625 0.28625
5 0.8574999999999999 0.58125 0.8375 0.58125 0.8375 0.60875 0.8574999999999999 0.60875 0.8574999999999999 0.58125
5 0.29500000000000004 0.925 0.2875 0.925 0.2875 0.9400000000000001 0.29500000000000004 0.9400000000000001 0.29500000000000004 0.925
5 0.55375 0.48624999999999996 0.53625 0.48624999999999996 0.53625 0.51125 0.55375 0.51125 0.55375 0.48624999999999996
5 0.9974999999999999 0.45 0.9824999999999999 0.45 0.9824999999999999 0.46749999999999997 0.9974999999999999 0.46749999999999997 0.9974999999999999 0.45
5 0.17875000000000002 0.255 0.16125 0.255 0.16125 0.26749999999999996 0.17875000000000002 0.26749999999999996 0.17875000000000002 0.255
5 0.30874999999999997 0.40625 0.29375 0.40625 0.29375 0.42874999999999996 0.30874999999999997 0.42874999999999996 0.30874999999999997 0.40625
5 0.54 0.39125 0.525 0.39125 0.525 0.41125 0.54 0.41125 0.54 0.39125
5 0.175 0.31375000000000003 0.125 0.31375000000000003 0.125 0.34375 0.175 0.34375 0.175 0.31375000000000003
5 0.44749999999999995 0.78625 0.425 0.78625 0.425 0.81375 0.44749999999999995 0.81375 0.44749999999999995 0.78625
5 0.34249999999999997 0.46749999999999997 0.32999999999999996 0.46749999999999997 0.32999999999999996 0.485 0.34249999999999997 0.485 0.34249999999999997 0.46749999999999997
5 0.195 0.7375 0.175 0.7375 0.175 0.76 0.195 0.76 0.195 0.7375