3 0.5175 0.8574999999999999 0.5075000000000001 0.8574999999999999 0.5075000000000001 0.865 0.5175 0.865 0.5175 0.8574999999999999
3 0.8300000000000001 0.49625 0.82 0.49625 0.82 0.5075000000000001 0.8300000000000001 0.5075000000000001 0.8300000000000001 0.49625
3 0.5387500000000001 0.8787499999999999 0.5287499999999999 0.8787499999999999 0.5287499999999999 0.88375 0.5387500000000001 0.88375 0.5387500000000001 0.8787499999999999
3 0.49874999999999997 0.50625 0.495 0.50625 0.495 0.5125 0.49874999999999997 0.5125 0.49874999999999997 0.50625
3 0.5325 0.86 0.5225 0.86 0.5225 0.86875 0.5325 0.86875 0.5325 0.86
3 0.7112499999999999 0.14250000000000002 0.70625 0.14250000000000002 0.70625 0.14750000000000002 0.7112499999999999 0.14750000000000002 0.7112499999999999 0.14250000000000002
3 0.55125 0.9412499999999999 0.5375 0.9412499999999999 0.5375 0.9512499999999999 0.55125 0.9512499999999999 0.55125 0.9412499999999999
3 0.5599999999999999 0.41 0.54875 0.41 0.54875 0.42125 0.5599999999999999 0.42125 0.5599999999999999 0.41
3 0.575 0.47125000000000006 0.5662499999999999 0.47125000000000006 0.5662499999999999 0.47874999999999995 0.575 0.47874999999999995 0.575 0.47125000000000006
3 0.5862499999999999 0.40499999999999997 0.57625 0.40499999999999997 0.57625 0.41125 0.5862499999999999 0.41125 0.5862499999999999 0.40499999999999997
3 0.5175 0.51 0.5075000000000001 0.51 0.5075000000000001 0.515 0.5175 0.515 0.5175 0.51