5 0.12 0.33999999999999997 0.095 0.33999999999999997 0.095 0.35750000000000004 0.12 0.35750000000000004 0.12 0.33999999999999997
5 0.14250000000000002 0.89 0.13 0.89 0.13 0.905 0.14250000000000002 0.905 0.14250000000000002 0.89
5 0.10874999999999999 0.89 0.08875 0.89 0.08875 0.9025000000000001 0.10874999999999999 0.9025000000000001 0.10874999999999999 0.89
5 0.16875 0.8125 0.15375 0.8125 0.15375 0.8275 0.16875 0.8275 0.16875 0.8125
5 0.16125 0.8275 0.14375 0.8275 0.14375 0.845 0.16125 0.845 0.16125 0.8275
5 0.1875 0.77625 0.17250000000000001 0.77625 0.17250000000000001 0.79375 0.1875 0.79375 0.1875 0.77625
5 0.19 0.7462500000000001 0.175 0.7462500000000001 0.175 0.76125 0.19 0.76125 0.19 0.7462500000000001
5 0.215 0.74 0.205 0.74 0.205 0.7525000000000001 0.215 0.7525000000000001 0.215 0.74
5 0.18 0.775 0.16499999999999998 0.775 0.16499999999999998 0.79 0.18 0.79 0.18 0.775
5 0.22749999999999998 0.795 0.2125 0.795 0.2125 0.8074999999999999 0.22749999999999998 0.8074999999999999 0.22749999999999998 0.795
5 0.21000000000000002 0.83375 0.195 0.83375 0.195 0.8487500000000001 0.21000000000000002 0.8487500000000001 0.21000000000000002 0.83375
5 0.16875 0.8625 0.15125 0.8625 0.15125 0.8800000000000001 0.16875 0.8800000000000001 0.16875 0.8625
5 0.34125 0.7025 0.32125 0.7025 0.32125 0.72 0.34125 0.72 0.34125 0.7025
5 0.41 0.66125 0.395 0.66125 0.395 0.67625 0.41 0.67625 0.41 0.66125
5 0.375 0.675 0.35750000000000004 0.675 0.35750000000000004 0.6900000000000001 0.375 0.6900000000000001 0.375 0.675
5 0.16499999999999998 0.6487499999999999 0.15 0.6487499999999999 0.15 0.6587500000000001 0.16499999999999998 0.6587500000000001 0.16499999999999998 0.6487499999999999
5 0.93 0.04375 0.9199999999999999 0.04375 0.9199999999999999 0.05625 0.93 0.05625 0.93 0.04375
5 0.9037499999999999 0.10124999999999999 0.89375 0.10124999999999999 0.89375 0.11374999999999999 0.9037499999999999 0.11374999999999999 0.9037499999999999 0.10124999999999999
5 0.8949999999999999 0.125 0.8825 0.125 0.8825 0.13999999999999999 0.8949999999999999 0.13999999999999999 0.8949999999999999 0.125
5 0.86 0.14125000000000001 0.85 0.14125000000000001 0.85 0.15625 0.86 0.15625 0.86 0.14125000000000001
5 0.875 0.16999999999999998 0.8625 0.16999999999999998 0.8625 0.185 0.875 0.185 0.875 0.16999999999999998
5 0.8412499999999999 0.1825 0.82875 0.1825 0.82875 0.1975 0.8412499999999999 0.1975 0.8412499999999999 0.1825
5 0.8 0.26375000000000004 0.79 0.26375000000000004 0.79 0.27625 0.8 0.27625 0.8 0.26375000000000004
5 0.78125 0.29500000000000004 0.76875 0.29500000000000004 0.76875 0.3125 0.78125 0.3125 0.78125 0.29500000000000004
5 0.6849999999999999 0.44000000000000006 0.67 0.44000000000000006 0.67 0.45499999999999996 0.6849999999999999 0.45499999999999996 0.6849999999999999 0.44000000000000006
5 0.64125 0.45875000000000005 0.62625 0.45875000000000005 0.62625 0.47375 0.64125 0.47375 0.64125 0.45875000000000005
5 0.6475 0.4725 0.635 0.4725 0.635 0.48250000000000004 0.6475 0.48250000000000004 0.6475 0.4725
5 0.60625 0.49000000000000005 0.5912499999999999 0.49000000000000005 0.5912499999999999 0.505 0.60625 0.505 0.60625 0.49000000000000005
5 0.57375 0.49749999999999994 0.5587500000000001 0.49749999999999994 0.5587500000000001 0.51 0.57375 0.51 0.57375 0.49749999999999994
5 0.59875 0.475 0.57625 0.475 0.57625 0.5 0.59875 0.5 0.59875 0.475
5 0.5725 0.53 0.5575 0.53 0.5575 0.5425 0.5725 0.5425 0.5725 0.53
5 0.5475 0.5650000000000001 0.53 0.5650000000000001 0.53 0.5775 0.5475 0.5775 0.5475 0.5650000000000001
5 0.5037499999999999 0.5700000000000001 0.48624999999999996 0.5700000000000001 0.48624999999999996 0.585 0.5037499999999999 0.585 0.5037499999999999 0.5700000000000001
5 0.4525 0.59875 0.4375 0.59875 0.4375 0.61375 0.4525 0.61375 0.4525 0.59875
5 0.4575 0.6224999999999999 0.4425 0.6224999999999999 0.4425 0.6375 0.4575 0.6375 0.4575 0.6224999999999999
5 0.43624999999999997 0.61 0.42374999999999996 0.61 0.42374999999999996 0.6224999999999999 0.43624999999999997 0.6224999999999999 0.43624999999999997 0.61
5 0.32375 0.7162499999999999 0.30625 0.7162499999999999 0.30625 0.73125 0.32375 0.73125 0.32375 0.7162499999999999
5 0.91875 0.01125 0.9112500000000001 0.01125 0.9112500000000001 0.028749999999999998 0.91875 0.028749999999999998 0.91875 0.01125
5 0.8787499999999999 0.045 0.8712500000000001 0.045 0.8712500000000001 0.06 0.8787499999999999 0.06 0.8787499999999999 0.045
5 0.845 0.025 0.8324999999999999 0.025 0.8324999999999999 0.04 0.845 0.04 0.845 0.025
5 0.835 0.013750000000000002 0.8150000000000001 0.013750000000000002 0.8150000000000001 0.026250000000000002 0.835 0.026250000000000002 0.835 0.013750000000000002
5 0.6287499999999999 0.12250000000000001 0.60875 0.12250000000000001 0.60875 0.1325 0.6287499999999999 0.1325 0.6287499999999999 0.12250000000000001
5 0.61125 0.445 0.58875 0.445 0.58875 0.45999999999999996 0.61125 0.45999999999999996 0.61125 0.445
5 0.41500000000000004 0.675 0.4025 0.675 0.4025 0.6849999999999999 0.41500000000000004 0.6849999999999999 0.41500000000000004 0.675
5 0.10500000000000001 0.6875 0.095 0.6875 0.095 0.7025 0.10500000000000001 0.7025 0.10500000000000001 0.6875
5 0.17625 0.3325 0.16625 0.3325 0.16625 0.355 0.17625 0.355 0.17625 0.3325
5 0.30375 0.07875 0.28875 0.07875 0.28875 0.08875 0.30375 0.08875 0.30375 0.07875
5 0.34125 0.29125 0.32875 0.29125 0.32875 0.31124999999999997 0.34125 0.31124999999999997 0.34125 0.29125
5 0.21749999999999997 0.4325 0.20249999999999999 0.4325 0.20249999999999999 0.45 0.21749999999999997 0.45 0.21749999999999997 0.4325
5 0.20249999999999999 0.38875000000000004 0.1825 0.38875000000000004 0.1825 0.40125 0.20249999999999999 0.40125 0.20249999999999999 0.38875000000000004
5 0.875 0.21625 0.8574999999999999 0.21625 0.8574999999999999 0.22625 0.875 0.22625 0.875 0.21625
5 0.8775000000000001 0.22875 0.86 0.22875 0.86 0.23625 0.8775000000000001 0.23625 0.8775000000000001 0.22875
5 0.8550000000000001 0.17875000000000002 0.845 0.17875000000000002 0.845 0.19125 0.8550000000000001 0.19125 0.8550000000000001 0.17875000000000002
5 0.8699999999999999 0.11750000000000001 0.8625 0.11750000000000001 0.8625 0.1325 0.8699999999999999 0.1325 0.8699999999999999 0.11750000000000001
5 0.9775 0.11625 0.9675 0.11625 0.9675 0.13125 0.9775 0.13125 0.9775 0.11625
5 0.9875 0.1275 0.9775 0.1275 0.9775 0.14250000000000002 0.9875 0.14250000000000002 0.9875 0.1275
5 0.9925 0.12875 0.985 0.12875 0.985 0.14625 0.9925 0.14625 0.9925 0.12875
5 0.5775 0.35875 0.5650000000000001 0.35875 0.5650000000000001 0.37124999999999997 0.5775 0.37124999999999997 0.5775 0.35875
5 0.51125 0.37625000000000003 0.49874999999999997 0.37625000000000003 0.49874999999999997 0.38125 0.51125 0.38125 0.51125 0.37625000000000003
5 0.5549999999999999 0.335 0.545 0.335 0.545 0.34750000000000003 0.5549999999999999 0.34750000000000003 0.5549999999999999 0.335
5 0.57875 0.27 0.56125 0.27 0.56125 0.27999999999999997 0.57875 0.27999999999999997 0.57875 0.27
5 0.57375 0.8025 0.55625 0.8025 0.55625 0.8150000000000001 0.57375 0.8150000000000001 0.57375 0.8025
5 0.36625 0.9737500000000001 0.36124999999999996 0.9737500000000001 0.36124999999999996 0.9862500000000001 0.36625 0.9862500000000001 0.36625 0.9737500000000001
5 0.01 0.8724999999999999 0.0025 0.8724999999999999 0.0025 0.885 0.01 0.885 0.01 0.8724999999999999
5 0 0.9037499999999999 0.01 0.9037499999999999 0.01 0.89125 0 0.89125 0 0.9037499999999999
5 0.01 0.905 0.0025 0.905 0.0025 0.9175000000000001 0.01 0.9175000000000001 0.01 0.905
5 0.04875 0.9199999999999999 0.03125 0.9199999999999999 0.03125 0.9324999999999999 0.04875 0.9324999999999999 0.04875 0.9199999999999999
5 0.04625 0.9275 0.028749999999999998 0.9275 0.028749999999999998 0.9400000000000001 0.04625 0.9400000000000001 0.04625 0.9275