5 0.08499999999999999 0.4175 0.0675 0.4175 0.0675 0.4375 0.08499999999999999 0.4375 0.08499999999999999 0.4175
5 0.09125 0.39875 0.07875 0.39875 0.07875 0.41624999999999995 0.09125 0.41624999999999995 0.09125 0.39875
5 0.0975 0.37374999999999997 0.09 0.37374999999999997 0.09 0.39125 0.0975 0.39125 0.0975 0.37374999999999997
5 0.10625 0.35875 0.09375 0.35875 0.09375 0.37374999999999997 0.10625 0.37374999999999997 0.10625 0.35875
5 0.1125 0.34249999999999997 0.1 0.34249999999999997 0.1 0.35750000000000004 0.1125 0.35750000000000004 0.1125 0.34249999999999997
5 0.28500000000000003 0.6775 0.2725 0.6775 0.2725 0.6975 0.28500000000000003 0.6975 0.28500000000000003 0.6775
5 0.33125 0.64125 0.31625000000000003 0.64125 0.31625000000000003 0.6537499999999999 0.33125 0.6537499999999999 0.33125 0.64125
5 0.40875000000000006 0.70625 0.39625 0.70625 0.39625 0.71875 0.40875000000000006 0.71875 0.40875000000000006 0.70625
5 0.3275 0.67 0.315 0.67 0.315 0.6825 0.3275 0.6825 0.3275 0.67
5 0.12625 0.27 0.11374999999999999 0.27 0.11374999999999999 0.28250000000000003 0.12625 0.28250000000000003 0.12625 0.27
5 0.18875 0.79625 0.17375000000000002 0.79625 0.17375000000000002 0.81875 0.18875 0.81875 0.18875 0.79625
5 0.55375 0.945 0.5387500000000001 0.945 0.5387500000000001 0.9574999999999999 0.55375 0.9574999999999999 0.55375 0.945
5 0.22749999999999998 0.755 0.22000000000000003 0.755 0.22000000000000003 0.765 0.22749999999999998 0.765 0.22749999999999998 0.755
5 0.18 0.9349999999999999 0.1625 0.9349999999999999 0.1625 0.945 0.18 0.945 0.18 0.9349999999999999
5 0.36875 0.6912499999999999 0.35125 0.6912499999999999 0.35125 0.69875 0.36875 0.69875 0.36875 0.6912499999999999
5 0.3375 0.6837500000000001 0.3275 0.6837500000000001 0.3275 0.6912499999999999 0.3375 0.6912499999999999 0.3375 0.6837500000000001
5 0.37875000000000003 0.42750000000000005 0.36625 0.42750000000000005 0.36625 0.44749999999999995 0.37875000000000003 0.44749999999999995 0.37875000000000003 0.42750000000000005
5 0.3675 0.45499999999999996 0.36 0.45499999999999996 0.36 0.47000000000000003 0.3675 0.47000000000000003 0.3675 0.45499999999999996
5 0.11000000000000001 0.9724999999999999 0.1 0.9724999999999999 0.1 0.985 0.11000000000000001 0.985 0.11000000000000001 0.9724999999999999
5 0.1 0.9712500000000001 0.09 0.9712500000000001 0.09 0.98375 0.1 0.98375 0.1 0.9712500000000001