5 0.71375 0.04375 0.69375 0.04375 0.69375 0.05125 0.71375 0.05125 0.71375 0.04375
5 0.74375 0.061250000000000006 0.7212500000000001 0.061250000000000006 0.7212500000000001 0.06875 0.74375 0.06875 0.74375 0.061250000000000006
5 0.7725 0.075 0.75 0.075 0.75 0.0875 0.7725 0.0875 0.7725 0.075
5 0.765 0.0875 0.7424999999999999 0.0875 0.7424999999999999 0.0975 0.765 0.0975 0.765 0.0875
5 0.79 0.09 0.77 0.09 0.77 0.1 0.79 0.1 0.79 0.09
5 0.78625 0.09875 0.76375 0.09875 0.76375 0.11125 0.78625 0.11125 0.78625 0.09875
5 0.78625 0.10874999999999999 0.76375 0.10874999999999999 0.76375 0.12125 0.78625 0.12125 0.78625 0.10874999999999999
5 0.7775000000000001 0.1325 0.755 0.1325 0.755 0.145 0.7775000000000001 0.145 0.7775000000000001 0.1325
5 0.7737499999999999 0.15375 0.74875 0.15375 0.74875 0.16375 0.7737499999999999 0.16375 0.7737499999999999 0.15375
5 0.70625 0.12875 0.69625 0.12875 0.69625 0.14875 0.70625 0.14875 0.70625 0.12875
5 0.68125 0.15 0.66875 0.15 0.66875 0.17250000000000001 0.68125 0.17250000000000001 0.68125 0.15
5 0.6900000000000001 0.15375 0.6799999999999999 0.15375 0.6799999999999999 0.17625 0.6900000000000001 0.17625 0.6900000000000001 0.15375
5 0.70125 0.1575 0.6912499999999999 0.1575 0.6912499999999999 0.18 0.70125 0.18 0.70125 0.1575
5 0.6625 0.185 0.64 0.185 0.64 0.1975 0.6625 0.1975 0.6625 0.185
5 0.6012500000000001 0.15125 0.57875 0.15125 0.57875 0.16375 0.6012500000000001 0.16375 0.6012500000000001 0.15125