5 0.1675 0.5625 0.15 0.5625 0.15 0.5775 0.1675 0.5775 0.1675 0.5625
5 0.28625 0.525 0.27125 0.525 0.27125 0.5375 0.28625 0.5375 0.28625 0.525
5 0.21625 0.48875 0.20125 0.48875 0.20125 0.50125 0.21625 0.50125 0.21625 0.48875
5 0.29 0.43 0.2725 0.43 0.2725 0.445 0.29 0.445 0.29 0.43
5 0.32 0.42874999999999996 0.3 0.42874999999999996 0.3 0.44375 0.32 0.44375 0.32 0.42874999999999996
5 0.3075 0.45999999999999996 0.2925 0.45999999999999996 0.2925 0.4725 0.3075 0.4725 0.3075 0.45999999999999996
5 0.43875000000000003 0.49749999999999994 0.41875 0.49749999999999994 0.41875 0.5125 0.43875000000000003 0.5125 0.43875000000000003 0.49749999999999994
5 0.48125 0.47874999999999995 0.46375 0.47874999999999995 0.46375 0.49124999999999996 0.48125 0.49124999999999996 0.48125 0.47874999999999995
5 0.43624999999999997 0.36625 0.41624999999999995 0.36625 0.41624999999999995 0.37875000000000003 0.43624999999999997 0.37875000000000003 0.43624999999999997 0.36625
5 0.48375 0.37124999999999997 0.46375 0.37124999999999997 0.46375 0.38375 0.48375 0.38375 0.48375 0.37124999999999997
5 0.47874999999999995 0.3825 0.45875000000000005 0.3825 0.45875000000000005 0.395 0.47874999999999995 0.395 0.47874999999999995 0.3825
5 0.18125 0.74875 0.17124999999999999 0.74875 0.17124999999999999 0.76875 0.18125 0.76875 0.18125 0.74875
5 0.195 0.76625 0.1825 0.76625 0.1825 0.7837500000000001 0.195 0.7837500000000001 0.195 0.76625
5 0.185 0.8275 0.175 0.8275 0.175 0.845 0.185 0.845 0.185 0.8275
5 0.22374999999999998 0.9 0.20875 0.9 0.20875 0.9225 0.22374999999999998 0.9225 0.22374999999999998 0.9
5 0.23500000000000001 0.9324999999999999 0.2225 0.9324999999999999 0.2225 0.95 0.23500000000000001 0.95 0.23500000000000001 0.9324999999999999
5 0.28375 0.97 0.26625 0.97 0.26625 0.985 0.28375 0.985 0.28375 0.97
5 0.7725 0.9087500000000001 0.76 0.9087500000000001 0.76 0.9262499999999999 0.7725 0.9262499999999999 0.7725 0.9087500000000001
5 0.8225 0.825 0.8099999999999999 0.825 0.8099999999999999 0.8425 0.8225 0.8425 0.8225 0.825
5 0.75125 0.6825 0.74375 0.6825 0.74375 0.6975 0.75125 0.6975 0.75125 0.6825
5 0.7175 0.79625 0.705 0.79625 0.705 0.8087500000000001 0.7175 0.8087500000000001 0.7175 0.79625
5 0.8550000000000001 0.8612500000000001 0.8400000000000001 0.8612500000000001 0.8400000000000001 0.87625 0.8550000000000001 0.87625 0.8550000000000001 0.8612500000000001
5 0.9349999999999999 0.8875 0.915 0.8875 0.915 0.8975 0.9349999999999999 0.8975 0.9349999999999999 0.8875
5 0.98375 0.8875 0.9662499999999999 0.8875 0.9662499999999999 0.9 0.98375 0.9 0.98375 0.8875
5 1 0.8875 0.99 0.8875 0.99 0.9 1 0.9 1 0.8875
5 0.6375 0.5900000000000001 0.63 0.5900000000000001 0.63 0.6025 0.6375 0.6025 0.6375 0.5900000000000001
5 0.6587500000000001 0.6025 0.64625 0.6025 0.64625 0.62 0.6587500000000001 0.62 0.6587500000000001 0.6025
5 0.6212500000000001 0.51125 0.61375 0.51125 0.61375 0.5287499999999999 0.6212500000000001 0.5287499999999999 0.6212500000000001 0.51125
5 0.60375 0.475 0.5912499999999999 0.475 0.5912499999999999 0.4925 0.60375 0.4925 0.60375 0.475
5 0.5650000000000001 0.31875 0.5525 0.31875 0.5525 0.33375 0.5650000000000001 0.33375 0.5650000000000001 0.31875
5 0.5725 0.39625 0.5625 0.39625 0.5625 0.41375 0.5725 0.41375 0.5725 0.39625
5 0.55 0.18625 0.54 0.18625 0.54 0.20375000000000001 0.55 0.20375000000000001 0.55 0.18625
5 0.32375 0.16625 0.30874999999999997 0.16625 0.30874999999999997 0.18125 0.32375 0.18125 0.32375 0.16625
5 0.42625 0.05375 0.40625 0.05375 0.40625 0.08125 0.42625 0.08125 0.42625 0.05375
5 0.43375 0.013750000000000002 0.41875 0.013750000000000002 0.41875 0.041249999999999995 0.43375 0.041249999999999995 0.43375 0.013750000000000002
5 0.22625 0.03875 0.20375000000000001 0.03875 0.20375000000000001 0.04875 0.22625 0.04875 0.22625 0.03875
5 0.67375 0.33375 0.6587500000000001 0.33375 0.6587500000000001 0.34875 0.67375 0.34875 0.67375 0.33375
5 0.6849999999999999 0.3775 0.67 0.3775 0.67 0.39 0.6849999999999999 0.39 0.6849999999999999 0.3775
5 0.73 0.35375 0.7125 0.35375 0.7125 0.36625 0.73 0.36625 0.73 0.35375
5 0.7424999999999999 0.3075 0.7224999999999999 0.3075 0.7224999999999999 0.32 0.7424999999999999 0.32 0.7424999999999999 0.3075
5 0.7875 0.31625000000000003 0.77 0.31625000000000003 0.77 0.33125 0.7875 0.33125 0.7875 0.31625000000000003
5 0.8 0.24375 0.7825 0.24375 0.7825 0.25875 0.8 0.25875 0.8 0.24375
5 0.8625 0.26 0.8474999999999999 0.26 0.8474999999999999 0.2725 0.8625 0.2725 0.8625 0.26
5 0.8525 0.27999999999999997 0.835 0.27999999999999997 0.835 0.2925 0.8525 0.2925 0.8525 0.27999999999999997
5 0.8637499999999999 0.2875 0.8487500000000001 0.2875 0.8487500000000001 0.3 0.8637499999999999 0.3 0.8637499999999999 0.2875
5 0.9099999999999999 0.27375 0.8925000000000001 0.27375 0.8925000000000001 0.28875 0.9099999999999999 0.28875 0.9099999999999999 0.27375
5 0.8262499999999999 0.19375 0.80625 0.19375 0.80625 0.20875 0.8262499999999999 0.20875 0.8262499999999999 0.19375
5 0.8487500000000001 0.1625 0.83125 0.1625 0.83125 0.175 0.8487500000000001 0.175 0.8487500000000001 0.1625
5 0.9862500000000001 0.19375 0.9737500000000001 0.19375 0.9737500000000001 0.20625 0.9862500000000001 0.20625 0.9862500000000001 0.19375
5 0.045 0.32 0.025 0.32 0.025 0.335 0.045 0.335 0.045 0.32
5 0.015 0.33625 0.0025 0.33625 0.0025 0.35625 0.015 0.35625 0.015 0.33625
5 0.30625 0.05500000000000001 0.27875 0.05500000000000001 0.27875 0.0675 0.30625 0.0675 0.30625 0.05500000000000001
5 0.31625000000000003 0.32875 0.29625 0.32875 0.29625 0.34375 0.31625000000000003 0.34375 0.31625000000000003 0.32875
5 0.375 0.15875 0.34249999999999997 0.15875 0.34249999999999997 0.18375 0.375 0.18375 0.375 0.15875
5 0.21875 0.1275 0.20375000000000001 0.1275 0.20375000000000001 0.1575 0.21875 0.1575 0.21875 0.1275