5 0.04625 0.9525 0.028749999999999998 0.9525 0.028749999999999998 0.9675 0.04625 0.9675 0.04625 0.9525
5 0.135 0.9824999999999999 0.12250000000000001 0.9824999999999999 0.12250000000000001 0.99 0.135 0.99 0.135 0.9824999999999999
5 0.71 0.98125 0.6975 0.98125 0.6975 0.99875 0.71 0.99875 0.71 0.98125
5 0.7375 0.94375 0.7275 0.94375 0.7275 0.96125 0.7375 0.96125 0.7375 0.94375
5 0.42625 0.9862500000000001 0.41125 0.9862500000000001 0.41125 0.9962500000000001 0.42625 0.9962500000000001 0.42625 0.9862500000000001
5 0.41 0.9487500000000001 0.39249999999999996 0.9487500000000001 0.39249999999999996 0.95875 0.41 0.95875 0.41 0.9487500000000001
5 0.43125 0.9675 0.41125 0.9675 0.41125 0.975 0.43125 0.975 0.43125 0.9675
5 0.43499999999999994 0.96125 0.41500000000000004 0.96125 0.41500000000000004 0.9662499999999999 0.43499999999999994 0.9662499999999999 0.43499999999999994 0.96125
5 0.43875000000000003 0.95 0.41624999999999995 0.95 0.41624999999999995 0.9574999999999999 0.43875000000000003 0.9574999999999999 0.43875000000000003 0.95
5 0.44125 0.9412499999999999 0.42125 0.9412499999999999 0.42125 0.9487500000000001 0.44125 0.9487500000000001 0.44125 0.9412499999999999
5 0.44125 0.9262499999999999 0.42374999999999996 0.9262499999999999 0.42374999999999996 0.9337500000000001 0.44125 0.9337500000000001 0.44125 0.9262499999999999
5 0.6675 0.9099999999999999 0.655 0.9099999999999999 0.655 0.9324999999999999 0.6675 0.9324999999999999 0.6675 0.9099999999999999
5 0.75125 0.905 0.73625 0.905 0.73625 0.9225 0.75125 0.9225 0.75125 0.905
5 0.75 0.8574999999999999 0.735 0.8574999999999999 0.735 0.8775000000000001 0.75 0.8775000000000001 0.75 0.8574999999999999
5 0.73375 0.8550000000000001 0.7212500000000001 0.8550000000000001 0.7212500000000001 0.8724999999999999 0.73375 0.8724999999999999 0.73375 0.8550000000000001
5 0.7575000000000001 0.8125 0.745 0.8125 0.745 0.8324999999999999 0.7575000000000001 0.8324999999999999 0.7575000000000001 0.8125
5 0.5375 0.73625 0.525 0.73625 0.525 0.7537499999999999 0.5375 0.7537499999999999 0.5375 0.73625
5 0.5575 0.73 0.5425 0.73 0.5425 0.7474999999999999 0.5575 0.7474999999999999 0.5575 0.73
5 0.57375 0.6487499999999999 0.5587500000000001 0.6487499999999999 0.5587500000000001 0.67125 0.57375 0.67125 0.57375 0.6487499999999999
5 0.69625 0.74 0.68625 0.74 0.68625 0.755 0.69625 0.755 0.69625 0.74
5 0.71375 0.7224999999999999 0.70375 0.7224999999999999 0.70375 0.74 0.71375 0.74 0.71375 0.7224999999999999
5 0.7224999999999999 0.6675 0.7125 0.6675 0.7125 0.6799999999999999 0.7224999999999999 0.6799999999999999 0.7224999999999999 0.6675
5 0.8099999999999999 0.74875 0.795 0.74875 0.795 0.76375 0.8099999999999999 0.76375 0.8099999999999999 0.74875
5 0.07625 0.53625 0.05625 0.53625 0.05625 0.55125 0.07625 0.55125 0.07625 0.53625
5 0.305 0.61375 0.275 0.61375 0.275 0.62375 0.305 0.62375 0.305 0.61375
5 0.22875 0.5862499999999999 0.20875 0.5862499999999999 0.20875 0.59875 0.22875 0.59875 0.22875 0.5862499999999999
5 0.17250000000000001 0.25375000000000003 0.1325 0.25375000000000003 0.1325 0.31375000000000003 0.17250000000000001 0.31375000000000003 0.17250000000000001 0.25375000000000003
5 0.08375 0.355 0.06375 0.355 0.06375 0.3675 0.08375 0.3675 0.08375 0.355
5 0.1075 0.35125 0.08499999999999999 0.35125 0.08499999999999999 0.36375 0.1075 0.36375 0.1075 0.35125
5 0.13 0.34249999999999997 0.11000000000000001 0.34249999999999997 0.11000000000000001 0.3525 0.13 0.3525 0.13 0.34249999999999997
5 0.15 0.34125 0.1275 0.34125 0.1275 0.35375 0.15 0.35375 0.15 0.34125
5 0.40374999999999994 0.29874999999999996 0.38625 0.29874999999999996 0.38625 0.31124999999999997 0.40374999999999994 0.31124999999999997 0.40374999999999994 0.29874999999999996
5 0.42374999999999996 0.26749999999999996 0.40374999999999994 0.26749999999999996 0.40374999999999994 0.27749999999999997 0.42374999999999996 0.27749999999999997 0.42374999999999996 0.26749999999999996
5 0.48875 0.27999999999999997 0.47375 0.27999999999999997 0.47375 0.2975 0.48875 0.2975 0.48875 0.27999999999999997
5 0.37625000000000003 0.62625 0.33375 0.62625 0.33375 0.64625 0.37625000000000003 0.64625 0.37625000000000003 0.62625
5 0.23500000000000001 0.5599999999999999 0.19 0.5599999999999999 0.19 0.5875 0.23500000000000001 0.5875 0.23500000000000001 0.5599999999999999
5 0.185 0.51375 0.14250000000000002 0.51375 0.14250000000000002 0.54125 0.185 0.54125 0.185 0.51375
5 0.50875 0.2725 0.49124999999999996 0.2725 0.49124999999999996 0.2925 0.50875 0.2925 0.50875 0.2725
5 0.5287499999999999 0.265 0.51125 0.265 0.51125 0.28250000000000003 0.5287499999999999 0.28250000000000003 0.5287499999999999 0.265
5 0.54375 0.2575 0.52625 0.2575 0.52625 0.27749999999999997 0.54375 0.27749999999999997 0.54375 0.2575
5 0.5525 0.25375000000000003 0.5375 0.25375000000000003 0.5375 0.27125 0.5525 0.27125 0.5525 0.25375000000000003
5 0.5650000000000001 0.2475 0.545 0.2475 0.545 0.265 0.5650000000000001 0.265 0.5650000000000001 0.2475
5 0.575 0.24125000000000002 0.5599999999999999 0.24125000000000002 0.5599999999999999 0.26125 0.575 0.26125 0.575 0.24125000000000002
5 0.5912499999999999 0.23625 0.57125 0.23625 0.57125 0.25625 0.5912499999999999 0.25625 0.5912499999999999 0.23625
5 0.3725 0.195 0.35750000000000004 0.195 0.35750000000000004 0.21000000000000002 0.3725 0.21000000000000002 0.3725 0.195
5 0.65 0.1025 0.64 0.1025 0.64 0.1125 0.65 0.1125 0.65 0.1025
5 0.63875 0.10375000000000001 0.63125 0.10375000000000001 0.63125 0.11625 0.63875 0.11625 0.63875 0.10375000000000001
5 0.3375 0.11374999999999999 0.32 0.11374999999999999 0.32 0.13625 0.3375 0.13625 0.3375 0.11374999999999999
5 0.32375 0.06625 0.30874999999999997 0.06625 0.30874999999999997 0.08375 0.32375 0.08375 0.32375 0.06625
5 0.30625 0.03875 0.28875 0.03875 0.28875 0.05625 0.30625 0.05625 0.30625 0.03875
5 0.2925 0.025 0.27999999999999997 0.025 0.27999999999999997 0.0375 0.2925 0.0375 0.2925 0.025
5 0 0.12 0.01125 0.12 0.01125 0.11000000000000001 0 0.11000000000000001 0 0.12
5 0.042499999999999996 0.06 0.0225 0.06 0.0225 0.0725 0.042499999999999996 0.0725 0.042499999999999996 0.06
5 0.05375 0.05 0.03625 0.05 0.03625 0.0675 0.05375 0.0675 0.05375 0.05
5 0.0625 0.04375 0.0475 0.04375 0.0475 0.061250000000000006 0.0625 0.061250000000000006 0.0625 0.04375
5 0.09625 0.03625 0.08375 0.03625 0.08375 0.04875 0.09625 0.04875 0.09625 0.03625
5 0.10874999999999999 0.027500000000000004 0.09625 0.027500000000000004 0.09625 0.0375 0.10874999999999999 0.0375 0.10874999999999999 0.027500000000000004
5 0.155 0.0475 0.135 0.0475 0.135 0.06 0.155 0.06 0.155 0.0475
5 1 0.85 0.95375 0.85 0.95375 0.8675 1 0.8675 1 0.85
5 0.97 0.8862500000000001 0.9425000000000001 0.8862500000000001 0.9425000000000001 0.89875 0.97 0.89875 0.97 0.8862500000000001
4 0.9087500000000001 0.745 0.88125 0.745 0.88125 0.7725 0.9087500000000001 0.7725 0.9087500000000001 0.745
5 0.73 0.625 0.7125 0.625 0.7125 0.645 0.73 0.645 0.73 0.625
5 0.73875 0.5725 0.72375 0.5725 0.72375 0.5925 0.73875 0.5925 0.73875 0.5725
5 0.75125 0.5425 0.73875 0.5425 0.73875 0.5625 0.75125 0.5625 0.75125 0.5425
5 0.61625 0.49625 0.6012500000000001 0.49625 0.6012500000000001 0.51625 0.61625 0.51625 0.61625 0.49625
5 0.6675 0.4625 0.6525000000000001 0.4625 0.6525000000000001 0.4725 0.6675 0.4725 0.6675 0.4625
5 0.6912499999999999 0.46749999999999997 0.66875 0.46749999999999997 0.66875 0.47750000000000004 0.6912499999999999 0.47750000000000004 0.6912499999999999 0.46749999999999997
5 0.7150000000000001 0.4725 0.6900000000000001 0.4725 0.6900000000000001 0.485 0.7150000000000001 0.485 0.7150000000000001 0.4725
5 0.73 0.47000000000000003 0.72 0.47000000000000003 0.72 0.4875 0.73 0.4875 0.73 0.47000000000000003
5 0.7275 0.51125 0.7175 0.51125 0.7175 0.53125 0.7275 0.53125 0.7275 0.51125
5 0.7424999999999999 0.45499999999999996 0.7325 0.45499999999999996 0.7325 0.46749999999999997 0.7424999999999999 0.46749999999999997 0.7424999999999999 0.45499999999999996
5 0.74 0.4175 0.725 0.4175 0.725 0.4325 0.74 0.4325 0.74 0.4175
5 0.8099999999999999 0.5375 0.7975 0.5375 0.7975 0.5549999999999999 0.8099999999999999 0.5549999999999999 0.8099999999999999 0.5375
5 0.8387499999999999 0.5337500000000001 0.8262499999999999 0.5337500000000001 0.8262499999999999 0.55375 0.8387499999999999 0.55375 0.8387499999999999 0.5337500000000001
5 0.83375 0.5175 0.82125 0.5175 0.82125 0.5349999999999999 0.83375 0.5349999999999999 0.83375 0.5175
5 0.8625 0.48624999999999996 0.8474999999999999 0.48624999999999996 0.8474999999999999 0.5037499999999999 0.8625 0.5037499999999999 0.8625 0.48624999999999996
5 0.85875 0.47125000000000006 0.8412499999999999 0.47125000000000006 0.8412499999999999 0.49124999999999996 0.85875 0.49124999999999996 0.85875 0.47125000000000006
5 0.85875 0.45125000000000004 0.84375 0.45125000000000004 0.84375 0.47125000000000006 0.85875 0.47125000000000006 0.85875 0.45125000000000004
5 0.8775000000000001 0.445 0.8675 0.445 0.8675 0.4625 0.8775000000000001 0.4625 0.8775000000000001 0.445
5 0.89 0.40125 0.8825 0.40125 0.8825 0.41875 0.89 0.41875 0.89 0.40125
5 0.735 0.37374999999999997 0.7224999999999999 0.37374999999999997 0.7224999999999999 0.39625 0.735 0.39625 0.735 0.37374999999999997
5 0.7575000000000001 0.375 0.7375 0.375 0.7375 0.395 0.7575000000000001 0.395 0.7575000000000001 0.375
5 0.7837500000000001 0.34750000000000003 0.77125 0.34750000000000003 0.77125 0.3625 0.7837500000000001 0.3625 0.7837500000000001 0.34750000000000003
5 0.8724999999999999 0.38625 0.8625 0.38625 0.8625 0.40625 0.8724999999999999 0.40625 0.8724999999999999 0.38625
5 0.8712500000000001 0.35750000000000004 0.85875 0.35750000000000004 0.85875 0.3775 0.8712500000000001 0.3775 0.8712500000000001 0.35750000000000004
5 0.8775000000000001 0.33375 0.8675 0.33375 0.8675 0.35125 0.8775000000000001 0.35125 0.8775000000000001 0.33375
5 0.88375 0.26875 0.87375 0.26875 0.87375 0.29125 0.88375 0.29125 0.88375 0.26875
5 0.8099999999999999 0.3025 0.795 0.3025 0.795 0.315 0.8099999999999999 0.315 0.8099999999999999 0.3025
5 0.8 0.2875 0.7875 0.2875 0.7875 0.3025 0.8 0.3025 0.8 0.2875
5 0.825 0.26875 0.8125 0.26875 0.8125 0.28625 0.825 0.28625 0.825 0.26875
5 0.8175000000000001 0.24 0.8025 0.24 0.8025 0.2625 0.8175000000000001 0.2625 0.8175000000000001 0.24
5 0.835 0.23625 0.82 0.23625 0.82 0.25375000000000003 0.835 0.25375000000000003 0.835 0.23625
5 0.8775000000000001 0.22000000000000003 0.8675 0.22000000000000003 0.8675 0.2375 0.8775000000000001 0.2375 0.8775000000000001 0.22000000000000003
5 0.83375 0.1975 0.8237500000000001 0.1975 0.8237500000000001 0.215 0.83375 0.215 0.83375 0.1975
5 0.8975 0.1975 0.8875 0.1975 0.8875 0.21749999999999997 0.8975 0.21749999999999997 0.8975 0.1975
5 0.85625 0.17250000000000001 0.8462500000000001 0.17250000000000001 0.8462500000000001 0.1925 0.85625 0.1925 0.85625 0.17250000000000001
5 0.85625 0.14375 0.8412499999999999 0.14375 0.8412499999999999 0.16375 0.85625 0.16375 0.85625 0.14375
5 0.86875 0.13625 0.85625 0.13625 0.85625 0.15375 0.86875 0.15375 0.86875 0.13625
5 0.8612500000000001 0.10874999999999999 0.8462500000000001 0.10874999999999999 0.8462500000000001 0.13374999999999998 0.8612500000000001 0.13374999999999998 0.8612500000000001 0.10874999999999999
5 0.8775000000000001 0.09625 0.8675 0.09625 0.8675 0.11125 0.8775000000000001 0.11125 0.8775000000000001 0.09625
5 0.86625 0.07125000000000001 0.85625 0.07125000000000001 0.85625 0.08875 0.86625 0.08875 0.86625 0.07125000000000001
5 0.91625 0.06999999999999999 0.90625 0.06999999999999999 0.90625 0.0875 0.91625 0.0875 0.91625 0.06999999999999999
5 0.89125 0.04375 0.8787499999999999 0.04375 0.8787499999999999 0.06875 0.89125 0.06875 0.89125 0.04375
5 1 0.1025 0.98125 0.1025 0.98125 0.11499999999999999 1 0.11499999999999999 1 0.1025
5 0.95 0.7849999999999999 0.9375 0.7849999999999999 0.9375 0.8074999999999999 0.95 0.8074999999999999 0.95 0.7849999999999999
4 0.905 0.67875 0.885 0.67875 0.885 0.71375 0.905 0.71375 0.905 0.67875
5 0.64 0.46624999999999994 0.62 0.46624999999999994 0.62 0.48624999999999996 0.64 0.48624999999999996 0.64 0.46624999999999994
5 0.3325 0.08499999999999999 0.32 0.08499999999999999 0.32 0.1 0.3325 0.1 0.3325 0.08499999999999999