3 0.8012499999999999 0.50125 0.7737499999999999 0.50125 0.7737499999999999 0.51375 0.8012499999999999 0.51375 0.8012499999999999 0.50125
3 0.79 0.49124999999999996 0.77 0.49124999999999996 0.77 0.5037499999999999 0.79 0.5037499999999999 0.79 0.49124999999999996
3 0.7849999999999999 0.48375 0.7625 0.48375 0.7625 0.49625 0.7849999999999999 0.49625 0.7849999999999999 0.48375
5 0.82 0.37124999999999997 0.805 0.37124999999999997 0.805 0.38875000000000004 0.82 0.38875000000000004 0.82 0.37124999999999997
3 0.43499999999999994 0.041249999999999995 0.4125 0.041249999999999995 0.4125 0.05125 0.43499999999999994 0.05125 0.43499999999999994 0.041249999999999995
5 0.485 0.034999999999999996 0.475 0.034999999999999996 0.475 0.052500000000000005 0.485 0.052500000000000005 0.485 0.034999999999999996
5 0.82125 0.017499999999999998 0.79375 0.017499999999999998 0.79375 0.042499999999999996 0.82125 0.042499999999999996 0.82125 0.017499999999999998
5 0.7787499999999999 0.017499999999999998 0.7537499999999999 0.017499999999999998 0.7537499999999999 0.027500000000000004 0.7787499999999999 0.027500000000000004 0.7787499999999999 0.017499999999999998
5 0.7737499999999999 0.027500000000000004 0.75625 0.027500000000000004 0.75625 0.034999999999999996 0.7737499999999999 0.034999999999999996 0.7737499999999999 0.027500000000000004
5 0.7787499999999999 0.042499999999999996 0.75625 0.042499999999999996 0.75625 0.052500000000000005 0.7787499999999999 0.052500000000000005 0.7787499999999999 0.042499999999999996
5 0.78 0.052500000000000005 0.7575000000000001 0.052500000000000005 0.7575000000000001 0.06 0.78 0.06 0.78 0.052500000000000005
5 0.7787499999999999 0.0675 0.75625 0.0675 0.75625 0.0775 0.7787499999999999 0.0775 0.7787499999999999 0.0675
5 0.77625 0.08249999999999999 0.7537499999999999 0.08249999999999999 0.7537499999999999 0.095 0.77625 0.095 0.77625 0.08249999999999999
5 0.73125 0.025 0.70875 0.025 0.70875 0.034999999999999996 0.73125 0.034999999999999996 0.73125 0.025
5 0.73 0.03625 0.7075 0.03625 0.7075 0.04375 0.73 0.04375 0.73 0.03625
5 0.7262500000000001 0.045 0.70125 0.045 0.70125 0.052500000000000005 0.7262500000000001 0.052500000000000005 0.7262500000000001 0.045
5 0.7262500000000001 0.05375 0.70375 0.05375 0.70375 0.061250000000000006 0.7262500000000001 0.061250000000000006 0.7262500000000001 0.05375
5 0.725 0.06 0.7 0.06 0.7 0.0675 0.725 0.0675 0.725 0.06
5 0.725 0.06999999999999999 0.7025 0.06999999999999999 0.7025 0.0775 0.725 0.0775 0.725 0.06999999999999999