5 0.16375 0.8324999999999999 0.15625 0.8324999999999999 0.15625 0.8474999999999999 0.16375 0.8474999999999999 0.16375 0.8324999999999999
5 0.1325 0.7625 0.11499999999999999 0.7625 0.11499999999999999 0.7849999999999999 0.1325 0.7849999999999999 0.1325 0.7625
5 0.12 0.7837500000000001 0.1075 0.7837500000000001 0.1075 0.80375 0.12 0.80375 0.12 0.7837500000000001
5 0.11625 0.74 0.08875 0.74 0.08875 0.755 0.11625 0.755 0.11625 0.74
5 0.0875 0.22749999999999998 0.06999999999999999 0.22749999999999998 0.06999999999999999 0.265 0.0875 0.265 0.0875 0.22749999999999998
5 0.30375 0.57875 0.28375 0.57875 0.28375 0.61125 0.30375 0.61125 0.30375 0.57875
5 0.3725 0.57125 0.35 0.57125 0.35 0.58375 0.3725 0.58375 0.3725 0.57125
5 0.026250000000000002 0.8775000000000001 0.008749999999999999 0.8775000000000001 0.008749999999999999 0.9199999999999999 0.026250000000000002 0.9199999999999999 0.026250000000000002 0.8775000000000001
5 0.40750000000000003 0.8550000000000001 0.3875 0.8550000000000001 0.3875 0.89 0.40750000000000003 0.89 0.40750000000000003 0.8550000000000001
5 0.45499999999999996 0.64 0.4375 0.64 0.4375 0.6799999999999999 0.45499999999999996 0.6799999999999999 0.45499999999999996 0.64
5 0.305 0.2225 0.28500000000000003 0.2225 0.28500000000000003 0.23500000000000001 0.305 0.23500000000000001 0.305 0.2225
5 0.30874999999999997 0.24375 0.28625 0.24375 0.28625 0.25625 0.30874999999999997 0.25625 0.30874999999999997 0.24375
5 0.22625 0.335 0.19875 0.335 0.19875 0.34750000000000003 0.22625 0.34750000000000003 0.22625 0.335
5 0.03 0.39625 0.01 0.39625 0.01 0.45125000000000004 0.03 0.45125000000000004 0.03 0.39625
5 0 0.43125 0.008749999999999999 0.43125 0.008749999999999999 0.39625 0 0.39625 0 0.43125
5 0.075 0.4575 0.0625 0.4575 0.0625 0.47750000000000004 0.075 0.47750000000000004 0.075 0.4575
5 0.19 0.47750000000000004 0.16999999999999998 0.47750000000000004 0.16999999999999998 0.52 0.19 0.52 0.19 0.47750000000000004
5 0.1325 0.47125000000000006 0.12250000000000001 0.47125000000000006 0.12250000000000001 0.49375 0.1325 0.49375 0.1325 0.47125000000000006
5 0.21375000000000002 0.49874999999999997 0.20375000000000001 0.49874999999999997 0.20375000000000001 0.51875 0.21375000000000002 0.51875 0.21375000000000002 0.49874999999999997
5 0.22749999999999998 0.5 0.21749999999999997 0.5 0.21749999999999997 0.5225 0.22749999999999998 0.5225 0.22749999999999998 0.5
5 0.24 0.5025000000000001 0.22999999999999998 0.5025000000000001 0.22999999999999998 0.5225 0.24 0.5225 0.24 0.5025000000000001
5 0.11750000000000001 0.53 0.0975 0.53 0.0975 0.54 0.11750000000000001 0.54 0.11750000000000001 0.53
5 0 0.5125 0.01125 0.5125 0.01125 0.49749999999999994 0 0.49749999999999994 0 0.5125
5 0.03125 0.6599999999999999 0.008749999999999999 0.6599999999999999 0.008749999999999999 0.6725 0.03125 0.6725 0.03125 0.6599999999999999
5 0.09125 0.665 0.07875 0.665 0.07875 0.6849999999999999 0.09125 0.6849999999999999 0.09125 0.665
5 0.1375 0.6875 0.125 0.6875 0.125 0.71 0.1375 0.71 0.1375 0.6875
5 0.042499999999999996 0.725 0.0225 0.725 0.0225 0.755 0.042499999999999996 0.755 0.042499999999999996 0.725
5 0.05375 0.73 0.03375 0.73 0.03375 0.76 0.05375 0.76 0.05375 0.73
5 0.07375000000000001 0.735 0.03875 0.735 0.03875 0.7825 0.07375000000000001 0.7825 0.07375000000000001 0.735
5 0.2225 0.68875 0.21000000000000002 0.68875 0.21000000000000002 0.70875 0.2225 0.70875 0.2225 0.68875
5 0.06875 0.66875 0.04625 0.66875 0.04625 0.67875 0.06875 0.67875 0.06875 0.66875
5 0.23500000000000001 0.64375 0.21749999999999997 0.64375 0.21749999999999997 0.67875 0.23500000000000001 0.67875 0.23500000000000001 0.64375
5 0.27875 0.42125 0.26125 0.42125 0.26125 0.47375 0.27875 0.47375 0.27875 0.42125
5 0.32125 0.16375 0.30125 0.16375 0.30125 0.21625 0.32125 0.21625 0.32125 0.16375
5 0.05 0.205 0.0225 0.205 0.0225 0.2725 0.05 0.2725 0.05 0.205
5 0.08249999999999999 0.33375 0.0325 0.33375 0.0325 0.35375 0.08249999999999999 0.35375 0.08249999999999999 0.33375
5 0.23500000000000001 0.25 0.1925 0.25 0.1925 0.265 0.23500000000000001 0.265 0.23500000000000001 0.25
5 0.28625 0.30125 0.25125000000000003 0.30125 0.25125000000000003 0.31625000000000003 0.28625 0.31625000000000003 0.28625 0.30125