5 0.19 0.24125000000000002 0.17250000000000001 0.24125000000000002 0.17250000000000001 0.25125000000000003 0.19 0.25125000000000003 0.19 0.24125000000000002
5 0.38625 0.00625 0.37124999999999997 0.00625 0.37124999999999997 0.026250000000000002 0.38625 0.026250000000000002 0.38625 0.00625
5 0.14750000000000002 0.265 0.1325 0.265 0.1325 0.28250000000000003 0.14750000000000002 0.28250000000000003 0.14750000000000002 0.265
5 0.19375 0.225 0.17375000000000002 0.225 0.17375000000000002 0.2375 0.19375 0.2375 0.19375 0.225
5 0.23625 0.18375 0.21375000000000002 0.18375 0.21375000000000002 0.19624999999999998 0.23625 0.19624999999999998 0.23625 0.18375
5 0.51 0.64625 0.49000000000000005 0.64625 0.49000000000000005 0.6537499999999999 0.51 0.6537499999999999 0.51 0.64625
5 0.0875 0.2875 0.0675 0.2875 0.0675 0.3 0.0875 0.3 0.0875 0.2875
5 0.05625 0.49874999999999997 0.04875 0.49874999999999997 0.04875 0.51125 0.05625 0.51125 0.05625 0.49874999999999997
5 0.08375 0.3075 0.06875 0.3075 0.06875 0.3175 0.08375 0.3175 0.08375 0.3075
5 0.45625 0.6537499999999999 0.43875000000000003 0.6537499999999999 0.43875000000000003 0.6637500000000001 0.45625 0.6637500000000001 0.45625 0.6537499999999999
5 0.40374999999999994 0.61875 0.38375 0.61875 0.38375 0.63125 0.40374999999999994 0.63125 0.40374999999999994 0.61875
5 0.16125 0.5175 0.15375 0.5175 0.15375 0.5325 0.16125 0.5325 0.16125 0.5175
5 0.255 0.2525 0.2325 0.2525 0.2325 0.26749999999999996 0.255 0.26749999999999996 0.255 0.2525
5 0.06625 0.50125 0.05625 0.50125 0.05625 0.51375 0.06625 0.51375 0.06625 0.50125
5 0.31875 0.1975 0.30125 0.1975 0.30125 0.20750000000000002 0.31875 0.20750000000000002 0.31875 0.1975
5 0.10874999999999999 0.17625 0.09375 0.17625 0.09375 0.18625 0.10874999999999999 0.18625 0.10874999999999999 0.17625
5 0.505 0.665 0.4875 0.665 0.4875 0.675 0.505 0.675 0.505 0.665
5 0.22374999999999998 0.2325 0.20375000000000001 0.2325 0.20375000000000001 0.2425 0.22374999999999998 0.2425 0.22374999999999998 0.2325
5 0.2325 0.5925 0.205 0.5925 0.205 0.6075 0.2325 0.6075 0.2325 0.5925
5 0.47625 0.64 0.46125 0.64 0.46125 0.65 0.47625 0.65 0.47625 0.64
5 0.39249999999999996 0.6537499999999999 0.375 0.6537499999999999 0.375 0.6637500000000001 0.39249999999999996 0.6637500000000001 0.39249999999999996 0.6537499999999999
5 0.225 0.2225 0.20249999999999999 0.2225 0.20249999999999999 0.2325 0.225 0.2325 0.225 0.2225
5 0.25125000000000003 0.275 0.22875 0.275 0.22875 0.29 0.25125000000000003 0.29 0.25125000000000003 0.275
5 0.23125 0.58875 0.20625 0.58875 0.20625 0.60625 0.23125 0.60625 0.23125 0.58875
5 0.5025000000000001 0.6900000000000001 0.485 0.6900000000000001 0.485 0.6975 0.5025000000000001 0.6975 0.5025000000000001 0.6900000000000001
5 0.09125 0.505 0.08375 0.505 0.08375 0.5175 0.09125 0.5175 0.09125 0.505
5 0.5475 0.4325 0.53 0.4325 0.53 0.445 0.5475 0.445 0.5475 0.4325
5 0.07875 0.3175 0.06375 0.3175 0.06375 0.3275 0.07875 0.3275 0.07875 0.3175
5 0.26125 0.22749999999999998 0.23625 0.22749999999999998 0.23625 0.24 0.26125 0.24 0.26125 0.22749999999999998
5 0.44875 0.665 0.43375 0.665 0.43375 0.6799999999999999 0.44875 0.6799999999999999 0.44875 0.665
5 0.50875 0.655 0.49124999999999996 0.655 0.49124999999999996 0.665 0.50875 0.665 0.50875 0.655
5 0.39875 0.64125 0.38125 0.64125 0.38125 0.6537499999999999 0.39875 0.6537499999999999 0.39875 0.64125
5 0.0475 0.49749999999999994 0.04 0.49749999999999994 0.04 0.5125 0.0475 0.5125 0.0475 0.49749999999999994
5 0.55125 0.7125 0.52625 0.7125 0.52625 0.7224999999999999 0.55125 0.7224999999999999 0.55125 0.7125
5 0.5237499999999999 0.6799999999999999 0.50625 0.6799999999999999 0.50625 0.6950000000000001 0.5237499999999999 0.6950000000000001 0.5237499999999999 0.6799999999999999
5 0.03875 0.49625 0.03375 0.49625 0.03375 0.51125 0.03875 0.51125 0.03875 0.49625