5 0.021249999999999998 0.31375000000000003 0.00375 0.31375000000000003 0.00375 0.33125 0.021249999999999998 0.33125 0.021249999999999998 0.31375000000000003
5 0.03875 0.31875 0.01875 0.31875 0.01875 0.33625 0.03875 0.33625 0.03875 0.31875
5 0.05625 0.3225 0.03625 0.3225 0.03625 0.33999999999999997 0.05625 0.33999999999999997 0.05625 0.3225
5 0.06875 0.32875 0.05375 0.32875 0.05375 0.34625 0.06875 0.34625 0.06875 0.32875
5 0.0875 0.3325 0.06999999999999999 0.3325 0.06999999999999999 0.35 0.0875 0.35 0.0875 0.3325
5 0.10500000000000001 0.3375 0.0875 0.3375 0.0875 0.355 0.10500000000000001 0.355 0.10500000000000001 0.3375
5 0.0125 0.65125 0.0025 0.65125 0.0025 0.66875 0.0125 0.66875 0.0125 0.65125
5 0.0475 0.6675 0.025 0.6675 0.025 0.6799999999999999 0.0475 0.6799999999999999 0.0475 0.6675
5 0.07375000000000001 0.67375 0.05125 0.67375 0.05125 0.6837500000000001 0.07375000000000001 0.6837500000000001 0.07375000000000001 0.67375
5 0.11499999999999999 0.6587500000000001 0.10500000000000001 0.6587500000000001 0.10500000000000001 0.67625 0.11499999999999999 0.67625 0.11499999999999999 0.6587500000000001
5 0.11750000000000001 0.6912499999999999 0.1025 0.6912499999999999 0.1025 0.70125 0.11750000000000001 0.70125 0.11750000000000001 0.6912499999999999
5 0.135 0.69625 0.11750000000000001 0.69625 0.11750000000000001 0.70625 0.135 0.70625 0.135 0.69625
5 0.13374999999999998 0.67375 0.12375 0.67375 0.12375 0.69375 0.13374999999999998 0.69375 0.13374999999999998 0.67375
5 0.14250000000000002 0.67625 0.1325 0.67625 0.1325 0.69375 0.14250000000000002 0.69375 0.14250000000000002 0.67625
5 0.13999999999999999 0.65125 0.1275 0.65125 0.1275 0.67125 0.13999999999999999 0.67125 0.13999999999999999 0.65125
5 0.15125 0.6525000000000001 0.13874999999999998 0.6525000000000001 0.13874999999999998 0.6725 0.15125 0.6725 0.15125 0.6525000000000001
5 0.1625 0.75875 0.15 0.75875 0.15 0.76625 0.1625 0.76625 0.1625 0.75875
5 0.12625 0.74375 0.11875 0.74375 0.11875 0.75625 0.12625 0.75625 0.12625 0.74375
5 0.17375000000000002 0.75125 0.15375 0.75125 0.15375 0.76125 0.17375000000000002 0.76125 0.17375000000000002 0.75125
5 0.1625 0.74125 0.15 0.74125 0.15 0.75125 0.1625 0.75125 0.1625 0.74125
5 0.1625 0.7125 0.15 0.7125 0.15 0.72 0.1625 0.72 0.1625 0.7125