5 0.8099999999999999 0 0.8099999999999999 0.017499999999999998 0.82 0.017499999999999998 0.82 0 0.8099999999999999 0
5 0.8300000000000001 0.00125 0.82 0.00125 0.82 0.01875 0.8300000000000001 0.01875 0.8300000000000001 0.00125
5 0.8462500000000001 0.0025 0.83625 0.0025 0.83625 0.02 0.8462500000000001 0.02 0.8462500000000001 0.0025
5 0.82125 0.026250000000000002 0.81375 0.026250000000000002 0.81375 0.041249999999999995 0.82125 0.041249999999999995 0.82125 0.026250000000000002
5 0.835 0.027500000000000004 0.8275 0.027500000000000004 0.8275 0.042499999999999996 0.835 0.042499999999999996 0.835 0.027500000000000004
5 0.8487500000000001 0.025 0.8387499999999999 0.025 0.8387499999999999 0.04 0.8487500000000001 0.04 0.8487500000000001 0.025
5 0.82 0.045 0.8099999999999999 0.045 0.8099999999999999 0.06 0.82 0.06 0.82 0.045
5 0.83125 0.05625 0.82125 0.05625 0.82125 0.07125000000000001 0.83125 0.07125000000000001 0.83125 0.05625
5 0.8412499999999999 0.0675 0.82875 0.0675 0.82875 0.08499999999999999 0.8412499999999999 0.08499999999999999 0.8412499999999999 0.0675
5 0.81375 0.065 0.80625 0.065 0.80625 0.08 0.81375 0.08 0.81375 0.065
5 0.805 0.058750000000000004 0.795 0.058750000000000004 0.795 0.07625 0.805 0.07625 0.805 0.058750000000000004
5 0.7737499999999999 0.06875 0.76375 0.06875 0.76375 0.08375 0.7737499999999999 0.08375 0.7737499999999999 0.06875
5 0.81375 0.08375 0.8012499999999999 0.08375 0.8012499999999999 0.09875 0.81375 0.09875 0.81375 0.08375
5 0.825 0.075 0.8150000000000001 0.075 0.8150000000000001 0.095 0.825 0.095 0.825 0.075
5 0.82 0.10375000000000001 0.8099999999999999 0.10375000000000001 0.8099999999999999 0.12125 0.82 0.12125 0.82 0.10375000000000001
5 0.805 0.10874999999999999 0.7975 0.10874999999999999 0.7975 0.12375 0.805 0.12375 0.805 0.10874999999999999
5 0.8125 0.12250000000000001 0.805 0.12250000000000001 0.805 0.1375 0.8125 0.1375 0.8125 0.12250000000000001
5 0.7975 0.125 0.7875 0.125 0.7875 0.13999999999999999 0.7975 0.13999999999999999 0.7975 0.125
5 0.8237500000000001 0.13874999999999998 0.81375 0.13874999999999998 0.81375 0.15375 0.8237500000000001 0.15375 0.8237500000000001 0.13874999999999998
5 0.8099999999999999 0.13999999999999999 0.8 0.13999999999999999 0.8 0.1575 0.8099999999999999 0.1575 0.8099999999999999 0.13999999999999999
5 0.79375 0.15125 0.7837500000000001 0.15125 0.7837500000000001 0.16875 0.79375 0.16875 0.79375 0.15125
5 0.8025 0.17124999999999999 0.7925 0.17124999999999999 0.7925 0.18875 0.8025 0.18875 0.8025 0.17124999999999999
5 0.78625 0.17625 0.77625 0.17625 0.77625 0.19125 0.78625 0.19125 0.78625 0.17625
5 0.795 0.195 0.7849999999999999 0.195 0.7849999999999999 0.2125 0.795 0.2125 0.795 0.195
5 0.78 0.20125 0.77 0.20125 0.77 0.21875 0.78 0.21875 0.78 0.20125
5 0.7887500000000001 0.21625 0.7787499999999999 0.21625 0.7787499999999999 0.23374999999999999 0.7887500000000001 0.23374999999999999 0.7887500000000001 0.21625
5 0.8 0.22374999999999998 0.79 0.22374999999999998 0.79 0.23875000000000002 0.8 0.23875000000000002 0.8 0.22374999999999998
5 0.77 0.24375 0.76 0.24375 0.76 0.25875 0.77 0.25875 0.77 0.24375
5 0.78625 0.26749999999999996 0.77625 0.26749999999999996 0.77625 0.28250000000000003 0.78625 0.28250000000000003 0.78625 0.26749999999999996
5 0.77125 0.3325 0.76125 0.3325 0.76125 0.34750000000000003 0.77125 0.34750000000000003 0.77125 0.3325
5 0.67125 0.36375 0.66125 0.36375 0.66125 0.37875000000000003 0.67125 0.37875000000000003 0.67125 0.36375
5 0.7262500000000001 0.46875 0.71875 0.46875 0.71875 0.48125 0.7262500000000001 0.48125 0.7262500000000001 0.46875
5 0.73125 0.5237499999999999 0.7162499999999999 0.5237499999999999 0.7162499999999999 0.54375 0.73125 0.54375 0.73125 0.5237499999999999
5 0.6799999999999999 0.6375 0.67 0.6375 0.67 0.65 0.6799999999999999 0.65 0.6799999999999999 0.6375
5 0.655 0.70875 0.6425 0.70875 0.6425 0.72375 0.655 0.72375 0.655 0.70875
5 0.6375 0.77 0.6275000000000001 0.77 0.6275000000000001 0.7849999999999999 0.6375 0.7849999999999999 0.6375 0.77
5 0.6587500000000001 0.805 0.6487499999999999 0.805 0.6487499999999999 0.8225 0.6587500000000001 0.8225 0.6587500000000001 0.805
5 0.61875 0.87375 0.61125 0.87375 0.61125 0.8887499999999999 0.61875 0.8887499999999999 0.61875 0.87375
5 0.68125 0.9512499999999999 0.66125 0.9512499999999999 0.66125 0.9662499999999999 0.68125 0.9662499999999999 0.68125 0.9512499999999999
5 0.61625 0.97875 0.60625 0.97875 0.60625 0.99375 0.61625 0.99375 0.61625 0.97875
5 0.21749999999999997 0.4425 0.1775 0.4425 0.1775 0.4625 0.21749999999999997 0.4625 0.21749999999999997 0.4425
5 0.28250000000000003 0.35375 0.2475 0.35375 0.2475 0.37124999999999997 0.28250000000000003 0.37124999999999997 0.28250000000000003 0.35375
4 0.31 0.63625 0.22000000000000003 0.63625 0.22000000000000003 0.70375 0.31 0.70375 0.31 0.63625
4 0.27999999999999997 0.7537499999999999 0.1925 0.7537499999999999 0.1925 0.82125 0.27999999999999997 0.82125 0.27999999999999997 0.7537499999999999