5 0.57875 1 0.57875 0.9800000000000001 0.5662499999999999 0.9800000000000001 0.5662499999999999 1 0.57875 1
5 0.1075 0.9400000000000001 0.0925 0.9400000000000001 0.0925 0.9525 0.1075 0.9525 0.1075 0.9400000000000001
5 0.12250000000000001 0.9400000000000001 0.11000000000000001 0.9400000000000001 0.11000000000000001 0.9574999999999999 0.12250000000000001 0.9574999999999999 0.12250000000000001 0.9400000000000001
5 0.1375 0.94625 0.125 0.94625 0.125 0.9637499999999999 0.1375 0.9637499999999999 0.1375 0.94625
5 0.17625 0.9574999999999999 0.16125 0.9574999999999999 0.16125 0.9775 0.17625 0.9775 0.17625 0.9574999999999999
5 0.18625 0.9625 0.17375000000000002 0.9625 0.17375000000000002 0.9800000000000001 0.18625 0.9800000000000001 0.18625 0.9625
5 0.16 0.9550000000000001 0.15 0.9550000000000001 0.15 0.97 0.16 0.97 0.16 0.9550000000000001
5 0.1975 0.9662499999999999 0.185 0.9662499999999999 0.185 0.9887499999999999 0.1975 0.9887499999999999 0.1975 0.9662499999999999
5 0.20875 0.9737500000000001 0.19875 0.9737500000000001 0.19875 0.99125 0.20875 0.99125 0.20875 0.9737500000000001
5 0.22000000000000003 0.9775 0.21000000000000002 0.9775 0.21000000000000002 0.9949999999999999 0.22000000000000003 0.9949999999999999 0.22000000000000003 0.9775
5 0.23374999999999999 1 0.23374999999999999 0.98375 0.22125 0.98375 0.22125 1 0.23374999999999999 1
5 0.24500000000000002 1 0.24500000000000002 0.9862500000000001 0.2325 0.9862500000000001 0.2325 1 0.24500000000000002 1
5 0.2325 0.8825 0.215 0.8825 0.215 0.8949999999999999 0.2325 0.8949999999999999 0.2325 0.8825
5 0.21000000000000002 0.875 0.1925 0.875 0.1925 0.8875 0.21000000000000002 0.8875 0.21000000000000002 0.875
5 0.29874999999999996 0.8699999999999999 0.27875 0.8699999999999999 0.27875 0.8825 0.29874999999999996 0.8825 0.29874999999999996 0.8699999999999999
5 0.13125 0.86875 0.11125 0.86875 0.11125 0.88125 0.13125 0.88125 0.13125 0.86875
5 0.14750000000000002 0.89125 0.1325 0.89125 0.1325 0.91375 0.14750000000000002 0.91375 0.14750000000000002 0.89125
5 0.17625 0.85625 0.15375 0.85625 0.15375 0.87375 0.17625 0.87375 0.17625 0.85625
5 0.605 0.9550000000000001 0.585 0.9550000000000001 0.585 0.9875 0.605 0.9875 0.605 0.9550000000000001
5 0.63 0.975 0.6174999999999999 0.975 0.6174999999999999 0.99 0.63 0.99 0.63 0.975
5 0.64 0.945 0.6275000000000001 0.945 0.6275000000000001 0.9625 0.64 0.9625 0.64 0.945
5 0.635 0.925 0.6025 0.925 0.6025 0.9875 0.635 0.9875 0.635 0.925
5 0.60625 0.9199999999999999 0.58375 0.9199999999999999 0.58375 0.95 0.60625 0.95 0.60625 0.9199999999999999
5 0.6224999999999999 0.87375 0.6075 0.87375 0.6075 0.89375 0.6224999999999999 0.89375 0.6224999999999999 0.87375
5 0.57875 0.885 0.5662499999999999 0.885 0.5662499999999999 0.905 0.57875 0.905 0.57875 0.885
5 0.675 0.8625 0.6625 0.8625 0.6625 0.8825 0.675 0.8825 0.675 0.8625
5 0.64625 0.85625 0.63375 0.85625 0.63375 0.87625 0.64625 0.87625 0.64625 0.85625
5 0.6325000000000001 0.8875 0.61 0.8875 0.61 0.9225 0.6325000000000001 0.9225 0.6325000000000001 0.8875
5 0.6525000000000001 0.88125 0.63 0.88125 0.63 0.92125 0.6525000000000001 0.92125 0.6525000000000001 0.88125
5 0.5337500000000001 0.89375 0.51375 0.89375 0.51375 0.9112500000000001 0.5337500000000001 0.9112500000000001 0.5337500000000001 0.89375
5 0.45499999999999996 0.8574999999999999 0.4175 0.8574999999999999 0.4175 0.8775000000000001 0.45499999999999996 0.8775000000000001 0.45499999999999996 0.8574999999999999
5 0.51875 0.8412499999999999 0.50875 0.8412499999999999 0.50875 0.85875 0.51875 0.85875 0.51875 0.8412499999999999
5 0.44875 0.88375 0.42374999999999996 0.88375 0.42374999999999996 0.89875 0.44875 0.89875 0.44875 0.88375
5 0.3875 0.77625 0.3675 0.77625 0.3675 0.7887500000000001 0.3875 0.7887500000000001 0.3875 0.77625
5 0.36 0.8074999999999999 0.33999999999999997 0.8074999999999999 0.33999999999999997 0.82 0.36 0.82 0.36 0.8074999999999999
5 0.45375 0.77625 0.43624999999999997 0.77625 0.43624999999999997 0.78625 0.45375 0.78625 0.45375 0.77625
5 0.54125 0.76 0.52625 0.76 0.52625 0.7825 0.54125 0.7825 0.54125 0.76
5 0.53 0.8175000000000001 0.5125 0.8175000000000001 0.5125 0.8375 0.53 0.8375 0.53 0.8175000000000001
5 0.58 0.7625 0.5675 0.7625 0.5675 0.7825 0.58 0.7825 0.58 0.7625
5 0.6725 0.7525000000000001 0.6575 0.7525000000000001 0.6575 0.7725 0.6725 0.7725 0.6725 0.7525000000000001
5 0.6950000000000001 0.76875 0.6825 0.76875 0.6825 0.7887500000000001 0.6950000000000001 0.7887500000000001 0.6950000000000001 0.76875
5 0.6637500000000001 0.77625 0.6487499999999999 0.77625 0.6487499999999999 0.79625 0.6637500000000001 0.79625 0.6637500000000001 0.77625
5 0.6475 0.81125 0.635 0.81125 0.635 0.82875 0.6475 0.82875 0.6475 0.81125
5 0.70875 0.74 0.69625 0.74 0.69625 0.76 0.70875 0.76 0.70875 0.74
5 0.6875 0.7150000000000001 0.675 0.7150000000000001 0.675 0.7375 0.6875 0.7375 0.6875 0.7150000000000001
5 0.71875 0.7125 0.70625 0.7125 0.70625 0.735 0.71875 0.735 0.71875 0.7125
5 0.705 0.70625 0.6900000000000001 0.70625 0.6900000000000001 0.73125 0.705 0.73125 0.705 0.70625
5 0.655 0.7 0.64 0.7 0.64 0.7175 0.655 0.7175 0.655 0.7
5 0.6025 0.705 0.5900000000000001 0.705 0.5900000000000001 0.72 0.6025 0.72 0.6025 0.705
5 0.72875 0.6875 0.7162499999999999 0.6875 0.7162499999999999 0.705 0.72875 0.705 0.72875 0.6875
5 0.6849999999999999 0.63375 0.6725 0.63375 0.6725 0.6487499999999999 0.6849999999999999 0.6487499999999999 0.6849999999999999 0.63375
5 0.67 0.6025 0.655 0.6025 0.655 0.6224999999999999 0.67 0.6224999999999999 0.67 0.6025
5 0.68875 0.595 0.67375 0.595 0.67375 0.615 0.68875 0.615 0.68875 0.595
5 0.73625 0.595 0.7212500000000001 0.595 0.7212500000000001 0.6174999999999999 0.73625 0.6174999999999999 0.73625 0.595
5 0.7224999999999999 0.5425 0.7075 0.5425 0.7075 0.5599999999999999 0.7224999999999999 0.5599999999999999 0.7224999999999999 0.5425
5 0.79625 0.52625 0.7837500000000001 0.52625 0.7837500000000001 0.54375 0.79625 0.54375 0.79625 0.52625
5 0.81375 0.5237499999999999 0.79875 0.5237499999999999 0.79875 0.54375 0.81375 0.54375 0.81375 0.5237499999999999
5 0.80625 0.5 0.79375 0.5 0.79375 0.5175 0.80625 0.5175 0.80625 0.5
5 0.78 0.4925 0.7625 0.4925 0.7625 0.515 0.78 0.515 0.78 0.4925
5 0.7025 0.525 0.6849999999999999 0.525 0.6849999999999999 0.545 0.7025 0.545 0.7025 0.525
5 0.76375 0.56375 0.74875 0.56375 0.74875 0.58875 0.76375 0.58875 0.76375 0.56375
5 0.76375 0.5349999999999999 0.75125 0.5349999999999999 0.75125 0.5549999999999999 0.76375 0.5549999999999999 0.76375 0.5349999999999999
5 0.7525000000000001 0.6725 0.7424999999999999 0.6725 0.7424999999999999 0.6900000000000001 0.7525000000000001 0.6900000000000001 0.7525000000000001 0.6725
5 0.72 0.63875 0.705 0.63875 0.705 0.66125 0.72 0.66125 0.72 0.63875
5 0.7075 0.6675 0.6849999999999999 0.6675 0.6849999999999999 0.7025 0.7075 0.7025 0.7075 0.6675
5 0.7537499999999999 0.5962500000000001 0.73625 0.5962500000000001 0.73625 0.61625 0.7537499999999999 0.61625 0.7537499999999999 0.5962500000000001
5 0.6825 0.79625 0.6525000000000001 0.79625 0.6525000000000001 0.8612500000000001 0.6825 0.8612500000000001 0.6825 0.79625
5 0.67625 0.7787499999999999 0.64375 0.7787499999999999 0.64375 0.84375 0.67625 0.84375 0.67625 0.7787499999999999
5 0.7474999999999999 0.445 0.7275 0.445 0.7275 0.47000000000000003 0.7474999999999999 0.47000000000000003 0.7474999999999999 0.445
5 0.7975 0.44375 0.7849999999999999 0.44375 0.7849999999999999 0.46375 0.7975 0.46375 0.7975 0.44375
5 0.765 0.40625 0.75 0.40625 0.75 0.42374999999999996 0.765 0.42374999999999996 0.765 0.40625
5 0.84375 0.42625 0.83125 0.42625 0.83125 0.44375 0.84375 0.44375 0.84375 0.42625
5 0.7575000000000001 0.38875000000000004 0.74 0.38875000000000004 0.74 0.41125 0.7575000000000001 0.41125 0.7575000000000001 0.38875000000000004
5 0.8612500000000001 0.37 0.8487500000000001 0.37 0.8487500000000001 0.3875 0.8612500000000001 0.3875 0.8612500000000001 0.37
5 0.8425 0.3375 0.8300000000000001 0.3375 0.8300000000000001 0.36 0.8425 0.36 0.8425 0.3375
5 0.8125 0.325 0.7975 0.325 0.7975 0.34500000000000003 0.8125 0.34500000000000003 0.8125 0.325
5 0.8087500000000001 0.29874999999999996 0.79375 0.29874999999999996 0.79375 0.31875 0.8087500000000001 0.31875 0.8087500000000001 0.29874999999999996
5 0.8699999999999999 0.28500000000000003 0.8550000000000001 0.28500000000000003 0.8550000000000001 0.305 0.8699999999999999 0.305 0.8699999999999999 0.28500000000000003
5 0.8775000000000001 0.29874999999999996 0.845 0.29874999999999996 0.845 0.36375 0.8775000000000001 0.36375 0.8775000000000001 0.29874999999999996
5 0.91625 0.2975 0.9012499999999999 0.2975 0.9012499999999999 0.3175 0.91625 0.3175 0.91625 0.2975
5 0.72375 0.34500000000000003 0.7112499999999999 0.34500000000000003 0.7112499999999999 0.3625 0.72375 0.3625 0.72375 0.34500000000000003
5 0.70625 0.3625 0.69375 0.3625 0.69375 0.3825 0.70625 0.3825 0.70625 0.3625
5 0.7175 0.3675 0.7025 0.3675 0.7025 0.385 0.7175 0.385 0.7175 0.3675
5 0.6975 0.3875 0.6849999999999999 0.3875 0.6849999999999999 0.40499999999999997 0.6975 0.40499999999999997 0.6975 0.3875
5 0.67875 0.35750000000000004 0.65625 0.35750000000000004 0.65625 0.42750000000000005 0.67875 0.42750000000000005 0.67875 0.35750000000000004
5 0.69875 0.45875000000000005 0.63375 0.45875000000000005 0.63375 0.51125 0.69875 0.51125 0.69875 0.45875000000000005
5 0.88375 0.35875 0.8612500000000001 0.35875 0.8612500000000001 0.39875 0.88375 0.39875 0.88375 0.35875
5 0.8387499999999999 0.37124999999999997 0.80625 0.37124999999999997 0.80625 0.41875 0.8387499999999999 0.41875 0.8387499999999999 0.37124999999999997
5 0.6925 0.275 0.6799999999999999 0.275 0.6799999999999999 0.2925 0.6925 0.2925 0.6925 0.275
5 0.6825 0.27 0.67 0.27 0.67 0.2925 0.6825 0.2925 0.6825 0.27
5 0.9400000000000001 0.1075 0.925 0.1075 0.925 0.1275 0.9400000000000001 0.1275 0.9400000000000001 0.1075
5 0.82875 0.20625 0.79375 0.20625 0.79375 0.26875 0.82875 0.26875 0.82875 0.20625
5 0.85375 0.2325 0.8412499999999999 0.2325 0.8412499999999999 0.2525 0.85375 0.2525 0.85375 0.2325
5 0.89 0.23500000000000001 0.875 0.23500000000000001 0.875 0.2575 0.89 0.2575 0.89 0.23500000000000001
5 0.9199999999999999 0.18375 0.89 0.18375 0.89 0.25625 0.9199999999999999 0.25625 0.9199999999999999 0.18375
5 0.985 0.27125 0.9650000000000001 0.27125 0.9650000000000001 0.28875 0.985 0.28875 0.985 0.27125
5 0.9262499999999999 0.14625 0.9112500000000001 0.14625 0.9112500000000001 0.16625 0.9262499999999999 0.16625 0.9262499999999999 0.14625
5 0.93875 0.14750000000000002 0.9237500000000001 0.14750000000000002 0.9237500000000001 0.1675 0.93875 0.1675 0.93875 0.14750000000000002
5 0.98125 0.13 0.9662499999999999 0.13 0.9662499999999999 0.15 0.98125 0.15 0.98125 0.13
5 0.9087500000000001 0.09375 0.89375 0.09375 0.89375 0.11625 0.9087500000000001 0.11625 0.9087500000000001 0.09375
5 0.9862500000000001 0.03375 0.9737500000000001 0.03375 0.9737500000000001 0.04875 0.9862500000000001 0.04875 0.9862500000000001 0.03375
5 0.885 0.03625 0.8724999999999999 0.03625 0.8724999999999999 0.05625 0.885 0.05625 0.885 0.03625
5 0.9675 0.04375 0.9425000000000001 0.04375 0.9425000000000001 0.07625 0.9675 0.07625 0.9675 0.04375
5 0.96875 0.07875 0.94375 0.07875 0.94375 0.11374999999999999 0.96875 0.11374999999999999 0.96875 0.07875
5 0.99125 0.0625 0.95875 0.0625 0.95875 0.12250000000000001 0.99125 0.12250000000000001 0.99125 0.0625
5 0.7474999999999999 0.56375 0.735 0.56375 0.735 0.5862499999999999 0.7474999999999999 0.5862499999999999 0.7474999999999999 0.56375
5 0.35750000000000004 0.8225 0.3275 0.8225 0.3275 0.8400000000000001 0.35750000000000004 0.8400000000000001 0.35750000000000004 0.8225
5 0.42874999999999996 0.73875 0.41375 0.73875 0.41375 0.75875 0.42874999999999996 0.75875 0.42874999999999996 0.73875
5 0.41624999999999995 0.7375 0.40125 0.7375 0.40125 0.7525000000000001 0.41624999999999995 0.7525000000000001 0.41624999999999995 0.7375
5 0.45375 0.765 0.43875000000000003 0.765 0.43875000000000003 0.775 0.45375 0.775 0.45375 0.765
5 0.44875 0.7849999999999999 0.43375 0.7849999999999999 0.43375 0.795 0.44875 0.795 0.44875 0.7849999999999999
5 0.44375 0.79625 0.43125 0.79625 0.43125 0.80625 0.44375 0.80625 0.44375 0.79625
5 0.4375 0.80375 0.4225 0.80375 0.4225 0.81375 0.4375 0.81375 0.4375 0.80375
5 0.4375 0.8125 0.4225 0.8125 0.4225 0.8225 0.4375 0.8225 0.4375 0.8125
5 0.79375 0.9237500000000001 0.78125 0.9237500000000001 0.78125 0.94625 0.79375 0.94625 0.79375 0.9237500000000001
5 0.7775000000000001 0.925 0.765 0.925 0.765 0.945 0.7775000000000001 0.945 0.7775000000000001 0.925
5 0.7675 0.925 0.755 0.925 0.755 0.9425000000000001 0.7675 0.9425000000000001 0.7675 0.925
5 0.17875000000000002 0.70625 0.15875 0.70625 0.15875 0.74125 0.17875000000000002 0.74125 0.17875000000000002 0.70625
5 0.195 0.7112499999999999 0.1775 0.7112499999999999 0.1775 0.73625 0.195 0.73625 0.195 0.7112499999999999
5 0.28875 0.8324999999999999 0.25375000000000003 0.8324999999999999 0.25375000000000003 0.8625 0.28875 0.8625 0.28875 0.8324999999999999
5 0.3125 0.8324999999999999 0.27749999999999997 0.8324999999999999 0.27749999999999997 0.8525 0.3125 0.8525 0.3125 0.8324999999999999
5 0.3525 0.8462500000000001 0.3125 0.8462500000000001 0.3125 0.87375 0.3525 0.87375 0.3525 0.8462500000000001
5 0.63625 0.39249999999999996 0.61625 0.39249999999999996 0.61625 0.4575 0.63625 0.4575 0.63625 0.39249999999999996
5 0.20750000000000002 0.075 0.17250000000000001 0.075 0.17250000000000001 0.0975 0.20750000000000002 0.0975 0.20750000000000002 0.075
5 0.45125000000000004 0.185 0.41624999999999995 0.185 0.41624999999999995 0.205 0.45125000000000004 0.205 0.45125000000000004 0.185
5 0.51125 0.2 0.46125 0.2 0.46125 0.22999999999999998 0.51125 0.22999999999999998 0.51125 0.2
5 0.41375 0.19375 0.35125 0.19375 0.35125 0.22374999999999998 0.41375 0.22374999999999998 0.41375 0.19375
5 0.50125 0.22374999999999998 0.44125 0.22374999999999998 0.44125 0.26125 0.50125 0.26125 0.50125 0.22374999999999998
5 0.5974999999999999 0.23374999999999999 0.5325 0.23374999999999999 0.5325 0.27125 0.5974999999999999 0.27125 0.5974999999999999 0.23374999999999999
5 0.5962500000000001 0.26625 0.53625 0.26625 0.53625 0.31875 0.5962500000000001 0.31875 0.5962500000000001 0.26625