5 0.3625 0 0.3625 0.0125 0.3725 0.0125 0.3725 0 0.3625 0
5 0.3775 0.0325 0.365 0.0325 0.365 0.052500000000000005 0.3775 0.052500000000000005 0.3775 0.0325
5 0.34249999999999997 0.1075 0.3325 0.1075 0.3325 0.1275 0.34249999999999997 0.1275 0.34249999999999997 0.1075
5 0.3275 0.16875 0.3175 0.16875 0.3175 0.18625 0.3275 0.18625 0.3275 0.16875
5 0.335 0.18375 0.325 0.18375 0.325 0.20625 0.335 0.20625 0.335 0.18375
5 0.33375 0.22125 0.32375 0.22125 0.32375 0.23875000000000002 0.33375 0.23875000000000002 0.33375 0.22125
5 0.25875 0.1975 0.24375 0.1975 0.24375 0.22000000000000003 0.25875 0.22000000000000003 0.25875 0.1975
5 0.29874999999999996 0.27749999999999997 0.28625 0.27749999999999997 0.28625 0.2975 0.29874999999999996 0.2975 0.29874999999999996 0.27749999999999997
5 0.24 0.32 0.22999999999999998 0.32 0.22999999999999998 0.3375 0.24 0.3375 0.24 0.32
5 0.27999999999999997 0.33999999999999997 0.27 0.33999999999999997 0.27 0.35750000000000004 0.27999999999999997 0.35750000000000004 0.27999999999999997 0.33999999999999997
5 0.2525 0.445 0.2425 0.445 0.2425 0.465 0.2525 0.465 0.2525 0.445
5 0.22999999999999998 0.5337500000000001 0.2225 0.5337500000000001 0.2225 0.54875 0.22999999999999998 0.54875 0.22999999999999998 0.5337500000000001
5 0.23125 0.605 0.21375000000000002 0.605 0.21375000000000002 0.6375 0.23125 0.6375 0.23125 0.605
5 0.12125 0.7075 0.11125 0.7075 0.11125 0.7275 0.12125 0.7275 0.12125 0.7075
5 0.1775 0.74125 0.16499999999999998 0.74125 0.16499999999999998 0.76375 0.1775 0.76375 0.1775 0.74125
5 0.15 0.89875 0.13999999999999999 0.89875 0.13999999999999999 0.91625 0.15 0.91625 0.15 0.89875