5 0.30874999999999997 0.00375 0.28875 0.00375 0.28875 0.03625 0.30874999999999997 0.03625 0.30874999999999997 0.00375
5 0.2875 0.041249999999999995 0.2625 0.041249999999999995 0.2625 0.07875 0.2875 0.07875 0.2875 0.041249999999999995
5 0.33999999999999997 0 0.33999999999999997 0.01875 0.36 0.01875 0.36 0 0.33999999999999997 0
5 0.3875 0.015 0.375 0.015 0.375 0.0325 0.3875 0.0325 0.3875 0.015
5 0.41 0 0.41 0.017499999999999998 0.42750000000000005 0.017499999999999998 0.42750000000000005 0 0.41 0
5 0.35625 0.075 0.34125 0.075 0.34125 0.0975 0.35625 0.0975 0.35625 0.075
5 0.3775 0.061250000000000006 0.35 0.061250000000000006 0.35 0.10124999999999999 0.3775 0.10124999999999999 0.3775 0.061250000000000006
5 0.40875000000000006 0.04 0.39375 0.04 0.39375 0.057499999999999996 0.40875000000000006 0.057499999999999996 0.40875000000000006 0.04
5 0.42374999999999996 0.05125 0.40374999999999994 0.05125 0.40374999999999994 0.07125000000000001 0.42374999999999996 0.07125000000000001 0.42374999999999996 0.05125
5 0.39375 0.0675 0.37875000000000003 0.0675 0.37875000000000003 0.08499999999999999 0.39375 0.08499999999999999 0.39375 0.0675
5 0.39 0.09375 0.375 0.09375 0.375 0.11374999999999999 0.39 0.11374999999999999 0.39 0.09375
5 0.37124999999999997 0.11374999999999999 0.33125 0.11374999999999999 0.33125 0.17625 0.37124999999999997 0.17625 0.37124999999999997 0.11374999999999999
5 0.32125 0.155 0.30625 0.155 0.30625 0.18 0.32125 0.18 0.32125 0.155
5 0.32375 0.1775 0.30874999999999997 0.1775 0.30874999999999997 0.1975 0.32375 0.1975 0.32375 0.1775
5 0.32875 0.205 0.31625000000000003 0.205 0.31625000000000003 0.22000000000000003 0.32875 0.22000000000000003 0.32875 0.205
5 0.35750000000000004 0.18125 0.34249999999999997 0.18125 0.34249999999999997 0.20125 0.35750000000000004 0.20125 0.35750000000000004 0.18125
5 0.30375 0.21749999999999997 0.28875 0.21749999999999997 0.28875 0.2425 0.30375 0.2425 0.30375 0.21749999999999997
5 0.27 0.25625 0.255 0.25625 0.255 0.27625 0.27 0.27625 0.27 0.25625
5 0.2875 0.25875 0.275 0.25875 0.275 0.27625 0.2875 0.27625 0.2875 0.25875
5 0.30874999999999997 0.24874999999999997 0.26875 0.24874999999999997 0.26875 0.31375000000000003 0.30874999999999997 0.31375000000000003 0.30874999999999997 0.24874999999999997
5 0.2525 0.2975 0.24 0.2975 0.24 0.3125 0.2525 0.3125 0.2525 0.2975
5 0.26749999999999996 0.29500000000000004 0.255 0.29500000000000004 0.255 0.315 0.26749999999999996 0.315 0.26749999999999996 0.29500000000000004
5 0.22625 0.34875 0.21125 0.34875 0.21125 0.36875 0.22625 0.36875 0.22625 0.34875
5 0.24500000000000002 0.34625 0.22999999999999998 0.34625 0.22999999999999998 0.36625 0.24500000000000002 0.36625 0.24500000000000002 0.34625
5 0.27375 0.325 0.25875 0.325 0.25875 0.34750000000000003 0.27375 0.34750000000000003 0.27375 0.325
5 0.26 0.35750000000000004 0.2475 0.35750000000000004 0.2475 0.3725 0.26 0.3725 0.26 0.35750000000000004
5 0.2125 0.38 0.20249999999999999 0.38 0.20249999999999999 0.395 0.2125 0.395 0.2125 0.38
5 0.22625 0.38125 0.21375000000000002 0.38125 0.21375000000000002 0.40125 0.22625 0.40125 0.22625 0.38125
5 0.24500000000000002 0.3825 0.2325 0.3825 0.2325 0.3975 0.24500000000000002 0.3975 0.24500000000000002 0.3825
5 0.20249999999999999 0.40374999999999994 0.19 0.40374999999999994 0.19 0.42125 0.20249999999999999 0.42125 0.20249999999999999 0.40374999999999994
5 0.215 0.4125 0.20249999999999999 0.4125 0.20249999999999999 0.42750000000000005 0.215 0.42750000000000005 0.215 0.4125
5 0.22749999999999998 0.42125 0.2125 0.42125 0.2125 0.43875000000000003 0.22749999999999998 0.43875000000000003 0.22749999999999998 0.42125
5 0.19125 0.43375 0.17625 0.43375 0.17625 0.45125000000000004 0.19125 0.45125000000000004 0.19125 0.43375
5 0.20249999999999999 0.4425 0.185 0.4425 0.185 0.45999999999999996 0.20249999999999999 0.45999999999999996 0.20249999999999999 0.4425
5 0.21125 0.4575 0.19875 0.4575 0.19875 0.475 0.21125 0.475 0.21125 0.4575
5 0.17875000000000002 0.45875000000000005 0.16125 0.45875000000000005 0.16125 0.47874999999999995 0.17875000000000002 0.47874999999999995 0.17875000000000002 0.45875000000000005
5 0.1875 0.4725 0.175 0.4725 0.175 0.485 0.1875 0.485 0.1875 0.4725
5 0.1575 0.495 0.14250000000000002 0.495 0.14250000000000002 0.515 0.1575 0.515 0.1575 0.495
5 0.17124999999999999 0.5025000000000001 0.15625 0.5025000000000001 0.15625 0.52 0.17124999999999999 0.52 0.17124999999999999 0.5025000000000001
5 0.18875 0.49625 0.15125 0.49625 0.15125 0.56125 0.18875 0.56125 0.18875 0.49625
5 0.155 0.5337500000000001 0.145 0.5337500000000001 0.145 0.55125 0.155 0.55125 0.155 0.5337500000000001
5 0.1375 0.5349999999999999 0.12250000000000001 0.5349999999999999 0.12250000000000001 0.5549999999999999 0.1375 0.5549999999999999 0.1375 0.5349999999999999
5 0.14750000000000002 0.55625 0.1325 0.55625 0.1325 0.57375 0.14750000000000002 0.57375 0.14750000000000002 0.55625
5 0.15375 0.58 0.14125000000000001 0.58 0.14125000000000001 0.5900000000000001 0.15375 0.5900000000000001 0.15375 0.58
5 0.15625 0.40875000000000006 0.14375 0.40875000000000006 0.14375 0.42374999999999996 0.15625 0.42374999999999996 0.15625 0.40875000000000006
5 0.15375 0.37875000000000003 0.13125 0.37875000000000003 0.13125 0.41375 0.15375 0.41375 0.15375 0.37875000000000003
5 0.13999999999999999 0.365 0.10500000000000001 0.365 0.10500000000000001 0.42750000000000005 0.13999999999999999 0.42750000000000005 0.13999999999999999 0.365
5 0.058750000000000004 0.59875 0.01625 0.59875 0.01625 0.6637500000000001 0.058750000000000004 0.6637500000000001 0.058750000000000004 0.59875
5 0.1125 0.5912499999999999 0.1 0.5912499999999999 0.1 0.60875 0.1125 0.60875 0.1125 0.5912499999999999
5 0.0975 0.6275000000000001 0.08499999999999999 0.6275000000000001 0.08499999999999999 0.645 0.0975 0.645 0.0975 0.6275000000000001
5 0.12250000000000001 0.6075 0.1025 0.6075 0.1025 0.63 0.12250000000000001 0.63 0.12250000000000001 0.6075
5 0.125 0.6325000000000001 0.1025 0.6325000000000001 0.1025 0.665 0.125 0.665 0.125 0.6325000000000001
5 0.0725 0.6799999999999999 0.057499999999999996 0.6799999999999999 0.057499999999999996 0.7 0.0725 0.7 0.0725 0.6799999999999999
5 0.08875 0.67375 0.07875 0.67375 0.07875 0.6912499999999999 0.08875 0.6912499999999999 0.08875 0.67375
5 0.07625 0.7025 0.061250000000000006 0.7025 0.061250000000000006 0.7224999999999999 0.07625 0.7224999999999999 0.07625 0.7025
5 0.0975 0.6925 0.08249999999999999 0.6925 0.08249999999999999 0.7150000000000001 0.0975 0.7150000000000001 0.0975 0.6925
5 0.045 0.73375 0.03 0.73375 0.03 0.75625 0.045 0.75625 0.045 0.73375
5 0.08125 0.72875 0.06375 0.72875 0.06375 0.7462500000000001 0.08125 0.7462500000000001 0.08125 0.72875
5 0.0975 0.74 0.08 0.74 0.08 0.76 0.0975 0.76 0.0975 0.74
5 0.08875 0.76125 0.07375000000000001 0.76125 0.07375000000000001 0.77625 0.08875 0.77625 0.08875 0.76125
5 0.041249999999999995 0.7775000000000001 0.026250000000000002 0.7775000000000001 0.026250000000000002 0.7925 0.041249999999999995 0.7925 0.041249999999999995 0.7775000000000001
5 0.057499999999999996 0.7737499999999999 0.045 0.7737499999999999 0.045 0.79125 0.057499999999999996 0.79125 0.057499999999999996 0.7737499999999999
5 0 0.8237500000000001 0.01625 0.8237500000000001 0.01625 0.8012499999999999 0 0.8012499999999999 0 0.8237500000000001
5 0.05625 0.825 0.04375 0.825 0.04375 0.8425 0.05625 0.8425 0.05625 0.825
5 0.03 0.8400000000000001 0.0125 0.8400000000000001 0.0125 0.86 0.03 0.86 0.03 0.8400000000000001
5 0 0.8862500000000001 0.02 0.8862500000000001 0.02 0.8237500000000001 0 0.8237500000000001 0 0.8862500000000001
5 0 0.9337500000000001 0.015 0.9337500000000001 0.015 0.91625 0 0.91625 0 0.9337500000000001
5 0.21749999999999997 0.28875 0.20249999999999999 0.28875 0.20249999999999999 0.30874999999999997 0.21749999999999997 0.30874999999999997 0.21749999999999997 0.28875
5 0.20375000000000001 0.2325 0.19125 0.2325 0.19125 0.25 0.20375000000000001 0.25 0.20375000000000001 0.2325
5 0.2125 0.21125 0.2 0.21125 0.2 0.23125 0.2125 0.23125 0.2125 0.21125
5 0.175 0.21375000000000002 0.155 0.21375000000000002 0.155 0.22625 0.175 0.22625 0.175 0.21375000000000002
5 0.2325 0.1625 0.21749999999999997 0.1625 0.21749999999999997 0.185 0.2325 0.185 0.2325 0.1625
5 0.275 0.1775 0.26 0.1775 0.26 0.1975 0.275 0.1975 0.275 0.1775
5 0.2425 0.13999999999999999 0.22749999999999998 0.13999999999999999 0.22749999999999998 0.16 0.2425 0.16 0.2425 0.13999999999999999
5 0.3 0.12250000000000001 0.2875 0.12250000000000001 0.2875 0.13999999999999999 0.3 0.13999999999999999 0.3 0.12250000000000001
5 0.2325 0.1275 0.215 0.1275 0.215 0.13999999999999999 0.2325 0.13999999999999999 0.2325 0.1275
5 0.5 0.305 0.47750000000000004 0.305 0.47750000000000004 0.32 0.5 0.32 0.5 0.305
5 0.49124999999999996 0.5549999999999999 0.47874999999999995 0.5549999999999999 0.47874999999999995 0.575 0.49124999999999996 0.575 0.49124999999999996 0.5549999999999999
5 0.42874999999999996 0.445 0.41375 0.445 0.41375 0.4625 0.42874999999999996 0.4625 0.42874999999999996 0.445
5 0.11499999999999999 0.7675 0.1025 0.7675 0.1025 0.7875 0.11499999999999999 0.7875 0.11499999999999999 0.7675
5 0.11125 0.7875 0.09875 0.7875 0.09875 0.8025 0.11125 0.8025 0.11125 0.7875
5 0.36 0.7887500000000001 0.35 0.7887500000000001 0.35 0.8087500000000001 0.36 0.8087500000000001 0.36 0.7887500000000001
5 0.37374999999999997 0.7925 0.36124999999999996 0.7925 0.36124999999999996 0.8099999999999999 0.37374999999999997 0.8099999999999999 0.37374999999999997 0.7925
5 0.39375 0.8025 0.38125 0.8025 0.38125 0.8175000000000001 0.39375 0.8175000000000001 0.39375 0.8025
5 0.43499999999999994 0.81875 0.4225 0.81875 0.4225 0.83625 0.43499999999999994 0.83625 0.43499999999999994 0.81875
5 0.44625000000000004 0.79 0.42874999999999996 0.79 0.42874999999999996 0.8025 0.44625000000000004 0.8025 0.44625000000000004 0.79
5 0.47125000000000006 0.7975 0.45125000000000004 0.7975 0.45125000000000004 0.8074999999999999 0.47125000000000006 0.8074999999999999 0.47125000000000006 0.7975
5 0.49375 0.80625 0.47625 0.80625 0.47625 0.81875 0.49375 0.81875 0.49375 0.80625
5 0.47125000000000006 0.83125 0.45625 0.83125 0.45625 0.8462500000000001 0.47125000000000006 0.8462500000000001 0.47125000000000006 0.83125
5 0.48 0.835 0.47000000000000003 0.835 0.47000000000000003 0.85 0.48 0.85 0.48 0.835
5 0.49000000000000005 0.8387499999999999 0.48 0.8387499999999999 0.48 0.85375 0.49000000000000005 0.85375 0.49000000000000005 0.8387499999999999
5 0.49874999999999997 0.8425 0.48875 0.8425 0.48875 0.8625 0.49874999999999997 0.8625 0.49874999999999997 0.8425
5 0.5287499999999999 0.8525 0.51875 0.8525 0.51875 0.8699999999999999 0.5287499999999999 0.8699999999999999 0.5287499999999999 0.8525
5 0.5387500000000001 0.85875 0.5287499999999999 0.85875 0.5287499999999999 0.87375 0.5387500000000001 0.87375 0.5387500000000001 0.85875
5 0.5575 0.86875 0.55 0.86875 0.55 0.88125 0.5575 0.88125 0.5575 0.86875
5 0.5862499999999999 0.8400000000000001 0.56375 0.8400000000000001 0.56375 0.8525 0.5862499999999999 0.8525 0.5862499999999999 0.8400000000000001
5 0.6325000000000001 0.86 0.615 0.86 0.615 0.8699999999999999 0.6325000000000001 0.8699999999999999 0.6325000000000001 0.86
5 0.64625 0.86625 0.6287499999999999 0.86625 0.6287499999999999 0.8787499999999999 0.64625 0.8787499999999999 0.64625 0.86625
5 0.6875 0.88125 0.665 0.88125 0.665 0.89625 0.6875 0.89625 0.6875 0.88125
5 0.70625 0.89125 0.68875 0.89125 0.68875 0.9037499999999999 0.70625 0.9037499999999999 0.70625 0.89125
5 0.72875 0.9 0.7112499999999999 0.9 0.7112499999999999 0.9125 0.72875 0.9125 0.72875 0.9
5 0.60875 0.9099999999999999 0.5962500000000001 0.9099999999999999 0.5962500000000001 0.9275 0.60875 0.9275 0.60875 0.9099999999999999
5 0.65 0.9 0.64 0.9 0.64 0.9175000000000001 0.65 0.9175000000000001 0.65 0.9
5 0.6599999999999999 0.9037499999999999 0.65 0.9037499999999999 0.65 0.92125 0.6599999999999999 0.92125 0.6599999999999999 0.9037499999999999
5 0.67 0.9087500000000001 0.6599999999999999 0.9087500000000001 0.6599999999999999 0.9262499999999999 0.67 0.9262499999999999 0.67 0.9087500000000001
5 0.67875 0.91375 0.67125 0.91375 0.67125 0.92875 0.67875 0.92875 0.67875 0.91375
5 0.69375 0.9175000000000001 0.6837500000000001 0.9175000000000001 0.6837500000000001 0.93 0.69375 0.93 0.69375 0.9175000000000001
5 0.74875 0.93875 0.73875 0.93875 0.73875 0.95625 0.74875 0.95625 0.74875 0.93875
5 0.775 0.94625 0.765 0.94625 0.765 0.9637499999999999 0.775 0.9637499999999999 0.775 0.94625
5 0.7849999999999999 0.9525 0.775 0.9525 0.775 0.9675 0.7849999999999999 0.9675 0.7849999999999999 0.9525
5 0.0875 1 0.0875 0.9925 0.0675 0.9925 0.0675 1 0.0875 1
5 0.08249999999999999 0.04 0.0675 0.04 0.0675 0.05 0.08249999999999999 0.05 0.08249999999999999 0.04
5 0.0775 0.05 0.0625 0.05 0.0625 0.057499999999999996 0.0775 0.057499999999999996 0.0775 0.05
5 0.07875 0.057499999999999996 0.058750000000000004 0.057499999999999996 0.058750000000000004 0.06999999999999999 0.07875 0.06999999999999999 0.07875 0.057499999999999996
5 0.09375 0.021249999999999998 0.07375000000000001 0.021249999999999998 0.07375000000000001 0.03125 0.09375 0.03125 0.09375 0.021249999999999998
5 0.1075 0.02 0.095 0.02 0.095 0.0375 0.1075 0.0375 0.1075 0.02