3 0.605 0.5337500000000001 0.5912499999999999 0.5337500000000001 0.5912499999999999 0.5475 0.605 0.5475 0.605 0.5337500000000001
3 0.40125 0.585 0.38125 0.585 0.38125 0.6012500000000001 0.40125 0.6012500000000001 0.40125 0.585
3 0.5974999999999999 0.5387500000000001 0.585 0.5387500000000001 0.585 0.55125 0.5974999999999999 0.55125 0.5974999999999999 0.5387500000000001
3 0.35750000000000004 0.3875 0.33375 0.3875 0.33375 0.40374999999999994 0.35750000000000004 0.40374999999999994 0.35750000000000004 0.3875
3 0.59375 0.545 0.57875 0.545 0.57875 0.5575 0.59375 0.5575 0.59375 0.545
3 0.48624999999999996 0.5962500000000001 0.4725 0.5962500000000001 0.4725 0.61125 0.48624999999999996 0.61125 0.48624999999999996 0.5962500000000001
3 0.45375 0.28250000000000003 0.43125 0.28250000000000003 0.43125 0.29375 0.45375 0.29375 0.45375 0.28250000000000003
3 0.3375 0.31124999999999997 0.3175 0.31124999999999997 0.3175 0.3225 0.3375 0.3225 0.3375 0.31124999999999997
3 0.475 0.60375 0.46125 0.60375 0.46125 0.62 0.475 0.62 0.475 0.60375
3 0.5862499999999999 0.5525 0.57125 0.5525 0.57125 0.5650000000000001 0.5862499999999999 0.5650000000000001 0.5862499999999999 0.5525
3 0.52625 0.6212500000000001 0.51375 0.6212500000000001 0.51375 0.63625 0.52625 0.63625 0.52625 0.6212500000000001