5 0.1775 0.915 0.1625 0.915 0.1625 0.9349999999999999 0.1775 0.9349999999999999 0.1775 0.915
5 0.24125000000000002 0.9675 0.22374999999999998 0.9675 0.22374999999999998 0.99 0.24125000000000002 0.99 0.24125000000000002 0.9675
5 0.25375000000000003 0.945 0.24125000000000002 0.945 0.24125000000000002 0.9650000000000001 0.25375000000000003 0.9650000000000001 0.25375000000000003 0.945
5 0.275 0.9 0.2525 0.9 0.2525 0.9349999999999999 0.275 0.9349999999999999 0.275 0.9
5 0.29375 0.91625 0.28125 0.91625 0.28125 0.9412499999999999 0.29375 0.9412499999999999 0.29375 0.91625
5 0.3175 0.8150000000000001 0.29500000000000004 0.8150000000000001 0.29500000000000004 0.85 0.3175 0.85 0.3175 0.8150000000000001
5 0.29625 0.8262499999999999 0.27875 0.8262499999999999 0.27875 0.85125 0.29625 0.85125 0.29625 0.8262499999999999
5 0.33875 0.775 0.32375 0.775 0.32375 0.7975 0.33875 0.7975 0.33875 0.775
5 0.32875 0.7625 0.31375000000000003 0.7625 0.31375000000000003 0.7875 0.32875 0.7875 0.32875 0.7625
5 0.34125 0.83625 0.32875 0.83625 0.32875 0.85625 0.34125 0.85625 0.34125 0.83625
5 0.32 0.88125 0.3075 0.88125 0.3075 0.9012499999999999 0.32 0.9012499999999999 0.32 0.88125
5 0.37625000000000003 0.7675 0.36124999999999996 0.7675 0.36124999999999996 0.7875 0.37625000000000003 0.7875 0.37625000000000003 0.7675
5 0.23875000000000002 0.8412499999999999 0.22625 0.8412499999999999 0.22625 0.85875 0.23875000000000002 0.85875 0.23875000000000002 0.8412499999999999
5 0.15 0.6425 0.135 0.6425 0.135 0.6599999999999999 0.15 0.6599999999999999 0.15 0.6425
5 0.185 0.61375 0.17250000000000001 0.61375 0.17250000000000001 0.63375 0.185 0.63375 0.185 0.61375
5 0.15125 0.58375 0.12875 0.58375 0.12875 0.6012500000000001 0.15125 0.6012500000000001 0.15125 0.58375
5 0.18625 0.575 0.16375 0.575 0.16375 0.6075 0.18625 0.6075 0.18625 0.575
5 0.16999999999999998 0.575 0.1575 0.575 0.1575 0.595 0.16999999999999998 0.595 0.16999999999999998 0.575
5 0.19624999999999998 0.615 0.18125 0.615 0.18125 0.6375 0.19624999999999998 0.6375 0.19624999999999998 0.615
5 0.2925 0.6837500000000001 0.2725 0.6837500000000001 0.2725 0.70625 0.2925 0.70625 0.2925 0.6837500000000001
5 0.375 0.70125 0.36 0.70125 0.36 0.72375 0.375 0.72375 0.375 0.70125
5 0.34625 0.72875 0.33125 0.72875 0.33125 0.75125 0.34625 0.75125 0.34625 0.72875
5 0.21375000000000002 0.8074999999999999 0.19875 0.8074999999999999 0.19875 0.8275 0.21375000000000002 0.8275 0.21375000000000002 0.8074999999999999
5 0.27999999999999997 0.86 0.265 0.86 0.265 0.8800000000000001 0.27999999999999997 0.8800000000000001 0.27999999999999997 0.86
5 0.31124999999999997 0.795 0.29625 0.795 0.29625 0.8175000000000001 0.31124999999999997 0.8175000000000001 0.31124999999999997 0.795
5 0.31875 0.7025 0.30125 0.7025 0.30125 0.725 0.31875 0.725 0.31875 0.7025
5 0.25625 0.9025000000000001 0.22125 0.9025000000000001 0.22125 0.9675 0.25625 0.9675 0.25625 0.9025000000000001
5 0.3875 0.7125 0.365 0.7125 0.365 0.7424999999999999 0.3875 0.7424999999999999 0.3875 0.7125
5 0.39375 0.73875 0.37875000000000003 0.73875 0.37875000000000003 0.75875 0.39375 0.75875 0.39375 0.73875
5 0.3725 0.67 0.36 0.67 0.36 0.6900000000000001 0.3725 0.6900000000000001 0.3725 0.67
5 0.41875 0.6487499999999999 0.39875 0.6487499999999999 0.39875 0.67875 0.41875 0.67875 0.41875 0.6487499999999999
5 0.40875000000000006 0.63875 0.39375 0.63875 0.39375 0.6587500000000001 0.40875000000000006 0.6587500000000001 0.40875000000000006 0.63875
5 0.42625 0.6675 0.41375 0.6675 0.41375 0.6875 0.42625 0.6875 0.42625 0.6675
5 0.30625 0.58 0.29125 0.58 0.29125 0.605 0.30625 0.605 0.30625 0.58
5 0.44125 0.5675 0.42125 0.5675 0.42125 0.6 0.44125 0.6 0.44125 0.5675
5 0.40750000000000003 0.5275000000000001 0.395 0.5275000000000001 0.395 0.5475 0.40750000000000003 0.5475 0.40750000000000003 0.5275000000000001
5 0.365 0.5349999999999999 0.34750000000000003 0.5349999999999999 0.34750000000000003 0.5549999999999999 0.365 0.5549999999999999 0.365 0.5349999999999999
5 0.45125000000000004 0.58375 0.42874999999999996 0.58375 0.42874999999999996 0.61875 0.45125000000000004 0.61875 0.45125000000000004 0.58375
5 0.34375 0.48875 0.31625000000000003 0.48875 0.31625000000000003 0.5237499999999999 0.34375 0.5237499999999999 0.34375 0.48875
5 0.48250000000000004 0.485 0.45499999999999996 0.485 0.45499999999999996 0.525 0.48250000000000004 0.525 0.48250000000000004 0.485
5 0.50625 0.47125000000000006 0.48125 0.47125000000000006 0.48125 0.51375 0.50625 0.51375 0.50625 0.47125000000000006
5 0.35750000000000004 0.7675 0.335 0.7675 0.335 0.8074999999999999 0.35750000000000004 0.8074999999999999 0.35750000000000004 0.7675
5 0.50625 0.4375 0.49124999999999996 0.4375 0.49124999999999996 0.45999999999999996 0.50625 0.45999999999999996 0.50625 0.4375
5 0.47625 0.47000000000000003 0.46125 0.47000000000000003 0.46125 0.49000000000000005 0.47625 0.49000000000000005 0.47625 0.47000000000000003
5 0.54875 0.38625 0.5237499999999999 0.38625 0.5237499999999999 0.43125 0.54875 0.43125 0.54875 0.38625
5 0.5575 0.40625 0.545 0.40625 0.545 0.42874999999999996 0.5575 0.42874999999999996 0.5575 0.40625
5 0.45999999999999996 0.4225 0.44749999999999995 0.4225 0.44749999999999995 0.4425 0.45999999999999996 0.4425 0.45999999999999996 0.4225
5 0.49124999999999996 0.35875 0.47874999999999995 0.35875 0.47874999999999995 0.37875000000000003 0.49124999999999996 0.37875000000000003 0.49124999999999996 0.35875
5 0.46125 0.39249999999999996 0.44625000000000004 0.39249999999999996 0.44625000000000004 0.4125 0.46125 0.4125 0.46125 0.39249999999999996
5 0.43125 0.39 0.41624999999999995 0.39 0.41624999999999995 0.4125 0.43125 0.4125 0.43125 0.39
5 0.42750000000000005 0.3675 0.41500000000000004 0.3675 0.41500000000000004 0.3875 0.42750000000000005 0.3875 0.42750000000000005 0.3675
5 0.40374999999999994 0.37124999999999997 0.39375 0.37124999999999997 0.39375 0.38875000000000004 0.40374999999999994 0.38875000000000004 0.40374999999999994 0.37124999999999997
5 0.5525 0.31625000000000003 0.5375 0.31625000000000003 0.5375 0.33875 0.5525 0.33875 0.5525 0.31625000000000003
5 0.595 0.2975 0.5575 0.2975 0.5575 0.3625 0.595 0.3625 0.595 0.2975
5 0.5225 0.29625 0.5075000000000001 0.29625 0.5075000000000001 0.31625000000000003 0.5225 0.31625000000000003 0.5225 0.29625
5 0.49375 0.26125 0.47874999999999995 0.26125 0.47874999999999995 0.28625 0.49375 0.28625 0.49375 0.26125
5 0.54375 0.22125 0.51875 0.22125 0.51875 0.25625 0.54375 0.25625 0.54375 0.22125
5 0.5237499999999999 0.26 0.50125 0.26 0.50125 0.29 0.5237499999999999 0.29 0.5237499999999999 0.26
5 0.625 0.23374999999999999 0.6025 0.23374999999999999 0.6025 0.26625 0.625 0.26625 0.625 0.23374999999999999
5 0.61125 0.22999999999999998 0.59375 0.22999999999999998 0.59375 0.255 0.61125 0.255 0.61125 0.22999999999999998
5 0.6425 0.31625000000000003 0.6275000000000001 0.31625000000000003 0.6275000000000001 0.32625000000000004 0.6425 0.32625000000000004 0.6425 0.31625000000000003
5 0.65125 0.305 0.63125 0.305 0.63125 0.3175 0.65125 0.3175 0.65125 0.305
5 0.53 0.15125 0.495 0.15125 0.495 0.21875 0.53 0.21875 0.53 0.15125
5 0.49625 0.1775 0.48125 0.1775 0.48125 0.2 0.49625 0.2 0.49625 0.1775
5 0.575 0.1875 0.5575 0.1875 0.5575 0.2125 0.575 0.2125 0.575 0.1875
5 0.595 0.14750000000000002 0.5775 0.14750000000000002 0.5775 0.16999999999999998 0.595 0.16999999999999998 0.595 0.14750000000000002
5 0.6537499999999999 0.21875 0.63875 0.21875 0.63875 0.23625 0.6537499999999999 0.23625 0.6537499999999999 0.21875
5 0.6487499999999999 0.195 0.63625 0.195 0.63625 0.2125 0.6487499999999999 0.2125 0.6487499999999999 0.195
5 0.9 0.24375 0.8775000000000001 0.24375 0.8775000000000001 0.25875 0.9 0.25875 0.9 0.24375
5 0.74375 0.17250000000000001 0.72875 0.17250000000000001 0.72875 0.1825 0.74375 0.1825 0.74375 0.17250000000000001
5 0.5387500000000001 0.09625 0.52125 0.09625 0.52125 0.11875 0.5387500000000001 0.11875 0.5387500000000001 0.09625
5 0.5599999999999999 0.05125 0.5325 0.05125 0.5325 0.09125 0.5599999999999999 0.09125 0.5599999999999999 0.05125
5 0.64375 0.05 0.62625 0.05 0.62625 0.0775 0.64375 0.0775 0.64375 0.05
5 0.7175 0.05 0.6875 0.05 0.6875 0.095 0.7175 0.095 0.7175 0.05
5 0.64 0.0225 0.6125 0.0225 0.6125 0.0625 0.64 0.0625 0.64 0.0225
5 0.575 0.02 0.5599999999999999 0.02 0.5599999999999999 0.04 0.575 0.04 0.575 0.02
5 0.74125 0.12875 0.72875 0.12875 0.72875 0.14625 0.74125 0.14625 0.74125 0.12875
5 0.73 0.12375 0.7175 0.12375 0.7175 0.14375 0.73 0.14375 0.73 0.12375
5 0.7462500000000001 0.09375 0.73625 0.09375 0.73625 0.10625 0.7462500000000001 0.10625 0.7462500000000001 0.09375
5 0.7537499999999999 0.08625000000000001 0.74125 0.08625000000000001 0.74125 0.09625 0.7537499999999999 0.09625 0.7537499999999999 0.08625000000000001
5 0.7625 0.075 0.75 0.075 0.75 0.0875 0.7625 0.0875 0.7625 0.075
5 0.765 0.06 0.7525000000000001 0.06 0.7525000000000001 0.0775 0.765 0.0775 0.765 0.06
5 0.7725 0.05 0.755 0.05 0.755 0.06999999999999999 0.7725 0.06999999999999999 0.7725 0.05
5 0.7737499999999999 0.045 0.76375 0.045 0.76375 0.06 0.7737499999999999 0.06 0.7737499999999999 0.045
5 0.7887500000000001 0.01875 0.7737499999999999 0.01875 0.7737499999999999 0.03875 0.7887500000000001 0.03875 0.7887500000000001 0.01875
5 0.78625 0 0.78625 0.013750000000000002 0.79875 0.013750000000000002 0.79875 0 0.78625 0
5 0.6900000000000001 0.03875 0.67 0.03875 0.67 0.06625 0.6900000000000001 0.06625 0.6900000000000001 0.03875
5 0.495 0.42625 0.48250000000000004 0.42625 0.48250000000000004 0.44875 0.495 0.44875 0.495 0.42625