5 0.06999999999999999 0.5037499999999999 0.057499999999999996 0.5037499999999999 0.057499999999999996 0.5237499999999999 0.06999999999999999 0.5237499999999999 0.06999999999999999 0.5037499999999999
5 0.08375 0.525 0.07375000000000001 0.525 0.07375000000000001 0.5425 0.08375 0.5425 0.08375 0.525
5 0.09625 0.40499999999999997 0.08375 0.40499999999999997 0.08375 0.4225 0.09625 0.4225 0.09625 0.40499999999999997
5 0.09625 0.23500000000000001 0.08125 0.23500000000000001 0.08125 0.24500000000000002 0.09625 0.24500000000000002 0.09625 0.23500000000000001
5 0.08625000000000001 0.215 0.06375 0.215 0.06375 0.22749999999999998 0.08625000000000001 0.22749999999999998 0.08625000000000001 0.215
5 0.1 0.20249999999999999 0.075 0.20249999999999999 0.075 0.215 0.1 0.215 0.1 0.20249999999999999
5 0.13374999999999998 0.265 0.12125 0.265 0.12125 0.28250000000000003 0.13374999999999998 0.28250000000000003 0.13374999999999998 0.265
5 0.155 0.21375000000000002 0.14250000000000002 0.21375000000000002 0.14250000000000002 0.23374999999999999 0.155 0.23374999999999999 0.155 0.21375000000000002
5 0.9974999999999999 0.55 0.9775 0.55 0.9775 0.5599999999999999 0.9974999999999999 0.5599999999999999 0.9974999999999999 0.55
5 0.875 0.5225 0.8525 0.5225 0.8525 0.5349999999999999 0.875 0.5349999999999999 0.875 0.5225
5 0.8099999999999999 0.4625 0.7925 0.4625 0.7925 0.4725 0.8099999999999999 0.4725 0.8099999999999999 0.4625
5 0.9974999999999999 0.445 0.975 0.445 0.975 0.45999999999999996 0.9974999999999999 0.45999999999999996 0.9974999999999999 0.445
5 0.79125 0.40625 0.77125 0.40625 0.77125 0.41624999999999995 0.79125 0.41624999999999995 0.79125 0.40625
5 0.6975 0.3825 0.6799999999999999 0.3825 0.6799999999999999 0.395 0.6975 0.395 0.6975 0.3825
5 0.8150000000000001 0.34249999999999997 0.79 0.34249999999999997 0.79 0.35750000000000004 0.8150000000000001 0.35750000000000004 0.8150000000000001 0.34249999999999997
5 0.62375 0.33875 0.58125 0.33875 0.58125 0.36375 0.62375 0.36375 0.62375 0.33875
5 0.5549999999999999 0.34875 0.5325 0.34875 0.5325 0.36124999999999996 0.5549999999999999 0.36124999999999996 0.5549999999999999 0.34875
5 0.4925 0.39125 0.475 0.39125 0.475 0.40125 0.4925 0.40125 0.4925 0.39125
5 0.48624999999999996 0.32999999999999996 0.46375 0.32999999999999996 0.46375 0.33999999999999997 0.48624999999999996 0.33999999999999997 0.48624999999999996 0.32999999999999996
5 0.4175 0.31375000000000003 0.39249999999999996 0.31375000000000003 0.39249999999999996 0.32625000000000004 0.4175 0.32625000000000004 0.4175 0.31375000000000003
5 0.22875 0.32999999999999996 0.20625 0.32999999999999996 0.20625 0.34249999999999997 0.22875 0.34249999999999997 0.22875 0.32999999999999996
5 0.25625 0.275 0.23625 0.275 0.23625 0.28500000000000003 0.25625 0.28500000000000003 0.25625 0.275
5 0.29125 0.25125000000000003 0.26875 0.25125000000000003 0.26875 0.26125 0.29125 0.26125 0.29125 0.25125000000000003
5 0.29874999999999996 0.23374999999999999 0.27625 0.23374999999999999 0.27625 0.24625 0.29874999999999996 0.24625 0.29874999999999996 0.23374999999999999
5 0.39 0.29 0.365 0.29 0.365 0.3025 0.39 0.3025 0.39 0.29
5 0.39875 0.26625 0.34625 0.26625 0.34625 0.28875 0.39875 0.28875 0.39875 0.26625
5 0.6025 0.21625 0.5875 0.21625 0.5875 0.23374999999999999 0.6025 0.23374999999999999 0.6025 0.21625
5 0.72875 0.18375 0.7212500000000001 0.18375 0.7212500000000001 0.20125 0.72875 0.20125 0.72875 0.18375
5 0.6525000000000001 0.07875 0.64 0.07875 0.64 0.09875 0.6525000000000001 0.09875 0.6525000000000001 0.07875
5 0.5725 0.545 0.5549999999999999 0.545 0.5549999999999999 0.5675 0.5725 0.5675 0.5725 0.545
5 0.485 0.89625 0.46749999999999997 0.89625 0.46749999999999997 0.91875 0.485 0.91875 0.485 0.89625
5 0.9974999999999999 0.77 0.9875 0.77 0.9875 0.7849999999999999 0.9974999999999999 0.7849999999999999 0.9974999999999999 0.77
5 0.9800000000000001 0.7675 0.9675 0.7675 0.9675 0.7875 0.9800000000000001 0.7875 0.9800000000000001 0.7675
5 0.9712500000000001 0.7787499999999999 0.95875 0.7787499999999999 0.95875 0.79375 0.9712500000000001 0.79375 0.9712500000000001 0.7787499999999999
5 0.96125 0.7849999999999999 0.9512499999999999 0.7849999999999999 0.9512499999999999 0.8 0.96125 0.8 0.96125 0.7849999999999999
5 0.9375 0.79625 0.9225 0.79625 0.9225 0.81375 0.9375 0.81375 0.9375 0.79625
5 0.93 0.8 0.915 0.8 0.915 0.8175000000000001 0.93 0.8175000000000001 0.93 0.8
5 0.91375 0.8150000000000001 0.89875 0.8150000000000001 0.89875 0.8324999999999999 0.91375 0.8324999999999999 0.91375 0.8150000000000001
5 0.95875 0.8012499999999999 0.9412499999999999 0.8012499999999999 0.9412499999999999 0.8162499999999999 0.95875 0.8162499999999999 0.95875 0.8012499999999999
5 0.94375 0.8150000000000001 0.9262499999999999 0.8150000000000001 0.9262499999999999 0.8300000000000001 0.94375 0.8300000000000001 0.94375 0.8150000000000001
5 0.92125 0.83375 0.9012499999999999 0.83375 0.9012499999999999 0.85125 0.92125 0.85125 0.92125 0.83375
5 0.905 0.8225 0.89 0.8225 0.89 0.8375 0.905 0.8375 0.905 0.8225
5 0.89875 0.83125 0.88375 0.83125 0.88375 0.8462500000000001 0.89875 0.8462500000000001 0.89875 0.83125
5 0.89375 0.83625 0.87375 0.83625 0.87375 0.85125 0.89375 0.85125 0.89375 0.83625
5 0.8862500000000001 0.845 0.86875 0.845 0.86875 0.86 0.8862500000000001 0.86 0.8862500000000001 0.845
5 0.8800000000000001 0.85375 0.865 0.85375 0.865 0.86875 0.8800000000000001 0.86875 0.8800000000000001 0.85375
5 0.8724999999999999 0.86 0.8550000000000001 0.86 0.8550000000000001 0.8724999999999999 0.8724999999999999 0.8724999999999999 0.8724999999999999 0.86
5 0.8675 0.8699999999999999 0.8525 0.8699999999999999 0.8525 0.8825 0.8675 0.8825 0.8675 0.8699999999999999
5 0.85875 0.89 0.84375 0.89 0.84375 0.9 0.85875 0.9 0.85875 0.89
5 0.8550000000000001 0.89875 0.8375 0.89875 0.8375 0.9087500000000001 0.8550000000000001 0.9087500000000001 0.8550000000000001 0.89875
5 0.8525 0.9087500000000001 0.8324999999999999 0.9087500000000001 0.8324999999999999 0.91875 0.8525 0.91875 0.8525 0.9087500000000001
5 0.8474999999999999 0.91625 0.8275 0.91625 0.8275 0.92875 0.8474999999999999 0.92875 0.8474999999999999 0.91625
5 0.8487500000000001 0.9275 0.83125 0.9275 0.83125 0.9375 0.8487500000000001 0.9375 0.8487500000000001 0.9275
5 0.83625 0.95625 0.82125 0.95625 0.82125 0.9662499999999999 0.83625 0.9662499999999999 0.83625 0.95625
5 0.83375 0.9662499999999999 0.82125 0.9662499999999999 0.82125 0.97625 0.83375 0.97625 0.83375 0.9662499999999999
5 0.8324999999999999 0.975 0.8150000000000001 0.975 0.8150000000000001 0.985 0.8324999999999999 0.985 0.8324999999999999 0.975
5 0.8487500000000001 0.95625 0.83625 0.95625 0.83625 0.97625 0.8487500000000001 0.97625 0.8487500000000001 0.95625
5 0.85875 0.91625 0.8487500000000001 0.91625 0.8487500000000001 0.93625 0.85875 0.93625 0.85875 0.91625
5 0.8712500000000001 0.8949999999999999 0.85375 0.8949999999999999 0.85375 0.9175000000000001 0.8712500000000001 0.9175000000000001 0.8712500000000001 0.8949999999999999
5 0.88375 0.8712500000000001 0.86875 0.8712500000000001 0.86875 0.8887499999999999 0.88375 0.8887499999999999 0.88375 0.8712500000000001
5 0.9012499999999999 0.85375 0.88375 0.85375 0.88375 0.87375 0.9012499999999999 0.87375 0.9012499999999999 0.85375
5 1 0.81125 0.99125 0.81125 0.99125 0.8262499999999999 1 0.8262499999999999 1 0.81125
5 0.98375 0.8162499999999999 0.9737500000000001 0.8162499999999999 0.9737500000000001 0.83375 0.98375 0.83375 0.98375 0.8162499999999999
5 0.975 0.825 0.9650000000000001 0.825 0.9650000000000001 0.8400000000000001 0.975 0.8400000000000001 0.975 0.825
5 0.9662499999999999 0.8275 0.95375 0.8275 0.95375 0.845 0.9662499999999999 0.845 0.9662499999999999 0.8275
5 0.9574999999999999 0.835 0.945 0.835 0.945 0.8525 0.9574999999999999 0.8525 0.9574999999999999 0.835
5 0.9487500000000001 0.8400000000000001 0.93625 0.8400000000000001 0.93625 0.8550000000000001 0.9487500000000001 0.8550000000000001 0.9487500000000001 0.8400000000000001
5 0.93875 0.8487500000000001 0.92875 0.8487500000000001 0.92875 0.8612500000000001 0.93875 0.8612500000000001 0.93875 0.8487500000000001
5 0.93625 0.85375 0.92125 0.85375 0.92125 0.8712500000000001 0.93625 0.8712500000000001 0.93625 0.85375
5 0.925 0.8612500000000001 0.9125 0.8612500000000001 0.9125 0.87625 0.925 0.87625 0.925 0.8612500000000001
5 0.9199999999999999 0.8699999999999999 0.9075 0.8699999999999999 0.9075 0.885 0.9199999999999999 0.885 0.9199999999999999 0.8699999999999999
5 0.915 0.8800000000000001 0.8975 0.8800000000000001 0.8975 0.8925000000000001 0.915 0.8925000000000001 0.915 0.8800000000000001
5 0.9 0.9037499999999999 0.8825 0.9037499999999999 0.8825 0.91625 0.9 0.91625 0.9 0.9037499999999999
5 0.8925000000000001 0.91375 0.8800000000000001 0.91375 0.8800000000000001 0.9237500000000001 0.8925000000000001 0.9237500000000001 0.8925000000000001 0.91375
5 0.89375 0.92125 0.87375 0.92125 0.87375 0.9337500000000001 0.89375 0.9337500000000001 0.89375 0.92125
5 0.8887499999999999 0.93125 0.8712500000000001 0.93125 0.8712500000000001 0.9412499999999999 0.8887499999999999 0.9412499999999999 0.8887499999999999 0.93125
5 0.885 0.9412499999999999 0.8675 0.9412499999999999 0.8675 0.9512499999999999 0.885 0.9512499999999999 0.885 0.9412499999999999
5 0.88125 0.9487500000000001 0.8637499999999999 0.9487500000000001 0.8637499999999999 0.95875 0.88125 0.95875 0.88125 0.9487500000000001
5 0.88125 0.96125 0.8637499999999999 0.96125 0.8637499999999999 0.96875 0.88125 0.96875 0.88125 0.96125
5 0.8800000000000001 0.97 0.86 0.97 0.86 0.9824999999999999 0.8800000000000001 0.9824999999999999 0.8800000000000001 0.97
5 0.87625 0.98125 0.85875 0.98125 0.85875 0.99125 0.87625 0.99125 0.87625 0.98125
5 0.875 1 0.875 0.99125 0.8550000000000001 0.99125 0.8550000000000001 1 0.875 1
5 0.83125 0.9862500000000001 0.81875 0.9862500000000001 0.81875 0.99375 0.83125 0.99375 0.83125 0.9862500000000001
5 0.83125 1 0.83125 0.99375 0.8162499999999999 0.99375 0.8162499999999999 1 0.83125 1