5 0.54375 0.975 0.52125 0.975 0.52125 0.985 0.54375 0.985 0.54375 0.975
5 0.66875 0.96875 0.6487499999999999 0.96875 0.6487499999999999 0.98125 0.66875 0.98125 0.66875 0.96875
5 0.6287499999999999 0.03125 0.60875 0.03125 0.60875 0.07375000000000001 0.6287499999999999 0.07375000000000001 0.6287499999999999 0.03125
5 0.635 0.07625 0.6224999999999999 0.07625 0.6224999999999999 0.09625 0.635 0.09625 0.635 0.07625
5 0.61125 0.08 0.57875 0.08 0.57875 0.11750000000000001 0.61125 0.11750000000000001 0.61125 0.08
5 0.44375 0.16499999999999998 0.43125 0.16499999999999998 0.43125 0.1825 0.44375 0.1825 0.44375 0.16499999999999998
5 0.60625 0.13125 0.5912499999999999 0.13125 0.5912499999999999 0.15375 0.60625 0.15375 0.60625 0.13125
5 0.58375 0.18875 0.56875 0.18875 0.56875 0.21125 0.58375 0.21125 0.58375 0.18875
5 0.5287499999999999 0.205 0.51125 0.205 0.51125 0.2225 0.5287499999999999 0.2225 0.5287499999999999 0.205
5 0.56125 0.24 0.52625 0.24 0.52625 0.27999999999999997 0.56125 0.27999999999999997 0.56125 0.24
5 0.44125 0.24 0.42874999999999996 0.24 0.42874999999999996 0.26 0.44125 0.26 0.44125 0.24
5 0.42125 0.2375 0.40625 0.2375 0.40625 0.2575 0.42125 0.2575 0.42125 0.2375
5 0.40499999999999997 0.2375 0.38 0.2375 0.38 0.25 0.40499999999999997 0.25 0.40499999999999997 0.2375
5 0.39875 0.24874999999999997 0.38125 0.24874999999999997 0.38125 0.25875 0.39875 0.25875 0.39875 0.24874999999999997
5 0.61125 0.2575 0.59375 0.2575 0.59375 0.26749999999999996 0.61125 0.26749999999999996 0.61125 0.2575
5 0.5912499999999999 0.26375000000000004 0.57375 0.26375000000000004 0.57375 0.27375 0.5912499999999999 0.27375 0.5912499999999999 0.26375000000000004
5 0.61375 0.265 0.59375 0.265 0.59375 0.27749999999999997 0.61375 0.27749999999999997 0.61375 0.265
5 0.5900000000000001 0.27375 0.5700000000000001 0.27375 0.5700000000000001 0.28625 0.5900000000000001 0.28625 0.5900000000000001 0.27375
5 0.61 0.27875 0.5900000000000001 0.27875 0.5900000000000001 0.28875 0.61 0.28875 0.61 0.27875
5 0.61 0.2875 0.5900000000000001 0.2875 0.5900000000000001 0.3 0.61 0.3 0.61 0.2875
5 0.58125 0.2875 0.56125 0.2875 0.56125 0.2975 0.58125 0.2975 0.58125 0.2875
5 0.5825 0.29874999999999996 0.5650000000000001 0.29874999999999996 0.5650000000000001 0.30625 0.5825 0.30625 0.5825 0.29874999999999996
5 0.61125 0.2975 0.58875 0.2975 0.58875 0.3075 0.61125 0.3075 0.61125 0.2975
5 0.6075 0.30874999999999997 0.5900000000000001 0.30874999999999997 0.5900000000000001 0.31625000000000003 0.6075 0.31625000000000003 0.6075 0.30874999999999997
5 0.6075 0.315 0.585 0.315 0.585 0.3275 0.6075 0.3275 0.6075 0.315
5 0.57625 0.315 0.55625 0.315 0.55625 0.325 0.57625 0.325 0.57625 0.315
5 0.575 0.325 0.5575 0.325 0.5575 0.335 0.575 0.335 0.575 0.325
5 0.5825 0.33375 0.5575 0.33375 0.5575 0.34625 0.5825 0.34625 0.5825 0.33375
5 0.58125 0.34500000000000003 0.5587500000000001 0.34500000000000003 0.5587500000000001 0.355 0.58125 0.355 0.58125 0.34500000000000003
5 0.5387500000000001 0.3375 0.52625 0.3375 0.52625 0.355 0.5387500000000001 0.355 0.5387500000000001 0.3375
5 0.5549999999999999 0.335 0.5425 0.335 0.5425 0.355 0.5549999999999999 0.355 0.5549999999999999 0.335
5 0.585 0.35625 0.5650000000000001 0.35625 0.5650000000000001 0.36625 0.585 0.36625 0.585 0.35625
5 0.5375 0.3675 0.525 0.3675 0.525 0.3875 0.5375 0.3875 0.5375 0.3675
5 0.55 0.36625 0.5349999999999999 0.36625 0.5349999999999999 0.38875000000000004 0.55 0.38875000000000004 0.55 0.36625
5 0.57625 0.365 0.5587500000000001 0.365 0.5587500000000001 0.375 0.57625 0.375 0.57625 0.365
5 0.57375 0.3775 0.55625 0.3775 0.55625 0.39 0.57375 0.39 0.57375 0.3775
5 0.5275000000000001 0.39125 0.515 0.39125 0.515 0.41125 0.5275000000000001 0.41125 0.5275000000000001 0.39125
5 0.54125 0.395 0.53125 0.395 0.53125 0.4125 0.54125 0.4125 0.54125 0.395
5 0.56875 0.395 0.54875 0.395 0.54875 0.40499999999999997 0.56875 0.40499999999999997 0.56875 0.395
5 0.56375 0.40750000000000003 0.54125 0.40750000000000003 0.54125 0.4175 0.56375 0.4175 0.56375 0.40750000000000003
5 0.58125 0.41875 0.57125 0.41875 0.57125 0.44125 0.58125 0.44125 0.58125 0.41875
5 0.5675 0.42000000000000004 0.5475 0.42000000000000004 0.5475 0.42750000000000005 0.5675 0.42750000000000005 0.5675 0.42000000000000004
5 0.5650000000000001 0.4325 0.545 0.4325 0.545 0.4425 0.5650000000000001 0.4425 0.5650000000000001 0.4325
5 0.56375 0.4425 0.54625 0.4425 0.54625 0.4525 0.56375 0.4525 0.56375 0.4425
5 0.56375 0.45625 0.54125 0.45625 0.54125 0.46624999999999994 0.56375 0.46624999999999994 0.56375 0.45625
5 0.51875 0.42000000000000004 0.50875 0.42000000000000004 0.50875 0.445 0.51875 0.445 0.51875 0.42000000000000004
5 0.50625 0.4325 0.49375 0.4325 0.49375 0.45499999999999996 0.50625 0.45499999999999996 0.50625 0.4325
5 0.53125 0.42874999999999996 0.51875 0.42874999999999996 0.51875 0.45125000000000004 0.53125 0.45125000000000004 0.53125 0.42874999999999996
5 0.49874999999999997 0.465 0.48375 0.465 0.48375 0.4875 0.49874999999999997 0.4875 0.49874999999999997 0.465
5 0.51625 0.45125000000000004 0.50125 0.45125000000000004 0.50125 0.47375 0.51625 0.47375 0.51625 0.45125000000000004
5 0.5237499999999999 0.465 0.51125 0.465 0.51125 0.485 0.5237499999999999 0.485 0.5237499999999999 0.465
5 0.5349999999999999 0.46375 0.52 0.46375 0.52 0.48375 0.5349999999999999 0.48375 0.5349999999999999 0.46375
5 0.5662499999999999 0.47000000000000003 0.54375 0.47000000000000003 0.54375 0.48 0.5662499999999999 0.48 0.5662499999999999 0.47000000000000003
5 0.55375 0.485 0.53625 0.485 0.53625 0.495 0.55375 0.495 0.55375 0.485
5 0.50625 0.48125 0.49124999999999996 0.48125 0.49124999999999996 0.50625 0.50625 0.50625 0.50625 0.48125
5 0.5549999999999999 0.49874999999999997 0.52 0.49874999999999997 0.52 0.51375 0.5549999999999999 0.51375 0.5549999999999999 0.49874999999999997
5 0.5587500000000001 0.51 0.51625 0.51 0.51625 0.525 0.5587500000000001 0.525 0.5587500000000001 0.51
5 0.5 0.51 0.49000000000000005 0.51 0.49000000000000005 0.525 0.5 0.525 0.5 0.51
5 0.5125 0.5125 0.5 0.5125 0.5 0.5325 0.5125 0.5325 0.5125 0.5125
5 0.5375 0.52625 0.5125 0.52625 0.5125 0.53625 0.5375 0.53625 0.5375 0.52625
5 0.54625 0.5349999999999999 0.50625 0.5349999999999999 0.50625 0.5475 0.54625 0.5475 0.54625 0.5349999999999999
5 0.54875 0.5475 0.50625 0.5475 0.50625 0.5599999999999999 0.54875 0.5599999999999999 0.54875 0.5475
5 0.53 0.5599999999999999 0.505 0.5599999999999999 0.505 0.5725 0.53 0.5725 0.53 0.5599999999999999
5 0.5237499999999999 0.5725 0.5037499999999999 0.5725 0.5037499999999999 0.585 0.5237499999999999 0.585 0.5237499999999999 0.5725
5 0.53625 0.5875 0.49625 0.5875 0.49625 0.5974999999999999 0.53625 0.5974999999999999 0.53625 0.5875
5 0.5237499999999999 0.6012500000000001 0.49874999999999997 0.6012500000000001 0.49874999999999997 0.61125 0.5237499999999999 0.61125 0.5237499999999999 0.6012500000000001
5 0.53 0.61 0.49000000000000005 0.61 0.49000000000000005 0.6275000000000001 0.53 0.6275000000000001 0.53 0.61
5 0.52 0.635 0.4925 0.635 0.4925 0.6475 0.52 0.6475 0.52 0.635
5 0.51875 0.65125 0.47874999999999995 0.65125 0.47874999999999995 0.66875 0.51875 0.66875 0.51875 0.65125
5 0.495 0.6675 0.475 0.6675 0.475 0.6775 0.495 0.6775 0.495 0.6675
5 0.515 0.67875 0.4725 0.67875 0.4725 0.69375 0.515 0.69375 0.515 0.67875
5 0.5125 0.6925 0.47000000000000003 0.6925 0.47000000000000003 0.71 0.5125 0.71 0.5125 0.6925
5 0.505 0.70875 0.46749999999999997 0.70875 0.46749999999999997 0.72375 0.505 0.72375 0.505 0.70875
5 0.495 0.7224999999999999 0.465 0.7224999999999999 0.465 0.735 0.495 0.735 0.495 0.7224999999999999
5 0.505 0.73375 0.4625 0.73375 0.4625 0.74875 0.505 0.74875 0.505 0.73375
5 0.48375 0.745 0.46125 0.745 0.46125 0.755 0.48375 0.755 0.48375 0.745
5 0.47625 0.75625 0.45625 0.75625 0.45625 0.76875 0.47625 0.76875 0.47625 0.75625
5 0.4875 0.76875 0.44749999999999995 0.76875 0.44749999999999995 0.7837500000000001 0.4875 0.7837500000000001 0.4875 0.76875
5 0.46875 0.78625 0.44625000000000004 0.78625 0.44625000000000004 0.79375 0.46875 0.79375 0.46875 0.78625
5 0.47625 0.79625 0.44625000000000004 0.79625 0.44625000000000004 0.81125 0.47625 0.81125 0.47625 0.79625
5 0.4625 0.8087500000000001 0.44749999999999995 0.8087500000000001 0.44749999999999995 0.81875 0.4625 0.81875 0.4625 0.8087500000000001
5 0.47625 0.8162499999999999 0.43624999999999997 0.8162499999999999 0.43624999999999997 0.83375 0.47625 0.83375 0.47625 0.8162499999999999
5 0.4525 0.82875 0.43 0.82875 0.43 0.8387499999999999 0.4525 0.8387499999999999 0.4525 0.82875
5 0.45125000000000004 0.8387499999999999 0.43125 0.8387499999999999 0.43125 0.8462500000000001 0.45125000000000004 0.8462500000000001 0.45125000000000004 0.8387499999999999
5 0.45375 0.8474999999999999 0.43125 0.8474999999999999 0.43125 0.8574999999999999 0.45375 0.8574999999999999 0.45375 0.8474999999999999
5 0.45 0.8574999999999999 0.43 0.8574999999999999 0.43 0.8675 0.45 0.8675 0.45 0.8574999999999999
5 0.44749999999999995 0.8675 0.42750000000000005 0.8675 0.42750000000000005 0.8775000000000001 0.44749999999999995 0.8775000000000001 0.44749999999999995 0.8675
5 0.44000000000000006 0.88125 0.42000000000000004 0.88125 0.42000000000000004 0.89125 0.44000000000000006 0.89125 0.44000000000000006 0.88125
5 0.4375 0.89125 0.4175 0.89125 0.4175 0.9012499999999999 0.4375 0.9012499999999999 0.4375 0.89125
5 0.4575 0.915 0.43499999999999994 0.915 0.43499999999999994 0.93 0.4575 0.93 0.4575 0.915
5 0.35375 0.8925000000000001 0.33875 0.8925000000000001 0.33875 0.915 0.35375 0.915 0.35375 0.8925000000000001
5 0.36124999999999996 0.8675 0.34875 0.8675 0.34875 0.885 0.36124999999999996 0.885 0.36124999999999996 0.8675
5 0.39 0.86875 0.37 0.86875 0.37 0.9087500000000001 0.39 0.9087500000000001 0.39 0.86875
5 0.41375 0.885 0.40125 0.885 0.40125 0.9025000000000001 0.41375 0.9025000000000001 0.41375 0.885
5 0.4225 0.8574999999999999 0.41 0.8574999999999999 0.41 0.8775000000000001 0.4225 0.8775000000000001 0.4225 0.8574999999999999
5 0.36875 0.8375 0.35375 0.8375 0.35375 0.8574999999999999 0.36875 0.8574999999999999 0.36875 0.8375
5 0.375 0.8099999999999999 0.3625 0.8099999999999999 0.3625 0.8275 0.375 0.8275 0.375 0.8099999999999999
5 0.38125 0.7775000000000001 0.36875 0.7775000000000001 0.36875 0.7975 0.38125 0.7975 0.38125 0.7775000000000001
5 0.39125 0.7474999999999999 0.37625000000000003 0.7474999999999999 0.37625000000000003 0.7675 0.39125 0.7675 0.39125 0.7474999999999999
5 0.40125 0.81375 0.39125 0.81375 0.39125 0.83125 0.40125 0.83125 0.40125 0.81375
5 0.42874999999999996 0.8162499999999999 0.40875000000000006 0.8162499999999999 0.40875000000000006 0.8487500000000001 0.42874999999999996 0.8487500000000001 0.42874999999999996 0.8162499999999999
5 0.42625 0.7825 0.41375 0.7825 0.41375 0.8074999999999999 0.42625 0.8074999999999999 0.42625 0.7825
5 0.4325 0.76 0.4175 0.76 0.4175 0.78 0.4325 0.78 0.4325 0.76
5 0.43875000000000003 0.78625 0.42625 0.78625 0.42625 0.81125 0.43875000000000003 0.81125 0.43875000000000003 0.78625
5 0.445 0.7537499999999999 0.43499999999999994 0.7537499999999999 0.43499999999999994 0.7737499999999999 0.445 0.7737499999999999 0.445 0.7537499999999999
5 0.45499999999999996 0.7224999999999999 0.44000000000000006 0.7224999999999999 0.44000000000000006 0.75 0.45499999999999996 0.75 0.45499999999999996 0.7224999999999999
5 0.42374999999999996 0.6525000000000001 0.40875000000000006 0.6525000000000001 0.40875000000000006 0.675 0.42374999999999996 0.675 0.42374999999999996 0.6525000000000001
5 0.465 0.68625 0.4525 0.68625 0.4525 0.70625 0.465 0.70625 0.465 0.68625
5 0.48375 0.6174999999999999 0.46875 0.6174999999999999 0.46875 0.64 0.48375 0.64 0.48375 0.6174999999999999
5 0.47750000000000004 0.595 0.4525 0.595 0.4525 0.635 0.47750000000000004 0.635 0.47750000000000004 0.595
5 0.49000000000000005 0.5825 0.47750000000000004 0.5825 0.47750000000000004 0.605 0.49000000000000005 0.605 0.49000000000000005 0.5825
5 0.49874999999999997 0.5525 0.48624999999999996 0.5525 0.48624999999999996 0.5725 0.49874999999999997 0.5725 0.49874999999999997 0.5525
5 0.41 0.6 0.39249999999999996 0.6 0.39249999999999996 0.61 0.41 0.61 0.41 0.6
5 0.4125 0.49874999999999997 0.3975 0.49874999999999997 0.3975 0.52125 0.4125 0.52125 0.4125 0.49874999999999997
5 0.36 0.5900000000000001 0.335 0.5900000000000001 0.335 0.6275000000000001 0.36 0.6275000000000001 0.36 0.5900000000000001
5 0.34625 0.63625 0.32375 0.63625 0.32375 0.67625 0.34625 0.67625 0.34625 0.63625
5 0.325 0.6975 0.315 0.6975 0.315 0.7175 0.325 0.7175 0.325 0.6975
5 0.315 0.6725 0.3025 0.6725 0.3025 0.6900000000000001 0.315 0.6900000000000001 0.315 0.6725
5 0.3075 0.70125 0.29500000000000004 0.70125 0.29500000000000004 0.7212500000000001 0.3075 0.7212500000000001 0.3075 0.70125
5 0.28500000000000003 0.795 0.2725 0.795 0.2725 0.8150000000000001 0.28500000000000003 0.8150000000000001 0.28500000000000003 0.795
5 0.30125 0.7849999999999999 0.28875 0.7849999999999999 0.28875 0.8074999999999999 0.30125 0.8074999999999999 0.30125 0.7849999999999999
5 0.29625 0.81125 0.27875 0.81125 0.27875 0.83375 0.29625 0.83375 0.29625 0.81125
5 0.29625 0.6575 0.28375 0.6575 0.28375 0.6799999999999999 0.29625 0.6799999999999999 0.29625 0.6575
5 0.22749999999999998 0.8925000000000001 0.2125 0.8925000000000001 0.2125 0.9099999999999999 0.22749999999999998 0.9099999999999999 0.22749999999999998 0.8925000000000001
5 0.4025 0.40499999999999997 0.39 0.40499999999999997 0.39 0.425 0.4025 0.425 0.4025 0.40499999999999997
5 0.41875 0.41 0.39625 0.41 0.39625 0.445 0.41875 0.445 0.41875 0.41
5 0.44000000000000006 0.40374999999999994 0.42000000000000004 0.40374999999999994 0.42000000000000004 0.43875000000000003 0.44000000000000006 0.43875000000000003 0.44000000000000006 0.40374999999999994
5 0.37124999999999997 0.43 0.36124999999999996 0.43 0.36124999999999996 0.445 0.37124999999999997 0.445 0.37124999999999997 0.43
5 0.3525 0.4375 0.3325 0.4375 0.3325 0.45 0.3525 0.45 0.3525 0.4375
5 0.35375 0.42125 0.33375 0.42125 0.33375 0.43375 0.35375 0.43375 0.35375 0.42125
5 0.355 0.41125 0.335 0.41125 0.335 0.42125 0.355 0.42125 0.355 0.41125
5 0.36 0.39875 0.3375 0.39875 0.3375 0.40875000000000006 0.36 0.40875000000000006 0.36 0.39875
5 0.36875 0.38375 0.34625 0.38375 0.34625 0.39625 0.36875 0.39625 0.36875 0.38375
5 0.36124999999999996 0.37124999999999997 0.34375 0.37124999999999997 0.34375 0.38375 0.36124999999999996 0.38375 0.36124999999999996 0.37124999999999997
5 0.37 0.3625 0.35 0.3625 0.35 0.3725 0.37 0.3725 0.37 0.3625
5 0.37124999999999997 0.35 0.34875 0.35 0.34875 0.3625 0.37124999999999997 0.3625 0.37124999999999997 0.35
5 0.37124999999999997 0.33999999999999997 0.35625 0.33999999999999997 0.35625 0.35 0.37124999999999997 0.35 0.37124999999999997 0.33999999999999997
5 0.39 0.33375 0.365 0.33375 0.365 0.34625 0.39 0.34625 0.39 0.33375
5 0.38125 0.31375000000000003 0.35875 0.31375000000000003 0.35875 0.32375 0.38125 0.32375 0.38125 0.31375000000000003
5 0.385 0.30375 0.36 0.30375 0.36 0.31375000000000003 0.385 0.31375000000000003 0.385 0.30375
5 0.38625 0.29500000000000004 0.36375 0.29500000000000004 0.36375 0.305 0.38625 0.305 0.38625 0.29500000000000004
5 0.3875 0.28250000000000003 0.3675 0.28250000000000003 0.3675 0.2925 0.3875 0.2925 0.3875 0.28250000000000003
5 0.40875000000000006 0.27999999999999997 0.39625 0.27999999999999997 0.39625 0.2975 0.40875000000000006 0.2975 0.40875000000000006 0.27999999999999997
5 0.39249999999999996 0.27 0.37 0.27 0.37 0.28250000000000003 0.39249999999999996 0.28250000000000003 0.39249999999999996 0.27
5 0.395 0.25875 0.37 0.25875 0.37 0.27125 0.395 0.27125 0.395 0.25875
5 0.41125 0.22125 0.38875000000000004 0.22125 0.38875000000000004 0.23374999999999999 0.41125 0.23374999999999999 0.41125 0.22125
5 0.4375 0.54625 0.42000000000000004 0.54625 0.42000000000000004 0.5662499999999999 0.4375 0.5662499999999999 0.4375 0.54625
5 0.5037499999999999 0.29125 0.49124999999999996 0.29125 0.49124999999999996 0.30375 0.5037499999999999 0.30375 0.5037499999999999 0.29125
5 0.76125 0.03625 0.74375 0.03625 0.74375 0.04625 0.76125 0.04625 0.76125 0.03625
5 0.7825 0 0.7825 0.013750000000000002 0.7925 0.013750000000000002 0.7925 0 0.7825 0
5 0.7925 0 0.7925 0.01125 0.805 0.01125 0.805 0 0.7925 0
5 0.8025 0 0.8025 0.013750000000000002 0.8150000000000001 0.013750000000000002 0.8150000000000001 0 0.8025 0
5 0.8150000000000001 0 0.8150000000000001 0.01875 0.8275 0.01875 0.8275 0 0.8150000000000001 0
5 0.8387499999999999 0.00375 0.82875 0.00375 0.82875 0.021249999999999998 0.8387499999999999 0.021249999999999998 0.8387499999999999 0.00375
5 0.8474999999999999 0.00375 0.8375 0.00375 0.8375 0.02375 0.8474999999999999 0.02375 0.8474999999999999 0.00375
5 0.8574999999999999 0.005 0.8474999999999999 0.005 0.8474999999999999 0.025 0.8574999999999999 0.025 0.8574999999999999 0.005
5 0.87625 0.015 0.86625 0.015 0.86625 0.0325 0.87625 0.0325 0.87625 0.015
5 0.8875 0.0125 0.8775000000000001 0.0125 0.8775000000000001 0.03 0.8875 0.03 0.8875 0.0125
5 0.8949999999999999 0.013750000000000002 0.885 0.013750000000000002 0.885 0.03375 0.8949999999999999 0.03375 0.8949999999999999 0.013750000000000002
5 0.9025000000000001 0.0225 0.8949999999999999 0.0225 0.8949999999999999 0.0375 0.9025000000000001 0.0375 0.9025000000000001 0.0225
5 0.915 0.017499999999999998 0.905 0.017499999999999998 0.905 0.0375 0.915 0.0375 0.915 0.017499999999999998
5 0.9237500000000001 0.02375 0.91375 0.02375 0.91375 0.04375 0.9237500000000001 0.04375 0.9237500000000001 0.02375
5 0.9375 0.0225 0.925 0.0225 0.925 0.045 0.9375 0.045 0.9375 0.0225
5 0.9487500000000001 0.027500000000000004 0.93875 0.027500000000000004 0.93875 0.045 0.9487500000000001 0.045 0.9487500000000001 0.027500000000000004
5 0.95875 0.03125 0.9487500000000001 0.03125 0.9487500000000001 0.04875 0.95875 0.04875 0.95875 0.03125
5 0.9675 0.03375 0.9550000000000001 0.03375 0.9550000000000001 0.05375 0.9675 0.05375 0.9675 0.03375
5 0.985 0.03875 0.975 0.03875 0.975 0.05625 0.985 0.05625 0.985 0.03875
5 0.99375 0.042499999999999996 0.98125 0.042499999999999996 0.98125 0.06 0.99375 0.06 0.99375 0.042499999999999996
5 1 0.03875 0.99125 0.03875 0.99125 0.06375 1 0.06375 1 0.03875
5 0.8074999999999999 0.03875 0.7875 0.03875 0.7875 0.04875 0.8074999999999999 0.04875 0.8074999999999999 0.03875
5 0.845 0.04375 0.8225 0.04375 0.8225 0.05625 0.845 0.05625 0.845 0.04375
5 0.8875 0.04375 0.8724999999999999 0.04375 0.8724999999999999 0.05125 0.8875 0.05125 0.8875 0.04375
5 0.9662499999999999 0.065 0.9487500000000001 0.065 0.9487500000000001 0.0775 0.9662499999999999 0.0775 0.9662499999999999 0.065
5 0.9862500000000001 0.26 0.95375 0.26 0.95375 0.275 0.9862500000000001 0.275 0.9862500000000001 0.26
5 0.9925 0.275 0.95 0.275 0.95 0.2925 0.9925 0.2925 0.9925 0.275
5 0.9737500000000001 0.3125 0.93125 0.3125 0.93125 0.3325 0.9737500000000001 0.3325 0.9737500000000001 0.3125
5 0.9875 0.34375 0.9675 0.34375 0.9675 0.38625 0.9875 0.38625 0.9875 0.34375
5 0.99875 0.4 0.9887499999999999 0.4 0.9887499999999999 0.42000000000000004 0.99875 0.42000000000000004 0.99875 0.4
5 0.97875 0.39 0.9662499999999999 0.39 0.9662499999999999 0.4125 0.97875 0.4125 0.97875 0.39
5 0.9662499999999999 0.38875000000000004 0.95875 0.38875000000000004 0.95875 0.40875000000000006 0.9662499999999999 0.40875000000000006 0.9662499999999999 0.38875000000000004
5 0.96 0.3875 0.9475 0.3875 0.9475 0.40750000000000003 0.96 0.40750000000000003 0.96 0.3875
5 0.9475 0.385 0.9349999999999999 0.385 0.9349999999999999 0.40499999999999997 0.9475 0.40499999999999997 0.9475 0.385
5 0.7224999999999999 0.40625 0.705 0.40625 0.705 0.42874999999999996 0.7224999999999999 0.42874999999999996 0.7224999999999999 0.40625
5 1 0.465 0.99 0.465 0.99 0.475 1 0.475 1 0.465
5 0.9525 0.45375 0.9349999999999999 0.45375 0.9349999999999999 0.46375 0.9525 0.46375 0.9525 0.45375
5 0.95375 0.44375 0.93625 0.44375 0.93625 0.45375 0.95375 0.45375 0.95375 0.44375
5 0.975 0.45 0.9574999999999999 0.45 0.9574999999999999 0.45999999999999996 0.975 0.45999999999999996 0.975 0.45
5 0.9112500000000001 0.43375 0.89375 0.43375 0.89375 0.44375 0.9112500000000001 0.44375 0.9112500000000001 0.43375
5 0.905 0.44125 0.89 0.44125 0.89 0.45125000000000004 0.905 0.45125000000000004 0.905 0.44125
5 0.8474999999999999 0.42750000000000005 0.8275 0.42750000000000005 0.8275 0.4375 0.8474999999999999 0.4375 0.8474999999999999 0.42750000000000005
5 0.865 0.4325 0.85 0.4325 0.85 0.4425 0.865 0.4425 0.865 0.4325
5 0.8474999999999999 0.41624999999999995 0.8275 0.41624999999999995 0.8275 0.42625 0.8474999999999999 0.42625 0.8474999999999999 0.41624999999999995
5 0.865 0.42125 0.8474999999999999 0.42125 0.8474999999999999 0.42874999999999996 0.865 0.42874999999999996 0.865 0.42125
5 0.775 0.41 0.76 0.41 0.76 0.42000000000000004 0.775 0.42000000000000004 0.775 0.41
5 0.79625 0.4175 0.78125 0.4175 0.78125 0.425 0.79625 0.425 0.79625 0.4175
5 0.79875 0.40625 0.7837500000000001 0.40625 0.7837500000000001 0.41375 0.79875 0.41375 0.79875 0.40625
5 0.765 0.34249999999999997 0.755 0.34249999999999997 0.755 0.36 0.765 0.36 0.765 0.34249999999999997
5 0.775 0.34125 0.7625 0.34125 0.7625 0.36375 0.775 0.36375 0.775 0.34125
5 0.7837500000000001 0.34375 0.7737499999999999 0.34375 0.7737499999999999 0.36375 0.7837500000000001 0.36375 0.7837500000000001 0.34375
5 0.7875 0.3525 0.7825 0.3525 0.7825 0.3675 0.7875 0.3675 0.7875 0.3525
5 0.8 0.35 0.7925 0.35 0.7925 0.37 0.8 0.37 0.8 0.35
5 0.8237500000000001 0.3525 0.81125 0.3525 0.81125 0.375 0.8237500000000001 0.375 0.8237500000000001 0.3525
5 0.9475 0.07625 0.93 0.07625 0.93 0.08625000000000001 0.9475 0.08625000000000001 0.9475 0.07625
5 0.89 0.0775 0.8675 0.0775 0.8675 0.0875 0.89 0.0875 0.89 0.0775
5 0.925 0.08499999999999999 0.9025000000000001 0.08499999999999999 0.9025000000000001 0.095 0.925 0.095 0.925 0.08499999999999999
5 0.95875 0.09375 0.93625 0.09375 0.93625 0.10375000000000001 0.95875 0.10375000000000001 0.95875 0.09375
5 0.8425 0.08125 0.8175000000000001 0.08125 0.8175000000000001 0.09375 0.8425 0.09375 0.8425 0.08125
5 0.9 0.09875 0.875 0.09875 0.875 0.10874999999999999 0.9 0.10874999999999999 0.9 0.09875
5 0.78 0.095 0.76 0.095 0.76 0.1125 0.78 0.1125 0.78 0.095
5 0.7825 0.1275 0.7575000000000001 0.1275 0.7575000000000001 0.15 0.7825 0.15 0.7825 0.1275
5 0.83625 0.12250000000000001 0.8262499999999999 0.12250000000000001 0.8262499999999999 0.145 0.83625 0.145 0.83625 0.12250000000000001
5 0.85125 0.12375 0.83625 0.12375 0.83625 0.14625 0.85125 0.14625 0.85125 0.12375
5 0.8637499999999999 0.13999999999999999 0.85125 0.13999999999999999 0.85125 0.16 0.8637499999999999 0.16 0.8637499999999999 0.13999999999999999
5 0.885 0.1325 0.875 0.1325 0.875 0.155 0.885 0.155 0.885 0.1325
5 0.8975 0.13874999999999998 0.8875 0.13874999999999998 0.8875 0.15875 0.8975 0.15875 0.8975 0.13874999999999998
5 0.9087500000000001 0.14250000000000002 0.89875 0.14250000000000002 0.89875 0.1625 0.9087500000000001 0.1625 0.9087500000000001 0.14250000000000002
5 0.9199999999999999 0.14250000000000002 0.9099999999999999 0.14250000000000002 0.9099999999999999 0.16499999999999998 0.9199999999999999 0.16499999999999998 0.9199999999999999 0.14250000000000002
5 0.9349999999999999 0.14625 0.9225 0.14625 0.9225 0.16625 0.9349999999999999 0.16625 0.9349999999999999 0.14625
5 0.94625 0.15125 0.93625 0.15125 0.93625 0.17124999999999999 0.94625 0.17124999999999999 0.94625 0.15125
5 0.95625 0.15375 0.94625 0.15375 0.94625 0.17375000000000002 0.95625 0.17375000000000002 0.95625 0.15375
5 0.9724999999999999 0.15875 0.96 0.15875 0.96 0.17625 0.9724999999999999 0.17625 0.9724999999999999 0.15875
5 0.83375 0.2425 0.81125 0.2425 0.81125 0.2525 0.83375 0.2525 0.83375 0.2425
5 0.85 0.1625 0.8300000000000001 0.1625 0.8300000000000001 0.18 0.85 0.18 0.85 0.1625
5 0.8387499999999999 0.18625 0.82875 0.18625 0.82875 0.20125 0.8387499999999999 0.20125 0.8387499999999999 0.18625
5 0.85625 0.18625 0.84375 0.18625 0.84375 0.20875 0.85625 0.20875 0.85625 0.18625
5 0.875 0.16999999999999998 0.8574999999999999 0.16999999999999998 0.8574999999999999 0.185 0.875 0.185 0.875 0.16999999999999998
5 0.8675 0.18875 0.8574999999999999 0.18875 0.8574999999999999 0.20625 0.8675 0.20625 0.8675 0.18875
5 0.8887499999999999 0.17124999999999999 0.86875 0.17124999999999999 0.86875 0.18875 0.8887499999999999 0.18875 0.8887499999999999 0.17124999999999999
5 0.8800000000000001 0.1925 0.8699999999999999 0.1925 0.8699999999999999 0.2125 0.8800000000000001 0.2125 0.8800000000000001 0.1925
5 0.9075 0.1775 0.89 0.1775 0.89 0.195 0.9075 0.195 0.9075 0.1775
5 0.9199999999999999 0.18125 0.9025000000000001 0.18125 0.9025000000000001 0.19875 0.9199999999999999 0.19875 0.9199999999999999 0.18125
5 0.93625 0.18375 0.91625 0.18375 0.91625 0.20125 0.93625 0.20125 0.93625 0.18375
5 0.8925000000000001 0.1975 0.8825 0.1975 0.8825 0.215 0.8925000000000001 0.215 0.8925000000000001 0.1975
5 0.9025000000000001 0.19875 0.8925000000000001 0.19875 0.8925000000000001 0.21875 0.9025000000000001 0.21875 0.9025000000000001 0.19875
5 0.9175000000000001 0.20125 0.905 0.20125 0.905 0.22125 0.9175000000000001 0.22125 0.9175000000000001 0.20125
5 0.92875 0.20375000000000001 0.91625 0.20375000000000001 0.91625 0.22374999999999998 0.92875 0.22374999999999998 0.92875 0.20375000000000001
5 0.9412499999999999 0.205 0.92875 0.205 0.92875 0.225 0.9412499999999999 0.225 0.9412499999999999 0.205
5 0.83625 0.21749999999999997 0.81375 0.21749999999999997 0.81375 0.22999999999999998 0.83625 0.22999999999999998 0.83625 0.21749999999999997
5 0.8487500000000001 0.22625 0.81125 0.22625 0.81125 0.24375 0.8487500000000001 0.24375 0.8487500000000001 0.22625
5 0.8787499999999999 0.24874999999999997 0.8412499999999999 0.24874999999999997 0.8412499999999999 0.26375000000000004 0.8787499999999999 0.26375000000000004 0.8787499999999999 0.24874999999999997
5 0.8724999999999999 0.225 0.85 0.225 0.85 0.23500000000000001 0.8724999999999999 0.23500000000000001 0.8724999999999999 0.225
5 0.8975 0.24625 0.8800000000000001 0.24625 0.8800000000000001 0.25625 0.8975 0.25625 0.8975 0.24625
5 0.92875 0.2625 0.8887499999999999 0.2625 0.8887499999999999 0.27999999999999997 0.92875 0.27999999999999997 0.92875 0.2625
5 0.89625 0.23125 0.87625 0.23125 0.87625 0.24375 0.89625 0.24375 0.89625 0.23125
5 0.93125 0.24125000000000002 0.90625 0.24125000000000002 0.90625 0.25125000000000003 0.93125 0.25125000000000003 0.93125 0.24125000000000002
5 0.8162499999999999 0.27 0.7737499999999999 0.27 0.7737499999999999 0.2875 0.8162499999999999 0.2875 0.8162499999999999 0.27
5 0.7825 0.29 0.765 0.29 0.765 0.32999999999999996 0.7825 0.32999999999999996 0.7825 0.29
5 0.79875 0.2925 0.78125 0.2925 0.78125 0.3325 0.79875 0.3325 0.79875 0.2925
5 0.81375 0.30874999999999997 0.79875 0.30874999999999997 0.79875 0.33375 0.81375 0.33375 0.81375 0.30874999999999997
5 0.83125 0.31625000000000003 0.81875 0.31625000000000003 0.81875 0.33375 0.83125 0.33375 0.83125 0.31625000000000003
5 0.8862500000000001 0.29125 0.8487500000000001 0.29125 0.8487500000000001 0.30874999999999997 0.8862500000000001 0.30874999999999997 0.8862500000000001 0.29125
5 0.8637499999999999 0.30874999999999997 0.84375 0.30874999999999997 0.84375 0.34875 0.8637499999999999 0.34875 0.8637499999999999 0.30874999999999997
5 0.8787499999999999 0.31625000000000003 0.8612500000000001 0.31625000000000003 0.8612500000000001 0.35375 0.8787499999999999 0.35375 0.8787499999999999 0.31625000000000003
5 0.8975 0.315 0.8775000000000001 0.315 0.8775000000000001 0.355 0.8975 0.355 0.8975 0.315
5 0.92875 0.325 0.9087500000000001 0.325 0.9087500000000001 0.365 0.92875 0.365 0.92875 0.325
5 0.84375 0.355 0.83125 0.355 0.83125 0.38 0.84375 0.38 0.84375 0.355
5 0.85375 0.3625 0.8412499999999999 0.3625 0.8412499999999999 0.38 0.85375 0.38 0.85375 0.3625
5 0.8625 0.36625 0.8525 0.36625 0.8525 0.38375 0.8625 0.38375 0.8625 0.36625
5 0.87625 0.3675 0.86625 0.3675 0.86625 0.385 0.87625 0.385 0.87625 0.3675
5 0.885 0.37 0.875 0.37 0.875 0.3875 0.885 0.3875 0.885 0.37
5 0.89625 0.375 0.8862500000000001 0.375 0.8862500000000001 0.39 0.89625 0.39 0.89625 0.375
5 0.725 0.55625 0.7075 0.55625 0.7075 0.5662499999999999 0.725 0.5662499999999999 0.725 0.55625
5 0.74375 0.5625 0.7262500000000001 0.5625 0.7262500000000001 0.5700000000000001 0.74375 0.5700000000000001 0.74375 0.5625
5 0.7625 0.5650000000000001 0.745 0.5650000000000001 0.745 0.5725 0.7625 0.5725 0.7625 0.5650000000000001
5 0.8 0.57375 0.7775000000000001 0.57375 0.7775000000000001 0.5862499999999999 0.8 0.5862499999999999 0.8 0.57375
5 0.81875 0.58125 0.80375 0.58125 0.80375 0.58875 0.81875 0.58875 0.81875 0.58125
5 0.8487500000000001 0.5862499999999999 0.82875 0.5862499999999999 0.82875 0.5962500000000001 0.8487500000000001 0.5962500000000001 0.8487500000000001 0.5862499999999999
5 0.8699999999999999 0.5925 0.8525 0.5925 0.8525 0.605 0.8699999999999999 0.605 0.8699999999999999 0.5925
5 0.8887499999999999 0.5974999999999999 0.87375 0.5974999999999999 0.87375 0.605 0.8887499999999999 0.605 0.8887499999999999 0.5974999999999999
5 0.7125 0.6075 0.6950000000000001 0.6075 0.6950000000000001 0.6174999999999999 0.7125 0.6174999999999999 0.7125 0.6075
5 0.725 0.58875 0.7075 0.58875 0.7075 0.6012500000000001 0.725 0.6012500000000001 0.725 0.58875
5 0.7125 0.57375 0.6900000000000001 0.57375 0.6900000000000001 0.58375 0.7125 0.58375 0.7125 0.57375
5 0.73 0.58 0.71 0.58 0.71 0.5900000000000001 0.73 0.5900000000000001 0.73 0.58
5 0.74875 0.5962500000000001 0.73125 0.5962500000000001 0.73125 0.60375 0.74875 0.60375 0.74875 0.5962500000000001
5 0.75625 0.5862499999999999 0.73375 0.5862499999999999 0.73375 0.5962500000000001 0.75625 0.5962500000000001 0.75625 0.5862499999999999
5 0.775 0.6012500000000001 0.7525000000000001 0.6012500000000001 0.7525000000000001 0.61125 0.775 0.61125 0.775 0.6012500000000001
5 0.775 0.5912499999999999 0.7575000000000001 0.5912499999999999 0.7575000000000001 0.6012500000000001 0.775 0.6012500000000001 0.775 0.5912499999999999
5 0.79375 0.60875 0.7787499999999999 0.60875 0.7787499999999999 0.61625 0.79375 0.61625 0.79375 0.60875
5 0.7975 0.5974999999999999 0.78 0.5974999999999999 0.78 0.605 0.7975 0.605 0.7975 0.5974999999999999
5 0.8150000000000001 0.61125 0.7975 0.61125 0.7975 0.6212500000000001 0.8150000000000001 0.6212500000000001 0.8150000000000001 0.61125
5 0.8225 0.6012500000000001 0.8 0.6012500000000001 0.8 0.61125 0.8225 0.61125 0.8225 0.6012500000000001
5 0.8462500000000001 0.62 0.8262499999999999 0.62 0.8262499999999999 0.63 0.8462500000000001 0.63 0.8462500000000001 0.62
5 0.8487500000000001 0.6075 0.82875 0.6075 0.82875 0.6174999999999999 0.8487500000000001 0.6174999999999999 0.8487500000000001 0.6075
5 0.86875 0.625 0.85375 0.625 0.85375 0.635 0.86875 0.635 0.86875 0.625
5 0.8825 0.61625 0.865 0.61625 0.865 0.62625 0.8825 0.62625 0.8825 0.61625
5 0.8949999999999999 0.63 0.8724999999999999 0.63 0.8724999999999999 0.64 0.8949999999999999 0.64 0.8949999999999999 0.63
5 0.92125 0.61625 0.89875 0.61625 0.89875 0.62625 0.92125 0.62625 0.92125 0.61625
5 0.9199999999999999 0.6275000000000001 0.9025000000000001 0.6275000000000001 0.9025000000000001 0.635 0.9199999999999999 0.635 0.9199999999999999 0.6275000000000001
5 0.91375 0.6375 0.89875 0.6375 0.89875 0.645 0.91375 0.645 0.91375 0.6375
5 0.9475 0.61375 0.93 0.61375 0.93 0.6212500000000001 0.9475 0.6212500000000001 0.9475 0.61375
5 0.975 0.61875 0.9574999999999999 0.61875 0.9574999999999999 0.6287499999999999 0.975 0.6287499999999999 0.975 0.61875
5 0.99125 0.625 0.97875 0.625 0.97875 0.63 0.99125 0.63 0.99125 0.625
5 0.9349999999999999 0.64125 0.9199999999999999 0.64125 0.9199999999999999 0.65125 0.9349999999999999 0.65125 0.9349999999999999 0.64125
5 0.9637499999999999 0.64 0.9487500000000001 0.64 0.9487500000000001 0.6475 0.9637499999999999 0.6475 0.9637499999999999 0.64
5 0.96125 0.6487499999999999 0.9412499999999999 0.6487499999999999 0.9412499999999999 0.6587500000000001 0.96125 0.6587500000000001 0.96125 0.6487499999999999
5 0.9862500000000001 0.655 0.96875 0.655 0.96875 0.665 0.9862500000000001 0.665 0.9862500000000001 0.655
5 0.99125 0.6425 0.96875 0.6425 0.96875 0.655 0.99125 0.655 0.99125 0.6425
5 0.75875 0.62 0.74125 0.62 0.74125 0.6275000000000001 0.75875 0.6275000000000001 0.75875 0.62
5 0.7825 0.625 0.7625 0.625 0.7625 0.635 0.7825 0.635 0.7825 0.625
5 0.8 0.63125 0.7849999999999999 0.63125 0.7849999999999999 0.63875 0.8 0.63875 0.8 0.63125
5 0.8150000000000001 0.635 0.7975 0.635 0.7975 0.6425 0.8150000000000001 0.6425 0.8150000000000001 0.635
5 0.85875 0.63 0.83625 0.63 0.83625 0.6425 0.85875 0.6425 0.85875 0.63
5 0.8324999999999999 0.6375 0.8150000000000001 0.6375 0.8150000000000001 0.6475 0.8324999999999999 0.6475 0.8324999999999999 0.6375
5 0.85625 0.64375 0.83625 0.64375 0.83625 0.65125 0.85625 0.65125 0.85625 0.64375
5 0.8825 0.65 0.865 0.65 0.865 0.6575 0.8825 0.6575 0.8825 0.65
5 0.9112500000000001 0.65625 0.8887499999999999 0.65625 0.8887499999999999 0.66625 0.9112500000000001 0.66625 0.9112500000000001 0.65625
5 0.9337500000000001 0.6637500000000001 0.91375 0.6637500000000001 0.91375 0.67375 0.9337500000000001 0.67375 0.9337500000000001 0.6637500000000001
5 0.97875 0.6625 0.95875 0.6625 0.95875 0.675 0.97875 0.675 0.97875 0.6625
5 0.9574999999999999 0.67 0.9400000000000001 0.67 0.9400000000000001 0.6799999999999999 0.9574999999999999 0.6799999999999999 0.9574999999999999 0.67
5 0.975 0.67625 0.9574999999999999 0.67625 0.9574999999999999 0.6837500000000001 0.975 0.6837500000000001 0.975 0.67625
5 0.99375 0.67875 0.97625 0.67875 0.97625 0.68875 0.99375 0.68875 0.99375 0.67875
5 0.6849999999999999 0.77 0.6625 0.77 0.6625 0.78 0.6849999999999999 0.78 0.6849999999999999 0.77
5 0.69375 0.7625 0.67625 0.7625 0.67625 0.7725 0.69375 0.7725 0.69375 0.7625
5 0.7150000000000001 0.76875 0.6975 0.76875 0.6975 0.7787499999999999 0.7150000000000001 0.7787499999999999 0.7150000000000001 0.76875
5 0.74375 0.7737499999999999 0.71875 0.7737499999999999 0.71875 0.7837500000000001 0.74375 0.7837500000000001 0.74375 0.7737499999999999
5 0.7887500000000001 0.7849999999999999 0.76625 0.7849999999999999 0.76625 0.7975 0.7887500000000001 0.7975 0.7887500000000001 0.7849999999999999
5 0.8125 0.7925 0.7925 0.7925 0.7925 0.8025 0.8125 0.8025 0.8125 0.7925
5 0.7112499999999999 0.79 0.69625 0.79 0.69625 0.7975 0.7112499999999999 0.7975 0.7112499999999999 0.79
5 0.7125 0.8025 0.6925 0.8025 0.6925 0.8125 0.7125 0.8125 0.7125 0.8025
5 0.7325 0.80625 0.7150000000000001 0.80625 0.7150000000000001 0.8162499999999999 0.7325 0.8162499999999999 0.7325 0.80625
5 0.74375 0.79625 0.72375 0.79625 0.72375 0.80625 0.74375 0.80625 0.74375 0.79625
5 0.76125 0.8125 0.73875 0.8125 0.73875 0.8225 0.76125 0.8225 0.76125 0.8125
5 0.77625 0.80375 0.7537499999999999 0.80375 0.7537499999999999 0.8162499999999999 0.77625 0.8162499999999999 0.77625 0.80375
5 0.7837500000000001 0.82 0.76625 0.82 0.76625 0.8300000000000001 0.7837500000000001 0.8300000000000001 0.7837500000000001 0.82
5 0.795 0.8125 0.78 0.8125 0.78 0.82 0.795 0.82 0.795 0.8125
5 0.8099999999999999 0.825 0.7925 0.825 0.7925 0.835 0.8099999999999999 0.835 0.8099999999999999 0.825
5 0.82125 0.8162499999999999 0.79875 0.8162499999999999 0.79875 0.82875 0.82125 0.82875 0.82125 0.8162499999999999
5 0.8387499999999999 0.8324999999999999 0.8162499999999999 0.8324999999999999 0.8162499999999999 0.8425 0.8387499999999999 0.8425 0.8387499999999999 0.8324999999999999
5 0.8387499999999999 0.8225 0.82125 0.8225 0.82125 0.8300000000000001 0.8387499999999999 0.8300000000000001 0.8387499999999999 0.8225
5 0.8612500000000001 0.8275 0.8462500000000001 0.8275 0.8462500000000001 0.835 0.8612500000000001 0.835 0.8612500000000001 0.8275
5 0.8675 0.8400000000000001 0.8474999999999999 0.8400000000000001 0.8474999999999999 0.85 0.8675 0.85 0.8675 0.8400000000000001
5 0.89125 0.8324999999999999 0.86875 0.8324999999999999 0.86875 0.8425 0.89125 0.8425 0.89125 0.8324999999999999
5 0.8925000000000001 0.81375 0.875 0.81375 0.875 0.8237500000000001 0.8925000000000001 0.8237500000000001 0.8925000000000001 0.81375
5 0.9112500000000001 0.8400000000000001 0.89625 0.8400000000000001 0.89625 0.8474999999999999 0.9112500000000001 0.8474999999999999 0.9112500000000001 0.8400000000000001
5 0.91375 0.8175000000000001 0.89375 0.8175000000000001 0.89375 0.8275 0.91375 0.8275 0.91375 0.8175000000000001
5 0.945 0.825 0.9199999999999999 0.825 0.9199999999999999 0.8375 0.945 0.8375 0.945 0.825
5 0.97 0.8324999999999999 0.9525 0.8324999999999999 0.9525 0.8425 0.97 0.8425 0.97 0.8324999999999999
5 0.99125 0.8375 0.9737500000000001 0.8375 0.9737500000000001 0.8474999999999999 0.99125 0.8474999999999999 0.99125 0.8375
5 0.9337500000000001 0.8462500000000001 0.91875 0.8462500000000001 0.91875 0.85375 0.9337500000000001 0.85375 0.9337500000000001 0.8462500000000001
5 0.9625 0.85 0.9425000000000001 0.85 0.9425000000000001 0.86 0.9625 0.86 0.9625 0.85
5 0.9974999999999999 0.8574999999999999 0.9724999999999999 0.8574999999999999 0.9724999999999999 0.8699999999999999 0.9974999999999999 0.8699999999999999 0.9974999999999999 0.8574999999999999
5 0.91375 0.85 0.89125 0.85 0.89125 0.86 0.91375 0.86 0.91375 0.85
5 0.92875 0.8550000000000001 0.9112500000000001 0.8550000000000001 0.9112500000000001 0.865 0.92875 0.865 0.92875 0.8550000000000001
5 0.975 0.865 0.9525 0.865 0.9525 0.8775000000000001 0.975 0.8775000000000001 0.975 0.865
5 0.99875 0.8699999999999999 0.9712500000000001 0.8699999999999999 0.9712500000000001 0.8825 0.99875 0.8825 0.99875 0.8699999999999999
5 0.60375 0.8612500000000001 0.59375 0.8612500000000001 0.59375 0.8787499999999999 0.60375 0.8787499999999999 0.60375 0.8612500000000001
5 0.66875 0.81125 0.64625 0.81125 0.64625 0.8237500000000001 0.66875 0.8237500000000001 0.66875 0.81125
5 0.69375 0.8162499999999999 0.66875 0.8162499999999999 0.66875 0.82875 0.69375 0.82875 0.69375 0.8162499999999999
5 0.71875 0.82125 0.69375 0.82125 0.69375 0.83375 0.71875 0.83375 0.71875 0.82125
5 0.73875 0.82875 0.71875 0.82875 0.71875 0.8387499999999999 0.73875 0.8387499999999999 0.73875 0.82875
5 0.7625 0.83375 0.74 0.83375 0.74 0.8462500000000001 0.7625 0.8462500000000001 0.7625 0.83375
5 0.78625 0.8412499999999999 0.76625 0.8412499999999999 0.76625 0.85125 0.78625 0.85125 0.78625 0.8412499999999999
5 0.81125 0.8474999999999999 0.78625 0.8474999999999999 0.78625 0.8574999999999999 0.81125 0.8574999999999999 0.81125 0.8474999999999999
5 0.83625 0.85375 0.8162499999999999 0.85375 0.8162499999999999 0.8637499999999999 0.83625 0.8637499999999999 0.83625 0.85375
5 0.86625 0.8612500000000001 0.85125 0.8612500000000001 0.85125 0.8712500000000001 0.86625 0.8712500000000001 0.86625 0.8612500000000001
5 0.89 0.865 0.8699999999999999 0.865 0.8699999999999999 0.8775000000000001 0.89 0.8775000000000001 0.89 0.865
5 0.9262499999999999 0.87625 0.9037499999999999 0.87625 0.9037499999999999 0.8887499999999999 0.9262499999999999 0.8887499999999999 0.9262499999999999 0.87625
5 0.95 0.88125 0.925 0.88125 0.925 0.89125 0.95 0.89125 0.95 0.88125
5 0.99875 0.8949999999999999 0.98125 0.8949999999999999 0.98125 0.9025000000000001 0.99875 0.9025000000000001 0.99875 0.8949999999999999
5 0.6849999999999999 0.60625 0.665 0.60625 0.665 0.63375 0.6849999999999999 0.63375 0.6849999999999999 0.60625
5 0.5962500000000001 0.92875 0.58375 0.92875 0.58375 0.9487500000000001 0.5962500000000001 0.9487500000000001 0.5962500000000001 0.92875
5 0.57125 0.9475 0.56125 0.9475 0.56125 0.9675 0.57125 0.9675 0.57125 0.9475
5 0.5599999999999999 0.91875 0.54 0.91875 0.54 0.92875 0.5599999999999999 0.92875 0.5599999999999999 0.91875
5 0.55625 0.92875 0.54125 0.92875 0.54125 0.93625 0.55625 0.93625 0.55625 0.92875
5 0.5575 0.93625 0.5349999999999999 0.93625 0.5349999999999999 0.9487500000000001 0.5575 0.9487500000000001 0.5575 0.93625
5 0.55 0.95 0.5349999999999999 0.95 0.5349999999999999 0.9574999999999999 0.55 0.9574999999999999 0.55 0.95
5 0.55125 0.95875 0.5337500000000001 0.95875 0.5337500000000001 0.9662499999999999 0.55125 0.9662499999999999 0.55125 0.95875
5 0.54875 0.9675 0.53125 0.9675 0.53125 0.9775 0.54875 0.9775 0.54875 0.9675
5 0.625 0.96 0.6 0.96 0.6 0.97 0.625 0.97 0.625 0.96
5 0.6475 0.9650000000000001 0.625 0.9650000000000001 0.625 0.975 0.6475 0.975 0.6475 0.9650000000000001