5 0.35875 0.21000000000000002 0.34625 0.21000000000000002 0.34625 0.22999999999999998 0.35875 0.22999999999999998 0.35875 0.21000000000000002
5 0.38375 0.185 0.36124999999999996 0.185 0.36124999999999996 0.22999999999999998 0.38375 0.22999999999999998 0.38375 0.185
5 0.29375 0.47000000000000003 0.28125 0.47000000000000003 0.28125 0.49000000000000005 0.29375 0.49000000000000005 0.29375 0.47000000000000003
5 0.3025 0.48624999999999996 0.29 0.48624999999999996 0.29 0.5037499999999999 0.3025 0.5037499999999999 0.3025 0.48624999999999996
5 0.24500000000000002 0.57875 0.22999999999999998 0.57875 0.22999999999999998 0.6012500000000001 0.24500000000000002 0.6012500000000001 0.24500000000000002 0.57875
5 0.18625 0.6875 0.17375000000000002 0.6875 0.17375000000000002 0.7025 0.18625 0.7025 0.18625 0.6875
5 0.19 0.7775000000000001 0.1775 0.7775000000000001 0.1775 0.7975 0.19 0.7975 0.19 0.7775000000000001
5 0.175 0.8412499999999999 0.1625 0.8412499999999999 0.1625 0.8612500000000001 0.175 0.8612500000000001 0.175 0.8412499999999999
5 0.15 0.93 0.1375 0.93 0.1375 0.95 0.15 0.95 0.15 0.93
5 0.725 0.11750000000000001 0.71 0.11750000000000001 0.71 0.135 0.725 0.135 0.725 0.11750000000000001
5 0.6799999999999999 0.16499999999999998 0.6725 0.16499999999999998 0.6725 0.18 0.6799999999999999 0.18 0.6799999999999999 0.16499999999999998
5 0.6275000000000001 0.40125 0.6125 0.40125 0.6125 0.42125 0.6275000000000001 0.42125 0.6275000000000001 0.40125
5 0.6025 0.43875000000000003 0.5900000000000001 0.43875000000000003 0.5900000000000001 0.45875000000000005 0.6025 0.45875000000000005 0.6025 0.43875000000000003
5 0.5287499999999999 0.56375 0.51625 0.56375 0.51625 0.5862499999999999 0.5287499999999999 0.5862499999999999 0.5287499999999999 0.56375
5 0.8074999999999999 0.7887500000000001 0.7925 0.7887500000000001 0.7925 0.8012499999999999 0.8074999999999999 0.8012499999999999 0.8074999999999999 0.7887500000000001
5 0.79625 0.7424999999999999 0.7837500000000001 0.7424999999999999 0.7837500000000001 0.7575000000000001 0.79625 0.7575000000000001 0.79625 0.7424999999999999