5 0.125 0.005 0.1125 0.005 0.1125 0.025 0.125 0.025 0.125 0.005
5 0.08 0.13874999999999998 0.0675 0.13874999999999998 0.0675 0.15875 0.08 0.15875 0.08 0.13874999999999998
5 0.1025 0.13625 0.09 0.13625 0.09 0.15375 0.1025 0.15375 0.1025 0.13625
5 0.02 0.36375 0.005 0.36375 0.005 0.38375 0.02 0.38375 0.02 0.36375
5 0.09625 0.985 0.08125 0.985 0.08125 0.9949999999999999 0.09625 0.9949999999999999 0.09625 0.985
5 0.08625000000000001 0.9650000000000001 0.06375 0.9650000000000001 0.06375 0.9775 0.08625000000000001 0.9775 0.08625000000000001 0.9650000000000001
5 0.1 0.9525 0.075 0.9525 0.075 0.9650000000000001 0.1 0.9650000000000001 0.1 0.9525
5 0.155 0.9637499999999999 0.14250000000000002 0.9637499999999999 0.14250000000000002 0.98375 0.155 0.98375 0.155 0.9637499999999999
5 0.25 0.6825 0.2375 0.6825 0.2375 0.705 0.25 0.705 0.25 0.6825
5 0.25 0.54625 0.2375 0.54625 0.2375 0.5662499999999999 0.25 0.5662499999999999 0.25 0.54625
5 0.73125 0.027500000000000004 0.71375 0.027500000000000004 0.71375 0.0475 0.73125 0.0475 0.73125 0.027500000000000004
5 0.29874999999999996 0.98375 0.27625 0.98375 0.27625 0.9962500000000001 0.29874999999999996 0.9962500000000001 0.29874999999999996 0.98375
5 0.6025 0.9662499999999999 0.5875 0.9662499999999999 0.5875 0.98375 0.6025 0.98375 0.6025 0.9662499999999999
5 0.72875 0.9337500000000001 0.7212500000000001 0.9337500000000001 0.7212500000000001 0.9512499999999999 0.72875 0.9512499999999999 0.72875 0.9337500000000001
5 0.6525000000000001 0.82875 0.64 0.82875 0.64 0.8487500000000001 0.6525000000000001 0.8487500000000001 0.6525000000000001 0.82875
5 0.6799999999999999 0.73125 0.67 0.73125 0.67 0.7462500000000001 0.6799999999999999 0.7462500000000001 0.6799999999999999 0.73125
5 0.70875 0.61375 0.69625 0.61375 0.69625 0.63375 0.70875 0.63375 0.70875 0.61375
5 0.8099999999999999 0.5075000000000001 0.8025 0.5075000000000001 0.8025 0.5275000000000001 0.8099999999999999 0.5275000000000001 0.8099999999999999 0.5075000000000001
5 0.7112499999999999 0.44375 0.69875 0.44375 0.69875 0.46375 0.7112499999999999 0.46375 0.7112499999999999 0.44375
5 0.50875 0.3125 0.48875 0.3125 0.48875 0.325 0.50875 0.325 0.50875 0.3125
5 0.615 0.31 0.5974999999999999 0.31 0.5974999999999999 0.325 0.615 0.325 0.615 0.31