5 0.27875 1 0.27875 0.9875 0.26875 0.9875 0.26875 1 0.27875 1
5 0.2725 0 0.2725 0.015 0.2925 0.015 0.2925 0 0.2725 0
5 0.37875000000000003 0.0225 0.36124999999999996 0.0225 0.36124999999999996 0.0325 0.37875000000000003 0.0325 0.37875000000000003 0.0225
5 0.4175 0.03 0.4 0.03 0.4 0.042499999999999996 0.4175 0.042499999999999996 0.4175 0.03
5 0.43624999999999997 0.00625 0.41375 0.00625 0.41375 0.01875 0.43624999999999997 0.01875 0.43624999999999997 0.00625
5 0.45625 0.04875 0.43375 0.04875 0.43375 0.058750000000000004 0.45625 0.058750000000000004 0.45625 0.04875
5 0.49000000000000005 0.0225 0.47000000000000003 0.0225 0.47000000000000003 0.0325 0.49000000000000005 0.0325 0.49000000000000005 0.0225
5 0.51 0.00625 0.4875 0.00625 0.4875 0.01875 0.51 0.01875 0.51 0.00625
5 0.5037499999999999 0.05500000000000001 0.48624999999999996 0.05500000000000001 0.48624999999999996 0.065 0.5037499999999999 0.065 0.5037499999999999 0.05500000000000001
5 0.57625 0.075 0.5587500000000001 0.075 0.5587500000000001 0.0875 0.57625 0.0875 0.57625 0.075
5 0.6287499999999999 0.09 0.60625 0.09 0.60625 0.1 0.6287499999999999 0.1 0.6287499999999999 0.09
5 0.76125 0.09 0.74375 0.09 0.74375 0.1 0.76125 0.1 0.76125 0.09
5 0 0.0675 0.01125 0.0675 0.01125 0.057499999999999996 0 0.057499999999999996 0 0.0675
5 0.042499999999999996 0.01 0.0325 0.01 0.0325 0.034999999999999996 0.042499999999999996 0.034999999999999996 0.042499999999999996 0.01
5 0.05500000000000001 0.0125 0.042499999999999996 0.0125 0.042499999999999996 0.0325 0.05500000000000001 0.0325 0.05500000000000001 0.0125
5 0.065 0.017499999999999998 0.052500000000000005 0.017499999999999998 0.052500000000000005 0.034999999999999996 0.065 0.034999999999999996 0.065 0.017499999999999998
5 0.0775 0.017499999999999998 0.065 0.017499999999999998 0.065 0.04 0.0775 0.04 0.0775 0.017499999999999998
5 0.08875 0.025 0.07875 0.025 0.07875 0.042499999999999996 0.08875 0.042499999999999996 0.08875 0.025
5 0.0975 0.025 0.0875 0.025 0.0875 0.045 0.0975 0.045 0.0975 0.025
5 0.1075 0.026250000000000002 0.0975 0.026250000000000002 0.0975 0.04625 0.1075 0.04625 0.1075 0.026250000000000002
5 0.12625 0.03625 0.11625 0.03625 0.11625 0.05375 0.12625 0.05375 0.12625 0.03625
5 0.1375 0.03375 0.1275 0.03375 0.1275 0.05125 0.1375 0.05125 0.1375 0.03375
5 0.145 0.034999999999999996 0.135 0.034999999999999996 0.135 0.05500000000000001 0.145 0.05500000000000001 0.145 0.034999999999999996
5 0.1525 0.04375 0.145 0.04375 0.145 0.058750000000000004 0.1525 0.058750000000000004 0.1525 0.04375
5 0.16499999999999998 0.03875 0.155 0.03875 0.155 0.058750000000000004 0.16499999999999998 0.058750000000000004 0.16499999999999998 0.03875
5 0.17375000000000002 0.045 0.16375 0.045 0.16375 0.065 0.17375000000000002 0.065 0.17375000000000002 0.045
5 0.1875 0.04375 0.175 0.04375 0.175 0.06625 0.1875 0.06625 0.1875 0.04375
5 0.19875 0.04875 0.18875 0.04875 0.18875 0.06625 0.19875 0.06625 0.19875 0.04875
5 0.20875 0.052500000000000005 0.19875 0.052500000000000005 0.19875 0.06999999999999999 0.20875 0.06999999999999999 0.20875 0.052500000000000005
5 0.21749999999999997 0.05500000000000001 0.205 0.05500000000000001 0.205 0.075 0.21749999999999997 0.075 0.21749999999999997 0.05500000000000001
5 0.23500000000000001 0.06 0.225 0.06 0.225 0.0775 0.23500000000000001 0.0775 0.23500000000000001 0.06
5 0.24375 0.06375 0.23125 0.06375 0.23125 0.08125 0.24375 0.08125 0.24375 0.06375
5 0.25625 0.06 0.24125000000000002 0.06 0.24125000000000002 0.08499999999999999 0.25625 0.08499999999999999 0.25625 0.06
5 0.057499999999999996 0.06 0.0375 0.06 0.0375 0.06999999999999999 0.057499999999999996 0.06999999999999999 0.057499999999999996 0.06
5 0.095 0.065 0.0725 0.065 0.0725 0.0775 0.095 0.0775 0.095 0.065
5 0.1375 0.065 0.12250000000000001 0.065 0.12250000000000001 0.0725 0.1375 0.0725 0.1375 0.065
5 0.21625 0.08625000000000001 0.19875 0.08625000000000001 0.19875 0.09875 0.21625 0.09875 0.21625 0.08625000000000001
5 0.315 0.0775 0.29500000000000004 0.0775 0.29500000000000004 0.12250000000000001 0.315 0.12250000000000001 0.315 0.0775
5 0.33125 0.08625000000000001 0.31124999999999997 0.08625000000000001 0.31124999999999997 0.12875 0.33125 0.12875 0.33125 0.08625000000000001
5 0.34249999999999997 0.09875 0.325 0.09875 0.325 0.13374999999999998 0.34249999999999997 0.13374999999999998 0.34249999999999997 0.09875
5 0.355 0.09375 0.33999999999999997 0.09375 0.33999999999999997 0.13374999999999998 0.355 0.13374999999999998 0.355 0.09375
5 0.3775 0.1025 0.35750000000000004 0.1025 0.35750000000000004 0.14250000000000002 0.3775 0.14250000000000002 0.3775 0.1025
5 0.41 0.10500000000000001 0.3875 0.10500000000000001 0.3875 0.145 0.41 0.145 0.41 0.10500000000000001
5 0.425 0.11499999999999999 0.40750000000000003 0.11499999999999999 0.40750000000000003 0.145 0.425 0.145 0.425 0.11499999999999999
5 0.44125 0.11625 0.41875 0.11625 0.41875 0.15375 0.44125 0.15375 0.44125 0.11625
5 0.45625 0.12 0.43624999999999997 0.12 0.43624999999999997 0.1575 0.45625 0.1575 0.45625 0.12
5 0.4725 0.12625 0.4525 0.12625 0.4525 0.16375 0.4725 0.16375 0.4725 0.12625
5 0.485 0.1325 0.465 0.1325 0.465 0.1625 0.485 0.1625 0.485 0.1325
5 0.5037499999999999 0.13 0.48375 0.13 0.48375 0.16999999999999998 0.5037499999999999 0.16999999999999998 0.5037499999999999 0.13
5 0.51875 0.13125 0.49874999999999997 0.13125 0.49874999999999997 0.17124999999999999 0.51875 0.17124999999999999 0.51875 0.13125
5 0.29625 0.14250000000000002 0.27875 0.14250000000000002 0.27875 0.1525 0.29625 0.1525 0.29625 0.14250000000000002
5 0.42000000000000004 0.155 0.3875 0.155 0.3875 0.17250000000000001 0.42000000000000004 0.17250000000000001 0.42000000000000004 0.155
5 0.49000000000000005 0.16875 0.45 0.16875 0.45 0.19125 0.49000000000000005 0.19125 0.49000000000000005 0.16875
5 0.37625000000000003 0.19125 0.35375 0.19125 0.35375 0.20375000000000001 0.37625000000000003 0.20375000000000001 0.37625000000000003 0.19125
5 0.44125 0.20375000000000001 0.42125 0.20375000000000001 0.42125 0.21625 0.44125 0.21625 0.44125 0.20375000000000001
5 0.475 0.21000000000000002 0.4575 0.21000000000000002 0.4575 0.22999999999999998 0.475 0.22999999999999998 0.475 0.21000000000000002
5 0.47125000000000006 0.29 0.45875000000000005 0.29 0.45875000000000005 0.3125 0.47125000000000006 0.3125 0.47125000000000006 0.29
5 0.28500000000000003 0.1975 0.2575 0.1975 0.2575 0.24 0.28500000000000003 0.24 0.28500000000000003 0.1975
5 0.3025 0.20249999999999999 0.27999999999999997 0.20249999999999999 0.27999999999999997 0.24 0.3025 0.24 0.3025 0.20249999999999999
5 0.31625000000000003 0.20750000000000002 0.29874999999999996 0.20750000000000002 0.29874999999999996 0.24 0.31625000000000003 0.24 0.31625000000000003 0.20750000000000002
5 0.32875 0.2125 0.30625 0.2125 0.30625 0.2525 0.32875 0.2525 0.32875 0.2125
5 0.36625 0.20375000000000001 0.34375 0.20375000000000001 0.34375 0.21375000000000002 0.36625 0.21375000000000002 0.36625 0.20375000000000001
5 0.34625 0.21749999999999997 0.32625000000000004 0.21749999999999997 0.32625000000000004 0.2575 0.34625 0.2575 0.34625 0.21749999999999997
5 0.36375 0.21749999999999997 0.34125 0.21749999999999997 0.34125 0.2575 0.36375 0.2575 0.36375 0.21749999999999997
5 0.38 0.22000000000000003 0.355 0.22000000000000003 0.355 0.265 0.38 0.265 0.38 0.22000000000000003
5 0.395 0.225 0.3775 0.225 0.3775 0.255 0.395 0.255 0.395 0.225
5 0.41125 0.22625 0.39125 0.22625 0.39125 0.26375000000000004 0.41125 0.26375000000000004 0.41125 0.22625
5 0.42625 0.23374999999999999 0.40374999999999994 0.23374999999999999 0.40374999999999994 0.27375 0.42625 0.27375 0.42625 0.23374999999999999
5 0.26749999999999996 0.25 0.25 0.25 0.25 0.29 0.26749999999999996 0.29 0.26749999999999996 0.25
5 0.28375 0.25625 0.26625 0.25625 0.26625 0.28875 0.28375 0.28875 0.28375 0.25625
5 0.3025 0.255 0.28250000000000003 0.255 0.28250000000000003 0.2975 0.3025 0.2975 0.3025 0.255
5 0.315 0.2575 0.2925 0.2575 0.2925 0.3025 0.315 0.3025 0.315 0.2575
5 0.34750000000000003 0.26749999999999996 0.325 0.26749999999999996 0.325 0.3075 0.34750000000000003 0.3075 0.34750000000000003 0.26749999999999996
5 0.365 0.27375 0.33999999999999997 0.27375 0.33999999999999997 0.31625000000000003 0.365 0.31625000000000003 0.365 0.27375
5 0.38 0.26749999999999996 0.35750000000000004 0.26749999999999996 0.35750000000000004 0.31 0.38 0.31 0.38 0.26749999999999996
5 0.39625 0.2725 0.37625000000000003 0.2725 0.37625000000000003 0.3175 0.39625 0.3175 0.39625 0.2725
5 0.4125 0.27375 0.39249999999999996 0.27375 0.39249999999999996 0.32125 0.4125 0.32125 0.4125 0.27375
5 0.45375 0.36124999999999996 0.44375 0.36124999999999996 0.44375 0.38125 0.45375 0.38125 0.45375 0.36124999999999996
5 0.23625 0.28125 0.20375000000000001 0.28125 0.20375000000000001 0.29625 0.23625 0.29625 0.23625 0.28125
5 0.2425 0.29625 0.2 0.29625 0.2 0.31375000000000003 0.2425 0.31375000000000003 0.2425 0.29625
5 0.365 0.35125 0.325 0.35125 0.325 0.36875 0.365 0.36875 0.365 0.35125
5 0.22374999999999998 0.33375 0.18125 0.33375 0.18125 0.35375 0.22374999999999998 0.35375 0.22374999999999998 0.33375
5 0.2375 0.365 0.21749999999999997 0.365 0.21749999999999997 0.40750000000000003 0.2375 0.40750000000000003 0.2375 0.365
5 0.27125 0.36124999999999996 0.24874999999999997 0.36124999999999996 0.24874999999999997 0.40875000000000006 0.27125 0.40875000000000006 0.27125 0.36124999999999996
5 0.28625 0.3725 0.26375000000000004 0.3725 0.26375000000000004 0.42000000000000004 0.28625 0.42000000000000004 0.28625 0.3725
5 0.3025 0.3725 0.28250000000000003 0.3725 0.28250000000000003 0.4175 0.3025 0.4175 0.3025 0.3725
5 0.31625000000000003 0.39875 0.30125 0.39875 0.30125 0.42125 0.31625000000000003 0.42125 0.31625000000000003 0.39875
5 0.335 0.3825 0.315 0.3825 0.315 0.425 0.335 0.425 0.335 0.3825
5 0.35125 0.38625 0.33875 0.38625 0.33875 0.41125 0.35125 0.41125 0.35125 0.38625
5 0.34875 0.40625 0.33125 0.40625 0.33125 0.43624999999999997 0.34875 0.43624999999999997 0.34875 0.40625
5 0.365 0.395 0.34750000000000003 0.395 0.34750000000000003 0.43499999999999994 0.365 0.43499999999999994 0.365 0.395
5 0.39875 0.4575 0.38625 0.4575 0.38625 0.48 0.39875 0.48 0.39875 0.4575
5 0.3875 0.45499999999999996 0.375 0.45499999999999996 0.375 0.475 0.3875 0.475 0.3875 0.45499999999999996
5 0.37625000000000003 0.45375 0.36875 0.45375 0.36875 0.46875 0.37625000000000003 0.46875 0.37625000000000003 0.45375
5 0.36875 0.44875 0.35875 0.44875 0.35875 0.46875 0.36875 0.46875 0.36875 0.44875
5 0.35875 0.44625000000000004 0.34875 0.44625000000000004 0.34875 0.46875 0.35875 0.46875 0.35875 0.44625000000000004
5 0.3525 0.445 0.33999999999999997 0.445 0.33999999999999997 0.465 0.3525 0.465 0.3525 0.445
5 0.34249999999999997 0.44000000000000006 0.32999999999999996 0.44000000000000006 0.32999999999999996 0.45999999999999996 0.34249999999999997 0.45999999999999996 0.34249999999999997 0.44000000000000006
5 0.3325 0.43624999999999997 0.32 0.43624999999999997 0.32 0.45875000000000005 0.3325 0.45875000000000005 0.3325 0.43624999999999997
5 0.32125 0.43875000000000003 0.30874999999999997 0.43875000000000003 0.30874999999999997 0.46125 0.32125 0.46125 0.32125 0.43875000000000003
5 0.31124999999999997 0.43624999999999997 0.29625 0.43624999999999997 0.29625 0.45625 0.31124999999999997 0.45625 0.31124999999999997 0.43624999999999997
5 0.30125 0.4325 0.28875 0.4325 0.28875 0.4525 0.30125 0.4525 0.30125 0.4325
5 0.29 0.42874999999999996 0.27749999999999997 0.42874999999999996 0.27749999999999997 0.45375 0.29 0.45375 0.29 0.42874999999999996
5 0.27999999999999997 0.42750000000000005 0.26749999999999996 0.42750000000000005 0.26749999999999996 0.44749999999999995 0.27999999999999997 0.44749999999999995 0.27999999999999997 0.42750000000000005
5 0.27 0.425 0.2575 0.425 0.2575 0.44749999999999995 0.27 0.44749999999999995 0.27 0.425
5 0.26125 0.42125 0.24625 0.42125 0.24625 0.44375 0.26125 0.44375 0.26125 0.42125
5 0.24874999999999997 0.42125 0.23875000000000002 0.42125 0.23875000000000002 0.44125 0.24874999999999997 0.44125 0.24874999999999997 0.42125
5 0.22875 0.41125 0.21625 0.41125 0.21625 0.43375 0.22875 0.43375 0.22875 0.41125
5 0.21625 0.41 0.20875 0.41 0.20875 0.43 0.21625 0.43 0.21625 0.41
5 0.21000000000000002 0.40875000000000006 0.1975 0.40875000000000006 0.1975 0.42874999999999996 0.21000000000000002 0.42874999999999996 0.21000000000000002 0.40875000000000006
5 0.1975 0.40625 0.185 0.40625 0.185 0.42625 0.1975 0.42625 0.1975 0.40625
5 0.3325 0.4875 0.3125 0.4875 0.3125 0.49749999999999994 0.3325 0.49749999999999994 0.3325 0.4875
5 0.335 0.5 0.315 0.5 0.315 0.51 0.335 0.51 0.335 0.5
5 0.34500000000000003 0.51125 0.32999999999999996 0.51125 0.32999999999999996 0.51875 0.34500000000000003 0.51875 0.34500000000000003 0.51125
5 0.35625 0.5025000000000001 0.33875 0.5025000000000001 0.33875 0.5125 0.35625 0.5125 0.35625 0.5025000000000001
5 0.36375 0.515 0.34625 0.515 0.34625 0.525 0.36375 0.525 0.36375 0.515
5 0.37625000000000003 0.50625 0.35875 0.50625 0.35875 0.51625 0.37625000000000003 0.51625 0.37625000000000003 0.50625
5 0.38 0.51875 0.365 0.51875 0.365 0.52625 0.38 0.52625 0.38 0.51875
5 0.28500000000000003 0.48125 0.2625 0.48125 0.2625 0.49124999999999996 0.28500000000000003 0.49124999999999996 0.28500000000000003 0.48125
5 0.2575 0.48624999999999996 0.24 0.48624999999999996 0.24 0.49625 0.2575 0.49625 0.2575 0.48624999999999996
5 0.27749999999999997 0.49000000000000005 0.2575 0.49000000000000005 0.2575 0.5 0.27749999999999997 0.5 0.27749999999999997 0.49000000000000005
5 0.20249999999999999 0.475 0.185 0.475 0.185 0.485 0.20249999999999999 0.485 0.20249999999999999 0.475
5 0.20375000000000001 0.465 0.18625 0.465 0.18625 0.475 0.20375000000000001 0.475 0.20375000000000001 0.465
5 0.225 0.47125000000000006 0.20750000000000002 0.47125000000000006 0.20750000000000002 0.48125 0.225 0.48125 0.225 0.47125000000000006
5 0.16125 0.45499999999999996 0.14375 0.45499999999999996 0.14375 0.465 0.16125 0.465 0.16125 0.45499999999999996
5 0.155 0.4625 0.13999999999999999 0.4625 0.13999999999999999 0.4725 0.155 0.4725 0.155 0.4625
5 0.0975 0.44875 0.0775 0.44875 0.0775 0.45875000000000005 0.0975 0.45875000000000005 0.0975 0.44875
5 0.11499999999999999 0.45375 0.1 0.45375 0.1 0.46375 0.11499999999999999 0.46375 0.11499999999999999 0.45375
5 0.0975 0.4375 0.0775 0.4375 0.0775 0.44749999999999995 0.0975 0.44749999999999995 0.0975 0.4375
5 0.11499999999999999 0.4425 0.0975 0.4425 0.0975 0.45 0.11499999999999999 0.45 0.11499999999999999 0.4425
5 0.025 0.43125 0.01 0.43125 0.01 0.44125 0.025 0.44125 0.025 0.43125
5 0.04625 0.43875000000000003 0.03125 0.43875000000000003 0.03125 0.44625000000000004 0.04625 0.44625000000000004 0.04625 0.43875000000000003
5 0.04875 0.42750000000000005 0.03375 0.42750000000000005 0.03375 0.43499999999999994 0.04875 0.43499999999999994 0.04875 0.42750000000000005
5 0.015 0.36375 0.005 0.36375 0.005 0.38125 0.015 0.38125 0.015 0.36375
5 0.025 0.3625 0.0125 0.3625 0.0125 0.385 0.025 0.385 0.025 0.3625
5 0.03375 0.365 0.02375 0.365 0.02375 0.385 0.03375 0.385 0.03375 0.365
5 0.0375 0.37374999999999997 0.0325 0.37374999999999997 0.0325 0.38875000000000004 0.0375 0.38875000000000004 0.0375 0.37374999999999997
5 0.05 0.37124999999999997 0.042499999999999996 0.37124999999999997 0.042499999999999996 0.39125 0.05 0.39125 0.05 0.37124999999999997
5 0.07375000000000001 0.37374999999999997 0.061250000000000006 0.37374999999999997 0.061250000000000006 0.39625 0.07375000000000001 0.39625 0.07375000000000001 0.37374999999999997
5 0.1975 0.0975 0.18 0.0975 0.18 0.1075 0.1975 0.1075 0.1975 0.0975
5 0.13999999999999999 0.09875 0.11750000000000001 0.09875 0.11750000000000001 0.10874999999999999 0.13999999999999999 0.10874999999999999 0.13999999999999999 0.09875
5 0.175 0.10625 0.1525 0.10625 0.1525 0.11625 0.175 0.11625 0.175 0.10625
5 0.20875 0.11499999999999999 0.18625 0.11499999999999999 0.18625 0.125 0.20875 0.125 0.20875 0.11499999999999999
5 0.0925 0.1025 0.0675 0.1025 0.0675 0.11499999999999999 0.0925 0.11499999999999999 0.0925 0.1025
5 0.15 0.12 0.125 0.12 0.125 0.13 0.15 0.13 0.15 0.12
5 0.03 0.11625 0.01 0.11625 0.01 0.13374999999999998 0.03 0.13374999999999998 0.03 0.11625
5 0.0325 0.14875 0.0075 0.14875 0.0075 0.17124999999999999 0.0325 0.17124999999999999 0.0325 0.14875
5 0.08625000000000001 0.14375 0.07625 0.14375 0.07625 0.16625 0.08625000000000001 0.16625 0.08625000000000001 0.14375
5 0.10124999999999999 0.145 0.08625000000000001 0.145 0.08625000000000001 0.1675 0.10124999999999999 0.1675 0.10124999999999999 0.145
5 0.11374999999999999 0.16125 0.10124999999999999 0.16125 0.10124999999999999 0.18125 0.11374999999999999 0.18125 0.11374999999999999 0.16125
5 0.135 0.15375 0.125 0.15375 0.125 0.17625 0.135 0.17625 0.135 0.15375
5 0.14750000000000002 0.16 0.1375 0.16 0.1375 0.18 0.14750000000000002 0.18 0.14750000000000002 0.16
5 0.15875 0.16375 0.14875 0.16375 0.14875 0.18375 0.15875 0.18375 0.15875 0.16375
5 0.16999999999999998 0.16375 0.16 0.16375 0.16 0.18625 0.16999999999999998 0.18625 0.16999999999999998 0.16375
5 0.185 0.1675 0.17250000000000001 0.1675 0.17250000000000001 0.1875 0.185 0.1875 0.185 0.1675
5 0.19624999999999998 0.17250000000000001 0.18625 0.17250000000000001 0.18625 0.1925 0.19624999999999998 0.1925 0.19624999999999998 0.17250000000000001
5 0.20625 0.175 0.19624999999999998 0.175 0.19624999999999998 0.195 0.20625 0.195 0.20625 0.175
5 0.2225 0.18 0.21000000000000002 0.18 0.21000000000000002 0.1975 0.2225 0.1975 0.2225 0.18
5 0.08375 0.26375000000000004 0.061250000000000006 0.26375000000000004 0.061250000000000006 0.27375 0.08375 0.27375 0.08375 0.26375000000000004
5 0.1 0.18375 0.08 0.18375 0.08 0.20125 0.1 0.20125 0.1 0.18375
5 0.08875 0.20750000000000002 0.07875 0.20750000000000002 0.07875 0.2225 0.08875 0.2225 0.08875 0.20750000000000002
5 0.10625 0.20750000000000002 0.09375 0.20750000000000002 0.09375 0.22999999999999998 0.10625 0.22999999999999998 0.10625 0.20750000000000002
5 0.125 0.19125 0.1075 0.19125 0.1075 0.20625 0.125 0.20625 0.125 0.19125
5 0.11750000000000001 0.21000000000000002 0.1075 0.21000000000000002 0.1075 0.22749999999999998 0.11750000000000001 0.22749999999999998 0.11750000000000001 0.21000000000000002
5 0.13874999999999998 0.1925 0.11875 0.1925 0.11875 0.21000000000000002 0.13874999999999998 0.21000000000000002 0.13874999999999998 0.1925
5 0.13 0.21375000000000002 0.12 0.21375000000000002 0.12 0.23374999999999999 0.13 0.23374999999999999 0.13 0.21375000000000002
5 0.1575 0.19875 0.13999999999999999 0.19875 0.13999999999999999 0.21625 0.1575 0.21625 0.1575 0.19875
5 0.16999999999999998 0.20249999999999999 0.1525 0.20249999999999999 0.1525 0.22000000000000003 0.16999999999999998 0.22000000000000003 0.16999999999999998 0.20249999999999999
5 0.18625 0.205 0.16625 0.205 0.16625 0.2225 0.18625 0.2225 0.18625 0.205
5 0.14250000000000002 0.21875 0.1325 0.21875 0.1325 0.23625 0.14250000000000002 0.23625 0.14250000000000002 0.21875
5 0.1525 0.22000000000000003 0.14250000000000002 0.22000000000000003 0.14250000000000002 0.24 0.1525 0.24 0.1525 0.22000000000000003
5 0.1675 0.2225 0.155 0.2225 0.155 0.2425 0.1675 0.2425 0.1675 0.2225
5 0.17875000000000002 0.225 0.16625 0.225 0.16625 0.24500000000000002 0.17875000000000002 0.24500000000000002 0.17875000000000002 0.225
5 0.19125 0.22625 0.17875000000000002 0.22625 0.17875000000000002 0.24625 0.19125 0.24625 0.19125 0.22625
5 0.08625000000000001 0.23875000000000002 0.06375 0.23875000000000002 0.06375 0.25125000000000003 0.08625000000000001 0.25125000000000003 0.08625000000000001 0.23875000000000002
5 0.09875 0.2475 0.061250000000000006 0.2475 0.061250000000000006 0.265 0.09875 0.265 0.09875 0.2475
5 0.12875 0.27 0.09125 0.27 0.09125 0.28500000000000003 0.12875 0.28500000000000003 0.12875 0.27
5 0.12250000000000001 0.24625 0.1 0.24625 0.1 0.25625 0.12250000000000001 0.25625 0.12250000000000001 0.24625
5 0.14750000000000002 0.26749999999999996 0.13 0.26749999999999996 0.13 0.27749999999999997 0.14750000000000002 0.27749999999999997 0.14750000000000002 0.26749999999999996
5 0.17875000000000002 0.28375 0.13874999999999998 0.28375 0.13874999999999998 0.30125 0.17875000000000002 0.30125 0.17875000000000002 0.28375
5 0.14625 0.2525 0.12625 0.2525 0.12625 0.265 0.14625 0.265 0.14625 0.2525
5 0.18125 0.2625 0.15625 0.2625 0.15625 0.2725 0.18125 0.2725 0.18125 0.2625
5 0.06625 0.29125 0.02375 0.29125 0.02375 0.30874999999999997 0.06625 0.30874999999999997 0.06625 0.29125
5 0.0325 0.31124999999999997 0.015 0.31124999999999997 0.015 0.35125 0.0325 0.35125 0.0325 0.31124999999999997
5 0.04875 0.31375000000000003 0.03125 0.31375000000000003 0.03125 0.35375 0.04875 0.35375 0.04875 0.31375000000000003
5 0.06375 0.32999999999999996 0.04875 0.32999999999999996 0.04875 0.355 0.06375 0.355 0.06375 0.32999999999999996
5 0.08125 0.3375 0.06875 0.3375 0.06875 0.355 0.08125 0.355 0.08125 0.3375
5 0.13625 0.3125 0.09875 0.3125 0.09875 0.32999999999999996 0.13625 0.32999999999999996 0.13625 0.3125
5 0.11374999999999999 0.32999999999999996 0.09375 0.32999999999999996 0.09375 0.37 0.11374999999999999 0.37 0.11374999999999999 0.32999999999999996
5 0.12875 0.3375 0.11125 0.3375 0.11125 0.375 0.12875 0.375 0.12875 0.3375
5 0.14750000000000002 0.33625 0.1275 0.33625 0.1275 0.37625000000000003 0.14750000000000002 0.37625000000000003 0.14750000000000002 0.33625
5 0.17875000000000002 0.34625 0.15875 0.34625 0.15875 0.38625 0.17875000000000002 0.38625 0.17875000000000002 0.34625
5 0.09375 0.37625000000000003 0.08125 0.37625000000000003 0.08125 0.40125 0.09375 0.40125 0.09375 0.37625000000000003
5 0.10375000000000001 0.38375 0.09125 0.38375 0.09125 0.40125 0.10375000000000001 0.40125 0.10375000000000001 0.38375
5 0.1125 0.3875 0.1025 0.3875 0.1025 0.40499999999999997 0.1125 0.40499999999999997 0.1125 0.3875
5 0.12625 0.38875000000000004 0.11625 0.38875000000000004 0.11625 0.40625 0.12625 0.40625 0.12625 0.38875000000000004
5 0.135 0.39125 0.125 0.39125 0.125 0.40875000000000006 0.135 0.40875000000000006 0.135 0.39125
5 0.14625 0.39625 0.13625 0.39625 0.13625 0.41125 0.14625 0.41125 0.14625 0.39625
5 0 0.59375 0.0125 0.59375 0.0125 0.5862499999999999 0 0.5862499999999999 0 0.59375
5 0.05 0.595 0.027500000000000004 0.595 0.027500000000000004 0.6075 0.05 0.6075 0.05 0.595
5 0.06875 0.6025 0.05375 0.6025 0.05375 0.61 0.06875 0.61 0.06875 0.6025
5 0.09875 0.6075 0.07875 0.6075 0.07875 0.6174999999999999 0.09875 0.6174999999999999 0.09875 0.6075
5 0.12 0.61375 0.1025 0.61375 0.1025 0.62625 0.12 0.62625 0.12 0.61375
5 0.13874999999999998 0.61875 0.12375 0.61875 0.12375 0.62625 0.13874999999999998 0.62625 0.13874999999999998 0.61875
5 0.025 0.6224999999999999 0.0025 0.6224999999999999 0.0025 0.6325000000000001 0.025 0.6325000000000001 0.025 0.6224999999999999
5 0.025 0.6125 0.0075 0.6125 0.0075 0.6224999999999999 0.025 0.6224999999999999 0.025 0.6125
5 0.04375 0.63 0.028749999999999998 0.63 0.028749999999999998 0.6375 0.04375 0.6375 0.04375 0.63
5 0.0475 0.61875 0.03 0.61875 0.03 0.62625 0.0475 0.62625 0.0475 0.61875
5 0.065 0.6325000000000001 0.0475 0.6325000000000001 0.0475 0.6425 0.065 0.6425 0.065 0.6325000000000001
5 0.0725 0.6224999999999999 0.05 0.6224999999999999 0.05 0.6325000000000001 0.0725 0.6325000000000001 0.0725 0.6224999999999999
5 0.09625 0.64125 0.07625 0.64125 0.07625 0.65125 0.09625 0.65125 0.09625 0.64125
5 0.09875 0.6287499999999999 0.07875 0.6287499999999999 0.07875 0.63875 0.09875 0.63875 0.09875 0.6287499999999999
5 0.11875 0.64625 0.10375000000000001 0.64625 0.10375000000000001 0.65625 0.11875 0.65625 0.11875 0.64625
5 0.1325 0.6375 0.11499999999999999 0.6375 0.11499999999999999 0.6475 0.1325 0.6475 0.1325 0.6375
5 0.145 0.65125 0.12250000000000001 0.65125 0.12250000000000001 0.66125 0.145 0.66125 0.145 0.65125
5 0.17124999999999999 0.6375 0.14875 0.6375 0.14875 0.6475 0.17124999999999999 0.6475 0.17124999999999999 0.6375
5 0.16999999999999998 0.6487499999999999 0.1525 0.6487499999999999 0.1525 0.65625 0.16999999999999998 0.65625 0.16999999999999998 0.6487499999999999
5 0.16375 0.6587500000000001 0.14875 0.6587500000000001 0.14875 0.66625 0.16375 0.66625 0.16375 0.6587500000000001
5 0.1975 0.635 0.18 0.635 0.18 0.6425 0.1975 0.6425 0.1975 0.635
5 0.225 0.64 0.20750000000000002 0.64 0.20750000000000002 0.65 0.225 0.65 0.225 0.64
5 0.24125000000000002 0.64625 0.22875 0.64625 0.22875 0.65125 0.24125000000000002 0.65125 0.24125000000000002 0.64625
5 0.25875 0.65 0.24375 0.65 0.24375 0.6575 0.25875 0.6575 0.25875 0.65
5 0.28125 0.6537499999999999 0.26625 0.6537499999999999 0.26625 0.66125 0.28125 0.66125 0.28125 0.6537499999999999
5 0.30874999999999997 0.6599999999999999 0.28625 0.6599999999999999 0.28625 0.67 0.30874999999999997 0.67 0.30874999999999997 0.6599999999999999
5 0.185 0.6625 0.16999999999999998 0.6625 0.16999999999999998 0.6725 0.185 0.6725 0.185 0.6625
5 0.21375000000000002 0.66125 0.19875 0.66125 0.19875 0.66875 0.21375000000000002 0.66875 0.21375000000000002 0.66125
5 0.21125 0.67 0.19125 0.67 0.19125 0.6799999999999999 0.21125 0.6799999999999999 0.21125 0.67
5 0.23625 0.67625 0.21875 0.67625 0.21875 0.68625 0.23625 0.68625 0.23625 0.67625
5 0.24125000000000002 0.6637500000000001 0.21875 0.6637500000000001 0.21875 0.67625 0.24125000000000002 0.67625 0.24125000000000002 0.6637500000000001
5 0.26625 0.6837500000000001 0.24375 0.6837500000000001 0.24375 0.69375 0.26625 0.69375 0.26625 0.6837500000000001
5 0.29375 0.67625 0.27125 0.67625 0.27125 0.68875 0.29375 0.68875 0.29375 0.67625
5 0.2875 0.6900000000000001 0.27 0.6900000000000001 0.27 0.7 0.2875 0.7 0.2875 0.6900000000000001
5 0 0.6487499999999999 0.008749999999999999 0.6487499999999999 0.008749999999999999 0.64125 0 0.64125 0 0.6487499999999999
5 0.0325 0.64625 0.0125 0.64625 0.0125 0.65625 0.0325 0.65625 0.0325 0.64625
5 0.05 0.6525000000000001 0.034999999999999996 0.6525000000000001 0.034999999999999996 0.6599999999999999 0.05 0.6599999999999999 0.05 0.6525000000000001
5 0.065 0.65625 0.0475 0.65625 0.0475 0.6637500000000001 0.065 0.6637500000000001 0.065 0.65625
5 0.10874999999999999 0.65125 0.08625000000000001 0.65125 0.08625000000000001 0.6637500000000001 0.10874999999999999 0.6637500000000001 0.10874999999999999 0.65125
5 0.08249999999999999 0.6587500000000001 0.065 0.6587500000000001 0.065 0.66875 0.08249999999999999 0.66875 0.08249999999999999 0.6587500000000001
5 0.10625 0.665 0.08625000000000001 0.665 0.08625000000000001 0.6725 0.10625 0.6725 0.10625 0.665
5 0.1325 0.67125 0.11499999999999999 0.67125 0.11499999999999999 0.67875 0.1325 0.67875 0.1325 0.67125
5 0.16125 0.6775 0.13874999999999998 0.6775 0.13874999999999998 0.6875 0.16125 0.6875 0.16125 0.6775
5 0.18375 0.6849999999999999 0.16375 0.6849999999999999 0.16375 0.6950000000000001 0.18375 0.6950000000000001 0.18375 0.6849999999999999
5 0.22875 0.6837500000000001 0.20875 0.6837500000000001 0.20875 0.69625 0.22875 0.69625 0.22875 0.6837500000000001
5 0.20750000000000002 0.6912499999999999 0.19 0.6912499999999999 0.19 0.70125 0.20750000000000002 0.70125 0.20750000000000002 0.6912499999999999
5 0.225 0.6975 0.20750000000000002 0.6975 0.20750000000000002 0.705 0.225 0.705 0.225 0.6975
5 0.24375 0.7 0.22625 0.7 0.22625 0.71 0.24375 0.71 0.24375 0.7
5 0.27625 0.70875 0.25875 0.70875 0.25875 0.71875 0.27625 0.71875 0.27625 0.70875
5 0.2975 0.7162499999999999 0.28250000000000003 0.7162499999999999 0.28250000000000003 0.7262500000000001 0.2975 0.7262500000000001 0.2975 0.7162499999999999
5 0.31875 0.72 0.29874999999999996 0.72 0.29874999999999996 0.73 0.31875 0.73 0.31875 0.72
5 0.03875 0.80625 0.01625 0.80625 0.01625 0.81875 0.03875 0.81875 0.03875 0.80625
5 0.0625 0.81375 0.042499999999999996 0.81375 0.042499999999999996 0.8237500000000001 0.0625 0.8237500000000001 0.0625 0.81375
5 0 0.84375 0.01125 0.84375 0.01125 0.83375 0 0.83375 0 0.84375
5 0.026250000000000002 0.825 0.00375 0.825 0.00375 0.8375 0.026250000000000002 0.8375 0.026250000000000002 0.825
5 0.03375 0.8412499999999999 0.01625 0.8412499999999999 0.01625 0.85125 0.03375 0.85125 0.03375 0.8412499999999999
5 0.045 0.83375 0.03 0.83375 0.03 0.8412499999999999 0.045 0.8412499999999999 0.045 0.83375
5 0.06 0.8462500000000001 0.042499999999999996 0.8462500000000001 0.042499999999999996 0.85625 0.06 0.85625 0.06 0.8462500000000001
5 0.07125000000000001 0.8375 0.04875 0.8375 0.04875 0.85 0.07125000000000001 0.85 0.07125000000000001 0.8375
5 0.08875 0.85375 0.06625 0.85375 0.06625 0.8637499999999999 0.08875 0.8637499999999999 0.08875 0.85375
5 0.08875 0.84375 0.07125000000000001 0.84375 0.07125000000000001 0.85125 0.08875 0.85125 0.08875 0.84375
5 0.11125 0.8487500000000001 0.09625 0.8487500000000001 0.09625 0.85625 0.11125 0.85625 0.11125 0.8487500000000001
5 0.11750000000000001 0.8612500000000001 0.0975 0.8612500000000001 0.0975 0.8712500000000001 0.11750000000000001 0.8712500000000001 0.11750000000000001 0.8612500000000001
5 0.14125000000000001 0.85375 0.11875 0.85375 0.11875 0.8637499999999999 0.14125000000000001 0.8637499999999999 0.14125000000000001 0.85375
5 0.14250000000000002 0.835 0.125 0.835 0.125 0.845 0.14250000000000002 0.845 0.14250000000000002 0.835
5 0.16125 0.8612500000000001 0.14625 0.8612500000000001 0.14625 0.86875 0.16125 0.86875 0.16125 0.8612500000000001
5 0.16375 0.8387499999999999 0.14375 0.8387499999999999 0.14375 0.8487500000000001 0.16375 0.8487500000000001 0.16375 0.8387499999999999
5 0.195 0.8462500000000001 0.16999999999999998 0.8462500000000001 0.16999999999999998 0.85875 0.195 0.85875 0.195 0.8462500000000001
5 0.22000000000000003 0.85375 0.20249999999999999 0.85375 0.20249999999999999 0.8637499999999999 0.22000000000000003 0.8637499999999999 0.22000000000000003 0.85375
5 0.24125000000000002 0.85875 0.22374999999999998 0.85875 0.22374999999999998 0.86875 0.24125000000000002 0.86875 0.24125000000000002 0.85875
5 0.26125 0.865 0.24625 0.865 0.24625 0.8724999999999999 0.26125 0.8724999999999999 0.26125 0.865
5 0.29375 0.87375 0.27625 0.87375 0.27625 0.88125 0.29375 0.88125 0.29375 0.87375
5 0.18375 0.8675 0.16875 0.8675 0.16875 0.875 0.18375 0.875 0.18375 0.8675
5 0.2125 0.8712500000000001 0.1925 0.8712500000000001 0.1925 0.88125 0.2125 0.88125 0.2125 0.8712500000000001
5 0.2475 0.8787499999999999 0.2225 0.8787499999999999 0.2225 0.89125 0.2475 0.89125 0.2475 0.8787499999999999
5 0.29125 0.8875 0.25375000000000003 0.8875 0.25375000000000003 0.9025000000000001 0.29125 0.9025000000000001 0.29125 0.8875
5 0.16375 0.8712500000000001 0.14125000000000001 0.8712500000000001 0.14125000000000001 0.88125 0.16375 0.88125 0.16375 0.8712500000000001
5 0.17875000000000002 0.87625 0.16125 0.87625 0.16125 0.8862500000000001 0.17875000000000002 0.8862500000000001 0.17875000000000002 0.87625
5 0.225 0.8862500000000001 0.20249999999999999 0.8862500000000001 0.20249999999999999 0.89875 0.225 0.89875 0.225 0.8862500000000001
5 0.24874999999999997 0.89125 0.22125 0.89125 0.22125 0.9037499999999999 0.24874999999999997 0.9037499999999999 0.24874999999999997 0.89125
5 0.2725 0.8975 0.2475 0.8975 0.2475 0.9099999999999999 0.2725 0.9099999999999999 0.2725 0.8975
5 0.2725 0.9125 0.255 0.9125 0.255 0.9199999999999999 0.2725 0.9199999999999999 0.2725 0.9125
5 0.3125 0.9262499999999999 0.29500000000000004 0.9262499999999999 0.29500000000000004 0.9487500000000001 0.3125 0.9487500000000001 0.3125 0.9262499999999999
5 0 0.8675 0.0125 0.8675 0.0125 0.8550000000000001 0 0.8550000000000001 0 0.8675
5 0.03625 0.8625 0.01625 0.8625 0.01625 0.8724999999999999 0.03625 0.8724999999999999 0.03625 0.8625
5 0.061250000000000006 0.86875 0.03625 0.86875 0.03625 0.8787499999999999 0.061250000000000006 0.8787499999999999 0.061250000000000006 0.86875
5 0.08625000000000001 0.875 0.06625 0.875 0.06625 0.885 0.08625000000000001 0.885 0.08625000000000001 0.875
5 0.11625 0.8825 0.10124999999999999 0.8825 0.10124999999999999 0.8925000000000001 0.11625 0.8925000000000001 0.11625 0.8825
5 0.13999999999999999 0.8862500000000001 0.12 0.8862500000000001 0.12 0.89875 0.13999999999999999 0.89875 0.13999999999999999 0.8862500000000001
5 0.17625 0.8975 0.15375 0.8975 0.15375 0.9099999999999999 0.17625 0.9099999999999999 0.17625 0.8975
5 0.2 0.9025000000000001 0.175 0.9025000000000001 0.175 0.9125 0.2 0.9125 0.2 0.9025000000000001
5 0.24874999999999997 0.91625 0.23125 0.91625 0.23125 0.9237500000000001 0.24874999999999997 0.9237500000000001 0.24874999999999997 0.91625
5 0.27749999999999997 0.9199999999999999 0.2525 0.9199999999999999 0.2525 0.9324999999999999 0.27749999999999997 0.9324999999999999 0.27749999999999997 0.9199999999999999
5 0.29 0.945 0.27999999999999997 0.945 0.27999999999999997 0.9625 0.29 0.9625 0.29 0.945
5 0.28875 0.9637499999999999 0.27625 0.9637499999999999 0.27625 0.98375 0.28875 0.98375 0.28875 0.9637499999999999
5 0.34500000000000003 0.7375 0.335 0.7375 0.335 0.7575000000000001 0.34500000000000003 0.7575000000000001 0.34500000000000003 0.7375
5 0.33999999999999997 0.7625 0.32999999999999996 0.7625 0.32999999999999996 0.78 0.33999999999999997 0.78 0.33999999999999997 0.7625
5 0.3325 0.7837500000000001 0.325 0.7837500000000001 0.325 0.8012499999999999 0.3325 0.8012499999999999 0.3325 0.7837500000000001
5 0.8474999999999999 0.27125 0.8300000000000001 0.27125 0.8300000000000001 0.29375 0.8474999999999999 0.29375 0.8474999999999999 0.27125