5 0.9175000000000001 0.7787499999999999 0.9 0.7787499999999999 0.9 0.79875 0.9175000000000001 0.79875 0.9175000000000001 0.7787499999999999
5 0.915 0.57875 0.8975 0.57875 0.8975 0.5962500000000001 0.915 0.5962500000000001 0.915 0.57875
5 0.925 0.5862499999999999 0.9075 0.5862499999999999 0.9075 0.60375 0.925 0.60375 0.925 0.5862499999999999
5 0.9324999999999999 0.59375 0.915 0.59375 0.915 0.60875 0.9324999999999999 0.60875 0.9324999999999999 0.59375
5 0.9412499999999999 0.6 0.9237500000000001 0.6 0.9237500000000001 0.6174999999999999 0.9412499999999999 0.6174999999999999 0.9412499999999999 0.6
5 0.9475 0.6075 0.93 0.6075 0.93 0.625 0.9475 0.625 0.9475 0.6075
5 0.9637499999999999 0.62 0.94625 0.62 0.94625 0.6375 0.9637499999999999 0.6375 0.9637499999999999 0.62
5 0.9724999999999999 0.6275000000000001 0.9550000000000001 0.6275000000000001 0.9550000000000001 0.645 0.9724999999999999 0.645 0.9724999999999999 0.6275000000000001
5 0.9775 0.51875 0.96 0.51875 0.96 0.5337500000000001 0.9775 0.5337500000000001 0.9775 0.51875
5 0.9625 0.4125 0.9375 0.4125 0.9375 0.4325 0.9625 0.4325 0.9625 0.4125
5 0.9637499999999999 0.43375 0.93625 0.43375 0.93625 0.45375 0.9637499999999999 0.45375 0.9637499999999999 0.43375
5 1 0.40875000000000006 0.9824999999999999 0.40875000000000006 0.9824999999999999 0.42874999999999996 1 0.42874999999999996 1 0.40875000000000006
5 0.93125 0.25125000000000003 0.9112500000000001 0.25125000000000003 0.9112500000000001 0.27875 0.93125 0.27875 0.93125 0.25125000000000003
5 0.6525000000000001 0.38625 0.6275000000000001 0.38625 0.6275000000000001 0.40625 0.6525000000000001 0.40625 0.6525000000000001 0.38625
5 0.7262500000000001 0.3525 0.70125 0.3525 0.70125 0.3725 0.7262500000000001 0.3725 0.7262500000000001 0.3525
5 0.72 0.28125 0.6925 0.28125 0.6925 0.30375 0.72 0.30375 0.72 0.28125
5 0.6975 0.052500000000000005 0.67 0.052500000000000005 0.67 0.08249999999999999 0.6975 0.08249999999999999 0.6975 0.052500000000000005
5 0.73 0.05625 0.7075 0.05625 0.7075 0.08125 0.73 0.08125 0.73 0.05625
5 0.7075 0.0775 0.6825 0.0775 0.6825 0.0925 0.7075 0.0925 0.7075 0.0775