5 0.91625 0.755 0.89125 0.755 0.89125 0.77 0.91625 0.77 0.91625 0.755
5 0.8025 0.7849999999999999 0.7825 0.7849999999999999 0.7825 0.795 0.8025 0.795 0.8025 0.7849999999999999
5 0.7224999999999999 0.7112499999999999 0.6950000000000001 0.7112499999999999 0.6950000000000001 0.72875 0.7224999999999999 0.72875 0.7224999999999999 0.7112499999999999
5 0.65625 0.7474999999999999 0.63625 0.7474999999999999 0.63625 0.76 0.65625 0.76 0.65625 0.7474999999999999
5 0.65125 0.69625 0.63125 0.69625 0.63125 0.70875 0.65125 0.70875 0.65125 0.69625
5 0.20750000000000002 0.58 0.1825 0.58 0.1825 0.5925 0.20750000000000002 0.5925 0.20750000000000002 0.58
5 0.17124999999999999 0.56875 0.14875 0.56875 0.14875 0.58125 0.17124999999999999 0.58125 0.17124999999999999 0.56875
5 0.057499999999999996 0.6025 0.034999999999999996 0.6025 0.034999999999999996 0.615 0.057499999999999996 0.615 0.057499999999999996 0.6025
5 0.11125 0.5599999999999999 0.08875 0.5599999999999999 0.08875 0.5725 0.11125 0.5725 0.11125 0.5599999999999999
5 0 0.55 0.01625 0.55 0.01625 0.5375 0 0.5375 0 0.55
5 0.79125 0.73125 0.77125 0.73125 0.77125 0.74375 0.79125 0.74375 0.79125 0.73125
5 0.96875 0.91875 0.9487500000000001 0.91875 0.9487500000000001 0.93125 0.96875 0.93125 0.96875 0.91875
5 0.9637499999999999 0.9349999999999999 0.94625 0.9349999999999999 0.94625 0.9475 0.9637499999999999 0.9475 0.9637499999999999 0.9349999999999999
5 0.96 0.95875 0.9375 0.95875 0.9375 0.9712500000000001 0.96 0.9712500000000001 0.96 0.95875
5 0.95875 0.96875 0.93625 0.96875 0.93625 0.98125 0.95875 0.98125 0.95875 0.96875
5 0.95625 0.97875 0.9337500000000001 0.97875 0.9337500000000001 0.9887499999999999 0.95625 0.9887499999999999 0.95625 0.97875
5 0.9550000000000001 0.9862500000000001 0.9324999999999999 0.9862500000000001 0.9324999999999999 0.9962500000000001 0.9550000000000001 0.9962500000000001 0.9550000000000001 0.9862500000000001
5 0.91875 0.95875 0.9087500000000001 0.95875 0.9087500000000001 0.97875 0.91875 0.97875 0.91875 0.95875
5 0.76625 1 0.76625 0.99 0.7462500000000001 0.99 0.7462500000000001 1 0.76625 1
5 0.7462500000000001 0.985 0.72875 0.985 0.72875 0.9949999999999999 0.7462500000000001 0.9949999999999999 0.7462500000000001 0.985
5 0.72875 0.97 0.71375 0.97 0.71375 0.99 0.72875 0.99 0.72875 0.97
5 0.7474999999999999 0.97625 0.73 0.97625 0.73 0.9862500000000001 0.7474999999999999 0.9862500000000001 0.7474999999999999 0.97625
5 0.77125 0.9800000000000001 0.74875 0.9800000000000001 0.74875 0.9949999999999999 0.77125 0.9949999999999999 0.77125 0.9800000000000001
5 0.775 0.9724999999999999 0.7525000000000001 0.9724999999999999 0.7525000000000001 0.985 0.775 0.985 0.775 0.9724999999999999
5 0.77625 0.9625 0.75625 0.9625 0.75625 0.975 0.77625 0.975 0.77625 0.9625
5 0.7525000000000001 0.9675 0.7325 0.9675 0.7325 0.9775 0.7525000000000001 0.9775 0.7525000000000001 0.9675
5 0.7537499999999999 0.95875 0.73375 0.95875 0.73375 0.96875 0.7537499999999999 0.96875 0.7537499999999999 0.95875
5 0.7575000000000001 0.9475 0.7375 0.9475 0.7375 0.9574999999999999 0.7575000000000001 0.9574999999999999 0.7575000000000001 0.9475
5 0.73375 0.9487500000000001 0.7212500000000001 0.9487500000000001 0.7212500000000001 0.96875 0.73375 0.96875 0.73375 0.9487500000000001
5 0.77625 0.94375 0.75875 0.94375 0.75875 0.9512499999999999 0.77625 0.9512499999999999 0.77625 0.94375
5 0.78 0.9324999999999999 0.76 0.9324999999999999 0.76 0.945 0.78 0.945 0.78 0.9324999999999999
5 0.78 0.925 0.7625 0.925 0.7625 0.9349999999999999 0.78 0.9349999999999999 0.78 0.925
5 0.76 0.9275 0.7375 0.9275 0.7375 0.9400000000000001 0.76 0.9400000000000001 0.76 0.9275
5 0.76125 0.91875 0.74125 0.91875 0.74125 0.92875 0.76125 0.92875 0.76125 0.91875
5 0.7837500000000001 0.915 0.76375 0.915 0.76375 0.925 0.7837500000000001 0.925 0.7837500000000001 0.915
5 0.76125 0.9099999999999999 0.74125 0.9099999999999999 0.74125 0.9199999999999999 0.76125 0.9199999999999999 0.76125 0.9099999999999999
5 0.7875 0.9075 0.7725 0.9075 0.7725 0.9199999999999999 0.7875 0.9199999999999999 0.7875 0.9075
5 0.7725 0.9025000000000001 0.7525000000000001 0.9025000000000001 0.7525000000000001 0.9125 0.7725 0.9125 0.7725 0.9025000000000001
5 0.7875 0.8862500000000001 0.7775000000000001 0.8862500000000001 0.7775000000000001 0.9037499999999999 0.7875 0.9037499999999999 0.7875 0.8862500000000001
5 0.7775000000000001 0.86625 0.76 0.86625 0.76 0.87625 0.7775000000000001 0.87625 0.7775000000000001 0.86625
5 0.7775000000000001 0.87375 0.7575000000000001 0.87375 0.7575000000000001 0.88375 0.7775000000000001 0.88375 0.7775000000000001 0.87375
5 0.775 0.88375 0.755 0.88375 0.755 0.89375 0.775 0.89375 0.775 0.88375
5 0.755 0.8887499999999999 0.7375 0.8887499999999999 0.7375 0.9037499999999999 0.755 0.9037499999999999 0.755 0.8887499999999999
5 0.73625 0.8550000000000001 0.71875 0.8550000000000001 0.71875 0.865 0.73625 0.865 0.73625 0.8550000000000001
5 0.7162499999999999 0.8474999999999999 0.69625 0.8474999999999999 0.69625 0.86 0.7162499999999999 0.86 0.7162499999999999 0.8474999999999999
5 0.71375 0.8574999999999999 0.69375 0.8574999999999999 0.69375 0.8699999999999999 0.71375 0.8699999999999999 0.71375 0.8574999999999999
5 0.7325 0.8637499999999999 0.7175 0.8637499999999999 0.7175 0.87375 0.7325 0.87375 0.7325 0.8637499999999999
5 0.73125 0.8724999999999999 0.7112499999999999 0.8724999999999999 0.7112499999999999 0.885 0.73125 0.885 0.73125 0.8724999999999999
5 0.7424999999999999 0.8699999999999999 0.73 0.8699999999999999 0.73 0.89 0.7424999999999999 0.89 0.7424999999999999 0.8699999999999999
5 0.7112499999999999 0.8675 0.6912499999999999 0.8675 0.6912499999999999 0.8775000000000001 0.7112499999999999 0.8775000000000001 0.7112499999999999 0.8675
5 0.7262500000000001 0.8825 0.70875 0.8825 0.70875 0.8925000000000001 0.7262500000000001 0.8925000000000001 0.7262500000000001 0.8825
5 0.7075 0.87625 0.6900000000000001 0.87625 0.6900000000000001 0.8862500000000001 0.7075 0.8862500000000001 0.7075 0.87625
5 0.70625 0.8862500000000001 0.6837500000000001 0.8862500000000001 0.6837500000000001 0.89625 0.70625 0.89625 0.70625 0.8862500000000001
5 0.7224999999999999 0.89375 0.7075 0.89375 0.7075 0.9037499999999999 0.7224999999999999 0.9037499999999999 0.7224999999999999 0.89375
5 0.7325 0.8975 0.7224999999999999 0.8975 0.7224999999999999 0.9175000000000001 0.7325 0.9175000000000001 0.7325 0.8975
5 0.7224999999999999 0.9 0.7025 0.9 0.7025 0.9125 0.7224999999999999 0.9125 0.7224999999999999 0.9
5 0.70125 0.8949999999999999 0.6837500000000001 0.8949999999999999 0.6837500000000001 0.905 0.70125 0.905 0.70125 0.8949999999999999
5 0.72 0.9099999999999999 0.7 0.9099999999999999 0.7 0.9199999999999999 0.72 0.9199999999999999 0.72 0.9099999999999999
5 0.69875 0.905 0.68125 0.905 0.68125 0.915 0.69875 0.915 0.69875 0.905
5 0.69875 0.91375 0.67875 0.91375 0.67875 0.9237500000000001 0.69875 0.9237500000000001 0.69875 0.91375
5 0.7162499999999999 0.9199999999999999 0.69875 0.9199999999999999 0.69875 0.93 0.7162499999999999 0.93 0.7162499999999999 0.9199999999999999
5 0.69625 0.9225 0.67625 0.9225 0.67625 0.9324999999999999 0.69625 0.9324999999999999 0.69625 0.9225
5 0.71375 0.93 0.69625 0.93 0.69625 0.9400000000000001 0.71375 0.9400000000000001 0.71375 0.93
5 0.6925 0.9324999999999999 0.6725 0.9324999999999999 0.6725 0.9425000000000001 0.6925 0.9425000000000001 0.6925 0.9324999999999999
5 0.7125 0.93875 0.6950000000000001 0.93875 0.6950000000000001 0.9487500000000001 0.7125 0.9487500000000001 0.7125 0.93875
5 0.7112499999999999 0.945 0.6912499999999999 0.945 0.6912499999999999 0.9574999999999999 0.7112499999999999 0.9574999999999999 0.7112499999999999 0.945
5 0.68875 0.9400000000000001 0.67125 0.9400000000000001 0.67125 0.9525 0.68875 0.9525 0.68875 0.9400000000000001
5 0.70625 0.95625 0.68875 0.95625 0.68875 0.9662499999999999 0.70625 0.9662499999999999 0.70625 0.95625
5 0.68625 0.9487500000000001 0.66625 0.9487500000000001 0.66625 0.96125 0.68625 0.96125 0.68625 0.9487500000000001
5 0.705 0.9662499999999999 0.6875 0.9662499999999999 0.6875 0.97625 0.705 0.97625 0.705 0.9662499999999999
5 0.68625 0.96 0.66625 0.96 0.66625 0.97 0.68625 0.97 0.68625 0.96
5 0.70375 0.975 0.6837500000000001 0.975 0.6837500000000001 0.985 0.70375 0.985 0.70375 0.975
5 0.6837500000000001 0.97 0.6637500000000001 0.97 0.6637500000000001 0.9800000000000001 0.6837500000000001 0.9800000000000001 0.6837500000000001 0.97
5 0.6799999999999999 0.97875 0.6625 0.97875 0.6625 0.9887499999999999 0.6799999999999999 0.9887499999999999 0.6799999999999999 0.97875
5 0.6975 1 0.6975 0.99375 0.6799999999999999 0.99375 0.6799999999999999 1 0.6975 1
5 0.6799999999999999 0.9887499999999999 0.6599999999999999 0.9887499999999999 0.6599999999999999 0.99875 0.6799999999999999 0.99875 0.6799999999999999 0.9887499999999999
5 0.6725 0.8387499999999999 0.655 0.8387499999999999 0.655 0.8487500000000001 0.6725 0.8487500000000001 0.6725 0.8387499999999999
5 0.6525000000000001 0.835 0.6325000000000001 0.835 0.6325000000000001 0.845 0.6525000000000001 0.845 0.6525000000000001 0.835
5 0.65125 0.84375 0.63125 0.84375 0.63125 0.85375 0.65125 0.85375 0.65125 0.84375
5 0.67 0.8487500000000001 0.6525000000000001 0.8487500000000001 0.6525000000000001 0.85875 0.67 0.85875 0.67 0.8487500000000001
5 0.6799999999999999 0.85625 0.67 0.85625 0.67 0.87625 0.6799999999999999 0.87625 0.6799999999999999 0.85625
5 0.6675 0.85875 0.6525000000000001 0.85875 0.6525000000000001 0.86875 0.6675 0.86875 0.6675 0.85875
5 0.65 0.8525 0.6275000000000001 0.8525 0.6275000000000001 0.8625 0.65 0.8625 0.65 0.8525
5 0.665 0.8675 0.65 0.8675 0.65 0.8775000000000001 0.665 0.8775000000000001 0.665 0.8675
5 0.6487499999999999 0.8625 0.6287499999999999 0.8625 0.6287499999999999 0.8724999999999999 0.6487499999999999 0.8724999999999999 0.6487499999999999 0.8625
5 0.66625 0.875 0.64375 0.875 0.64375 0.885 0.66625 0.885 0.66625 0.875
5 0.6425 0.8699999999999999 0.625 0.8699999999999999 0.625 0.8800000000000001 0.6425 0.8800000000000001 0.6425 0.8699999999999999
5 0.6637500000000001 0.8862500000000001 0.64375 0.8862500000000001 0.64375 0.89625 0.6637500000000001 0.89625 0.6637500000000001 0.8862500000000001
5 0.64125 0.8800000000000001 0.61875 0.8800000000000001 0.61875 0.8925000000000001 0.64125 0.8925000000000001 0.64125 0.8800000000000001
5 0.6375 0.89 0.6174999999999999 0.89 0.6174999999999999 0.9 0.6375 0.9 0.6375 0.89
5 0.6587500000000001 0.8949999999999999 0.64125 0.8949999999999999 0.64125 0.905 0.6587500000000001 0.905 0.6587500000000001 0.8949999999999999
5 0.6587500000000001 0.9037499999999999 0.63875 0.9037499999999999 0.63875 0.91375 0.6587500000000001 0.91375 0.6587500000000001 0.9037499999999999
5 0.63625 0.8975 0.61625 0.8975 0.61625 0.9075 0.63625 0.9075 0.63625 0.8975
5 0.63375 0.9075 0.61375 0.9075 0.61375 0.9175000000000001 0.63375 0.9175000000000001 0.63375 0.9075
5 0.6525000000000001 0.9125 0.635 0.9125 0.635 0.9225 0.6525000000000001 0.9225 0.6525000000000001 0.9125
5 0.6637500000000001 0.91625 0.6537499999999999 0.91625 0.6537499999999999 0.93625 0.6637500000000001 0.93625 0.6637500000000001 0.91625
5 0.65 0.92125 0.63 0.92125 0.63 0.93125 0.65 0.93125 0.65 0.92125
5 0.6275000000000001 0.925 0.6075 0.925 0.6075 0.9349999999999999 0.6275000000000001 0.9349999999999999 0.6275000000000001 0.925
5 0.64625 0.93125 0.6287499999999999 0.93125 0.6287499999999999 0.9412499999999999 0.64625 0.9412499999999999 0.64625 0.93125
5 0.6575 0.93625 0.6475 0.93625 0.6475 0.95625 0.6575 0.95625 0.6575 0.93625
5 0.645 0.9400000000000001 0.6275000000000001 0.9400000000000001 0.6275000000000001 0.95 0.645 0.95 0.645 0.9400000000000001
5 0.62625 0.9349999999999999 0.60625 0.9349999999999999 0.60625 0.945 0.62625 0.945 0.62625 0.9349999999999999
5 0.625 0.94625 0.6025 0.94625 0.6025 0.95625 0.625 0.95625 0.625 0.94625
5 0.6525000000000001 0.95625 0.6425 0.95625 0.6425 0.97625 0.6525000000000001 0.97625 0.6525000000000001 0.95625
5 0.6425 0.96 0.6224999999999999 0.96 0.6224999999999999 0.97 0.6425 0.97 0.6425 0.96
5 0.6212500000000001 0.95625 0.6012500000000001 0.95625 0.6012500000000001 0.9662499999999999 0.6212500000000001 0.9662499999999999 0.6212500000000001 0.95625
5 0.64 0.97 0.62 0.97 0.62 0.9800000000000001 0.64 0.9800000000000001 0.64 0.97
5 0.6174999999999999 0.9637499999999999 0.6 0.9637499999999999 0.6 0.9737500000000001 0.6174999999999999 0.9737500000000001 0.6174999999999999 0.9637499999999999
5 0.64625 1 0.64625 0.9875 0.63625 0.9875 0.63625 1 0.64625 1
5 0.6375 0.97875 0.6174999999999999 0.97875 0.6174999999999999 0.9887499999999999 0.6375 0.9887499999999999 0.6375 0.97875
5 0.635 0.9875 0.615 0.9875 0.615 0.9974999999999999 0.635 0.9974999999999999 0.635 0.9875
5 0.61375 0.9737500000000001 0.5962500000000001 0.9737500000000001 0.5962500000000001 0.98375 0.61375 0.98375 0.61375 0.9737500000000001
5 0.6125 0.98125 0.5925 0.98125 0.5925 0.99125 0.6125 0.99125 0.6125 0.98125
5 0.61 1 0.61 0.99125 0.5900000000000001 0.99125 0.5900000000000001 1 0.61 1
5 0.54125 1 0.54125 0.9925 0.5237499999999999 0.9925 0.5237499999999999 1 0.54125 1
5 0.5650000000000001 0.9887499999999999 0.545 0.9887499999999999 0.545 0.99875 0.5650000000000001 0.99875 0.5650000000000001 0.9887499999999999
5 0.5425 0.9824999999999999 0.52 0.9824999999999999 0.52 0.9925 0.5425 0.9925 0.5425 0.9824999999999999
5 0.54625 0.975 0.5287499999999999 0.975 0.5287499999999999 0.985 0.54625 0.985 0.54625 0.975
5 0.5675 0.9800000000000001 0.5475 0.9800000000000001 0.5475 0.99 0.5675 0.99 0.5675 0.9800000000000001
5 0.57125 0.9712500000000001 0.55125 0.9712500000000001 0.55125 0.98125 0.57125 0.98125 0.57125 0.9712500000000001
5 0.55 0.9662499999999999 0.53 0.9662499999999999 0.53 0.97625 0.55 0.97625 0.55 0.9662499999999999
5 0.5725 0.9625 0.5549999999999999 0.9625 0.5549999999999999 0.9724999999999999 0.5725 0.9724999999999999 0.5725 0.9625
5 0.55375 0.9574999999999999 0.5337500000000001 0.9574999999999999 0.5337500000000001 0.9675 0.55375 0.9675 0.55375 0.9574999999999999
5 0.575 0.95375 0.5575 0.95375 0.5575 0.9637499999999999 0.575 0.9637499999999999 0.575 0.95375
5 0.55625 0.9475 0.53625 0.9475 0.53625 0.96 0.55625 0.96 0.55625 0.9475
5 0.5775 0.94375 0.5599999999999999 0.94375 0.5599999999999999 0.95375 0.5775 0.95375 0.5775 0.94375
5 0.57875 0.9324999999999999 0.56125 0.9324999999999999 0.56125 0.9425000000000001 0.57875 0.9425000000000001 0.57875 0.9324999999999999
5 0.5599999999999999 0.92875 0.54 0.92875 0.54 0.93875 0.5599999999999999 0.93875 0.5599999999999999 0.92875
5 0.5625 0.91875 0.5425 0.91875 0.5425 0.92875 0.5625 0.92875 0.5625 0.91875
5 0.57875 0.925 0.56375 0.925 0.56375 0.9349999999999999 0.57875 0.9349999999999999 0.57875 0.925
5 0.58875 0.9349999999999999 0.57875 0.9349999999999999 0.57875 0.9574999999999999 0.58875 0.9574999999999999 0.58875 0.9349999999999999
5 0.595 0.915 0.5825 0.915 0.5825 0.9349999999999999 0.595 0.9349999999999999 0.595 0.915
5 0.58375 0.91625 0.5662499999999999 0.91625 0.5662499999999999 0.9262499999999999 0.58375 0.9262499999999999 0.58375 0.91625
5 0.5875 0.9075 0.5700000000000001 0.9075 0.5700000000000001 0.9175000000000001 0.5875 0.9175000000000001 0.5875 0.9075
5 0.56875 0.9012499999999999 0.54875 0.9012499999999999 0.54875 0.91375 0.56875 0.91375 0.56875 0.9012499999999999
5 0.5900000000000001 0.8975 0.5725 0.8975 0.5725 0.9075 0.5900000000000001 0.9075 0.5900000000000001 0.8975
5 0.5700000000000001 0.8925000000000001 0.55 0.8925000000000001 0.55 0.9025000000000001 0.5700000000000001 0.9025000000000001 0.5700000000000001 0.8925000000000001
5 0.5925 0.8887499999999999 0.575 0.8887499999999999 0.575 0.89875 0.5925 0.89875 0.5925 0.8887499999999999
5 0.5725 0.88375 0.5525 0.88375 0.5525 0.89375 0.5725 0.89375 0.5725 0.88375
5 0.59375 0.8800000000000001 0.57625 0.8800000000000001 0.57625 0.89 0.59375 0.89 0.59375 0.8800000000000001
5 0.57625 0.87375 0.55625 0.87375 0.55625 0.88375 0.57625 0.88375 0.57625 0.87375
5 0.5775 0.8637499999999999 0.5575 0.8637499999999999 0.5575 0.87375 0.5775 0.87375 0.5775 0.8637499999999999
5 0.5974999999999999 0.8699999999999999 0.5775 0.8699999999999999 0.5775 0.8800000000000001 0.5974999999999999 0.8800000000000001 0.5974999999999999 0.8699999999999999
5 0.605 0.85875 0.5974999999999999 0.85875 0.5974999999999999 0.8787499999999999 0.605 0.8787499999999999 0.605 0.85875
5 0.61125 0.8387499999999999 0.6012500000000001 0.8387499999999999 0.6012500000000001 0.85625 0.61125 0.85625 0.61125 0.8387499999999999
5 0.59875 0.86 0.58125 0.86 0.58125 0.8675 0.59875 0.8675 0.59875 0.86
5 0.57875 0.8550000000000001 0.56125 0.8550000000000001 0.56125 0.8625 0.57875 0.8625 0.57875 0.8550000000000001
5 0.58125 0.8462500000000001 0.56375 0.8462500000000001 0.56375 0.85625 0.58125 0.85625 0.58125 0.8462500000000001
5 0.59875 0.85125 0.58125 0.85125 0.58125 0.8612500000000001 0.59875 0.8612500000000001 0.59875 0.85125
5 0.6025 0.8412499999999999 0.585 0.8412499999999999 0.585 0.85375 0.6025 0.85375 0.6025 0.8412499999999999
5 0.58375 0.8375 0.5662499999999999 0.8375 0.5662499999999999 0.8474999999999999 0.58375 0.8474999999999999 0.58375 0.8375
5 0.605 0.83375 0.5875 0.83375 0.5875 0.84375 0.605 0.84375 0.605 0.83375
5 0.585 0.82875 0.5650000000000001 0.82875 0.5650000000000001 0.8387499999999999 0.585 0.8387499999999999 0.585 0.82875
5 0.60625 0.825 0.58875 0.825 0.58875 0.835 0.60625 0.835 0.60625 0.825
5 0.5875 0.81875 0.5675 0.81875 0.5675 0.82875 0.5875 0.82875 0.5875 0.81875
5 0.54375 0.8087500000000001 0.5287499999999999 0.8087500000000001 0.5287499999999999 0.81875 0.54375 0.81875 0.54375 0.8087500000000001
5 0.5549999999999999 0.8262499999999999 0.5475 0.8262499999999999 0.5475 0.8387499999999999 0.5549999999999999 0.8387499999999999 0.5549999999999999 0.8262499999999999
5 0.54375 0.82 0.5287499999999999 0.82 0.5287499999999999 0.8275 0.54375 0.8275 0.54375 0.82
5 0.5275000000000001 0.8150000000000001 0.5125 0.8150000000000001 0.5125 0.825 0.5275000000000001 0.825 0.5275000000000001 0.8150000000000001
5 0.52125 0.82125 0.5037499999999999 0.82125 0.5037499999999999 0.83125 0.52125 0.83125 0.52125 0.82125
5 0.545 0.8262499999999999 0.5225 0.8262499999999999 0.5225 0.8387499999999999 0.545 0.8387499999999999 0.545 0.8262499999999999
5 0.54 0.83625 0.5225 0.83625 0.5225 0.8462500000000001 0.54 0.8462500000000001 0.54 0.83625
5 0.52125 0.83125 0.50125 0.83125 0.50125 0.8412499999999999 0.52125 0.8412499999999999 0.52125 0.83125
5 0.54875 0.8400000000000001 0.5387500000000001 0.8400000000000001 0.5387500000000001 0.86 0.54875 0.86 0.54875 0.8400000000000001
5 0.53625 0.845 0.51875 0.845 0.51875 0.8550000000000001 0.53625 0.8550000000000001 0.53625 0.845
5 0.51875 0.8387499999999999 0.49874999999999997 0.8387499999999999 0.49874999999999997 0.8487500000000001 0.51875 0.8487500000000001 0.51875 0.8387499999999999
5 0.515 0.8474999999999999 0.495 0.8474999999999999 0.495 0.86 0.515 0.86 0.515 0.8474999999999999
5 0.5387500000000001 0.85375 0.51625 0.85375 0.51625 0.86625 0.5387500000000001 0.86625 0.5387500000000001 0.85375
5 0.53625 0.8637499999999999 0.51375 0.8637499999999999 0.51375 0.87375 0.53625 0.87375 0.53625 0.8637499999999999
5 0.5325 0.87375 0.51 0.87375 0.51 0.88375 0.5325 0.88375 0.5325 0.87375
5 0.50625 0.875 0.48624999999999996 0.875 0.48624999999999996 0.8875 0.50625 0.8875 0.50625 0.875
5 0.505 0.885 0.48250000000000004 0.885 0.48250000000000004 0.8949999999999999 0.505 0.8949999999999999 0.505 0.885
5 0.5275000000000001 0.89125 0.5075000000000001 0.89125 0.5075000000000001 0.9012499999999999 0.5275000000000001 0.9012499999999999 0.5275000000000001 0.89125
5 0.5025000000000001 0.8949999999999999 0.48 0.8949999999999999 0.48 0.905 0.5025000000000001 0.905 0.5025000000000001 0.8949999999999999
5 0.52 0.9012499999999999 0.5025000000000001 0.9012499999999999 0.5025000000000001 0.9112500000000001 0.52 0.9112500000000001 0.52 0.9012499999999999
5 0.53125 0.90625 0.52125 0.90625 0.52125 0.9237500000000001 0.53125 0.9237500000000001 0.53125 0.90625
5 0.49874999999999997 0.905 0.48125 0.905 0.48125 0.915 0.49874999999999997 0.915 0.49874999999999997 0.905
5 0.49874999999999997 0.91375 0.47625 0.91375 0.47625 0.9262499999999999 0.49874999999999997 0.9262499999999999 0.49874999999999997 0.91375
5 0.52 0.91875 0.5 0.91875 0.5 0.92875 0.52 0.92875 0.52 0.91875
5 0.5275000000000001 0.9262499999999999 0.515 0.9262499999999999 0.515 0.94375 0.5275000000000001 0.94375 0.5275000000000001 0.9262499999999999
5 0.51375 0.92875 0.49625 0.92875 0.49625 0.93875 0.51375 0.93875 0.51375 0.92875
5 0.495 0.9225 0.475 0.9225 0.475 0.9324999999999999 0.495 0.9324999999999999 0.495 0.9225
5 0.49375 0.9324999999999999 0.47375 0.9324999999999999 0.47375 0.9425000000000001 0.49375 0.9425000000000001 0.49375 0.9324999999999999
5 0.4925 0.9412499999999999 0.4725 0.9412499999999999 0.4725 0.9512499999999999 0.4925 0.9512499999999999 0.4925 0.9412499999999999
5 0.51125 0.94625 0.48875 0.94625 0.48875 0.95625 0.51125 0.95625 0.51125 0.94625
5 0.48624999999999996 0.9487500000000001 0.46624999999999994 0.9487500000000001 0.46624999999999994 0.96125 0.48624999999999996 0.96125 0.48624999999999996 0.9487500000000001
5 0.50625 0.9550000000000001 0.48624999999999996 0.9550000000000001 0.48624999999999996 0.9675 0.50625 0.9675 0.50625 0.9550000000000001
5 0.51625 0.96 0.50625 0.96 0.50625 0.9800000000000001 0.51625 0.9800000000000001 0.51625 0.96
5 0.50625 0.9662499999999999 0.48624999999999996 0.9662499999999999 0.48624999999999996 0.97625 0.50625 0.97625 0.50625 0.9662499999999999
5 0.485 0.96 0.465 0.96 0.465 0.97 0.485 0.97 0.485 0.96
5 0.5037499999999999 0.975 0.48375 0.975 0.48375 0.985 0.5037499999999999 0.985 0.5037499999999999 0.975
5 0.48375 0.97 0.46375 0.97 0.46375 0.9800000000000001 0.48375 0.9800000000000001 0.48375 0.97
5 0.48 0.9775 0.45999999999999996 0.9775 0.45999999999999996 0.9875 0.48 0.9875 0.48 0.9775
5 0.50125 0.98375 0.48125 0.98375 0.48125 0.99375 0.50125 0.99375 0.50125 0.98375
5 0.49874999999999997 1 0.49874999999999997 0.9925 0.47874999999999995 0.9925 0.47874999999999995 1 0.49874999999999997 1
5 0.475 0.9862500000000001 0.4575 0.9862500000000001 0.4575 0.9962500000000001 0.475 0.9962500000000001 0.475 0.9862500000000001
5 0.44625000000000004 1 0.44625000000000004 0.985 0.43375 0.985 0.43375 1 0.44625000000000004 1
5 0.43499999999999994 0.9862500000000001 0.4125 0.9862500000000001 0.4125 0.9962500000000001 0.43499999999999994 0.9962500000000001 0.43499999999999994 0.9862500000000001
5 0.43624999999999997 0.9775 0.41375 0.9775 0.41375 0.9875 0.43624999999999997 0.9875 0.43624999999999997 0.9775
5 0.44000000000000006 0.9675 0.4175 0.9675 0.4175 0.9775 0.44000000000000006 0.9775 0.44000000000000006 0.9675
5 0.4425 0.95875 0.4175 0.95875 0.4175 0.96875 0.4425 0.96875 0.4425 0.95875
5 0.44625000000000004 0.9487500000000001 0.42374999999999996 0.9487500000000001 0.42374999999999996 0.96125 0.44625000000000004 0.96125 0.44625000000000004 0.9487500000000001
5 0.44875 0.93875 0.42625 0.93875 0.42625 0.9487500000000001 0.44875 0.9487500000000001 0.44875 0.93875
5 0.44749999999999995 0.93 0.42750000000000005 0.93 0.42750000000000005 0.9400000000000001 0.44749999999999995 0.9400000000000001 0.44749999999999995 0.93
5 0.45 0.9199999999999999 0.43 0.9199999999999999 0.43 0.9324999999999999 0.45 0.9324999999999999 0.45 0.9199999999999999
5 0.4625 0.91875 0.4525 0.91875 0.4525 0.9337500000000001 0.4625 0.9337500000000001 0.4625 0.91875
5 0.45 0.9112500000000001 0.43 0.9112500000000001 0.43 0.92125 0.45 0.92125 0.45 0.9112500000000001
5 0.45625 0.9025000000000001 0.43375 0.9025000000000001 0.43375 0.9125 0.45625 0.9125 0.45625 0.9025000000000001
5 0.46749999999999997 0.89375 0.4575 0.89375 0.4575 0.91375 0.46749999999999997 0.91375 0.46749999999999997 0.89375
5 0.45625 0.89375 0.43624999999999997 0.89375 0.43624999999999997 0.9037499999999999 0.45625 0.9037499999999999 0.45625 0.89375
5 0.45999999999999996 0.88375 0.4375 0.88375 0.4375 0.89375 0.45999999999999996 0.89375 0.45999999999999996 0.88375
5 0.46125 0.87375 0.43875000000000003 0.87375 0.43875000000000003 0.8862500000000001 0.46125 0.8862500000000001 0.46125 0.87375
5 0.46375 0.865 0.44375 0.865 0.44375 0.875 0.46375 0.875 0.46375 0.865
5 0.465 0.85625 0.445 0.85625 0.445 0.86625 0.465 0.86625 0.465 0.85625
5 0.46875 0.8462500000000001 0.44875 0.8462500000000001 0.44875 0.85625 0.46875 0.85625 0.46875 0.8462500000000001
5 0.47000000000000003 0.8387499999999999 0.4525 0.8387499999999999 0.4525 0.8487500000000001 0.47000000000000003 0.8487500000000001 0.47000000000000003 0.8387499999999999
5 0.47874999999999995 0.83375 0.46875 0.83375 0.46875 0.85125 0.47874999999999995 0.85125 0.47874999999999995 0.83375
5 0.4725 0.8275 0.4525 0.8275 0.4525 0.8375 0.4725 0.8375 0.4725 0.8275
5 0.47625 0.82 0.45625 0.82 0.45625 0.8300000000000001 0.47625 0.8300000000000001 0.47625 0.82
5 0.4525 0.81875 0.4425 0.81875 0.4425 0.83625 0.4525 0.83625 0.4525 0.81875
5 0.44749999999999995 0.8375 0.4375 0.8375 0.4375 0.8574999999999999 0.44749999999999995 0.8574999999999999 0.44749999999999995 0.8375
5 0.48624999999999996 0.8 0.46875 0.8 0.46875 0.8125 0.48624999999999996 0.8125 0.48624999999999996 0.8
5 0.46624999999999994 0.7925 0.44875 0.7925 0.44875 0.8025 0.46624999999999994 0.8025 0.46624999999999994 0.7925
5 0.44625000000000004 0.7887500000000001 0.42625 0.7887500000000001 0.42625 0.8012499999999999 0.44625000000000004 0.8012499999999999 0.44625000000000004 0.7887500000000001
5 0.44875 0.7775000000000001 0.42874999999999996 0.7775000000000001 0.42874999999999996 0.79 0.44875 0.79 0.44875 0.7775000000000001
5 0.47375 0.77125 0.45375 0.77125 0.45375 0.7837500000000001 0.47375 0.7837500000000001 0.47375 0.77125
5 0.4525 0.76625 0.43 0.76625 0.43 0.77625 0.4525 0.77625 0.4525 0.76625
5 0.42000000000000004 0.70375 0.41 0.70375 0.41 0.72375 0.42000000000000004 0.72375 0.42000000000000004 0.70375
5 0.43 0.70625 0.42000000000000004 0.70625 0.42000000000000004 0.72375 0.43 0.72375 0.43 0.70625
5 0.43875000000000003 0.71 0.42874999999999996 0.71 0.42874999999999996 0.7275 0.43875000000000003 0.7275 0.43875000000000003 0.71
5 0.43125 0.73375 0.42125 0.73375 0.42125 0.7537499999999999 0.43125 0.7537499999999999 0.43125 0.73375
5 0.425 0.7575000000000001 0.41500000000000004 0.7575000000000001 0.41500000000000004 0.7775000000000001 0.425 0.7775000000000001 0.425 0.7575000000000001
5 0.4175 0.72375 0.40499999999999997 0.72375 0.40499999999999997 0.74875 0.4175 0.74875 0.4175 0.72375
5 0.37875000000000003 0.755 0.36875 0.755 0.36875 0.7725 0.37875000000000003 0.7725 0.37875000000000003 0.755
5 0.43499999999999994 0.8099999999999999 0.41500000000000004 0.8099999999999999 0.41500000000000004 0.82 0.43499999999999994 0.82 0.43499999999999994 0.8099999999999999
5 0.4325 0.8175000000000001 0.4125 0.8175000000000001 0.4125 0.8275 0.4325 0.8275 0.4325 0.8175000000000001
5 0.43 0.8275 0.41 0.8275 0.41 0.8375 0.43 0.8375 0.43 0.8275
5 0.42625 0.83625 0.40625 0.83625 0.40625 0.8462500000000001 0.42625 0.8462500000000001 0.42625 0.83625
5 0.42750000000000005 0.845 0.40499999999999997 0.845 0.40499999999999997 0.8574999999999999 0.42750000000000005 0.8574999999999999 0.42750000000000005 0.845
5 0.40750000000000003 0.8074999999999999 0.3975 0.8074999999999999 0.3975 0.825 0.40750000000000003 0.825 0.40750000000000003 0.8074999999999999
5 0.39375 0.80625 0.38375 0.80625 0.38375 0.8262499999999999 0.39375 0.8262499999999999 0.39375 0.80625
5 0.39 0.8275 0.38 0.8275 0.38 0.8474999999999999 0.39 0.8474999999999999 0.39 0.8275
5 0.40374999999999994 0.8300000000000001 0.39625 0.8300000000000001 0.39625 0.8474999999999999 0.40374999999999994 0.8474999999999999 0.40374999999999994 0.8300000000000001
5 0.385 0.8487500000000001 0.3725 0.8487500000000001 0.3725 0.86875 0.385 0.86875 0.385 0.8487500000000001
5 0.4 0.8462500000000001 0.39 0.8462500000000001 0.39 0.8637499999999999 0.4 0.8637499999999999 0.4 0.8462500000000001
5 0.42000000000000004 0.8637499999999999 0.4 0.8637499999999999 0.4 0.87375 0.42000000000000004 0.87375 0.42000000000000004 0.8637499999999999
5 0.41624999999999995 0.875 0.39875 0.875 0.39875 0.885 0.41624999999999995 0.885 0.41624999999999995 0.875
5 0.41500000000000004 0.88375 0.3975 0.88375 0.3975 0.89375 0.41500000000000004 0.89375 0.41500000000000004 0.88375
5 0.41125 0.8925000000000001 0.39125 0.8925000000000001 0.39125 0.9025000000000001 0.41125 0.9025000000000001 0.41125 0.8925000000000001
5 0.42625 0.89375 0.41375 0.89375 0.41375 0.9112500000000001 0.42625 0.9112500000000001 0.42625 0.89375
5 0.41 0.9025000000000001 0.39 0.9025000000000001 0.39 0.9125 0.41 0.9125 0.41 0.9025000000000001
5 0.41875 0.915 0.40875000000000006 0.915 0.40875000000000006 0.93 0.41875 0.93 0.41875 0.915
5 0.40750000000000003 0.9112500000000001 0.3875 0.9112500000000001 0.3875 0.92125 0.40750000000000003 0.92125 0.40750000000000003 0.9112500000000001
5 0.40499999999999997 0.9199999999999999 0.385 0.9199999999999999 0.385 0.93 0.40499999999999997 0.93 0.40499999999999997 0.9199999999999999
5 0.40499999999999997 0.92875 0.3825 0.92875 0.3825 0.93875 0.40499999999999997 0.93875 0.40499999999999997 0.92875
5 0.40125 0.9375 0.37875000000000003 0.9375 0.37875000000000003 0.95 0.40125 0.95 0.40125 0.9375
5 0.4 0.9475 0.38 0.9475 0.38 0.96 0.4 0.96 0.4 0.9475
5 0.39625 0.95875 0.37875000000000003 0.95875 0.37875000000000003 0.96875 0.39625 0.96875 0.39625 0.95875
5 0.39375 0.9675 0.37374999999999997 0.9675 0.37374999999999997 0.9775 0.39375 0.9775 0.39375 0.9675
5 0.40374999999999994 0.9662499999999999 0.39375 0.9662499999999999 0.39375 0.98375 0.40374999999999994 0.98375 0.40374999999999994 0.9662499999999999
5 0.39125 0.97625 0.37124999999999997 0.97625 0.37124999999999997 0.9862500000000001 0.39125 0.9862500000000001 0.39125 0.97625
5 0.39125 0.985 0.36875 0.985 0.36875 0.9974999999999999 0.39125 0.9974999999999999 0.39125 0.985
5 0.4 1 0.4 0.9862500000000001 0.39 0.9862500000000001 0.39 1 0.4 1
5 0.23374999999999999 0.7175 0.22374999999999998 0.7175 0.22374999999999998 0.7375 0.23374999999999999 0.7375 0.23374999999999999 0.7175
5 0.24500000000000002 0.72 0.23500000000000001 0.72 0.23500000000000001 0.74 0.24500000000000002 0.74 0.24500000000000002 0.72
5 0.25625 0.7212500000000001 0.24625 0.7212500000000001 0.24625 0.74125 0.25625 0.74125 0.25625 0.7212500000000001
5 0.26875 0.72 0.25625 0.72 0.25625 0.74 0.26875 0.74 0.26875 0.72
5 0.27875 0.7275 0.26625 0.7275 0.26625 0.745 0.27875 0.745 0.27875 0.7275
5 0.29125 0.73375 0.28125 0.73375 0.28125 0.75125 0.29125 0.75125 0.29125 0.73375
5 0.26375000000000004 0.74375 0.24375 0.74375 0.24375 0.7537499999999999 0.26375000000000004 0.7537499999999999 0.26375000000000004 0.74375
5 0.28375 0.7474999999999999 0.26625 0.7474999999999999 0.26625 0.7575000000000001 0.28375 0.7575000000000001 0.28375 0.7474999999999999
5 0.305 0.73375 0.29500000000000004 0.73375 0.29500000000000004 0.75125 0.305 0.75125 0.305 0.73375
5 0.31875 0.74125 0.30625 0.74125 0.30625 0.75875 0.31875 0.75875 0.31875 0.74125
5 0.3275 0.7424999999999999 0.3175 0.7424999999999999 0.3175 0.76 0.3275 0.76 0.3275 0.7424999999999999
5 0.34249999999999997 0.745 0.3275 0.745 0.3275 0.765 0.34249999999999997 0.765 0.34249999999999997 0.745
5 0.35625 0.7462500000000001 0.34125 0.7462500000000001 0.34125 0.76625 0.35625 0.76625 0.35625 0.7462500000000001
5 0.37 0.75 0.35750000000000004 0.75 0.35750000000000004 0.77 0.37 0.77 0.37 0.75
5 0.30375 0.7525000000000001 0.28625 0.7525000000000001 0.28625 0.7625 0.30375 0.7625 0.30375 0.7525000000000001
5 0.32625000000000004 0.76 0.30625 0.76 0.30625 0.77 0.32625000000000004 0.77 0.32625000000000004 0.76
5 0.35625 0.76625 0.33375 0.76625 0.33375 0.7787499999999999 0.35625 0.7787499999999999 0.35625 0.76625
5 0.21875 0.71875 0.20625 0.71875 0.20625 0.74125 0.21875 0.74125 0.21875 0.71875
5 0.20875 0.73375 0.18375 0.73375 0.18375 0.74875 0.20875 0.74875 0.20875 0.73375
5 0.20375000000000001 0.7462500000000001 0.18625 0.7462500000000001 0.18625 0.75625 0.20375000000000001 0.75625 0.20375000000000001 0.7462500000000001
5 0.20249999999999999 0.7537499999999999 0.1825 0.7537499999999999 0.1825 0.76375 0.20249999999999999 0.76375 0.20249999999999999 0.7537499999999999
5 0.20125 0.7625 0.18125 0.7625 0.18125 0.7725 0.20125 0.7725 0.20125 0.7625
5 0.2 0.77125 0.18 0.77125 0.18 0.78125 0.2 0.78125 0.2 0.77125
5 0.19875 0.7775000000000001 0.17875000000000002 0.7775000000000001 0.17875000000000002 0.79 0.19875 0.79 0.19875 0.7775000000000001
5 0.19875 0.78625 0.17625 0.78625 0.17625 0.79875 0.19875 0.79875 0.19875 0.78625
5 0.19375 0.7975 0.17375000000000002 0.7975 0.17375000000000002 0.8099999999999999 0.19375 0.8099999999999999 0.19375 0.7975
5 0.19125 0.8074999999999999 0.17124999999999999 0.8074999999999999 0.17124999999999999 0.82 0.19125 0.82 0.19125 0.8074999999999999
5 0.18875 0.8175000000000001 0.17124999999999999 0.8175000000000001 0.17124999999999999 0.8275 0.18875 0.8275 0.18875 0.8175000000000001
5 0.185 0.835 0.1625 0.835 0.1625 0.8474999999999999 0.185 0.8474999999999999 0.185 0.835
5 0.18375 0.8462500000000001 0.16125 0.8462500000000001 0.16125 0.85625 0.18375 0.85625 0.18375 0.8462500000000001
5 0.18125 0.85375 0.15875 0.85375 0.15875 0.86625 0.18125 0.86625 0.18125 0.85375
5 0.18 0.8675 0.16 0.8675 0.16 0.8775000000000001 0.18 0.8775000000000001 0.18 0.8675
5 0.18125 0.8775000000000001 0.15875 0.8775000000000001 0.15875 0.89 0.18125 0.89 0.18125 0.8775000000000001
5 0.17625 0.89125 0.15375 0.89125 0.15375 0.9012499999999999 0.17625 0.9012499999999999 0.17625 0.89125
5 0.17375000000000002 0.89875 0.14875 0.89875 0.14875 0.9112500000000001 0.17375000000000002 0.9112500000000001 0.17375000000000002 0.89875
5 0.16999999999999998 0.9112500000000001 0.14750000000000002 0.9112500000000001 0.14750000000000002 0.92125 0.16999999999999998 0.92125 0.16999999999999998 0.9112500000000001
5 0.16499999999999998 0.9199999999999999 0.145 0.9199999999999999 0.145 0.93 0.16499999999999998 0.93 0.16499999999999998 0.9199999999999999
5 0.16499999999999998 0.93 0.145 0.93 0.145 0.9400000000000001 0.16499999999999998 0.9400000000000001 0.16499999999999998 0.93
5 0.16375 0.9375 0.14125000000000001 0.9375 0.14125000000000001 0.95 0.16375 0.95 0.16375 0.9375
5 0.16 0.94625 0.1375 0.94625 0.1375 0.95875 0.16 0.95875 0.16 0.94625
5 0.22625 0.76 0.21625 0.76 0.21625 0.78 0.22625 0.78 0.22625 0.76
5 0.21125 0.775 0.20125 0.775 0.20125 0.795 0.21125 0.795 0.21125 0.775
5 0.24625 0.76375 0.22875 0.76375 0.22875 0.7737499999999999 0.24625 0.7737499999999999 0.24625 0.76375
5 0.22000000000000003 0.79125 0.20750000000000002 0.79125 0.20750000000000002 0.81125 0.22000000000000003 0.81125 0.22000000000000003 0.79125
5 0.20375000000000001 0.8099999999999999 0.19375 0.8099999999999999 0.19375 0.8275 0.20375000000000001 0.8275 0.20375000000000001 0.8099999999999999
5 0.26625 0.76375 0.25125000000000003 0.76375 0.25125000000000003 0.7737499999999999 0.26625 0.7737499999999999 0.26625 0.76375
5 0.26875 0.77125 0.24874999999999997 0.77125 0.24874999999999997 0.78125 0.26875 0.78125 0.26875 0.77125
5 0.28875 0.7775000000000001 0.27875 0.7775000000000001 0.27875 0.7975 0.28875 0.7975 0.28875 0.7775000000000001
5 0.27749999999999997 0.7787499999999999 0.26749999999999996 0.7787499999999999 0.26749999999999996 0.79375 0.27749999999999997 0.79375 0.27749999999999997 0.7787499999999999
5 0.26625 0.78 0.24874999999999997 0.78 0.24874999999999997 0.79 0.26625 0.79 0.26625 0.78
5 0.24125000000000002 0.7825 0.22374999999999998 0.7825 0.22374999999999998 0.7925 0.24125000000000002 0.7925 0.24125000000000002 0.7825
5 0.265 0.78625 0.2425 0.78625 0.2425 0.8012499999999999 0.265 0.8012499999999999 0.265 0.78625
5 0.24125000000000002 0.79125 0.22125 0.79125 0.22125 0.80375 0.24125000000000002 0.80375 0.24125000000000002 0.79125
5 0.2625 0.7975 0.2425 0.7975 0.2425 0.8125 0.2625 0.8125 0.2625 0.7975
5 0.27 0.8012499999999999 0.26 0.8012499999999999 0.26 0.82125 0.27 0.82125 0.27 0.8012499999999999
5 0.25875 0.8074999999999999 0.24125000000000002 0.8074999999999999 0.24125000000000002 0.82 0.25875 0.82 0.25875 0.8074999999999999
5 0.24 0.8012499999999999 0.2225 0.8012499999999999 0.2225 0.81125 0.24 0.81125 0.24 0.8012499999999999
5 0.24 0.8099999999999999 0.21749999999999997 0.8099999999999999 0.21749999999999997 0.8225 0.24 0.8225 0.24 0.8099999999999999
5 0.25625 0.8162499999999999 0.23875000000000002 0.8162499999999999 0.23875000000000002 0.82875 0.25625 0.82875 0.25625 0.8162499999999999
5 0.24625 0.8225 0.22625 0.8225 0.22625 0.835 0.24625 0.835 0.24625 0.8225
5 0.27125 0.82125 0.25625 0.82125 0.25625 0.83375 0.27125 0.83375 0.27125 0.82125
5 0.26749999999999996 0.82875 0.2475 0.82875 0.2475 0.8412499999999999 0.26749999999999996 0.8412499999999999 0.26749999999999996 0.82875
5 0.2325 0.83375 0.21000000000000002 0.83375 0.21000000000000002 0.8462500000000001 0.2325 0.8462500000000001 0.2325 0.83375
5 0.23125 0.845 0.20875 0.845 0.20875 0.8550000000000001 0.23125 0.8550000000000001 0.23125 0.845
5 0.255 0.85125 0.2325 0.85125 0.2325 0.8637499999999999 0.255 0.8637499999999999 0.255 0.85125
5 0.22749999999999998 0.8550000000000001 0.20750000000000002 0.8550000000000001 0.20750000000000002 0.865 0.22749999999999998 0.865 0.22749999999999998 0.8550000000000001
5 0.2525 0.8400000000000001 0.2325 0.8400000000000001 0.2325 0.8525 0.2525 0.8525 0.2525 0.8400000000000001
5 0.22749999999999998 0.8625 0.205 0.8625 0.205 0.875 0.22749999999999998 0.875 0.22749999999999998 0.8625
5 0.24874999999999997 0.8699999999999999 0.22875 0.8699999999999999 0.22875 0.8825 0.24874999999999997 0.8825 0.24874999999999997 0.8699999999999999
5 0.24375 0.8787499999999999 0.22374999999999998 0.8787499999999999 0.22374999999999998 0.89125 0.24375 0.89125 0.24375 0.8787499999999999
5 0.2225 0.87375 0.20249999999999999 0.87375 0.20249999999999999 0.88375 0.2225 0.88375 0.2225 0.87375
5 0.24500000000000002 0.8887499999999999 0.22000000000000003 0.8887499999999999 0.22000000000000003 0.9012499999999999 0.24500000000000002 0.9012499999999999 0.24500000000000002 0.8887499999999999
5 0.21749999999999997 0.8825 0.1975 0.8825 0.1975 0.8949999999999999 0.21749999999999997 0.8949999999999999 0.21749999999999997 0.8825
5 0.19875 0.88125 0.18375 0.88125 0.18375 0.9037499999999999 0.19875 0.9037499999999999 0.19875 0.88125
5 0.21625 0.89375 0.19875 0.89375 0.19875 0.9037499999999999 0.21625 0.9037499999999999 0.21625 0.89375
5 0.24 0.8975 0.21749999999999997 0.8975 0.21749999999999997 0.9099999999999999 0.24 0.9099999999999999 0.24 0.8975
5 0.21875 0.9025000000000001 0.19624999999999998 0.9025000000000001 0.19624999999999998 0.9125 0.21875 0.9125 0.21875 0.9025000000000001
5 0.2375 0.9099999999999999 0.21749999999999997 0.9099999999999999 0.21749999999999997 0.9199999999999999 0.2375 0.9199999999999999 0.2375 0.9099999999999999
5 0.21749999999999997 0.9112500000000001 0.195 0.9112500000000001 0.195 0.9237500000000001 0.21749999999999997 0.9237500000000001 0.21749999999999997 0.9112500000000001
5 0.23625 0.9175000000000001 0.21625 0.9175000000000001 0.21625 0.9275 0.23625 0.9275 0.23625 0.9175000000000001
5 0.18375 0.9475 0.17375000000000002 0.9475 0.17375000000000002 0.9675 0.18375 0.9675 0.18375 0.9475
5 0.1975 0.93625 0.185 0.93625 0.185 0.95875 0.1975 0.95875 0.1975 0.93625
5 0.1925 0.95875 0.18 0.95875 0.18 0.97875 0.1925 0.97875 0.1925 0.95875
5 0.20625 0.9400000000000001 0.19624999999999998 0.9400000000000001 0.19624999999999998 0.96 0.20625 0.96 0.20625 0.9400000000000001
5 0.20125 0.95875 0.19125 0.95875 0.19125 0.98125 0.20125 0.98125 0.20125 0.95875
5 0.21749999999999997 0.9400000000000001 0.205 0.9400000000000001 0.205 0.96 0.21749999999999997 0.96 0.21749999999999997 0.9400000000000001
5 0.21375000000000002 0.9625 0.20125 0.9625 0.20125 0.9824999999999999 0.21375000000000002 0.9824999999999999 0.21375000000000002 0.9625
5 0.22625 0.9425000000000001 0.21625 0.9425000000000001 0.21625 0.9625 0.22625 0.9625 0.22625 0.9425000000000001
5 0.2225 0.9637499999999999 0.2125 0.9637499999999999 0.2125 0.98375 0.2225 0.98375 0.2225 0.9637499999999999
5 0.23875000000000002 0.945 0.22625 0.945 0.22625 0.9625 0.23875000000000002 0.9625 0.23875000000000002 0.945
5 0.23125 0.9637499999999999 0.22125 0.9637499999999999 0.22125 0.98375 0.23125 0.98375 0.23125 0.9637499999999999
5 0.24125000000000002 0.9662499999999999 0.22875 0.9662499999999999 0.22875 0.9887499999999999 0.24125000000000002 0.9887499999999999 0.24125000000000002 0.9662499999999999
5 0.25625 0.9475 0.24625 0.9475 0.24625 0.9675 0.25625 0.9675 0.25625 0.9475
5 0.2525 0.9675 0.24 0.9675 0.24 0.9875 0.2525 0.9875 0.2525 0.9675
5 0.26875 0.95 0.25625 0.95 0.25625 0.97 0.26875 0.97 0.26875 0.95
5 0.2625 0.96875 0.25 0.96875 0.25 0.9887499999999999 0.2625 0.9887499999999999 0.2625 0.96875
5 0.32999999999999996 0.95 0.31 0.95 0.31 0.9625 0.32999999999999996 0.9625 0.32999999999999996 0.95
5 0.27625 0.9550000000000001 0.26625 0.9550000000000001 0.26625 0.9724999999999999 0.27625 0.9724999999999999 0.27625 0.9550000000000001
5 0.27 0.9737500000000001 0.2575 0.9737500000000001 0.2575 0.99375 0.27 0.99375 0.27 0.9737500000000001
5 0.28625 0.95625 0.27375 0.95625 0.27375 0.9737500000000001 0.28625 0.9737500000000001 0.28625 0.95625
5 0.29625 0.95625 0.28625 0.95625 0.28625 0.97625 0.29625 0.97625 0.29625 0.95625
5 0.305 0.9574999999999999 0.29500000000000004 0.9574999999999999 0.29500000000000004 0.9775 0.305 0.9775 0.305 0.9574999999999999
5 0.315 0.96 0.305 0.96 0.305 0.9775 0.315 0.9775 0.315 0.96
5 0.32625000000000004 0.9625 0.31625000000000003 0.9625 0.31625000000000003 0.9800000000000001 0.32625000000000004 0.9800000000000001 0.32625000000000004 0.9625
5 0.27999999999999997 0.9775 0.26749999999999996 0.9775 0.26749999999999996 0.9974999999999999 0.27999999999999997 0.9974999999999999 0.27999999999999997 0.9775
5 0.29 0.9775 0.27749999999999997 0.9775 0.27749999999999997 0.9974999999999999 0.29 0.9974999999999999 0.29 0.9775
5 0.29874999999999996 1 0.29874999999999996 0.98125 0.28625 0.98125 0.28625 1 0.29874999999999996 1
5 0.3075 1 0.3075 0.98375 0.2975 0.98375 0.2975 1 0.3075 1
5 0.32 1 0.32 0.9824999999999999 0.3075 0.9824999999999999 0.3075 1 0.32 1
5 0.28625 0.8 0.27375 0.8 0.27375 0.82 0.28625 0.82 0.28625 0.8
5 0.315 0.7737499999999999 0.2925 0.7737499999999999 0.2925 0.7837500000000001 0.315 0.7837500000000001 0.315 0.7737499999999999
5 0.335 0.7787499999999999 0.315 0.7787499999999999 0.315 0.7887500000000001 0.335 0.7887500000000001 0.335 0.7787499999999999
5 0.31375000000000003 0.7837500000000001 0.29375 0.7837500000000001 0.29375 0.79375 0.31375000000000003 0.79375 0.31375000000000003 0.7837500000000001
5 0.33375 0.7875 0.31375000000000003 0.7875 0.31375000000000003 0.8 0.33375 0.8 0.33375 0.7875
5 0.38 0.7875 0.3625 0.7875 0.3625 0.8 0.38 0.8 0.38 0.7875
5 0.37875000000000003 0.795 0.35875 0.795 0.35875 0.8074999999999999 0.37875000000000003 0.8074999999999999 0.37875000000000003 0.795
5 0.34375 0.79125 0.33375 0.79125 0.33375 0.81125 0.34375 0.81125 0.34375 0.79125
5 0.3125 0.79375 0.2925 0.79375 0.2925 0.80375 0.3125 0.80375 0.3125 0.79375
5 0.3325 0.7975 0.3125 0.7975 0.3125 0.8099999999999999 0.3325 0.8099999999999999 0.3325 0.7975
5 0.3525 0.79875 0.34249999999999997 0.79875 0.34249999999999997 0.81875 0.3525 0.81875 0.3525 0.79875
5 0.37374999999999997 0.80375 0.35625 0.80375 0.35625 0.8162499999999999 0.37374999999999997 0.8162499999999999 0.37374999999999997 0.80375
5 0.37124999999999997 0.81375 0.35375 0.81375 0.35375 0.8237500000000001 0.37124999999999997 0.8237500000000001 0.37124999999999997 0.81375
5 0.3725 0.8225 0.3525 0.8225 0.3525 0.8324999999999999 0.3725 0.8324999999999999 0.3725 0.8225
5 0.36875 0.8324999999999999 0.34875 0.8324999999999999 0.34875 0.845 0.36875 0.845 0.36875 0.8324999999999999
5 0.31 0.8025 0.29 0.8025 0.29 0.8150000000000001 0.31 0.8150000000000001 0.31 0.8025
5 0.32999999999999996 0.80625 0.31 0.80625 0.31 0.81875 0.32999999999999996 0.81875 0.32999999999999996 0.80625
5 0.34750000000000003 0.82 0.3375 0.82 0.3375 0.8375 0.34750000000000003 0.8375 0.34750000000000003 0.82
5 0.33999999999999997 0.8150000000000001 0.32999999999999996 0.8150000000000001 0.32999999999999996 0.8324999999999999 0.33999999999999997 0.8324999999999999 0.33999999999999997 0.8150000000000001
5 0.32875 0.8162499999999999 0.30874999999999997 0.8162499999999999 0.30874999999999997 0.8262499999999999 0.32875 0.8262499999999999 0.32875 0.8162499999999999
5 0.30625 0.8125 0.28875 0.8125 0.28875 0.8225 0.30625 0.8225 0.30625 0.8125
5 0.28500000000000003 0.82125 0.275 0.82125 0.275 0.8387499999999999 0.28500000000000003 0.8387499999999999 0.28500000000000003 0.82125
5 0.30625 0.82125 0.28625 0.82125 0.28625 0.83125 0.30625 0.83125 0.30625 0.82125
5 0.32875 0.825 0.30625 0.825 0.30625 0.835 0.32875 0.835 0.32875 0.825
5 0.3075 0.8300000000000001 0.2875 0.8300000000000001 0.2875 0.8400000000000001 0.3075 0.8400000000000001 0.3075 0.8300000000000001
5 0.30375 0.8387499999999999 0.28375 0.8387499999999999 0.28375 0.8487500000000001 0.30375 0.8487500000000001 0.30375 0.8387499999999999
5 0.3275 0.83375 0.3075 0.83375 0.3075 0.8462500000000001 0.3275 0.8462500000000001 0.3275 0.83375
5 0.335 0.8375 0.325 0.8375 0.325 0.8574999999999999 0.335 0.8574999999999999 0.335 0.8375
5 0.34375 0.8425 0.33375 0.8425 0.33375 0.86 0.34375 0.86 0.34375 0.8425
5 0.365 0.85125 0.34500000000000003 0.85125 0.34500000000000003 0.8612500000000001 0.365 0.8612500000000001 0.365 0.85125
5 0.29500000000000004 0.845 0.27 0.845 0.27 0.86 0.29500000000000004 0.86 0.29500000000000004 0.845
5 0.3525 0.87375 0.3325 0.87375 0.3325 0.8862500000000001 0.3525 0.8862500000000001 0.3525 0.87375
5 0.3175 0.86 0.29500000000000004 0.86 0.29500000000000004 0.875 0.3175 0.875 0.3175 0.86
5 0.29500000000000004 0.8574999999999999 0.275 0.8574999999999999 0.275 0.8675 0.29500000000000004 0.8675 0.29500000000000004 0.8574999999999999
5 0.29 0.86625 0.26749999999999996 0.86625 0.26749999999999996 0.8787499999999999 0.29 0.8787499999999999 0.29 0.86625
5 0.28625 0.8775000000000001 0.26875 0.8775000000000001 0.26875 0.8875 0.28625 0.8875 0.28625 0.8775000000000001
5 0.30874999999999997 0.88125 0.28875 0.88125 0.28875 0.89125 0.30874999999999997 0.89125 0.30874999999999997 0.88125
5 0.34500000000000003 0.88375 0.325 0.88375 0.325 0.89375 0.34500000000000003 0.89375 0.34500000000000003 0.88375
5 0.34125 0.89375 0.32375 0.89375 0.32375 0.9037499999999999 0.34125 0.9037499999999999 0.34125 0.89375
5 0.3075 0.89 0.28500000000000003 0.89 0.28500000000000003 0.9 0.3075 0.9 0.3075 0.89
5 0.28375 0.885 0.26375000000000004 0.885 0.26375000000000004 0.8975 0.28375 0.8975 0.28375 0.885
5 0.27875 0.8949999999999999 0.25875 0.8949999999999999 0.25875 0.905 0.27875 0.905 0.27875 0.8949999999999999
5 0.30125 0.89875 0.27875 0.89875 0.27875 0.9112500000000001 0.30125 0.9112500000000001 0.30125 0.89875
5 0.275 0.9037499999999999 0.2575 0.9037499999999999 0.2575 0.91375 0.275 0.91375 0.275 0.9037499999999999
5 0.3 0.9087500000000001 0.27999999999999997 0.9087500000000001 0.27999999999999997 0.91875 0.3 0.91875 0.3 0.9087500000000001
5 0.27749999999999997 0.9125 0.2575 0.9125 0.2575 0.925 0.27749999999999997 0.925 0.27749999999999997 0.9125
5 0.34500000000000003 0.905 0.3225 0.905 0.3225 0.915 0.34500000000000003 0.915 0.34500000000000003 0.905
5 0.34249999999999997 0.9125 0.32 0.9125 0.32 0.9225 0.34249999999999997 0.9225 0.34249999999999997 0.9125
5 0.33999999999999997 0.9225 0.32 0.9225 0.32 0.9324999999999999 0.33999999999999997 0.9324999999999999 0.33999999999999997 0.9225
5 0.3 0.91875 0.27749999999999997 0.91875 0.27749999999999997 0.93125 0.3 0.93125 0.3 0.91875
5 0.2925 0.9275 0.2725 0.9275 0.2725 0.9375 0.2925 0.9375 0.2925 0.9275
5 0.39249999999999996 0.86625 0.3825 0.86625 0.3825 0.8862500000000001 0.39249999999999996 0.8862500000000001 0.39249999999999996 0.86625
5 0.3875 0.8862500000000001 0.3775 0.8862500000000001 0.3775 0.90625 0.3875 0.90625 0.3875 0.8862500000000001
5 0.3725 0.9037499999999999 0.36 0.9037499999999999 0.36 0.9237500000000001 0.3725 0.9237500000000001 0.3725 0.9037499999999999
5 0.38 0.9075 0.37 0.9075 0.37 0.9275 0.38 0.9275 0.38 0.9075
5 0.14750000000000002 1 0.14750000000000002 0.99 0.125 0.99 0.125 1 0.14750000000000002 1
5 0.17625 0.7375 0.16375 0.7375 0.16375 0.755 0.17625 0.755 0.17625 0.7375
5 0.16875 0.76375 0.15875 0.76375 0.15875 0.7837500000000001 0.16875 0.7837500000000001 0.16875 0.76375
5 0.13374999999999998 0.8150000000000001 0.12375 0.8150000000000001 0.12375 0.8300000000000001 0.13374999999999998 0.8300000000000001 0.13374999999999998 0.8150000000000001
5 0.1275 0.83375 0.12 0.83375 0.12 0.8462500000000001 0.1275 0.8462500000000001 0.1275 0.83375
5 0.08249999999999999 0.88375 0.065 0.88375 0.065 0.89125 0.08249999999999999 0.89125 0.08249999999999999 0.88375
5 0.08375 0.87375 0.06625 0.87375 0.06625 0.88125 0.08375 0.88125 0.08375 0.87375
5 0.058750000000000004 0.8412499999999999 0.04875 0.8412499999999999 0.04875 0.8612500000000001 0.058750000000000004 0.8612500000000001 0.058750000000000004 0.8412499999999999
5 0.06625 0.81875 0.05625 0.81875 0.05625 0.83375 0.06625 0.83375 0.06625 0.81875
5 0.045 0.8375 0.034999999999999996 0.8375 0.034999999999999996 0.8574999999999999 0.045 0.8574999999999999 0.045 0.8375
5 0.034999999999999996 0.83125 0.017499999999999998 0.83125 0.017499999999999998 0.85125 0.034999999999999996 0.85125 0.034999999999999996 0.83125
5 0.0225 0.83125 0.005 0.83125 0.005 0.8462500000000001 0.0225 0.8462500000000001 0.0225 0.83125
5 0 0.8462500000000001 0.01 0.8462500000000001 0.01 0.82875 0 0.82875 0 0.8462500000000001
5 0.06999999999999999 0.79625 0.06 0.79625 0.06 0.8162499999999999 0.06999999999999999 0.8162499999999999 0.06999999999999999 0.79625
5 0.07875 0.7725 0.06625 0.7725 0.06625 0.7925 0.07875 0.7925 0.07875 0.7725
5 0.042499999999999996 0.7725 0.0325 0.7725 0.0325 0.7925 0.042499999999999996 0.7925 0.042499999999999996 0.7725
5 0.03125 0.7725 0.021249999999999998 0.7725 0.021249999999999998 0.795 0.03125 0.795 0.03125 0.7725
5 0.03625 0.6775 0.01625 0.6775 0.01625 0.6875 0.03625 0.6875 0.03625 0.6775
5 0.20750000000000002 0.7212500000000001 0.195 0.7212500000000001 0.195 0.73375 0.20750000000000002 0.73375 0.20750000000000002 0.7212500000000001
5 0.41375 0.7474999999999999 0.39875 0.7474999999999999 0.39875 0.7725 0.41375 0.7725 0.41375 0.7474999999999999