3 0.615 0.23875000000000002 0.6012500000000001 0.23875000000000002 0.6012500000000001 0.2475 0.615 0.2475 0.615 0.23875000000000002
3 0.5974999999999999 0.20875 0.5925 0.20875 0.5925 0.22000000000000003 0.5974999999999999 0.22000000000000003 0.5974999999999999 0.20875
3 0.5925 0.39 0.5825 0.39 0.5825 0.4 0.5925 0.4 0.5925 0.39
3 0.7474999999999999 0.54375 0.735 0.54375 0.735 0.5525 0.7474999999999999 0.5525 0.7474999999999999 0.54375
3 0.56125 0.17375000000000002 0.55375 0.17375000000000002 0.55375 0.185 0.56125 0.185 0.56125 0.17375000000000002
3 0.5900000000000001 0.12625 0.5825 0.12625 0.5825 0.13625 0.5900000000000001 0.13625 0.5900000000000001 0.12625
3 0.5475 0.2325 0.54125 0.2325 0.54125 0.24375 0.5475 0.24375 0.5475 0.2325
3 0.43 0.42374999999999996 0.42000000000000004 0.42374999999999996 0.42000000000000004 0.4375 0.43 0.4375 0.43 0.42374999999999996
3 0.57375 0.22625 0.5675 0.22625 0.5675 0.23625 0.57375 0.23625 0.57375 0.22625
3 0.5974999999999999 0.35625 0.5862499999999999 0.35625 0.5862499999999999 0.3675 0.5974999999999999 0.3675 0.5974999999999999 0.35625
3 0.5625 0.2575 0.55 0.2575 0.55 0.26749999999999996 0.5625 0.26749999999999996 0.5625 0.2575
3 0.5375 0.24125000000000002 0.5287499999999999 0.24125000000000002 0.5287499999999999 0.25375000000000003 0.5375 0.25375000000000003 0.5375 0.24125000000000002
3 0.70375 0.3225 0.6912499999999999 0.3225 0.6912499999999999 0.3325 0.70375 0.3325 0.70375 0.3225