5 0.44000000000000006 0.2475 0.42000000000000004 0.2475 0.42000000000000004 0.2575 0.44000000000000006 0.2575 0.44000000000000006 0.2475
5 0.44000000000000006 0.26125 0.4225 0.26125 0.4225 0.26875 0.44000000000000006 0.26875 0.44000000000000006 0.26125
5 0.44125 0.2725 0.42374999999999996 0.2725 0.42374999999999996 0.28250000000000003 0.44125 0.28250000000000003 0.44125 0.2725
5 0.49000000000000005 0.3375 0.4725 0.3375 0.4725 0.34500000000000003 0.49000000000000005 0.34500000000000003 0.49000000000000005 0.3375
5 0.44875 0.32 0.43375 0.32 0.43375 0.32999999999999996 0.44875 0.32999999999999996 0.44875 0.32
5 0.45 0.32375 0.43 0.32375 0.43 0.33125 0.45 0.33125 0.45 0.32375
5 0.4525 0.32875 0.4325 0.32875 0.4325 0.33875 0.4525 0.33875 0.4525 0.32875
5 0.4175 0.335 0.41 0.335 0.41 0.3525 0.4175 0.3525 0.4175 0.335
5 0.47125000000000006 0.3775 0.45375 0.3775 0.45375 0.385 0.47125000000000006 0.385 0.47125000000000006 0.3775
5 0.46875 0.39 0.45375 0.39 0.45375 0.3975 0.46875 0.3975 0.46875 0.39
5 0.8862500000000001 0.41375 0.8787499999999999 0.41375 0.8787499999999999 0.43375 0.8862500000000001 0.43375 0.8862500000000001 0.41375
5 0.8925000000000001 0.45125000000000004 0.8825 0.45125000000000004 0.8825 0.47375 0.8925000000000001 0.47375 0.8925000000000001 0.45125000000000004
5 0.70875 0.49124999999999996 0.70125 0.49124999999999996 0.70125 0.50875 0.70875 0.50875 0.70875 0.49124999999999996
5 0.7112499999999999 0.51125 0.70375 0.51125 0.70375 0.5287499999999999 0.7112499999999999 0.5287499999999999 0.7112499999999999 0.51125
5 0.70125 0.5625 0.68625 0.5625 0.68625 0.5700000000000001 0.70125 0.5700000000000001 0.70125 0.5625
5 0.76125 0.6 0.75125 0.6 0.75125 0.6174999999999999 0.76125 0.6174999999999999 0.76125 0.6
5 0.75875 0.575 0.74875 0.575 0.74875 0.5925 0.75875 0.5925 0.75875 0.575
5 0.765 0.625 0.755 0.625 0.755 0.645 0.765 0.645 0.765 0.625
5 0.76625 0.65 0.75875 0.65 0.75875 0.665 0.76625 0.665 0.76625 0.65
5 0.705 0.6637500000000001 0.6849999999999999 0.6637500000000001 0.6849999999999999 0.67375 0.705 0.67375 0.705 0.6637500000000001
5 0.705 0.67375 0.6875 0.67375 0.6875 0.68625 0.705 0.68625 0.705 0.67375
5 0.8612500000000001 0.58875 0.8487500000000001 0.58875 0.8487500000000001 0.60875 0.8612500000000001 0.60875 0.8612500000000001 0.58875
5 0.88125 0.5587500000000001 0.87375 0.5587500000000001 0.87375 0.57375 0.88125 0.57375 0.88125 0.5587500000000001
5 0.8825 0.58 0.875 0.58 0.875 0.595 0.8825 0.595 0.8825 0.58
5 0.89375 0.575 0.88375 0.575 0.88375 0.5974999999999999 0.89375 0.5974999999999999 0.89375 0.575
5 0.8699999999999999 0.63125 0.86 0.63125 0.86 0.6487499999999999 0.8699999999999999 0.6487499999999999 0.8699999999999999 0.63125
5 0.8800000000000001 0.63 0.8699999999999999 0.63 0.8699999999999999 0.6475 0.8800000000000001 0.6475 0.8800000000000001 0.63
5 0.8887499999999999 0.61625 0.8787499999999999 0.61625 0.8787499999999999 0.63375 0.8887499999999999 0.63375 0.8887499999999999 0.61625
5 0.88125 0.655 0.87375 0.655 0.87375 0.6725 0.88125 0.6725 0.88125 0.655
5 0.9199999999999999 0.5175 0.9125 0.5175 0.9125 0.5375 0.9199999999999999 0.5375 0.9199999999999999 0.5175
5 0.76 0.76625 0.735 0.76625 0.735 0.7787499999999999 0.76 0.7787499999999999 0.76 0.76625
5 0.8862500000000001 0.74125 0.86625 0.74125 0.86625 0.75125 0.8862500000000001 0.75125 0.8862500000000001 0.74125
5 0.8550000000000001 0.7675 0.8324999999999999 0.7675 0.8324999999999999 0.775 0.8550000000000001 0.775 0.8550000000000001 0.7675
5 0.8525 0.7525000000000001 0.8225 0.7525000000000001 0.8225 0.765 0.8525 0.765 0.8525 0.7525000000000001
5 0.9675 0.765 0.9475 0.765 0.9475 0.775 0.9675 0.775 0.9675 0.765
5 0.8787499999999999 0.8074999999999999 0.8612500000000001 0.8074999999999999 0.8612500000000001 0.8175000000000001 0.8787499999999999 0.8175000000000001 0.8787499999999999 0.8074999999999999
5 0.9262499999999999 0.80375 0.9037499999999999 0.80375 0.9037499999999999 0.8162499999999999 0.9262499999999999 0.8162499999999999 0.9262499999999999 0.80375
5 0.8887499999999999 0.8237500000000001 0.87375 0.8237500000000001 0.87375 0.83375 0.8887499999999999 0.83375 0.8887499999999999 0.8237500000000001
5 0.96875 0.79375 0.9487500000000001 0.79375 0.9487500000000001 0.8012499999999999 0.96875 0.8012499999999999 0.96875 0.79375
5 0.98125 0.82125 0.96125 0.82125 0.96125 0.83125 0.98125 0.83125 0.98125 0.82125
5 0.9199999999999999 0.5349999999999999 0.9025000000000001 0.5349999999999999 0.9025000000000001 0.585 0.9199999999999999 0.585 0.9199999999999999 0.5349999999999999