5 0.97 0.2425 0.96 0.2425 0.96 0.2625 0.97 0.2625 0.97 0.2425
5 0.9675 0.34375 0.9574999999999999 0.34375 0.9574999999999999 0.36124999999999996 0.9675 0.36124999999999996 0.9675 0.34375
5 0.98125 0.45875000000000005 0.9737500000000001 0.45875000000000005 0.9737500000000001 0.47625 0.98125 0.47625 0.98125 0.45875000000000005
5 0.49874999999999997 0.05375 0.48624999999999996 0.05375 0.48624999999999996 0.07375000000000001 0.49874999999999997 0.07375000000000001 0.49874999999999997 0.05375
5 0.5075000000000001 0.13999999999999999 0.5 0.13999999999999999 0.5 0.155 0.5075000000000001 0.155 0.5075000000000001 0.13999999999999999
5 0.5875 0.13125 0.5775 0.13125 0.5775 0.15125 0.5875 0.15125 0.5875 0.13125
5 0.60375 0.18 0.59375 0.18 0.59375 0.2 0.60375 0.2 0.60375 0.18
5 0.5650000000000001 0.17250000000000001 0.5575 0.17250000000000001 0.5575 0.19 0.5650000000000001 0.19 0.5650000000000001 0.17250000000000001
5 0.54375 1 0.54375 0.9887499999999999 0.5337500000000001 0.9887499999999999 0.5337500000000001 1 0.54375 1
5 0.48624999999999996 0.915 0.47625 0.915 0.47625 0.9324999999999999 0.48624999999999996 0.9324999999999999 0.48624999999999996 0.915
5 0.54 0.92875 0.53 0.92875 0.53 0.9487500000000001 0.54 0.9487500000000001 0.54 0.92875
5 0.7212500000000001 0.9275 0.71375 0.9275 0.71375 0.9475 0.7212500000000001 0.9475 0.7212500000000001 0.9275
5 0.7212500000000001 0.95 0.71375 0.95 0.71375 0.9675 0.7212500000000001 0.9675 0.7212500000000001 0.95
5 0.72375 0.9737500000000001 0.71375 0.9737500000000001 0.71375 0.99125 0.72375 0.99125 0.72375 0.9737500000000001
5 0.74 0.9175000000000001 0.73 0.9175000000000001 0.73 0.9375 0.74 0.9375 0.74 0.9175000000000001
5 0.7462500000000001 0.91625 0.73875 0.91625 0.73875 0.93625 0.7462500000000001 0.93625 0.7462500000000001 0.91625
5 0.76 0.91875 0.7525000000000001 0.91875 0.7525000000000001 0.93625 0.76 0.93625 0.76 0.91875
5 0.7925 0.90625 0.7725 0.90625 0.7725 0.91875 0.7925 0.91875 0.7925 0.90625
5 0.795 0.89875 0.775 0.89875 0.775 0.9087500000000001 0.795 0.9087500000000001 0.795 0.89875
5 0.73875 0.845 0.7212500000000001 0.845 0.7212500000000001 0.8550000000000001 0.73875 0.8550000000000001 0.73875 0.845
5 0.74375 0.87625 0.72875 0.87625 0.72875 0.8862500000000001 0.74375 0.8862500000000001 0.74375 0.87625
5 0.7424999999999999 0.8875 0.725 0.8875 0.725 0.8975 0.7424999999999999 0.8975 0.7424999999999999 0.8875
5 0.795 0.8699999999999999 0.7775000000000001 0.8699999999999999 0.7775000000000001 0.8775000000000001 0.795 0.8775000000000001 0.795 0.8699999999999999
5 0.7975 0.8887499999999999 0.775 0.8887499999999999 0.775 0.89625 0.7975 0.89625 0.7975 0.8887499999999999
5 0.85 0.8125 0.8425 0.8125 0.8425 0.8324999999999999 0.85 0.8324999999999999 0.85 0.8125
5 0.49874999999999997 0.835 0.48875 0.835 0.48875 0.8550000000000001 0.49874999999999997 0.8550000000000001 0.49874999999999997 0.835
5 0.835 0.845 0.8150000000000001 0.845 0.8150000000000001 0.8574999999999999 0.835 0.8574999999999999 0.835 0.845
5 0.8300000000000001 0.8550000000000001 0.8150000000000001 0.8550000000000001 0.8150000000000001 0.8625 0.8300000000000001 0.8625 0.8300000000000001 0.8550000000000001
5 0.9412499999999999 0.91375 0.91625 0.91375 0.91625 0.9262499999999999 0.9412499999999999 0.9262499999999999 0.9412499999999999 0.91375
5 0.89125 1 0.89125 0.99 0.86875 0.99 0.86875 1 0.89125 1
5 0.9550000000000001 0.925 0.9324999999999999 0.925 0.9324999999999999 0.9324999999999999 0.9550000000000001 0.9324999999999999 0.9550000000000001 0.925
5 0.9550000000000001 0.93625 0.9324999999999999 0.93625 0.9324999999999999 0.9412499999999999 0.9550000000000001 0.9412499999999999 0.9550000000000001 0.93625
5 0.9550000000000001 0.97 0.9324999999999999 0.97 0.9324999999999999 0.9775 0.9550000000000001 0.9775 0.9550000000000001 0.97
5 0.53625 0.2475 0.5287499999999999 0.2475 0.5287499999999999 0.26 0.53625 0.26 0.53625 0.2475
5 0.59875 0.41875 0.58875 0.41875 0.58875 0.43624999999999997 0.59875 0.43624999999999997 0.59875 0.41875
5 0.5075000000000001 0.32999999999999996 0.495 0.32999999999999996 0.495 0.3625 0.5075000000000001 0.3625 0.5075000000000001 0.32999999999999996
5 0.48125 0.43375 0.46624999999999994 0.43375 0.46624999999999994 0.47375 0.48125 0.47375 0.48125 0.43375
5 0.51 0.43624999999999997 0.5 0.43624999999999997 0.5 0.45875000000000005 0.51 0.45875000000000005 0.51 0.43624999999999997
5 0.585 0.48624999999999996 0.5775 0.48624999999999996 0.5775 0.5037499999999999 0.585 0.5037499999999999 0.585 0.48624999999999996
5 0.5862499999999999 0.6287499999999999 0.57625 0.6287499999999999 0.57625 0.65125 0.5862499999999999 0.65125 0.5862499999999999 0.6287499999999999
5 0.6799999999999999 0.6375 0.67 0.6375 0.67 0.6575 0.6799999999999999 0.6575 0.6799999999999999 0.6375
5 0.48250000000000004 0.6950000000000001 0.475 0.6950000000000001 0.475 0.7150000000000001 0.48250000000000004 0.7150000000000001 0.48250000000000004 0.6950000000000001
5 0.51 0.71375 0.5 0.71375 0.5 0.73375 0.51 0.73375 0.51 0.71375
5 0.65 0.69875 0.64 0.69875 0.64 0.7162499999999999 0.65 0.7162499999999999 0.65 0.69875
5 0.8300000000000001 0.82 0.8175000000000001 0.82 0.8175000000000001 0.8275 0.8300000000000001 0.8275 0.8300000000000001 0.82
5 0.5325 0.6537499999999999 0.525 0.6537499999999999 0.525 0.67125 0.5325 0.67125 0.5325 0.6537499999999999
5 0.61875 0.67 0.61125 0.67 0.61125 0.6875 0.61875 0.6875 0.61875 0.67
5 0.61875 0.6975 0.61125 0.6975 0.61125 0.7125 0.61875 0.7125 0.61875 0.6975
5 0.9712500000000001 0.21749999999999997 0.96125 0.21749999999999997 0.96125 0.24 0.9712500000000001 0.24 0.9712500000000001 0.21749999999999997
5 0.83125 0.8074999999999999 0.8087500000000001 0.8074999999999999 0.8087500000000001 0.8150000000000001 0.83125 0.8150000000000001 0.83125 0.8074999999999999
5 0.8087500000000001 0.80625 0.78625 0.80625 0.78625 0.81375 0.8087500000000001 0.81375 0.8087500000000001 0.80625
5 0.76375 0.8375 0.7537499999999999 0.8375 0.7537499999999999 0.85 0.76375 0.85 0.76375 0.8375
5 0.7474999999999999 0.8675 0.7275 0.8675 0.7275 0.8775000000000001 0.7474999999999999 0.8775000000000001 0.7474999999999999 0.8675
5 0.74875 0.85875 0.7262500000000001 0.85875 0.7262500000000001 0.86625 0.74875 0.86625 0.74875 0.85875
5 0.79375 0.8487500000000001 0.7787499999999999 0.8487500000000001 0.7787499999999999 0.85625 0.79375 0.85625 0.79375 0.8487500000000001
5 0.795 0.8574999999999999 0.775 0.8574999999999999 0.775 0.865 0.795 0.865 0.795 0.8574999999999999
5 0.795 0.8787499999999999 0.775 0.8787499999999999 0.775 0.8862500000000001 0.795 0.8862500000000001 0.795 0.8787499999999999
5 0.77 0.9199999999999999 0.7625 0.9199999999999999 0.7625 0.9375 0.77 0.9375 0.77 0.9199999999999999
5 0.89375 0.95875 0.86875 0.95875 0.86875 0.9712500000000001 0.89375 0.9712500000000001 0.89375 0.95875
5 0.9012499999999999 0.92875 0.8887499999999999 0.92875 0.8887499999999999 0.93625 0.9012499999999999 0.93625 0.9012499999999999 0.92875
5 0.65 0.9712500000000001 0.6375 0.9712500000000001 0.6375 0.99875 0.65 0.99875 0.65 0.9712500000000001
5 0.6775 1 0.6775 0.9475 0.6599999999999999 0.9475 0.6599999999999999 1 0.6775 1
5 0.5900000000000001 0.85875 0.58 0.85875 0.58 0.87625 0.5900000000000001 0.87625 0.5900000000000001 0.85875
5 0.6012500000000001 0.75625 0.5912499999999999 0.75625 0.5912499999999999 0.7787499999999999 0.6012500000000001 0.7787499999999999 0.6012500000000001 0.75625
5 0.6537499999999999 0.5962500000000001 0.64125 0.5962500000000001 0.64125 0.6212500000000001 0.6537499999999999 0.6212500000000001 0.6537499999999999 0.5962500000000001
5 0.6475 0.26375000000000004 0.635 0.26375000000000004 0.635 0.28875 0.6475 0.28875 0.6475 0.26375000000000004
5 0.63625 0.09 0.62375 0.09 0.62375 0.11750000000000001 0.63625 0.11750000000000001 0.63625 0.09
5 0.6212500000000001 0.50875 0.61375 0.50875 0.61375 0.5287499999999999 0.6212500000000001 0.5287499999999999 0.6212500000000001 0.50875
5 0.7125 0.7887500000000001 0.7 0.7887500000000001 0.7 0.8012499999999999 0.7125 0.8012499999999999 0.7125 0.7887500000000001
5 0.7150000000000001 0.745 0.7025 0.745 0.7025 0.755 0.7150000000000001 0.755 0.7150000000000001 0.745
5 0.71375 0.735 0.70375 0.735 0.70375 0.7424999999999999 0.71375 0.7424999999999999 0.71375 0.735
5 0.7162499999999999 0.725 0.70375 0.725 0.70375 0.7325 0.7162499999999999 0.7325 0.7162499999999999 0.725
5 0.7175 0.7162499999999999 0.705 0.7162499999999999 0.705 0.72375 0.7175 0.72375 0.7175 0.7162499999999999
5 0.7162499999999999 0.705 0.70625 0.705 0.70625 0.7125 0.7162499999999999 0.7125 0.7162499999999999 0.705
5 0.7150000000000001 0.69625 0.705 0.69625 0.705 0.70375 0.7150000000000001 0.70375 0.7150000000000001 0.69625
5 0.7162499999999999 0.6849999999999999 0.70625 0.6849999999999999 0.70625 0.6950000000000001 0.7162499999999999 0.6950000000000001 0.7162499999999999 0.6849999999999999
5 0.7175 0.675 0.7075 0.675 0.7075 0.6825 0.7175 0.6825 0.7175 0.675
5 0.7150000000000001 0.655 0.7075 0.655 0.7075 0.6625 0.7150000000000001 0.6625 0.7150000000000001 0.655
5 0.72 0.62625 0.71 0.62625 0.71 0.63375 0.72 0.63375 0.72 0.62625
5 0.7224999999999999 0.61625 0.71 0.61625 0.71 0.62375 0.7224999999999999 0.62375 0.7224999999999999 0.61625
5 0.7212500000000001 0.605 0.7112499999999999 0.605 0.7112499999999999 0.615 0.7212500000000001 0.615 0.7212500000000001 0.605
5 0.7224999999999999 0.5962500000000001 0.71 0.5962500000000001 0.71 0.60375 0.7224999999999999 0.60375 0.7224999999999999 0.5962500000000001
5 0.7212500000000001 0.5862499999999999 0.7112499999999999 0.5862499999999999 0.7112499999999999 0.59375 0.7212500000000001 0.59375 0.7212500000000001 0.5862499999999999
5 0.7212500000000001 0.5775 0.7112499999999999 0.5775 0.7112499999999999 0.585 0.7212500000000001 0.585 0.7212500000000001 0.5775
5 0.7212500000000001 0.55375 0.7112499999999999 0.55375 0.7112499999999999 0.5662499999999999 0.7212500000000001 0.5662499999999999 0.7212500000000001 0.55375
5 0.7224999999999999 0.545 0.7125 0.545 0.7125 0.5525 0.7224999999999999 0.5525 0.7224999999999999 0.545
5 0.725 0.53625 0.7125 0.53625 0.7125 0.54375 0.725 0.54375 0.725 0.53625
5 0.725 0.525 0.7125 0.525 0.7125 0.5325 0.725 0.5325 0.725 0.525
5 0.725 0.515 0.7150000000000001 0.515 0.7150000000000001 0.525 0.725 0.525 0.725 0.515
5 0.725 0.5037499999999999 0.7150000000000001 0.5037499999999999 0.7150000000000001 0.51375 0.725 0.51375 0.725 0.5037499999999999
5 0.7262500000000001 0.49625 0.7162499999999999 0.49625 0.7162499999999999 0.50125 0.7262500000000001 0.50125 0.7262500000000001 0.49625
5 0.72875 0.4875 0.7162499999999999 0.4875 0.7162499999999999 0.495 0.72875 0.495 0.72875 0.4875
5 0.7262500000000001 0.475 0.7162499999999999 0.475 0.7162499999999999 0.48250000000000004 0.7262500000000001 0.48250000000000004 0.7262500000000001 0.475
5 0.7275 0.45875000000000005 0.7175 0.45875000000000005 0.7175 0.46624999999999994 0.7275 0.46624999999999994 0.7275 0.45875000000000005
5 0.73 0.44625000000000004 0.7175 0.44625000000000004 0.7175 0.45625 0.73 0.45625 0.73 0.44625000000000004
5 0.72875 0.425 0.71875 0.425 0.71875 0.4325 0.72875 0.4325 0.72875 0.425
5 0.72875 0.41375 0.71875 0.41375 0.71875 0.42125 0.72875 0.42125 0.72875 0.41375
5 0.73 0.40499999999999997 0.72 0.40499999999999997 0.72 0.4125 0.73 0.4125 0.73 0.40499999999999997
5 0.73 0.39375 0.72 0.39375 0.72 0.40125 0.73 0.40125 0.73 0.39375
5 0.73125 0.38375 0.7212500000000001 0.38375 0.7212500000000001 0.39125 0.73125 0.39125 0.73125 0.38375
5 0.7325 0.37374999999999997 0.7224999999999999 0.37374999999999997 0.7224999999999999 0.38125 0.7325 0.38125 0.7325 0.37374999999999997
5 0.53 0.64 0.5175 0.64 0.5175 0.65 0.53 0.65 0.53 0.64
5 0.53 0.63125 0.5175 0.63125 0.5175 0.63875 0.53 0.63875 0.53 0.63125
5 0.53125 0.6212500000000001 0.51875 0.6212500000000001 0.51875 0.63125 0.53125 0.63125 0.53125 0.6212500000000001
5 0.5287499999999999 0.61 0.51875 0.61 0.51875 0.6174999999999999 0.5287499999999999 0.6174999999999999 0.5287499999999999 0.61
5 0.5287499999999999 0.59875 0.51875 0.59875 0.51875 0.60875 0.5287499999999999 0.60875 0.5287499999999999 0.59875
5 0.5275000000000001 0.5875 0.5175 0.5875 0.5175 0.5974999999999999 0.5275000000000001 0.5974999999999999 0.5275000000000001 0.5875
5 0.5275000000000001 0.57875 0.5175 0.57875 0.5175 0.5862499999999999 0.5275000000000001 0.5862499999999999 0.5275000000000001 0.57875
5 0.53125 0.5549999999999999 0.51875 0.5549999999999999 0.51875 0.5650000000000001 0.53125 0.5650000000000001 0.53125 0.5549999999999999
5 0.53 0.54125 0.5175 0.54125 0.5175 0.55125 0.53 0.55125 0.53 0.54125
5 0.53 0.53 0.5175 0.53 0.5175 0.54 0.53 0.54 0.53 0.53
5 0.5275000000000001 0.51875 0.5175 0.51875 0.5175 0.52625 0.5275000000000001 0.52625 0.5275000000000001 0.51875
5 0.53 0.51 0.5175 0.51 0.5175 0.5175 0.53 0.5175 0.53 0.51
5 0.53 0.49874999999999997 0.5175 0.49874999999999997 0.5175 0.50875 0.53 0.50875 0.53 0.49874999999999997
5 0.53 0.49000000000000005 0.5175 0.49000000000000005 0.5175 0.49749999999999994 0.53 0.49749999999999994 0.53 0.49000000000000005
5 0.53 0.47874999999999995 0.5175 0.47874999999999995 0.5175 0.48624999999999996 0.53 0.48624999999999996 0.53 0.47874999999999995
5 0.52625 0.45499999999999996 0.51625 0.45499999999999996 0.51625 0.465 0.52625 0.465 0.52625 0.45499999999999996
5 0.52625 0.44625000000000004 0.51625 0.44625000000000004 0.51625 0.45375 0.52625 0.45375 0.52625 0.44625000000000004
5 0.52625 0.43375 0.51625 0.43375 0.51625 0.44125 0.52625 0.44125 0.52625 0.43375
5 0.525 0.42000000000000004 0.515 0.42000000000000004 0.515 0.42750000000000005 0.525 0.42750000000000005 0.525 0.42000000000000004
5 0.5275000000000001 0.41 0.515 0.41 0.515 0.4175 0.5275000000000001 0.4175 0.5275000000000001 0.41
5 0.5275000000000001 0.4 0.515 0.4 0.515 0.40750000000000003 0.5275000000000001 0.40750000000000003 0.5275000000000001 0.4
5 0.52625 0.38875000000000004 0.51625 0.38875000000000004 0.51625 0.39625 0.52625 0.39625 0.52625 0.38875000000000004
5 0.525 0.375 0.515 0.375 0.515 0.385 0.525 0.385 0.525 0.375
5 0.5225 0.35125 0.515 0.35125 0.515 0.35875 0.5225 0.35875 0.5225 0.35125
5 0.5225 0.34249999999999997 0.515 0.34249999999999997 0.515 0.34750000000000003 0.5225 0.34750000000000003 0.5225 0.34249999999999997
5 0.7175 0.64625 0.7075 0.64625 0.7075 0.6537499999999999 0.7175 0.6537499999999999 0.7175 0.64625
5 0.71875 0.63625 0.70875 0.63625 0.70875 0.64375 0.71875 0.64375 0.71875 0.63625