5 0.075 0.37124999999999997 0.065 0.37124999999999997 0.065 0.39125 0.075 0.39125 0.075 0.37124999999999997
5 0.03125 0.385 0.01625 0.385 0.01625 0.395 0.03125 0.395 0.03125 0.385
5 0 0.39249999999999996 0.01 0.39249999999999996 0.01 0.3825 0 0.3825 0 0.39249999999999996
5 0.8550000000000001 0.16 0.845 0.16 0.845 0.18 0.8550000000000001 0.18 0.8550000000000001 0.16
5 0.885 0.16625 0.875 0.16625 0.875 0.18125 0.885 0.18125 0.885 0.16625
5 0.91375 0.16875 0.9037499999999999 0.16875 0.9037499999999999 0.18375 0.91375 0.18375 0.91375 0.16875
5 0.9025000000000001 0.20750000000000002 0.8949999999999999 0.20750000000000002 0.8949999999999999 0.225 0.9025000000000001 0.225 0.9025000000000001 0.20750000000000002
5 0.8825 0.20750000000000002 0.875 0.20750000000000002 0.875 0.2225 0.8825 0.2225 0.8825 0.20750000000000002
5 0.8487500000000001 0.2 0.8412499999999999 0.2 0.8412499999999999 0.2225 0.8487500000000001 0.2225 0.8487500000000001 0.2
5 0.9112500000000001 0.3175 0.89625 0.3175 0.89625 0.32999999999999996 0.9112500000000001 0.32999999999999996 0.9112500000000001 0.3175
5 0.73625 0.51875 0.7262500000000001 0.51875 0.7262500000000001 0.5387500000000001 0.73625 0.5387500000000001 0.73625 0.51875
5 0.75625 0.5275000000000001 0.7462500000000001 0.5275000000000001 0.7462500000000001 0.5475 0.75625 0.5475 0.75625 0.5275000000000001
5 0.765 0.5275000000000001 0.755 0.5275000000000001 0.755 0.5475 0.765 0.5475 0.765 0.5275000000000001
5 0.76 0.48375 0.7525000000000001 0.48375 0.7525000000000001 0.49874999999999997 0.76 0.49874999999999997 0.76 0.48375
5 0.7675 0.48250000000000004 0.76 0.48250000000000004 0.76 0.5025000000000001 0.7675 0.5025000000000001 0.7675 0.48250000000000004
5 0.8175000000000001 0.49749999999999994 0.8074999999999999 0.49749999999999994 0.8074999999999999 0.5125 0.8175000000000001 0.5125 0.8175000000000001 0.49749999999999994
5 0.85125 0.5037499999999999 0.84375 0.5037499999999999 0.84375 0.51875 0.85125 0.51875 0.85125 0.5037499999999999
5 0.85625 0.61 0.8412499999999999 0.61 0.8412499999999999 0.63 0.85625 0.63 0.85625 0.61
5 0.6950000000000001 0.6625 0.6725 0.6625 0.6725 0.6775 0.6950000000000001 0.6775 0.6950000000000001 0.6625
5 0.67375 0.73625 0.65125 0.73625 0.65125 0.7537499999999999 0.67375 0.7537499999999999 0.67375 0.73625
5 0.7150000000000001 0.76625 0.7 0.76625 0.7 0.7787499999999999 0.7150000000000001 0.7787499999999999 0.7150000000000001 0.76625
5 0.59375 0.6950000000000001 0.57125 0.6950000000000001 0.57125 0.7125 0.59375 0.7125 0.59375 0.6950000000000001
5 0.61625 0.71 0.5962500000000001 0.71 0.5962500000000001 0.7224999999999999 0.61625 0.7224999999999999 0.61625 0.71
5 0.64625 0.7262500000000001 0.6287499999999999 0.7262500000000001 0.6287499999999999 0.73625 0.64625 0.73625 0.64625 0.7262500000000001
5 0.9949999999999999 0.62 0.985 0.62 0.985 0.6375 0.9949999999999999 0.6375 0.9949999999999999 0.62
5 0.9375 0.605 0.925 0.605 0.925 0.6275000000000001 0.9375 0.6275000000000001 0.9375 0.605
5 1 0.55 0.99125 0.55 0.99125 0.5675 1 0.5675 1 0.55
5 0.96 0.56875 0.9525 0.56875 0.9525 0.5862499999999999 0.96 0.5862499999999999 0.96 0.56875
5 0.05125 0.4925 0.03125 0.4925 0.03125 0.5025000000000001 0.05125 0.5025000000000001 0.05125 0.4925
5 0.11374999999999999 0.5287499999999999 0.09125 0.5287499999999999 0.09125 0.54125 0.11374999999999999 0.54125 0.11374999999999999 0.5287499999999999
5 0.19125 0.53125 0.17124999999999999 0.53125 0.17124999999999999 0.54375 0.19125 0.54375 0.19125 0.53125
5 0.3225 0.55 0.2975 0.55 0.2975 0.5700000000000001 0.3225 0.5700000000000001 0.3225 0.55
5 0.26875 0.5325 0.24625 0.5325 0.24625 0.5525 0.26875 0.5525 0.26875 0.5325
5 0.4325 0.6212500000000001 0.41500000000000004 0.6212500000000001 0.41500000000000004 0.63875 0.4325 0.63875 0.4325 0.6212500000000001
5 0.51125 0.675 0.49124999999999996 0.675 0.49124999999999996 0.6875 0.51125 0.6875 0.51125 0.675
5 0.27625 0.57875 0.25625 0.57875 0.25625 0.59375 0.27625 0.59375 0.27625 0.57875
5 0.48250000000000004 0.7162499999999999 0.465 0.7162499999999999 0.465 0.72875 0.48250000000000004 0.72875 0.48250000000000004 0.7162499999999999
5 0.5425 0.69875 0.52 0.69875 0.52 0.7162499999999999 0.5425 0.7162499999999999 0.5425 0.69875
5 0.5375 0.65625 0.52 0.65625 0.52 0.66875 0.5375 0.66875 0.5375 0.65625
5 0.6 0.73 0.585 0.73 0.585 0.7424999999999999 0.6 0.7424999999999999 0.6 0.73
5 0.5475 0.7675 0.5275000000000001 0.7675 0.5275000000000001 0.7775000000000001 0.5475 0.7775000000000001 0.5475 0.7675
5 0.7075 0.7849999999999999 0.6900000000000001 0.7849999999999999 0.6900000000000001 0.795 0.7075 0.795 0.7075 0.7849999999999999
5 0.5974999999999999 0.8125 0.5775 0.8125 0.5775 0.8275 0.5974999999999999 0.8275 0.5974999999999999 0.8125
5 0.67375 0.83125 0.65625 0.83125 0.65625 0.84375 0.67375 0.84375 0.67375 0.83125
5 0.6975 0.8412499999999999 0.6775 0.8412499999999999 0.6775 0.85375 0.6975 0.85375 0.6975 0.8412499999999999
5 0.8099999999999999 0.82125 0.79 0.82125 0.79 0.83625 0.8099999999999999 0.83625 0.8099999999999999 0.82125
5 0.8550000000000001 0.8099999999999999 0.8375 0.8099999999999999 0.8375 0.82 0.8550000000000001 0.82 0.8550000000000001 0.8099999999999999
5 0.9 0.825 0.8825 0.825 0.8825 0.835 0.9 0.835 0.9 0.825
5 0.925 0.83125 0.905 0.83125 0.905 0.8412499999999999 0.925 0.8412499999999999 0.925 0.83125
5 0.9625 0.8400000000000001 0.945 0.8400000000000001 0.945 0.85 0.9625 0.85 0.9625 0.8400000000000001
5 0.845 0.8775000000000001 0.825 0.8775000000000001 0.825 0.8925000000000001 0.845 0.8925000000000001 0.845 0.8775000000000001
5 0.7787499999999999 0.87625 0.76625 0.87625 0.76625 0.8862500000000001 0.7787499999999999 0.8862500000000001 0.7787499999999999 0.87625
5 0.805 0.88375 0.7849999999999999 0.88375 0.7849999999999999 0.89625 0.805 0.89625 0.805 0.88375
5 0.8375 0.89625 0.82 0.89625 0.82 0.90625 0.8375 0.90625 0.8375 0.89625
5 0.91625 0.915 0.89375 0.915 0.89375 0.93 0.91625 0.93 0.91625 0.915
5 0.96875 0.93 0.9512499999999999 0.93 0.9512499999999999 0.9375 0.96875 0.9375 0.96875 0.93
5 0.57875 0.8400000000000001 0.5587500000000001 0.8400000000000001 0.5587500000000001 0.85 0.57875 0.85 0.57875 0.8400000000000001
5 0.575 0.85 0.5549999999999999 0.85 0.5549999999999999 0.86 0.575 0.86 0.575 0.85
5 0.56875 0.8637499999999999 0.54625 0.8637499999999999 0.54625 0.87375 0.56875 0.87375 0.56875 0.8637499999999999
5 0.5625 0.87375 0.54 0.87375 0.54 0.88375 0.5625 0.88375 0.5625 0.87375
5 0.5875 0.82 0.5725 0.82 0.5725 0.8324999999999999 0.5875 0.8324999999999999 0.5875 0.82
5 0.5662499999999999 0.81375 0.55625 0.81375 0.55625 0.8262499999999999 0.5662499999999999 0.8262499999999999 0.5662499999999999 0.81375
5 0.5549999999999999 0.81125 0.545 0.81125 0.545 0.8237500000000001 0.5549999999999999 0.8237500000000001 0.5549999999999999 0.81125
5 0.53125 0.79875 0.51625 0.79875 0.51625 0.8087500000000001 0.53125 0.8087500000000001 0.53125 0.79875
5 0.465 0.8425 0.45499999999999996 0.8425 0.45499999999999996 0.865 0.465 0.865 0.465 0.8425
5 0.6975 0.88125 0.6799999999999999 0.88125 0.6799999999999999 0.89625 0.6975 0.89625 0.6975 0.88125
5 0.71375 0.9550000000000001 0.69875 0.9550000000000001 0.69875 0.9775 0.71375 0.9775 0.71375 0.9550000000000001
5 0.8712500000000001 0.9400000000000001 0.85875 0.9400000000000001 0.85875 0.96 0.8712500000000001 0.96 0.8712500000000001 0.9400000000000001
5 0.8625 0.9650000000000001 0.8525 0.9650000000000001 0.8525 0.9800000000000001 0.8625 0.9800000000000001 0.8625 0.9650000000000001
5 0.6837500000000001 0.70625 0.66625 0.70625 0.66625 0.7162499999999999 0.6837500000000001 0.7162499999999999 0.6837500000000001 0.70625