5 0.06875 0.43499999999999994 0.05625 0.43499999999999994 0.05625 0.45 0.06875 0.45 0.06875 0.43499999999999994
5 0.06 0.47750000000000004 0.042499999999999996 0.47750000000000004 0.042499999999999996 0.485 0.06 0.485 0.06 0.47750000000000004
5 0.06 0.4875 0.042499999999999996 0.4875 0.042499999999999996 0.49749999999999994 0.06 0.49749999999999994 0.06 0.4875
5 0.08249999999999999 0.47375 0.065 0.47375 0.065 0.48624999999999996 0.08249999999999999 0.48624999999999996 0.08249999999999999 0.47375
5 0.06999999999999999 0.5025000000000001 0.05 0.5025000000000001 0.05 0.515 0.06999999999999999 0.515 0.06999999999999999 0.5025000000000001
5 0.10625 0.4875 0.09125 0.4875 0.09125 0.49749999999999994 0.10625 0.49749999999999994 0.10625 0.4875
5 0.11499999999999999 0.44875 0.1025 0.44875 0.1025 0.45875000000000005 0.11499999999999999 0.45875000000000005 0.11499999999999999 0.44875
5 0.15625 0.4625 0.14125000000000001 0.4625 0.14125000000000001 0.475 0.15625 0.475 0.15625 0.4625
5 0.1325 0.45625 0.11750000000000001 0.45625 0.11750000000000001 0.46624999999999994 0.1325 0.46624999999999994 0.1325 0.45625
5 0.14625 0.42625 0.12875 0.42625 0.12875 0.43624999999999997 0.14625 0.43624999999999997 0.14625 0.42625
5 0.16499999999999998 0.44625000000000004 0.15 0.44625000000000004 0.15 0.45375 0.16499999999999998 0.45375 0.16499999999999998 0.44625000000000004
5 0.185 0.41125 0.1675 0.41125 0.1675 0.42125 0.185 0.42125 0.185 0.41125
5 0.1625 0.4175 0.145 0.4175 0.145 0.42750000000000005 0.1625 0.42750000000000005 0.1625 0.4175
5 0.2225 0.39625 0.205 0.39625 0.205 0.40625 0.2225 0.40625 0.2225 0.39625
5 0.22125 0.40750000000000003 0.20375000000000001 0.40750000000000003 0.20375000000000001 0.4175 0.22125 0.4175 0.22125 0.40750000000000003
5 0.26125 0.40374999999999994 0.24375 0.40374999999999994 0.24375 0.41125 0.26125 0.41125 0.26125 0.40374999999999994
5 0.3325 0.40750000000000003 0.315 0.40750000000000003 0.315 0.42000000000000004 0.3325 0.42000000000000004 0.3325 0.40750000000000003
5 0.3 0.3825 0.2725 0.3825 0.2725 0.4 0.3 0.4 0.3 0.3825
5 0.265 0.38 0.2525 0.38 0.2525 0.385 0.265 0.385 0.265 0.38
5 0.265 0.4225 0.2425 0.4225 0.2425 0.44000000000000006 0.265 0.44000000000000006 0.265 0.4225
5 0.34125 0.35875 0.31124999999999997 0.35875 0.31124999999999997 0.37875000000000003 0.34125 0.37875000000000003 0.34125 0.35875
5 0.355 0.39875 0.33999999999999997 0.39875 0.33999999999999997 0.40625 0.355 0.40625 0.355 0.39875
5 0.40750000000000003 0.37374999999999997 0.3875 0.37374999999999997 0.3875 0.38625 0.40750000000000003 0.38625 0.40750000000000003 0.37374999999999997
5 0.43624999999999997 0.36375 0.41624999999999995 0.36375 0.41624999999999995 0.37625000000000003 0.43624999999999997 0.37625000000000003 0.43624999999999997 0.36375
5 0.45875000000000005 0.3525 0.44125 0.3525 0.44125 0.365 0.45875000000000005 0.365 0.45875000000000005 0.3525
5 0.45 0.3325 0.4325 0.3325 0.4325 0.34249999999999997 0.45 0.34249999999999997 0.45 0.3325
5 0.38375 0.325 0.36875 0.325 0.36875 0.3325 0.38375 0.3325 0.38375 0.325
5 0.5325 0.29625 0.515 0.29625 0.515 0.30874999999999997 0.5325 0.30874999999999997 0.5325 0.29625
5 0.5475 0.30125 0.5325 0.30125 0.5325 0.31124999999999997 0.5475 0.31124999999999997 0.5475 0.30125
5 0.5587500000000001 0.30625 0.54125 0.30625 0.54125 0.31875 0.5587500000000001 0.31875 0.5587500000000001 0.30625
5 0.5375 0.31625000000000003 0.5225 0.31625000000000003 0.5225 0.32875 0.5375 0.32875 0.5375 0.31625000000000003
5 0.49874999999999997 0.3325 0.48125 0.3325 0.48125 0.34750000000000003 0.49874999999999997 0.34750000000000003 0.49874999999999997 0.3325
5 0.51125 0.35125 0.50125 0.35125 0.50125 0.36625 0.51125 0.36625 0.51125 0.35125
5 0.5337500000000001 0.33875 0.51875 0.33875 0.51875 0.35625 0.5337500000000001 0.35625 0.5337500000000001 0.33875
5 0.545 0.335 0.53 0.335 0.53 0.3525 0.545 0.3525 0.545 0.335
5 0.48624999999999996 0.3625 0.46875 0.3625 0.46875 0.3775 0.48624999999999996 0.3775 0.48624999999999996 0.3625
5 0.46375 0.3725 0.44625000000000004 0.3725 0.44625000000000004 0.3875 0.46375 0.3875 0.46375 0.3725
5 0.45 0.37625000000000003 0.43499999999999994 0.37625000000000003 0.43499999999999994 0.38875000000000004 0.45 0.38875000000000004 0.45 0.37625000000000003
5 0.425 0.39375 0.4175 0.39375 0.4175 0.40625 0.425 0.40625 0.425 0.39375
5 0.33625 0.4725 0.32375 0.4725 0.32375 0.49000000000000005 0.33625 0.49000000000000005 0.33625 0.4725
5 0.26625 0.46749999999999997 0.25125000000000003 0.46749999999999997 0.25125000000000003 0.475 0.26625 0.475 0.26625 0.46749999999999997
5 0.275 0.485 0.255 0.485 0.255 0.4925 0.275 0.4925 0.275 0.485
5 0.33375 0.43 0.32125 0.43 0.32125 0.445 0.33375 0.445 0.33375 0.43
5 0.3025 0.525 0.28250000000000003 0.525 0.28250000000000003 0.5349999999999999 0.3025 0.5349999999999999 0.3025 0.525
5 0.32875 0.5287499999999999 0.30625 0.5287499999999999 0.30625 0.5387500000000001 0.32875 0.5387500000000001 0.32875 0.5287499999999999
5 0.26 0.5287499999999999 0.24 0.5287499999999999 0.24 0.54375 0.26 0.54375 0.26 0.5287499999999999
5 0.20875 0.44125 0.19375 0.44125 0.19375 0.45125000000000004 0.20875 0.45125000000000004 0.20875 0.44125
5 0.7424999999999999 0.45625 0.7275 0.45625 0.7275 0.47125000000000006 0.7424999999999999 0.47125000000000006 0.7424999999999999 0.45625
5 0.57875 0.27749999999999997 0.56375 0.27749999999999997 0.56375 0.29 0.57875 0.29 0.57875 0.27749999999999997
5 0.62 0.25625 0.6025 0.25625 0.6025 0.27125 0.62 0.27125 0.62 0.25625
5 0.675 0.24874999999999997 0.655 0.24874999999999997 0.655 0.26625 0.675 0.26625 0.675 0.24874999999999997
5 0.69625 0.24 0.67875 0.24 0.67875 0.2525 0.69625 0.2525 0.69625 0.24
5 0.6287499999999999 0.225 0.61125 0.225 0.61125 0.2375 0.6287499999999999 0.2375 0.6287499999999999 0.225
5 0.69875 0.11374999999999999 0.68125 0.11374999999999999 0.68125 0.12125 0.69875 0.12125 0.69875 0.11374999999999999
5 0.6975 0.12250000000000001 0.6825 0.12250000000000001 0.6825 0.13 0.6975 0.13 0.6975 0.12250000000000001
5 0.7224999999999999 0.18 0.7075 0.18 0.7075 0.1925 0.7224999999999999 0.1925 0.7224999999999999 0.18
5 0.72375 0.205 0.70875 0.205 0.70875 0.22000000000000003 0.72375 0.22000000000000003 0.72375 0.205
5 0.75125 0.195 0.73375 0.195 0.73375 0.20750000000000002 0.75125 0.20750000000000002 0.75125 0.195
5 0.7125 0.26 0.7025 0.26 0.7025 0.2725 0.7125 0.2725 0.7125 0.26
5 0.725 0.25125000000000003 0.7150000000000001 0.25125000000000003 0.7150000000000001 0.26625 0.725 0.26625 0.725 0.25125000000000003
5 0.74 0.24375 0.73 0.24375 0.73 0.26125 0.74 0.26125 0.74 0.24375
5 0.775 0.22625 0.765 0.22625 0.765 0.24125000000000002 0.775 0.24125000000000002 0.775 0.22625
5 0.7575000000000001 0.23625 0.7474999999999999 0.23625 0.7474999999999999 0.25375000000000003 0.7575000000000001 0.25375000000000003 0.7575000000000001 0.23625
5 0.79 0.1775 0.7725 0.1775 0.7725 0.1875 0.79 0.1875 0.79 0.1775
5 0.79125 0.1925 0.76875 0.1925 0.76875 0.21000000000000002 0.79125 0.21000000000000002 0.79125 0.1925
5 0.8712500000000001 0.13625 0.85875 0.13625 0.85875 0.14875 0.8712500000000001 0.14875 0.8712500000000001 0.13625
5 0.89875 0.1075 0.88375 0.1075 0.88375 0.12 0.89875 0.12 0.89875 0.1075
5 0.5175 0.8012499999999999 0.51 0.8012499999999999 0.51 0.8162499999999999 0.5175 0.8162499999999999 0.5175 0.8012499999999999
5 0.51375 0.75 0.50625 0.75 0.50625 0.7625 0.51375 0.7625 0.51375 0.75
5 0.53125 0.71 0.52125 0.71 0.52125 0.7224999999999999 0.53125 0.7224999999999999 0.53125 0.71
5 0.50875 0.86875 0.49124999999999996 0.86875 0.49124999999999996 0.88125 0.50875 0.88125 0.50875 0.86875
5 0.46624999999999994 0.8724999999999999 0.45125000000000004 0.8724999999999999 0.45125000000000004 0.8825 0.46624999999999994 0.8825 0.46624999999999994 0.8724999999999999
5 0.5225 0.8949999999999999 0.505 0.8949999999999999 0.505 0.9025000000000001 0.5225 0.9025000000000001 0.5225 0.8949999999999999
5 0.43624999999999997 0.8825 0.41875 0.8825 0.41875 0.8975 0.43624999999999997 0.8975 0.43624999999999997 0.8825
5 0.42374999999999996 0.8875 0.40625 0.8875 0.40625 0.9025000000000001 0.42374999999999996 0.9025000000000001 0.42374999999999996 0.8875
5 0.05 0.95375 0.0375 0.95375 0.0375 0.9712500000000001 0.05 0.9712500000000001 0.05 0.95375
5 0.05625 0.9824999999999999 0.04375 0.9824999999999999 0.04375 0.9949999999999999 0.05625 0.9949999999999999 0.05625 0.9824999999999999
5 0.41500000000000004 0.30375 0.395 0.30375 0.395 0.32375 0.41500000000000004 0.32375 0.41500000000000004 0.30375
5 0.18875 0.43375 0.17875000000000002 0.43375 0.17875000000000002 0.44375 0.18875 0.44375 0.18875 0.43375
5 0.305 0.35875 0.3 0.35875 0.3 0.36875 0.305 0.36875 0.305 0.35875
5 0.56375 0.26125 0.54875 0.26125 0.54875 0.27125 0.56375 0.27125 0.56375 0.26125
5 0.8074999999999999 0.14625 0.795 0.14625 0.795 0.15875 0.8074999999999999 0.15875 0.8074999999999999 0.14625
5 0.75875 0.15 0.7462500000000001 0.15 0.7462500000000001 0.16499999999999998 0.75875 0.16499999999999998 0.75875 0.15
5 0.9099999999999999 0.08625000000000001 0.8925000000000001 0.08625000000000001 0.8925000000000001 0.09875 0.9099999999999999 0.09875 0.9099999999999999 0.08625000000000001
5 0.96875 0.11125 0.95625 0.11125 0.95625 0.12125 0.96875 0.12125 0.96875 0.11125
5 0.96125 0.10625 0.9487500000000001 0.10625 0.9487500000000001 0.11374999999999999 0.96125 0.11374999999999999 0.96125 0.10625
5 0.82875 0.17375000000000002 0.81875 0.17375000000000002 0.81875 0.18375 0.82875 0.18375 0.82875 0.17375000000000002
5 0.81875 0.16375 0.80625 0.16375 0.80625 0.17875000000000002 0.81875 0.17875000000000002 0.81875 0.16375
5 0.6799999999999999 0.08875 0.6625 0.08875 0.6625 0.10625 0.6799999999999999 0.10625 0.6799999999999999 0.08875
5 0.9375 0.10625 0.9225 0.10625 0.9225 0.11625 0.9375 0.11625 0.9375 0.10625
5 0.91625 0.12 0.89875 0.12 0.89875 0.1325 0.91625 0.1325 0.91625 0.12
5 0.80375 0.425 0.79375 0.425 0.79375 0.43 0.80375 0.43 0.80375 0.425
5 0.69375 0.41500000000000004 0.67125 0.41500000000000004 0.67125 0.445 0.69375 0.445 0.69375 0.41500000000000004
5 0.48250000000000004 0.29625 0.465 0.29625 0.465 0.30874999999999997 0.48250000000000004 0.30874999999999997 0.48250000000000004 0.29625
5 0.51625 0.26 0.5037499999999999 0.26 0.5037499999999999 0.27 0.51625 0.27 0.51625 0.26
5 0.3075 0.4175 0.29 0.4175 0.29 0.43499999999999994 0.3075 0.43499999999999994 0.3075 0.4175
5 0.42374999999999996 0.355 0.40875000000000006 0.355 0.40875000000000006 0.365 0.42374999999999996 0.365 0.42374999999999996 0.355
5 0.3875 0.34125 0.3775 0.34125 0.3775 0.34875 0.3875 0.34875 0.3875 0.34125
5 0.38125 0.38375 0.36875 0.38375 0.36875 0.40125 0.38125 0.40125 0.38125 0.38375
5 0.16625 0.43125 0.15375 0.43125 0.15375 0.44125 0.16625 0.44125 0.16625 0.43125
5 0.20375000000000001 0.40499999999999997 0.19125 0.40499999999999997 0.19125 0.41500000000000004 0.20375000000000001 0.41500000000000004 0.20375000000000001 0.40499999999999997
5 0.04 0.96 0.027500000000000004 0.96 0.027500000000000004 0.9800000000000001 0.04 0.9800000000000001 0.04 0.96
5 0.09125 1 0.09125 0.99375 0.07625 0.99375 0.07625 1 0.09125 1
5 0.06875 0.975 0.058750000000000004 0.975 0.058750000000000004 0.985 0.06875 0.985 0.06875 0.975
5 0.36124999999999996 0.97875 0.34375 0.97875 0.34375 0.9962500000000001 0.36124999999999996 0.9962500000000001 0.36124999999999996 0.97875
5 0.82875 0.57375 0.81375 0.57375 0.81375 0.59375 0.82875 0.59375 0.82875 0.57375
5 0.72 0.92125 0.71 0.92125 0.71 0.93125 0.72 0.93125 0.72 0.92125
5 0.47874999999999995 0.0925 0.46375 0.0925 0.46375 0.11000000000000001 0.47874999999999995 0.11000000000000001 0.47874999999999995 0.0925
5 0.34375 0.425 0.33375 0.425 0.33375 0.4425 0.34375 0.4425 0.34375 0.425
5 0.27625 0.4925 0.25375000000000003 0.4925 0.25375000000000003 0.5025000000000001 0.27625 0.5025000000000001 0.27625 0.4925
5 0.11000000000000001 0.46624999999999994 0.0925 0.46624999999999994 0.0925 0.48125 0.11000000000000001 0.48125 0.11000000000000001 0.46624999999999994
5 0.19875 0.41500000000000004 0.17875000000000002 0.41500000000000004 0.17875000000000002 0.42750000000000005 0.19875 0.42750000000000005 0.19875 0.41500000000000004
5 0.26749999999999996 0.47375 0.25 0.47375 0.25 0.48375 0.26749999999999996 0.48375 0.26749999999999996 0.47375
5 0.34875 0.46875 0.33375 0.46875 0.33375 0.48624999999999996 0.34875 0.48624999999999996 0.34875 0.46875
5 0.35875 0.465 0.34125 0.465 0.34125 0.485 0.35875 0.485 0.35875 0.465
5 0.37124999999999997 0.46125 0.35125 0.46125 0.35125 0.47874999999999995 0.37124999999999997 0.47874999999999995 0.37124999999999997 0.46125
5 0.37875000000000003 0.4575 0.35875 0.4575 0.35875 0.47750000000000004 0.37875000000000003 0.47750000000000004 0.37875000000000003 0.4575
5 0.38625 0.45499999999999996 0.36625 0.45499999999999996 0.36625 0.47000000000000003 0.38625 0.47000000000000003 0.38625 0.45499999999999996
5 0.39125 0.4525 0.37374999999999997 0.4525 0.37374999999999997 0.46749999999999997 0.39125 0.46749999999999997 0.39125 0.4525
5 0.55375 0.20625 0.54125 0.20625 0.54125 0.22125 0.55375 0.22125 0.55375 0.20625