5 0.16625 0.43375 0.15875 0.43375 0.15875 0.45125000000000004 0.16625 0.45125000000000004 0.16625 0.43375
5 0.18125 0.4375 0.17124999999999999 0.4375 0.17124999999999999 0.44749999999999995 0.18125 0.44749999999999995 0.18125 0.4375
5 0.135 0.4225 0.1275 0.4225 0.1275 0.43499999999999994 0.135 0.43499999999999994 0.135 0.4225
5 0.125 0.425 0.11750000000000001 0.425 0.11750000000000001 0.43499999999999994 0.125 0.43499999999999994 0.125 0.425
5 0.1125 0.4225 0.1025 0.4225 0.1025 0.43499999999999994 0.1125 0.43499999999999994 0.1125 0.4225
5 0.1025 0.4225 0.095 0.4225 0.095 0.43499999999999994 0.1025 0.43499999999999994 0.1025 0.4225
5 0.09125 0.42125 0.08125 0.42125 0.08125 0.43125 0.09125 0.43125 0.09125 0.42125
5 0.026250000000000002 0.40625 0.01875 0.40625 0.01875 0.42374999999999996 0.026250000000000002 0.42374999999999996 0.026250000000000002 0.40625
5 0.05125 0.36375 0.03125 0.36375 0.03125 0.37374999999999997 0.05125 0.37374999999999997 0.05125 0.36375
5 0 0.35875 0.015 0.35875 0.015 0.34875 0 0.34875 0 0.35875
5 0.05 0.80375 0.034999999999999996 0.80375 0.034999999999999996 0.8262499999999999 0.05 0.8262499999999999 0.05 0.80375
5 0.03125 0.7725 0.008749999999999999 0.7725 0.008749999999999999 0.8175000000000001 0.03125 0.8175000000000001 0.03125 0.7725
5 0.07625 0.7787499999999999 0.05625 0.7787499999999999 0.05625 0.8262499999999999 0.07625 0.8262499999999999 0.07625 0.7787499999999999
5 0.0675 0.49375 0.05500000000000001 0.49375 0.05500000000000001 0.5237499999999999 0.0675 0.5237499999999999 0.0675 0.49375
5 0.16875 0.5349999999999999 0.11875 0.5349999999999999 0.11875 0.55 0.16875 0.55 0.16875 0.5349999999999999
5 0.26 0.5075000000000001 0.2525 0.5075000000000001 0.2525 0.525 0.26 0.525 0.26 0.5075000000000001
5 0.325 0.52125 0.31 0.52125 0.31 0.54125 0.325 0.54125 0.325 0.52125
5 0.27999999999999997 0.51375 0.27 0.51375 0.27 0.5237499999999999 0.27999999999999997 0.5237499999999999 0.27999999999999997 0.51375
5 0.315 0.4125 0.305 0.4125 0.305 0.42750000000000005 0.315 0.42750000000000005 0.315 0.4125
5 0.15125 0.5825 0.10375000000000001 0.5825 0.10375000000000001 0.605 0.15125 0.605 0.15125 0.5825
5 0.18125 0.485 0.13125 0.485 0.13125 0.505 0.18125 0.505 0.18125 0.485
5 0.16 0.49625 0.125 0.49625 0.125 0.51125 0.16 0.51125 0.16 0.49625
5 0.22000000000000003 0.60625 0.20750000000000002 0.60625 0.20750000000000002 0.62625 0.22000000000000003 0.62625 0.22000000000000003 0.60625
5 0.05625 0.38625 0.04875 0.38625 0.04875 0.39625 0.05625 0.39625 0.05625 0.38625
5 0.83125 0.0225 0.81125 0.0225 0.81125 0.034999999999999996 0.83125 0.034999999999999996 0.83125 0.0225
5 0.49625 0.57125 0.48375 0.57125 0.48375 0.59375 0.49625 0.59375 0.49625 0.57125
5 0.5125 0.5862499999999999 0.5025000000000001 0.5862499999999999 0.5025000000000001 0.59875 0.5125 0.59875 0.5125 0.5862499999999999
5 0.92125 0.93 0.88125 0.93 0.88125 0.975 0.92125 0.975 0.92125 0.93
5 0.7537499999999999 0.79375 0.73875 0.79375 0.73875 0.81125 0.7537499999999999 0.81125 0.7537499999999999 0.79375
5 0.905 0.89875 0.8724999999999999 0.89875 0.8724999999999999 0.9337500000000001 0.905 0.9337500000000001 0.905 0.89875
5 0.95625 0.51 0.9262499999999999 0.51 0.9262499999999999 0.55 0.95625 0.55 0.95625 0.51
5 0.03375 0.945 0.02375 0.945 0.02375 0.9574999999999999 0.03375 0.9574999999999999 0.03375 0.945
5 0.041249999999999995 0.94625 0.03375 0.94625 0.03375 0.96125 0.041249999999999995 0.96125 0.041249999999999995 0.94625
5 0.052500000000000005 0.9475 0.042499999999999996 0.9475 0.042499999999999996 0.9625 0.052500000000000005 0.9625 0.052500000000000005 0.9475
5 0.0675 0.9512499999999999 0.06 0.9512499999999999 0.06 0.96125 0.0675 0.96125 0.0675 0.9512499999999999
5 0.0775 0.9525 0.06999999999999999 0.9525 0.06999999999999999 0.9650000000000001 0.0775 0.9650000000000001 0.0775 0.9525
5 0.08625000000000001 0.95375 0.07875 0.95375 0.07875 0.96875 0.08625000000000001 0.96875 0.08625000000000001 0.95375
5 0.09625 0.9574999999999999 0.08625000000000001 0.9574999999999999 0.08625000000000001 0.97 0.09625 0.97 0.09625 0.9574999999999999
5 0.10625 0.95875 0.09625 0.95875 0.09625 0.9712500000000001 0.10625 0.9712500000000001 0.10625 0.95875
5 0.1125 0.96 0.10500000000000001 0.96 0.10500000000000001 0.975 0.1125 0.975 0.1125 0.96
5 0.12125 0.96125 0.11374999999999999 0.96125 0.11374999999999999 0.9737500000000001 0.12125 0.9737500000000001 0.12125 0.96125
5 0.1325 0.9650000000000001 0.12250000000000001 0.9650000000000001 0.12250000000000001 0.975 0.1325 0.975 0.1325 0.9650000000000001
5 0.14125000000000001 0.9662499999999999 0.13125 0.9662499999999999 0.13125 0.97875 0.14125000000000001 0.97875 0.14125000000000001 0.9662499999999999
5 0.15125 0.96875 0.14125000000000001 0.96875 0.14125000000000001 0.97875 0.15125 0.97875 0.15125 0.96875
5 0.15875 0.97 0.14875 0.97 0.14875 0.9824999999999999 0.15875 0.9824999999999999 0.15875 0.97
5 0.16625 0.9724999999999999 0.15875 0.9724999999999999 0.15875 0.9824999999999999 0.16625 0.9824999999999999 0.16625 0.9724999999999999
5 0.17625 0.9724999999999999 0.16875 0.9724999999999999 0.16875 0.985 0.17625 0.985 0.17625 0.9724999999999999
5 0.18625 0.9724999999999999 0.17875000000000002 0.9724999999999999 0.17875000000000002 0.985 0.18625 0.985 0.18625 0.9724999999999999
5 0.195 0.975 0.1875 0.975 0.1875 0.9875 0.195 0.9875 0.195 0.975
5 0.20750000000000002 0.97625 0.195 0.97625 0.195 0.9887499999999999 0.20750000000000002 0.9887499999999999 0.20750000000000002 0.97625
5 0.03 0.95875 0.017499999999999998 0.95875 0.017499999999999998 0.9712500000000001 0.03 0.9712500000000001 0.03 0.95875
5 0.03875 0.9625 0.03125 0.9625 0.03125 0.9724999999999999 0.03875 0.9724999999999999 0.03875 0.9625
5 0.09375 0.97 0.08375 0.97 0.08375 0.985 0.09375 0.985 0.09375 0.97
5 0.1025 0.9724999999999999 0.095 0.9724999999999999 0.095 0.9824999999999999 0.1025 0.9824999999999999 0.1025 0.9724999999999999
5 0.11875 0.975 0.11125 0.975 0.11125 0.985 0.11875 0.985 0.11875 0.975
5 0.06625 0.9625 0.05625 0.9625 0.05625 0.975 0.06625 0.975 0.06625 0.9625
5 0.1275 0.9775 0.12 0.9775 0.12 0.99 0.1275 0.99 0.1275 0.9775
5 0.1375 0.97875 0.13 0.97875 0.13 0.9887499999999999 0.1375 0.9887499999999999 0.1375 0.97875
5 0.155 0.9824999999999999 0.145 0.9824999999999999 0.145 0.9925 0.155 0.9925 0.155 0.9824999999999999
5 0.16499999999999998 0.98375 0.155 0.98375 0.155 0.99375 0.16499999999999998 0.99375 0.16499999999999998 0.98375
5 0.061250000000000006 1 0.061250000000000006 0.99125 0.05125 0.99125 0.05125 1 0.061250000000000006 1
5 0.07125000000000001 1 0.07125000000000001 0.9925 0.061250000000000006 0.9925 0.061250000000000006 1 0.07125000000000001 1
5 0.69375 0.26 0.6637500000000001 0.26 0.6637500000000001 0.3175 0.69375 0.3175 0.69375 0.26
5 0.6799999999999999 0.3175 0.65 0.3175 0.65 0.37 0.6799999999999999 0.37 0.6799999999999999 0.3175
5 0.6637500000000001 0.37 0.62625 0.37 0.62625 0.4525 0.6637500000000001 0.4525 0.6637500000000001 0.37
5 0.14250000000000002 0.61 0.095 0.61 0.095 0.6325000000000001 0.14250000000000002 0.6325000000000001 0.14250000000000002 0.61
5 0.13625 0.6224999999999999 0.08375 0.6224999999999999 0.08375 0.645 0.13625 0.645 0.13625 0.6224999999999999
5 0.16125 0.55625 0.11125 0.55625 0.11125 0.57375 0.16125 0.57375 0.16125 0.55625
5 0.15875 0.57125 0.10874999999999999 0.57125 0.10874999999999999 0.5862499999999999 0.15875 0.5862499999999999 0.15875 0.57125
5 0.14875 0.5962500000000001 0.09875 0.5962500000000001 0.09875 0.61875 0.14875 0.61875 0.14875 0.5962500000000001