5 0.11875 0.02375 0.10625 0.02375 0.10625 0.03625 0.11875 0.03625 0.11875 0.02375
5 0.26875 0.46624999999999994 0.25875 0.46624999999999994 0.25875 0.48125 0.26875 0.48125 0.26875 0.46624999999999994
5 0.1375 0.013750000000000002 0.11499999999999999 0.013750000000000002 0.11499999999999999 0.04375 0.1375 0.04375 0.1375 0.013750000000000002
5 0.16125 0 0.16125 0.02 0.18875 0.02 0.18875 0 0.16125 0
5 0.1775 0.00375 0.15 0.00375 0.15 0.03125 0.1775 0.03125 0.1775 0.00375
5 0.15875 0.0225 0.14125000000000001 0.0225 0.14125000000000001 0.04 0.15875 0.04 0.15875 0.0225
5 0.042499999999999996 0 0.042499999999999996 0.0075 0.05 0.0075 0.05 0 0.042499999999999996 0
5 0.1875 0 0.1875 0.0125 0.21000000000000002 0.0125 0.21000000000000002 0 0.1875 0
5 0.14750000000000002 0.08 0.1275 0.08 0.1275 0.1 0.14750000000000002 0.1 0.14750000000000002 0.08
5 0.15125 0.10874999999999999 0.12875 0.10874999999999999 0.12875 0.13125 0.15125 0.13125 0.15125 0.10874999999999999
5 0.16375 0.09875 0.13625 0.09875 0.13625 0.12875 0.16375 0.12875 0.16375 0.09875
5 0.17625 0.0975 0.15125 0.0975 0.15125 0.12250000000000001 0.17625 0.12250000000000001 0.17625 0.0975
5 0.35625 0.28625 0.34375 0.28625 0.34375 0.30125 0.35625 0.30125 0.35625 0.28625
5 0.24874999999999997 0.275 0.23875000000000002 0.275 0.23875000000000002 0.2875 0.24874999999999997 0.2875 0.24874999999999997 0.275
5 0.4025 0.1825 0.385 0.1825 0.385 0.195 0.4025 0.195 0.4025 0.1825
5 0.1275 0.05625 0.11499999999999999 0.05625 0.11499999999999999 0.07375000000000001 0.1275 0.07375000000000001 0.1275 0.05625
5 0.11750000000000001 0.058750000000000004 0.10500000000000001 0.058750000000000004 0.10500000000000001 0.07625 0.11750000000000001 0.07625 0.11750000000000001 0.058750000000000004
5 0.33875 0.02375 0.31875 0.02375 0.31875 0.04625 0.33875 0.04625 0.33875 0.02375
5 0.5875 0.005 0.5775 0.005 0.5775 0.02 0.5875 0.02 0.5875 0.005
5 0.73125 0.21125 0.7212500000000001 0.21125 0.7212500000000001 0.22875 0.73125 0.22875 0.73125 0.21125
5 0.6975 0.1575 0.6825 0.1575 0.6825 0.17250000000000001 0.6975 0.17250000000000001 0.6975 0.1575
5 0.83125 0.7725 0.81125 0.7725 0.81125 0.7849999999999999 0.83125 0.7849999999999999 0.83125 0.7725