5 0.9574999999999999 0.14625 0.9375 0.14625 0.9375 0.16125 0.9574999999999999 0.16125 0.9574999999999999 0.14625
5 0.9487500000000001 0.18 0.93125 0.18 0.93125 0.195 0.9487500000000001 0.195 0.9487500000000001 0.18
5 1 0.19624999999999998 0.99 0.19624999999999998 0.99 0.21125 1 0.21125 1 0.19624999999999998
5 0.9925 0.19624999999999998 0.9824999999999999 0.19624999999999998 0.9824999999999999 0.21625 0.9925 0.21625 0.9925 0.19624999999999998
5 0.9824999999999999 0.19875 0.9724999999999999 0.19875 0.9724999999999999 0.21625 0.9824999999999999 0.21625 0.9824999999999999 0.19875
5 0.9724999999999999 0.205 0.9550000000000001 0.205 0.9550000000000001 0.225 0.9724999999999999 0.225 0.9724999999999999 0.205
5 0.95875 0.2125 0.94625 0.2125 0.94625 0.22749999999999998 0.95875 0.22749999999999998 0.95875 0.2125
5 0.945 0.21875 0.9324999999999999 0.21875 0.9324999999999999 0.23374999999999999 0.945 0.23374999999999999 0.945 0.21875
5 0.9337500000000001 0.22875 0.9237500000000001 0.22875 0.9237500000000001 0.23875000000000002 0.9337500000000001 0.23875000000000002 0.9337500000000001 0.22875
5 0.925 0.23500000000000001 0.9099999999999999 0.23500000000000001 0.9099999999999999 0.24500000000000002 0.925 0.24500000000000002 0.925 0.23500000000000001
5 0.9400000000000001 0.20125 0.9199999999999999 0.20125 0.9199999999999999 0.21375000000000002 0.9400000000000001 0.21375000000000002 0.9400000000000001 0.20125
5 0.795 0.21625 0.7725 0.21625 0.7725 0.23374999999999999 0.795 0.23374999999999999 0.795 0.21625
5 0.79875 0.2425 0.77625 0.2425 0.77625 0.2575 0.79875 0.2575 0.79875 0.2425
5 0.875 0.25125000000000003 0.8625 0.25125000000000003 0.8625 0.26875 0.875 0.26875 0.875 0.25125000000000003
5 0.8474999999999999 0.25875 0.8324999999999999 0.25875 0.8324999999999999 0.27625 0.8474999999999999 0.27625 0.8474999999999999 0.25875
5 0.8300000000000001 0.26375000000000004 0.8150000000000001 0.26375000000000004 0.8150000000000001 0.28375 0.8300000000000001 0.28375 0.8300000000000001 0.26375000000000004
5 0.8625 0.24874999999999997 0.8474999999999999 0.24874999999999997 0.8474999999999999 0.27375 0.8625 0.27375 0.8625 0.24874999999999997
5 0.8875 0.225 0.8675 0.225 0.8675 0.24 0.8875 0.24 0.8875 0.225
5 0.89875 0.28375 0.8862500000000001 0.28375 0.8862500000000001 0.29625 0.89875 0.29625 0.89875 0.28375
5 0.72375 0.27625 0.70125 0.27625 0.70125 0.29125 0.72375 0.29125 0.72375 0.27625
5 0.70625 0.25875 0.68625 0.25875 0.68625 0.27125 0.70625 0.27125 0.70625 0.25875
5 0.6725 0.2575 0.65 0.2575 0.65 0.2725 0.6725 0.2725 0.6725 0.2575
5 0.63 0.2925 0.6125 0.2925 0.6125 0.3025 0.63 0.3025 0.63 0.2925
5 0.5962500000000001 0.2975 0.57875 0.2975 0.57875 0.3075 0.5962500000000001 0.3075 0.5962500000000001 0.2975
5 0.5575 0.30874999999999997 0.5425 0.30874999999999997 0.5425 0.32125 0.5575 0.32125 0.5575 0.30874999999999997
5 0.58875 0.3175 0.56875 0.3175 0.56875 0.3325 0.58875 0.3325 0.58875 0.3175
5 0.605 0.3275 0.5875 0.3275 0.5875 0.33999999999999997 0.605 0.33999999999999997 0.605 0.3275
5 0.54875 0.32999999999999996 0.52625 0.32999999999999996 0.52625 0.34249999999999997 0.54875 0.34249999999999997 0.54875 0.32999999999999996
5 0.49749999999999994 0.35625 0.47750000000000004 0.35625 0.47750000000000004 0.37124999999999997 0.49749999999999994 0.37124999999999997 0.49749999999999994 0.35625
5 0.51625 0.3675 0.49375 0.3675 0.49375 0.3825 0.51625 0.3825 0.51625 0.3675
5 0.43875000000000003 0.3825 0.42125 0.3825 0.42125 0.39249999999999996 0.43875000000000003 0.39249999999999996 0.43875000000000003 0.3825
5 0.46624999999999994 0.38875000000000004 0.44875 0.38875000000000004 0.44875 0.40374999999999994 0.46624999999999994 0.40374999999999994 0.46624999999999994 0.38875000000000004
5 0.48375 0.39375 0.46375 0.39375 0.46375 0.40625 0.48375 0.40625 0.48375 0.39375
5 0.475 0.40875000000000006 0.4525 0.40875000000000006 0.4525 0.42125 0.475 0.42125 0.475 0.40875000000000006
5 0.375 0.44375 0.36 0.44375 0.36 0.45625 0.375 0.45625 0.375 0.44375
5 0.35125 0.3875 0.32875 0.3875 0.32875 0.4025 0.35125 0.4025 0.35125 0.3875
5 0.11875 0.7737499999999999 0.10625 0.7737499999999999 0.10625 0.78625 0.11875 0.78625 0.11875 0.7737499999999999
5 0.11125 0.6825 0.09625 0.6825 0.09625 0.6975 0.11125 0.6975 0.11125 0.6825
5 0.12125 0.6775 0.10874999999999999 0.6775 0.10874999999999999 0.6925 0.12125 0.6925 0.12125 0.6775
5 0.13374999999999998 0.67375 0.11875 0.67375 0.11875 0.68875 0.13374999999999998 0.68875 0.13374999999999998 0.67375
5 0.0225 0.5962500000000001 0.0075 0.5962500000000001 0.0075 0.60375 0.0225 0.60375 0.0225 0.5962500000000001
5 0.08625000000000001 0.57625 0.06875 0.57625 0.06875 0.58875 0.08625000000000001 0.58875 0.08625000000000001 0.57625
5 0.12375 0.54875 0.10625 0.54875 0.10625 0.56125 0.12375 0.56125 0.12375 0.54875
5 0.125 0.5599999999999999 0.1075 0.5599999999999999 0.1075 0.5700000000000001 0.125 0.5700000000000001 0.125 0.5599999999999999
5 0.18375 0.5337500000000001 0.16875 0.5337500000000001 0.16875 0.54375 0.18375 0.54375 0.18375 0.5337500000000001
5 0.27125 0.49000000000000005 0.25375000000000003 0.49000000000000005 0.25375000000000003 0.5 0.27125 0.5 0.27125 0.49000000000000005
5 0.3025 0.46875 0.27749999999999997 0.46875 0.27749999999999997 0.48875 0.3025 0.48875 0.3025 0.46875
5 0.33875 0.43125 0.32125 0.43125 0.32125 0.44375 0.33875 0.44375 0.33875 0.43125
5 0.29625 0.41624999999999995 0.28125 0.41624999999999995 0.28125 0.42374999999999996 0.29625 0.42374999999999996 0.29625 0.41624999999999995
5 0.43 0.5175 0.4175 0.5175 0.4175 0.5325 0.43 0.5325 0.43 0.5175
5 0.925 0.6224999999999999 0.9075 0.6224999999999999 0.9075 0.6275000000000001 0.925 0.6275000000000001 0.925 0.6224999999999999
5 0.0925 0.7125 0.0675 0.7125 0.0675 0.7325 0.0925 0.7325 0.0925 0.7125
5 0.155 0.6537499999999999 0.14250000000000002 0.6537499999999999 0.14250000000000002 0.68625 0.155 0.68625 0.155 0.6537499999999999
5 0.1375 0.76375 0.11499999999999999 0.76375 0.11499999999999999 0.79375 0.1375 0.79375 0.1375 0.76375
5 0.18875 0.74 0.16125 0.74 0.16125 0.77 0.18875 0.77 0.18875 0.74
5 0.1775 0.7537499999999999 0.15 0.7537499999999999 0.15 0.78125 0.1775 0.78125 0.1775 0.7537499999999999
5 0.15875 0.7725 0.14125000000000001 0.7725 0.14125000000000001 0.79 0.15875 0.79 0.15875 0.7725
5 0.05 0.7474999999999999 0.042499999999999996 0.7474999999999999 0.042499999999999996 0.7575000000000001 0.05 0.7575000000000001 0.05 0.7474999999999999
5 0.22749999999999998 0.72 0.2125 0.72 0.2125 0.74 0.22749999999999998 0.74 0.22749999999999998 0.72
5 0.21000000000000002 0.74 0.1875 0.74 0.1875 0.7625 0.21000000000000002 0.7625 0.21000000000000002 0.74
5 0.16999999999999998 0.56125 0.15 0.56125 0.15 0.57625 0.16999999999999998 0.57625 0.16999999999999998 0.56125
5 0.185 0.49625 0.1125 0.49625 0.1125 0.5387500000000001 0.185 0.5387500000000001 0.185 0.49625
5 0.14750000000000002 0.8300000000000001 0.1275 0.8300000000000001 0.1275 0.85 0.14750000000000002 0.85 0.14750000000000002 0.8300000000000001
5 0.15125 0.85875 0.12875 0.85875 0.12875 0.88125 0.15125 0.88125 0.15125 0.85875
5 0.16375 0.8487500000000001 0.13625 0.8487500000000001 0.13625 0.8787499999999999 0.16375 0.8787499999999999 0.16375 0.8487500000000001
5 0.17625 0.8474999999999999 0.15125 0.8474999999999999 0.15125 0.8724999999999999 0.17625 0.8724999999999999 0.17625 0.8474999999999999
5 0.3375 0.7224999999999999 0.315 0.7224999999999999 0.315 0.7474999999999999 0.3375 0.7474999999999999 0.3375 0.7224999999999999
5 0.35 0.7125 0.3275 0.7125 0.3275 0.7375 0.35 0.7375 0.35 0.7125
5 0.3725 0.73625 0.34750000000000003 0.73625 0.34750000000000003 0.76125 0.3725 0.76125 0.3725 0.73625
5 0.4025 0.9324999999999999 0.385 0.9324999999999999 0.385 0.945 0.4025 0.945 0.4025 0.9324999999999999
5 0.1275 0.80625 0.11499999999999999 0.80625 0.11499999999999999 0.8237500000000001 0.1275 0.8237500000000001 0.1275 0.80625
5 0.11750000000000001 0.8087500000000001 0.10500000000000001 0.8087500000000001 0.10500000000000001 0.8262499999999999 0.11750000000000001 0.8262499999999999 0.11750000000000001 0.8087500000000001
5 0.33875 0.7737499999999999 0.31875 0.7737499999999999 0.31875 0.79625 0.33875 0.79625 0.33875 0.7737499999999999
5 0.44000000000000006 0.7025 0.40750000000000003 0.7025 0.40750000000000003 0.7224999999999999 0.44000000000000006 0.7224999999999999 0.44000000000000006 0.7025
5 0.5875 0.755 0.5775 0.755 0.5775 0.77 0.5875 0.77 0.5875 0.755
5 0.26875 0.23500000000000001 0.25625 0.23500000000000001 0.25625 0.24500000000000002 0.26875 0.24500000000000002 0.26875 0.23500000000000001
5 0.73125 0.96125 0.7212500000000001 0.96125 0.7212500000000001 0.97875 0.73125 0.97875 0.73125 0.96125
5 0.6975 0.9075 0.6825 0.9075 0.6825 0.9225 0.6975 0.9225 0.6975 0.9075
5 0.16625 0.55125 0.14125000000000001 0.55125 0.14125000000000001 0.56375 0.16625 0.56375 0.16625 0.55125