5 0.77625 0.03 0.76625 0.03 0.76625 0.045 0.77625 0.045 0.77625 0.03
5 0.0325 0.74125 0.0225 0.74125 0.0225 0.75125 0.0325 0.75125 0.0325 0.74125
5 0.04 0.40750000000000003 0.025 0.40750000000000003 0.025 0.4175 0.04 0.4175 0.04 0.40750000000000003
5 0.0475 0.41500000000000004 0.0325 0.41500000000000004 0.0325 0.425 0.0475 0.425 0.0475 0.41500000000000004
5 0.09875 0.27999999999999997 0.07875 0.27999999999999997 0.07875 0.29 0.09875 0.29 0.09875 0.27999999999999997
5 0.27999999999999997 0.33125 0.265 0.33125 0.265 0.34375 0.27999999999999997 0.34375 0.27999999999999997 0.33125
5 0.18625 0.34125 0.17124999999999999 0.34125 0.17124999999999999 0.35875 0.18625 0.35875 0.18625 0.34125
5 0.22374999999999998 0.3975 0.21125 0.3975 0.21125 0.4125 0.22374999999999998 0.4125 0.22374999999999998 0.3975
5 0.23500000000000001 0.42000000000000004 0.225 0.42000000000000004 0.225 0.43499999999999994 0.23500000000000001 0.43499999999999994 0.23500000000000001 0.42000000000000004
5 0.275 0.43875000000000003 0.2625 0.43875000000000003 0.2625 0.45375 0.275 0.45375 0.275 0.43875000000000003
5 0.0625 0.33999999999999997 0.0475 0.33999999999999997 0.0475 0.35 0.0625 0.35 0.0625 0.33999999999999997
5 0.32625000000000004 0.3375 0.31375000000000003 0.3375 0.31375000000000003 0.35 0.32625000000000004 0.35 0.32625000000000004 0.3375
5 0.45499999999999996 0.73875 0.4425 0.73875 0.4425 0.75125 0.45499999999999996 0.75125 0.45499999999999996 0.73875
5 0.47625 0.7787499999999999 0.46624999999999994 0.7787499999999999 0.46624999999999994 0.79125 0.47625 0.79125 0.47625 0.7787499999999999
5 0.46749999999999997 0.76125 0.45499999999999996 0.76125 0.45499999999999996 0.7737499999999999 0.46749999999999997 0.7737499999999999 0.46749999999999997 0.76125
5 0.4525 0.71 0.4425 0.71 0.4425 0.72 0.4525 0.72 0.4525 0.71
5 0.375 0.615 0.36 0.615 0.36 0.63 0.375 0.63 0.375 0.615
5 0.7112499999999999 0.22749999999999998 0.70375 0.22749999999999998 0.70375 0.24 0.7112499999999999 0.24 0.7112499999999999 0.22749999999999998
5 0.7125 0.205 0.7025 0.205 0.7025 0.2225 0.7125 0.2225 0.7125 0.205
5 0.70875 0.1775 0.69875 0.1775 0.69875 0.1925 0.70875 0.1925 0.70875 0.1775
5 0.74 0.19 0.7325 0.19 0.7325 0.205 0.74 0.205 0.74 0.19
5 0.7025 0.16 0.6875 0.16 0.6875 0.175 0.7025 0.175 0.7025 0.16
5 0.7325 0.09375 0.725 0.09375 0.725 0.11374999999999999 0.7325 0.11374999999999999 0.7325 0.09375
5 0.7462500000000001 0.15 0.73375 0.15 0.73375 0.16999999999999998 0.7462500000000001 0.16999999999999998 0.7462500000000001 0.15
5 0.77 0.1325 0.745 0.1325 0.745 0.15 0.77 0.15 0.77 0.1325
5 0.91625 0.0775 0.9037499999999999 0.0775 0.9037499999999999 0.095 0.91625 0.095 0.91625 0.0775
5 0.8324999999999999 0.11750000000000001 0.805 0.11750000000000001 0.805 0.135 0.8324999999999999 0.135 0.8324999999999999 0.11750000000000001
5 0.13374999999999998 0.22749999999999998 0.12625 0.22749999999999998 0.12625 0.23500000000000001 0.13374999999999998 0.23500000000000001 0.13374999999999998 0.22749999999999998
5 0.2625 0.22999999999999998 0.2475 0.22999999999999998 0.2475 0.25 0.2625 0.25 0.2625 0.22999999999999998
5 0.27 0.2525 0.26 0.2525 0.26 0.2625 0.27 0.2625 0.27 0.2525
5 0.27 0.05375 0.2575 0.05375 0.2575 0.06875 0.27 0.06875 0.27 0.05375
5 0.0475 0.765 0.0375 0.765 0.0375 0.7775000000000001 0.0475 0.7775000000000001 0.0475 0.765
5 0.058750000000000004 0.7787499999999999 0.04875 0.7787499999999999 0.04875 0.7887500000000001 0.058750000000000004 0.7887500000000001 0.058750000000000004 0.7787499999999999
5 0.25 0.97625 0.2375 0.97625 0.2375 0.99375 0.25 0.99375 0.25 0.97625
5 0.14125000000000001 0.88375 0.11875 0.88375 0.11875 0.89625 0.14125000000000001 0.89625 0.14125000000000001 0.88375
5 0.48624999999999996 0.755 0.47375 0.755 0.47375 0.7725 0.48624999999999996 0.7725 0.48624999999999996 0.755
5 0.55125 0.8237500000000001 0.5237499999999999 0.8237500000000001 0.5237499999999999 0.8612500000000001 0.55125 0.8612500000000001 0.55125 0.8237500000000001
5 0.32375 0.93125 0.28875 0.93125 0.28875 0.95375 0.32375 0.95375 0.32375 0.93125
5 0.9625 0.45 0.9475 0.45 0.9475 0.46749999999999997 0.9625 0.46749999999999997 0.9625 0.45
5 0.315 0.52625 0.3 0.52625 0.3 0.5387500000000001 0.315 0.5387500000000001 0.315 0.52625
5 0.20625 0.9550000000000001 0.16875 0.9550000000000001 0.16875 0.9724999999999999 0.20625 0.9724999999999999 0.20625 0.9550000000000001
5 0.63125 0.8099999999999999 0.60625 0.8099999999999999 0.60625 0.8324999999999999 0.63125 0.8324999999999999 0.63125 0.8099999999999999
5 0.12375 0.33375 0.11625 0.33375 0.11625 0.34625 0.12375 0.34625 0.12375 0.33375