5 0.13125 0.50875 0.11125 0.50875 0.11125 0.51875 0.13125 0.51875 0.13125 0.50875
5 0.05 0.7262500000000001 0.0325 0.7262500000000001 0.0325 0.74125 0.05 0.74125 0.05 0.7262500000000001
5 0.2525 0.09 0.2425 0.09 0.2425 0.1025 0.2525 0.1025 0.2525 0.09
5 0.29874999999999996 0.305 0.28125 0.305 0.28125 0.32 0.29874999999999996 0.32 0.29874999999999996 0.305
5 0.27625 0.3125 0.25875 0.3125 0.25875 0.3275 0.27625 0.3275 0.27625 0.3125
5 0.2575 0.32375 0.24 0.32375 0.24 0.33875 0.2575 0.33875 0.2575 0.32375
5 0.23374999999999999 0.335 0.21875 0.335 0.21875 0.35 0.23374999999999999 0.35 0.23374999999999999 0.335
5 0.1275 0.36875 0.1125 0.36875 0.1125 0.38375 0.1275 0.38375 0.1275 0.36875
5 0.10500000000000001 0.3725 0.09 0.3725 0.09 0.3875 0.10500000000000001 0.3875 0.10500000000000001 0.3725
5 0.47125000000000006 0.2325 0.45375 0.2325 0.45375 0.2475 0.47125000000000006 0.2475 0.47125000000000006 0.2325
5 0.19125 0.3525 0.17625 0.3525 0.17625 0.3675 0.19125 0.3675 0.19125 0.3525
5 0.72375 0.0975 0.70625 0.0975 0.70625 0.11000000000000001 0.72375 0.11000000000000001 0.72375 0.0975
5 0.6925 0.185 0.6799999999999999 0.185 0.6799999999999999 0.1975 0.6925 0.1975 0.6925 0.185
5 0.745 0.22374999999999998 0.7325 0.22374999999999998 0.7325 0.23625 0.745 0.23625 0.745 0.22374999999999998
5 0.5325 0.24500000000000002 0.5225 0.24500000000000002 0.5225 0.255 0.5325 0.255 0.5325 0.24500000000000002
5 0.44125 0.06 0.42874999999999996 0.06 0.42874999999999996 0.0725 0.44125 0.0725 0.44125 0.06
5 0.8324999999999999 0.0675 0.8275 0.0675 0.8275 0.08 0.8324999999999999 0.08 0.8324999999999999 0.0675
5 0.8262499999999999 0.057499999999999996 0.8162499999999999 0.057499999999999996 0.8162499999999999 0.06999999999999999 0.8262499999999999 0.06999999999999999 0.8262499999999999 0.057499999999999996
5 0.7825 0.3375 0.7675 0.3375 0.7675 0.35750000000000004 0.7825 0.35750000000000004 0.7825 0.3375
5 0.6849999999999999 0.36875 0.6725 0.36875 0.6725 0.38375 0.6849999999999999 0.38375 0.6849999999999999 0.36875
5 0.665 0.39875 0.645 0.39875 0.645 0.40875000000000006 0.665 0.40875000000000006 0.665 0.39875
5 0.85375 0.40625 0.8462500000000001 0.40625 0.8462500000000001 0.41875 0.85375 0.41875 0.85375 0.40625
5 0.8699999999999999 0.46624999999999994 0.86 0.46624999999999994 0.86 0.48624999999999996 0.8699999999999999 0.48624999999999996 0.8699999999999999 0.46624999999999994
5 0.32375 0.5775 0.30625 0.5775 0.30625 0.5925 0.32375 0.5925 0.32375 0.5775
5 0.3225 0.18375 0.31 0.18375 0.31 0.19875 0.3225 0.19875 0.3225 0.18375
5 0.89125 0.12625 0.88125 0.12625 0.88125 0.14125000000000001 0.89125 0.14125000000000001 0.89125 0.12625
5 0.7925 0.06999999999999999 0.775 0.06999999999999999 0.775 0.08499999999999999 0.7925 0.08499999999999999 0.7925 0.06999999999999999
5 0.7887500000000001 0.03875 0.7737499999999999 0.03875 0.7737499999999999 0.04875 0.7887500000000001 0.04875 0.7887500000000001 0.03875