5 0.30375 0.09375 0.28375 0.09375 0.28375 0.10874999999999999 0.30375 0.10874999999999999 0.30375 0.09375
5 0.042499999999999996 0.9087500000000001 0.017499999999999998 0.9087500000000001 0.017499999999999998 0.9262499999999999 0.042499999999999996 0.9262499999999999 0.042499999999999996 0.9087500000000001
5 0.25375000000000003 0.21875 0.23625 0.21875 0.23625 0.23875000000000002 0.25375000000000003 0.23875000000000002 0.25375000000000003 0.21875
5 0.29625 0.27749999999999997 0.28125 0.27749999999999997 0.28125 0.2925 0.29625 0.2925 0.29625 0.27749999999999997
5 0.3075 0.29500000000000004 0.2925 0.29500000000000004 0.2925 0.3125 0.3075 0.3125 0.3075 0.29500000000000004
5 0.41875 0.26875 0.40625 0.26875 0.40625 0.28625 0.41875 0.28625 0.41875 0.26875
5 0.40625 0.27125 0.38875000000000004 0.27125 0.38875000000000004 0.29125 0.40625 0.29125 0.40625 0.27125
5 0.27625 0.75875 0.25875 0.75875 0.25875 0.77125 0.27625 0.77125 0.27625 0.75875
5 0.3175 0.77 0.3025 0.77 0.3025 0.7849999999999999 0.3175 0.7849999999999999 0.3175 0.77
5 0.305 0.7537499999999999 0.2875 0.7537499999999999 0.2875 0.76625 0.305 0.76625 0.305 0.7537499999999999
5 0.22000000000000003 0.69375 0.20750000000000002 0.69375 0.20750000000000002 0.70875 0.22000000000000003 0.70875 0.22000000000000003 0.69375
5 0.16875 0.63 0.15625 0.63 0.15625 0.6425 0.16875 0.6425 0.16875 0.63
5 0.10124999999999999 0.5912499999999999 0.07875 0.5912499999999999 0.07875 0.6012500000000001 0.10124999999999999 0.6012500000000001 0.10124999999999999 0.5912499999999999
5 0.76 0.92875 0.7424999999999999 0.92875 0.7424999999999999 0.9487500000000001 0.76 0.9487500000000001 0.76 0.92875
5 0.7737499999999999 0.9412499999999999 0.7537499999999999 0.9412499999999999 0.7537499999999999 0.96125 0.7737499999999999 0.96125 0.7737499999999999 0.9412499999999999
5 0.4575 0.50625 0.445 0.50625 0.445 0.52125 0.4575 0.52125 0.4575 0.50625
5 0.49124999999999996 0.48375 0.47375 0.48375 0.47375 0.49625 0.49124999999999996 0.49625 0.49124999999999996 0.48375
5 0.48624999999999996 0.47625 0.46875 0.47625 0.46875 0.48875 0.48624999999999996 0.48875 0.48624999999999996 0.47625
5 0.47874999999999995 0.46624999999999994 0.46125 0.46624999999999994 0.46125 0.47874999999999995 0.47874999999999995 0.47874999999999995 0.47874999999999995 0.46624999999999994
5 0.47000000000000003 0.46125 0.4525 0.46125 0.4525 0.47125000000000006 0.47000000000000003 0.47125000000000006 0.47000000000000003 0.46125
5 0.4625 0.45625 0.45 0.45625 0.45 0.46624999999999994 0.4625 0.46624999999999994 0.4625 0.45625
5 0.545 0.635 0.5325 0.635 0.5325 0.65 0.545 0.65 0.545 0.635
5 0.5662499999999999 0.55 0.54625 0.55 0.54625 0.5599999999999999 0.5662499999999999 0.5599999999999999 0.5662499999999999 0.55
5 0.5650000000000001 0.5587500000000001 0.55 0.5587500000000001 0.55 0.5662499999999999 0.5650000000000001 0.5662499999999999 0.5650000000000001 0.5587500000000001
5 0.5725 0.56125 0.5525 0.56125 0.5525 0.57125 0.5725 0.57125 0.5725 0.56125
5 0.5725 0.56875 0.5575 0.56875 0.5575 0.57625 0.5725 0.57625 0.5725 0.56875
5 0.585 0.57875 0.5675 0.57875 0.5675 0.5912499999999999 0.585 0.5912499999999999 0.585 0.57875
5 0.5912499999999999 0.5862499999999999 0.57125 0.5862499999999999 0.57125 0.6012500000000001 0.5912499999999999 0.6012500000000001 0.5912499999999999 0.5862499999999999
5 0.59875 0.5962500000000001 0.57875 0.5962500000000001 0.57875 0.61125 0.59875 0.61125 0.59875 0.5962500000000001
5 0.60625 0.5525 0.5862499999999999 0.5525 0.5862499999999999 0.5625 0.60625 0.5625 0.60625 0.5525
5 0.63 0.5912499999999999 0.6075 0.5912499999999999 0.6075 0.6012500000000001 0.63 0.6012500000000001 0.63 0.5912499999999999
5 0.63125 0.59875 0.60875 0.59875 0.60875 0.60875 0.63125 0.60875 0.63125 0.59875
5 0.5325 0.5974999999999999 0.5075000000000001 0.5974999999999999 0.5075000000000001 0.6224999999999999 0.5325 0.6224999999999999 0.5325 0.5974999999999999
5 0.135 0.465 0.11750000000000001 0.465 0.11750000000000001 0.485 0.135 0.485 0.135 0.465
5 0.07375000000000001 0.4925 0.06625 0.4925 0.06625 0.505 0.07375000000000001 0.505 0.07375000000000001 0.4925
5 0.67375 0 0.67375 0.017499999999999998 0.6912499999999999 0.017499999999999998 0.6912499999999999 0 0.67375 0
5 0.8699999999999999 0.96125 0.8574999999999999 0.96125 0.8574999999999999 0.9712500000000001 0.8699999999999999 0.9712500000000001 0.8699999999999999 0.96125
5 0.91625 0.89375 0.9012499999999999 0.89375 0.9012499999999999 0.9112500000000001 0.91625 0.9112500000000001 0.91625 0.89375
5 0.9324999999999999 0.8862500000000001 0.9175000000000001 0.8862500000000001 0.9175000000000001 0.89625 0.9324999999999999 0.89625 0.9324999999999999 0.8862500000000001
5 0.9425000000000001 0.89125 0.9225 0.89125 0.9225 0.9037499999999999 0.9425000000000001 0.9037499999999999 0.9425000000000001 0.89125
5 0.9487500000000001 0.9 0.92875 0.9 0.92875 0.915 0.9487500000000001 0.915 0.9487500000000001 0.9
5 0.9075 1 0.9075 0.9925 0.8975 0.9925 0.8975 1 0.9075 1
5 0.8875 0.8862500000000001 0.835 0.8862500000000001 0.835 0.92125 0.8875 0.92125 0.8875 0.8862500000000001
5 1 0.385 0.9862500000000001 0.385 0.9862500000000001 0.395 1 0.395 1 0.385