5 0.205 0.9075 0.1925 0.9075 0.1925 0.9225 0.205 0.9225 0.205 0.9075
5 0.08499999999999999 0.6425 0.06999999999999999 0.6425 0.06999999999999999 0.6575 0.08499999999999999 0.6575 0.08499999999999999 0.6425
5 0 0.06999999999999999 0.01 0.06999999999999999 0.01 0.057499999999999996 0 0.057499999999999996 0 0.06999999999999999
5 0.03125 0.09125 0.01125 0.09125 0.01125 0.10375000000000001 0.03125 0.10375000000000001 0.03125 0.09125
5 0.034999999999999996 0.0975 0.02 0.0975 0.02 0.11000000000000001 0.034999999999999996 0.11000000000000001 0.034999999999999996 0.0975
5 0.05375 0.08249999999999999 0.03625 0.08249999999999999 0.03625 0.095 0.05375 0.095 0.05375 0.08249999999999999
5 0.045 0.06625 0.027500000000000004 0.06625 0.027500000000000004 0.07875 0.045 0.07875 0.045 0.06625
5 0.1075 0.06875 0.06 0.06875 0.06 0.09875 0.1075 0.09875 0.1075 0.06875
5 0.061250000000000006 0.04375 0.04625 0.04375 0.04625 0.05375 0.061250000000000006 0.05375 0.061250000000000006 0.04375
5 0.08499999999999999 0.03625 0.0675 0.03625 0.0675 0.04625 0.08499999999999999 0.04625 0.08499999999999999 0.03625
5 0.10625 0.025 0.08375 0.025 0.08375 0.0375 0.10625 0.0375 0.10625 0.025
5 0.11499999999999999 0.01625 0.0925 0.01625 0.0925 0.028749999999999998 0.11499999999999999 0.028749999999999998 0.11499999999999999 0.01625
5 0.12 0.05375 0.1 0.05375 0.1 0.07125000000000001 0.12 0.07125000000000001 0.12 0.05375
5 0.1125 0.04 0.0925 0.04 0.0925 0.052500000000000005 0.1125 0.052500000000000005 0.1125 0.04
5 0.13 0.0075 0.11000000000000001 0.0075 0.11000000000000001 0.02 0.13 0.02 0.13 0.0075
5 0.12625 0 0.12625 0.015 0.14625 0.015 0.14625 0 0.12625 0
5 0.13625 0.05500000000000001 0.12125 0.05500000000000001 0.12125 0.065 0.13625 0.065 0.13625 0.05500000000000001
5 0.15875 0.04375 0.14125000000000001 0.04375 0.14125000000000001 0.05625 0.15875 0.05625 0.15875 0.04375
5 0.19624999999999998 0.0225 0.17375000000000002 0.0225 0.17375000000000002 0.0375 0.19624999999999998 0.0375 0.19624999999999998 0.0225
5 0.25125000000000003 0 0.25125000000000003 0.0075 0.26625 0.0075 0.26625 0 0.25125000000000003 0
5 0.08375 0.51125 0.06875 0.51125 0.06875 0.52625 0.08375 0.52625 0.08375 0.51125
5 0.275 0.45375 0.26 0.45375 0.26 0.46875 0.275 0.46875 0.275 0.45375
5 0.29874999999999996 0.45375 0.28625 0.45375 0.28625 0.47125000000000006 0.29874999999999996 0.47125000000000006 0.29874999999999996 0.45375
5 0.2375 0.41125 0.22000000000000003 0.41125 0.22000000000000003 0.42125 0.2375 0.42125 0.2375 0.41125
5 0.25 0.23374999999999999 0.2375 0.23374999999999999 0.2375 0.25125000000000003 0.25 0.25125000000000003 0.25 0.23374999999999999
5 0.355 0.24500000000000002 0.335 0.24500000000000002 0.335 0.2575 0.355 0.2575 0.355 0.24500000000000002
5 0.31124999999999997 0.11374999999999999 0.30125 0.11374999999999999 0.30125 0.12875 0.31124999999999997 0.12875 0.31124999999999997 0.11374999999999999
5 0.505 0 0.505 0.0125 0.525 0.0125 0.525 0 0.505 0
5 0.55625 0.04375 0.54625 0.04375 0.54625 0.058750000000000004 0.55625 0.058750000000000004 0.55625 0.04375
5 0.55625 0.057499999999999996 0.54375 0.057499999999999996 0.54375 0.0725 0.55625 0.0725 0.55625 0.057499999999999996
5 0.5725 0.0675 0.5575 0.0675 0.5575 0.08249999999999999 0.5725 0.08249999999999999 0.5725 0.0675
5 0.54625 0.0625 0.53625 0.0625 0.53625 0.0775 0.54625 0.0775 0.54625 0.0625
5 0.5662499999999999 0.0775 0.55125 0.0775 0.55125 0.095 0.5662499999999999 0.095 0.5662499999999999 0.0775
5 0.58875 0.0975 0.57625 0.0975 0.57625 0.1125 0.58875 0.1125 0.58875 0.0975
5 0.6 0.11374999999999999 0.585 0.11374999999999999 0.585 0.12875 0.6 0.12875 0.6 0.11374999999999999
5 0.4875 0.41624999999999995 0.4725 0.41624999999999995 0.4725 0.43624999999999997 0.4875 0.43624999999999997 0.4875 0.41624999999999995
5 0.5037499999999999 0.41125 0.49124999999999996 0.41125 0.49124999999999996 0.42625 0.5037499999999999 0.42625 0.5037499999999999 0.41125
5 0.52125 0.58375 0.49625 0.58375 0.49625 0.6012500000000001 0.52125 0.6012500000000001 0.52125 0.58375
5 0.445 0.61875 0.4125 0.61875 0.4125 0.64125 0.445 0.64125 0.445 0.61875
5 0.445 0.5962500000000001 0.4325 0.5962500000000001 0.4325 0.60375 0.445 0.60375 0.445 0.5962500000000001
5 0.6575 0.5475 0.6425 0.5475 0.6425 0.5575 0.6575 0.5575 0.6575 0.5475
5 0.68125 0.5549999999999999 0.6637500000000001 0.5549999999999999 0.6637500000000001 0.5675 0.68125 0.5675 0.68125 0.5549999999999999
5 0.70125 0.54375 0.6837500000000001 0.54375 0.6837500000000001 0.55625 0.70125 0.55625 0.70125 0.54375
5 0.71875 0.53625 0.69875 0.53625 0.69875 0.54625 0.71875 0.54625 0.71875 0.53625
5 0.7725 0.41875 0.7575000000000001 0.41875 0.7575000000000001 0.43624999999999997 0.7725 0.43624999999999997 0.7725 0.41875
5 0.8275 0.50875 0.8150000000000001 0.50875 0.8150000000000001 0.52125 0.8275 0.52125 0.8275 0.50875
5 0.6925 0.30125 0.6825 0.30125 0.6825 0.31625000000000003 0.6925 0.31625000000000003 0.6925 0.30125
5 0.9962500000000001 0.755 0.98125 0.755 0.98125 0.775 0.9962500000000001 0.775 0.9962500000000001 0.755
5 0.94375 0.67375 0.93125 0.67375 0.93125 0.68875 0.94375 0.68875 0.94375 0.67375
5 0.9525 0.6875 0.9400000000000001 0.6875 0.9400000000000001 0.705 0.9525 0.705 0.9525 0.6875
5 0.9175000000000001 0.63 0.9075 0.63 0.9075 0.645 0.9175000000000001 0.645 0.9175000000000001 0.63
5 0.625 0.15875 0.61 0.15875 0.61 0.17875000000000002 0.625 0.17875000000000002 0.625 0.15875
5 0.6325000000000001 0.13874999999999998 0.615 0.13874999999999998 0.615 0.15375 0.6325000000000001 0.15375 0.6325000000000001 0.13874999999999998
5 0.89125 0.08249999999999999 0.87625 0.08249999999999999 0.87625 0.1 0.89125 0.1 0.89125 0.08249999999999999
5 0.86875 0.04625 0.85625 0.04625 0.85625 0.06375 0.86875 0.06375 0.86875 0.04625
5 1 0.25125000000000003 0.9862500000000001 0.25125000000000003 0.9862500000000001 0.27125 1 0.27125 1 0.25125000000000003