5 0.30375 0.84375 0.28375 0.84375 0.28375 0.85875 0.30375 0.85875 0.30375 0.84375
5 0.425 0.67875 0.41 0.67875 0.41 0.69375 0.425 0.69375 0.425 0.67875
5 0.40374999999999994 0.65 0.38875000000000004 0.65 0.38875000000000004 0.67 0.40374999999999994 0.67 0.40374999999999994 0.65
5 0.41125 0.515 0.39875 0.515 0.39875 0.525 0.41125 0.525 0.41125 0.515
5 0.58125 0.54 0.56875 0.54 0.56875 0.55 0.58125 0.55 0.58125 0.54
5 0.43624999999999997 0.37 0.41624999999999995 0.37 0.41624999999999995 0.39 0.43624999999999997 0.39 0.43624999999999997 0.37
5 0.36124999999999996 0.43125 0.34125 0.43125 0.34125 0.44625000000000004 0.36124999999999996 0.44625000000000004 0.36124999999999996 0.43125
5 0.39125 0.41875 0.37124999999999997 0.41875 0.37124999999999997 0.43375 0.39125 0.43375 0.39125 0.41875
5 0.41500000000000004 0.40625 0.395 0.40625 0.395 0.42125 0.41500000000000004 0.42125 0.41500000000000004 0.40625
5 0.33999999999999997 0.43875000000000003 0.32 0.43875000000000003 0.32 0.45625 0.33999999999999997 0.45625 0.33999999999999997 0.43875000000000003
5 0.14375 0.28250000000000003 0.13125 0.28250000000000003 0.13125 0.2975 0.14375 0.2975 0.14375 0.28250000000000003
5 0.1275 0.21875 0.11499999999999999 0.21875 0.11499999999999999 0.23125 0.1275 0.23125 0.1275 0.21875
5 0.10500000000000001 0.18375 0.0875 0.18375 0.0875 0.20125 0.10500000000000001 0.20125 0.10500000000000001 0.18375
5 0.135 0.22749999999999998 0.11750000000000001 0.22749999999999998 0.11750000000000001 0.25 0.135 0.25 0.135 0.22749999999999998
5 0.91875 0.1775 0.9037499999999999 0.1775 0.9037499999999999 0.195 0.91875 0.195 0.91875 0.1775
5 0.93125 0.1825 0.91875 0.1825 0.91875 0.1975 0.93125 0.1975 0.93125 0.1825
5 0.9650000000000001 0.22749999999999998 0.9525 0.22749999999999998 0.9525 0.24 0.9650000000000001 0.24 0.9650000000000001 0.22749999999999998
5 0.9925 0.24125000000000002 0.9775 0.24125000000000002 0.9775 0.25625 0.9925 0.25625 0.9925 0.24125000000000002
5 0.985 0.2725 0.9675 0.2725 0.9675 0.29 0.985 0.29 0.985 0.2725
5 0.99125 0.28875 0.97875 0.28875 0.97875 0.30375 0.99125 0.30375 0.99125 0.28875
5 0.25375000000000003 0.96875 0.23625 0.96875 0.23625 0.9887499999999999 0.25375000000000003 0.9887499999999999 0.25375000000000003 0.96875
5 0.6912499999999999 0.7474999999999999 0.67375 0.7474999999999999 0.67375 0.7675 0.6912499999999999 0.7675 0.6912499999999999 0.7474999999999999
5 0.7575000000000001 0.705 0.74 0.705 0.74 0.7125 0.7575000000000001 0.7125 0.7575000000000001 0.705
5 0.85125 0.665 0.83125 0.665 0.83125 0.6775 0.85125 0.6775 0.85125 0.665
5 0.98375 0.61 0.9712500000000001 0.61 0.9712500000000001 0.6224999999999999 0.98375 0.6224999999999999 0.98375 0.61
5 0.25 0.0375 0.2375 0.0375 0.2375 0.052500000000000005 0.25 0.052500000000000005 0.25 0.0375
5 0.20375000000000001 0.028749999999999998 0.18875 0.028749999999999998 0.18875 0.03875 0.20375000000000001 0.03875 0.20375000000000001 0.028749999999999998
5 0.6525000000000001 0.26625 0.63 0.26625 0.63 0.27875 0.6525000000000001 0.27875 0.6525000000000001 0.26625
5 0.5175 0.19624999999999998 0.5025000000000001 0.19624999999999998 0.5025000000000001 0.21375000000000002 0.5175 0.21375000000000002 0.5175 0.19624999999999998
5 0.49874999999999997 0.1675 0.48624999999999996 0.1675 0.48624999999999996 0.1825 0.49874999999999997 0.1825 0.49874999999999997 0.1675
5 0.8462500000000001 0.028749999999999998 0.82875 0.028749999999999998 0.82875 0.04625 0.8462500000000001 0.04625 0.8462500000000001 0.028749999999999998
5 0.8300000000000001 0.042499999999999996 0.8150000000000001 0.042499999999999996 0.8150000000000001 0.057499999999999996 0.8300000000000001 0.057499999999999996 0.8300000000000001 0.042499999999999996
5 0.8262499999999999 0.07625 0.81125 0.07625 0.81125 0.08625000000000001 0.8262499999999999 0.08625000000000001 0.8262499999999999 0.07625
5 0.82125 0.0625 0.80375 0.0625 0.80375 0.075 0.82125 0.075 0.82125 0.0625
5 0.81375 0.05500000000000001 0.79625 0.05500000000000001 0.79625 0.065 0.81375 0.065 0.81375 0.05500000000000001
5 0.795 0.034999999999999996 0.78 0.034999999999999996 0.78 0.045 0.795 0.045 0.795 0.034999999999999996
5 0.59875 0.0625 0.58125 0.0625 0.58125 0.0725 0.59875 0.0725 0.59875 0.0625
5 0.25375000000000003 0.47874999999999995 0.24125000000000002 0.47874999999999995 0.24125000000000002 0.49375 0.25375000000000003 0.49375 0.25375000000000003 0.47874999999999995