5 0 0.22749999999999998 0.017499999999999998 0.22749999999999998 0.017499999999999998 0.21749999999999997 0 0.21749999999999997 0 0.22749999999999998
5 0.03625 0.21000000000000002 0.01875 0.21000000000000002 0.01875 0.22000000000000003 0.03625 0.22000000000000003 0.03625 0.21000000000000002
5 0.05625 0.19875 0.03625 0.19875 0.03625 0.21125 0.05625 0.21125 0.05625 0.19875
5 0.02375 0.26625 0.00625 0.26625 0.00625 0.27875 0.02375 0.27875 0.02375 0.26625
5 0.028749999999999998 0.2725 0.013750000000000002 0.2725 0.013750000000000002 0.28500000000000003 0.028749999999999998 0.28500000000000003 0.028749999999999998 0.2725
5 0.0375 0.28250000000000003 0.017499999999999998 0.28250000000000003 0.017499999999999998 0.29500000000000004 0.0375 0.29500000000000004 0.0375 0.28250000000000003
5 0.045 0.28875 0.0225 0.28875 0.0225 0.30625 0.045 0.30625 0.045 0.28875
5 0.034999999999999996 0.31375000000000003 0.02 0.31375000000000003 0.02 0.33125 0.034999999999999996 0.33125 0.034999999999999996 0.31375000000000003
5 0.034999999999999996 0.36375 0.02 0.36375 0.02 0.37875000000000003 0.034999999999999996 0.37875000000000003 0.034999999999999996 0.36375
5 0.0775 0.34750000000000003 0.06 0.34750000000000003 0.06 0.3625 0.0775 0.3625 0.0775 0.34750000000000003
5 0 0.3875 0.01625 0.3875 0.01625 0.3725 0 0.3725 0 0.3875
5 0.03 0.3875 0.01 0.3875 0.01 0.4 0.03 0.4 0.03 0.3875
5 0.034999999999999996 0.39249999999999996 0.015 0.39249999999999996 0.015 0.40750000000000003 0.034999999999999996 0.40750000000000003 0.034999999999999996 0.39249999999999996
5 0.04375 0.40374999999999994 0.02375 0.40374999999999994 0.02375 0.42125 0.04375 0.42125 0.04375 0.40374999999999994
5 0.10500000000000001 0.3725 0.0875 0.3725 0.0875 0.3875 0.10500000000000001 0.3875 0.10500000000000001 0.3725
5 0.075 0.44000000000000006 0.052500000000000005 0.44000000000000006 0.052500000000000005 0.4575 0.075 0.4575 0.075 0.44000000000000006
5 0.13 0.49625 0.11000000000000001 0.49625 0.11000000000000001 0.51375 0.13 0.51375 0.13 0.49625
5 0.10500000000000001 0.49375 0.08 0.49375 0.08 0.50875 0.10500000000000001 0.50875 0.10500000000000001 0.49375
5 0.10500000000000001 0.48375 0.0775 0.48375 0.0775 0.49874999999999997 0.10500000000000001 0.49874999999999997 0.10500000000000001 0.48375
5 0.275 0.6125 0.2575 0.6125 0.2575 0.6325000000000001 0.275 0.6325000000000001 0.275 0.6125
5 0.265 0.665 0.25 0.665 0.25 0.6799999999999999 0.265 0.6799999999999999 0.265 0.665
5 0.30125 0.71875 0.28625 0.71875 0.28625 0.73625 0.30125 0.73625 0.30125 0.71875
5 0.39 0.7224999999999999 0.38 0.7224999999999999 0.38 0.7375 0.39 0.7375 0.39 0.7224999999999999
5 0.465 0.72875 0.445 0.72875 0.445 0.74125 0.465 0.74125 0.465 0.72875
5 0.39125 0.85375 0.37374999999999997 0.85375 0.37374999999999997 0.87625 0.39125 0.87625 0.39125 0.85375
5 0.1575 0.2875 0.13999999999999999 0.2875 0.13999999999999999 0.2975 0.1575 0.2975 0.1575 0.2875
5 0.2625 0.25875 0.25 0.25875 0.25 0.27375 0.2625 0.27375 0.2625 0.25875
5 0.10874999999999999 0.1675 0.09125 0.1675 0.09125 0.1875 0.10874999999999999 0.1875 0.10874999999999999 0.1675
5 0.08625000000000001 0.18125 0.06625 0.18125 0.06625 0.19375 0.08625000000000001 0.19375 0.08625000000000001 0.18125
5 0.16499999999999998 0.22125 0.15 0.22125 0.15 0.23374999999999999 0.16499999999999998 0.23374999999999999 0.16499999999999998 0.22125
5 0.1625 0.21375000000000002 0.145 0.21375000000000002 0.145 0.22374999999999998 0.1625 0.22374999999999998 0.1625 0.21375000000000002
5 0.15875 0.205 0.13874999999999998 0.205 0.13874999999999998 0.21749999999999997 0.15875 0.21749999999999997 0.15875 0.205
5 0.17625 0.1375 0.15875 0.1375 0.15875 0.15 0.17625 0.15 0.17625 0.1375
5 0.21749999999999997 0.16125 0.205 0.16125 0.205 0.17625 0.21749999999999997 0.17625 0.21749999999999997 0.16125
5 0.26625 0.14250000000000002 0.25375000000000003 0.14250000000000002 0.25375000000000003 0.1575 0.26625 0.1575 0.26625 0.14250000000000002
5 0.23625 0.10874999999999999 0.22125 0.10874999999999999 0.22125 0.12125 0.23625 0.12125 0.23625 0.10874999999999999
5 0.265 0.09625 0.2525 0.09625 0.2525 0.10874999999999999 0.265 0.10874999999999999 0.265 0.09625
5 0.2875 0.0875 0.2725 0.0875 0.2725 0.1 0.2875 0.1 0.2875 0.0875
5 0.35750000000000004 0.12375 0.3375 0.12375 0.3375 0.13625 0.35750000000000004 0.13625 0.35750000000000004 0.12375
5 0.3625 0.13874999999999998 0.34750000000000003 0.13874999999999998 0.34750000000000003 0.15125 0.3625 0.15125 0.3625 0.13874999999999998
5 0.39625 0.1925 0.38125 0.1925 0.38125 0.205 0.39625 0.205 0.39625 0.1925
5 0.3825 0.16875 0.3675 0.16875 0.3675 0.18125 0.3825 0.18125 0.3825 0.16875
5 0.19375 0.275 0.17875000000000002 0.275 0.17875000000000002 0.2875 0.19375 0.2875 0.19375 0.275
5 0.028749999999999998 0.0475 0.01625 0.0475 0.01625 0.0625 0.028749999999999998 0.0625 0.028749999999999998 0.0475
5 0.6900000000000001 0.9862500000000001 0.675 0.9862500000000001 0.675 0.99375 0.6900000000000001 0.99375 0.6900000000000001 0.9862500000000001
5 0.7150000000000001 0.9824999999999999 0.6975 0.9824999999999999 0.6975 0.9949999999999999 0.7150000000000001 0.9949999999999999 0.7150000000000001 0.9824999999999999
5 0.7325 0.9650000000000001 0.7150000000000001 0.9650000000000001 0.7150000000000001 0.9775 0.7325 0.9775 0.7325 0.9650000000000001
5 0.73625 0.9712500000000001 0.71875 0.9712500000000001 0.71875 0.98375 0.73625 0.98375 0.73625 0.9712500000000001
5 0.8324999999999999 1 0.8324999999999999 0.9887499999999999 0.8225 0.9887499999999999 0.8225 1 0.8324999999999999 1
5 0.75875 0.96 0.74375 0.96 0.74375 0.975 0.75875 0.975 0.75875 0.96
5 0.7575000000000001 0.95 0.7424999999999999 0.95 0.7424999999999999 0.9625 0.7575000000000001 0.9625 0.7575000000000001 0.95
5 0.85875 0.9775 0.8462500000000001 0.9775 0.8462500000000001 0.9949999999999999 0.85875 0.9949999999999999 0.85875 0.9775
5 0.7825 0.9525 0.7625 0.9525 0.7625 0.9650000000000001 0.7825 0.9650000000000001 0.7825 0.9525
5 0.78125 0.9412499999999999 0.76375 0.9412499999999999 0.76375 0.9512499999999999 0.78125 0.9512499999999999 0.78125 0.9412499999999999
5 0.8125 0.9400000000000001 0.7925 0.9400000000000001 0.7925 0.9525 0.8125 0.9525 0.8125 0.9400000000000001
5 0.8712500000000001 0.96875 0.8637499999999999 0.96875 0.8637499999999999 0.98375 0.8712500000000001 0.98375 0.8712500000000001 0.96875
5 0.835 0.92875 0.82 0.92875 0.82 0.93875 0.835 0.93875 0.835 0.92875
5 0.8574999999999999 0.9412499999999999 0.8400000000000001 0.9412499999999999 0.8400000000000001 0.95625 0.8574999999999999 0.95625 0.8574999999999999 0.9412499999999999
5 0.89375 0.96 0.88375 0.96 0.88375 0.975 0.89375 0.975 0.89375 0.96
5 0.85375 0.92125 0.8387499999999999 0.92125 0.8387499999999999 0.9337500000000001 0.85375 0.9337500000000001 0.85375 0.92125
5 0.90625 0.95625 0.89625 0.95625 0.89625 0.9737500000000001 0.90625 0.9737500000000001 0.90625 0.95625
5 0.875 0.9112500000000001 0.8574999999999999 0.9112500000000001 0.8574999999999999 0.9237500000000001 0.875 0.9237500000000001 0.875 0.9112500000000001
5 0.875 0.89875 0.8574999999999999 0.89875 0.8574999999999999 0.91375 0.875 0.91375 0.875 0.89875
5 0.9225 0.9487500000000001 0.9099999999999999 0.9487500000000001 0.9099999999999999 0.9662499999999999 0.9225 0.9662499999999999 0.9225 0.9487500000000001
5 0.9400000000000001 0.9400000000000001 0.9275 0.9400000000000001 0.9275 0.9550000000000001 0.9400000000000001 0.9550000000000001 0.9400000000000001 0.9400000000000001
5 0.89875 0.9012499999999999 0.88375 0.9012499999999999 0.88375 0.9112500000000001 0.89875 0.9112500000000001 0.89875 0.9012499999999999
5 0.89875 0.8925000000000001 0.88375 0.8925000000000001 0.88375 0.9025000000000001 0.89875 0.9025000000000001 0.89875 0.8925000000000001
5 0.9225 0.89 0.905 0.89 0.905 0.9025000000000001 0.9225 0.9025000000000001 0.9225 0.89
5 0.9275 0.8775000000000001 0.9099999999999999 0.8775000000000001 0.9099999999999999 0.89 0.9275 0.89 0.9275 0.8775000000000001
5 0.9550000000000001 0.875 0.9400000000000001 0.875 0.9400000000000001 0.8875 0.9550000000000001 0.8875 0.9550000000000001 0.875
5 0.9550000000000001 0.86625 0.9349999999999999 0.86625 0.9349999999999999 0.88125 0.9550000000000001 0.88125 0.9550000000000001 0.86625
5 0.9512499999999999 0.9349999999999999 0.93875 0.9349999999999999 0.93875 0.9525 0.9512499999999999 0.9525 0.9512499999999999 0.9349999999999999
5 0.96 0.9349999999999999 0.95 0.9349999999999999 0.95 0.95 0.96 0.95 0.96 0.9349999999999999
5 0.9037499999999999 0.39249999999999996 0.8787499999999999 0.39249999999999996 0.8787499999999999 0.40750000000000003 0.9037499999999999 0.40750000000000003 0.9037499999999999 0.39249999999999996
5 0.5475 0.13125 0.5275000000000001 0.13125 0.5275000000000001 0.15625 0.5475 0.15625 0.5475 0.13125
5 0.5599999999999999 0.15625 0.5375 0.15625 0.5375 0.17875000000000002 0.5599999999999999 0.17875000000000002 0.5599999999999999 0.15625
5 0.5700000000000001 0.17375000000000002 0.5475 0.17375000000000002 0.5475 0.19875 0.5700000000000001 0.19875 0.5700000000000001 0.17375000000000002