5 0.045 0.034999999999999996 0.03 0.034999999999999996 0.03 0.05 0.045 0.05 0.045 0.034999999999999996
5 0.49124999999999996 0.3075 0.48125 0.3075 0.48125 0.32 0.49124999999999996 0.32 0.49124999999999996 0.3075
5 0.48 0.32999999999999996 0.465 0.32999999999999996 0.465 0.34500000000000003 0.48 0.34500000000000003 0.48 0.32999999999999996
5 0.4725 0.3125 0.45499999999999996 0.3125 0.45499999999999996 0.3325 0.4725 0.3325 0.4725 0.3125
5 0.0225 0.058750000000000004 0.005 0.058750000000000004 0.005 0.07375000000000001 0.0225 0.07375000000000001 0.0225 0.058750000000000004
5 0.12125 0.14375 0.10625 0.14375 0.10625 0.15875 0.12125 0.15875 0.12125 0.14375
5 0.13125 0.16125 0.11625 0.16125 0.11625 0.17625 0.13125 0.17625 0.13125 0.16125
5 0.27625 0.155 0.25875 0.155 0.25875 0.1675 0.27625 0.1675 0.27625 0.155
5 0.20750000000000002 0.97 0.1925 0.97 0.1925 0.9800000000000001 0.20750000000000002 0.9800000000000001 0.20750000000000002 0.97
5 0.33125 0.9087500000000001 0.32125 0.9087500000000001 0.32125 0.9237500000000001 0.33125 0.9237500000000001 0.33125 0.9087500000000001
5 0.37875000000000003 0.89125 0.37124999999999997 0.89125 0.37124999999999997 0.9037499999999999 0.37875000000000003 0.9037499999999999 0.37875000000000003 0.89125
5 0.39249999999999996 0.8825 0.38 0.8825 0.38 0.8949999999999999 0.39249999999999996 0.8949999999999999 0.39249999999999996 0.8825
5 0.4375 0.86 0.425 0.86 0.425 0.8775000000000001 0.4375 0.8775000000000001 0.4375 0.86
5 0.34125 0.8825 0.33125 0.8825 0.33125 0.8925000000000001 0.34125 0.8925000000000001 0.34125 0.8825
5 0.39375 0.8550000000000001 0.38125 0.8550000000000001 0.38125 0.865 0.39375 0.865 0.39375 0.8550000000000001
5 0.40125 0.79375 0.38625 0.79375 0.38625 0.81125 0.40125 0.81125 0.40125 0.79375
5 0.38125 0.76 0.36625 0.76 0.36625 0.7775000000000001 0.38125 0.7775000000000001 0.38125 0.76
5 0.365 0.73125 0.34750000000000003 0.73125 0.34750000000000003 0.75125 0.365 0.75125 0.365 0.73125
5 0.32625000000000004 0.6950000000000001 0.31375000000000003 0.6950000000000001 0.31375000000000003 0.7075 0.32625000000000004 0.7075 0.32625000000000004 0.6950000000000001
5 0.2875 0.61625 0.275 0.61625 0.275 0.62625 0.2875 0.62625 0.2875 0.61625
5 0.17375000000000002 0.5175 0.15625 0.5175 0.15625 0.5425 0.17375000000000002 0.5425 0.17375000000000002 0.5175
5 0.27 0.47125000000000006 0.2575 0.47125000000000006 0.2575 0.48125 0.27 0.48125 0.27 0.47125000000000006
5 0.2425 0.32125 0.22749999999999998 0.32125 0.22749999999999998 0.33875 0.2425 0.33875 0.2425 0.32125
5 0.505 0.41 0.4925 0.41 0.4925 0.42000000000000004 0.505 0.42000000000000004 0.505 0.41
5 0.49625 0.39375 0.48125 0.39375 0.48125 0.40625 0.49625 0.40625 0.49625 0.39375
5 0.041249999999999995 0.3325 0.01125 0.3325 0.01125 0.365 0.041249999999999995 0.365 0.041249999999999995 0.3325
5 0.79 0.9412499999999999 0.775 0.9412499999999999 0.775 0.95375 0.79 0.95375 0.79 0.9412499999999999
5 0.9087500000000001 0.885 0.8887499999999999 0.885 0.8887499999999999 0.8975 0.9087500000000001 0.8975 0.9087500000000001 0.885
5 0.7787499999999999 0.92125 0.76125 0.92125 0.76125 0.93125 0.7787499999999999 0.93125 0.7787499999999999 0.92125
5 0.265 0.63 0.25 0.63 0.25 0.64 0.265 0.64 0.265 0.63
5 0.5662499999999999 0.7925 0.55375 0.7925 0.55375 0.8074999999999999 0.5662499999999999 0.8074999999999999 0.5662499999999999 0.7925
5 0.7462500000000001 0.9324999999999999 0.73375 0.9324999999999999 0.73375 0.945 0.7462500000000001 0.945 0.7462500000000001 0.9324999999999999
5 0.7575000000000001 0.9275 0.745 0.9275 0.745 0.9400000000000001 0.7575000000000001 0.9400000000000001 0.7575000000000001 0.9275
5 0.9925 0.835 0.9724999999999999 0.835 0.9724999999999999 0.845 0.9925 0.845 0.9925 0.835
5 1 0.8425 0.9800000000000001 0.8425 0.9800000000000001 0.8574999999999999 1 0.8574999999999999 1 0.8425
5 0.735 0.6825 0.7224999999999999 0.6825 0.7224999999999999 0.6975 0.735 0.6975 0.735 0.6825
5 0.93625 0.68125 0.9237500000000001 0.68125 0.9237500000000001 0.6912499999999999 0.93625 0.6912499999999999 0.93625 0.68125