5 0.775 0.20125 0.7575000000000001 0.20125 0.7575000000000001 0.21125 0.775 0.21125 0.775 0.20125
5 0.9625 0.365 0.9425000000000001 0.365 0.9425000000000001 0.3775 0.9625 0.3775 0.9625 0.365
5 0.9662499999999999 0.37 0.9487500000000001 0.37 0.9487500000000001 0.385 0.9662499999999999 0.385 0.9662499999999999 0.37
5 0.98375 0.35375 0.9637499999999999 0.35375 0.9637499999999999 0.37124999999999997 0.98375 0.37124999999999997 0.98375 0.35375
5 0.9824999999999999 0.3625 0.9675 0.3625 0.9675 0.375 0.9824999999999999 0.375 0.9824999999999999 0.3625
5 0.9875 0.36875 0.9724999999999999 0.36875 0.9724999999999999 0.38125 0.9875 0.38125 0.9875 0.36875
5 0.9800000000000001 0.4 0.9625 0.4 0.9625 0.40750000000000003 0.9800000000000001 0.40750000000000003 0.9800000000000001 0.4
5 0.9037499999999999 0.39625 0.8862500000000001 0.39625 0.8862500000000001 0.41125 0.9037499999999999 0.41125 0.9037499999999999 0.39625
5 0.9475 0.40374999999999994 0.93 0.40374999999999994 0.93 0.41875 0.9475 0.41875 0.9475 0.40374999999999994
5 0.89625 0.8675 0.88375 0.8675 0.88375 0.8825 0.89625 0.8825 0.89625 0.8675
5 0.91375 0.86625 0.9037499999999999 0.86625 0.9037499999999999 0.88375 0.91375 0.88375 0.91375 0.86625
5 0.8412499999999999 0.85 0.82125 0.85 0.82125 0.86 0.8412499999999999 0.86 0.8412499999999999 0.85
5 0.8400000000000001 0.70625 0.8175000000000001 0.70625 0.8175000000000001 0.7212500000000001 0.8400000000000001 0.7212500000000001 0.8400000000000001 0.70625
5 0.84375 0.72 0.82125 0.72 0.82125 0.73 0.84375 0.73 0.84375 0.72
5 0.80625 0.7375 0.78625 0.7375 0.78625 0.7474999999999999 0.80625 0.7474999999999999 0.80625 0.7375
5 0.81375 0.74375 0.79125 0.74375 0.79125 0.7537499999999999 0.81375 0.7537499999999999 0.81375 0.74375
5 0.85875 0.73875 0.83625 0.73875 0.83625 0.75125 0.85875 0.75125 0.85875 0.73875
5 0.8675 0.76875 0.85 0.76875 0.85 0.7787499999999999 0.8675 0.7787499999999999 0.8675 0.76875
5 0.875 0.77625 0.8574999999999999 0.77625 0.8574999999999999 0.78625 0.875 0.78625 0.875 0.77625
5 0.88125 0.79125 0.86625 0.79125 0.86625 0.8012499999999999 0.88125 0.8012499999999999 0.88125 0.79125
5 0.8862500000000001 0.79875 0.8637499999999999 0.79875 0.8637499999999999 0.81375 0.8862500000000001 0.81375 0.8862500000000001 0.79875
5 0.82125 0.76875 0.80375 0.76875 0.80375 0.77625 0.82125 0.77625 0.82125 0.76875
5 0.8262499999999999 0.7737499999999999 0.80625 0.7737499999999999 0.80625 0.7837500000000001 0.8262499999999999 0.7837500000000001 0.8262499999999999 0.7737499999999999
5 0.68875 0.91875 0.66625 0.91875 0.66625 0.93125 0.68875 0.93125 0.68875 0.91875
5 0.6950000000000001 0.93125 0.6725 0.93125 0.6725 0.94375 0.6950000000000001 0.94375 0.6950000000000001 0.93125
5 0.64625 0.915 0.6287499999999999 0.915 0.6287499999999999 0.925 0.64625 0.925 0.64625 0.915
5 0.6174999999999999 0.89625 0.6025 0.89625 0.6025 0.9087500000000001 0.6174999999999999 0.9087500000000001 0.6174999999999999 0.89625
5 0.58 0.90625 0.5675 0.90625 0.5675 0.92125 0.58 0.92125 0.58 0.90625
5 0.5337500000000001 0.9199999999999999 0.51875 0.9199999999999999 0.51875 0.9349999999999999 0.5337500000000001 0.9349999999999999 0.5337500000000001 0.9199999999999999
5 0.49375 0.93 0.47874999999999995 0.93 0.47874999999999995 0.945 0.49375 0.945 0.49375 0.93
5 0.465 0.93625 0.45 0.93625 0.45 0.95375 0.465 0.95375 0.465 0.93625
5 0.4425 0.9425000000000001 0.43 0.9425000000000001 0.43 0.96 0.4425 0.96 0.4425 0.9425000000000001
5 0.40625 0.95875 0.39125 0.95875 0.39125 0.9737500000000001 0.40625 0.9737500000000001 0.40625 0.95875
5 0.38375 0.9662499999999999 0.37625000000000003 0.9662499999999999 0.37625000000000003 0.97875 0.38375 0.97875 0.38375 0.9662499999999999
5 0.375 0.9662499999999999 0.3625 0.9662499999999999 0.3625 0.97875 0.375 0.97875 0.375 0.9662499999999999
5 0.36625 0.9724999999999999 0.35625 0.9724999999999999 0.35625 0.985 0.36625 0.985 0.36625 0.9724999999999999
5 0.6900000000000001 0.87375 0.675 0.87375 0.675 0.8887499999999999 0.6900000000000001 0.8887499999999999 0.6900000000000001 0.87375
5 0.805 0.67375 0.79 0.67375 0.79 0.69375 0.805 0.69375 0.805 0.67375
5 0.725 0.8625 0.7150000000000001 0.8625 0.7150000000000001 0.8775000000000001 0.725 0.8775000000000001 0.725 0.8625
5 0.3825 0.24625 0.3675 0.24625 0.3675 0.26375000000000004 0.3825 0.26375000000000004 0.3825 0.24625
5 0.44749999999999995 0.335 0.4325 0.335 0.4325 0.3525 0.44749999999999995 0.3525 0.44749999999999995 0.335
5 0.27125 0.44000000000000006 0.24874999999999997 0.44000000000000006 0.24874999999999997 0.4525 0.27125 0.4525 0.27125 0.44000000000000006
5 0.33999999999999997 0.5425 0.325 0.5425 0.325 0.5599999999999999 0.33999999999999997 0.5599999999999999 0.33999999999999997 0.5425
5 0.22749999999999998 0.60375 0.20750000000000002 0.60375 0.20750000000000002 0.61125 0.22749999999999998 0.61125 0.22749999999999998 0.60375
5 0.14750000000000002 0.545 0.135 0.545 0.135 0.5650000000000001 0.14750000000000002 0.5650000000000001 0.14750000000000002 0.545
5 0.2975 0.4875 0.27999999999999997 0.4875 0.27999999999999997 0.505 0.2975 0.505 0.2975 0.4875
5 0.9237500000000001 0.3775 0.90625 0.3775 0.90625 0.39 0.9237500000000001 0.39 0.9237500000000001 0.3775
5 0.95625 0.35875 0.93875 0.35875 0.93875 0.37124999999999997 0.95625 0.37124999999999997 0.95625 0.35875
5 0.945 0.34125 0.9275 0.34125 0.9275 0.35625 0.945 0.35625 0.945 0.34125
5 0.9574999999999999 0.31875 0.9400000000000001 0.31875 0.9400000000000001 0.32875 0.9574999999999999 0.32875 0.9574999999999999 0.31875
5 1 0.37124999999999997 0.9887499999999999 0.37124999999999997 0.9887499999999999 0.38875000000000004 1 0.38875000000000004 1 0.37124999999999997
5 0.9525 0.31124999999999997 0.9349999999999999 0.31124999999999997 0.9349999999999999 0.32375 0.9525 0.32375 0.9525 0.31124999999999997
5 0.98375 0.43 0.96875 0.43 0.96875 0.445 0.98375 0.445 0.98375 0.43
5 0.99 0.42874999999999996 0.9775 0.42874999999999996 0.9775 0.44125 0.99 0.44125 0.99 0.42874999999999996
5 0.9712500000000001 0.4325 0.96125 0.4325 0.96125 0.44749999999999995 0.9712500000000001 0.44749999999999995 0.9712500000000001 0.4325
5 0.9574999999999999 0.42625 0.9475 0.42625 0.9475 0.43875000000000003 0.9574999999999999 0.43875000000000003 0.9574999999999999 0.42625
5 0.8825 0.40499999999999997 0.865 0.40499999999999997 0.865 0.4175 0.8825 0.4175 0.8825 0.40499999999999997
5 0.82 0.6837500000000001 0.8074999999999999 0.6837500000000001 0.8074999999999999 0.69875 0.82 0.69875 0.82 0.6837500000000001
5 0.8574999999999999 0.8237500000000001 0.8400000000000001 0.8237500000000001 0.8400000000000001 0.8387499999999999 0.8574999999999999 0.8387499999999999 0.8574999999999999 0.8237500000000001
5 0.8462500000000001 0.805 0.8262499999999999 0.805 0.8262499999999999 0.8150000000000001 0.8462500000000001 0.8150000000000001 0.8462500000000001 0.805
5 0.8412499999999999 0.83625 0.8237500000000001 0.83625 0.8237500000000001 0.8462500000000001 0.8412499999999999 0.8462500000000001 0.8412499999999999 0.83625
5 0.8574999999999999 0.835 0.8400000000000001 0.835 0.8400000000000001 0.8425 0.8574999999999999 0.8425 0.8574999999999999 0.835
5 0.775 0.845 0.765 0.845 0.765 0.86 0.775 0.86 0.775 0.845
5 0.7737499999999999 0.87625 0.75625 0.87625 0.75625 0.8887499999999999 0.7737499999999999 0.8887499999999999 0.7737499999999999 0.87625
5 0.705 0.8712500000000001 0.6975 0.8712500000000001 0.6975 0.88375 0.705 0.88375 0.705 0.8712500000000001
5 0.59875 0.9 0.58375 0.9 0.58375 0.915 0.59875 0.915 0.59875 0.9
5 0.6875 0.9012499999999999 0.67 0.9012499999999999 0.67 0.91375 0.6875 0.91375 0.6875 0.9012499999999999
5 0.70375 0.9475 0.6837500000000001 0.9475 0.6837500000000001 0.9574999999999999 0.70375 0.9574999999999999 0.70375 0.9475
5 0.7075 0.95625 0.6900000000000001 0.95625 0.6900000000000001 0.9662499999999999 0.7075 0.9662499999999999 0.7075 0.95625
5 0.71 0.9662499999999999 0.6950000000000001 0.9662499999999999 0.6950000000000001 0.97625 0.71 0.97625 0.71 0.9662499999999999
5 0.71375 0.98375 0.69875 0.98375 0.69875 0.99375 0.71375 0.99375 0.71375 0.98375
5 0.5700000000000001 0.9512499999999999 0.5575 0.9512499999999999 0.5575 0.9662499999999999 0.5700000000000001 0.9662499999999999 0.5700000000000001 0.9512499999999999
5 0.5599999999999999 0.95 0.545 0.95 0.545 0.97 0.5599999999999999 0.97 0.5599999999999999 0.95
5 0.7125 0.97625 0.7 0.97625 0.7 0.98375 0.7125 0.98375 0.7125 0.97625
5 0.28500000000000003 0.76 0.275 0.76 0.275 0.7775000000000001 0.28500000000000003 0.7775000000000001 0.28500000000000003 0.76
5 0.19375 0.63875 0.18375 0.63875 0.18375 0.65625 0.19375 0.65625 0.19375 0.63875
5 0.11374999999999999 0.6212500000000001 0.09875 0.6212500000000001 0.09875 0.63875 0.11374999999999999 0.63875 0.11374999999999999 0.6212500000000001
5 0.03625 0.7525000000000001 0.026250000000000002 0.7525000000000001 0.026250000000000002 0.7625 0.03625 0.7625 0.03625 0.7525000000000001
5 0.205 0.61125 0.1925 0.61125 0.1925 0.62625 0.205 0.62625 0.205 0.61125
5 0.15875 0.5700000000000001 0.14875 0.5700000000000001 0.14875 0.585 0.15875 0.585 0.15875 0.5700000000000001
5 0.32 0.7112499999999999 0.2925 0.7112499999999999 0.2925 0.73625 0.32 0.73625 0.32 0.7112499999999999
5 0.35125 0.5575 0.33625 0.5575 0.33625 0.5725 0.35125 0.5725 0.35125 0.5575
5 0.92125 0.1625 0.91375 0.1625 0.91375 0.175 0.92125 0.175 0.92125 0.1625
5 0.8949999999999999 0.17375000000000002 0.875 0.17375000000000002 0.875 0.18625 0.8949999999999999 0.18625 0.8949999999999999 0.17375000000000002
5 0.76625 0.22125 0.74875 0.22125 0.74875 0.23875000000000002 0.76625 0.23875000000000002 0.76625 0.22125
5 0.42125 0.3225 0.40875000000000006 0.3225 0.40875000000000006 0.3375 0.42125 0.3375 0.42125 0.3225
5 0.73625 0.85875 0.72375 0.85875 0.72375 0.86875 0.73625 0.86875 0.73625 0.85875
5 0.4725 0.7725 0.45999999999999996 0.7725 0.45999999999999996 0.7875 0.4725 0.7875 0.4725 0.7725
5 0.37875000000000003 0.60625 0.36625 0.60625 0.36625 0.62625 0.37875000000000003 0.62625 0.37875000000000003 0.60625
5 0.22125 0.42000000000000004 0.20625 0.42000000000000004 0.20625 0.4375 0.22125 0.4375 0.22125 0.42000000000000004
5 0.47375 0.325 0.46125 0.325 0.46125 0.33999999999999997 0.47375 0.33999999999999997 0.47375 0.325
5 0.5775 0.29874999999999996 0.5549999999999999 0.29874999999999996 0.5549999999999999 0.31625000000000003 0.5775 0.31625000000000003 0.5775 0.29874999999999996
5 0.39875 0.2625 0.38625 0.2625 0.38625 0.27749999999999997 0.39875 0.27749999999999997 0.39875 0.2625
5 0.42000000000000004 1 0.42000000000000004 0.99 0.4025 0.99 0.4025 1 0.42000000000000004 1