0 0.12443693693693694 0.10960144927536232 0.12725225225225226 0.19021739130434784
0 0.13344594594594594 0.302536231884058 0.09121621621621621 0.12681159420289856
0 0.13119369369369369 0.4963768115942029 0.10247747747747747 0.16304347826086957
0 0.1266891891891892 0.6793478260869565 0.11824324324324324 0.1847826086956522
0 0.13063063063063063 0.8795289855072463 0.11711711711711711 0.1793478260869565
0 0.3744369369369369 0.21739130434782608 0.10472972972972973 0.17028985507246377
0 0.3738738738738739 0.43931159420289856 0.11936936936936937 0.19021739130434784
0 0.3778153153153153 0.6721014492753623 0.1204954954954955 0.1847826086956522
0 0.37894144144144143 0.8813405797101449 0.11824324324324324 0.19021739130434784
0 0.5912162162162162 0.47192028985507245 0.11711711711711711 0.18297101449275363
0 0.6914414414414415 0.1956521739130435 0.11936936936936937 0.17753623188405798
0 0.6925675675675675 0.6829710144927537 0.11711711711711711 0.16666666666666666
0 0.6925675675675675 0.875 0.11036036036036036 0.17028985507246377