0 0.3297373358348968 0.09297218155197658 0.09849906191369606 0.1390922401171303
0 0.2303001876172608 0.18228404099560763 0.08536585365853659 0.13323572474377746
0 0.14915572232645402 0.3206442166910688 0.08442776735459662 0.1376281112737921
0 0.1697936210131332 0.5900439238653001 0.06191369606003752 0.11127379209370425
0 0.26313320825515946 0.561493411420205 0.08724202626641651 0.13616398243045388
0 0.36538461538461536 0.5087847730600293 0.09287054409005628 0.14202049780380674
0 0.46763602251407127 0.4670571010248902 0.08724202626641651 0.1493411420204978
0 0.5717636022514071 0.44363103953147875 0.08724202626641651 0.1493411420204978
0 0.6899624765478424 0.42898975109809667 0.09662288930581614 0.1493411420204978
0 0.18105065666041276 0.8689604685212299 0.07317073170731707 0.13030746705710103
0 0.3527204502814259 0.822108345534407 0.06191369606003752 0.11859443631039532
0 0.4606003752345216 0.8565153733528551 0.08818011257035648 0.1581259150805271
0 0.5787992495309568 0.8521229868228404 0.10318949343339587 0.17276720351390923
0 0.698874296435272 0.8060029282576867 0.09193245778611632 0.1800878477306003
0 0.8062851782363978 0.7679355783308931 0.08348968105065666 0.1390922401171303
0 0.9136960600375235 0.739385065885798 0.07879924953095685 0.14641288433382138