0 0.16184351554126475 0.0968208092485549 0.10289389067524116 0.11271676300578035
0 0.15809217577706325 0.23121387283236994 0.10610932475884244 0.11271676300578035
0 0.15487674169346194 0.36705202312138724 0.09967845659163987 0.11271676300578035
0 0.16237942122186494 0.4985549132947977 0.08467309753483387 0.08092485549132948
0 0.16130760986066453 0.6372832369942196 0.0932475884244373 0.09826589595375722
0 0.15916398713826366 0.7658959537572254 0.10182207931404073 0.12138728323699421
0 0.15755627009646303 0.9017341040462428 0.10503751339764202 0.11849710982658959
0 0.3745980707395498 0.07153179190751445 0.09753483386923902 0.12861271676300579
0 0.3687031082529475 0.2478323699421965 0.09003215434083602 0.10838150289017341
0 0.3665594855305466 0.43786127167630057 0.09217577706323687 0.10693641618497109
0 0.36763129689174706 0.5939306358381503 0.10289389067524116 0.12427745664739884
0 0.36816720257234725 0.7514450867052023 0.10182207931404073 0.12138728323699421
0 0.3735262593783494 0.9024566473988439 0.0932475884244373 0.11705202312138728
0 0.627545551982851 0.07008670520231214 0.09967845659163987 0.10838150289017341
0 0.6264737406216506 0.23410404624277456 0.0932475884244373 0.10982658959537572
0 0.6259378349410504 0.4234104046242774 0.09646302250803858 0.12138728323699421
0 0.5503751339764201 0.6177745664739884 0.09967845659163987 0.12861271676300579
0 0.6254019292604501 0.764450867052023 0.10182207931404073 0.11271676300578035
0 0.6280814576634512 0.8937861271676301 0.10289389067524116 0.10838150289017341
0 0.837620578778135 0.23049132947976878 0.0782422293676313 0.08236994219653179