0 0.09925558312655086 0.15458276333789328 0.06286186931348221 0.08207934336525308
0 0.07775020678246485 0.3016415868673051 0.09429280397022333 0.12175102599179206
0 0.08188585607940446 0.45690834473324216 0.09760132340777503 0.12311901504787962
0 0.07981803143093466 0.6101231190150479 0.052109181141439205 0.09028727770177838
0 0.05086848635235732 0.7024623803009575 0.065343258891646 0.07797537619699042
0 0.04838709677419355 0.8146374829001368 0.07030603804797353 0.08071135430916553
0 0.314722911497105 0.08207934336525308 0.062034739454094295 0.07934336525307797
0 0.30190239867659224 0.1935704514363885 0.06947890818858561 0.08071135430916553
0 0.31265508684863524 0.3064295485636115 0.0727874276261373 0.08207934336525308
0 0.2911497105045492 0.5102599179206566 0.06451612903225806 0.08755129958960328
0 0.2775020678246485 0.627906976744186 0.07692307692307693 0.08481532147742818
0 0.31389578163771714 0.7373461012311902 0.07361455748552523 0.08207934336525308
0 0.21546732837055418 0.8269493844049247 0.04714640198511166 0.11354309165526676
0 0.31927212572373864 0.8481532147742818 0.06451612903225806 0.11491108071135431
0 0.6455748552522746 0.15868673050615595 0.062034739454094295 0.07387140902872777
0 0.6377171215880894 0.2653898768809849 0.05789909015715467 0.07387140902872777
0 0.6290322580645161 0.3686730506155951 0.06368899917287014 0.06976744186046512
0 0.5909842845326716 0.4740082079343365 0.05707196029776675 0.09712722298221614
0 0.6129032258064516 0.5848153214774282 0.07113316790736146 0.08344733242134063
0 0.6042183622828784 0.7756497948016415 0.06368899917287014 0.08481532147742818
0 0.6050454921422663 0.8987688098495212 0.062034739454094295 0.09302325581395349
0 0.674110835401158 0.9015047879616963 0.05955334987593052 0.07387140902872777
0 0.8523573200992556 0.05950752393980848 0.07030603804797353 0.08891928864569083
0 0.825062034739454 0.17305061559507523 0.07361455748552523 0.07797537619699042
0 0.8618693134822167 0.26333789329685364 0.06947890818858561 0.07797537619699042
0 0.8647642679900744 0.38577291381668943 0.06368899917287014 0.1012311901504788
0 0.8296112489660876 0.5280437756497948 0.08933002481389578 0.08207934336525308
0 0.8713813068651778 0.6354309165526676 0.07692307692307693 0.07797537619699042
0 0.8746898263027295 0.7489740082079344 0.058726220016542596 0.08071135430916553
0 0.8730355665839536 0.9008207934336525 0.052109181141439205 0.10807113543091655
0 0.9536807278742763 0.36593707250341995 0.05459057071960298 0.11901504787961696