0 0.07157464212678938 0.14304812834224598 0.06339468302658487 0.06951871657754011
0 0.11196319018404909 0.21791443850267378 0.07464212678936606 0.08021390374331551
0 0.1988752556237219 0.37032085561497324 0.052147239263803685 0.06684491978609625
0 0.2479550102249489 0.45053475935828874 0.06646216768916156 0.08021390374331551
0 0.4069529652351739 0.32553475935828874 0.034764826175869123 0.04679144385026738
0 0.458077709611452 0.4084224598930481 0.03885480572597137 0.044117647058823525
0 0.43762781186094074 0.7540106951871657 0.0408997955010225 0.06684491978609625
0 0.516359918200409 0.7078877005347594 0.0408997955010225 0.05481283422459893
0 0.5910020449897752 0.6029411764705882 0.049079754601227 0.08288770053475936
0 0.6733128834355829 0.8890374331550802 0.056237218813905934 0.08823529411764705
0 0.7331288343558283 0.8228609625668448 0.055214723926380375 0.08689839572192513