9 0.4944779116465863 0.3753602305475504 0.071285140562249 0.09654178674351585
9 0.8027108433734939 0.2744956772334294 0.06927710843373493 0.047550432276657055
9 0.16365461847389556 0.42435158501440917 0.07630522088353413 0.07060518731988472
9 0.056726907630522086 0.7773775216138328 0.06726907630522087 0.03314121037463977
1 0.2550200803212851 0.13328530259365992 0.056224899598393566 0.08213256484149856
1 0.3012048192771084 0.1642651296829971 0.056224899598393566 0.08069164265129683
1 0.1360441767068273 0.7226224783861671 0.035140562248995984 0.050432276657060515
1 0.1721887550200803 0.7233429394812679 0.03714859437751004 0.0547550432276657
1 0.2078313253012048 0.7219020172910663 0.03614457831325301 0.05187319884726224
1 0.24297188755020077 0.7233429394812679 0.03614457831325301 0.0547550432276657
1 0.14959839357429716 0.7845821325648414 0.040160642570281124 0.050432276657060515
1 0.18574297188755018 0.7824207492795389 0.038152610441767064 0.0547550432276657
1 0.22238955823293172 0.7853025936599423 0.03714859437751004 0.0547550432276657
1 0.2580321285140562 0.7853025936599423 0.038152610441767064 0.05187319884726224
1 0.2078313253012048 0.8429394812680114 0.038152610441767064 0.04899135446685879
1 0.2515060240963855 0.8479827089337175 0.04116465863453815 0.05907780979827089
1 0.20732931726907627 0.8948126801152737 0.03714859437751004 0.05763688760806916
1 0.2515060240963855 0.9027377521613832 0.03714859437751004 0.050432276657060515
1 0.07078313253012047 0.9531700288184437 0.03714859437751004 0.05619596541786743