1 0.07175925925925926 0.5797665369649806 0.039351851851851846 0.058365758754863814
1 0.07291666666666666 0.6546692607003891 0.048611111111111105 0.07392996108949416
1 0.07436342592592592 0.7655642023346304 0.04571759259259259 0.07198443579766536
1 0.07436342592592592 0.8497081712062257 0.048032407407407406 0.07295719844357977
1 0.13686342592592593 0.7086575875486382 0.04571759259259259 0.07101167315175097
1 0.13541666666666666 0.7825875486381323 0.04513888888888889 0.07295719844357977
1 0.13686342592592593 0.8599221789883269 0.04918981481481481 0.07003891050583658
1 0.1941550925925926 0.7028210116731518 0.04571759259259259 0.07490272373540856
1 0.1941550925925926 0.7806420233463035 0.048032407407407406 0.07295719844357977
1 0.25983796296296297 0.7037937743190662 0.048611111111111105 0.07879377431906615
1 0.26157407407407407 0.7821011673151751 0.048611111111111105 0.08171206225680934
1 0.2612847222222222 0.8808365758754864 0.05034722222222222 0.07684824902723736
1 0.31278935185185186 0.6994163424124513 0.046875 0.07587548638132297
1 0.31221064814814814 0.7801556420233463 0.048032407407407406 0.07782101167315175
1 0.37384259259259256 0.6901750972762646 0.04282407407407407 0.06128404669260701
1 0.37557870370370366 0.7553501945525292 0.04050925925925926 0.0632295719844358
1 0.37644675925925924 0.8336575875486382 0.04108796296296296 0.06420233463035019
1 0.37644675925925924 0.8998054474708171 0.04108796296296296 0.0622568093385214
1 0.4169560185185185 0.6877431906614786 0.03993055555555555 0.06420233463035019
1 0.41550925925925924 0.7553501945525292 0.04050925925925926 0.05933852140077821
1 0.41898148148148145 0.828307392996109 0.039351851851851846 0.05739299610894942
1 0.41811342592592593 0.8988326848249028 0.04108796296296296 0.06420233463035019
1 0.47974537037037035 0.700875486381323 0.039351851851851846 0.06128404669260701
1 0.5196759259259259 0.703307392996109 0.037037037037037035 0.06420233463035019
1 0.48148148148148145 0.8000972762645915 0.04398148148148148 0.07879377431906615
1 0.47135416666666663 0.8915369649805448 0.043402777777777776 0.06712062256809338
1 0.5190972222222222 0.8915369649805448 0.04513888888888889 0.07295719844357977
1 0.49884259259259256 0.4494163424124514 0.04398148148148148 0.07003891050583658
1 0.5439814814814814 0.47470817120622566 0.04398148148148148 0.07003891050583658
1 0.6004050925925926 0.4678988326848249 0.04571759259259259 0.07782101167315175
1 0.6461226851851851 0.4688715953307393 0.046875 0.07587548638132297
1 0.5732060185185185 0.31906614785992216 0.043402777777777776 0.0622568093385214
1 0.6438078703703703 0.3526264591439689 0.04108796296296296 0.05933852140077821
1 0.7016782407407407 0.28745136186770426 0.043402777777777776 0.06712062256809338
1 0.7436342592592592 0.3132295719844358 0.032407407407407406 0.06031128404669261
1 0.7311921296296295 0.35943579766536965 0.03645833333333333 0.05544747081712062
1 0.7757523148148148 0.3550583657587549 0.04108796296296296 0.06420233463035019
1 0.6056134259259259 0.6799610894941635 0.04456018518518518 0.07587548638132297
1 0.5752314814814814 0.7889105058365758 0.039351851851851846 0.05642023346303502
1 0.5729166666666666 0.8399805447470817 0.034722222222222224 0.05739299610894942
1 0.5752314814814814 0.8915369649805448 0.039351851851851846 0.06128404669260701
1 0.6203703703703703 0.7840466926070039 0.03587962962962963 0.058365758754863814
1 0.6195023148148148 0.8424124513618677 0.03761574074074074 0.05252918287937743
1 0.6195023148148148 0.8891050583657588 0.03761574074074074 0.05252918287937743
1 0.673611111111111 0.7898832684824902 0.04513888888888889 0.07003891050583658
1 0.6733217592592592 0.8599221789883269 0.04456018518518518 0.06420233463035019
1 0.7268518518518519 0.7898832684824902 0.03819444444444444 0.058365758754863814
1 0.724537037037037 0.8570038910505837 0.039351851851851846 0.058365758754863814
1 0.7826967592592592 0.8268482490272374 0.04571759259259259 0.07392996108949416
1 0.8420138888888888 0.7811284046692607 0.03819444444444444 0.05252918287937743
1 0.8402777777777777 0.8365758754863813 0.034722222222222224 0.058365758754863814
1 0.8842592592592592 0.7748054474708171 0.04282407407407407 0.05544747081712062
1 0.8831018518518517 0.8253891050583658 0.041666666666666664 0.0632295719844358
1 0.9305555555555555 0.8078793774319066 0.03819444444444444 0.05933852140077821
1 0.9658564814814814 0.7748054474708171 0.039351851851851846 0.06128404669260701
9 0.28877314814814814 0.3448443579766537 0.05671296296296296 0.10797665369649806
9 0.45457175925925924 0.11770428015564202 0.06539351851851852 0.1245136186770428
1 0.615162037037037 0.2592412451361868 0.039351851851851846 0.0632295719844358