1 0.8601651186790505 0.6427622841965471 0.044375644994840036 0.06108897742363877
1 0.8333333333333333 0.5557768924302788 0.04643962848297213 0.0650730411686587
1 0.8132094943240453 0.6181938911022576 0.04334365325077399 0.062416998671978745
1 0.7461300309597523 0.4820717131474103 0.04334365325077399 0.06108897742363877
1 0.7285861713106294 0.5424966799468791 0.04334365325077399 0.062416998671978745
1 0.6914344685242517 0.4734395750332005 0.04334365325077399 0.0650730411686587
1 0.6646026831785345 0.5258964143426295 0.0392156862745098 0.055776892430278883
1 0.5562435500515995 0.3525896414342629 0.03715170278637771 0.05179282868525896
1 0.5417956656346749 0.40239043824701193 0.03715170278637771 0.05046480743691899
1 0.5190918472652218 0.3333333333333333 0.03715170278637771 0.05312084993359893
1 0.5036119711042312 0.38313413014608233 0.0392156862745098 0.049136786188579015
1 0.48658410732714136 0.43426294820717126 0.038183694530443756 0.05312084993359893
1 0.27192982456140347 0.18061088977423637 0.025799793601651185 0.034528552456839307
1 0.26212590299277605 0.2084993359893758 0.024767801857585137 0.034528552456839307