1 0.4195501730103806 0.16068759342301944 0.032871972318339104 0.055306427503736925
1 0.4697231833910035 0.16068759342301944 0.032871972318339104 0.055306427503736925
1 0.5073529411764706 0.16068759342301944 0.03373702422145329 0.055306427503736925
1 0.5570934256055363 0.16068759342301944 0.032871972318339104 0.055306427503736925
1 0.606401384083045 0.16143497757847533 0.032871972318339104 0.053811659192825115
1 0.6453287197231834 0.15994020926756353 0.03460207612456748 0.05680119581464873
1 0.3477508650519031 0.21823617339312407 0.03460207612456748 0.05680119581464873
1 0.39965397923875434 0.21823617339312407 0.03460207612456748 0.05680119581464873
1 0.43901384083044986 0.21823617339312407 0.03200692041522491 0.05680119581464873
1 0.4883217993079585 0.21823617339312407 0.03200692041522491 0.05680119581464873
1 0.5384948096885813 0.21973094170403587 0.03200692041522491 0.053811659192825115
1 0.5752595155709342 0.21823617339312407 0.032871972318339104 0.053811659192825115
1 0.6262975778546713 0.21898355754857998 0.032871972318339104 0.052316890881913304
1 0.3187716262975779 0.26233183856502246 0.03546712802768166 0.05829596412556054
1 0.3187716262975779 0.33183856502242154 0.03546712802768166 0.05979073243647235
9 0.49048442906574397 0.6920777279521675 0.0986159169550173 0.029895366218236175
9 0.8122837370242215 0.7630792227204783 0.060553633217993084 0.10014947683109118