3 0.0682015638575152 0.16564885496183207 0.035621198957428324 0.08396946564885496
3 0.10425716768027801 0.15419847328244274 0.041702867072111204 0.08244274809160305
3 0.1151172893136403 0.23587786259541985 0.04083405734144222 0.0900763358778626
3 0.1511728931364031 0.21450381679389313 0.03822762814943527 0.07786259541984733
3 0.19026933101650736 0.20534351145038168 0.041702867072111204 0.08091603053435115
3 0.12423979148566464 0.3236641221374046 0.03996524761077324 0.08854961832061069
3 0.1629018245004344 0.2969465648854962 0.04604691572545612 0.08091603053435115
3 0.20156385751520417 0.2931297709923664 0.04517810599478714 0.07633587786259542
3 0.2419635099913119 0.28396946564885495 0.04604691572545612 0.07633587786259542
3 0.17072111207645524 0.38549618320610685 0.04604691572545612 0.08396946564885496
3 0.2141615986099044 0.3885496183206107 0.04778453518679409 0.08396946564885496
3 0.2567332754126846 0.3900763358778626 0.04778453518679409 0.08396946564885496
3 0.31407471763683753 0.3381679389312977 0.05647263249348392 0.0900763358778626
3 0.20894874022589052 0.5526717557251908 0.05299739357080799 0.10381679389312977
3 0.3006081668114683 0.5603053435114503 0.05386620330147698 0.10381679389312977
3 0.43179843614248475 0.6045801526717557 0.041702867072111204 0.07022900763358779
3 0.6355343179843614 0.3893129770992366 0.04604691572545612 0.08244274809160305
3 0.6772371850564726 0.36870229007633587 0.049522154648132054 0.08396946564885496
3 0.7193744569939183 0.37786259541984735 0.04517810599478714 0.08091603053435115
3 0.7571676802780191 0.3931297709923664 0.049522154648132054 0.08702290076335878
3 0.655516941789748 0.4847328244274809 0.04083405734144222 0.08091603053435115
3 0.6928757602085143 0.47938931297709925 0.044309296264118156 0.08244274809160305
3 0.7328410078192875 0.4732824427480916 0.042571676802780185 0.09465648854961832
3 0.8614248479582971 0.6091603053435114 0.044309296264118156 0.0732824427480916