3 0.24390243902439024 0.5659432387312188 0.0859465737514518 0.08681135225375626
3 0.3240418118466899 0.6502504173622705 0.0859465737514518 0.08514190317195326
3 0.2682926829268293 0.5225375626043406 0.08130081300813008 0.08347245409015025
3 0.3501742160278746 0.6085141903171953 0.08246225319396051 0.08848080133555927
3 0.2932636469221835 0.47913188647746247 0.08013937282229965 0.08681135225375626
3 0.37398373983739835 0.5626043405676127 0.0859465737514518 0.08347245409015025
3 0.3170731707317073 0.43989983305509184 0.07665505226480836 0.08848080133555927
3 0.3995354239256678 0.5208681135225376 0.08130081300813008 0.09015025041736227
2 0.5638792102206737 0.6911519198664441 0.1521486643437863 0.20367278797996663
2 0.2218350754936121 0.07679465776293823 0.10452961672473868 0.1001669449081803
4 0.2967479674796748 0.24958263772954925 0.10104529616724739 0.11185308848080133
4 0.3507549361207898 0.17445742904841402 0.09059233449477352 0.10517529215358933