6 0.47331460674157305 0.8917378917378918 0.03089887640449438 0.05413105413105413
6 0.48735955056179775 0.8554131054131054 0.038389513108614236 0.06695156695156695
6 0.5154494382022472 0.7991452991452992 0.047752808988764044 0.07407407407407408
6 0.5332397003745318 0.7727920227920229 0.038389513108614236 0.06125356125356125
6 0.7780898876404494 0.47720797720797725 0.03932584269662921 0.07122507122507123
6 0.549625468164794 0.5021367521367521 0.03745318352059925 0.06125356125356125
6 0.47425093632958804 0.3774928774928775 0.04588014981273408 0.05698005698005698
6 0.49204119850187267 0.3425925925925926 0.042134831460674156 0.05555555555555556
6 0.702247191011236 0.2763532763532764 0.04119850187265918 0.05413105413105413
6 0.7523408239700374 0.21937321937321938 0.040262172284644196 0.04843304843304844
6 0.8057116104868914 0.15811965811965814 0.05149812734082397 0.06267806267806268
6 0.3305243445692884 0.6595441595441596 0.03932584269662921 0.05698005698005698
6 0.4550561797752809 0.4180911680911681 0.03745318352059925 0.04700854700854701