6 0.7685274302213667 0.3123209169054441 0.04908565928777671 0.04871060171919771
6 0.5534167468719924 0.3646131805157593 0.026948989412897018 0.08452722063037249
6 0.4538017324350337 0.416189111747851 0.027911453320500483 0.07593123209169055
6 0.46198267564966317 0.505730659025788 0.03272377285851781 0.10315186246418338
6 0.4744947064485082 0.7070200573065902 0.026948989412897018 0.07879656160458452
6 0.25264677574590955 0.21991404011461319 0.05678537054860443 0.055873925501432664
6 0.18575553416746873 0.43982808022922637 0.03272377285851781 0.07163323782234957
6 0.1717998075072185 0.6547277936962751 0.03176130895091434 0.07449856733524356
6 0.1289701636188643 0.6067335243553008 0.03272377285851781 0.07020057306590258
6 0.07651588065447545 0.576647564469914 0.03368623676612127 0.07020057306590258
6 0.10153994225216555 0.11962750716332378 0.05101058710298364 0.044412607449856735
6 0.09528392685274303 0.15687679083094555 0.04619826756496632 0.04154727793696275
6 0.0904716073147257 0.20057306590257878 0.04427333974975939 0.04871060171919771
6 0.08806544754571705 0.2464183381088825 0.04716073147256978 0.05157593123209169
6 0.35178055822906645 0.080945558739255 0.03368623676612127 0.07879656160458452