8 0.07583417593528817 0.25476190476190474 0.05055611729019212 0.24285714285714285
8 0.16127401415571285 0.2365079365079365 0.06774519716885744 0.2253968253968254
8 0.3129423660262892 0.21825396825396826 0.1506572295247725 0.21746031746031746
8 0.436299292214358 0.16746031746031745 0.1890798786653185 0.23333333333333334
8 0.20525783619818 0.6087301587301587 0.2689585439838221 0.1
8 0.12386248736097068 0.796031746031746 0.06167846309403438 0.14444444444444443
8 0.21840242669362994 0.807936507936508 0.06875631951466128 0.19047619047619047
8 0.313953488372093 0.819047619047619 0.07178968655207281 0.23492063492063492
8 0.3902932254802831 0.5388888888888889 0.06066734074823054 0.20793650793650795
8 0.5010111223458039 0.34523809523809523 0.06774519716885744 0.1253968253968254
8 0.5915065722952477 0.3373015873015873 0.07280080889787664 0.15714285714285714
8 0.6789686552072801 0.35793650793650794 0.06774519716885744 0.2015873015873016
8 0.7542972699696664 0.38571428571428573 0.05662285136501517 0.21904761904761905
8 0.827098078867543 0.4087301587301587 0.05864509605662285 0.22063492063492063
8 0.903943377148635 0.4722222222222222 0.08695652173913043 0.21428571428571427
8 0.8973710819009101 0.6515873015873016 0.11425682507583418 0.08095238095238096
8 0.8993933265925177 0.7785714285714286 0.12436804853387261 0.09047619047619047
8 0.8751263902932255 0.8793650793650793 0.1789686552072801 0.11428571428571428